site_no	monthday	begin_dt	end_dt	count_nu	mean	std	min	max	p01	p05	p10	p15	p20	p25	p30	p35	p40	p45	p50	p55	p60	p65	p70	p75	p80	p85	p90	p95	p99
01173500	ALL	19301001	20151006	31052	305.41	343.80	7.00	16700.00	22.00	35.00	50.00	63.00	79.00	97.00	118.00	140.00	164.00	191.00	220.00	250.00	278.00	307.00	344.00	387.00	443.00	528.00	655.00	895.00	1540.00
01173500	0101	19310101	20150101	85	310.89	252.50	40.00	1430.00		48.70	66.20	98.50	118.00	160.00	184.00	192.30	205.80	227.00	253.00	272.60	284.60	309.50	325.80	360.00	381.80	569.20	697.40	823.80	
01173500	0102	19310102	20150102	85	332.07	265.18	45.00	1350.00		65.90	95.60	115.00	151.00	164.00	186.80	203.20	220.00	245.50	261.00	285.00	293.00	309.80	352.20	383.00	460.40	579.10	726.40	855.00	
01173500	0103	19310103	20150103	85	317.78	229.51	40.00	1190.00		64.40	113.60	129.80	153.40	171.00	179.60	210.00	227.00	239.10	251.00	271.30	286.20	310.00	325.80	372.50	426.60	555.10	669.40	862.70	
01173500	0104	19310104	20150104	85	311.46	206.89	32.00	1000.00		44.20	103.00	129.50	150.00	164.00	179.80	207.00	211.00	237.10	260.00	268.60	286.00	343.80	369.00	402.50	471.00	563.00	631.00	731.20	
01173500	0105	19310105	20150105	85	303.54	205.03	33.00	1070.00		68.00	96.60	124.50	146.00	157.00	174.80	199.10	203.20	220.00	250.00	258.60	285.20	329.00	366.80	406.50	445.00	528.40	574.20	737.70	
01173500	0106	19310106	20150106	85	310.58	244.34	33.00	1560.00		69.30	100.20	123.80	141.00	162.00	181.40	191.00	210.40	223.10	243.00	258.00	289.60	309.00	354.00	389.50	400.40	492.80	594.00	769.50	
01173500	0107	19310107	20150107	85	339.67	275.28	29.00	1740.00		52.20	99.40	119.60	135.00	146.00	193.00	210.40	227.00	249.40	266.00	283.00	299.60	335.70	390.40	422.00	519.00	599.50	694.60	839.00	
01173500	0108	19310108	20150108	85	358.31	309.15	31.00	1650.00		56.20	91.80	110.40	131.00	141.00	188.00	200.50	208.80	240.00	255.00	280.00	309.60	358.50	400.00	482.00	559.60	623.00	737.20	1109.80	
01173500	0109	19310109	20150109	85	363.32	311.10	33.00	1670.00		76.90	99.00	119.00	138.80	165.00	181.00	200.00	215.00	248.80	268.00	280.20	301.60	367.60	415.40	466.50	548.80	622.50	720.80	1117.00	
01173500	0110	19310110	20150110	85	363.49	331.31	32.00	1770.00		73.00	92.20	119.50	129.20	153.00	179.00	195.40	226.40	238.50	264.00	290.90	315.60	356.20	402.60	480.00	545.40	570.10	684.60	1249.10	
01173500	0111	19310111	20150111	85	340.49	286.01	28.00	1840.00		61.00	88.00	117.50	141.80	162.00	175.00	191.00	220.00	233.50	260.00	286.50	299.60	347.90	400.00	440.00	507.20	584.60	640.40	909.50	
01173500	0112	19310112	20150112	85	329.56	242.58	26.00	1190.00		73.30	96.40	124.50	136.20	173.50	188.20	200.00	220.00	238.50	260.00	276.50	297.40	328.50	399.60	432.50	495.40	535.60	646.40	914.70	
01173500	0113	19310113	20150113	85	301.27	201.42	25.00	1070.00		70.00	82.40	119.40	136.00	150.00	179.40	204.00	220.00	234.70	260.00	275.80	300.00	329.40	373.20	395.00	424.80	473.10	560.40	765.90	
01173500	0114	19310114	20150114	85	306.22	231.70	25.00	1350.00		68.30	84.00	118.10	136.80	164.00	188.20	197.30	212.00	228.50	255.00	285.90	305.40	348.30	361.20	408.00	433.60	457.00	505.60	634.00	
01173500	0115	19310115	20150115	85	321.65	274.05	25.00	1750.00		68.00	100.40	120.00	145.20	171.00	196.60	206.00	220.80	250.00	264.00	292.40	309.60	329.70	381.20	397.50	427.80	470.70	543.40	688.40	
01173500	0116	19310116	20150116	85	321.62	218.69	26.00	1100.00		63.90	96.80	130.00	150.20	169.50	197.40	210.00	220.00	243.50	277.00	292.40	320.60	346.90	380.00	400.00	453.40	515.20	640.60	808.40	
01173500	0117	19310117	20150117	85	300.16	193.06	26.00	1030.00		60.10	77.60	125.40	156.80	170.00	193.00	210.40	221.00	240.00	255.00	280.00	299.00	340.00	351.20	374.00	411.20	477.30	558.20	756.10	
01173500	0118	19310118	20150118	85	294.74	214.76	26.00	1470.00		58.00	70.00	124.00	156.20	182.00	205.00	215.50	227.00	243.50	250.00	273.60	280.00	304.50	314.20	352.50	387.60	419.60	509.60	790.40	
01173500	0119	19310119	20150119	85	311.74	270.92	26.00	1950.00		63.30	103.00	129.50	159.20	170.00	193.20	200.00	202.60	222.70	245.00	253.00	283.60	304.40	333.40	370.00	396.60	431.00	593.60	897.20	
01173500	0120	19310120	20150120	85	329.40	317.29	26.00	2390.00		58.40	99.20	157.00	175.60	182.50	189.20	199.10	207.60	232.10	240.00	253.00	283.00	318.90	340.00	375.50	399.60	461.00	694.40	860.50	
01173500	0121	19310121	20150121	85	316.47	257.11	26.00	1620.00		59.20	90.00	149.50	170.00	177.00	183.20	200.00	221.00	234.20	240.00	280.60	298.00	328.90	339.20	353.00	409.20	465.40	582.20	854.00	
01173500	0122	19310122	20150122	85	328.01	272.14	26.00	1670.00		55.90	90.80	130.00	143.40	170.00	188.40	206.40	219.00	245.80	260.00	278.60	305.00	328.30	359.20	374.00	409.00	462.40	667.20	970.00	
01173500	0123	19310123	20150123	85	341.32	269.61	26.00	1400.00		60.60	93.60	139.20	153.60	180.00	189.20	206.50	243.60	259.70	275.00	290.60	306.80	336.30	352.00	390.50	430.80	581.50	769.20	1011.70	
01173500	0124	19310124	20150124	85	352.59	301.51	26.00	1620.00		57.20	103.00	142.70	166.00	174.50	190.20	205.00	221.60	240.70	260.00	290.90	317.20	349.50	382.60	412.00	446.00	562.10	707.20	1005.50	
01173500	0125	19310125	20150125	85	428.72	484.23	20.00	2530.00		60.50	103.80	129.50	155.80	176.50	197.20	211.40	232.40	255.80	280.00	301.80	325.00	348.70	368.20	456.50	488.20	711.90	964.40	1785.00	
01173500	0126	19310126	20150126	85	446.71	473.31	27.00	2680.00		64.70	98.00	124.50	155.00	179.00	189.00	205.00	231.00	260.70	280.00	300.00	323.00	369.30	400.80	532.00	615.00	813.70	1158.00	1617.00	
01173500	0127	19310127	20150127	85	455.34	490.44	27.00	2670.00		63.70	97.20	126.40	146.00	172.50	190.00	196.30	214.00	248.50	280.00	322.00	357.60	399.00	456.60	506.50	647.20	872.50	1096.00	1580.00	
01173500	0128	19310128	20150128	85	452.29	580.00	27.00	3880.00		60.30	99.60	135.10	151.60	165.00	174.00	198.20	207.60	248.20	290.00	313.00	358.00	369.40	434.00	518.50	574.00	759.50	947.00	1379.00	
01173500	0129	19310129	20150129	85	378.01	351.52	27.00	1820.00		56.00	86.40	124.20	153.00	162.50	174.00	192.20	214.00	239.10	280.00	301.80	325.00	370.90	402.00	463.00	544.00	628.00	839.20	1070.00	
01173500	0130	19310130	20150130	85	342.38	259.26	27.00	1180.00		57.30	86.00	137.20	151.00	167.00	179.80	199.00	230.00	243.50	275.00	291.50	300.00	339.70	400.00	441.50	489.20	612.30	732.20	1016.70	
01173500	0131	19310131	20150131	85	334.74	241.74	28.00	1100.00		50.00	96.00	129.50	150.00	166.00	188.00	205.50	222.00	249.40	275.00	290.00	300.00	328.10	379.40	434.00	495.00	627.50	742.80	872.80	
01173500	0201	19310201	20150201	85	323.82	233.49	18.00	1020.00		56.90	88.00	128.50	154.60	167.50	185.00	203.70	220.40	250.00	260.00	276.50	290.60	318.10	359.20	396.00	498.00	567.80	705.80	880.20	
01173500	0202	19310202	20150202	85	319.87	230.80	28.00	1100.00		52.90	90.80	124.50	156.00	177.50	187.80	210.00	210.40	227.30	250.00	263.90	289.00	309.50	351.20	431.50	468.20	545.30	720.80	844.00	
01173500	0203	19310203	20150203	85	341.92	298.55	38.00	2190.00		56.60	73.00	130.00	160.00	177.50	189.60	201.00	218.80	249.90	265.00	278.30	288.00	309.20	378.00	460.00	515.00	539.80	665.80	847.60	
01173500	0204	19310204	20150204	85	349.49	328.72	24.00	2280.00		58.00	88.00	119.50	146.00	168.50	187.80	203.70	222.00	241.20	260.00	277.40	316.20	339.90	362.00	425.00	450.80	547.50	678.80	1088.00	
01173500	0205	19310205	20150205	85	328.74	266.75	40.00	1550.00		58.00	77.00	114.00	146.00	172.50	190.00	199.10	208.60	231.40	250.00	265.90	289.60	348.50	372.00	400.00	448.80	520.00	681.80	970.00	
01173500	0206	19310206	20150206	85	314.12	246.61	43.00	1510.00		57.80	83.40	137.00	152.00	170.00	179.20	200.00	212.80	250.50	262.00	273.30	291.80	303.60	332.60	360.00	416.00	502.00	669.00	825.60	
01173500	0207	19310207	20150207	85	327.02	292.91	47.00	2120.00		60.30	86.00	127.10	150.00	162.50	190.00	210.60	228.20	239.10	255.00	278.80	296.40	318.10	334.40	355.00	447.20	510.90	627.20	739.10	
01173500	0208	19310208	20150208	85	327.41	273.40	50.00	1440.00		62.00	84.00	134.90	150.00	160.00	167.20	200.00	217.00	241.00	264.00	284.30	303.20	320.00	335.20	378.50	442.60	539.00	628.20	1040.00	
01173500	0209	19310209	20150209	85	301.76	211.59	52.00	1150.00		61.90	96.20	129.80	151.40	160.00	180.00	190.70	210.80	227.10	255.00	274.00	280.00	317.30	341.00	362.00	418.60	514.60	570.00	805.00	
01173500	0210	19310210	20150210	85	294.98	200.33	53.00	1060.00		66.10	88.00	134.60	148.40	167.50	184.00	192.80	210.60	228.50	251.00	269.30	288.00	301.80	323.60	350.50	439.20	480.50	526.20	725.80	
01173500	0211	19310211	20150211	85	299.65	221.98	54.00	1420.00		72.90	105.60	131.80	150.00	160.00	179.60	197.80	214.80	227.70	245.00	270.00	278.40	299.00	321.00	360.00	396.40	442.00	562.40	819.10	
01173500	0212	19310212	20150212	85	293.89	186.47	52.00	940.00		65.80	117.40	149.00	160.00	170.00	180.00	200.10	210.80	225.00	250.00	270.00	290.00	299.90	316.00	345.50	389.80	499.20	548.20	713.10	
01173500	0213	19310213	20150213	85	286.18	169.23	61.00	1060.00		75.90	131.00	144.50	155.00	176.00	187.40	210.40	220.80	230.00	249.00	250.00	280.60	302.80	320.40	357.50	400.00	440.70	494.80	645.20	
01173500	0214	19310214	20150214	85	310.27	269.12	45.00	2350.00		93.00	125.40	144.50	152.00	165.50	194.60	206.90	218.80	239.00	269.00	280.90	290.00	322.20	346.80	370.00	417.20	458.90	522.20	622.80	
01173500	0215	19310215	20150215	85	316.66	228.10	67.00	1740.00		85.60	132.20	149.90	159.80	172.50	196.40	210.00	220.00	244.20	270.00	277.20	296.00	330.70	366.80	425.00	462.40	485.60	505.20	638.10	
01173500	0216	19310216	20150216	85	326.79	231.20	59.00	1460.00		112.40	143.00	154.30	160.00	187.50	202.40	210.50	236.00	250.70	280.00	292.60	302.40	323.60	379.60	410.00	433.20	455.00	574.40	752.50	
01173500	0217	19310217	20150217	85	324.09	228.14	55.00	1360.00		113.00	137.20	150.00	179.20	189.00	199.00	214.60	242.40	258.50	280.00	282.60	293.60	319.50	344.20	367.00	389.00	451.00	566.40	796.20	
01173500	0218	19310218	20150218	85	331.89	274.16	52.00	1910.00		113.20	140.00	149.90	171.00	185.00	199.60	226.10	244.00	255.70	268.00	272.10	286.20	310.00	330.00	359.00	391.60	454.30	611.80	858.90	
01173500	0219	19310219	20150219	85	337.52	323.24	54.00	2450.00		110.20	146.20	160.00	175.00	182.50	202.40	230.30	240.00	246.40	251.00	267.30	281.20	306.30	318.40	347.00	384.80	438.90	547.00	1023.20	
01173500	0220	19310220	20150220	85	325.72	230.26	57.00	1420.00		105.00	135.60	150.00	160.00	182.50	198.40	217.30	241.20	250.00	265.00	288.60	309.20	344.40	360.40	389.00	408.80	479.40	555.20	910.10	
01173500	0221	19310221	20150221	85	335.99	224.19	62.00	1160.00		116.00	143.40	155.40	161.00	176.50	189.00	200.40	220.40	253.50	270.00	285.90	318.00	344.70	376.80	415.50	472.40	524.70	697.40	877.60	
01173500	0222	19310222	20150222	85	352.40	255.00	65.00	1270.00		117.70	136.80	149.90	152.40	165.00	180.00	210.50	237.00	256.00	270.00	286.50	322.40	352.70	380.80	443.00	555.00	646.60	679.60	1021.00	
01173500	0223	19310223	20150223	85	369.71	280.86	68.00	1500.00		113.00	140.00	144.60	158.40	183.00	212.80	236.40	250.00	258.50	267.00	302.10	324.60	355.00	403.80	456.50	510.60	577.90	760.80	939.80	
01173500	0224	19310224	20150224	85	369.40	262.77	68.00	1480.00		101.60	140.00	149.70	161.60	180.00	226.00	256.30	265.80	275.40	289.00	299.30	326.40	349.20	446.00	485.50	536.60	601.50	694.00	765.30	
01173500	0225	19310225	20150225	85	390.86	272.84	100.00	1410.00		124.40	140.00	151.80	166.00	197.50	215.80	240.70	255.40	270.70	310.00	322.30	356.20	409.00	464.40	524.50	573.80	631.00	818.40	1053.00	
01173500	0226	19310226	20150226	85	388.95	277.18	98.00	1520.00		118.30	140.00	155.00	181.00	200.00	219.00	245.60	270.40	283.50	300.00	336.90	371.60	383.80	450.40	481.00	554.00	620.90	743.60	1033.30	
01173500	0227	19310227	20150227	85	371.68	249.67	86.00	1330.00		112.50	138.00	149.90	166.00	185.00	219.80	251.00	269.40	275.70	294.00	304.00	348.40	397.10	417.60	471.50	548.00	582.70	780.60	917.80	
01173500	0228	19310228	20150228	85	365.44	240.72	84.00	1230.00		109.40	138.00	145.00	164.20	193.00	209.20	243.20	265.80	279.70	296.00	305.80	337.60	374.90	392.00	458.50	552.40	650.50	758.40	800.30	
01173500	0229	19320229	20120229	21	392.95	342.54	72.00	1380.00		74.30	105.00	146.20	153.40	167.50	180.40	195.20	237.60	256.90	260.00	300.10	309.80	345.90	360.40	490.50	684.80	891.20	956.00	1337.60	
01173500	0301	19310301	20150301	85	353.59	224.33	72.00	1290.00		107.20	138.00	150.00	165.80	194.00	209.00	237.50	263.80	279.70	290.00	303.60	324.80	363.50	436.00	462.50	503.20	574.00	657.60	783.10	
01173500	0302	19310302	20150302	85	351.80	211.30	74.00	1200.00		131.50	150.00	162.50	182.00	195.50	220.00	232.70	265.80	280.00	303.00	314.20	340.00	370.30	405.00	434.00	489.00	560.80	639.40	796.80	
01173500	0303	19310303	20150303	85	363.61	203.41	64.00	1080.00		132.90	159.60	179.30	185.60	206.50	254.80	270.10	282.80	309.40	320.00	333.80	358.40	376.60	398.60	439.00	495.40	580.10	641.40	757.20	
01173500	0304	19310304	20150304	85	392.54	244.82	64.00	1550.00		117.90	145.00	174.50	198.00	230.50	249.60	271.30	287.20	314.40	325.00	355.80	367.80	418.00	453.60	512.50	556.60	650.30	713.20	881.70	
01173500	0305	19310305	20150305	85	408.06	269.17	66.00	1530.00		132.30	152.40	171.60	215.60	257.00	267.60	283.20	292.40	307.20	313.00	344.00	365.00	415.20	476.80	554.00	601.60	647.70	712.60	903.90	
01173500	0306	19310306	20150306	85	455.22	391.85	68.00	2780.00		124.50	151.80	163.60	229.40	251.00	261.60	277.20	290.60	309.40	330.00	361.90	409.00	442.20	523.80	577.00	612.80	668.00	792.60	1111.00	
01173500	0307	19310307	20150307	85	494.22	552.05	72.00	4200.00		135.80	149.60	197.00	209.20	225.00	247.20	287.20	301.40	310.40	327.00	351.20	393.20	426.60	485.00	575.00	625.00	797.50	892.60	1370.00	
01173500	0308	19310308	20150308	85	451.74	376.10	95.00	2980.00		136.20	159.60	189.00	225.20	249.50	269.80	295.30	312.00	329.90	349.00	371.50	416.60	492.60	503.20	528.50	581.80	689.60	815.20	1077.00	
01173500	0309	19310309	20150309	85	486.58	381.36	87.00	2300.00		140.30	164.00	211.60	246.00	269.50	290.80	300.40	322.60	333.90	349.00	370.60	427.80	482.80	508.40	579.50	652.80	782.80	997.20	1408.00	
01173500	0310	19310310	20150310	85	483.16	440.75	110.00	3470.00		149.30	179.20	204.00	236.60	264.00	289.80	295.10	310.40	334.80	358.00	390.20	435.00	486.90	512.80	547.50	598.60	654.10	929.40	1309.00	
01173500	0311	19310311	20150311	85	481.32	361.55	111.00	1880.00		145.10	198.00	220.90	242.40	261.00	288.80	299.30	316.80	363.50	384.00	411.60	436.00	453.70	491.60	560.00	603.80	676.90	918.60	1498.00	
01173500	0312	19310312	20150312	85	523.61	460.58	107.00	3340.00		159.90	216.00	227.80	240.00	265.50	289.00	302.30	345.40	357.80	396.00	417.90	455.00	479.80	503.20	576.00	655.60	894.00	1152.00	1273.00	
01173500	0313	19310313	20150313	85	526.53	416.36	105.00	2830.00		180.10	214.20	234.80	255.80	282.50	289.80	308.70	359.40	368.80	395.00	408.90	440.20	463.60	556.40	567.50	815.40	880.10	1078.00	1325.00	
01173500	0314	19310314	20150314	85	534.65	390.12	115.00	2350.00		165.10	228.20	263.00	272.60	288.50	292.40	337.50	353.20	366.00	394.00	421.00	448.80	505.50	586.20	681.00	740.00	907.60	1050.00	1400.00	
01173500	0315	19310315	20150315	85	549.29	414.20	115.00	2110.00		172.90	238.00	260.00	282.80	307.50	324.60	343.30	355.00	385.60	406.00	445.60	457.80	515.40	570.60	604.00	702.40	853.90	1074.00	1577.00	
01173500	0316	19310316	20150316	85	544.56	383.46	139.00	1970.00		186.20	237.00	266.00	289.00	296.50	321.60	342.40	370.60	400.80	427.00	456.00	499.60	518.30	564.60	624.50	713.80	825.00	1082.00	1391.00	
01173500	0317	19310317	20150317	85	558.18	368.62	142.00	1870.00		188.90	234.60	259.90	294.00	304.50	333.80	357.10	393.40	409.70	440.00	472.60	526.40	563.60	607.80	664.00	736.40	944.30	1034.00	1344.00	
01173500	0318	19310318	20150318	85	630.99	563.52	177.00	4240.00		187.40	236.40	266.00	286.00	320.00	342.80	355.30	395.00	435.60	466.00	507.20	569.20	672.60	698.40	714.50	773.60	939.80	1144.00	1640.00	
01173500	0319	19310319	20150319	85	656.39	1075.11	127.00	9890.00		221.90	240.00	255.00	276.20	302.00	347.00	370.00	390.00	419.80	463.00	472.40	518.80	575.20	610.60	682.50	760.00	827.60	1005.00	1394.00	
01173500	0320	19310320	20150320	85	603.12	660.72	156.00	5940.00		240.40	255.00	275.40	290.60	300.50	340.00	370.50	397.60	433.80	471.00	509.50	545.80	568.60	598.80	668.50	711.80	902.80	1090.00	1286.00	
01173500	0321	19310321	20150321	85	592.78	429.43	187.00	3380.00		240.00	255.00	293.80	325.80	336.00	355.00	371.00	404.20	427.10	450.00	511.40	579.80	593.80	651.60	714.50	842.60	923.60	1084.00	1214.00	
01173500	0322	19310322	20150322	85	638.49	455.08	178.00	2760.00		221.50	231.80	291.90	311.60	345.00	363.60	390.70	400.00	420.90	488.00	530.30	602.20	635.90	694.20	873.50	971.00	1030.00	1156.00	1611.00	
01173500	0323	19310323	20150323	85	616.35	401.54	165.00	2140.00		225.00	244.00	279.70	305.80	343.00	382.40	394.00	441.40	481.20	492.00	522.30	538.80	604.90	651.80	729.50	883.60	945.30	1250.00	1633.00	
01173500	0324	19310324	20150324	85	578.29	327.98	141.00	1680.00		214.20	237.40	283.00	328.00	355.00	384.00	414.20	436.20	464.80	499.00	516.50	549.40	587.00	638.80	713.00	791.40	910.10	1064.00	1226.00	
01173500	0325	19310325	20150325	85	573.11	303.41	143.00	1710.00		211.20	248.00	293.50	340.00	360.00	382.80	409.20	433.80	453.60	500.00	572.30	602.20	620.70	654.60	689.50	763.60	894.10	1014.00	1182.00	
01173500	0326	19310326	20150326	85	575.49	288.42	168.00	1630.00		217.80	258.60	293.00	369.00	382.00	415.20	425.20	445.40	494.40	515.00	538.20	569.80	591.60	622.40	686.00	760.00	891.00	994.60	1180.00	
01173500	0327	19310327	20150327	85	610.54	312.62	179.00	1820.00		228.50	312.20	376.60	392.40	400.00	418.00	448.00	464.80	488.80	532.00	547.30	568.00	588.60	660.00	798.50	852.80	904.50	1140.00	1167.00	
01173500	0328	19310328	20150328	85	622.12	347.22	173.00	1750.00		218.40	307.00	339.30	371.40	404.00	413.00	430.00	451.80	496.20	511.00	528.00	571.00	648.10	681.40	734.50	867.60	1014.00	1124.00	1484.00	
01173500	0329	19310329	20150329	85	638.67	410.45	182.00	2400.00		261.30	313.20	348.90	383.40	393.50	399.80	423.30	445.20	458.10	466.00	524.00	590.20	637.90	720.00	786.50	825.20	919.10	1116.00	1591.00	
01173500	0330	19310330	20150330	85	671.41	476.71	169.00	2960.00		253.00	320.60	339.80	365.00	391.00	405.40	430.30	446.80	454.00	500.00	548.60	581.80	637.30	717.40	777.00	906.40	1037.00	1286.00	1738.00	
01173500	0331	19310331	20150331	85	699.32	559.97	173.00	3270.00		242.70	313.40	341.80	356.60	395.00	415.80	420.30	458.40	484.40	528.00	551.20	603.60	646.90	734.60	792.50	829.80	1044.00	1138.00	2093.00	
01173500	0401	19310401	20150401	85	714.32	504.12	174.00	2660.00		240.80	321.60	335.90	361.20	392.50	418.80	437.00	465.80	496.80	537.00	566.50	627.20	727.00	797.40	835.00	914.00	1174.00	1660.00	1886.00	
01173500	0402	19310402	20150402	85	701.93	409.64	187.00	2150.00		272.30	313.80	341.00	372.60	395.50	411.80	419.10	463.80	518.50	533.00	656.10	715.20	743.70	794.40	963.00	1056.00	1154.00	1318.00	1531.00	
01173500	0403	19310403	20150403	85	727.92	494.50	178.00	3330.00		243.30	285.20	357.40	371.80	386.50	433.40	485.50	502.60	532.90	560.00	645.30	671.40	731.00	885.40	981.00	1047.60	1119.00	1304.00	1608.00	
01173500	0404	19310404	20150404	85	708.87	449.03	161.00	3060.00		261.40	304.20	329.70	375.00	399.50	438.80	474.00	502.40	533.40	569.00	638.00	673.00	717.70	846.00	955.00	1048.00	1131.00	1216.00	1480.00	
01173500	0405	19310405	20150405	85	709.66	455.10	157.00	2710.00		265.30	301.40	340.40	360.20	406.00	440.80	458.10	512.20	534.70	590.00	644.30	683.40	723.40	769.40	847.50	915.60	1105.00	1292.00	1635.00	
01173500	0406	19310406	20150406	85	712.36	463.00	161.00	2660.00		251.90	291.00	333.50	367.60	417.00	457.40	483.50	500.20	532.90	544.00	572.80	621.00	646.60	790.40	920.50	1078.00	1148.00	1384.00	1783.00	
01173500	0407	19310407	20150407	85	699.64	448.85	148.00	2070.00		243.30	293.20	327.00	384.60	408.50	437.20	449.80	468.80	472.70	496.00	536.60	578.20	635.50	820.00	880.00	1108.00	1246.00	1462.00	1657.00	
01173500	0408	19310408	20150408	85	656.98	403.50	141.00	1960.00		245.30	298.20	332.90	365.00	399.00	410.80	426.10	437.40	462.60	491.00	518.80	561.80	631.60	676.60	860.00	993.80	1232.00	1390.00	1528.00	
01173500	0409	19310409	20150409	85	637.21	389.45	139.00	2090.00		253.50	305.00	328.40	360.60	382.50	405.40	420.00	434.80	461.00	483.00	512.10	556.40	584.00	669.80	764.50	936.60	1113.00	1338.00	1444.00	
01173500	0410	19310410	20150410	85	633.92	411.39	135.00	2400.00		239.40	281.80	312.90	337.40	368.50	387.20	403.00	435.20	453.40	485.00	545.90	578.20	600.40	658.60	718.50	970.00	1140.00	1220.00	1462.00	
01173500	0411	19310411	20150411	85	626.12	382.99	134.00	2130.00		241.80	262.60	292.80	316.60	354.50	370.40	392.30	431.00	472.90	512.00	562.80	588.20	612.70	704.60	810.00	881.20	997.70	1308.00	1449.00	
01173500	0412	19310412	20150412	85	627.88	367.02	135.00	1780.00		231.60	262.80	298.10	329.40	342.50	359.00	418.10	445.00	483.50	523.00	547.50	589.00	675.70	732.60	815.00	944.40	1121.00	1188.00	1427.00	
01173500	0413	19310413	20150413	85	651.62	419.10	136.00	2120.00		232.20	257.80	301.10	321.40	337.00	393.00	406.00	424.60	446.50	504.00	546.60	607.80	675.10	718.00	880.50	1042.00	1092.00	1236.00	1546.00	
01173500	0414	19310414	20150414	85	648.44	412.72	134.00	1730.00		226.20	243.60	302.00	327.60	346.50	366.80	390.20	412.00	464.30	511.00	550.60	594.00	634.00	681.00	956.00	1038.00	1190.00	1304.00	1616.00	
01173500	0415	19310415	20150415	85	624.93	387.68	131.00	1750.00		230.90	265.60	295.10	311.40	334.00	369.40	403.50	424.60	451.40	496.00	518.90	543.40	590.30	763.60	835.50	998.20	1061.00	1268.00	1506.00	
01173500	0416	19310416	20150416	85	648.66	472.66	130.00	2530.00		235.50	271.20	308.30	326.80	341.00	369.20	381.40	404.20	438.50	484.00	510.30	545.80	659.80	696.80	786.50	914.40	1040.00	1296.00	1916.00	
01173500	0417	19310417	20150417	85	673.82	604.88	124.00	3990.00		226.50	259.20	292.90	304.20	329.00	354.00	378.00	390.20	410.20	461.00	495.60	541.20	568.60	641.80	790.50	967.80	1153.00	1348.00	1982.00	
01173500	0418	19310418	20150418	85	629.12	466.10	128.00	2240.00		217.60	252.20	271.70	310.00	321.50	354.00	362.10	366.60	375.80	454.00	482.10	519.20	561.70	678.80	815.50	977.20	1127.00	1290.00	1746.00	
01173500	0419	19310419	20150419	85	612.07	442.04	104.00	2480.00		194.20	239.60	263.70	312.20	327.50	339.80	350.00	364.20	379.80	412.00	449.10	527.80	607.00	711.00	780.00	1019.00	1170.00	1370.00	1407.00	
01173500	0420	19310420	20150420	85	606.62	454.13	124.00	2430.00		185.90	229.60	253.90	307.60	328.50	340.00	353.10	390.40	407.10	423.00	447.20	464.80	619.00	648.60	726.00	923.60	1096.00	1322.00	1620.00	
01173500	0421	19310421	20150421	85	570.59	389.28	92.00	1770.00		180.30	233.40	273.80	294.80	305.00	319.80	371.60	390.40	402.00	430.00	445.10	475.80	531.90	579.20	744.00	844.00	1019.00	1208.00	1501.00	
01173500	0422	19310422	20150422	85	560.20	392.36	124.00	2300.00		178.70	229.80	269.80	284.20	304.50	320.80	351.00	376.40	391.20	406.00	474.50	485.00	537.60	610.20	694.00	803.60	957.30	1102.00	1468.00	
01173500	0423	19310423	20150423	85	538.40	340.81	168.00	1700.00		206.70	231.00	275.70	281.00	303.00	315.40	348.30	356.40	374.90	421.00	450.40	485.60	539.60	580.80	695.50	764.60	890.50	1036.00	1401.00	
01173500	0424	19310424	20150424	85	525.99	318.11	190.00	1940.00		212.80	235.80	273.30	287.00	303.50	310.00	331.20	356.40	374.80	406.00	450.30	500.20	573.80	622.80	677.50	771.00	848.90	909.80	1202.00	
01173500	0425	19310425	20150425	85	517.76	311.53	166.00	1660.00		196.50	242.80	269.70	279.60	302.50	315.80	326.10	339.40	365.10	400.00	446.30	524.00	564.60	608.20	659.50	712.80	788.00	952.00	1263.00	
01173500	0426	19310426	20150426	85	497.58	279.21	153.00	1360.00		211.60	247.00	266.70	280.40	304.50	320.60	335.10	342.40	367.80	386.00	441.60	482.40	527.60	553.60	653.50	703.40	757.40	855.00	1205.00	
01173500	0427	19310427	20150427	85	511.65	293.40	169.00	1450.00		206.90	258.00	270.80	287.80	308.00	315.80	343.70	365.00	392.60	428.00	445.80	474.80	508.80	581.20	610.00	702.00	736.60	981.60	1237.00	
01173500	0428	19310428	20150428	85	491.04	293.20	106.00	1580.00		220.00	239.40	263.80	278.80	293.00	321.00	331.00	343.80	363.00	400.00	416.60	433.00	498.90	547.40	601.50	645.80	721.50	925.60	1207.00	
01173500	0429	19310429	20150429	85	482.98	277.00	149.00	1510.00		187.60	222.60	267.80	281.20	291.50	305.00	334.30	346.60	369.90	391.00	415.50	438.20	504.80	540.60	610.50	646.20	723.70	915.80	1116.00	
01173500	0430	19310430	20150430	85	485.79	307.99	126.00	1960.00		178.00	219.20	263.30	277.20	288.00	309.80	328.70	353.60	366.80	391.00	403.00	430.00	456.50	517.60	574.00	674.80	835.10	900.80	1115.00	
01173500	0501	19310501	20150501	85	468.62	283.48	136.00	1690.00		175.40	230.00	257.40	260.00	276.50	304.00	330.20	346.40	358.00	381.00	407.80	423.20	458.60	492.00	570.50	668.40	731.10	815.20	1096.00	
01173500	0502	19310502	20150502	85	448.84	275.32	106.00	1610.00		171.20	219.20	250.70	264.00	287.00	301.60	315.80	333.80	348.40	367.00	389.80	409.00	438.40	463.20	523.00	572.60	661.90	750.40	1030.00	
01173500	0503	19310503	20150503	85	444.27	258.58	124.00	1400.00		180.30	202.80	253.00	262.80	294.00	309.60	318.00	339.40	349.40	366.00	384.50	406.20	431.20	455.00	503.50	552.00	681.30	836.00	1047.00	
01173500	0504	19310504	20150504	85	456.31	244.96	137.00	1210.00		189.30	223.80	239.40	260.20	280.00	295.60	310.90	330.80	344.40	372.00	415.90	434.00	463.50	511.60	608.50	665.00	730.30	844.80	1030.00	
01173500	0505	19310505	20150505	85	438.05	230.96	142.00	1100.00		187.50	212.60	245.90	258.40	267.00	280.60	293.10	316.00	332.30	374.00	400.80	428.20	456.50	481.80	535.50	621.00	701.90	823.60	977.40	
01173500	0506	19310506	20150506	85	409.44	202.27	186.00	1100.00		192.30	210.00	241.00	250.40	260.00	270.00	280.20	295.00	325.60	341.00	367.70	389.60	441.90	453.60	493.00	596.80	647.90	681.60	891.00	
01173500	0507	19310507	20150507	85	396.92	201.39	166.00	1230.00		182.10	212.00	225.60	238.00	258.50	277.40	284.30	297.20	323.40	338.00	355.30	381.00	391.10	427.00	514.00	543.40	616.50	679.60	800.50	
01173500	0508	19310508	20150508	85	383.24	182.17	135.00	1010.00		176.40	195.60	210.00	224.60	250.00	270.60	287.10	291.00	326.00	333.00	345.90	372.20	392.70	448.80	497.50	524.40	568.30	649.20	787.20	
01173500	0509	19310509	20150509	85	391.98	183.68	129.00	994.00		185.30	205.00	211.70	251.20	267.00	288.20	300.50	311.60	324.00	336.00	365.00	391.00	414.80	430.40	480.00	522.60	547.00	678.60	787.20	
01173500	0510	19310510	20150510	85	385.29	189.03	128.00	1080.00		176.70	192.00	205.70	225.00	250.50	269.00	289.50	300.80	316.80	338.00	372.30	386.20	407.20	453.60	477.50	504.60	554.00	659.40	745.20	
01173500	0511	19310511	20150511	85	407.56	208.29	144.00	1060.00		177.20	190.40	205.50	242.20	259.50	280.20	295.10	315.60	322.70	338.00	369.90	398.00	435.80	459.20	516.00	554.20	625.10	674.20	928.80	
01173500	0512	19310512	20150512	85	395.82	200.45	153.00	1320.00		178.90	201.20	230.70	243.20	251.50	266.80	282.00	304.00	330.00	350.00	370.20	386.20	409.90	442.00	490.00	534.80	559.70	661.60	789.90	
01173500	0513	19310513	20150513	85	387.42	184.26	91.00	1180.00		163.10	207.40	226.80	245.20	265.00	276.60	291.00	304.40	337.70	352.00	371.20	391.60	410.70	435.80	454.50	498.60	575.60	658.60	746.60	
01173500	0514	19310514	20150514	85	385.19	197.49	127.00	1040.00		156.00	193.80	222.10	241.80	258.00	272.40	290.10	307.80	332.30	341.00	356.50	370.80	378.90	391.40	417.50	505.40	565.30	673.20	869.80	
01173500	0515	19310515	20150515	85	374.12	174.94	96.00	1020.00		148.10	202.20	227.70	243.60	263.50	273.00	303.20	319.00	329.70	342.00	355.30	365.40	373.70	393.80	430.00	449.80	530.30	661.60	769.80	
01173500	0516	19310516	20150516	85	378.38	188.82	103.00	1010.00		141.00	177.80	214.40	243.00	259.50	275.20	287.20	311.60	325.70	332.00	351.20	365.20	390.90	427.60	446.00	484.60	530.90	637.00	857.60	
01173500	0517	19310517	20150517	85	385.09	224.17	103.00	1150.00		142.60	157.00	203.60	233.20	244.00	251.80	263.60	282.00	288.70	307.00	348.30	368.60	392.80	410.40	438.50	494.40	619.70	785.20	864.00	
01173500	0518	19310518	20150518	85	387.19	246.62	105.00	1240.00		147.00	172.60	180.00	214.80	228.50	245.20	260.00	267.20	303.40	326.00	340.00	351.60	372.90	384.20	411.00	502.00	632.40	820.00	1026.50	
01173500	0519	19310519	20150519	85	377.28	241.44	120.00	1400.00		134.30	157.40	194.50	206.80	223.50	241.80	256.70	286.80	300.80	310.00	321.60	338.00	351.10	391.60	417.50	468.80	631.70	793.80	901.30	
01173500	0520	19310520	20150520	85	366.40	207.12	78.00	1150.00		134.70	157.80	200.90	219.00	235.00	258.80	271.60	289.40	293.00	308.00	319.30	337.60	358.20	380.20	412.50	438.80	599.00	733.00	806.00	
01173500	0521	19310521	20150521	85	355.92	190.93	104.00	948.00		141.00	161.60	193.50	218.00	229.50	240.60	263.40	274.20	281.70	298.00	307.70	339.80	358.40	373.00	419.00	475.40	606.40	689.60	786.00	
01173500	0522	19310522	20150522	85	343.28	175.07	98.00	932.00		135.30	172.40	204.60	214.80	232.00	239.60	259.10	272.60	288.10	298.00	308.60	326.60	339.70	352.80	404.50	442.40	508.10	617.40	760.40	
01173500	0523	19310523	20150523	85	326.25	154.83	126.00	918.00		149.00	162.60	177.40	204.40	223.00	245.60	260.20	273.80	282.70	289.00	298.30	306.00	323.80	339.00	378.00	439.00	469.50	526.80	687.40	
01173500	0524	19310524	20150524	85	337.40	184.07	101.00	1010.00		138.00	150.40	197.00	209.20	224.00	240.40	264.70	274.00	277.40	285.00	291.90	298.60	318.90	330.40	401.00	462.20	503.10	596.80	770.30	
01173500	0525	19310525	20150525	85	351.42	225.92	88.00	1450.00		132.30	156.20	188.60	200.20	216.00	233.20	253.30	259.60	266.40	275.00	299.60	321.80	335.00	349.20	399.50	482.00	537.10	665.80	833.40	
01173500	0526	19310526	20150526	85	350.67	255.23	86.00	1930.00		135.40	152.60	164.70	184.00	200.50	218.60	230.40	239.80	264.70	268.00	283.00	318.60	350.90	362.80	441.00	471.80	564.40	652.40	786.60	
01173500	0527	19310527	20150527	85	329.46	197.48	78.00	1120.00		112.50	133.60	148.90	184.60	202.00	207.20	220.80	235.20	259.10	270.00	296.20	313.60	334.80	372.80	420.00	492.80	552.60	609.80	741.10	
01173500	0528	19310528	20150528	85	309.74	171.89	81.00	865.00		108.30	137.60	147.30	170.80	176.50	191.60	210.00	229.40	254.80	278.00	285.30	308.40	325.00	378.20	388.00	417.20	518.00	563.20	653.70	
01173500	0529	19310529	20150529	85	299.32	168.44	72.00	1010.00		120.90	133.80	140.00	165.80	174.00	189.20	207.30	222.80	251.40	263.00	275.20	302.00	325.60	349.00	364.50	395.80	450.00	511.00	667.50	
01173500	0530	19310530	20150530	85	321.46	416.92	68.00	3760.00		89.40	119.20	131.70	143.40	156.50	176.60	188.20	223.20	245.70	252.00	276.90	284.40	293.90	305.20	352.00	368.60	400.90	504.20	758.40	
01173500	0531	19310531	20150531	85	333.16	474.46	68.00	4310.00		100.20	127.00	136.80	162.00	168.00	194.40	205.70	223.00	237.10	249.00	273.30	293.00	313.60	336.20	346.50	374.00	399.40	443.40	703.40	
01173500	0601	19310601	20150601	85	338.34	390.56	81.00	3410.00		108.20	134.80	150.80	161.20	180.50	200.00	218.10	226.40	236.70	257.00	269.30	276.40	315.00	344.80	377.00	397.00	448.20	500.60	837.20	
01173500	0602	19310602	20150602	85	331.44	282.98	72.00	2170.00		111.00	122.80	141.70	150.00	186.50	201.80	215.00	217.40	225.40	241.00	255.50	277.60	314.20	344.60	377.00	458.00	530.10	615.60	868.60	
01173500	0603	19310603	20150603	85	325.05	252.51	63.00	1870.00		105.40	129.60	149.70	164.80	186.00	197.80	204.60	217.00	237.10	243.00	271.60	301.00	327.80	358.40	389.50	419.00	480.40	544.40	832.10	
01173500	0604	19310604	20150604	85	321.61	237.48	59.00	1350.00		81.20	110.00	129.50	154.20	166.50	186.80	210.00	233.60	249.80	260.00	283.00	316.60	325.00	354.40	374.00	410.20	467.40	621.40	895.90	
01173500	0605	19310605	20150605	85	304.32	212.86	71.00	1070.00		90.70	118.00	135.80	161.60	175.00	184.80	205.10	222.80	235.00	242.00	250.70	285.80	300.70	306.20	331.00	380.00	458.40	646.20	853.90	
01173500	0606	19310606	20150606	85	314.33	294.87	69.00	2250.00		91.20	126.20	147.90	157.40	174.50	185.60	196.30	207.40	223.70	243.00	254.10	270.80	287.70	323.80	342.00	388.00	429.20	529.80	889.30	
01173500	0607	19310607	20150607	85	310.36	281.26	57.00	1570.00		82.00	113.20	127.90	143.20	152.00	166.60	177.50	185.40	206.90	227.00	243.30	264.80	300.10	335.40	366.00	386.80	421.20	637.80	932.90	
01173500	0608	19310608	20150608	85	297.34	249.28	69.00	1240.00		89.00	113.80	128.80	140.00	159.50	168.20	177.10	186.40	199.00	207.00	229.40	251.00	281.70	298.80	325.00	367.60	431.30	588.60	996.20	
01173500	0609	19310609	20150609	85	274.06	216.04	60.00	1080.00		80.60	98.40	122.70	133.40	145.00	159.80	167.10	180.20	193.50	205.00	224.60	240.60	252.70	278.00	283.00	359.80	417.40	553.80	868.90	
01173500	0610	19310610	20150610	85	276.75	217.62	32.00	1100.00		76.60	105.80	116.00	124.40	132.00	148.80	166.20	179.40	190.70	211.00	219.30	234.20	251.60	292.20	306.50	375.60	458.50	694.00	816.60	
01173500	0611	19310611	20150611	85	272.85	219.22	56.00	1370.00		83.10	99.00	104.00	116.40	130.50	143.20	157.10	174.00	185.70	204.00	227.30	243.60	259.90	288.20	329.50	362.20	409.40	604.00	758.90	
01173500	0612	19310612	20150612	85	260.13	209.42	29.00	1520.00		68.80	100.60	111.90	119.40	130.00	143.00	153.20	176.20	193.00	211.00	219.50	244.40	257.70	278.20	329.50	363.20	406.80	479.00	629.20	
01173500	0613	19310613	20150613	85	263.87	207.93	58.00	1110.00		80.30	90.60	103.80	109.40	122.50	131.80	148.30	170.60	192.60	210.00	221.00	230.60	243.90	278.60	332.00	379.80	445.50	526.20	745.10	
01173500	0614	19310614	20150614	85	285.61	290.10	46.00	2050.00		76.00	82.60	98.90	110.00	120.00	127.60	134.30	168.00	184.10	200.00	217.50	255.60	293.80	308.40	331.50	371.20	418.50	598.80	847.60	
01173500	0615	19310615	20150615	85	282.01	268.81	41.00	1750.00		69.60	86.00	91.80	106.60	120.50	136.80	157.20	172.00	188.50	212.00	236.60	248.20	259.30	279.00	310.00	344.00	455.00	637.20	822.60	
01173500	0616	19310616	20150616	85	265.33	208.75	44.00	996.00		71.00	82.60	92.80	104.00	120.00	128.60	147.20	169.40	186.80	205.00	215.30	240.60	248.80	280.20	304.50	388.20	501.20	607.00	781.10	
01173500	0617	19310617	20150617	85	270.16	223.30	46.00	1040.00		65.60	83.60	90.90	104.00	116.50	123.60	135.20	160.60	176.80	198.00	216.60	223.40	255.10	272.40	350.50	386.80	490.00	653.80	776.90	
01173500	0618	19310618	20150618	85	272.65	266.00	39.00	1760.00		57.00	73.20	87.90	101.20	110.00	124.00	128.90	152.20	184.40	202.00	221.20	229.60	246.80	273.80	335.00	373.40	460.10	596.20	865.90	
01173500	0619	19310619	20150619	85	241.00	189.26	30.00	813.00		53.90	62.60	91.30	100.00	115.50	123.40	126.00	145.20	163.00	176.00	190.40	220.40	241.80	271.80	300.50	337.20	438.60	576.60	694.50	
01173500	0620	19310620	20150620	85	235.46	179.39	38.00	757.00		61.30	79.80	89.00	96.20	100.50	114.00	118.10	131.20	160.70	175.00	197.20	212.00	247.40	262.60	298.50	330.60	455.00	557.20	635.40	
01173500	0621	19310621	20150621	85	230.75	189.11	47.00	951.00		65.60	74.80	82.80	87.80	101.50	115.60	119.30	137.80	143.70	152.00	172.30	199.20	219.90	252.20	300.00	367.80	413.00	510.20	639.60	
01173500	0622	19310622	20150622	85	221.78	167.93	48.00	787.00		55.00	72.60	79.50	93.00	107.50	118.20	127.00	138.40	150.10	161.00	178.00	192.40	208.70	242.40	294.00	338.60	400.90	486.00	607.70	
01173500	0623	19310623	20150623	85	231.01	249.32	34.00	1970.00		60.10	72.80	83.70	86.20	101.50	110.60	112.10	121.40	135.10	146.00	163.30	178.00	206.70	235.20	292.50	336.00	403.10	476.00	634.60	
01173500	0624	19310624	20150624	85	228.26	219.02	22.00	1230.00		50.80	63.20	68.90	77.00	90.00	94.60	116.10	128.80	135.00	144.00	151.20	175.60	194.90	219.60	316.50	376.60	423.30	550.20	611.40	
01173500	0625	19310625	20150625	85	252.81	443.51	34.00	3960.00		52.90	59.20	66.80	85.60	91.00	98.40	114.60	126.80	132.70	148.00	150.60	166.00	191.60	209.40	287.50	343.80	409.70	568.80	601.10	
01173500	0626	19310626	20150626	85	216.38	218.83	23.00	1450.00		43.70	64.80	77.90	87.00	92.50	101.60	112.10	116.40	125.70	133.00	136.60	167.20	181.20	201.20	238.00	313.40	424.20	527.80	646.70	
01173500	0627	19310627	20150627	85	211.53	181.58	29.00	745.00		56.00	66.20	68.00	81.40	95.50	105.40	113.10	124.80	130.80	139.00	147.30	152.60	170.70	202.40	247.00	335.60	437.70	574.20	637.50	
01173500	0628	19310628	20150628	85	217.81	230.72	27.00	1640.00		48.80	61.60	66.80	73.40	91.50	100.40	108.20	113.80	129.40	136.00	150.20	168.80	190.70	238.20	268.00	286.80	383.10	461.80	651.80	
01173500	0629	19310629	20150629	85	214.91	235.31	37.00	1600.00		51.20	56.60	60.90	79.00	88.50	101.20	108.10	113.80	124.10	140.00	158.90	176.40	188.00	210.80	231.50	281.40	363.40	435.00	687.90	
01173500	0630	19310630	20150630	85	218.27	232.05	28.00	1220.00		52.90	62.00	72.70	82.20	90.00	100.80	105.50	117.60	127.40	138.00	152.60	159.80	169.90	205.20	255.50	273.00	340.80	527.60	784.10	
01173500	0701	19310701	20150701	85	206.87	245.68	42.00	1730.00		49.50	57.20	69.50	75.00	82.00	92.80	98.20	106.40	115.70	124.00	129.30	149.80	168.00	176.80	220.00	281.60	341.00	413.00	802.20	
01173500	0702	19310702	20150702	85	185.08	191.30	26.00	1120.00		40.30	45.20	61.80	76.00	81.50	89.00	93.00	96.20	105.20	112.00	119.00	150.80	155.90	185.60	207.50	240.80	296.60	438.60	646.40	
01173500	0703	19310703	20150703	85	173.14	162.72	35.00	893.00		43.70	54.60	65.90	72.00	75.00	81.60	92.00	95.80	98.70	105.00	123.40	139.00	152.60	171.80	187.00	230.00	323.60	399.80	603.00	
01173500	0704	19310704	20150704	85	170.26	156.12	22.00	709.00		36.00	44.00	49.90	58.40	64.50	70.80	81.30	87.40	94.70	102.00	127.20	143.60	159.90	197.60	218.50	252.60	318.40	388.00	564.10	
01173500	0705	19310705	20150705	85	179.94	147.58	22.00	652.00		38.20	50.00	54.90	60.20	69.00	81.20	89.60	102.80	117.30	131.00	142.30	169.00	191.40	214.80	236.50	272.40	330.00	412.40	546.60	
01173500	0706	19310706	20150706	85	181.49	168.01	32.00	1120.00		46.20	51.20	55.80	61.40	70.50	79.20	87.00	93.80	112.20	138.00	155.00	164.40	176.60	215.80	236.00	263.80	304.20	364.60	516.60	
01173500	0707	19310707	20150707	85	172.54	156.19	33.00	886.00		38.20	46.60	53.90	61.40	68.00	74.80	83.10	88.80	103.80	123.00	142.20	159.20	181.90	214.20	225.00	245.60	271.00	377.20	574.40	
01173500	0708	19310708	20150708	85	156.89	141.36	32.00	776.00		43.30	48.00	51.90	56.80	65.50	74.00	78.00	84.40	92.70	104.00	113.30	141.40	151.50	167.80	204.50	233.60	250.10	327.20	505.40	
01173500	0709	19310709	20150709	85	148.61	111.20	25.00	524.00		36.30	46.00	61.60	66.00	68.50	76.40	85.20	94.00	101.40	119.00	131.60	147.20	161.90	180.60	191.00	199.60	217.20	301.80	449.70	
01173500	0710	19310710	20150710	85	144.36	102.95	29.00	496.00		40.00	47.60	55.80	61.00	68.50	82.60	89.10	94.40	111.70	121.00	127.60	135.00	142.90	165.00	178.00	200.20	239.20	286.20	416.50	
01173500	0711	19310711	20150711	85	139.11	102.97	19.00	462.00		36.60	46.00	50.90	58.40	63.00	72.80	77.10	85.00	96.70	100.00	105.30	128.80	149.80	178.40	191.50	217.80	236.70	271.20	403.80	
01173500	0712	19310712	20150712	85	142.12	119.18	30.00	806.00		34.90	44.00	50.90	59.20	70.50	76.00	83.10	92.40	94.70	101.00	108.90	129.80	147.80	162.00	175.00	190.40	230.10	308.60	369.00	
01173500	0713	19310713	20150713	85	136.39	114.23	20.00	692.00		34.70	45.60	49.90	58.40	64.00	69.00	77.00	88.00	91.70	103.00	110.60	122.20	133.60	153.20	159.00	196.20	219.10	271.60	410.70	
01173500	0714	19310714	20150714	85	154.91	197.93	20.00	1490.00		33.90	44.00	51.80	56.00	65.00	68.80	73.30	78.20	95.50	107.00	119.30	130.60	148.10	155.00	162.50	195.00	212.20	306.00	381.80	
01173500	0715	19310715	20150715	85	138.32	133.55	23.00	885.00		32.00	40.20	49.70	55.00	64.00	68.60	80.00	82.00	91.60	102.00	111.20	121.20	132.70	141.80	154.50	186.00	220.30	268.00	355.20	
01173500	0716	19310716	20150716	85	129.67	117.83	23.00	771.00		31.50	39.20	46.00	50.60	60.50	70.80	74.00	79.00	86.10	95.00	103.60	113.60	122.70	134.80	148.00	180.80	208.40	265.40	351.30	
01173500	0717	19310717	20150717	85	129.71	117.29	22.00	686.00		30.60	37.20	46.80	53.00	57.50	61.80	70.30	74.40	80.80	100.00	108.80	122.00	134.70	144.40	168.50	184.40	194.70	241.60	347.50	
01173500	0718	19310718	20150718	85	127.98	112.69	18.00	660.00		30.00	37.60	44.60	50.00	54.00	62.20	66.20	77.40	84.70	94.00	103.40	118.60	136.30	151.60	173.00	186.40	209.60	244.40	310.60	
01173500	0719	19310719	20150719	85	131.19	138.12	16.00	875.00		27.10	35.60	39.80	44.40	54.50	62.00	65.50	81.00	85.10	92.00	100.60	109.60	119.40	130.20	146.50	169.40	188.10	273.40	416.10	
01173500	0720	19310720	20150720	85	136.53	166.97	22.00	1400.00		32.60	41.00	46.80	50.00	56.50	59.60	67.10	76.40	82.10	95.00	105.00	111.00	132.40	144.20	164.50	188.20	206.30	259.00	370.50	
01173500	0721	19310721	20150721	85	147.87	206.15	23.00	1380.00		32.30	37.60	41.90	47.00	59.50	64.00	68.20	76.40	88.40	94.00	98.30	114.60	130.90	157.60	171.50	185.80	228.90	270.20	358.50	
01173500	0722	19310722	20150722	85	144.85	208.47	21.00	1660.00		31.30	36.60	40.00	50.00	58.00	59.80	63.10	68.80	75.40	86.00	99.20	107.00	127.60	147.80	176.50	198.00	214.60	263.20	392.80	
01173500	0723	19310723	20150723	85	148.89	205.85	21.00	1600.00		27.20	32.00	43.80	47.20	56.00	57.00	62.10	72.40	78.10	88.00	104.80	119.20	133.60	151.80	177.50	193.60	235.60	303.20	380.10	
01173500	0724	19310724	20150724	85	178.73	298.37	20.00	1680.00		27.30	32.00	42.70	49.20	56.50	59.80	66.00	72.00	80.00	88.00	97.30	107.20	126.70	146.20	165.50	179.60	211.60	358.60	740.20	
01173500	0725	19310725	20150725	85	176.46	320.92	21.00	1900.00		28.90	39.40	44.90	49.20	52.00	59.60	64.10	70.80	77.10	83.00	87.00	101.80	110.90	130.40	144.50	160.00	208.20	327.60	866.90	
01173500	0726	19310726	20150726	85	140.84	188.88	20.00	1040.00		24.60	36.20	42.80	45.00	53.00	58.60	62.20	68.40	78.10	82.00	87.90	102.20	110.00	125.00	137.00	157.80	197.80	310.40	606.70	
01173500	0727	19310727	20150727	85	131.65	167.06	18.00	907.00		27.30	33.00	37.90	42.60	51.50	57.60	63.10	66.00	74.70	81.00	85.30	101.20	109.90	117.20	129.00	151.20	209.10	266.40	550.10	
01173500	0728	19310728	20150728	85	129.88	157.97	17.00	923.00		31.00	36.00	44.50	51.00	54.00	56.80	61.10	66.20	68.70	82.00	85.90	92.60	103.90	123.60	155.00	163.40	186.60	227.60	483.40	
01173500	0729	19310729	20150729	85	141.15	158.23	17.00	874.00		28.20	40.00	46.90	51.00	54.00	56.80	60.10	70.20	76.00	83.00	104.30	111.60	124.90	142.60	150.00	182.00	213.30	320.80	557.20	
01173500	0730	19310730	20150730	85	152.56	207.89	18.00	1600.00		28.30	35.00	38.00	48.00	52.00	56.00	60.20	68.40	80.80	89.00	93.00	113.20	135.50	145.60	170.00	213.60	250.40	306.60	568.80	
01173500	0731	19310731	20150731	85	144.21	196.77	16.00	1360.00		27.90	34.60	41.80	45.00	48.50	55.40	61.00	65.80	68.00	81.00	95.20	116.00	125.90	135.80	153.50	176.40	207.80	285.20	501.60	
01173500	0801	19310801	20150801	85	141.67	199.47	17.00	1220.00		29.90	34.60	42.90	48.40	59.00	63.00	68.10	72.00	78.70	85.00	93.40	104.00	114.00	123.40	134.50	145.60	189.30	266.60	585.10	
01173500	0802	19310802	20150802	85	128.99	148.88	13.00	1020.00		24.50	34.40	39.80	41.40	53.50	56.60	60.20	68.00	71.70	79.00	89.20	112.40	121.00	140.80	147.50	160.00	206.80	262.00	370.30	
01173500	0803	19310803	20150803	85	118.84	130.41	16.00	929.00		29.00	35.00	44.90	50.00	52.50	56.00	58.10	64.80	77.80	86.00	93.00	99.60	104.90	113.80	121.50	140.40	178.10	242.80	370.10	
01173500	0804	19310804	20150804	85	119.07	128.45	14.00	783.00		30.00	34.80	43.70	50.20	55.00	58.80	65.00	72.40	73.70	80.00	85.20	93.20	106.90	117.40	127.00	141.60	182.00	236.80	357.80	
01173500	0805	19310805	20150805	85	117.19	146.11	13.00	977.00		22.50	34.20	36.90	42.40	51.00	55.00	60.00	67.00	71.40	76.00	82.30	88.40	95.70	108.80	117.50	129.60	185.00	224.60	368.90	
01173500	0806	19310806	20150806	85	114.59	133.09	14.00	914.00		28.30	34.00	40.00	47.00	53.00	58.00	61.00	65.80	71.00	81.00	88.20	93.60	100.90	107.20	116.50	129.80	160.40	213.00	342.30	
01173500	0807	19310807	20150807	85	109.48	108.10	13.00	610.00		29.20	35.40	47.60	50.00	55.00	57.60	63.10	70.40	74.70	78.00	81.30	87.60	97.00	103.00	114.00	127.80	157.60	204.20	367.20	
01173500	0808	19310808	20150808	85	115.91	132.83	13.00	686.00		28.30	33.60	41.80	45.80	50.00	55.80	62.20	67.40	70.00	74.00	76.60	82.60	91.90	97.60	107.00	119.80	161.70	225.40	485.00	
01173500	0809	19310809	20150809	85	119.82	135.52	14.00	695.00		21.80	27.60	31.00	39.20	45.50	50.80	55.20	60.40	64.70	70.00	73.30	84.00	91.90	125.40	132.00	153.60	178.90	339.80	454.90	
01173500	0810	19310810	20150810	85	136.09	163.84	12.00	753.00		29.00	33.20	40.70	46.40	49.00	51.00	54.20	60.40	65.00	80.00	82.30	89.20	98.80	109.40	135.50	159.60	230.90	395.60	607.10	
01173500	0811	19310811	20150811	85	136.39	161.63	11.00	942.00		27.00	29.60	33.70	39.20	44.00	51.60	56.00	58.40	69.20	73.00	83.00	89.20	107.70	120.40	131.50	168.60	257.80	447.00	499.30	
01173500	0812	19310812	20150812	85	150.20	197.66	11.00	1320.00		25.60	30.60	33.00	39.20	41.00	45.80	51.10	57.40	63.80	75.00	88.60	94.60	112.70	140.40	194.00	224.20	307.70	347.00	541.90	
01173500	0813	19310813	20150813	85	147.08	188.84	11.00	1180.00		21.80	30.60	34.00	42.60	49.50	53.80	57.10	63.40	71.70	80.00	86.90	98.60	114.80	147.00	173.50	224.40	249.30	325.80	462.70	
01173500	0814	19310814	20150814	85	142.21	181.68	14.00	1140.00		22.50	28.00	33.90	41.40	49.00	54.60	58.20	66.00	75.40	81.00	91.60	105.40	117.90	128.20	149.00	185.40	247.30	340.60	527.20	
01173500	0815	19310815	20150815	85	126.92	137.74	14.00	706.00		25.30	28.00	34.00	40.80	48.00	50.80	60.10	66.00	71.00	78.00	84.90	95.20	105.90	127.40	145.00	175.60	214.90	298.80	464.60	
01173500	0816	19310816	20150816	85	119.59	118.61	17.00	593.00		23.30	28.00	32.90	42.20	44.50	49.80	56.20	64.00	65.00	73.00	81.00	90.00	97.50	121.40	147.00	175.00	227.70	337.20	366.40	
01173500	0817	19310817	20150817	85	123.73	136.20	18.00	954.00		24.60	30.60	38.90	43.00	45.50	51.80	61.10	66.00	69.10	79.00	83.60	88.20	96.80	108.20	144.00	194.40	240.40	307.40	376.90	
01173500	0818	19310818	20150818	85	135.28	199.43	14.00	1550.00		24.00	28.20	32.80	38.40	44.00	50.60	57.10	61.40	69.10	73.00	79.60	89.80	106.60	118.80	139.50	198.40	231.80	274.80	426.90	
01173500	0819	19310819	20150819	85	220.45	960.99	12.00	8880.00		24.30	27.60	32.80	41.20	44.50	47.80	53.00	59.40	62.00	67.00	77.60	85.60	95.90	105.20	119.50	170.80	216.00	274.80	493.60	
01173500	0820	19310820	20150820	85	177.93	571.70	9.80	5060.00		26.00	30.20	34.80	42.40	46.50	49.80	54.20	60.00	62.70	69.00	72.30	81.60	85.00	102.20	116.00	148.00	184.00	224.20	528.50	
01173500	0821	19310821	20150821	85	127.88	246.08	11.00	1930.00		21.00	25.60	29.90	41.20	44.00	49.40	53.20	60.00	65.40	68.00	73.00	79.60	84.80	99.20	116.00	141.00	158.40	219.80	433.80	
01173500	0822	19310822	20150822	85	112.99	160.98	12.00	1000.00		23.00	27.00	33.60	41.00	41.50	46.80	56.20	59.40	62.00	67.00	70.30	75.60	81.00	87.40	95.00	127.60	169.40	214.60	344.80	
01173500	0823	19310823	20150823	85	109.21	178.54	11.00	1260.00		20.90	26.20	32.90	40.00	44.00	50.40	55.00	61.00	66.00	70.00	75.30	78.00	85.40	87.80	101.50	117.40	138.10	162.60	286.40	
01173500	0824	19310824	20150824	85	105.87	157.97	9.80	1160.00		24.00	28.60	35.80	40.20	44.50	52.40	55.10	59.80	62.70	67.00	72.30	75.00	84.00	93.40	103.50	110.00	133.80	189.60	274.60	
01173500	0825	19310825	20150825	85	99.96	125.30	9.50	812.00		19.20	26.60	33.90	38.20	40.50	49.80	55.10	58.40	61.00	67.00	71.60	75.20	87.40	92.20	102.50	125.40	147.50	171.20	296.60	
01173500	0826	19310826	20150826	85	112.18	193.65	9.20	1450.00		19.20	26.00	30.70	33.00	39.50	42.60	52.10	57.00	58.70	61.00	66.30	75.60	81.60	86.20	92.50	98.60	123.80	235.00	436.90	
01173500	0827	19310827	20150827	85	103.68	137.74	16.00	921.00		21.30	27.00	32.00	37.20	42.00	47.60	53.00	55.00	57.70	64.00	66.30	72.60	76.00	85.00	95.50	114.80	134.40	241.00	338.50	
01173500	0828	19310828	20150828	85	124.52	236.62	12.00	1890.00		17.30	26.20	30.90	33.60	36.50	41.00	44.10	51.40	55.70	58.00	66.00	73.60	80.00	91.20	111.00	124.80	187.10	231.80	552.40	
01173500	0829	19310829	20150829	85	119.04	239.50	9.80	2070.00		21.00	23.00	29.80	32.20	37.00	40.80	46.10	50.60	57.00	61.00	66.30	75.60	82.80	88.00	97.50	123.60	167.70	209.60	428.10	
01173500	0830	19310830	20150830	85	103.98	139.48	13.00	944.00		22.00	28.80	32.00	37.40	42.00	44.00	48.20	56.40	59.00	62.00	65.00	69.20	78.80	98.20	109.00	127.80	152.60	185.20	390.60	
01173500	0831	19310831	20150831	85	115.44	175.11	16.00	1120.00		20.30	24.60	30.70	35.20	39.00	41.80	47.20	54.40	59.00	63.00	68.60	74.40	84.30	90.20	110.50	124.00	160.70	218.80	535.10	
01173500	0901	19310901	20150901	85	109.02	147.34	9.30	672.00		18.00	22.80	28.00	33.60	41.50	47.60	52.00	55.00	56.70	61.00	65.60	73.80	80.80	86.60	102.00	120.80	144.50	197.20	624.70	
01173500	0902	19310902	20150902	85	97.92	121.54	9.80	698.00		17.90	26.60	31.80	33.40	40.50	47.40	50.00	52.80	56.00	57.00	64.60	72.00	77.80	94.00	97.50	110.00	134.50	181.60	431.40	
01173500	0903	19310903	20150903	85	91.68	105.13	9.10	662.00		16.90	26.40	29.90	33.00	38.50	41.00	44.00	49.20	54.00	60.00	63.90	72.00	81.80	95.20	97.00	102.20	128.10	210.80	340.40	
01173500	0904	19310904	20150904	85	95.47	104.14	11.00	620.00		16.50	25.00	29.90	32.20	37.00	42.40	47.10	49.40	52.70	57.00	68.60	72.00	82.00	88.40	103.50	116.00	145.70	250.20	360.90	
01173500	0905	19310905	20150905	85	92.38	104.72	9.70	672.00		13.30	26.20	30.80	38.00	41.50	46.60	50.00	52.40	56.70	60.00	63.00	71.60	76.90	88.40	96.00	107.60	163.70	200.20	275.10	
01173500	0906	19310906	20150906	85	96.73	126.95	12.00	788.00		19.60	27.40	29.00	34.20	37.50	43.60	48.00	50.00	54.70	58.00	64.60	72.00	75.00	87.20	96.50	107.00	151.70	182.40	338.60	
01173500	0907	19310907	20150907	85	119.66	254.89	12.00	2060.00		19.00	24.60	28.90	33.40	41.00	44.80	47.00	48.80	52.00	58.00	61.60	68.80	72.90	79.00	91.00	103.20	141.20	211.60	498.00	
01173500	0908	19310908	20150908	85	124.95	289.82	7.40	2420.00		20.30	25.60	28.90	32.00	36.00	41.00	45.10	48.40	53.40	55.00	60.30	66.20	73.70	83.00	95.00	117.80	163.60	216.80	477.00	
01173500	0909	19310909	20150909	85	124.33	299.50	8.40	2580.00		16.10	24.60	26.90	29.60	34.50	42.00	45.00	48.40	51.70	57.00	63.00	68.00	72.80	78.20	99.00	114.20	142.00	211.00	456.80	
01173500	0910	19310910	20150910	85	113.67	194.98	8.90	1220.00		19.30	25.60	27.80	32.00	39.00	41.80	47.00	53.20	57.70	59.00	64.30	72.60	81.70	87.20	92.50	111.60	130.70	201.00	489.90	
01173500	0911	19310911	20150911	85	105.02	157.61	7.90	931.00		15.00	22.60	27.00	31.60	41.00	42.80	46.30	50.40	54.70	56.00	60.00	65.20	70.00	81.20	101.50	113.20	131.50	218.20	421.20	
01173500	0912	19310912	20150912	85	119.46	252.43	7.00	2100.00		15.30	22.60	26.90	29.20	40.00	42.80	47.10	51.40	55.40	58.00	61.30	67.60	76.70	87.20	99.00	113.40	146.60	215.40	388.70	
01173500	0913	19310913	20150913	85	116.99	200.00	11.00	1160.00		16.90	25.20	28.00	31.00	39.50	43.60	49.10	50.00	53.00	56.00	58.60	63.60	78.80	100.40	123.50	130.60	144.30	202.80	564.20	
01173500	0914	19310914	20150914	85	113.18	170.90	10.00	952.00		17.90	25.60	28.90	38.00	39.00	41.00	47.30	51.00	54.00	59.00	61.30	65.00	68.80	85.60	106.50	136.40	162.10	213.60	615.10	
01173500	0915	19310915	20150915	85	117.15	170.18	9.70	793.00		21.30	27.20	29.90	35.60	38.50	40.80	48.10	50.40	55.70	58.00	64.00	68.20	78.90	88.20	103.00	116.80	149.70	283.60	684.00	
01173500	0916	19310916	20150916	85	118.31	163.73	12.00	975.00		22.00	25.80	28.90	30.40	37.00	39.80	49.00	51.80	57.40	66.00	71.30	77.00	80.90	95.60	116.00	135.20	154.10	334.00	500.90	
01173500	0917	19310917	20150917	85	142.59	322.40	10.00	2720.00		21.60	26.00	27.90	32.20	35.50	42.80	49.30	57.40	60.70	63.00	69.20	79.60	84.90	90.00	96.00	118.20	210.10	278.00	575.70	
01173500	0918	19310918	20150918	85	152.46	288.88	10.00	2300.00		20.90	25.60	27.00	34.20	40.50	42.00	49.10	53.80	58.00	63.00	66.00	73.20	85.30	96.80	126.50	156.40	299.50	371.20	664.30	
01173500	0919	19310919	20150919	85	153.74	256.79	11.00	1720.00		23.60	26.00	28.80	34.20	39.50	45.60	51.00	53.80	60.10	64.00	74.30	83.80	95.50	103.20	122.50	166.80	266.30	380.20	681.90	
01173500	0920	19310920	20150920	85	165.85	377.27	11.00	3180.00		22.30	26.00	33.70	38.60	44.00	48.20	53.10	60.00	61.70	71.00	77.00	82.80	96.20	101.00	122.00	188.00	215.80	345.60	612.90	
01173500	0921	19310921	20150921	85	321.21	1804.48	13.00	16700.00		21.90	26.00	31.70	37.20	41.00	49.00	54.20	60.40	64.70	68.00	77.60	82.20	94.90	117.00	138.50	164.80	215.30	362.80	612.90	
01173500	0922	19310922	20150922	85	252.34	1155.48	13.00	10700.00		23.00	25.00	33.90	38.00	42.50	54.20	58.10	62.40	65.00	68.00	71.30	77.20	94.80	128.00	160.50	204.00	281.10	357.20	570.20	
01173500	0923	19310923	20150923	85	191.71	650.53	20.00	6000.00		24.00	29.60	33.80	37.20	46.00	52.40	58.00	63.00	67.00	69.00	77.60	95.80	114.90	131.00	156.00	193.60	239.30	303.80	433.90	
01173500	0924	19310924	20150924	85	151.28	348.42	17.00	3100.00		21.30	26.20	30.80	37.20	43.50	50.80	55.00	58.00	63.40	69.00	78.00	91.00	102.70	131.40	138.50	170.00	220.40	260.80	400.40	
01173500	0925	19310925	20150925	85	147.28	266.79	15.00	2140.00		20.00	24.00	30.90	34.40	41.00	45.00	49.10	54.00	57.40	66.00	75.50	86.60	91.90	108.80	137.50	186.40	259.60	290.60	648.70	
01173500	0926	19310926	20150926	85	149.31	277.99	16.00	1830.00		23.00	27.00	30.00	37.20	40.00	42.00	48.00	52.80	56.00	61.00	72.00	79.20	86.70	100.00	130.50	161.80	220.30	316.80	528.00	
01173500	0927	19310927	20150927	85	168.38	359.78	18.00	2710.00		23.90	29.20	33.70	38.40	43.00	45.80	48.00	51.40	53.00	59.00	66.60	76.00	94.90	102.40	124.50	181.40	262.70	304.60	713.50	
01173500	0928	19310928	20150928	85	152.29	228.54	18.00	1330.00		23.00	26.60	32.90	38.00	41.00	49.00	56.00	60.40	68.90	77.00	81.30	87.00	104.10	117.80	134.50	194.80	242.90	363.20	578.20	
01173500	0929	19310929	20150929	85	152.60	193.41	17.00	977.00		23.30	27.00	31.80	36.20	41.00	47.80	52.30	60.40	66.70	76.00	86.60	95.20	106.00	115.60	170.50	239.60	330.70	417.00	563.40	
01173500	0930	19310930	20150930	85	164.27	223.79	19.00	1540.00		22.30	26.60	28.90	36.40	44.50	50.00	54.00	64.20	77.10	86.00	94.00	99.00	106.60	148.00	184.00	263.40	339.30	425.40	599.30	
01173500	1001	19301001	20151001	86	154.23	198.06	20.00	1030.00		23.70	26.70	29.00	35.80	44.75	49.00	51.45	59.60	68.15	74.00	84.40	97.40	112.00	130.00	171.00	227.80	288.70	398.30	660.55	
01173500	1002	19301002	20151002	86	154.85	183.16	8.20	835.00		22.00	26.00	30.10	37.00	40.75	47.00	53.25	63.60	72.30	76.00	88.85	96.20	132.15	158.60	187.75	242.40	312.95	374.90	616.60	
01173500	1003	19301003	20151003	86	149.50	169.72	12.00	912.00		25.35	27.00	29.00	37.00	43.25	47.00	57.45	66.80	71.45	75.00	88.85	106.80	125.65	149.60	172.50	251.00	304.80	410.10	544.00	
01173500	1004	19301004	20151004	86	144.98	186.27	14.00	1350.00		25.70	28.70	35.00	37.00	44.50	52.20	59.35	65.60	70.45	80.50	94.55	107.80	117.85	142.90	181.25	226.00	243.80	345.20	510.05	
01173500	1005	19301005	20151005	86	137.31	171.22	13.00	1130.00		25.35	26.70	31.05	37.40	40.00	50.20	55.35	65.80	70.30	80.00	90.70	103.40	108.10	127.60	161.00	192.20	247.95	288.30	498.30	
01173500	1006	19301006	20151006	86	138.17	162.31	10.00	1030.00		24.00	25.70	32.10	34.40	41.75	50.10	56.90	69.60	74.30	81.00	95.00	100.60	121.10	144.40	162.75	210.20	254.85	279.10	483.95	
01173500	1007	19301007	20141007	85	149.21	175.85	8.90	899.00		25.00	27.60	30.70	38.00	44.00	50.60	56.20	66.40	74.80	81.00	88.50	104.60	122.70	139.00	185.00	202.40	272.50	420.40	535.00	
01173500	1008	19301008	20141008	85	144.68	160.72	18.00	847.00		24.30	27.60	34.90	40.00	46.50	52.00	60.10	64.80	70.00	78.00	94.50	114.00	131.50	154.20	173.50	207.80	281.90	396.80	463.90	
01173500	1009	19301009	20141009	85	171.33	273.49	21.00	2260.00		24.00	28.20	34.00	36.00	47.00	55.20	61.20	75.00	81.40	100.00	112.30	139.60	143.00	157.60	167.50	195.00	329.30	394.00	591.60	
01173500	1010	19301010	20141010	85	165.81	219.25	21.00	1530.00		25.30	29.20	32.90	38.20	45.50	52.20	59.00	68.00	84.50	94.00	114.50	131.60	146.00	158.40	179.00	212.00	281.30	396.00	682.20	
01173500	1011	19301011	20141011	85	154.87	175.31	22.00	912.00		25.30	29.00	32.00	37.20	47.00	51.00	65.00	74.40	83.70	90.00	104.00	118.80	128.60	153.00	177.00	238.80	283.10	395.80	614.90	
01173500	1012	19301012	20141012	85	151.79	172.17	12.00	885.00		25.90	30.00	34.70	39.40	44.00	50.80	56.20	68.80	77.70	80.00	89.90	106.60	119.90	154.40	178.50	265.80	296.20	369.40	570.50	
01173500	1013	19301013	20141013	85	147.97	174.57	9.10	990.00		23.30	28.20	33.00	37.60	47.50	52.80	60.20	68.40	79.00	93.00	100.30	107.60	122.80	151.00	177.50	210.60	259.50	355.40	510.80	
01173500	1014	19301014	20141014	85	154.50	189.18	9.90	1100.00		25.00	31.00	33.00	40.20	47.50	52.80	65.10	77.00	80.10	85.00	95.20	113.40	130.70	155.60	193.50	232.20	252.10	329.20	575.20	
01173500	1015	19301015	20141015	85	201.20	454.96	22.00	4020.00		24.60	29.60	33.90	40.00	46.00	57.60	70.00	74.00	78.10	88.00	107.60	124.20	138.90	150.20	178.50	226.40	302.40	384.80	673.80	
01173500	1016	19301016	20141016	85	187.67	330.94	25.00	2530.00		25.30	31.60	36.90	39.20	46.00	59.40	71.10	77.40	91.40	103.00	114.20	132.40	149.90	164.00	202.50	227.20	283.30	379.40	570.60	
01173500	1017	19301017	20141017	85	177.95	277.05	12.00	2130.00		23.60	30.00	35.00	38.40	41.50	52.00	70.00	75.60	86.50	95.00	105.10	118.20	134.60	159.00	189.00	237.40	305.40	417.80	601.20	
01173500	1018	19301018	20141018	85	185.16	270.14	14.00	2050.00		27.60	33.20	39.70	45.20	49.50	62.60	71.20	92.00	99.40	105.00	109.30	122.40	140.80	175.40	195.50	262.80	326.20	392.80	739.70	
01173500	1019	19301019	20141019	85	184.96	246.18	13.00	1510.00		30.00	34.00	42.60	49.20	53.50	60.00	68.40	83.40	95.00	109.00	118.30	130.40	145.60	169.20	205.50	279.60	315.70	408.60	572.40	
01173500	1020	19301020	20141020	85	196.29	257.94	18.00	1510.00		28.20	32.60	42.20	45.20	53.50	65.20	70.20	82.00	88.70	103.00	114.20	135.00	145.80	178.40	228.00	276.20	348.40	453.40	791.60	
01173500	1021	19301021	20141021	85	230.75	383.42	22.00	2850.00		28.60	32.60	40.60	48.40	62.00	70.00	87.00	88.00	98.00	102.00	123.80	133.20	166.00	184.40	243.50	272.20	357.30	572.80	906.70	
01173500	1022	19301022	20141022	85	211.22	269.88	13.00	1440.00		23.00	31.20	38.00	45.40	60.00	70.80	84.10	92.80	97.00	118.00	132.20	147.60	174.60	215.60	237.00	272.00	353.40	589.60	802.20	
01173500	1023	19301023	20141023	85	202.67	254.69	17.00	1590.00		28.30	35.00	41.00	46.80	59.50	67.60	81.30	87.00	95.00	111.00	119.10	136.00	148.40	205.20	240.00	288.60	337.30	554.80	815.00	
01173500	1024	19301024	20141024	85	214.22	266.89	23.00	1450.00		30.00	33.60	43.70	56.40	63.50	70.80	77.00	84.20	92.00	102.00	111.50	130.80	155.80	193.60	229.00	342.20	411.30	585.40	848.90	
01173500	1025	19301025	20141025	85	223.16	274.30	18.00	1550.00		24.90	36.20	42.80	55.00	70.50	82.60	86.20	92.60	103.50	109.00	132.50	141.60	160.70	183.20	271.50	376.20	481.20	596.00	852.10	
01173500	1026	19301026	20141026	85	221.98	295.54	20.00	2260.00		29.00	35.20	43.70	56.00	72.00	79.40	88.10	97.80	104.40	115.00	128.30	157.60	167.70	204.60	280.00	365.40	449.50	556.00	713.80	
01173500	1027	19301027	20141027	85	206.42	233.55	19.00	1590.00		33.00	39.20	59.90	70.00	72.00	80.00	90.00	100.40	107.70	116.00	141.50	157.40	170.50	209.60	264.00	317.20	391.10	487.80	612.50	
01173500	1028	19301028	20141028	85	210.82	223.30	19.00	1310.00		31.30	35.60	49.70	70.00	79.00	88.20	91.00	93.40	101.40	135.00	151.00	162.20	181.00	222.00	304.00	319.40	398.10	497.40	640.90	
01173500	1029	19301029	20141029	85	224.76	254.87	16.00	1260.00		29.00	35.00	51.20	66.00	76.00	86.20	98.10	103.60	117.40	126.00	134.20	150.00	184.50	232.40	310.00	343.00	440.40	494.40	797.60	
01173500	1030	19301030	20141030	85	216.08	238.49	24.00	1370.00		28.30	36.20	41.00	57.20	75.00	82.60	90.00	102.20	111.00	129.00	141.70	171.60	192.70	258.20	290.00	332.00	400.00	502.80	685.00	
01173500	1031	19301031	20141031	85	203.55	203.14	22.00	1060.00		34.00	42.20	57.70	69.60	76.00	79.00	86.40	95.40	108.40	123.00	140.10	162.40	202.10	245.60	286.50	308.40	329.00	438.60	740.70	
01173500	1101	19301101	20141101	85	204.52	192.94	25.00	978.00		36.00	43.20	52.80	70.00	76.00	79.00	84.00	92.00	102.40	116.00	140.00	209.00	251.60	267.40	289.00	305.60	378.60	460.20	518.80	
01173500	1102	19301102	20141102	85	205.61	178.38	20.00	867.00		31.30	51.00	61.70	72.20	77.50	88.40	97.20	113.20	121.00	137.00	156.90	208.20	241.70	266.00	285.50	321.60	346.60	429.60	548.30	
01173500	1103	19301103	20141103	85	220.54	191.46	19.00	867.00		39.40	56.00	65.60	69.20	77.00	84.80	100.20	116.80	129.40	161.00	183.10	212.20	257.90	276.40	294.00	315.60	344.40	530.40	699.30	
01173500	1104	19301104	20141104	85	239.73	276.59	26.00	1640.00		38.30	51.20	57.90	62.00	78.50	98.40	106.30	118.00	131.70	174.00	187.90	212.80	230.70	246.40	266.50	289.80	371.70	521.00	862.40	
01173500	1105	19301105	20141105	85	241.69	284.32	26.00	1890.00		45.30	55.00	59.80	72.60	88.00	101.80	112.40	147.00	166.20	180.00	195.00	204.00	216.40	243.20	264.00	281.20	347.70	465.60	855.90	
01173500	1106	19301106	20141106	85	240.20	260.91	25.00	1930.00		45.30	53.00	68.00	93.00	99.00	101.80	110.50	126.40	140.90	150.00	201.40	238.60	255.70	266.80	292.00	322.00	378.00	455.40	722.80	
01173500	1107	19301107	20141107	85	231.05	221.48	26.00	1630.00		46.00	62.80	70.70	88.60	96.50	106.20	116.00	122.20	151.70	176.00	214.00	226.00	252.60	264.00	291.50	326.60	381.60	432.60	659.80	
01173500	1108	19301108	20141108	85	231.52	215.02	18.00	1280.00		46.40	56.80	71.00	78.40	90.00	95.60	116.20	144.00	170.60	182.00	192.00	216.40	243.20	258.60	285.00	337.40	382.00	446.60	639.10	
01173500	1109	19301109	20141109	85	245.33	216.43	18.00	1030.00		37.50	55.60	68.60	79.20	91.50	103.80	109.00	140.20	160.70	177.00	202.30	239.60	262.80	295.60	328.00	364.40	440.10	519.60	750.00	
01173500	1110	19301110	20141110	85	252.05	234.60	29.00	1420.00		39.00	57.40	65.90	80.40	94.00	105.40	122.10	146.40	162.20	182.00	198.60	223.20	262.10	306.60	332.00	354.60	423.70	556.60	770.70	
01173500	1111	19301111	20141111	85	255.75	234.20	22.00	1130.00		38.30	64.20	77.50	97.40	104.50	111.80	115.00	129.60	144.30	164.00	192.80	243.80	278.90	327.60	339.50	377.20	421.10	569.00	888.70	
01173500	1112	19301112	20141112	85	264.35	236.96	13.00	1260.00		39.20	62.60	74.00	96.00	106.00	121.80	144.20	153.80	165.80	182.00	204.20	236.00	271.80	295.20	348.00	409.80	462.40	560.20	875.00	
01173500	1113	19301113	20141113	85	263.19	232.46	16.00	1180.00		36.20	61.20	82.50	107.20	113.50	121.00	137.80	155.60	186.70	200.00	216.40	239.60	269.80	277.40	303.50	353.60	452.20	532.00	822.00	
01173500	1114	19301114	20141114	85	263.75	235.32	19.00	1220.00		39.10	56.80	79.40	101.60	113.00	134.40	149.10	162.20	174.00	187.00	224.50	251.40	269.00	296.80	316.00	365.20	431.30	548.80	813.70	
01173500	1115	19301115	20141115	85	268.78	249.88	25.00	1310.00		43.60	54.20	71.70	87.40	109.00	124.60	145.50	155.80	172.70	194.00	227.90	262.00	285.10	293.20	340.50	377.20	428.40	551.80	842.70	
01173500	1116	19301116	20141116	85	261.45	247.80	28.00	1440.00		39.70	58.60	77.40	91.20	108.50	116.80	141.20	166.40	174.10	193.00	219.50	252.80	273.10	289.20	313.00	344.20	447.60	537.40	677.90	
01173500	1117	19301117	20141117	85	269.62	261.15	25.00	1330.00		48.00	57.80	78.20	91.00	102.50	111.60	130.30	170.40	186.50	196.00	221.20	236.40	262.50	275.80	287.00	300.40	432.10	625.20	983.40	
01173500	1118	19301118	20141118	85	265.28	226.68	24.00	997.00		40.10	63.60	85.50	98.20	113.50	123.40	142.70	161.00	178.30	194.00	230.10	254.00	258.00	289.40	332.50	381.20	417.90	625.80	882.20	
01173500	1119	19301119	20141119	85	250.15	185.53	24.00	803.00		33.70	61.60	85.90	100.40	114.00	137.40	152.40	161.00	185.00	211.00	233.50	249.60	257.50	293.60	343.00	348.80	375.70	538.80	717.10	
01173500	1120	19301120	20141120	85	254.16	180.95	28.00	776.00		41.00	58.00	80.70	94.40	114.50	124.80	153.20	160.80	183.40	206.00	223.60	264.40	293.00	308.40	347.50	424.40	460.20	530.00	628.00	
01173500	1121	19301121	20141121	85	274.98	216.06	25.00	1060.00		48.90	71.00	79.70	94.00	119.50	139.00	155.80	167.80	189.40	207.00	242.50	254.60	279.30	313.80	404.00	455.00	479.00	621.40	724.40	
01173500	1122	19301122	20141122	85	272.29	207.35	41.00	1030.00		45.20	61.00	74.60	87.60	116.00	133.60	155.70	177.00	191.00	206.00	246.30	284.20	308.70	334.40	385.00	428.80	463.70	598.60	638.20	
01173500	1123	19301123	20141123	85	284.11	239.14	22.00	1350.00		49.70	67.60	90.90	104.60	121.00	127.80	140.30	164.00	187.40	225.00	250.90	277.20	299.80	340.80	400.50	430.40	472.80	545.20	795.60	
01173500	1124	19301124	20141124	85	279.12	215.78	32.00	1120.00		52.90	89.00	108.40	124.00	142.00	153.60	174.30	183.40	192.50	223.00	255.80	285.60	302.80	319.00	348.50	372.60	414.90	496.00	773.10	
01173500	1125	19301125	20141125	85	281.34	196.59	28.00	910.00		52.60	91.80	104.70	121.60	130.00	150.00	170.90	202.80	224.80	260.00	269.20	285.20	295.90	321.60	354.00	393.20	470.40	534.00	782.50	
01173500	1126	19301126	20141126	85	294.89	217.33	29.00	1060.00		56.70	80.60	95.50	124.20	129.50	139.20	156.50	172.60	232.80	264.00	276.50	295.00	312.00	332.00	374.50	448.00	530.10	638.80	781.30	
01173500	1127	19301127	20141127	85	295.62	215.67	31.00	1180.00		46.30	73.20	95.40	126.60	147.00	154.60	176.10	202.40	246.80	256.00	262.40	280.20	314.70	342.80	392.50	424.20	522.00	576.60	739.50	
01173500	1128	19301128	20141128	85	296.96	192.97	47.00	1050.00		62.40	71.60	85.70	130.80	147.50	193.80	220.00	221.00	243.40	270.00	280.20	303.20	320.00	345.80	406.00	428.00	468.50	563.00	663.70	
01173500	1129	19301129	20141129	85	331.69	278.22	48.00	2050.00		69.60	85.40	109.60	128.40	156.00	195.40	211.60	223.80	251.40	265.00	293.90	319.00	347.80	368.40	400.00	458.00	578.90	646.20	816.70	
01173500	1130	19301130	20141130	85	330.49	270.28	40.00	1940.00		68.30	86.60	103.70	131.80	180.50	202.80	218.00	233.20	248.80	262.00	281.30	304.80	350.20	383.00	425.00	446.80	505.80	620.40	869.30	
01173500	1201	19301201	20141201	85	318.15	234.79	39.00	1490.00		71.40	98.80	120.90	136.20	174.00	187.40	214.00	225.20	236.40	260.00	284.30	310.00	341.20	373.60	390.50	434.40	504.20	580.40	764.50	
01173500	1202	19301202	20141202	85	331.89	278.93	43.00	1560.00		57.20	93.40	122.80	132.40	161.50	183.40	196.10	219.00	232.30	264.00	286.30	315.00	324.80	338.40	383.00	435.60	489.60	658.40	1069.80	
01173500	1203	19301203	20141203	85	320.32	268.24	46.00	1880.00		59.40	101.80	114.80	153.40	164.50	184.20	202.00	205.40	223.90	245.00	263.60	275.20	298.90	343.60	400.00	467.20	557.50	610.60	848.80	
01173500	1204	19301204	20141204	85	300.18	208.12	42.00	1290.00		52.90	91.40	119.20	129.60	150.50	164.40	185.20	195.20	226.60	253.00	293.80	315.40	364.40	384.20	401.50	417.20	445.10	576.40	705.20	
01173500	1205	19301205	20141205	85	308.93	223.57	38.00	1270.00		63.80	109.60	117.80	131.80	148.00	165.20	178.10	191.20	225.50	259.00	277.60	312.80	346.00	362.20	379.50	424.20	535.60	599.40	789.60	
01173500	1206	19301206	20141206	85	322.76	281.00	45.00	1690.00		61.30	80.60	113.30	121.60	147.50	154.80	181.70	210.80	238.40	269.00	284.40	304.40	330.60	357.80	423.50	457.20	514.50	602.80	773.80	
01173500	1207	19301207	20141207	85	349.89	321.17	35.00	1910.00		52.90	77.20	110.00	125.80	140.50	160.80	185.40	224.20	262.80	275.00	287.20	320.80	359.70	376.80	433.50	487.60	578.20	698.40	1002.20	
01173500	1208	19301208	20141208	85	347.12	312.98	41.00	2070.00		58.60	99.20	114.50	131.20	146.00	168.80	191.10	231.00	256.20	270.00	301.30	324.20	345.40	368.80	424.50	472.20	539.50	726.00	951.70	
01173500	1209	19301209	20141209	85	328.89	269.54	27.00	1700.00		52.10	108.00	125.10	141.60	150.00	171.60	217.30	228.40	251.70	274.00	295.00	309.60	322.70	352.20	385.50	426.40	512.50	718.80	854.80	
01173500	1210	19301210	20141210	85	324.81	249.81	36.00	1420.00		55.20	96.00	136.00	144.60	158.50	183.40	190.70	222.00	242.80	257.00	280.90	323.00	344.20	367.60	398.50	450.40	553.00	623.40	797.00	
01173500	1211	19301211	20141211	85	331.75	270.71	30.00	1370.00		48.40	95.00	114.60	137.20	156.50	170.00	191.40	210.00	232.80	270.00	282.00	297.20	332.80	373.60	400.00	462.80	597.10	658.40	939.80	
01173500	1212	19301212	20141212	85	354.32	355.02	33.00	2480.00		72.70	105.20	120.80	125.20	145.00	155.00	191.90	204.80	242.10	256.00	279.30	303.00	344.50	386.00	440.00	474.40	580.80	694.80	1067.00	
01173500	1213	19301213	20141213	85	360.82	349.79	38.00	2630.00		63.70	104.60	123.50	145.20	154.00	177.40	199.10	217.00	238.80	260.00	278.30	313.00	356.70	409.20	434.50	485.80	630.40	796.40	932.90	
01173500	1214	19301214	20141214	85	341.92	272.67	27.00	1530.00		71.40	105.00	134.50	150.20	160.00	179.20	191.70	208.80	239.70	250.00	268.60	302.80	354.40	364.60	419.00	520.40	605.50	758.80	887.20	
01173500	1215	19301215	20141215	85	336.79	272.23	68.00	1420.00		87.20	100.60	117.80	130.00	144.00	155.00	170.80	200.00	232.80	257.00	276.00	324.60	338.80	356.80	418.50	515.00	561.90	767.60	943.70	
01173500	1216	19301216	20141216	85	338.47	276.68	70.00	1610.00		83.30	111.40	124.50	140.00	148.00	170.00	186.30	197.00	217.90	247.00	261.80	309.20	322.70	373.00	418.50	518.00	576.30	713.40	949.50	
01173500	1217	19301217	20141217	85	347.44	291.35	46.00	1600.00		77.90	102.40	124.40	135.00	150.50	169.60	185.10	213.00	242.10	252.00	306.00	328.80	350.00	379.00	418.50	474.80	552.50	724.40	1039.70	
01173500	1218	19301218	20141218	85	374.36	410.31	54.00	2460.00		77.90	107.20	129.00	143.40	155.00	169.40	180.60	216.60	237.80	260.00	293.00	322.20	344.00	360.00	423.00	440.60	542.80	758.00	1158.00	
01173500	1219	19301219	20141219	85	343.75	333.62	43.00	2070.00		68.60	98.40	126.30	138.00	149.50	160.00	190.40	217.00	232.70	262.00	271.50	283.00	308.70	349.20	384.00	420.60	494.50	798.40	1132.00	
01173500	1220	19301220	20141220	85	324.29	311.64	39.00	2110.00		58.90	91.20	119.50	129.20	154.00	162.60	174.20	194.00	210.00	243.00	254.30	272.40	297.10	347.20	391.00	427.60	492.00	716.40	1002.50	
01173500	1221	19301221	20141221	85	337.56	321.04	22.00	1770.00		55.90	99.40	116.30	140.00	150.00	154.80	164.10	187.00	210.70	231.00	262.60	287.20	322.70	357.60	404.00	462.20	533.70	713.80	1153.00	
01173500	1222	19301222	20141222	85	337.11	335.87	45.00	2270.00		66.40	108.00	121.80	125.20	150.00	154.60	162.10	184.40	223.40	256.00	271.90	303.20	334.40	370.60	398.50	437.60	496.00	662.60	914.40	
01173500	1223	19301223	20141223	85	311.54	234.19	47.00	1520.00		70.30	107.20	119.30	136.00	150.00	160.00	169.20	202.20	227.00	255.00	303.00	321.20	339.20	364.60	403.00	438.20	452.40	610.80	806.40	
01173500	1224	19301224	20141224	85	318.59	256.19	47.00	1550.00		55.90	88.00	113.60	131.40	149.50	161.60	177.60	200.20	235.00	260.00	292.40	306.40	323.20	353.00	377.50	422.00	503.40	751.00	888.40	
01173500	1225	19301225	20141225	85	334.35	345.00	21.00	2030.00		59.20	79.20	107.90	120.40	130.00	164.00	170.40	191.20	223.30	252.00	278.60	298.20	320.00	332.40	372.00	406.20	493.70	701.60	1170.00	
01173500	1226	19301226	20141226	85	338.46	277.84	47.00	1760.00		80.60	100.80	115.00	141.00	156.50	164.20	212.10	260.00	269.70	290.00	300.00	308.80	347.20	362.60	398.00	419.40	529.20	598.00	995.60	
01173500	1227	19301227	20141227	85	339.84	285.45	45.00	1620.00		72.80	108.00	124.50	141.80	155.50	170.00	188.10	234.00	250.00	275.00	284.00	298.00	348.00	401.00	421.50	463.80	490.20	612.00	1067.00	
01173500	1228	19301228	20141228	85	332.45	263.31	29.00	1320.00		61.80	100.00	109.90	126.00	140.00	154.00	216.40	241.20	255.10	274.00	294.90	334.20	363.80	379.20	415.50	447.80	480.30	682.00	1038.60	
01173500	1229	19301229	20141229	85	320.34	247.91	47.00	1390.00		70.30	93.60	105.00	126.00	152.50	199.00	210.10	229.40	242.80	247.00	281.30	312.80	339.00	346.00	393.00	411.40	490.20	621.00	917.60	
01173500	1230	19301230	20141230	85	317.98	253.19	50.00	1420.00		77.20	93.60	105.00	123.60	152.50	200.00	210.10	225.00	239.20	269.00	293.00	308.80	321.70	333.60	358.00	402.40	475.10	595.60	878.60	
01173500	1231	19301231	20141231	85	320.76	251.82	35.00	1310.00		56.50	80.60	110.40	131.80	157.50	180.00	200.90	214.80	237.10	261.00	287.90	303.40	321.70	340.00	374.50	436.60	545.70	662.20	892.30	
