site_no	monthday	begin_dt	end_dt	count_nu	mean	std	min	max	p01	p05	p10	p15	p20	p25	p30	p35	p40	p45	p50	p55	p60	p65	p70	p75	p80	p85	p90	p95	p99
01427207	ALL	20060728	20140930	2987	3057.55	3493.00	391.00	58300.00	697.40	850.00	936.00	1020.00	1100.00	1180.00	1280.00	1390.00	1532.00	1706.00	1900.00	2120.00	2360.00	2702.00	2970.00	3460.00	4100.00	4970.00	6440.00	9140.00	17236.00
01427207	0101	20070101	20140101	8	3222.50	1554.46	1330.00	5710.00				1501.50	1722.00	1970.00	2240.00	2451.50	2546.00	2631.00	2640.00	2649.00	3414.00	4273.50	4590.00	4635.00	4870.00	5342.50			
01427207	0102	20070102	20140102	8	3153.75	1388.95	1570.00	4970.00				1601.50	1642.00	1757.50	1933.00	2117.50	2320.00	2547.00	2970.00	3393.00	3852.00	4315.50	4500.00	4545.00	4650.00	4830.00			
01427207	0103	20070103	20140103	8	2891.25	1227.38	1620.00	4580.00				1630.50	1644.00	1702.50	1797.00	1908.00	2052.00	2224.00	2620.00	3016.00	3400.00	3782.50	4018.00	4180.00	4332.00	4471.50			
01427207	0104	20070104	20140104	8	2691.25	1079.60	1420.00	4030.00				1483.00	1564.00	1645.00	1726.00	1846.00	2044.00	2253.00	2550.00	2847.00	3216.00	3594.00	3768.00	3840.00	3910.00	3977.50			
01427207	0105	20070105	20140105	8	2660.00	1018.92	1440.00	3940.00				1468.00	1504.00	1617.50	1793.00	1962.50	2120.00	2293.00	2590.00	2887.00	3116.00	3336.50	3551.00	3762.50	3892.00	3919.00			
01427207	0106	20070106	20140106	8	3342.50	1928.59	1170.00	7300.00				1268.00	1394.00	1645.00	1996.00	2357.50	2740.00	3111.00	3390.00	3669.00	3760.00	3827.50	3883.00	3932.50	4628.00	6131.00			
01427207	0107	20070107	20140107	8	3293.75	2045.27	1040.00	7590.00				1169.50	1336.00	1587.50	1907.00	2244.50	2618.00	2979.00	3240.00	3501.00	3626.00	3734.00	3821.00	3897.50	4670.00	6312.50			
01427207	0108	20070108	20140108	8	3589.12	2652.72	933.00	9240.00				1050.95	1202.60	1502.50	1921.00	2299.00	2596.00	2882.50	3085.00	3287.50	3502.00	3718.00	4186.00	4780.00	5936.00	7794.50			
01427207	0109	20070109	20140109	8	3966.88	3228.55	955.00	9020.00				1051.25	1175.00	1510.00	2014.00	2381.50	2476.00	2587.50	2835.00	3082.50	3270.00	3450.00	5157.00	7627.50	9004.00	9013.00			
01427207	0110	20070110	20140110	8	3784.25	3145.82	944.00	10200.00				1047.60	1180.80	1472.50	1891.00	2237.50	2440.00	2647.00	2890.00	3133.00	3168.00	3177.00	4254.00	5865.00	7448.00	8996.00			
01427207	0111	20070111	20140111	8	4037.12	3461.63	937.00	11700.00				1050.05	1195.40	1462.50	1827.00	2202.00	2598.00	2967.50	3125.00	3282.50	3860.00	4490.00	4904.00	5210.00	6644.00	9488.00			
01427207	0112	20070112	20140112	8	4853.75	4352.69	890.00	11800.00				1065.00	1290.00	1645.00	2104.00	2480.50	2692.00	2898.00	3060.00	3222.00	3832.00	4498.00	6754.00	9805.00	11560.00	11695.00			
01427207	0113	20070113	20140113	8	4023.12	2634.71	845.00	8500.00				1193.25	1641.00	2092.50	2547.00	2890.50	3012.00	3121.50	3135.00	3148.50	3746.00	4416.50	5420.00	6590.00	7492.00	8059.00			
01427207	0114	20070114	20140114	8	3917.75	2214.29	832.00	7280.00				1443.80	2230.40	2627.50	2713.00	2821.00	2974.00	3110.50	3115.00	3119.50	3820.00	4607.50	5443.00	6302.50	6880.00	7105.00			
01427207	0115	20070115	20140115	8	4154.25	2364.36	984.00	7220.00				1430.60	2004.80	2280.00	2316.00	2461.50	2826.00	3198.50	3635.00	4071.50	5060.00	6117.50	6536.00	6635.00	6796.00	7034.50			
01427207	0116	20070116	20140116	8	4214.00	2918.88	982.00	9940.00				1250.80	1596.40	1895.00	2156.00	2490.50	2972.00	3407.00	3470.00	3533.00	4396.00	5359.00	5803.00	5987.50	6860.00	8592.50			
01427207	0117	20070117	20140117	8	3757.88	2357.74	963.00	8380.00				1367.95	1888.60	2162.50	2239.00	2395.00	2710.00	2993.50	3025.00	3056.50	3820.00	4675.00	5062.00	5215.00	5916.00	7302.00			
01427207	0118	20070118	20140118	8	3543.75	1986.04	1020.00	7420.00				1447.00	1996.00	2332.50	2499.00	2620.50	2652.00	2696.50	2845.00	2993.50	3654.00	4378.50	4659.00	4717.50	5284.00	6485.50			
01427207	0119	20070119	20140119	8	3318.75	1816.62	1320.00	6980.00				1589.50	1936.00	2115.00	2160.00	2206.50	2256.00	2341.50	2715.00	3088.50	3534.00	3988.50	4218.00	4335.00	4916.00	6077.00			
01427207	0120	20070120	20140120	8	2986.25	1618.87	1240.00	6140.00				1460.50	1744.00	1877.50	1891.00	1903.00	1912.00	1974.00	2460.00	2946.00	3284.00	3603.50	3830.00	4010.00	4516.00	5429.50			
01427207	0121	20070121	20140121	8	2651.25	1336.93	1070.00	5060.00				1283.50	1558.00	1692.50	1715.00	1731.50	1736.00	1798.50	2325.00	2851.50	3090.00	3292.50	3450.00	3585.00	3940.00	4570.00			
01427207	0122	20070122	20140122	8	2456.25	1220.81	1010.00	4510.00				1153.50	1338.00	1460.00	1532.00	1589.00	1616.00	1702.50	2265.00	2827.50	3038.00	3204.50	3284.00	3320.00	3574.00	4100.50			
01427207	0123	20070123	20140123	8	2422.00	1049.28	976.00	4010.00				1078.90	1211.20	1415.00	1676.00	1886.00	1994.00	2129.00	2480.00	2831.00	2918.00	2972.00	3089.00	3237.50	3458.00	3768.50			
01427207	0124	20070124	20140124	8	2566.00	942.89	978.00	3590.00				1073.20	1195.60	1617.50	2279.00	2729.00	2756.00	2782.50	2805.00	2827.50	2958.00	3102.00	3174.00	3210.00	3302.00	3464.00			
01427207	0125	20070125	20140125	8	3563.25	3212.70	946.00	11200.00				1055.90	1197.20	1622.50	2275.00	2714.50	2728.00	2760.00	2940.00	3120.00	3184.00	3233.50	3253.00	3257.50	4848.00	8421.00			
01427207	0126	20070126	20140126	8	4383.50	5844.03	928.00	18700.00				1040.70	1185.60	1542.50	2069.00	2465.00	2600.00	2722.50	2745.00	2767.50	2870.00	2982.50	3092.00	3200.00	6348.00	13296.00			
01427207	0127	20070127	20140127	8	3472.00	2492.22	906.00	8760.00				1012.40	1149.20	1582.50	2253.00	2724.00	2796.00	2868.00	2940.00	3012.00	3108.00	3207.00	3792.00	4620.00	5816.00	7472.00			
01427207	0128	20070128	20140128	8	3490.12	2250.74	901.00	7120.00				1023.15	1180.20	1640.00	2342.00	2820.50	2852.00	2886.50	2945.00	3003.50	3158.00	3324.50	4337.00	5772.50	6680.00	6927.50			
01427207	0129	20070129	20140129	8	3098.62	1585.73	879.00	5430.00				1036.85	1239.80	1680.00	2310.00	2746.50	2796.00	2847.00	2910.00	2973.00	3224.00	3498.50	4016.00	4655.00	5094.00	5283.00			
01427207	0130	20070130	20140130	8	2990.62	1210.44	865.00	4560.00				1279.75	1813.00	2180.00	2414.00	2604.50	2708.00	2822.00	3020.00	3218.00	3336.00	3444.00	3744.00	4140.00	4400.00	4490.00			
01427207	0131	20070131	20140131	8	3708.75	2237.12	850.00	8450.00				1452.00	2226.00	2617.50	2703.00	2790.00	2880.00	2971.00	3070.00	3169.00	3548.00	3962.00	4310.00	4625.00	5530.00	7172.50			
01427207	0201	20070201	20140201	8	3244.38	1567.47	845.00	5920.00				1350.75	2001.00	2340.00	2430.00	2526.00	2634.00	2752.00	2950.00	3148.00	3406.00	3671.50	4057.00	4502.50	4984.00	5510.50			
01427207	0202	20070202	20140202	8	2974.38	1265.72	885.00	4720.00				1212.25	1633.00	1992.50	2303.00	2543.00	2642.00	2749.50	2925.00	3100.50	3412.00	3740.50	3943.00	4082.50	4272.00	4524.00			
01427207	0203	20070203	20140203	8	2703.12	1095.64	875.00	4340.00				1163.75	1535.00	1890.00	2232.00	2487.00	2568.00	2644.00	2680.00	2716.00	2880.00	3060.00	3315.00	3607.50	3884.00	4140.50			
01427207	0204	20070204	20140204	8	2523.38	1018.39	927.00	4130.00				1152.05	1441.40	1747.50	2067.00	2293.50	2334.00	2385.00	2520.00	2655.00	2670.00	2670.00	2940.00	3345.00	3682.00	3934.00			
01427207	0205	20070205	20140205	8	2412.50	1052.73	960.00	3960.00				1058.00	1184.00	1475.00	1898.00	2184.50	2198.00	2222.50	2335.00	2447.50	2496.00	2536.50	2907.00	3442.50	3784.00	3883.00			
01427207	0206	20070206	20140206	8	2857.50	2583.87	1050.00	8890.00				1064.00	1082.00	1242.50	1517.00	1739.00	1856.00	1967.00	2030.00	2093.00	2168.00	2244.50	2729.00	3417.50	4818.00	7108.50			
01427207	0207	20070207	20140207	8	3262.50	4283.90	900.00	13700.00				924.50	956.00	992.50	1033.00	1198.00	1612.00	1986.50	2045.00	2103.50	2214.00	2331.00	2562.00	2850.00	5148.00	9958.50			
01427207	0208	20070208	20140208	8	2720.50	2991.05	800.00	9890.00				838.50	888.00	926.00	954.80	1118.90	1553.60	1943.50	1975.00	2006.50	2178.00	2367.00	2544.00	2715.00	4226.00	7412.00			
01427207	0209	20070209	20140209	8	2321.00	2363.35	850.00	8000.00				860.50	874.00	882.00	885.60	1033.80	1471.20	1862.00	1880.00	1898.00	1908.00	1917.00	2025.00	2182.50	3416.00	5994.50			
01427207	0210	20070210	20140210	8	2095.38	2031.17	850.00	6970.00				858.05	868.40	874.75	877.90	962.50	1210.00	1447.00	1600.00	1753.00	1814.00	1863.50	1949.00	2052.50	3082.00	5269.00			
01427207	0211	20070211	20140211	8	1919.88	1540.01	869.00	5530.00				879.85	893.80	935.00	998.00	1053.50	1094.00	1167.00	1500.00	1833.00	1902.00	1938.00	1986.00	2040.00	2762.00	4319.00			
01427207	0212	20070212	20140212	8	2002.75	1306.45	888.00	4780.00				893.60	900.80	910.50	922.20	1060.50	1452.00	1807.00	1870.00	1933.00	1968.00	1999.50	2238.00	2580.00	3172.00	4076.50			
01427207	0213	20070213	20140213	8	2342.00	1817.15	848.00	5440.00				869.00	896.00	926.00	958.40	1095.50	1442.00	1758.00	1830.00	1902.00	1934.00	1961.00	2858.00	4190.00	5032.00	5261.50			
01427207	0214	20070214	20140214	8	2438.50	2511.13	717.00	8430.00				812.90	936.20	1003.25	1025.30	1145.00	1460.00	1747.00	1810.00	1873.00	1888.00	1897.00	2173.00	2582.50	3934.00	6463.00			
01427207	0215	20070215	20140215	8	2237.12	2076.64	957.00	7280.00				1007.05	1071.40	1120.00	1156.00	1258.00	1492.00	1702.00	1720.00	1738.00	1784.00	1833.50	1922.00	2030.00	3128.00	5463.50			
01427207	0216	20070216	20140216	8	2128.38	1765.64	987.00	6440.00				1100.05	1245.40	1317.50	1331.00	1380.50	1502.00	1617.00	1680.00	1743.00	1750.00	1750.00	1777.00	1817.50	2760.00	4830.00			
01427207	0217	20070217	20140217	8	2082.50	1448.31	1070.00	5600.00				1220.50	1414.00	1502.50	1507.00	1516.00	1534.00	1554.50	1595.00	1635.50	1668.00	1699.50	1821.00	1987.50	2784.00	4368.00			
01427207	0218	20070218	20140218	8	2610.00	3085.03	950.00	10200.00				1058.50	1198.00	1295.00	1358.00	1425.50	1502.00	1573.50	1605.00	1636.50	1712.00	1793.00	1886.00	1985.00	3672.00	7344.00			
01427207	0219	20070219	20140219	8	3364.12	4804.95	983.00	15200.00				1107.95	1268.60	1380.00	1452.00	1509.00	1536.00	1573.50	1695.00	1816.50	1874.00	1923.50	2126.00	2405.00	5088.00	10776.00			
01427207	0220	20070220	20140220	8	2893.50	3667.34	988.00	11900.00				1055.20	1141.60	1240.00	1348.00	1432.00	1468.00	1513.50	1635.00	1756.50	1846.00	1931.50	2101.00	2312.50	4324.00	8585.50			
01427207	0221	20070221	20140221	8	2494.38	2728.40	955.00	9160.00				1023.25	1111.00	1175.00	1220.00	1277.00	1358.00	1447.50	1605.00	1762.50	1872.00	1975.50	2073.00	2167.50	3608.00	6731.00			
01427207	0222	20070222	20140222	8	2254.88	2249.56	969.00	7730.00				1025.35	1097.80	1150.00	1186.00	1211.50	1216.00	1247.00	1490.00	1733.00	1856.00	1964.00	2006.00	2015.00	3162.00	5731.50			
01427207	0223	20070223	20140223	8	2069.12	1930.17	973.00	6760.00				1010.45	1058.60	1097.50	1129.00	1150.00	1150.00	1179.50	1445.00	1710.50	1776.00	1816.50	1842.00	1860.00	2848.00	5048.50			
01427207	0224	20070224	20140224	8	1871.50	1490.80	955.00	5470.00				966.20	980.60	1032.75	1115.10	1177.50	1200.00	1243.50	1455.00	1666.50	1698.00	1707.00	1728.00	1755.00	2510.00	4175.00			
01427207	0225	20070225	20140225	8	1801.25	1272.53	898.00	4830.00				909.90	925.20	1006.50	1140.60	1258.50	1344.00	1423.50	1455.00	1486.50	1574.00	1668.50	1763.00	1857.50	2494.00	3808.00			
01427207	0226	20070226	20140226	8	1864.75	1168.17	932.00	4390.00				947.40	967.20	1012.00	1076.80	1153.00	1252.00	1357.00	1510.00	1663.00	1732.00	1790.50	2068.00	2455.00	3014.00	3788.00			
01427207	0227	20070227	20140227	8	1859.50	1110.34	966.00	4200.00				1002.40	1049.20	1080.00	1098.00	1137.00	1218.00	1296.50	1355.00	1413.50	1756.00	2134.00	2350.00	2485.00	2888.00	3626.00			
01427207	0228	20070228	20140228	8	2146.25	969.48	1120.00	3760.00				1127.00	1136.00	1202.50	1315.00	1418.50	1504.00	1634.50	2125.00	2615.50	2694.00	2721.00	2745.00	2767.50	2976.00	3417.00			
01427207	0229	20080229	20120229	2	2280.00	1640.49	1120.00	3440.00								1236.00	1584.00	1932.00	2280.00	2628.00	2976.00	3324.00							
01427207	0301	20070301	20140301	8	2161.25	1023.24	1040.00	3650.00				1089.00	1152.00	1262.50	1411.00	1511.50	1516.00	1554.00	1860.00	2166.00	2400.00	2625.00	2937.00	3292.50	3522.00	3594.00			
01427207	0302	20070302	20140302	8	1986.25	874.49	1200.00	3520.00				1203.50	1208.00	1235.00	1280.00	1341.50	1436.00	1530.00	1620.00	1710.00	2104.00	2536.00	2695.00	2717.50	2888.00	3243.50			
01427207	0303	20070303	20140303	8	2058.75	783.81	1200.00	3450.00				1266.50	1352.00	1422.50	1481.00	1521.50	1526.00	1565.00	1880.00	2195.00	2306.00	2391.50	2513.00	2652.50	2874.00	3198.00			
01427207	0304	20070304	20140304	8	2211.25	934.99	1140.00	3770.00				1248.50	1388.00	1475.00	1520.00	1602.50	1760.00	1900.50	1905.00	1909.50	2234.00	2598.50	2879.00	3117.50	3354.00	3588.00			
01427207	0305	20070305	20140305	8	4265.00	6648.91	1100.00	20600.00				1198.00	1324.00	1427.50	1513.00	1576.00	1594.00	1610.50	1615.00	1619.50	2052.00	2538.00	2952.00	3330.00	6952.00	14629.00			
01427207	0306	20070306	20140306	8	5582.50	8394.85	1090.00	24900.00				1181.00	1298.00	1352.50	1357.00	1363.00	1372.00	1390.50	1485.00	1579.50	2030.00	2525.00	4973.00	8397.50	13220.00	19790.00			
01427207	0307	20070307	20140307	8	6095.00	8127.05	1060.00	21300.00				1186.00	1348.00	1447.50	1497.00	1579.50	1728.00	1865.00	1910.00	1955.00	2268.00	2614.50	6981.00	13357.50	17780.00	19760.00			
01427207	0308	20070308	20140308	8	5923.75	7603.91	1090.00	23300.00				1254.50	1466.00	1597.50	1665.00	1746.00	1854.00	1997.50	2425.00	2852.50	3692.00	4583.00	6416.00	8720.00	12660.00	18645.00			
01427207	0309	20070309	20140309	8	9088.75	12225.82	1070.00	36600.00				1248.50	1478.00	1650.00	1776.00	2061.00	2664.00	3255.50	3755.00	4254.50	5582.00	7013.00	10223.00	14322.50	20600.00	29600.00			
01427207	0310	20070310	20140310	8	6763.75	7591.51	1160.00	22900.00				1293.00	1464.00	1595.00	1694.00	2033.00	2852.00	3591.00	3690.00	3789.00	4788.00	5899.50	8319.00	11392.50	15060.00	19470.00			
01427207	0311	20070311	20140311	8	8478.75	9835.48	1330.00	29000.00				1333.50	1338.00	1425.00	1578.00	1882.50	2490.00	3081.00	3540.00	3999.00	7350.00	11062.50	13140.00	14400.00	17880.00	24135.00			
01427207	0312	20070312	20140312	8	7447.50	6528.04	1450.00	20600.00				1513.00	1594.00	1895.00	2372.00	2993.00	3902.00	4804.50	5655.00	6505.50	8240.00	10085.00	10850.00	11075.00	13080.00	17310.00			
01427207	0313	20070313	20140313	8	7647.50	5297.90	1630.00	16700.00				1829.50	2086.00	2312.50	2515.00	3488.50	6004.00	8261.50	8455.00	8648.50	8758.00	8857.00	9883.00	11372.50	13100.00	15125.00			
01427207	0314	20070314	20140314	8	6703.75	4383.00	1770.00	13400.00				2071.00	2458.00	2705.00	2840.00	3414.50	4868.00	6191.50	6475.00	6758.50	7054.00	7351.00	8965.00	11237.50	12680.00	13085.00			
01427207	0315	20070315	20140315	8	6888.75	3929.23	1640.00	11700.00				1993.50	2448.00	3030.00	3714.00	4423.50	5184.00	5941.50	6675.00	7408.50	8814.00	10303.50	10800.00	10800.00	10980.00	11385.00			
01427207	0316	20070316	20140316	8	6140.00	3495.59	1540.00	10500.00				1848.00	2244.00	2667.50	3113.00	3704.00	4586.00	5454.50	6215.00	6975.50	7684.00	8386.00	9094.00	9805.00	10260.00	10395.00			
01427207	0317	20070317	20140317	8	5223.75	3013.17	1310.00	10600.00				1667.00	2126.00	2490.00	2778.00	3268.50	4164.00	5015.50	5515.00	6014.50	6202.00	6350.50	6625.00	6962.50	7840.00	9392.50			
01427207	0318	20070318	20140318	8	5013.75	3425.80	1250.00	12300.00				1565.00	1970.00	2307.50	2591.00	3090.50	4022.00	4863.50	4985.00	5106.50	5240.00	5375.00	5666.00	6035.00	7452.00	10179.00			
01427207	0319	20070319	20140319	8	5315.00	4355.65	1230.00	15100.00				1499.50	1846.00	2175.00	2490.00	2913.00	3552.00	4186.00	4780.00	5374.00	5508.00	5584.50	5823.00	6142.50	8076.00	12027.00			
01427207	0320	20070320	20140320	8	6512.50	6160.79	1350.00	19300.00				1693.00	2134.00	2377.50	2463.00	2743.50	3414.00	4068.50	4595.00	5121.50	5192.00	5205.50	7307.00	10452.50	13620.00	16815.00			
01427207	0321	20070321	20140321	8	5532.50	4629.36	1620.00	14600.00				1823.00	2084.00	2220.00	2256.00	2491.50	3126.00	3725.00	4040.00	4355.00	4586.00	4806.50	6596.00	9170.00	11400.00	13200.00			
01427207	0322	20070322	20140322	8	4840.00	3645.04	1570.00	11200.00				1685.50	1834.00	1970.00	2096.00	2396.00	3044.00	3630.50	3725.00	3819.50	4186.00	4586.50	6214.00	8455.00	10000.00	10675.00			
01427207	0323	20070323	20140323	8	6241.25	5254.06	1700.00	16800.00				1714.00	1732.00	1820.00	1964.00	2217.50	2690.00	3301.50	5025.00	6748.50	7592.00	8325.50	8702.00	8900.00	10568.00	14073.50			
01427207	0324	20070324	20140324	8	5821.25	5240.66	1480.00	16800.00				1522.00	1576.00	1692.50	1859.00	2027.00	2198.00	2597.00	4820.00	7043.00	7298.00	7307.00	7448.00	7655.00	9576.00	13639.50			
01427207	0325	20070325	20140325	8	5640.00	4964.78	1310.00	13800.00				1373.00	1454.00	1597.50	1791.00	1926.00	1944.00	2165.50	4015.00	5864.50	6230.00	6410.00	8159.00	10692.50	12440.00	13205.00			
01427207	0326	20070326	20140326	8	5162.50	4567.35	1270.00	12200.00				1315.50	1374.00	1505.00	1694.00	1838.00	1892.00	2099.00	3530.00	4961.00	5332.00	5570.50	7525.00	10337.50	11960.00	12095.00			
01427207	0327	20070327	20140327	8	5338.75	5388.61	1110.00	16600.00				1169.50	1246.00	1445.00	1742.00	1979.00	2096.00	2315.50	3355.00	4394.50	4810.00	5147.50	6625.00	8672.50	11168.00	14223.50			
01427207	0328	20070328	20140328	8	5840.00	6338.22	1240.00	20200.00				1313.50	1408.00	1577.50	1807.00	2059.00	2356.00	2697.00	3390.00	4083.00	5312.00	6608.00	7343.00	7797.50	10480.00	15947.50			
01427207	0329	20070329	20140329	8	5840.00	5541.18	1240.00	17500.00				1478.00	1784.00	2005.00	2158.00	2354.50	2638.00	2943.50	3425.00	3906.50	5236.00	6671.50	7945.00	9137.50	11340.00	14805.00			
01427207	0330	20070330	20140330	8	6316.25	4503.76	1160.00	13700.00				1387.50	1680.00	2315.00	3224.00	3843.50	3884.00	4024.00	4960.00	5896.00	7404.00	8983.50	9837.00	10327.50	11220.00	12615.00			
01427207	0331	20070331	20140331	8	6837.50	5597.30	1290.00	17600.00				1447.50	1650.00	2122.50	2811.00	3364.50	3648.00	4032.50	5225.00	6417.50	7510.00	8590.00	9685.00	10787.50	12640.00	15430.00			
01427207	0401	20070401	20140401	8	6312.50	4749.34	1350.00	14700.00				1595.00	1910.00	2165.00	2372.00	2732.00	3398.00	4101.50	5105.00	6108.50	7664.00	9288.50	9836.00	9845.00	10820.00	13002.50			
01427207	0402	20070402	20140402	8	6228.75	4568.22	1600.00	13500.00				1838.00	2144.00	2290.00	2308.00	2590.00	3400.00	4199.50	4915.00	5630.50	6826.00	8081.50	9490.00	10975.00	12140.00	12905.00			
01427207	0403	20070403	20140403	8	5505.00	3610.75	1420.00	11100.00				1605.50	1844.00	2165.00	2552.00	3005.00	3590.00	4186.50	4875.00	5563.50	6264.00	6966.00	7983.00	9157.50	10068.00	10648.50			
01427207	0404	20070404	20140404	8	5446.25	3103.78	1270.00	10500.00				1427.50	1630.00	2417.50	3673.00	4627.00	4978.00	5293.50	5325.00	5356.50	5848.00	6397.00	7108.00	7900.00	8772.00	9744.00			
01427207	0405	20070405	20140405	8	5873.75	3659.59	1180.00	12900.00				1348.00	1564.00	2522.50	4075.00	5131.00	5194.00	5326.00	6010.00	6694.00	6870.00	6982.50	7044.00	7080.00	8260.00	10870.00			
01427207	0406	20070406	20140406	8	5403.75	3360.04	1120.00	11500.00				1295.00	1520.00	2325.00	3594.00	4470.00	4560.00	4703.00	5270.00	5837.00	5912.00	5925.50	6575.00	7542.50	8764.00	10303.00			
01427207	0407	20070407	20140407	8	4802.50	2884.31	1060.00	10100.00				1235.00	1460.00	2160.00	3240.00	4050.00	4320.00	4586.00	4820.00	5054.00	5100.00	5122.50	5682.00	6510.00	7596.00	9004.50			
01427207	0408	20070408	20140408	8	4520.00	2506.65	1020.00	8820.00				1202.00	1436.00	2175.00	3318.00	4131.00	4284.00	4424.50	4465.00	4505.50	4874.00	5283.50	5699.00	6117.50	6844.00	7955.50			
01427207	0409	20070409	20140409	8	4284.38	2266.53	985.00	7820.00				1214.25	1509.00	2155.00	3082.00	3746.50	3886.00	4026.50	4175.00	4323.50	4940.00	5615.00	5870.00	5915.00	6316.00	7162.00			
01427207	0410	20070410	20140410	8	3955.00	1941.61	970.00	7000.00				1428.50	2018.00	2455.00	2770.00	3080.50	3382.00	3667.00	3820.00	3973.00	4402.00	4865.50	5239.00	5567.50	6000.00	6562.50			
01427207	0411	20070411	20140411	8	3846.12	1716.49	959.00	6370.00				1473.85	2135.80	2665.00	3088.00	3398.50	3484.00	3572.50	3685.00	3797.50	4190.00	4617.50	4985.00	5322.50	5682.00	6069.00			
01427207	0412	20070412	20140412	8	3847.62	1936.93	961.00	6370.00				1300.15	1736.20	2180.00	2630.00	3021.50	3296.00	3549.50	3635.00	3720.50	4330.00	5005.00	5488.00	5875.00	6146.00	6272.00			
01427207	0413	20070413	20140413	8	3804.25	1847.71	914.00	6060.00				1322.10	1846.80	2180.00	2360.00	2714.00	3416.00	4046.00	4100.00	4154.00	4388.00	4644.50	5102.00	5660.00	5988.00	6028.50			
01427207	0414	20070414	20140414	8	3521.38	1678.66	881.00	5840.00				1339.15	1928.20	2242.50	2337.00	2530.50	2922.00	3294.00	3510.00	3726.00	4058.00	4404.50	4760.00	5120.00	5424.00	5658.00			
01427207	0415	20070415	20140415	8	3999.00	2565.47	862.00	9110.00				1232.30	1708.40	2110.00	2452.00	2692.00	2728.00	2852.00	3680.00	4508.00	4728.00	4872.00	4986.00	5085.00	5934.00	7720.50			
01427207	0416	20070416	20140416	8	6537.00	7328.10	846.00	21600.00				1179.90	1609.20	1970.00	2276.00	2514.50	2618.00	2776.00	3370.00	3964.00	4390.00	4795.00	7621.00	11657.50	15440.00	18905.00			
01427207	0417	20070417	20140417	8	6804.38	6985.83	805.00	21200.00				1279.25	1889.00	2262.50	2447.00	2604.50	2708.00	2830.00	3100.00	3370.00	6240.00	9435.00	10650.00	10875.00	13040.00	17630.00			
01427207	0418	20070418	20140418	8	5982.50	6301.62	730.00	18700.00				1094.00	1562.00	1840.00	1966.00	2096.50	2236.00	2367.50	2435.00	2502.50	5402.00	8655.50	9818.00	9935.00	11740.00	15655.00			
01427207	0419	20070419	20140419	8	5312.25	5897.52	698.00	17600.00				964.70	1307.60	1467.50	1481.00	1551.50	1736.00	1918.50	2085.00	2251.50	4774.00	7591.00	8536.00	8545.00	10360.00	14432.50			
01427207	0420	20070420	20140420	8	5321.12	5673.33	739.00	17200.00				879.35	1059.80	1180.00	1252.00	1354.00	1516.00	1805.50	3115.00	4424.50	5594.00	6746.00	7640.00	8405.00	10504.00	14270.50			
01427207	0421	20070421	20140421	8	4727.25	4888.81	848.00	15100.00				992.20	1177.60	1290.00	1344.00	1408.50	1494.00	1686.50	2735.00	3783.50	4744.00	5693.50	6532.00	7315.00	9220.00	12527.50			
01427207	0422	20070422	20140422	8	4100.50	3905.40	864.00	12300.00				985.10	1140.80	1287.50	1427.00	1572.50	1730.00	1934.00	2510.00	3086.00	3938.00	4824.50	5615.00	6357.50	7876.00	10364.50			
01427207	0423	20070423	20140423	8	4251.25	3278.68	1130.00	10400.00				1231.50	1362.00	1657.50	2085.00	2452.50	2700.00	2938.00	3100.00	3262.00	3804.00	4393.50	5583.00	7072.50	8400.00	9525.00			
01427207	0424	20070424	20140424	8	4082.50	3105.03	1080.00	8840.00				1160.50	1264.00	1537.50	1947.00	2287.50	2490.00	2716.00	3130.00	3544.00	3806.00	4049.00	5537.00	7647.50	8824.00	8833.00			
01427207	0425	20070425	20140425	8	3676.25	2859.10	1220.00	8430.00				1223.50	1228.00	1370.00	1622.00	1875.50	2132.00	2386.00	2620.00	2854.00	3224.00	3611.00	4946.00	6755.00	7894.00	8195.50			
01427207	0426	20070426	20140426	8	3822.50	3562.43	1170.00	11100.00				1226.00	1298.00	1392.50	1505.00	1680.50	1982.00	2255.50	2305.00	2354.50	2772.00	3235.50	4593.00	6397.50	8140.00	9805.00			
01427207	0427	20070427	20140427	8	4190.00	4753.62	1120.00	15300.00				1158.50	1208.00	1435.00	1804.00	2059.00	2086.00	2137.50	2385.00	2632.50	2768.00	2889.50	3887.00	5322.50	7956.00	12087.00			
01427207	0428	20070428	20140428	8	4642.50	6669.46	1060.00	20800.00				1119.50	1196.00	1382.50	1657.00	1846.00	1864.00	1900.50	2085.00	2269.50	2414.00	2553.50	3452.00	4730.00	8512.00	15424.00			
01427207	0429	20070429	20140429	8	4446.38	6479.29	981.00	20200.00				1138.15	1340.20	1472.50	1549.00	1631.50	1726.00	1825.50	1965.00	2104.50	2264.00	2426.00	3221.00	4332.50	8000.00	14862.50			
01427207	0430	20070430	20140430	8	3686.25	4697.87	920.00	15000.00				1039.00	1192.00	1302.50	1379.00	1490.00	1670.00	1839.00	1920.00	2001.00	2262.00	2545.50	3168.00	3960.00	6520.00	11290.00			
01427207	0501	20070501	20140501	8	3314.62	3437.92	927.00	11200.00				977.05	1041.40	1152.50	1301.00	1446.50	1586.00	1719.50	1805.00	1890.50	2688.00	3574.50	4041.00	4297.50	5792.00	8834.00			
01427207	0502	20070502	20140502	8	2962.50	2631.64	1070.00	8840.00				1112.00	1166.00	1267.50	1407.00	1509.00	1536.00	1572.00	1680.00	1788.00	2536.00	3364.00	3778.00	3985.00	5048.00	7181.00			
01427207	0503	20070503	20140503	8	2591.25	2075.80	1050.00	7260.00				1116.50	1202.00	1252.50	1275.00	1350.00	1530.00	1691.50	1705.00	1718.50	2260.00	2867.50	3172.00	3325.00	4180.00	5912.50			
01427207	0504	20070504	20140504	8	3031.88	3070.10	995.00	10400.00				1073.75	1175.00	1317.50	1493.00	1623.50	1664.00	1733.00	2030.00	2327.00	2588.00	2844.50	2963.00	3012.50	4512.00	7824.00			
01427207	0505	20070505	20140505	8	3023.88	3451.21	991.00	11400.00				1053.65	1134.20	1262.50	1429.00	1546.00	1564.00	1596.00	1740.00	1884.00	2252.00	2648.00	2795.00	2817.50	4544.00	8400.50			
01427207	0506	20070506	20140506	8	2587.50	2833.91	1040.00	9480.00				1064.50	1096.00	1172.50	1285.00	1369.00	1396.00	1424.50	1465.00	1505.50	1818.00	2164.50	2346.00	2445.00	3896.00	7037.00			
01427207	0507	20070507	20140507	8	2268.75	2289.69	1010.00	7830.00				1062.50	1130.00	1177.50	1209.00	1242.00	1278.00	1311.00	1320.00	1329.00	1594.00	1891.00	2080.00	2215.00	3398.00	5891.00			
01427207	0508	20070508	20140508	8	2207.50	1847.07	1050.00	6580.00				1092.00	1146.00	1195.00	1240.00	1279.00	1306.00	1336.50	1395.00	1453.50	1764.00	2106.00	2328.00	2490.00	3380.00	5180.00			
01427207	0509	20070509	20140509	8	2697.50	1926.98	1080.00	6010.00				1185.00	1320.00	1415.00	1478.00	1539.50	1598.00	1664.00	1790.00	1916.00	2182.00	2465.50	3427.00	4727.50	5562.00	5814.00			
01427207	0510	20070510	20140510	8	2390.00	1377.42	1130.00	4540.00				1221.00	1338.00	1422.50	1481.00	1530.50	1562.00	1596.00	1650.00	1704.00	2166.00	2679.00	3312.00	4005.00	4420.00	4487.50			
01427207	0511	20070511	20140511	8	2266.25	1021.92	1270.00	3830.00				1305.00	1350.00	1377.50	1391.00	1457.00	1628.00	1790.00	1880.00	1970.00	2416.00	2906.50	3178.00	3340.00	3510.00	3690.00			
01427207	0512	20070512	20140512	8	2197.50	790.38	1250.00	3270.00				1253.50	1258.00	1355.00	1526.00	1671.50	1766.00	1891.00	2260.00	2629.00	2694.00	2721.00	2784.00	2865.00	2982.00	3144.00			
01427207	0513	20070513	20140513	8	1913.75	592.79	1160.00	2720.00				1170.50	1184.00	1265.00	1400.00	1532.00	1658.00	1796.00	2030.00	2264.00	2294.00	2298.50	2327.00	2367.50	2456.00	2604.50			
01427207	0514	20070514	20140514	8	1735.00	481.25	1110.00	2280.00				1145.00	1190.00	1237.50	1287.00	1363.50	1494.00	1628.00	1790.00	1952.00	2050.00	2140.00	2182.00	2200.00	2224.00	2255.50			
01427207	0515	20070515	20140515	8	2770.00	3145.48	1080.00	10500.00				1125.50	1184.00	1297.50	1455.00	1591.50	1686.00	1775.50	1825.00	1874.50	1936.00	1999.00	2056.00	2110.00	3812.00	7574.00			
01427207	0516	20070516	20140516	8	3848.75	4327.69	1160.00	13200.00				1188.00	1224.00	1285.00	1366.00	1451.50	1546.00	1633.00	1660.00	1687.00	2194.00	2761.00	4315.00	6362.50	8640.00	11205.00			
01427207	0517	20070517	20140517	8	5470.00	6497.35	1320.00	20100.00				1365.50	1424.00	1450.00	1450.00	1483.00	1582.00	1724.50	2215.00	2705.50	4272.00	5973.00	7119.00	7987.50	10796.00	16029.50			
01427207	0518	20070518	20140518	8	4025.00	4012.62	1220.00	12900.00				1230.50	1244.00	1270.00	1306.00	1367.50	1480.00	1665.50	2435.00	3204.50	3782.00	4335.50	4997.00	5712.50	7468.00	10523.50			
01427207	0519	20070519	20140519	8	3711.25	3153.22	1140.00	9220.00				1178.50	1228.00	1272.50	1313.00	1356.50	1406.00	1554.00	2490.00	3426.00	3754.00	4006.00	5164.00	6775.00	7980.00	8677.50			
01427207	0520	20070520	20140520	8	3753.75	3734.40	1200.00	11500.00				1210.50	1224.00	1235.00	1244.00	1263.50	1304.00	1424.00	2180.00	2936.00	3128.00	3249.50	4463.00	6222.50	8060.00	9995.00			
01427207	0521	20070521	20140521	8	3590.00	3919.10	1120.00	12500.00				1134.00	1152.00	1162.50	1167.00	1185.00	1230.00	1344.50	2015.00	2685.50	2916.00	3091.50	3882.00	4980.00	6972.00	10081.50			
01427207	0522	20070522	20140522	8	3053.75	2856.81	1060.00	9440.00				1067.00	1076.00	1115.00	1178.00	1238.00	1292.00	1416.50	2105.00	2793.50	2886.00	2904.00	3390.00	4110.00	5496.00	7714.50			
01427207	0523	20070523	20140523	8	2827.00	2242.03	996.00	7690.00				1007.90	1023.20	1105.00	1240.00	1423.00	1702.00	1969.50	2145.00	2320.50	2684.00	3071.00	3464.00	3860.00	4802.00	6426.50			
01427207	0524	20070524	20140524	8	2760.62	2069.32	947.00	7230.00				957.85	971.80	1041.00	1154.40	1357.50	1740.00	2128.50	2565.00	3001.50	3058.00	3067.00	3199.00	3392.50	4246.00	5924.50			
01427207	0525	20070525	20140525	8	2503.25	1703.38	912.00	6120.00				930.20	953.60	1005.50	1080.20	1329.50	1928.00	2464.50	2505.00	2545.50	2646.00	2754.00	2883.00	3022.50	3704.00	5063.00			
01427207	0526	20070526	20140526	8	2220.38	1353.71	867.00	4970.00				901.65	946.20	989.50	1031.80	1210.00	1660.00	2081.00	2270.00	2459.00	2560.00	2650.00	2680.00	2680.00	3138.00	4168.50			
01427207	0527	20070527	20140527	8	2205.50	1408.89	835.00	5050.00				857.40	886.20	929.25	983.70	1186.50	1686.00	2137.00	2200.00	2263.00	2302.00	2338.00	2572.00	2905.00	3482.00	4364.00			
01427207	0528	20070528	20140528	8	2110.88	1325.34	844.00	4620.00				876.20	917.60	941.25	950.70	1092.45	1498.80	1865.00	1910.00	1955.00	2120.00	2300.00	2657.00	3102.50	3604.00	4175.50			
01427207	0529	20070529	20140529	8	2542.12	2216.27	873.00	7280.00				880.00	889.00	895.00	898.60	1014.85	1356.40	1661.50	1675.00	1688.50	2262.00	2905.50	3360.00	3720.00	4592.00	6104.00			
01427207	0530	20070530	20140530	8	3263.62	3039.66	792.00	9010.00				809.15	831.20	844.75	851.50	940.60	1194.40	1468.00	1900.00	2332.00	3384.00	4513.50	5199.00	5662.50	6538.00	7928.50			
01427207	0531	20070531	20140531	8	3143.62	2852.53	740.00	7450.00				759.95	785.60	813.25	842.50	918.70	1088.80	1280.00	1640.00	2000.00	3400.00	4930.00	5782.00	6295.00	6754.00	7145.50			
01427207	0601	20070601	20140601	8	2761.62	2441.23	775.00	7080.00				808.60	851.80	887.50	917.20	971.95	1076.80	1198.00	1450.00	1702.00	2726.00	3846.50	4547.00	5037.50	5664.00	6460.50			
01427207	0602	20070602	20140602	8	2434.88	1798.31	876.00	5250.00				897.00	924.00	938.75	943.70	981.95	1086.80	1225.50	1635.00	2044.50	2678.00	3339.50	3884.00	4370.00	4762.00	5036.50			
01427207	0603	20070603	20140603	8	2149.62	1380.32	839.00	4140.00				852.65	870.20	941.00	1054.40	1139.00	1166.00	1235.00	1640.00	2045.00	2418.00	2787.00	3243.00	3742.50	4044.00	4098.00			
01427207	0604	20070604	20140604	8	2026.50	1132.49	783.00	3690.00				820.10	867.80	919.25	973.70	1142.00	1538.00	1897.50	1965.00	2032.50	2188.00	2354.50	2737.00	3227.50	3538.00	3623.50			
01427207	0605	20070605	20140605	8	1822.38	899.63	767.00	3100.00				807.25	859.00	914.00	971.60	1103.00	1382.00	1651.00	1840.00	2029.00	2142.00	2245.50	2454.00	2715.00	2908.00	3016.00			
01427207	0606	20070606	20140606	8	1644.38	712.88	845.00	2740.00				863.20	886.60	913.50	943.20	1048.05	1303.20	1547.50	1705.00	1862.50	1892.00	1905.50	2054.00	2270.00	2460.00	2617.50			
01427207	0607	20070607	20140607	8	1530.75	658.69	796.00	2660.00				811.40	831.20	887.50	973.00	1069.00	1186.00	1312.00	1510.00	1708.00	1758.00	1789.50	1890.00	2025.00	2212.00	2464.00			
01427207	0608	20070608	20140608	8	1482.38	683.50	869.00	2890.00				869.35	869.80	895.00	940.00	997.00	1078.00	1173.00	1380.00	1587.00	1646.00	1686.50	1730.00	1775.00	2018.00	2508.50			
01427207	0609	20070609	20140609	8	1488.12	596.49	868.00	2580.00				895.65	931.20	980.25	1040.10	1095.00	1140.00	1200.00	1380.00	1560.00	1588.00	1597.00	1741.00	1952.50	2172.00	2401.50			
01427207	0610	20070610	20140610	8	1513.50	476.90	948.00	2170.00				969.70	997.60	1072.50	1185.00	1263.00	1272.00	1294.50	1425.00	1555.50	1622.00	1680.50	1841.00	2052.50	2170.00	2170.00			
01427207	0611	20070611	20140611	8	1666.88	996.60	895.00	4010.00				966.75	1059.00	1115.00	1142.00	1167.50	1190.00	1223.50	1345.00	1466.50	1532.00	1590.50	1688.00	1805.00	2298.00	3261.00			
01427207	0612	20070612	20140612	8	2047.25	1553.29	803.00	5260.00				831.70	868.60	943.75	1049.50	1135.00	1180.00	1232.50	1345.00	1457.50	1782.00	2133.00	2586.00	3090.00	3748.00	4598.50			
01427207	0613	20070613	20140613	8	2751.00	1774.65	771.00	6470.00				815.10	871.80	1220.25	1802.10	2242.50	2400.00	2547.00	2610.00	2673.00	2848.00	3037.00	3178.00	3295.00	3982.00	5381.50			
01427207	0614	20070614	20140614	8	4298.62	5264.09	840.00	16400.00				881.65	935.20	1236.75	1736.70	2071.50	2076.00	2089.50	2175.00	2260.50	2434.00	2618.50	4003.00	5987.50	8952.00	13141.50			
01427207	0615	20070615	20140615	8	3441.25	4173.92	1020.00	13500.00				1030.50	1044.00	1195.00	1456.00	1640.50	1672.00	1714.50	1845.00	1975.50	2278.00	2602.00	3076.00	3625.00	5844.00	10150.50			
01427207	0616	20070616	20140616	8	2889.62	3212.61	827.00	10600.00				922.55	1045.40	1177.50	1317.00	1431.00	1494.00	1560.00	1650.00	1740.00	2162.00	2625.50	2876.00	3020.00	4600.00	7975.00			
01427207	0617	20070617	20140617	8	2612.25	2611.68	920.00	8780.00				929.80	942.40	1066.00	1278.40	1426.00	1444.00	1476.50	1625.00	1773.50	1974.00	2181.00	2574.00	3060.00	4420.00	6872.50			
01427207	0618	20070618	20140618	8	2689.00	2347.43	844.00	7190.00				855.90	871.20	988.50	1187.40	1332.00	1368.00	1435.50	1755.00	2074.50	2194.00	2288.50	3259.00	4667.50	5798.00	6581.00			
01427207	0619	20070619	20140619	8	2798.88	2695.12	816.00	8090.00				871.65	943.20	1031.25	1132.50	1224.00	1296.00	1383.50	1595.00	1806.50	1982.00	2153.00	3320.00	4985.00	6346.00	7327.00			
01427207	0620	20070620	20140620	8	2857.62	2366.16	841.00	7720.00				942.15	1072.20	1180.00	1270.00	1373.50	1504.00	1633.00	1750.00	1867.00	2660.00	3537.50	4034.00	4340.00	5152.00	6596.50			
01427207	0621	20070621	20140621	8	3393.50	4769.48	948.00	15000.00				987.20	1037.60	1170.00	1368.00	1504.50	1518.00	1536.50	1595.00	1653.50	1672.00	1685.50	2311.00	3242.50	6008.00	11066.00			
01427207	0622	20070622	20140622	8	2955.00	4266.89	850.00	13400.00				909.50	986.00	1037.50	1069.00	1112.50	1180.00	1253.00	1370.00	1487.00	1572.00	1653.00	2034.00	2565.00	4968.00	9711.00			
01427207	0623	20070623	20140623	8	2564.50	3368.03	756.00	10800.00				841.40	951.20	1010.00	1028.00	1061.00	1124.00	1192.50	1305.00	1417.50	1718.00	2042.00	2153.00	2157.50	3888.00	7776.00			
01427207	0624	20070624	20140624	8	2508.88	2673.07	852.00	8450.00				868.45	889.60	926.75	976.70	1028.00	1082.00	1141.50	1245.00	1348.50	1600.00	1870.00	2695.00	3797.50	5218.00	7036.00			
01427207	0625	20070625	20140625	8	2538.88	2497.05	767.00	7090.00				812.85	871.80	915.00	945.60	990.60	1064.40	1156.00	1390.00	1624.00	1746.00	1854.00	3099.00	4912.50	6154.00	6680.50			
01427207	0626	20070626	20140626	8	3371.38	3815.77	712.00	11500.00				784.45	877.60	954.25	1017.70	1069.00	1096.00	1142.00	1340.00	1538.00	2432.00	3413.00	4526.00	5705.00	7388.00	9701.00			
01427207	0627	20070627	20140627	8	2618.50	2408.27	733.00	6860.00				789.70	862.60	938.75	1017.50	1094.00	1166.00	1243.00	1360.00	1477.00	2022.00	2620.50	3729.00	5092.50	6052.00	6506.50			
01427207	0628	20070628	20140628	8	3472.38	3731.29	755.00	11700.00				800.15	858.20	920.50	986.20	1076.50	1216.00	1391.50	1855.00	2318.50	3250.00	4240.00	4738.00	4990.00	6444.00	9400.50			
01427207	0629	20070629	20140629	8	2849.12	2203.57	666.00	5770.00				739.85	834.80	912.75	977.10	1035.00	1080.00	1226.00	2180.00	3134.00	3740.00	4302.50	4826.00	5330.00	5642.00	5714.00			
01427207	0630	20070630	20140630	8	2290.25	1512.67	747.00	4120.00				777.80	817.40	893.75	999.50	1082.00	1118.00	1222.00	1870.00	2518.00	3038.00	3542.00	3827.00	4002.50	4104.00	4113.00			
01427207	0701	20070701	20140701	8	2024.38	1272.04	708.00	4120.00				714.65	723.20	830.25	1016.10	1146.00	1164.00	1236.00	1740.00	2244.00	2564.00	2861.00	2990.00	3035.00	3272.00	3749.00			
01427207	0702	20070702	20140702	8	2031.62	1354.81	660.00	4140.00				727.55	814.40	909.75	1011.90	1086.00	1104.00	1166.50	1585.00	2003.50	2250.00	2475.00	2925.00	3487.50	3868.00	4021.00			
01427207	0703	20070703	20140703	8	2438.38	1713.14	634.00	4550.00				732.35	858.80	935.75	973.10	1001.30	1011.20	1124.50	2065.00	3005.50	3402.00	3730.50	4020.00	4290.00	4462.00	4511.50			
01427207	0704	20070704	20140704	8	3246.12	3200.35	758.00	9380.00				765.00	774.00	796.75	830.50	879.55	959.20	1132.50	2055.00	2977.50	3256.00	3454.00	4435.00	5807.50	7132.00	8396.50			
01427207	0705	20070705	20140705	8	2535.12	2047.18	651.00	6520.00				773.15	930.20	1012.50	1035.00	1053.00	1062.00	1150.00	1870.00	2590.00	2838.00	3027.00	3432.00	3945.00	4688.00	5718.50			
01427207	0706	20070706	20140706	8	2147.62	1598.83	765.00	5460.00				786.35	813.80	882.00	982.80	1054.50	1068.00	1148.00	1760.00	2372.00	2524.00	2618.50	2728.00	2845.00	3420.00	4567.50			
01427207	0707	20070707	20140707	8	1794.12	1279.44	630.00	4540.00				702.45	795.60	866.75	920.30	980.60	1054.40	1149.00	1410.00	1671.00	1932.00	2193.00	2283.00	2287.50	2740.00	3752.50			
01427207	0708	20070708	20140708	8	1714.88	1019.90	647.00	3670.00				712.80	797.40	870.50	934.40	1001.45	1074.80	1179.00	1530.00	1881.00	2016.00	2124.00	2223.00	2317.50	2630.00	3215.00			
01427207	0709	20070709	20140709	8	1698.50	956.95	582.00	3180.00				723.40	905.20	1019.50	1079.80	1120.00	1120.00	1143.00	1350.00	1557.00	1760.00	1962.50	2318.00	2750.00	3028.00	3113.50			
01427207	0710	20070710	20140710	8	1512.50	782.98	586.00	2690.00				728.80	912.40	998.00	1005.20	1020.50	1052.00	1096.00	1240.00	1384.00	1516.00	1646.50	1978.00	2410.00	2658.00	2676.00			
01427207	0711	20070711	20140711	8	1434.50	650.00	810.00	2420.00				829.60	854.80	904.50	973.80	1024.50	1038.00	1063.50	1185.00	1306.50	1432.00	1558.00	1837.00	2192.50	2396.00	2409.50			
01427207	0712	20070712	20140712	8	1451.25	589.67	725.00	2290.00				799.90	896.20	948.25	964.90	1015.60	1134.40	1252.50	1365.00	1477.50	1586.00	1694.00	1877.00	2097.50	2234.00	2265.50			
01427207	0713	20070713	20140713	8	1359.00	545.37	675.00	2200.00				756.90	862.20	931.25	971.30	1005.80	1029.20	1070.50	1255.00	1439.50	1504.00	1553.50	1702.00	1900.00	2048.00	2133.50			
01427207	0714	20070714	20140714	8	2157.50	2405.90	692.00	8010.00				778.10	888.80	958.50	995.40	1066.50	1206.00	1334.50	1375.00	1415.50	1612.00	1828.00	1915.00	1937.50	3162.00	5889.00			
01427207	0715	20070715	20140715	8	1679.62	1431.82	709.00	5130.00				796.15	908.20	973.50	1001.40	1047.00	1128.00	1201.50	1215.00	1228.50	1286.00	1349.00	1505.00	1707.50	2482.00	3971.50			
01427207	0716	20070716	20140716	8	1818.62	1923.42	737.00	6520.00				767.45	806.60	845.00	882.80	954.80	1095.20	1224.50	1265.00	1305.50	1374.00	1446.00	1497.00	1537.50	2552.00	4784.00			
01427207	0717	20070717	20140717	8	1511.50	1217.21	776.00	4460.00				787.90	803.20	829.00	863.20	918.10	1014.40	1109.00	1190.00	1271.00	1316.00	1356.50	1382.00	1400.00	2020.00	3392.50			
01427207	0718	20070718	20140718	8	1430.12	830.78	812.00	3350.00				831.25	856.00	885.75	919.50	953.70	988.80	1036.00	1180.00	1324.00	1420.00	1510.00	1549.00	1562.50	1926.00	2727.00			
01427207	0719	20070719	20140719	8	1365.50	649.33	795.00	2820.00				818.10	847.80	867.75	879.90	949.80	1135.20	1301.50	1315.00	1328.50	1370.00	1415.00	1451.00	1482.50	1764.00	2358.00			
01427207	0720	20070720	20140720	8	1235.25	562.20	720.00	2530.00				754.30	798.40	854.50	920.20	985.90	1051.60	1113.50	1145.00	1176.50	1216.00	1256.50	1276.00	1285.00	1538.00	2096.00			
01427207	0721	20070721	20140721	8	1205.12	477.51	845.00	2330.00				858.65	876.20	898.50	924.60	958.20	1006.80	1055.50	1105.00	1154.50	1168.00	1177.00	1201.00	1232.50	1466.00	1952.00			
01427207	0722	20070722	20140722	8	1192.25	423.83	883.00	2200.00				895.25	911.00	935.25	966.30	994.95	1018.80	1044.50	1085.00	1125.50	1142.00	1155.50	1178.00	1205.00	1416.00	1857.00			
01427207	0723	20070723	20140723	8	1437.12	718.08	693.00	2800.00				750.40	824.20	879.50	920.00	968.45	1032.80	1108.00	1270.00	1432.00	1478.00	1509.50	1706.00	1985.00	2272.00	2569.00			
01427207	0724	20070724	20140724	8	3023.88	4591.47	961.00	14300.00				988.65	1024.20	1042.50	1047.00	1057.50	1080.00	1119.00	1290.00	1461.00	1512.00	1548.00	1902.00	2415.00	5020.00	10240.00			
01427207	0725	20070725	20140725	8	1887.12	1921.73	865.00	6530.00				876.20	890.60	921.50	965.60	1006.25	1040.00	1079.50	1165.00	1250.50	1280.00	1302.50	1568.00	1955.00	3042.00	5004.00			
01427207	0726	20070726	20140726	8	1490.12	841.96	776.00	3220.00				805.05	842.40	878.25	912.90	950.10	992.40	1037.50	1105.00	1172.50	1472.00	1800.50	1940.00	1985.00	2252.00	2796.50			
01427207	0727	20070727	20140727	8	1389.75	590.74	747.00	2540.00				790.40	846.20	908.25	975.30	1038.00	1092.00	1151.50	1255.00	1358.50	1462.00	1565.50	1669.00	1772.50	1972.00	2291.50			
01427207	0728	20060728	20140728	9	1425.00	760.68	686.00	3270.00			686.00	832.50	979.00	989.50	1000.00	1100.00	1200.00	1215.00	1230.00	1255.00	1280.00	1305.00	1330.00	1590.00	1850.00	2560.00	3270.00		
01427207	0729	20060729	20140729	9	1476.11	521.94	655.00	2290.00			655.00	857.50	1060.00	1140.00	1220.00	1235.00	1250.00	1290.00	1330.00	1440.00	1550.00	1680.00	1810.00	1965.00	2120.00	2205.00	2290.00		
01427207	0730	20060730	20140730	9	2021.67	1925.34	745.00	7060.00			745.00	942.50	1140.00	1180.00	1220.00	1265.00	1310.00	1310.00	1310.00	1495.00	1680.00	1700.00	1720.00	1865.00	2010.00	4535.00	7060.00		
01427207	0731	20060731	20140731	9	1891.11	1878.91	950.00	6870.00			950.00	1020.00	1090.00	1125.00	1160.00	1170.00	1180.00	1235.00	1290.00	1330.00	1370.00	1405.00	1440.00	1555.00	1670.00	4270.00	6870.00		
01427207	0801	20060801	20140801	9	2295.56	3305.46	1030.00	11100.00			1030.00	1045.00	1060.00	1075.00	1090.00	1095.00	1100.00	1120.00	1140.00	1205.00	1270.00	1315.00	1360.00	1435.00	1510.00	6305.00	11100.00		
01427207	0802	20060802	20140802	9	1882.89	2170.76	946.00	7660.00			946.00	988.00	1030.00	1045.00	1060.00	1095.00	1130.00	1150.00	1170.00	1225.00	1280.00	1295.00	1310.00	1335.00	1360.00	4510.00	7660.00		
01427207	0803	20060803	20140803	9	1880.78	2185.65	945.00	7700.00			945.00	958.50	972.00	1046.00	1120.00	1160.00	1200.00	1205.00	1210.00	1215.00	1220.00	1240.00	1260.00	1280.00	1300.00	4500.00	7700.00		
01427207	0804	20060804	20140804	9	1620.56	1449.85	865.00	5470.00			865.00	972.50	1080.00	1105.00	1130.00	1135.00	1140.00	1140.00	1140.00	1160.00	1180.00	1185.00	1190.00	1290.00	1390.00	3430.00	5470.00		
01427207	0805	20060805	20140805	9	1439.44	1154.96	836.00	4500.00			836.00	877.50	919.00	969.50	1020.00	1025.00	1030.00	1045.00	1060.00	1105.00	1150.00	1170.00	1190.00	1220.00	1250.00	2875.00	4500.00		
01427207	0806	20060806	20140806	9	1388.00	1006.17	854.00	4040.00			854.00	859.00	864.00	904.00	944.00	982.00	1020.00	1050.00	1080.00	1140.00	1200.00	1205.00	1210.00	1245.00	1280.00	2660.00	4040.00		
01427207	0807	20060807	20140807	9	1458.00	915.60	859.00	3600.00			859.00	879.50	900.00	911.50	923.00	961.50	1000.00	1050.00	1100.00	1145.00	1190.00	1220.00	1250.00	1775.00	2300.00	2950.00	3600.00		
01427207	0808	20060808	20140808	9	1522.89	927.53	820.00	3310.00			820.00	863.50	907.00	953.00	999.00	1004.50	1010.00	1055.00	1100.00	1200.00	1300.00	1310.00	1320.00	2130.00	2940.00	3125.00	3310.00		
01427207	0809	20060809	20140809	9	1739.44	1164.41	777.00	4020.00			777.00	827.50	878.00	969.00	1060.00	1065.00	1070.00	1100.00	1130.00	1240.00	1350.00	1710.00	2070.00	2685.00	3300.00	3660.00	4020.00		
01427207	0810	20060810	20140810	9	3431.67	5004.87	810.00	16100.00			810.00	812.50	815.00	922.50	1030.00	1060.00	1090.00	1145.00	1200.00	1285.00	1370.00	2060.00	2750.00	4235.00	5720.00	10910.00	16100.00		
01427207	0811	20060811	20140811	9	2789.56	3919.84	845.00	13100.00			845.00	863.00	881.00	940.50	1000.00	1180.00	1360.00	1390.00	1420.00	1425.00	1430.00	1875.00	2320.00	2535.00	2750.00	7925.00	13100.00		
01427207	0812	20060812	20140812	9	2030.22	2147.78	792.00	7660.00			792.00	921.00	1050.00	1055.00	1060.00	1095.00	1130.00	1200.00	1270.00	1360.00	1450.00	1630.00	1810.00	1930.00	2050.00	4855.00	7660.00		
01427207	0813	20060813	20140813	9	1862.89	1774.99	806.00	6490.00			806.00	933.00	1060.00	1085.00	1110.00	1115.00	1120.00	1140.00	1160.00	1250.00	1340.00	1455.00	1570.00	1840.00	2110.00	4300.00	6490.00		
01427207	0814	20060814	20140814	9	1698.22	1384.66	746.00	5230.00			746.00	872.00	998.00	1014.00	1030.00	1030.00	1030.00	1120.00	1210.00	1305.00	1400.00	1445.00	1490.00	1820.00	2150.00	3690.00	5230.00		
01427207	0815	20060815	20140815	9	1616.89	1091.94	922.00	4440.00			922.00	996.00	1070.00	1080.00	1090.00	1095.00	1100.00	1150.00	1200.00	1325.00	1450.00	1475.00	1500.00	1640.00	1780.00	3110.00	4440.00		
01427207	0816	20060816	20140816	9	1922.67	1464.46	854.00	4910.00			854.00	947.00	1040.00	1065.00	1090.00	1110.00	1130.00	1225.00	1320.00	1355.00	1390.00	1490.00	1590.00	2785.00	3980.00	4445.00	4910.00		
01427207	0817	20060817	20140817	9	1716.67	1089.66	920.00	3660.00			920.00	965.00	1010.00	1020.00	1030.00	1050.00	1070.00	1170.00	1270.00	1325.00	1380.00	1470.00	1560.00	2555.00	3550.00	3605.00	3660.00		
01427207	0818	20060818	20140818	9	1555.22	807.30	837.00	3300.00			837.00	928.50	1020.00	1085.00	1150.00	1185.00	1220.00	1230.00	1240.00	1245.00	1250.00	1365.00	1480.00	1990.00	2500.00	2900.00	3300.00		
01427207	0819	20060819	20140819	9	1494.22	779.54	794.00	3130.00			794.00	889.00	984.00	1012.00	1040.00	1090.00	1140.00	1150.00	1160.00	1235.00	1310.00	1365.00	1420.00	1945.00	2470.00	2800.00	3130.00		
01427207	0820	20060820	20140820	9	1532.89	720.59	773.00	2880.00			773.00	833.00	893.00	951.50	1010.00	1080.00	1150.00	1255.00	1360.00	1370.00	1380.00	1695.00	2010.00	2175.00	2340.00	2610.00	2880.00		
01427207	0821	20060821	20140821	9	1487.67	633.57	819.00	2920.00			819.00	864.50	910.00	1055.00	1200.00	1260.00	1320.00	1325.00	1330.00	1340.00	1350.00	1470.00	1590.00	1770.00	1950.00	2435.00	2920.00		
01427207	0822	20060822	20140822	9	1612.33	917.71	842.00	3810.00			842.00	855.50	869.00	1024.50	1180.00	1230.00	1280.00	1310.00	1340.00	1395.00	1450.00	1490.00	1530.00	1870.00	2210.00	3010.00	3810.00		
01427207	0823	20060823	20140823	9	1706.56	999.01	764.00	3600.00			764.00	789.50	815.00	962.50	1110.00	1175.00	1240.00	1270.00	1300.00	1325.00	1350.00	1780.00	2210.00	2590.00	2970.00	3285.00	3600.00		
01427207	0824	20060824	20140824	9	1571.44	828.47	786.00	2850.00			786.00	791.50	797.00	938.50	1080.00	1100.00	1120.00	1135.00	1150.00	1250.00	1350.00	1760.00	2170.00	2505.00	2840.00	2845.00	2850.00		
01427207	0825	20060825	20140825	9	1393.00	515.74	769.00	2200.00			769.00	873.50	978.00	999.00	1020.00	1050.00	1080.00	1170.00	1260.00	1300.00	1340.00	1565.00	1790.00	1945.00	2100.00	2150.00	2200.00		
01427207	0826	20060826	20140826	9	1362.56	523.18	755.00	2460.00			755.00	863.50	972.00	974.00	976.00	1033.00	1090.00	1175.00	1260.00	1310.00	1360.00	1495.00	1630.00	1695.00	1760.00	2110.00	2460.00		
01427207	0827	20060827	20140827	9	1377.89	514.85	757.00	2310.00			757.00	832.50	908.00	927.00	946.00	1053.00	1160.00	1240.00	1320.00	1360.00	1400.00	1520.00	1640.00	1800.00	1960.00	2135.00	2310.00		
01427207	0828	20060828	20140828	9	4062.44	8274.08	847.00	26100.00			847.00	886.00	925.00	1007.50	1090.00	1100.00	1110.00	1130.00	1150.00	1290.00	1430.00	1690.00	1950.00	1955.00	1960.00	14030.00	26100.00		
01427207	0829	20060829	20140829	9	4628.89	8985.88	835.00	28400.00			835.00	870.00	905.00	967.50	1030.00	1035.00	1040.00	1100.00	1160.00	1490.00	1820.00	1915.00	2010.00	3235.00	4460.00	16430.00	28400.00		
01427207	0830	20060830	20140830	9	3560.78	4895.35	847.00	15300.00			847.00	854.00	861.00	907.00	953.00	954.50	956.00	1063.00	1170.00	1610.00	2050.00	2190.00	2330.00	4955.00	7580.00	11440.00	15300.00		
01427207	0831	20060831	20140831	9	2357.56	2616.99	846.00	8950.00			846.00	869.00	892.00	976.00	1060.00	1090.00	1120.00	1145.00	1170.00	1440.00	1710.00	1780.00	1850.00	2735.00	3620.00	6285.00	8950.00		
01427207	0901	20060901	20140901	9	2086.89	1932.22	891.00	6970.00			891.00	901.00	911.00	970.50	1030.00	1040.00	1050.00	1155.00	1260.00	1590.00	1920.00	2015.00	2110.00	2375.00	2640.00	4805.00	6970.00		
01427207	0902	20060902	20140902	9	1902.89	1608.91	831.00	5870.00			831.00	848.00	865.00	879.00	893.00	925.00	957.00	1083.50	1210.00	1550.00	1890.00	2040.00	2190.00	2305.00	2420.00	4145.00	5870.00		
01427207	0903	20060903	20140903	9	2050.22	1531.46	667.00	4890.00			667.00	781.00	895.00	967.50	1040.00	1095.00	1150.00	1175.00	1200.00	1635.00	2070.00	2180.00	2290.00	3270.00	4250.00	4570.00	4890.00		
01427207	0904	20060904	20140904	9	1794.56	1202.74	674.00	4310.00			674.00	761.50	849.00	872.50	896.00	939.00	982.00	1221.00	1460.00	1645.00	1830.00	2010.00	2190.00	2575.00	2960.00	3635.00	4310.00		
01427207	0905	20060905	20140905	9	1862.33	1770.27	725.00	6350.00			725.00	746.00	767.00	813.00	859.00	864.50	870.00	1145.00	1420.00	1490.00	1560.00	1760.00	1960.00	2105.00	2250.00	4300.00	6350.00		
01427207	0906	20060906	20140906	9	2097.33	2773.08	400.00	9380.00			400.00	565.50	731.00	818.00	905.00	1007.50	1110.00	1180.00	1250.00	1320.00	1390.00	1605.00	1820.00	1855.00	1890.00	5635.00	9380.00		
01427207	0907	20060907	20140907	9	4956.22	11535.23	567.00	35700.00			567.00	633.50	700.00	819.50	939.00	969.50	1000.00	1035.00	1070.00	1180.00	1290.00	1475.00	1660.00	1670.00	1680.00	18690.00	35700.00		
01427207	0908	20060908	20140908	9	7434.33	19077.28	622.00	58300.00			622.00	674.00	726.00	793.50	861.00	940.50	1020.00	1045.00	1070.00	1170.00	1270.00	1385.00	1500.00	1520.00	1540.00	29920.00	58300.00		
01427207	0909	20060909	20140909	9	5402.33	12976.54	634.00	40000.00			634.00	747.00	860.00	893.50	927.00	988.50	1050.00	1085.00	1120.00	1175.00	1230.00	1305.00	1380.00	1400.00	1420.00	20710.00	40000.00		
01427207	0910	20060910	20140910	9	3411.11	6936.17	808.00	21900.00			808.00	837.50	867.00	928.00	989.00	992.50	996.00	1093.00	1190.00	1235.00	1280.00	1295.00	1310.00	1335.00	1360.00	11630.00	21900.00		
01427207	0911	20060911	20140911	9	2606.56	4390.85	649.00	14300.00			649.00	849.50	1050.00	1075.00	1100.00	1120.00	1140.00	1160.00	1180.00	1200.00	1220.00	1295.00	1370.00	1410.00	1450.00	7875.00	14300.00		
01427207	0912	20060912	20140912	9	2346.56	3269.61	629.00	11000.00			629.00	794.50	960.00	1045.00	1130.00	1165.00	1200.00	1230.00	1260.00	1325.00	1390.00	1415.00	1440.00	1775.00	2110.00	6555.00	11000.00		
01427207	0913	20060913	20140913	9	2106.33	2639.60	805.00	9050.00			805.00	838.50	872.00	941.00	1010.00	1035.00	1060.00	1130.00	1200.00	1250.00	1300.00	1345.00	1390.00	1830.00	2270.00	5660.00	9050.00		
01427207	0914	20060914	20140914	9	1854.56	1951.23	729.00	6950.00			729.00	808.50	888.00	891.00	894.00	1017.00	1140.00	1190.00	1240.00	1270.00	1300.00	1395.00	1490.00	1775.00	2060.00	4505.00	6950.00		
01427207	0915	20060915	20140915	9	2290.89	2136.16	728.00	6270.00			728.00	854.00	980.00	1045.00	1110.00	1135.00	1160.00	1280.00	1400.00	1410.00	1420.00	1605.00	1790.00	3775.00	5760.00	6015.00	6270.00		
01427207	0916	20060916	20140916	9	1997.33	1734.11	613.00	5050.00			613.00	759.00	905.00	946.50	988.00	1034.00	1080.00	1190.00	1300.00	1370.00	1440.00	1535.00	1630.00	3300.00	4970.00	5010.00	5050.00		
01427207	0917	20060917	20140917	9	1678.67	1327.38	531.00	4300.00			531.00	732.00	933.00	935.00	937.00	955.00	973.00	978.50	984.00	1202.00	1420.00	1425.00	1430.00	2515.00	3600.00	3950.00	4300.00		
01427207	0918	20060918	20140918	9	1531.11	1079.84	498.00	3790.00			498.00	699.00	900.00	920.50	941.00	966.00	991.00	1075.50	1160.00	1215.00	1270.00	1300.00	1330.00	2115.00	2900.00	3345.00	3790.00		
01427207	0919	20060919	20140919	9	2716.44	3819.80	626.00	12600.00			626.00	753.50	881.00	906.00	931.00	985.50	1040.00	1090.00	1140.00	1195.00	1250.00	1865.00	2480.00	2990.00	3500.00	8050.00	12600.00		
01427207	0920	20060920	20140920	9	1762.11	1103.73	889.00	3700.00			889.00	889.50	890.00	955.00	1020.00	1030.00	1040.00	1125.00	1210.00	1325.00	1440.00	1845.00	2250.00	2835.00	3420.00	3560.00	3700.00		
01427207	0921	20060921	20140921	9	1586.22	832.52	865.00	3370.00			865.00	903.00	941.00	990.50	1040.00	1100.00	1160.00	1165.00	1170.00	1285.00	1400.00	1690.00	1980.00	2165.00	2350.00	2860.00	3370.00		
01427207	0922	20060922	20140922	9	1505.89	759.05	820.00	3320.00			820.00	896.50	973.00	1046.50	1120.00	1135.00	1150.00	1195.00	1240.00	1280.00	1320.00	1540.00	1760.00	1805.00	1850.00	2585.00	3320.00		
01427207	0923	20060923	20140923	9	1622.22	880.34	790.00	3650.00			790.00	940.00	1090.00	1110.00	1130.00	1170.00	1210.00	1240.00	1270.00	1290.00	1310.00	1600.00	1890.00	2075.00	2260.00	2955.00	3650.00		
01427207	0924	20060924	20140924	9	1988.33	2092.92	846.00	7460.00			846.00	862.50	879.00	994.50	1110.00	1165.00	1220.00	1235.00	1250.00	1265.00	1280.00	1465.00	1650.00	1925.00	2200.00	4830.00	7460.00		
01427207	0925	20060925	20140925	9	1707.67	1471.74	883.00	5520.00			883.00	884.50	886.00	973.00	1060.00	1060.00	1060.00	1110.00	1160.00	1265.00	1370.00	1390.00	1410.00	1715.00	2020.00	3770.00	5520.00		
01427207	0926	20060926	20140926	9	1529.11	1201.38	817.00	4620.00			817.00	845.00	873.00	912.50	952.00	986.00	1020.00	1030.00	1040.00	1165.00	1290.00	1290.00	1290.00	1575.00	1860.00	3240.00	4620.00		
01427207	0927	20060927	20140927	9	1601.56	1487.03	765.00	5490.00			765.00	806.00	847.00	914.50	982.00	1006.00	1030.00	1070.00	1110.00	1140.00	1170.00	1205.00	1240.00	1510.00	1780.00	3635.00	5490.00		
01427207	0928	20060928	20140928	9	2671.78	4242.35	391.00	13900.00			391.00	548.00	705.00	942.50	1180.00	1220.00	1260.00	1265.00	1270.00	1350.00	1430.00	1590.00	1750.00	1955.00	2160.00	8030.00	13900.00		
01427207	0929	20060929	20140929	9	3289.78	4519.05	550.00	14800.00			550.00	744.00	938.00	1049.00	1160.00	1255.00	1350.00	1360.00	1370.00	1375.00	1380.00	2330.00	3280.00	4030.00	4780.00	9790.00	14800.00		
01427207	0930	20060930	20140930	9	3452.11	4478.81	789.00	15000.00			789.00	894.50	1000.00	1160.00	1320.00	1395.00	1470.00	1470.00	1470.00	1900.00	2330.00	3010.00	3690.00	3845.00	4000.00	9500.00	15000.00		
01427207	1001	20061001	20131001	8	7152.12	12562.01	786.00	37400.00				829.75	886.00	1023.25	1225.30	1388.50	1474.00	1569.50	1745.00	1920.50	2632.00	3410.50	5449.00	8117.50	15160.00	27670.00			
01427207	1002	20061002	20131002	8	3768.62	4097.68	819.00	11300.00				826.35	835.80	965.00	1190.00	1356.50	1406.00	1456.50	1515.00	1573.50	2472.00	3475.50	5370.00	7710.00	9468.00	10498.50			
01427207	1003	20061003	20131003	8	2765.62	2539.46	780.00	7880.00				802.75	832.00	961.25	1170.50	1317.50	1340.00	1371.00	1470.00	1569.00	2240.00	2982.50	3803.00	4662.50	5688.00	6921.00			
01427207	1004	20061004	20131004	8	2403.62	1968.67	884.00	6670.00				894.85	908.80	1026.25	1226.50	1360.00	1360.00	1371.00	1470.00	1569.00	2120.00	2727.50	3110.00	3380.00	4158.00	5571.00			
01427207	1005	20061005	20131005	8	2650.88	2129.46	836.00	6100.00				879.75	936.00	1075.75	1282.30	1420.00	1420.00	1441.00	1630.00	1819.00	2232.00	2673.00	3717.00	5062.50	5868.00	5998.50			
01427207	1006	20061006	20131006	8	2490.25	1882.21	803.00	5710.00				857.60	927.80	1086.75	1316.70	1495.50	1572.00	1640.50	1645.00	1649.50	2030.00	2457.50	3347.00	4467.50	5214.00	5493.00			
01427207	1007	20061007	20131007	8	2184.88	1482.30	788.00	4470.00				859.05	950.40	1093.25	1277.30	1413.50	1454.00	1490.50	1495.00	1499.50	1852.00	2248.00	3004.00	3940.00	4462.00	4466.50			
01427207	1008	20061008	20131008	8	2038.38	1145.77	927.00	4010.00				973.55	1033.40	1145.00	1298.00	1415.00	1460.00	1507.50	1575.00	1642.50	1882.00	2143.00	2620.00	3205.00	3626.00	3842.00			
01427207	1009	20061009	20131009	8	1845.38	981.63	983.00	3760.00				1037.95	1108.60	1170.00	1224.00	1267.50	1290.00	1313.50	1345.00	1376.50	1680.00	2017.50	2331.00	2632.50	2992.00	3424.00			
01427207	1010	20061010	20131010	8	1747.62	889.72	851.00	3590.00				934.65	1042.20	1127.50	1195.00	1243.00	1252.00	1277.50	1435.00	1592.50	1778.00	1967.00	2114.00	2240.00	2566.00	3142.00			
01427207	1011	20061011	20131011	8	1661.75	837.23	945.00	3470.00				946.40	948.20	1014.25	1131.70	1214.50	1228.00	1253.50	1375.00	1496.50	1690.00	1892.50	1975.00	1997.50	2302.00	2959.00			
01427207	1012	20061012	20131012	8	1692.50	847.57	892.00	3370.00				922.10	960.80	1006.00	1056.40	1102.00	1138.00	1199.00	1460.00	1721.00	1874.00	2013.50	2111.00	2187.50	2458.00	2971.00			
01427207	1013	20061013	20131013	8	1555.75	842.18	887.00	3440.00				901.70	920.60	969.25	1041.70	1090.00	1090.00	1106.00	1250.00	1394.00	1566.00	1741.50	1800.00	1800.00	2128.00	2866.00			
01427207	1014	20061014	20131014	8	1670.62	1213.75	985.00	4560.00				1000.75	1021.00	1040.00	1058.00	1073.00	1082.00	1090.50	1095.00	1099.50	1308.00	1542.00	1707.00	1837.50	2440.00	3632.50			
01427207	1015	20061015	20131015	8	1860.12	1712.81	931.00	5990.00				955.15	986.20	1010.00	1028.00	1046.00	1064.00	1080.50	1085.00	1089.50	1390.00	1727.50	1861.00	1892.50	2726.00	4562.00			
01427207	1016	20061016	20131016	8	1921.38	1517.54	815.00	4770.00				846.85	887.80	947.00	1020.80	1073.00	1082.00	1090.50	1095.00	1099.50	1376.00	1686.50	2402.00	3320.00	4018.00	4441.00			
01427207	1017	20061017	20131017	8	1880.62	1415.04	727.00	4640.00				776.35	839.80	918.50	1009.40	1083.50	1124.00	1163.00	1190.00	1217.00	1500.00	1815.00	2376.00	3060.00	3680.00	4220.00			
01427207	1018	20061018	20131018	8	1829.88	1183.54	759.00	3720.00				790.85	831.80	890.00	962.00	1026.50	1076.00	1126.50	1185.00	1243.50	1882.00	2593.00	2911.00	3032.50	3224.00	3503.00			
01427207	1019	20061019	20131019	8	2290.62	1921.06	623.00	6450.00				709.80	821.40	901.00	955.00	1016.35	1092.40	1223.50	1795.00	2366.50	2594.00	2778.50	2876.00	2930.00	3658.00	5228.50			
01427207	1020	20061020	20131020	8	3108.75	2688.01	920.00	7910.00				944.50	976.00	1012.50	1053.00	1177.50	1470.00	1750.50	1935.00	2119.50	2756.00	3449.00	4502.00	5735.00	6718.00	7388.50			
01427207	1021	20061021	20131021	8	2926.00	2773.41	857.00	9010.00				879.40	908.20	960.75	1032.30	1179.00	1476.00	1749.50	1835.00	1920.50	2498.00	3137.00	3701.00	4227.50	5418.00	7438.50			
01427207	1022	20061022	20131022	8	2264.50	1745.02	906.00	5950.00				935.40	973.20	1012.50	1053.00	1095.00	1140.00	1210.50	1485.00	1759.50	2270.00	2810.00	3062.00	3170.00	3774.00	4998.00			
01427207	1023	20061023	20131023	8	1986.12	1335.57	929.00	4700.00				950.35	977.80	997.50	1011.00	1033.50	1074.00	1136.00	1370.00	1604.00	2070.00	2565.00	2745.00	2767.50	3164.00	4028.00			
01427207	1024	20061024	20131024	8	2296.38	1187.06	881.00	3930.00				985.65	1120.20	1265.00	1418.00	1530.50	1562.00	1640.50	2095.00	2549.50	2676.00	2761.50	3117.00	3607.50	3890.00	3912.50			
01427207	1025	20061025	20131025	8	2668.88	2056.23	521.00	7030.00				737.65	1016.20	1217.50	1357.00	1502.50	1660.00	1832.00	2120.00	2408.00	2848.00	3307.00	3475.00	3497.50	4214.00	5798.00			
01427207	1026	20061026	20131026	8	2798.75	1504.18	1220.00	5740.00				1325.00	1460.00	1525.00	1534.00	1655.50	2002.00	2350.00	2710.00	3070.00	3122.00	3135.50	3341.00	3642.50	4196.00	5064.50			
01427207	1027	20061027	20131027	8	2820.00	980.34	1180.00	4770.00				1603.50	2148.00	2470.00	2614.00	2722.00	2758.00	2792.00	2810.00	2828.00	2854.00	2881.00	2923.00	2972.50	3354.00	4150.50			
01427207	1028	20061028	20131028	8	4742.50	3452.54	1130.00	11300.00				1616.50	2242.00	2602.50	2751.00	2878.50	2964.00	3053.50	3175.00	3296.50	4134.00	5061.00	6285.00	7657.50	8996.00	10292.00			
01427207	1029	20061029	20131029	8	4726.25	3927.09	1150.00	12900.00				1556.00	2078.00	2332.50	2373.00	2427.00	2508.00	2646.00	3240.00	3834.00	4108.00	4342.00	5539.00	7217.50	9100.00	11237.50			
01427207	1030	20061030	20131030	8	3777.50	2560.67	1130.00	9340.00				1480.00	1930.00	2250.00	2466.00	2613.00	2622.00	2654.00	2870.00	3086.00	3494.00	3926.00	4409.00	4917.50	6028.00	7891.00			
01427207	1031	20061031	20131031	8	3509.88	2276.33	999.00	7700.00				1328.35	1751.80	1992.50	2087.00	2193.50	2324.00	2450.50	2545.00	2639.50	3326.00	4086.50	4796.00	5480.00	6228.00	7056.00			
01427207	1101	20061101	20131101	8	3121.25	1735.41	1200.00	6280.00				1396.00	1648.00	1827.50	1949.00	2064.50	2168.00	2277.50	2435.00	2592.50	3294.00	4063.50	4377.00	4462.50	4864.00	5660.50			
01427207	1102	20061102	20131102	8	3066.25	1599.65	1610.00	6310.00				1652.00	1706.00	1747.50	1779.00	1902.00	2208.00	2494.50	2625.00	2755.50	3202.00	3688.00	3889.00	3947.50	4446.00	5494.50			
01427207	1103	20061103	20131103	8	2798.75	1445.26	1500.00	5780.00				1500.00	1500.00	1540.00	1612.00	1787.50	2170.00	2511.50	2525.00	2538.50	2832.00	3160.50	3378.00	3540.00	4060.00	5027.50			
01427207	1104	20061104	20131104	8	2572.50	1274.83	1350.00	5190.00				1360.50	1374.00	1450.00	1576.00	1756.00	2044.00	2309.00	2390.00	2471.00	2636.00	2811.50	3014.00	3230.00	3718.00	4546.00			
01427207	1105	20061105	20131105	8	2492.00	1168.10	966.00	4730.00				1058.40	1177.20	1470.00	1902.00	2215.50	2292.00	2369.00	2450.00	2531.00	2632.00	2735.50	2884.00	3055.00	3466.00	4177.00			
01427207	1106	20061106	20131106	8	2332.88	1021.60	893.00	4260.00				1063.45	1282.60	1545.00	1842.00	2074.50	2178.00	2274.50	2315.00	2355.50	2380.00	2402.50	2602.00	2890.00	3292.00	3836.50			
01427207	1107	20061107	20131107	8	2220.75	852.11	996.00	3870.00				1249.40	1575.20	1752.50	1811.00	1883.00	1982.00	2074.50	2115.00	2155.50	2180.00	2202.50	2414.00	2720.00	3086.00	3527.00			
01427207	1108	20061108	20131108	8	2181.25	849.58	1370.00	3990.00				1426.00	1498.00	1570.00	1642.00	1727.50	1840.00	1942.00	1960.00	1978.00	2056.00	2141.50	2353.00	2627.50	3022.00	3566.50			
01427207	1109	20061109	20131109	8	2363.75	1498.56	1240.00	5920.00				1355.50	1504.00	1577.50	1591.00	1633.00	1732.00	1829.00	1910.00	1991.00	2036.00	2076.50	2264.00	2525.00	3320.00	4782.50			
01427207	1110	20061110	20131110	8	2190.00	1231.43	1210.00	5060.00				1297.50	1410.00	1480.00	1516.00	1562.50	1630.00	1703.50	1825.00	1946.50	1992.00	2028.00	2196.00	2430.00	3060.00	4185.00			
01427207	1111	20061111	20131111	8	2033.75	1091.29	1190.00	4570.00				1239.00	1302.00	1340.00	1358.00	1403.00	1502.00	1605.00	1740.00	1875.00	1982.00	2085.50	2147.00	2187.50	2682.00	3744.00			
01427207	1112	20061112	20131112	8	1872.50	1041.92	1110.00	4300.00				1124.00	1142.00	1167.50	1199.00	1262.00	1388.00	1512.50	1625.00	1737.50	1826.00	1911.50	1961.00	1992.50	2468.00	3498.50			
01427207	1113	20061113	20131113	8	1890.00	981.57	1090.00	4190.00				1121.50	1162.00	1242.50	1355.00	1464.50	1568.00	1661.50	1675.00	1688.50	1782.00	1885.50	1932.00	1950.00	2406.00	3409.50			
01427207	1114	20061114	20131114	8	1956.25	989.11	1050.00	4190.00				1134.00	1242.00	1327.50	1395.00	1462.50	1530.00	1601.50	1705.00	1808.50	1852.00	1888.00	2041.00	2252.50	2734.00	3553.00			
01427207	1115	20061115	20131115	8	2431.25	1662.60	1130.00	5830.00				1217.50	1330.00	1382.50	1387.00	1409.50	1468.00	1543.00	1750.00	1957.00	2036.00	2099.00	2714.00	3605.00	4446.00	5224.50			
01427207	1116	20061116	20131116	8	3172.50	2704.38	1150.00	8440.00				1213.00	1294.00	1370.00	1442.00	1545.50	1712.00	1877.50	2035.00	2192.50	2346.00	2499.00	3690.00	5400.00	6768.00	7708.50			
01427207	1117	20061117	20131117	8	4821.75	6932.03	974.00	21700.00				1077.60	1210.80	1390.00	1606.00	1843.00	2122.00	2381.00	2480.00	2579.00	2722.00	2870.50	3544.00	4480.00	8340.00	15855.00			
01427207	1118	20061118	20131118	8	3710.00	4301.05	1150.00	14100.00				1171.00	1198.00	1320.00	1518.00	1710.00	1890.00	2068.00	2230.00	2392.00	2862.00	3370.50	3549.00	3562.50	5676.00	10414.50			
01427207	1119	20061119	20131119	8	3118.75	3163.79	1170.00	10800.00				1306.50	1482.00	1565.00	1574.00	1617.50	1730.00	1853.50	2065.00	2276.50	2520.00	2767.50	2853.00	2857.50	4448.00	8021.00			
01427207	1120	20061120	20131120	8	2890.00	2390.79	1290.00	8660.00				1370.50	1474.00	1560.00	1632.00	1764.00	2016.00	2247.00	2310.00	2373.00	2440.00	2507.50	2617.00	2747.50	3988.00	6616.00			
01427207	1121	20061121	20131121	8	2721.25	1902.32	1180.00	7100.00				1281.50	1412.00	1490.00	1526.00	1643.00	1922.00	2175.50	2225.00	2274.50	2452.00	2645.50	2890.00	3160.00	4068.00	5773.50			
01427207	1122	20061122	20131122	8	2386.25	1531.35	1200.00	5940.00				1270.00	1360.00	1402.50	1407.00	1509.00	1806.00	2072.00	2090.00	2108.00	2114.00	2118.50	2336.00	2660.00	3460.00	4855.00			
01427207	1123	20061123	20131123	8	2938.75	2305.55	1200.00	6880.00				1256.00	1328.00	1362.50	1367.00	1451.00	1694.00	1913.00	1940.00	1967.00	2178.00	2412.00	3642.00	5370.00	6440.00	6687.50			
01427207	1124	20061124	20131124	8	2813.75	2237.08	1100.00	6610.00				1184.00	1292.00	1357.50	1389.00	1468.50	1644.00	1804.00	1840.00	1876.00	2008.00	2152.00	3391.00	5177.50	6258.00	6456.00			
01427207	1125	20061125	20131125	8	2512.50	1721.75	1270.00	5770.00				1329.50	1406.00	1445.00	1454.00	1497.50	1610.00	1711.00	1720.00	1729.00	1842.00	1968.00	2820.00	4035.00	4922.00	5399.00			
01427207	1126	20061126	20131126	8	2497.50	1425.47	1220.00	5280.00				1290.00	1380.00	1460.00	1532.00	1599.50	1658.00	1737.50	1985.00	2232.50	2372.00	2498.00	2969.00	3612.50	4232.00	4821.50			
01427207	1127	20061127	20131127	8	3425.00	2139.06	1190.00	7320.00				1291.50	1422.00	1520.00	1592.00	1779.50	2198.00	2616.00	3030.00	3444.00	3962.00	4493.00	4781.00	4947.50	5496.00	6522.00			
01427207	1128	20061128	20131128	8	3137.50	1883.00	1170.00	5970.00				1243.50	1338.00	1437.50	1541.00	1691.00	1934.00	2201.00	2660.00	3119.00	3574.00	4028.50	4567.00	5147.50	5570.00	5795.00			
01427207	1129	20061129	20131129	8	2552.50	1177.65	1120.00	4030.00				1193.50	1288.00	1392.50	1505.00	1637.00	1808.00	2021.00	2570.00	3119.00	3288.00	3409.50	3546.00	3690.00	3822.00	3939.00			
01427207	1130	20061130	20131130	8	2850.00	2168.20	1090.00	7800.00				1160.00	1250.00	1350.00	1458.00	1584.00	1746.00	1938.50	2375.00	2811.50	2964.00	3081.00	3150.00	3195.00	4136.00	6197.00			
01427207	1201	20061201	20131201	8	3246.25	2089.13	1070.00	6620.00				1227.50	1430.00	1595.00	1730.00	1919.00	2216.00	2488.00	2560.00	2632.00	3064.00	3541.00	4426.00	5515.00	6220.00	6445.00			
01427207	1202	20061202	20131202	8	4421.25	4392.20	1060.00	14300.00				1175.50	1324.00	1595.00	1964.00	2214.50	2228.00	2264.00	2480.00	2696.00	3636.00	4666.50	5439.00	6082.50	8012.00	11549.00			
01427207	1203	20061203	20131203	8	3487.50	1939.79	1160.00	6760.00				1468.00	1864.00	2077.50	2145.00	2229.00	2346.00	2493.00	2880.00	3267.00	3734.00	4211.00	4745.00	5307.50	5848.00	6361.00			
01427207	1204	20061204	20131204	8	3172.50	1453.76	1170.00	4940.00				1432.50	1770.00	1937.50	1969.00	2066.50	2296.00	2572.00	3220.00	3868.00	3984.00	4033.50	4296.00	4665.00	4884.00	4915.50			
01427207	1205	20061205	20131205	8	2763.75	1131.53	1200.00	4410.00				1438.00	1744.00	1925.00	2006.00	2064.50	2078.00	2132.00	2510.00	2888.00	3222.00	3550.50	3726.00	3825.00	3986.00	4224.50			
01427207	1206	20061206	20131206	8	2645.00	985.45	1100.00	3860.00				1345.00	1660.00	1807.50	1821.00	1971.00	2394.00	2772.00	2790.00	2808.00	3010.00	3235.00	3421.00	3587.50	3716.00	3797.00			
01427207	1207	20061207	20131207	8	2701.25	1341.57	1030.00	5330.00				1250.50	1534.00	1665.00	1674.00	1806.00	2184.00	2541.50	2735.00	2928.50	2954.00	2958.50	3116.00	3350.00	3850.00	4682.50			
01427207	1208	20061208	20131208	8	3410.00	3582.53	1260.00	12100.00				1309.00	1372.00	1442.50	1519.00	1681.00	2014.00	2322.00	2430.00	2538.00	2678.00	2822.00	2975.00	3132.50	4996.00	8992.00			
01427207	1209	20061209	20131209	8	2918.75	2335.58	1300.00	8470.00				1363.00	1444.00	1487.50	1501.00	1630.00	1990.00	2312.50	2335.00	2357.50	2576.00	2819.00	2936.00	2990.00	4110.00	6562.50			
01427207	1210	20061210	20131210	8	2967.50	1901.64	1420.00	7430.00				1462.00	1516.00	1712.50	2023.00	2249.50	2308.00	2379.50	2555.00	2730.50	2834.00	2928.50	2987.00	3027.50	3926.00	5897.00			
01427207	1211	20061211	20131211	8	3350.00	1970.50	1430.00	6700.00				1647.00	1926.00	2052.50	2057.00	2099.00	2216.00	2347.50	2595.00	2842.50	3026.00	3201.50	4115.00	5397.50	6228.00	6493.50			
01427207	1212	20061212	20131212	8	4812.50	5420.03	1870.00	17800.00				1873.50	1878.00	1980.00	2160.00	2289.00	2316.00	2364.00	2580.00	2796.00	3088.00	3389.50	4249.00	5387.50	8376.00	13677.00			
01427207	1213	20061213	20131213	8	4035.00	2726.75	1740.00	9400.00				1757.50	1780.00	1852.50	1965.00	2158.50	2514.00	2835.50	2885.00	2934.50	3916.00	5014.00	5614.00	5965.00	6808.00	8266.00			
01427207	1214	20061214	20131214	8	3470.00	1526.93	1700.00	5660.00				1766.50	1852.00	2077.50	2415.00	2683.50	2814.00	2931.50	2945.00	2958.50	3720.00	4575.00	4938.00	5055.00	5228.00	5471.00			
01427207	1215	20061215	20131215	8	3120.00	1331.71	1380.00	4810.00				1513.00	1684.00	1902.50	2159.00	2403.50	2624.00	2821.00	2830.00	2839.00	3464.00	4166.00	4466.00	4565.00	4658.00	4743.50			
01427207	1216	20061216	20131216	8	3190.00	1383.42	1660.00	5360.00				1702.00	1756.00	1895.00	2102.00	2313.50	2534.00	2741.00	2840.00	2939.00	3386.00	3876.50	4256.00	4580.00	4880.00	5150.00			
01427207	1217	20061217	20131217	8	2880.00	1225.08	1370.00	4690.00				1461.00	1578.00	1765.00	2008.00	2233.00	2422.00	2593.50	2625.00	2656.50	3004.00	3391.00	3787.00	4187.50	4466.00	4592.00			
01427207	1218	20061218	20131218	8	2903.75	1055.91	1380.00	4500.00				1607.50	1900.00	2087.50	2191.00	2312.50	2470.00	2627.50	2785.00	2942.50	3132.00	3325.50	3603.00	3922.50	4180.00	4360.00			
01427207	1219	20061219	20131219	8	3076.25	816.40	1810.00	4470.00				2072.50	2410.00	2582.50	2623.00	2659.00	2686.00	2737.50	2985.00	3232.50	3364.00	3481.00	3553.00	3602.50	3798.00	4176.00			
01427207	1220	20061220	20131220	8	2978.75	818.21	1740.00	4640.00				2006.00	2348.00	2575.00	2710.00	2806.00	2824.00	2844.50	2885.00	2925.50	2994.00	3066.00	3150.00	3240.00	3560.00	4167.50			
01427207	1221	20061221	20131221	8	3795.00	2454.88	1900.00	9620.00				2096.00	2348.00	2550.00	2712.00	2836.50	2886.00	2936.00	2990.00	3044.00	3122.00	3203.00	3566.00	4070.00	5404.00	7775.50			
01427207	1222	20061222	20131222	8	4670.00	2803.81	2460.00	10500.00				2558.00	2684.00	2800.00	2908.00	3002.50	3070.00	3172.00	3550.00	3928.00	4118.00	4284.50	5210.00	6515.00	7892.00	9359.00			
01427207	1223	20061223	20131223	8	4517.50	2111.62	2910.00	8910.00				2920.50	2934.00	2990.00	3080.00	3150.50	3182.00	3238.00	3490.00	3742.00	4386.00	5079.00	5502.00	5790.00	6542.00	7874.00			
01427207	1224	20061224	20131224	8	5182.50	3135.23	2800.00	12300.00				2905.00	3040.00	3122.50	3163.00	3311.50	3676.00	4016.50	4165.00	4313.50	4650.00	5010.00	5574.00	6240.00	7748.00	10308.50			
01427207	1225	20061225	20131225	8	4491.25	1977.57	2650.00	7660.00				2685.00	2730.00	2855.00	3044.00	3215.00	3350.00	3516.50	3935.00	4353.50	4436.00	4476.50	5345.00	6627.50	7404.00	7548.00			
01427207	1226	20061226	20131226	8	3846.25	1362.93	2260.00	6060.00				2487.50	2780.00	2950.00	3022.00	3100.00	3190.00	3274.00	3310.00	3346.00	3670.00	4030.00	4615.00	5312.50	5772.00	5934.00			
01427207	1227	20061227	20131227	8	3710.00	1325.18	1660.00	5780.00				2027.50	2500.00	2725.00	2752.00	2876.50	3196.00	3507.00	3750.00	3993.00	4184.00	4368.50	4550.00	4730.00	5020.00	5447.50			
01427207	1228	20061228	20131228	8	3990.00	2031.57	1310.00	7050.00				1695.00	2190.00	2417.50	2431.00	2546.50	2866.00	3210.00	3750.00	4290.00	4518.00	4707.00	5271.00	6022.50	6562.00	6836.50			
01427207	1229	20061229	20131229	8	3950.00	2451.19	1270.00	8890.00				1595.50	2014.00	2232.50	2291.00	2408.00	2642.00	2889.50	3245.00	3600.50	4112.00	4643.00	5054.00	5405.00	6258.00	7738.50			
01427207	1230	20061230	20131230	8	3976.25	2123.43	1240.00	7420.00				1541.00	1928.00	2200.00	2380.00	2542.00	2668.00	2891.00	3890.00	4889.00	5080.00	5170.00	5311.00	5477.50	5940.00	6772.50			
01427207	1231	20061231	20131231	8	3425.00	1846.07	1310.00	6800.00				1541.00	1838.00	2012.50	2089.00	2225.50	2482.00	2724.00	2850.00	2976.00	3618.00	4324.50	4668.00	4830.00	5296.00	6142.00			
