site_no	monthday	begin_dt	end_dt	count_nu	mean	std	min	max	p01	p05	p10	p15	p20	p25	p30	p35	p40	p45	p50	p55	p60	p65	p70	p75	p80	p85	p90	p95	p99
01481500	ALL	19731001	20150930	15340	508.15	639.17	35.00	15100.00	88.00	119.00	143.00	165.00	189.00	213.00	241.00	269.00	297.00	326.00	358.50	391.00	431.60	475.00	526.00	585.00	658.00	755.00	918.90	1280.00	2985.90
01481500	0101	19740101	20150101	42	550.12	511.48	95.00	2830.00		138.15	183.10	233.70	240.60	245.50	255.90	274.10	337.20	348.90	365.50	442.20	477.40	596.15	633.50	699.75	751.60	833.50	961.00	1996.50	
01481500	0102	19740102	20150102	42	541.86	411.75	93.00	1780.00		133.15	209.80	226.70	241.00	258.00	289.30	312.85	335.40	371.05	393.00	434.60	481.80	565.35	638.50	706.50	775.80	840.80	1212.80	1720.00	
01481500	0103	19740103	20150103	42	563.43	459.30	91.00	2280.00		130.70	210.20	237.80	246.20	282.50	301.30	322.15	345.60	354.80	370.50	418.50	521.00	595.85	685.00	718.00	752.20	828.40	1139.20	1792.00	
01481500	0104	19740104	20150104	42	556.02	450.32	90.00	2670.00		123.70	198.50	218.90	236.80	271.75	313.20	329.40	352.60	387.90	414.50	468.40	506.40	583.65	649.10	705.75	806.20	869.70	1116.60	1314.50	
01481500	0105	19740105	20150105	42	512.07	358.45	90.00	2110.00		105.05	171.70	198.95	238.80	274.75	300.80	319.10	336.80	354.25	417.50	486.10	565.40	600.20	647.30	674.25	796.00	844.65	894.90	954.15	
01481500	0106	19740106	20150106	42	485.62	297.35	113.00	1530.00		139.65	190.00	221.25	249.20	250.75	288.70	298.55	328.00	336.10	400.50	432.30	523.20	594.80	635.10	641.50	698.00	817.45	870.20	1096.55	
01481500	0107	19740107	20150107	42	489.50	255.87	120.00	1210.00		156.45	197.30	219.90	249.20	282.25	286.90	333.35	347.20	379.10	469.50	498.80	535.00	567.75	622.40	678.00	753.20	806.05	845.10	921.15	
01481500	0108	19740108	20150108	42	570.76	647.75	115.00	4190.00		130.30	190.60	215.85	235.20	246.25	275.00	330.65	361.20	416.35	446.50	463.60	500.20	571.25	601.00	618.00	697.00	715.40	987.60	1641.00	
01481500	0109	19740109	20150109	42	564.57	551.36	115.00	3550.00		174.30	203.60	222.40	240.00	284.75	308.20	330.55	363.00	425.65	480.50	493.95	501.60	533.95	571.90	624.25	711.00	745.55	1063.50	1441.50	
01481500	0110	19740110	20150110	42	467.67	236.66	112.00	1330.00		160.65	225.10	242.70	263.20	302.25	325.20	340.30	347.60	365.60	379.50	442.90	508.20	559.40	605.70	628.75	676.60	712.10	739.10	853.25	
01481500	0111	19740111	20150111	42	514.36	288.77	103.00	1650.00		211.05	221.70	232.50	266.40	290.75	313.90	340.25	351.00	408.00	495.50	532.75	552.40	586.60	616.90	669.50	747.60	769.85	889.00	948.20	
01481500	0112	19740112	20150112	42	621.86	532.34	101.00	2410.00		194.95	215.90	228.35	262.00	286.00	329.00	372.80	420.40	468.60	499.50	542.30	562.20	573.50	587.30	693.25	706.00	825.80	1639.00	2106.50	
01481500	0113	19740113	20150113	42	500.24	253.50	95.00	1200.00		187.95	220.90	227.25	248.20	274.25	312.70	326.40	368.40	465.45	522.00	543.05	554.00	604.85	622.60	645.75	676.00	713.90	834.90	1106.10	
01481500	0114	19740114	20150114	42	590.67	607.22	95.00	3670.00		181.75	212.30	231.35	247.80	279.25	319.50	330.85	359.80	398.55	436.00	493.25	515.80	543.75	625.50	653.50	727.80	807.55	870.80	1932.50	
01481500	0115	19740115	20150115	42	547.21	428.00	106.00	2770.00		161.15	214.90	233.15	274.80	316.00	320.80	334.10	396.80	464.45	480.50	500.30	502.00	526.05	600.60	662.75	796.60	825.10	971.30	1035.50	
01481500	0116	19740116	20150116	42	511.98	309.61	111.00	1630.00		147.50	203.70	237.65	261.20	285.75	312.80	348.25	408.00	452.05	464.00	494.45	526.60	554.10	565.00	632.25	648.80	760.65	1011.80	1192.00	
01481500	0117	19740117	20150117	42	472.62	262.63	113.00	1350.00		142.35	191.50	222.30	238.00	290.25	302.40	344.60	379.20	415.30	429.50	437.95	442.20	487.65	576.90	621.25	643.60	737.00	905.40	991.70	
01481500	0118	19740118	20150118	42	584.76	490.24	113.00	2670.00		145.15	216.40	240.20	271.20	301.50	314.70	341.05	354.80	387.00	430.00	478.25	538.80	563.30	608.50	654.00	821.80	930.10	1176.00	1835.00	
01481500	0119	19740119	20150119	42	695.60	776.17	118.00	4800.00		141.25	210.90	242.50	288.60	323.50	362.30	381.85	458.80	464.70	488.00	498.25	560.00	656.30	690.80	787.00	825.40	1017.70	1344.00	2257.00	
01481500	0120	19740120	20150120	42	871.07	1577.47	118.00	10300.00		148.95	186.90	238.65	292.20	329.00	347.00	418.45	440.40	460.30	489.00	533.35	605.60	639.90	651.40	689.00	938.20	1155.50	1732.00	2389.50	
01481500	0121	19740121	20150121	42	719.02	1155.01	127.00	7640.00		141.35	193.00	232.45	277.40	295.00	334.90	342.25	379.80	412.05	482.50	496.85	588.60	651.70	674.20	695.50	720.00	906.25	1237.00	1860.00	
01481500	0122	19740122	20150122	42	580.14	740.57	121.00	4960.00		134.50	177.40	226.90	257.20	279.00	309.50	340.05	360.00	395.05	458.00	464.30	534.40	600.15	608.90	632.25	648.40	683.90	856.80	1394.50	
01481500	0123	19740123	20150123	42	511.76	300.17	124.00	1550.00		141.05	195.60	260.00	291.60	321.75	330.10	358.05	362.00	387.45	459.50	467.80	503.80	539.85	562.30	597.75	774.60	829.45	924.50	1152.50	
01481500	0124	19740124	20150124	42	612.55	544.48	134.00	3260.00		169.80	243.90	280.10	312.40	329.00	364.80	399.60	432.00	442.05	451.00	461.60	497.80	544.70	564.90	680.25	761.00	1068.50	1121.00	1858.50	
01481500	0125	19740125	20150125	42	966.19	1896.81	134.00	12100.00		177.05	253.00	275.00	292.00	326.50	358.00	418.10	428.80	451.05	471.50	528.10	578.20	621.60	701.10	784.00	798.20	1019.60	2084.00	3762.00	
01481500	0126	19740126	20150126	42	938.69	1740.21	138.00	11200.00		181.30	250.90	269.45	272.80	293.75	336.70	380.10	404.00	435.40	499.00	528.90	560.60	585.60	693.70	827.50	963.20	1266.50	2029.00	2817.50	
01481500	0127	19740127	20150127	42	749.40	947.74	141.00	5110.00		173.00	204.70	255.05	274.20	279.25	333.90	350.30	378.40	404.55	426.00	445.20	482.00	557.80	646.40	775.75	893.20	1082.50	1582.00	3397.50	
01481500	0128	19740128	20150128	42	765.12	929.42	148.00	3990.00		174.90	197.50	263.15	270.60	295.50	328.60	350.75	365.20	375.25	398.50	418.95	531.40	571.00	632.80	766.25	833.60	1244.50	1875.00	3857.00	
01481500	0129	19740129	20150129	42	665.83	992.91	141.00	6550.00		161.65	186.10	254.05	262.40	281.75	322.50	354.30	365.20	378.75	393.00	411.95	503.40	563.75	633.00	666.25	704.20	1016.70	1271.00	1533.00	
01481500	0130	19740130	20150130	42	574.52	485.82	127.00	2850.00		160.60	179.80	250.90	284.40	301.75	310.60	338.65	356.00	390.90	409.50	443.65	512.40	558.65	567.70	658.25	785.20	1073.00	1183.00	1414.50	
01481500	0131	19740131	20150131	42	586.24	516.12	109.00	3130.00		170.45	219.20	256.65	280.40	296.50	310.00	323.35	369.60	411.55	457.00	505.20	530.80	557.85	591.20	656.50	855.40	939.40	1027.00	1672.50	
01481500	0201	19740201	20150201	42	564.55	358.24	112.00	1980.00		175.70	237.30	276.90	280.20	297.75	319.90	345.30	374.80	454.70	490.50	504.60	520.00	598.05	679.10	799.00	856.60	897.50	957.90	1316.00	
01481500	0202	19740202	20150202	42	618.83	405.64	170.00	2200.00		187.35	268.50	285.05	337.80	376.75	406.60	439.40	478.40	507.65	531.00	554.30	569.40	583.40	631.30	724.25	822.60	877.25	1079.00	1712.50	
01481500	0203	19740203	20150203	42	722.45	722.20	180.00	4640.00		186.90	275.80	300.35	330.20	345.50	431.30	497.00	499.20	516.00	563.00	604.05	668.60	689.75	742.60	816.75	864.40	969.60	1094.00	2153.50	
01481500	0204	19740204	20150204	42	644.76	566.29	180.00	2820.00		190.30	227.70	290.90	310.60	329.75	347.00	420.80	447.40	456.80	467.00	502.10	566.40	622.85	658.10	721.00	792.40	848.55	956.50	2413.00	
01481500	0205	19740205	20150205	42	628.79	428.83	169.00	2050.00		169.15	200.10	281.95	290.60	327.25	386.40	437.05	444.60	449.35	477.00	529.50	564.80	603.90	695.80	770.00	915.80	1132.00	1312.00	1628.50	
01481500	0206	19740206	20150206	42	618.36	613.33	150.00	3920.00		158.15	185.70	246.70	290.80	317.50	342.50	426.25	440.60	474.80	495.00	507.50	530.40	548.55	581.30	734.00	788.80	814.05	1113.00	1719.50	
01481500	0207	19740207	20150207	42	632.71	1029.97	150.00	7020.00		156.30	180.70	249.00	273.00	299.25	323.90	346.25	416.60	464.20	488.50	528.25	563.60	595.15	604.20	637.50	682.40	710.20	787.00	928.95	
01481500	0208	19740208	20150208	42	513.98	307.40	150.00	2060.00		164.20	183.40	256.30	299.20	315.75	326.70	403.45	435.80	485.05	505.00	516.95	548.40	590.70	599.00	622.25	678.80	706.80	753.60	807.15	
01481500	0209	19740209	20150209	42	482.86	227.54	152.00	1230.00		160.60	205.50	267.65	288.80	300.00	322.50	372.60	421.60	452.65	478.00	486.30	507.80	525.30	541.60	597.50	638.00	669.75	813.50	984.50	
01481500	0210	19740210	20150210	42	488.36	275.82	122.00	1370.00		167.50	198.30	227.00	268.00	298.25	317.00	333.70	415.40	429.05	438.00	448.30	457.20	506.70	537.60	586.50	606.80	799.85	933.00	1100.00	
01481500	0211	19740211	20150211	42	483.67	233.38	147.00	1130.00		175.55	238.80	260.45	286.00	298.25	310.20	320.00	337.00	419.45	447.00	468.60	529.60	545.60	580.50	603.00	723.80	787.40	845.70	902.45	
01481500	0212	19740212	20150212	42	607.81	472.85	152.00	2830.00		169.10	238.60	273.50	305.80	316.50	352.90	402.40	435.40	461.00	501.50	523.90	590.40	619.60	684.00	715.25	795.20	856.10	992.00	1718.00	
01481500	0213	19740213	20150213	42	655.05	757.02	132.00	4750.00		164.25	236.00	285.05	315.60	360.75	430.30	440.35	453.20	478.05	507.00	520.65	554.00	567.80	590.40	658.00	678.80	754.25	953.20	2441.50	
01481500	0214	19740214	20150214	42	555.50	415.15	147.00	2840.00		169.45	247.90	270.75	302.20	345.00	367.00	403.60	436.80	456.65	485.00	510.55	547.80	559.75	606.30	684.25	717.00	802.45	838.00	923.10	
01481500	0215	19740215	20150215	42	621.21	701.79	139.00	4640.00		222.60	240.30	268.55	301.60	315.50	391.70	416.35	444.20	454.40	484.00	508.45	547.40	568.70	577.50	590.25	654.20	715.90	917.10	1741.00	
01481500	0216	19740216	20150216	42	600.76	534.74	147.00	3380.00		205.20	245.00	288.40	333.00	364.50	405.10	422.90	448.40	478.75	494.50	539.05	551.00	572.95	600.20	625.50	647.60	701.60	856.80	1903.50	
01481500	0217	19740217	20150217	42	538.07	294.02	119.00	1570.00		154.10	233.20	280.90	324.20	369.00	389.10	419.15	424.40	442.95	477.50	489.00	523.60	548.90	567.70	625.50	718.00	835.80	981.70	1244.00	
01481500	0218	19740218	20150218	42	550.95	266.13	138.00	1260.00		202.55	256.70	288.10	310.80	363.75	390.50	412.40	421.80	454.20	487.50	527.55	556.80	600.95	695.20	743.75	756.60	813.10	936.80	1151.00	
01481500	0219	19740219	20150219	42	577.48	312.12	135.00	1580.00		194.95	267.40	295.50	313.20	377.75	404.80	420.30	443.00	463.45	482.50	531.00	590.20	605.95	631.80	696.00	782.20	965.65	1068.00	1273.00	
01481500	0220	19740220	20150220	42	605.98	394.46	133.00	2320.00		201.25	288.30	305.70	354.40	395.25	412.80	444.70	459.00	479.10	523.50	539.20	584.60	616.80	631.90	673.00	735.20	834.65	1010.90	1575.50	
01481500	0221	19740221	20150221	42	610.67	448.50	166.00	2740.00		190.95	263.10	331.15	382.40	390.75	393.90	430.55	443.60	458.35	533.50	547.05	562.00	574.45	608.50	642.00	709.20	799.15	1098.10	1704.50	
01481500	0222	19740222	20150222	42	687.48	551.03	156.00	2950.00		222.40	272.50	365.90	379.00	381.75	402.60	417.60	452.40	478.70	499.50	533.55	581.20	642.45	672.50	725.75	790.00	1022.00	1492.00	2084.00	
01481500	0223	19740223	20150223	42	744.21	824.15	140.00	5430.00		248.45	283.50	348.45	398.60	434.00	442.70	449.40	468.60	516.75	546.00	605.45	624.00	658.60	749.60	814.00	867.80	914.20	1100.40	2106.00	
01481500	0224	19740224	20150224	42	850.74	789.29	136.00	3760.00		242.50	295.40	365.55	397.00	407.25	445.90	456.55	474.60	497.50	579.00	614.25	629.00	656.35	736.10	857.50	1308.00	1420.00	2177.00	2974.50	
01481500	0225	19740225	20150225	42	937.17	1522.82	134.00	10000.00		234.60	287.70	347.95	373.40	397.00	414.60	426.10	448.20	499.75	554.50	575.85	614.80	700.05	727.00	891.75	1208.00	1356.50	1639.00	2408.50	
01481500	0226	19740226	20150226	42	836.10	1766.49	134.00	11900.00		245.10	298.10	344.85	362.00	371.00	390.70	405.05	420.20	473.45	542.50	575.00	611.40	642.60	681.60	702.50	843.20	934.35	988.30	1220.00	
01481500	0227	19740227	20150227	42	596.36	532.13	136.00	3760.00		243.50	290.40	320.70	344.80	374.75	388.90	395.60	457.20	507.70	522.00	546.90	562.40	639.85	657.30	671.25	702.20	742.80	797.20	898.30	
01481500	0228	19740228	20150228	42	557.81	296.19	129.00	1900.00		228.85	290.00	307.15	332.60	362.75	399.50	429.75	449.20	493.50	505.50	533.50	586.40	607.30	633.70	657.50	702.00	754.10	903.40	1040.10	
01481500	0229	19760229	20120229	10	597.00	252.83	268.00	1150.00			271.30	289.45	342.40	456.25	509.20	511.40	517.60	525.30	559.00	593.45	609.40	630.00	663.00	713.50	785.00	929.65	1116.10		
01481500	0301	19740301	20150301	42	607.07	441.31	131.00	2610.00		242.30	251.00	280.80	325.00	347.00	408.40	450.55	479.40	494.35	508.00	536.35	547.80	610.30	663.90	683.25	735.40	783.35	823.30	1724.50	
01481500	0302	19740302	20150302	42	697.36	857.97	125.00	5470.00		243.95	259.30	310.85	339.80	367.00	396.30	407.55	453.20	469.05	487.00	511.65	527.00	564.90	628.90	699.50	722.40	827.35	1077.00	2429.50	
01481500	0303	19740303	20150303	42	634.31	497.22	232.00	2920.00		233.75	266.80	324.80	352.80	390.00	397.70	429.60	456.80	478.25	514.00	541.30	585.00	598.70	618.10	672.75	748.20	780.65	1044.20	2046.00	
01481500	0304	19740304	20150304	42	611.43	340.52	218.00	2030.00		225.90	261.60	326.75	370.80	409.50	431.70	450.70	467.20	500.05	531.50	561.40	574.40	595.10	616.70	747.25	918.40	974.50	1037.00	1193.50	
01481500	0305	19740305	20150305	42	768.86	952.85	227.00	6190.00		235.60	261.90	328.40	355.40	362.75	402.70	458.20	472.80	525.30	547.50	560.55	603.40	645.80	759.80	842.25	923.20	1008.85	1144.00	2451.50	
01481500	0306	19740306	20150306	42	668.48	532.95	188.00	3210.00		225.30	267.50	356.00	362.60	367.25	391.80	465.05	518.40	524.35	535.00	551.60	562.80	604.45	637.10	709.50	817.20	962.00	1127.00	1885.50	
01481500	0307	19740307	20150307	42	657.43	486.55	176.00	2900.00		232.80	298.80	354.15	379.40	392.75	416.70	471.15	481.00	489.15	515.50	535.55	567.60	596.80	614.30	704.25	859.80	967.70	1230.00	1804.00	
01481500	0308	19740308	20150308	42	661.79	403.61	173.00	1830.00		241.15	298.40	350.45	363.00	376.00	407.30	451.05	479.00	522.10	533.50	549.20	574.20	649.95	698.40	840.75	992.60	1065.50	1110.00	1805.00	
01481500	0309	19740309	20150309	42	782.98	818.58	172.00	5130.00		249.75	315.10	337.95	355.00	389.00	413.90	441.20	454.20	486.80	518.00	561.50	632.60	739.75	762.80	842.75	978.60	1077.50	1682.00	2134.00	
01481500	0310	19740310	20150310	42	788.90	880.56	170.00	5580.00		226.80	312.40	335.45	371.60	380.00	413.90	431.20	478.40	488.05	498.50	529.25	612.00	673.20	779.10	835.75	1003.40	1079.50	1733.00	2068.50	
01481500	0311	19740311	20150311	42	901.76	1350.87	180.00	7770.00		222.45	307.40	340.30	382.80	399.75	414.90	434.60	460.80	487.15	512.50	530.05	604.00	660.45	722.70	773.25	852.40	918.25	1305.00	4236.00	
01481500	0312	19740312	20150312	42	672.14	458.52	147.00	2130.00		243.25	286.10	337.00	377.60	400.00	409.60	469.10	479.00	508.80	534.00	605.50	647.80	668.65	702.70	767.50	797.20	906.55	1327.00	2028.50	
01481500	0313	19740313	20150313	42	759.88	572.78	160.00	3140.00		231.90	296.30	344.70	385.20	409.00	430.70	453.45	489.80	583.40	616.00	633.55	660.20	692.10	864.20	959.25	1018.00	1199.50	1382.00	2169.00	
01481500	0314	19740314	20150314	42	899.21	904.52	200.00	4980.00		218.70	274.20	322.85	370.60	408.50	432.70	466.65	488.20	541.65	571.50	624.20	676.60	804.05	874.60	1025.00	1134.00	1585.00	2367.00	2618.00	
01481500	0315	19740315	20150315	42	826.79	793.30	188.00	4210.00		217.75	246.30	346.15	375.20	401.50	413.50	432.50	487.40	525.70	540.00	567.40	647.60	755.45	769.80	834.00	973.80	1580.50	1981.00	2770.00	
01481500	0316	19740316	20150316	42	697.79	492.71	168.00	2370.00		208.35	240.10	350.95	375.00	408.25	437.20	467.20	493.20	504.60	545.50	588.00	617.00	649.35	759.00	861.00	917.60	1051.85	1373.00	2232.00	
01481500	0317	19740317	20150317	42	659.57	344.24	155.00	1420.00		206.80	264.30	344.50	382.40	415.00	434.40	484.00	490.40	529.40	560.00	617.25	656.20	704.10	784.50	861.75	981.60	1125.50	1276.00	1374.00	
01481500	0318	19740318	20150318	42	667.69	442.26	204.00	2800.00		221.05	253.20	357.35	377.60	406.75	434.50	478.15	520.40	546.50	596.50	619.20	626.40	707.05	732.60	751.50	798.60	970.90	1175.00	1441.00	
01481500	0319	19740319	20150319	42	705.79	423.78	195.00	2110.00		207.10	336.60	366.60	391.40	426.25	442.70	468.70	501.80	563.35	609.50	648.70	708.60	747.65	794.60	840.00	897.60	1093.00	1271.00	1916.50	
01481500	0320	19740320	20150320	42	819.64	844.85	196.00	5310.00		204.05	352.00	356.45	376.40	390.50	424.90	434.05	458.60	515.45	539.50	587.60	669.60	747.90	902.20	1003.50	1070.00	1114.00	1718.00	2138.00	
01481500	0321	19740321	20150321	42	906.45	684.75	186.00	2980.00		200.50	346.50	380.90	404.00	422.50	454.10	460.60	551.80	649.05	688.00	821.60	887.80	959.80	1001.00	1147.50	1362.00	1440.50	1874.00	2903.00	
01481500	0322	19740322	20150322	42	1207.69	1810.50	180.00	11500.00		196.55	336.90	355.75	396.20	415.50	416.90	465.10	509.00	673.15	680.00	740.25	830.60	1059.55	1121.00	1477.50	1616.00	1723.00	2294.00	3574.50	
01481500	0323	19740323	20150323	42	831.83	666.22	176.00	3410.00		207.25	288.50	347.65	359.80	383.25	407.70	417.80	550.20	605.40	656.50	723.35	841.80	911.00	1000.20	1042.50	1064.00	1160.50	1560.00	2696.00	
01481500	0324	19740324	20150324	42	822.67	783.32	172.00	4940.00		204.80	272.50	338.80	352.00	375.25	403.40	427.55	525.20	616.20	692.00	725.80	826.00	843.55	859.50	970.50	1026.00	1087.50	1643.00	1993.50	
01481500	0325	19740325	20150325	42	726.10	512.33	165.00	2930.00		199.95	288.80	324.80	340.60	376.50	398.20	429.35	536.20	600.15	639.00	672.90	734.80	764.80	782.50	860.50	929.00	1109.60	1467.00	1700.00	
01481500	0326	19740326	20150326	42	659.71	395.02	161.00	2010.00		199.35	265.20	331.10	356.20	393.50	397.00	509.65	526.80	553.00	600.50	637.20	686.00	706.30	718.60	769.00	838.00	937.90	1168.00	1856.50	
01481500	0327	19740327	20150327	42	785.12	732.56	157.00	4650.00		220.40	319.50	334.70	368.60	442.50	474.80	505.65	536.00	588.85	635.00	651.55	659.40	689.90	718.00	811.25	910.80	1216.50	1480.00	2045.00	
01481500	0328	19740328	20150328	42	794.50	691.99	161.00	3440.00		219.45	299.50	328.05	373.00	404.25	456.90	479.45	501.00	557.45	584.00	606.60	630.60	653.90	671.70	840.75	896.20	1405.00	2132.00	2378.50	
01481500	0329	19740329	20150329	42	868.90	881.27	152.00	4470.00		219.95	284.90	314.05	332.00	387.00	409.60	419.65	480.40	517.00	569.50	591.30	613.80	621.95	701.70	937.25	1292.00	1621.50	1984.00	3016.50	
01481500	0330	19740330	20150330	42	807.24	640.92	160.00	3270.00		220.10	291.10	306.00	351.80	375.50	389.20	434.40	492.20	521.10	554.50	582.25	650.80	781.05	1012.00	1060.00	1264.00	1466.50	1872.00	2006.50	
01481500	0331	19740331	20150331	42	849.33	644.29	205.00	2730.00		212.25	262.50	342.40	361.60	372.75	402.30	478.35	507.20	541.30	561.00	667.90	822.80	915.00	979.40	1167.50	1284.00	1453.00	2087.00	2395.00	
01481500	0401	19740401	20150401	42	808.05	562.16	214.00	2790.00		237.80	305.60	363.20	372.60	406.75	454.00	467.70	555.00	590.10	626.50	685.15	795.40	912.30	950.70	1072.50	1156.00	1238.50	1423.00	2443.00	
01481500	0402	19740402	20150402	42	885.50	802.53	252.00	3940.00		261.60	328.60	358.75	372.40	403.75	441.40	456.55	490.00	576.85	668.50	694.30	753.20	846.75	865.70	992.75	1100.00	1283.00	1888.00	3219.00	
01481500	0403	19740403	20150403	42	881.14	993.27	217.00	6590.00		243.85	303.30	339.95	351.40	403.75	433.90	465.05	586.80	597.70	671.50	746.85	808.40	864.25	934.40	1060.00	1160.00	1215.50	1365.00	2088.00	
01481500	0404	19740404	20150404	42	770.69	428.69	192.00	2490.00		220.25	318.80	339.00	364.60	411.75	525.90	577.95	622.80	637.20	690.00	840.35	890.60	904.00	936.80	990.25	1010.00	1132.50	1311.00	1388.50	
01481500	0405	19740405	20150405	42	814.55	730.53	189.00	4080.00		220.35	321.80	332.25	359.40	384.25	447.90	548.85	595.40	609.80	631.50	693.50	788.60	811.95	878.10	948.75	1002.80	1065.50	1167.00	3096.00	
01481500	0406	19740406	20150406	42	715.29	454.22	197.00	2750.00		252.30	315.70	334.45	347.60	400.25	443.80	503.00	538.80	601.15	616.50	675.90	722.80	813.75	884.00	897.75	928.40	963.85	1096.00	1675.00	
01481500	0407	19740407	20150407	42	652.48	319.40	189.00	1790.00		239.60	297.90	326.45	346.80	384.75	465.80	500.55	522.80	555.10	612.50	645.95	723.40	736.75	767.90	862.25	944.20	979.00	1002.80	1275.00	
01481500	0408	19740408	20150408	42	635.02	319.08	185.00	1670.00		214.95	297.30	324.70	357.60	399.50	450.70	483.40	513.60	573.10	593.50	613.95	650.20	661.80	746.20	800.75	856.40	926.00	1042.40	1451.50	
01481500	0409	19740409	20150409	42	683.00	393.49	183.00	2150.00		210.05	287.00	328.90	353.20	389.75	439.90	482.05	502.80	563.35	613.50	634.80	658.60	750.95	794.80	900.75	997.40	1116.50	1228.00	1360.00	
01481500	0410	19740410	20150410	42	797.90	713.75	193.00	3620.00		218.30	275.50	325.35	364.00	387.50	400.30	454.20	476.40	563.35	583.50	640.15	703.40	728.65	872.30	966.00	1072.00	1196.50	1351.00	3137.50	
01481500	0411	19740411	20150411	42	716.57	601.34	197.00	3120.00		211.20	301.80	336.90	350.20	375.00	384.40	429.80	528.40	545.05	574.00	613.30	662.60	697.75	714.10	800.25	925.80	994.70	1190.00	2787.00	
01481500	0412	19740412	20150412	42	650.93	321.00	184.00	1650.00		220.50	295.50	331.90	350.40	405.00	454.00	504.30	530.80	557.70	639.50	672.50	697.60	744.05	765.90	806.75	873.60	910.25	980.90	1539.50	
01481500	0413	19740413	20150413	42	661.88	346.95	187.00	1590.00		215.85	309.50	319.95	338.20	409.75	436.20	498.05	530.00	589.90	623.00	635.50	643.80	687.45	714.70	779.00	855.00	1101.30	1302.00	1422.50	
01481500	0414	19740414	20150414	42	656.14	377.05	187.00	2110.00		213.85	304.60	337.20	367.40	410.50	460.80	473.30	511.60	534.45	554.50	611.45	651.20	665.70	690.30	766.50	886.20	992.90	1204.00	1500.00	
01481500	0415	19740415	20150415	42	731.17	644.29	205.00	4290.00		231.10	304.60	330.05	349.40	391.50	453.50	494.15	523.80	575.55	620.00	667.95	692.60	708.45	797.20	826.50	900.00	995.70	1030.00	1658.50	
01481500	0416	19740416	20150416	42	1013.62	1314.69	201.00	6820.00		222.65	299.70	320.45	353.20	408.25	431.90	467.85	545.00	612.45	663.00	678.00	698.00	734.50	752.00	812.50	1150.00	1300.50	2427.00	4532.50	
01481500	0417	19740417	20150417	42	862.02	835.79	178.00	4140.00		226.75	289.90	327.60	341.00	390.25	426.30	512.25	531.80	539.35	546.00	626.55	652.00	667.80	711.60	779.50	1140.00	1689.00	2269.00	2905.50	
01481500	0418	19740418	20150418	42	676.64	390.60	170.00	1710.00		211.65	284.80	317.90	359.20	397.75	428.10	494.60	510.00	520.70	568.00	610.95	651.00	671.65	687.90	890.25	1014.00	1158.50	1345.00	1638.50	
01481500	0419	19740419	20150419	42	619.95	319.81	161.00	1610.00		213.35	281.70	309.85	359.20	395.75	407.40	470.35	488.20	522.50	563.00	605.25	622.40	634.95	685.50	740.25	831.20	1004.25	1120.00	1349.00	
01481500	0420	19740420	20150420	42	638.88	341.76	193.00	1790.00		211.85	271.40	316.45	387.60	413.75	436.50	452.10	474.80	501.00	555.00	588.95	613.80	636.35	739.90	820.00	957.00	1027.60	1157.00	1310.50	
01481500	0421	19740421	20150421	42	603.86	308.28	177.00	1840.00		204.85	266.40	305.00	375.40	416.00	439.30	461.40	485.00	517.10	552.50	564.90	581.80	617.40	718.40	738.00	861.80	917.70	1016.70	1068.50	
01481500	0422	19740422	20150422	42	637.93	393.05	187.00	2200.00		201.60	314.80	382.15	419.40	434.50	447.80	461.65	479.00	519.05	534.50	548.25	583.20	611.70	654.80	707.50	758.00	844.45	1165.80	1706.50	
01481500	0423	19740423	20150423	42	638.98	400.96	188.00	2470.00		220.65	307.30	376.30	393.80	415.00	421.70	437.25	449.20	500.90	524.00	545.05	619.60	630.80	655.50	774.50	863.60	926.05	1111.00	1376.50	
01481500	0424	19740424	20150424	42	602.64	312.57	180.00	1880.00		205.80	341.30	356.35	375.00	395.25	398.00	413.80	447.00	522.90	551.50	564.65	591.40	612.45	627.90	739.75	836.40	875.50	1035.00	1165.00	
01481500	0425	19740425	20150425	42	645.10	593.96	173.00	3980.00		211.50	307.80	349.25	359.00	377.50	393.00	406.30	466.40	501.50	523.00	541.40	592.40	616.30	671.40	730.75	768.20	829.55	931.00	1640.75	
01481500	0426	19740426	20150426	42	646.19	509.71	194.00	3230.00		202.85	292.70	328.80	376.00	390.50	410.80	454.80	482.60	500.10	528.50	570.80	607.60	631.55	704.50	729.00	751.80	834.20	995.30	1849.00	
01481500	0427	19740427	20150427	42	675.10	550.17	182.00	3280.00		188.40	283.30	325.10	369.40	386.00	400.40	409.45	450.60	461.15	500.50	563.25	595.60	607.95	686.30	721.75	831.80	998.50	1473.00	1729.50	
01481500	0428	19740428	20150428	42	623.07	350.40	170.00	1660.00		219.70	303.10	345.45	362.00	382.75	392.20	434.85	462.40	486.55	520.50	544.00	598.40	681.65	705.50	737.00	829.00	966.15	1092.00	1599.00	
01481500	0429	19740429	20150429	42	617.10	360.75	164.00	1970.00		220.50	304.30	343.30	353.80	367.75	396.00	437.15	453.60	491.25	511.00	548.00	611.20	653.20	666.40	692.00	778.80	970.35	1198.00	1412.00	
01481500	0430	19740430	20150430	42	630.26	652.55	159.00	4480.00		217.15	300.40	321.90	340.40	356.25	422.90	432.40	443.00	448.75	481.00	503.65	556.60	574.50	595.30	654.25	716.40	872.60	948.20	1209.50	
01481500	0501	19740501	20150501	42	911.14	2277.35	157.00	15100.00		228.40	304.90	335.90	348.00	362.50	391.90	408.35	420.60	428.40	471.00	502.55	527.40	556.45	591.70	633.00	755.20	836.20	1000.50	2446.50	
01481500	0502	19740502	20150502	42	620.88	542.55	170.00	3650.00		315.30	321.00	337.30	356.80	367.50	373.80	400.30	409.40	442.45	479.50	519.85	542.20	579.10	595.60	710.75	756.00	836.40	995.60	1327.00	
01481500	0503	19740503	20150503	42	615.81	370.00	305.00	2260.00		308.15	324.60	336.10	350.00	361.75	399.60	406.55	446.00	476.30	539.50	561.95	583.40	672.00	692.00	743.75	751.60	797.85	1032.90	1512.50	
01481500	0504	19740504	20150504	42	623.33	444.26	246.00	2760.00		296.00	301.10	322.05	348.20	357.75	365.80	382.25	398.00	455.60	513.50	524.25	596.60	628.55	661.10	768.50	820.00	869.05	998.60	1586.00	
01481500	0505	19740505	20150505	42	593.29	337.65	214.00	1900.00		268.40	285.50	313.75	324.00	337.50	369.70	422.10	459.60	491.30	521.50	588.30	606.20	608.90	645.70	689.50	733.80	818.20	1086.40	1436.50	
01481500	0506	19740506	20150506	42	622.43	513.25	201.00	3410.00		240.30	282.80	304.70	321.20	337.75	353.50	430.05	475.60	481.45	499.00	522.70	553.60	591.70	633.30	723.75	761.80	877.35	1135.00	1228.00	
01481500	0507	19740507	20150507	42	584.40	407.09	191.00	2110.00		222.75	271.80	282.50	317.40	321.50	344.60	363.20	436.80	466.15	481.50	503.10	525.00	579.25	604.40	661.75	763.20	888.10	1037.10	1900.50	
01481500	0508	19740508	20150508	42	559.36	308.03	176.00	1610.00		205.95	261.70	305.05	323.00	333.50	357.40	383.50	435.40	444.40	465.50	485.05	547.80	570.50	585.80	782.25	812.00	869.55	1035.00	1233.00	
01481500	0509	19740509	20150509	42	592.93	385.23	168.00	1850.00		208.45	254.20	295.00	316.60	341.25	360.80	399.50	433.40	456.45	464.50	511.75	528.60	567.50	677.10	723.50	815.60	937.90	1058.00	1764.00	
01481500	0510	19740510	20150510	42	578.07	325.23	162.00	1510.00		210.10	280.90	293.60	315.80	337.75	365.50	387.40	429.60	453.75	489.00	508.90	554.60	626.40	647.60	685.25	779.40	1044.65	1130.00	1324.50	
01481500	0511	19740511	20150511	42	602.29	353.55	196.00	1680.00		219.65	285.80	300.60	322.40	350.75	368.50	411.05	447.60	472.05	490.00	531.25	563.00	593.70	653.90	709.25	828.80	1013.00	1247.00	1443.00	
01481500	0512	19740512	20150512	42	576.07	323.09	182.00	1620.00		206.85	290.50	307.70	327.40	352.50	398.20	423.00	434.00	462.60	474.50	488.10	555.80	579.30	613.50	707.00	812.80	855.10	997.70	1481.00	
01481500	0513	19740513	20150513	42	578.62	365.21	203.00	2120.00		257.75	290.00	303.60	313.60	337.00	399.20	417.20	423.20	437.85	458.50	484.70	504.60	533.95	548.00	708.25	867.40	922.85	994.10	1388.50	
01481500	0514	19740514	20150514	42	555.02	395.08	188.00	2690.00		241.55	276.30	293.25	299.20	346.50	363.10	405.20	409.00	430.75	453.50	463.65	496.20	575.25	634.40	714.75	764.60	813.05	864.40	920.90	
01481500	0515	19740515	20150515	42	525.95	316.23	172.00	2190.00		240.00	277.20	290.10	321.00	354.75	382.80	387.45	408.00	444.50	459.00	473.50	516.80	532.90	569.00	661.00	707.40	739.70	782.00	828.35	
01481500	0516	19740516	20150516	42	635.55	490.69	169.00	2130.00		258.65	276.00	289.45	300.20	312.50	374.20	383.15	412.80	435.40	445.00	473.45	497.60	533.55	662.30	730.75	812.80	983.20	1548.00	1975.50	
01481500	0517	19740517	20150517	42	621.71	497.87	257.00	2730.00		262.05	284.30	298.80	301.60	358.00	367.00	368.10	390.20	431.00	457.50	470.85	489.40	529.60	632.00	697.25	756.40	818.55	1486.00	1717.00	
01481500	0518	19740518	20150518	42	536.74	296.21	270.00	1680.00		275.15	280.10	289.15	299.40	342.50	370.60	375.25	394.00	431.50	448.50	458.60	500.40	536.55	587.90	674.25	697.40	796.00	920.10	1304.80	
01481500	0519	19740519	20150519	42	602.31	619.50	253.00	4260.00		271.55	288.70	301.00	335.80	343.25	366.80	380.10	390.00	407.45	433.50	478.15	542.60	611.85	629.40	689.75	706.80	736.40	801.10	1244.50	
01481500	0520	19740520	20150520	42	543.17	412.83	248.00	2810.00		265.15	272.30	281.75	303.00	317.25	343.60	349.65	365.60	386.80	438.00	481.05	533.80	557.40	574.90	634.75	733.80	759.05	804.00	1043.95	
01481500	0521	19740521	20150521	42	508.98	253.65	210.00	1310.00		239.60	267.60	295.45	310.80	320.75	329.50	336.60	362.80	400.00	443.50	475.80	492.60	524.40	605.20	652.25	705.40	799.10	892.80	1104.35	
01481500	0522	19740522	20150522	42	501.36	290.32	228.00	1810.00		231.15	251.30	277.80	293.80	309.25	324.00	330.15	344.80	391.40	428.50	459.85	468.80	503.05	554.30	668.75	701.20	754.85	825.70	1011.50	
01481500	0523	19740523	20150523	42	519.79	448.72	218.00	3010.00		221.80	251.50	257.80	279.20	288.50	308.80	322.25	347.40	409.80	421.00	431.80	439.80	474.55	507.70	627.50	660.20	753.35	828.00	1079.50	
01481500	0524	19740524	20150524	42	594.74	587.65	212.00	3380.00		214.70	231.80	258.20	278.40	312.75	337.50	347.30	362.00	403.45	418.50	429.60	435.00	468.15	551.10	581.50	648.60	933.75	1209.00	2128.50	
01481500	0525	19740525	20150525	42	480.57	303.24	208.00	1810.00		212.05	227.30	244.85	280.60	306.25	319.80	351.30	360.00	388.70	405.50	418.65	428.20	442.60	475.90	528.25	584.40	749.65	903.70	1120.50	
01481500	0526	19740526	20150526	42	517.48	350.11	196.00	2000.00		204.15	215.10	239.90	265.80	305.50	317.90	356.30	382.00	387.70	409.50	435.15	485.00	511.50	519.20	590.50	674.00	839.90	1065.10	1197.00	
01481500	0527	19740527	20150527	42	501.74	366.26	186.00	2260.00		202.20	220.10	251.35	276.60	293.50	305.70	317.80	363.00	375.35	391.50	412.20	465.60	476.50	555.00	589.50	620.80	712.55	909.10	1233.00	
01481500	0528	19740528	20150528	42	441.83	192.57	181.00	847.00		209.30	236.00	250.45	264.20	274.25	289.10	316.80	372.60	381.15	401.00	418.90	442.40	445.90	503.10	555.25	652.20	697.35	790.90	832.40	
01481500	0529	19740529	20150529	42	497.52	379.47	202.00	2080.00		213.60	220.90	247.25	252.80	288.50	304.00	338.55	359.60	369.15	379.00	390.00	415.00	433.40	522.50	577.25	630.20	708.70	835.90	1672.50	
01481500	0530	19740530	20150530	42	587.55	827.49	189.00	4290.00		196.30	206.10	245.25	264.40	282.50	319.80	337.20	355.60	367.80	379.00	397.70	410.60	434.85	470.60	495.75	557.40	638.75	733.40	3583.50	
01481500	0531	19740531	20150531	42	447.05	304.10	175.00	1870.00		182.00	207.60	219.15	274.00	297.25	315.20	321.30	340.60	355.80	361.50	367.90	386.60	418.55	457.80	495.50	547.80	592.95	854.30	1068.00	
01481500	0601	19740601	20150601	42	503.48	452.56	182.00	2890.00		189.50	204.20	246.95	260.60	275.25	281.80	323.95	345.20	354.10	376.50	384.95	429.60	451.60	501.80	550.50	638.20	746.30	845.70	1364.00	
01481500	0602	19740602	20150602	42	523.86	313.41	162.00	1440.00		175.00	239.50	257.05	265.60	313.50	340.10	349.45	361.00	392.45	414.50	429.55	484.20	520.75	611.10	692.00	749.80	835.05	1011.00	1294.00	
01481500	0603	19740603	20150603	42	506.36	455.30	147.00	2640.00		165.15	254.50	264.85	304.60	314.75	331.60	348.05	358.60	371.35	404.00	425.20	431.20	461.50	491.50	510.25	549.40	606.75	732.50	1946.70	
01481500	0604	19740604	20150604	42	508.62	430.03	136.00	2450.00		179.30	232.20	260.35	285.00	300.00	305.80	324.10	327.60	364.00	369.50	402.55	429.80	492.90	569.80	579.25	630.20	683.60	821.20	1820.95	
01481500	0605	19740605	20150605	42	483.48	360.78	135.00	2220.00		169.10	217.20	240.05	253.60	276.75	303.80	327.20	338.00	361.10	370.00	419.30	434.20	487.30	522.40	527.75	558.00	779.30	821.30	1185.00	
01481500	0606	19740606	20150606	42	494.76	418.94	167.00	2610.00		172.35	203.30	229.70	248.00	260.00	302.80	311.30	329.40	339.20	359.50	385.30	415.20	438.50	492.40	524.25	675.40	890.45	1007.00	1038.50	
01481500	0607	19740607	20150607	42	511.12	372.32	157.00	2150.00		180.90	214.70	248.90	261.40	276.00	295.00	300.20	337.20	351.35	372.00	422.10	456.20	526.85	565.70	606.75	667.20	906.60	1008.40	1209.00	
01481500	0608	19740608	20150608	42	469.48	418.48	159.00	2570.00		173.20	203.60	235.35	242.60	270.00	297.80	313.35	329.00	343.35	345.50	357.20	400.00	434.15	452.70	472.25	543.40	642.30	787.90	1492.70	
01481500	0609	19740609	20150609	42	423.83	223.56	161.00	1060.00		165.20	184.00	223.75	249.40	268.50	306.20	316.05	320.20	336.10	361.50	373.90	396.60	430.30	455.80	541.00	614.00	650.70	744.40	1006.35	
01481500	0610	19740610	20150610	42	488.38	457.51	158.00	2440.00		160.35	178.50	215.75	237.40	269.75	293.10	301.20	306.60	325.90	344.00	367.95	392.20	420.50	451.30	546.25	594.60	680.75	878.90	1973.00	
01481500	0611	19740611	20150611	42	455.71	452.04	150.00	3020.00		169.30	202.10	219.50	232.20	240.75	263.30	281.65	307.20	318.40	327.00	347.15	357.00	414.75	460.10	549.50	575.20	651.10	772.00	978.80	
01481500	0612	19740612	20150612	42	439.02	331.30	145.00	1890.00		157.80	185.80	228.15	234.80	252.50	259.80	278.05	297.00	313.15	340.50	345.65	355.00	408.95	487.10	514.50	582.80	660.80	766.30	1274.00	
01481500	0613	19740613	20150613	42	529.10	546.93	144.00	3280.00		155.75	181.10	225.75	249.20	260.00	276.60	296.05	312.20	336.50	354.00	364.20	393.40	459.65	524.80	565.50	659.80	777.90	1121.00	1657.50	
01481500	0614	19740614	20150614	42	486.14	403.12	143.00	1860.00		189.60	215.80	224.35	238.80	252.00	269.60	288.10	293.60	309.35	315.50	334.70	345.60	388.45	405.40	536.50	654.00	936.35	1174.00	1628.00	
01481500	0615	19740615	20150615	42	428.69	243.41	143.00	1240.00		190.00	204.10	238.65	256.80	264.25	271.30	274.15	281.20	304.60	332.00	368.95	371.60	389.40	563.90	581.50	618.60	687.70	806.80	932.60	
01481500	0616	19740616	20150616	42	397.93	196.84	178.00	925.00		187.35	201.20	224.50	235.80	245.50	257.00	264.30	272.40	290.40	313.50	354.65	367.40	481.70	512.40	547.50	576.60	607.35	696.30	844.15	
01481500	0617	19740617	20150617	42	453.36	447.07	173.00	3020.00		177.00	194.70	210.10	224.60	240.75	260.00	266.25	305.40	318.15	351.00	373.90	431.00	453.40	477.90	527.50	539.20	554.35	728.00	935.75	
01481500	0618	19740618	20150618	42	488.50	412.08	152.00	2000.00		169.10	184.20	194.95	227.80	241.25	247.90	254.45	271.80	285.10	308.50	375.55	399.00	425.70	512.70	574.75	699.60	844.70	1196.00	1516.00	
01481500	0619	19740619	20150619	42	521.21	452.42	143.00	1920.00		154.90	182.30	187.80	213.20	219.75	246.20	259.10	265.60	281.20	324.00	359.85	465.60	516.60	570.40	646.00	761.60	966.85	1224.00	1841.50	
01481500	0620	19740620	20150620	42	484.26	520.30	134.00	2980.00		154.75	177.20	196.20	208.00	219.25	243.00	261.25	266.80	282.95	324.00	345.45	373.60	483.05	502.30	552.25	656.00	718.20	809.50	1959.60	
01481500	0621	19740621	20150621	42	652.62	1654.97	135.00	11000.00		154.05	163.90	194.60	213.20	230.50	245.90	263.00	285.60	309.75	346.50	359.30	427.80	449.40	461.10	515.75	546.80	661.25	725.20	1407.40	
01481500	0622	19740622	20150622	42	454.17	463.88	130.00	2990.00		143.90	155.30	189.20	205.60	241.25	249.90	267.25	299.40	326.00	330.50	340.60	390.00	412.60	459.50	489.50	586.80	646.60	845.00	1126.50	
01481500	0623	19740623	20150623	42	410.00	315.73	133.00	1940.00		140.30	150.30	199.25	217.60	243.25	254.50	275.10	281.20	298.40	314.00	333.50	360.20	412.80	437.10	478.50	503.60	573.95	827.00	953.80	
01481500	0624	19740624	20150624	42	380.05	245.31	136.00	1420.00		148.65	174.20	200.15	207.40	228.00	237.50	245.30	260.40	280.60	316.00	335.20	358.40	394.80	431.50	450.50	505.20	572.15	620.80	995.90	
01481500	0625	19740625	20150625	42	409.81	374.37	131.00	1990.00		150.60	172.80	183.60	202.00	219.25	226.90	230.20	253.40	289.00	311.50	325.40	332.80	381.75	396.50	443.25	483.00	566.40	650.50	1598.00	
01481500	0626	19740626	20150626	42	404.60	469.47	122.00	3140.00		138.45	158.50	193.45	197.80	216.25	224.60	229.25	248.60	277.65	313.50	321.50	327.40	355.70	377.10	391.75	450.00	593.00	689.40	954.85	
01481500	0627	19740627	20150627	42	465.71	759.47	122.00	5040.00		125.55	149.10	188.70	211.60	218.50	224.60	227.15	241.40	264.90	299.50	304.30	339.40	366.80	422.10	458.75	512.60	564.55	653.10	1342.80	
01481500	0628	19740628	20150628	42	672.86	1498.17	136.00	9440.00		140.30	161.90	188.35	200.00	217.00	224.00	248.80	274.20	278.40	288.50	320.60	335.00	366.85	395.90	413.00	529.60	697.40	1147.50	3156.50	
01481500	0629	19740629	20150629	42	487.64	514.07	135.00	2650.00		138.20	145.00	170.35	191.60	201.75	206.60	218.60	232.40	254.10	309.00	318.20	367.60	385.85	463.10	563.00	653.40	816.40	1131.00	1831.00	
01481500	0630	19740630	20150630	42	377.67	278.01	121.00	1280.00		129.45	144.30	173.45	178.60	187.75	207.60	210.35	219.40	234.95	292.50	328.90	354.60	367.55	442.90	490.25	512.00	588.95	798.60	1218.10	
01481500	0701	19740701	20150701	42	405.57	383.49	113.00	1940.00		128.90	139.20	168.60	178.80	190.00	199.80	222.20	243.20	254.00	275.50	299.05	316.80	345.25	374.40	414.50	590.60	661.40	843.00	1554.00	
01481500	0702	19740702	20150702	42	406.86	486.54	108.00	3070.00		139.40	169.10	184.35	188.00	200.50	209.00	218.10	232.80	264.35	275.50	301.80	314.00	345.70	373.20	437.50	484.40	554.50	580.90	1457.90	
01481500	0703	19740703	20150703	42	382.17	342.47	105.00	2020.00		134.65	148.40	167.10	181.20	192.00	202.90	246.15	257.40	281.45	289.00	301.30	306.40	351.25	385.10	404.25	438.80	556.55	709.30	1218.40	
01481500	0704	19740704	20150704	42	386.64	515.41	98.00	3470.00		132.95	146.30	157.50	172.60	189.75	201.70	205.15	228.00	239.05	262.50	280.10	295.60	335.65	387.40	412.00	477.20	588.95	646.90	728.65	
01481500	0705	19740705	20150705	42	426.33	652.29	92.00	4330.00		128.80	140.90	154.10	173.80	191.75	197.50	207.40	219.20	239.10	270.00	291.95	302.40	331.80	359.20	453.50	487.20	564.70	807.70	963.95	
01481500	0706	19740706	20150706	42	384.81	416.41	84.00	2560.00		117.80	132.90	146.45	168.00	189.50	192.80	197.05	204.20	241.35	261.00	275.20	299.40	319.40	389.40	402.50	523.20	572.05	801.50	1085.50	
01481500	0707	19740707	20150707	42	399.43	687.12	79.00	4610.00		110.95	127.60	161.50	170.40	178.75	188.10	199.25	239.00	261.05	266.00	293.15	300.80	302.90	324.10	360.25	410.60	503.15	557.30	938.25	
01481500	0708	19740708	20150708	42	390.38	469.85	81.00	2750.00		103.25	130.90	152.40	181.20	194.25	202.80	217.50	241.20	250.00	262.00	274.30	281.60	304.00	342.50	388.00	491.80	558.80	596.40	1694.25	
01481500	0709	19740709	20150709	42	328.88	234.84	90.00	1260.00		96.25	132.20	144.30	159.00	170.25	206.70	214.65	235.40	248.40	257.00	271.55	292.00	309.50	342.20	416.75	473.20	532.65	658.00	904.80	
01481500	0710	19740710	20150710	42	316.83	213.35	93.00	993.00		106.35	124.00	142.35	161.60	181.00	193.60	213.05	217.20	227.35	247.00	269.55	280.40	324.90	373.10	388.50	416.80	463.30	609.20	948.95	
01481500	0711	19740711	20150711	42	362.93	387.98	92.00	2030.00		97.40	122.50	135.60	156.00	165.00	185.70	200.20	223.40	234.05	251.50	275.55	312.80	320.95	361.60	377.50	418.80	504.05	589.50	1664.30	
01481500	0712	19740712	20150712	42	368.31	340.34	79.00	1730.00		93.75	116.60	137.35	150.60	162.75	168.50	194.05	218.80	248.50	266.00	279.95	309.40	327.60	358.40	423.75	498.20	591.65	777.80	1265.00	
01481500	0713	19740713	20150713	42	549.02	752.80	75.00	3490.00		92.85	113.90	128.45	147.00	162.25	176.70	191.75	220.60	237.20	260.50	294.25	303.00	325.15	385.20	459.50	710.20	1252.50	1357.00	2709.50	
01481500	0714	19740714	20150714	42	516.00	1011.27	78.00	6570.00		95.40	121.90	136.90	150.40	175.25	192.00	205.25	231.60	244.70	265.00	275.30	297.20	310.45	331.90	406.50	542.40	768.05	1084.00	1488.00	
01481500	0715	19740715	20150715	42	450.74	719.89	85.00	4790.00		90.80	107.10	136.25	146.00	169.25	211.90	224.95	248.20	258.05	280.50	315.60	345.40	372.55	376.40	516.00	643.00	664.05	754.80	901.95	
01481500	0716	19740716	20150716	42	380.43	384.36	85.00	2280.00		87.80	108.40	141.35	163.60	199.75	223.10	243.05	247.60	263.00	275.00	286.60	311.80	319.90	345.10	399.25	494.00	580.60	669.60	1302.20	
01481500	0717	19740717	20150717	42	346.79	299.33	79.00	1340.00		84.35	118.40	147.35	166.40	185.25	198.70	213.20	219.80	238.90	260.00	271.55	297.40	304.90	341.10	369.50	419.60	501.15	710.30	1288.00	
01481500	0718	19740718	20150718	42	323.26	227.22	70.00	1020.00		82.25	128.40	144.35	161.40	169.00	184.80	219.15	229.20	243.65	268.00	281.65	306.00	325.95	328.50	345.00	387.80	557.05	747.90	935.05	
01481500	0719	19740719	20150719	42	307.60	225.75	69.00	1050.00		78.40	126.50	137.15	160.80	186.50	190.80	208.05	215.60	232.50	240.50	244.30	254.80	262.85	286.20	343.50	379.40	492.65	729.70	887.80	
01481500	0720	19740720	20150720	42	334.02	319.15	70.00	1780.00		97.10	123.30	132.70	156.20	169.75	182.70	194.40	207.40	240.45	255.00	262.20	270.80	284.55	308.30	344.25	372.80	452.00	783.50	1119.85	
01481500	0721	19740721	20150721	42	452.10	597.88	69.00	2920.00		101.60	126.40	151.80	173.00	183.50	190.00	203.00	206.20	221.85	235.50	251.95	260.20	279.95	328.20	340.25	395.00	723.45	1476.00	1962.00	
01481500	0722	19740722	20150722	42	360.29	403.49	68.00	1940.00		91.25	135.40	145.45	160.40	167.00	174.90	196.05	206.20	227.30	241.00	245.00	249.60	265.35	283.00	342.00	383.20	467.20	914.90	1739.30	
01481500	0723	19740723	20150723	42	323.88	281.28	66.00	1600.00		91.90	128.10	145.05	153.00	172.25	189.20	203.00	209.20	217.20	226.50	237.50	259.00	264.95	273.40	338.00	477.80	508.80	763.30	855.75	
01481500	0724	19740724	20150724	42	335.50	286.42	69.00	1420.00		88.30	131.50	138.90	143.60	170.25	177.40	190.10	212.00	226.35	243.50	246.65	270.40	338.70	350.30	363.00	457.60	582.30	723.00	1199.60	
01481500	0725	19740725	20150725	42	287.76	224.72	67.00	1390.00		86.60	128.60	130.45	140.80	145.50	156.60	184.55	216.00	221.35	224.50	228.65	248.80	279.60	302.60	335.50	418.80	444.30	559.10	627.05	
01481500	0726	19740726	20150726	42	283.26	170.09	65.00	764.00		83.95	129.60	134.90	147.20	179.00	196.50	205.00	206.60	211.35	228.00	239.15	244.00	287.95	290.60	319.50	406.60	526.25	596.80	671.05	
01481500	0727	19740727	20150727	42	351.05	331.16	64.00	1980.00		78.90	138.90	152.80	175.20	189.50	191.00	199.10	202.20	219.20	230.00	255.50	268.60	280.95	348.90	382.50	473.60	689.55	698.20	914.55	
01481500	0728	19740728	20150728	42	430.83	478.64	64.00	2500.00		76.05	131.20	137.80	157.40	178.25	185.40	188.45	197.00	209.75	225.00	261.65	276.60	350.75	386.40	426.00	635.20	1004.35	1064.00	1447.50	
01481500	0729	19740729	20150729	42	294.02	189.08	66.00	759.00		75.85	128.60	137.00	152.40	159.50	175.40	181.20	188.40	194.40	202.00	207.95	284.20	294.75	354.90	380.50	486.00	565.05	603.00	721.45	
01481500	0730	19740730	20150730	42	299.10	257.40	63.00	1560.00		72.40	122.40	129.00	142.80	145.00	164.20	177.05	186.00	188.35	192.00	219.05	270.00	298.90	341.70	380.50	419.20	477.45	565.00	727.20	
01481500	0731	19740731	20150731	42	287.67	204.29	58.00	1100.00		67.30	112.90	123.15	127.60	149.25	167.80	176.30	192.20	217.10	236.50	246.00	277.60	300.25	309.50	342.75	386.20	505.80	604.10	674.60	
01481500	0801	19740801	20150801	42	356.10	383.39	52.00	2130.00		64.10	115.20	118.45	123.00	137.25	164.60	167.80	188.40	203.90	254.50	262.50	271.40	296.10	314.30	347.25	553.60	606.90	783.80	1220.00	
01481500	0802	19740802	20150802	42	288.74	261.81	58.00	1490.00		62.95	113.30	119.15	132.20	144.00	162.80	170.10	182.80	195.05	217.00	220.90	227.20	232.90	255.50	339.00	377.20	543.75	581.40	862.70	
01481500	0803	19740803	20150803	42	267.74	208.87	52.00	1180.00		61.10	109.80	122.15	131.80	151.75	160.80	163.25	170.00	177.00	188.50	205.95	212.00	214.90	258.10	344.00	463.80	512.40	526.60	593.65	
01481500	0804	19740804	20150804	42	267.29	209.04	55.00	1120.00		93.65	114.50	134.75	146.60	150.50	151.00	156.05	160.40	168.00	176.00	193.60	196.80	231.35	281.10	331.50	432.00	472.75	503.70	794.50	
01481500	0805	19740805	20150805	42	246.60	160.95	54.00	817.00		89.80	119.30	127.35	137.40	145.50	155.40	157.10	159.00	174.05	179.00	189.25	201.40	220.35	260.90	356.00	367.80	407.45	484.00	635.85	
01481500	0806	19740806	20150806	42	250.64	163.99	53.00	836.00		68.70	119.60	130.35	136.60	148.75	155.60	158.05	163.00	175.80	182.50	209.80	230.80	240.00	261.50	304.50	380.40	427.70	507.40	623.20	
01481500	0807	19740807	20150807	42	241.93	137.75	52.00	612.00		62.85	121.50	128.70	139.00	144.00	148.50	154.15	161.60	179.75	188.00	204.80	226.00	257.70	291.20	342.00	347.20	395.10	483.00	554.05	
01481500	0808	19740808	20150808	42	271.07	252.72	49.00	1490.00		63.45	118.30	130.05	137.20	143.75	146.80	148.10	164.40	175.00	178.00	199.20	214.40	247.50	287.50	308.75	345.20	422.80	537.10	862.50	
01481500	0809	19740809	20150809	42	275.07	199.79	46.00	959.00		64.65	109.60	123.80	130.40	139.75	144.90	151.20	159.40	176.35	201.50	221.40	259.20	296.45	323.60	376.00	418.60	453.90	578.40	771.40	
01481500	0810	19740810	20150810	42	365.24	520.63	46.00	3320.00		64.75	115.80	126.35	132.40	145.25	150.00	157.35	182.80	200.40	214.50	223.90	242.80	322.75	341.30	407.00	466.40	514.45	758.20	1048.90	
01481500	0811	19740811	20150811	42	297.33	279.60	44.00	1740.00		63.00	126.00	129.35	152.40	169.75	175.60	185.35	193.60	198.35	222.00	244.25	259.60	275.75	297.90	359.75	395.00	440.10	473.70	910.15	
01481500	0812	19740812	20150812	42	279.07	173.20	44.00	920.00		61.70	124.40	141.45	151.80	154.75	158.80	180.00	186.00	202.50	219.00	249.45	286.40	308.95	328.80	387.25	424.40	448.90	510.90	601.35	
01481500	0813	19740813	20150813	42	505.38	749.01	43.00	3430.00		63.25	116.60	131.40	140.80	145.75	158.70	162.40	173.60	176.70	190.00	208.40	238.60	318.85	396.50	497.25	609.40	914.90	1483.00	2909.00	
01481500	0814	19740814	20150814	42	354.50	417.32	43.00	2570.00		75.40	115.90	126.45	134.80	142.00	158.40	165.00	172.00	177.15	198.00	218.50	245.60	285.50	384.60	450.50	535.40	690.80	715.50	909.50	
01481500	0815	19740815	20150815	42	262.71	158.96	39.00	630.00		99.80	119.60	132.45	137.00	150.25	155.70	162.00	164.80	173.40	189.00	225.75	255.40	270.60	293.20	355.50	436.40	503.05	545.10	605.55	
01481500	0816	19740816	20150816	42	231.38	132.77	39.00	562.00		89.65	114.00	126.70	135.20	148.50	153.80	158.10	162.20	164.40	173.00	184.65	199.60	233.05	261.20	290.50	340.20	434.40	477.20	518.05	
01481500	0817	19740817	20150817	42	243.55	138.93	38.00	548.00		79.95	114.80	124.80	127.60	133.75	144.00	146.05	156.00	168.00	192.00	217.50	238.00	263.75	283.40	381.50	405.60	443.95	468.20	510.25	
01481500	0818	19740818	20150818	42	274.93	170.88	37.00	873.00		68.50	115.80	122.80	126.60	140.25	143.90	154.40	182.80	210.90	238.00	262.90	304.20	345.70	364.70	395.25	409.80	421.20	472.70	629.55	
01481500	0819	19740819	20150819	42	267.67	286.70	36.00	1810.00		62.65	111.50	120.80	129.80	135.00	145.10	153.00	160.40	177.70	182.50	191.60	213.40	236.50	251.70	346.75	374.00	394.50	423.90	832.30	
01481500	0820	19740820	20150820	42	254.64	194.64	38.00	1020.00		86.15	104.10	124.95	138.00	145.00	156.10	165.05	167.00	170.10	188.50	194.55	220.60	245.05	270.60	300.00	352.80	379.85	464.80	792.90	
01481500	0821	19740821	20150821	42	268.50	178.86	38.00	780.00		85.45	100.00	121.95	136.40	141.75	153.60	162.05	165.00	180.10	206.00	213.90	270.80	283.95	360.20	364.25	374.00	408.70	610.70	697.50	
01481500	0822	19740822	20150822	42	305.33	298.26	35.00	1660.00		80.75	101.10	117.70	128.20	136.25	141.80	158.05	166.40	185.55	200.00	212.80	255.00	273.20	370.70	382.00	393.40	477.30	571.00	979.35	
01481500	0823	19740823	20150823	42	243.38	163.32	35.00	739.00		75.30	116.00	120.15	126.20	131.00	133.80	137.05	143.80	164.95	184.50	192.60	201.00	263.55	288.60	360.00	368.00	405.90	432.60	658.85	
01481500	0824	19740824	20150824	42	218.86	120.32	41.00	518.00		70.45	109.90	113.45	119.00	124.25	128.60	133.40	145.00	158.80	183.00	190.55	207.80	232.80	306.40	319.50	359.00	383.65	400.30	429.20	
01481500	0825	19740825	20150825	42	214.79	104.31	69.00	433.00		76.90	108.40	115.90	117.60	125.00	130.80	132.20	147.60	154.20	185.50	200.55	241.80	258.80	290.20	314.25	338.20	353.55	363.20	389.45	
01481500	0826	19740826	20150826	42	210.26	101.60	66.00	402.00		80.95	105.00	113.45	118.60	123.00	126.80	133.45	143.60	160.95	176.50	194.30	219.00	256.40	296.40	308.75	322.00	354.55	358.10	388.90	
01481500	0827	19740827	20150827	42	247.88	206.64	53.00	1120.00		69.20	107.20	111.00	113.80	121.00	131.30	137.50	152.60	177.60	195.00	208.60	223.60	265.70	274.30	296.50	312.20	343.85	416.50	860.50	
01481500	0828	19740828	20150828	42	604.43	1938.80	52.00	12200.00		73.25	109.00	111.35	127.60	130.50	135.60	139.05	151.20	170.50	189.50	202.20	217.60	261.25	278.00	302.75	347.40	461.05	533.60	3690.45	
01481500	0829	19740829	20150829	42	339.64	605.91	73.00	3980.00		107.75	118.30	126.80	132.60	144.00	153.60	160.30	170.00	177.25	201.50	209.95	219.40	253.95	285.50	292.75	340.80	360.05	441.00	1003.85	
01481500	0830	19740830	20150830	42	298.24	276.07	72.00	1270.00		103.90	113.60	119.25	123.80	130.00	141.60	148.10	152.40	165.40	172.00	186.95	189.80	221.55	293.80	345.50	461.80	622.20	791.70	935.70	
01481500	0831	19740831	20150831	42	239.69	185.81	65.00	993.00		88.35	109.60	116.00	117.00	120.75	130.10	132.35	153.60	159.40	168.00	184.75	191.60	209.35	283.70	311.50	334.80	387.60	476.90	734.95	
01481500	0901	19740901	20150901	42	243.00	189.56	57.00	947.00		89.35	99.80	106.45	110.80	119.50	122.90	138.25	144.20	159.05	165.50	183.50	202.00	257.45	298.20	320.25	335.60	386.05	485.70	767.70	
01481500	0902	19740902	20150902	42	237.38	197.82	57.00	1010.00		85.10	100.00	103.90	105.60	116.00	121.50	128.25	142.40	156.85	167.50	175.30	182.80	250.85	281.60	308.25	320.40	329.25	481.30	822.80	
01481500	0903	19740903	20150903	42	250.31	224.87	54.00	1280.00		87.65	99.60	102.45	104.20	108.75	113.70	123.05	138.80	155.45	165.00	235.20	261.20	277.45	294.50	301.50	311.00	379.35	441.50	841.70	
01481500	0904	19740904	20150904	42	247.29	187.88	54.00	872.00		81.45	99.30	101.45	110.00	115.50	124.20	131.45	143.80	158.75	181.50	216.35	228.60	265.45	280.50	302.25	352.20	410.80	493.20	745.75	
01481500	0905	19740905	20150905	42	237.24	198.62	54.00	1030.00		74.05	101.20	106.70	111.60	112.00	124.10	131.25	144.20	158.75	170.50	187.45	215.40	260.25	274.30	296.00	302.20	316.80	393.90	827.25	
01481500	0906	19740906	20150906	42	396.29	967.65	53.00	6090.00		68.10	101.60	105.80	109.60	114.75	124.70	127.20	141.20	152.05	166.00	190.85	211.60	256.35	273.60	286.75	304.60	410.30	490.70	2097.25	
01481500	0907	19740907	20150907	42	424.10	954.61	53.00	5910.00		62.30	98.90	103.80	107.20	110.75	113.90	136.15	147.80	159.90	174.50	224.70	248.40	259.70	273.70	285.25	309.00	397.55	586.00	2214.00	
01481500	0908	19740908	20150908	42	348.14	943.85	54.00	6270.00		72.50	99.00	105.45	109.60	115.25	120.70	138.35	149.60	160.80	181.00	199.95	218.00	246.15	253.20	260.25	280.00	300.80	376.00	693.05	
01481500	0909	19740909	20150909	42	320.64	585.55	52.00	3550.00		78.40	96.50	100.90	104.00	116.25	130.70	144.30	153.40	164.70	180.00	185.30	226.00	252.50	262.10	267.50	291.00	342.20	375.70	1730.80	
01481500	0910	19740910	20150910	42	242.43	217.72	49.00	1240.00		69.05	94.00	98.70	105.80	131.00	140.20	153.20	158.60	162.70	169.50	183.80	209.00	242.70	258.40	284.75	306.20	344.25	458.00	841.80	
01481500	0911	19740911	20150911	42	248.88	245.29	47.00	1440.00		62.40	96.30	101.00	105.00	135.50	150.20	153.05	154.80	163.75	179.00	199.25	225.00	249.75	255.10	263.25	317.00	331.50	417.90	923.15	
01481500	0912	19740912	20150912	42	235.40	244.92	45.00	1270.00		58.85	95.20	99.90	108.20	121.00	135.80	137.15	143.60	152.40	157.50	167.25	184.00	207.85	237.20	265.75	273.00	299.65	376.50	1084.65	
01481500	0913	19740913	20150913	42	236.95	178.60	42.00	826.00		57.70	95.30	98.90	102.00	110.00	127.20	135.10	144.20	147.70	164.00	180.30	221.00	244.50	250.90	319.00	336.00	457.90	552.50	640.65	
01481500	0914	19740914	20150914	42	237.67	196.53	42.00	944.00		66.75	96.90	104.45	106.20	117.25	122.90	132.05	136.00	142.70	162.00	187.00	201.60	242.85	263.70	292.50	316.00	392.30	450.90	815.80	
01481500	0915	19740915	20150915	42	443.74	1254.42	43.00	8200.00		72.40	94.50	102.35	114.20	122.00	130.40	134.00	135.40	137.35	152.00	165.40	223.20	237.55	247.70	291.75	353.20	387.00	705.40	1418.95	
01481500	0916	19740916	20150916	42	488.50	1320.37	56.00	7700.00		63.05	93.40	102.45	110.20	121.25	132.50	135.10	139.00	150.20	171.00	184.85	205.80	241.55	261.00	297.75	314.00	369.20	538.90	3881.55	
01481500	0917	19740917	20150917	42	622.98	2174.88	75.00	14200.00		85.05	95.80	102.90	114.80	131.00	137.50	143.65	157.80	167.20	179.50	224.90	240.00	250.85	272.60	299.25	368.60	495.60	624.50	1994.50	
01481500	0918	19740918	20150918	42	356.83	498.92	57.00	3040.00		82.35	98.00	109.20	126.40	141.25	155.80	165.05	172.80	191.40	207.00	228.25	241.00	265.35	316.50	323.25	355.00	572.45	871.40	1209.00	
01481500	0919	19740919	20150919	42	369.33	535.70	49.00	2840.00		89.15	97.60	105.95	117.20	124.75	131.30	156.05	158.20	165.10	175.50	187.65	223.40	287.85	321.30	377.00	500.40	570.10	749.80	2052.40	
01481500	0920	19740920	20150920	42	325.50	497.14	46.00	3200.00		92.30	98.30	100.00	108.40	120.50	127.70	141.00	147.00	151.70	161.00	191.50	220.60	254.05	299.80	352.75	446.00	502.80	649.20	944.65	
01481500	0921	19740921	20150921	42	290.55	304.48	48.00	1700.00		87.05	95.20	102.45	111.80	120.75	133.30	148.00	152.60	167.80	184.50	188.30	215.80	252.80	291.40	320.50	371.20	496.90	692.40	980.70	
01481500	0922	19740922	20150922	42	474.57	1215.12	46.00	7960.00		87.50	98.60	104.70	111.20	126.25	145.60	150.00	159.00	161.10	188.50	199.45	224.60	254.85	314.80	441.00	482.40	572.70	748.50	1408.20	
01481500	0923	19740923	20150923	42	384.48	560.78	46.00	2610.00		101.15	104.00	109.35	114.00	131.00	142.80	149.20	160.80	172.15	180.50	193.95	221.20	245.20	269.10	312.50	417.40	620.35	841.60	2097.00	
01481500	0924	19740924	20150924	42	451.88	936.24	43.00	5260.00		98.65	108.30	109.00	118.60	126.50	129.90	142.10	144.20	149.05	157.50	172.75	195.60	210.45	237.20	256.00	363.60	543.30	955.30	3014.50	
01481500	0925	19740925	20150925	42	335.60	411.51	54.00	2230.00		97.90	106.30	111.35	115.20	125.00	139.90	145.00	147.20	150.35	161.50	193.80	223.40	237.75	251.80	362.25	500.00	590.25	814.80	1387.05	
01481500	0926	19740926	20150926	42	356.10	356.36	54.00	1780.00		105.15	111.30	113.90	117.60	128.50	143.30	150.10	153.20	183.40	203.50	223.40	236.60	273.10	405.90	481.25	611.80	760.55	838.50	1131.50	
01481500	0927	19740927	20150927	42	428.10	613.43	107.00	3900.00		112.45	116.20	123.60	146.40	154.25	180.40	188.10	193.20	201.75	217.00	243.20	293.00	341.85	444.60	496.00	576.20	681.90	903.00	1248.85	
01481500	0928	19740928	20150928	42	463.52	680.07	104.00	3520.00		107.45	114.00	120.05	132.00	152.25	162.40	191.40	213.00	221.75	230.50	256.15	311.80	326.75	359.30	433.75	473.60	617.50	1144.00	2619.00	
01481500	0929	19740929	20150929	42	634.55	2008.99	99.00	13200.00		104.60	110.00	122.05	133.20	142.50	149.80	162.35	179.00	187.00	216.00	248.90	259.40	318.65	341.40	380.00	535.20	598.80	965.40	1384.50	
01481500	0930	19740930	20150930	42	372.71	447.11	96.00	2330.00		97.30	101.10	110.15	120.60	131.50	153.50	161.20	166.00	168.75	191.00	207.50	242.40	290.05	337.80	388.75	542.80	675.70	883.70	1469.50	
01481500	1001	19731001	20141001	42	495.24	1431.19	82.00	9410.00		94.00	101.60	115.45	121.00	131.00	136.70	143.00	154.60	173.30	197.50	212.55	234.80	253.55	296.60	317.25	403.40	507.80	693.50	1270.65	
01481500	1002	19731002	20141002	42	325.62	357.15	78.00	1800.00		94.90	103.50	114.50	125.60	136.75	149.80	157.00	166.60	174.15	199.50	209.00	223.60	230.75	244.60	291.50	443.40	579.20	883.30	1251.00	
01481500	1003	19731003	20141003	42	298.52	235.37	73.00	1070.00		93.20	107.20	119.90	122.60	135.50	140.70	151.65	171.60	195.00	206.00	217.95	226.40	281.50	323.70	376.75	543.80	586.65	702.90	792.45	
01481500	1004	19731004	20141004	42	273.14	195.77	91.00	810.00		97.30	108.70	117.35	122.60	134.50	144.20	152.45	169.80	182.45	190.00	201.60	217.00	251.45	272.80	385.75	455.80	548.75	638.40	713.95	
01481500	1005	19731005	20141005	42	288.36	232.51	97.00	1060.00		102.75	111.20	115.35	118.60	132.50	145.40	150.05	159.60	175.35	184.50	197.90	214.00	237.35	280.80	398.00	468.40	613.75	699.60	759.05	
01481500	1006	19731006	20141006	42	295.33	275.19	81.00	1530.00		105.60	111.90	115.45	117.00	126.25	133.80	145.15	151.40	166.05	172.00	192.75	236.00	321.95	348.00	389.50	413.60	530.70	603.90	943.25	
01481500	1007	19731007	20141007	42	245.07	158.44	73.00	764.00		103.45	108.30	110.45	116.80	123.75	133.20	142.05	145.20	160.60	176.00	208.85	223.40	269.60	292.90	361.00	384.60	407.85	499.40	574.85	
01481500	1008	19731008	20141008	42	331.57	589.99	68.00	3880.00		101.00	105.60	108.45	111.60	125.75	130.90	142.90	170.00	171.35	195.50	206.90	218.00	237.20	244.20	343.75	370.60	448.00	520.70	962.60	
01481500	1009	19731009	20141009	42	454.43	1114.57	66.00	7270.00		98.30	105.00	108.45	120.60	130.50	135.90	141.35	151.60	169.05	173.00	208.45	222.60	224.95	301.40	364.75	448.80	503.05	690.20	1372.50	
01481500	1010	19731010	20141010	42	386.64	507.45	95.00	2990.00		102.15	105.20	110.45	123.20	130.50	137.50	150.55	165.20	189.95	205.00	215.20	238.20	269.50	371.80	466.75	529.40	659.55	981.30	1266.50	
01481500	1011	19731011	20141011	42	405.71	611.46	98.00	3680.00		98.45	105.40	115.45	124.00	132.25	139.50	161.15	171.20	196.35	200.00	224.40	260.20	350.70	371.30	407.25	448.40	614.40	852.20	1725.50	
01481500	1012	19731012	20141012	42	343.83	413.34	98.00	2510.00		98.45	113.30	119.60	128.40	137.00	156.30	162.25	179.40	191.05	216.50	231.75	245.60	277.05	361.00	391.50	454.20	518.50	629.80	1180.25	
01481500	1013	19731013	20141013	42	287.33	213.22	103.00	1170.00		106.90	114.30	118.70	128.00	135.75	158.70	169.35	179.60	188.35	197.00	201.90	239.80	315.45	361.30	399.00	441.40	470.60	566.00	687.65	
01481500	1014	19731014	20141014	42	283.52	198.37	97.00	919.00		107.90	117.80	127.95	140.80	155.50	160.90	177.25	182.20	184.05	187.00	213.90	225.00	271.60	315.50	373.25	465.00	494.05	576.10	822.35	
01481500	1015	19731015	20141015	42	320.05	298.20	92.00	1570.00		113.90	122.80	132.35	135.80	150.75	158.00	160.05	171.20	176.10	183.50	188.55	211.00	248.55	361.20	437.50	470.00	596.60	709.00	1040.40	
01481500	1016	19731016	20141016	42	306.50	215.29	95.00	890.00		117.45	126.60	128.45	134.60	137.25	158.80	170.00	178.40	183.35	199.00	253.95	302.20	347.60	367.60	407.75	444.00	523.45	742.50	808.50	
01481500	1017	19731017	20141017	42	312.81	230.94	95.00	1110.00		115.15	118.80	126.90	129.80	131.75	155.00	170.00	171.00	189.80	209.00	223.80	293.40	336.80	381.80	432.75	521.80	603.20	673.40	743.80	
01481500	1018	19731018	20141018	42	308.36	248.06	106.00	1410.00		116.45	119.60	122.80	127.80	134.75	159.50	166.00	169.40	187.40	207.50	246.45	272.80	308.40	376.10	445.75	461.20	504.95	613.40	738.10	
01481500	1019	19731019	20141019	42	530.60	1140.26	111.00	7080.00		115.75	125.20	132.80	148.40	155.00	164.60	168.05	184.20	193.35	201.00	205.60	242.80	279.65	313.00	430.50	602.20	709.55	838.80	2706.00	
01481500	1020	19731020	20141020	42	457.74	800.38	106.00	5000.00		117.75	124.50	131.80	138.20	146.00	153.00	161.05	172.00	190.85	217.00	234.70	279.40	297.45	385.30	474.75	505.60	655.95	855.00	1920.00	
01481500	1021	19731021	20141021	42	397.76	450.54	104.00	2020.00		110.20	120.60	125.45	135.40	154.25	162.80	169.15	175.80	188.15	214.50	226.95	249.40	332.00	393.90	463.50	566.80	617.95	1098.20	1716.00	
01481500	1022	19731022	20141022	42	339.19	295.30	98.00	1260.00		108.20	116.60	119.45	125.80	137.00	151.80	163.05	169.00	193.50	207.00	228.90	290.80	361.00	393.10	428.25	534.80	586.00	751.40	1185.00	
01481500	1023	19731023	20141023	42	292.07	196.29	98.00	957.00		110.15	114.20	120.45	123.40	141.25	151.30	163.80	183.20	199.15	237.00	248.65	280.20	303.90	365.00	388.75	461.60	500.60	584.10	699.05	
01481500	1024	19731024	20141024	42	339.86	297.91	95.00	1540.00		107.30	116.90	121.00	126.60	154.00	165.00	176.15	192.60	210.70	230.50	251.85	288.40	325.00	360.10	410.75	469.80	580.00	788.50	1005.05	
01481500	1025	19731025	20141025	42	353.31	369.45	109.00	2330.00		118.45	131.20	163.25	171.60	178.50	182.80	185.10	193.80	204.10	220.00	236.50	244.60	281.70	345.60	448.00	492.60	588.90	702.90	910.55	
01481500	1026	19731026	20141026	42	326.24	211.74	107.00	1090.00		127.70	153.00	162.05	174.00	179.50	181.80	193.55	209.00	219.00	229.00	267.85	294.20	337.10	360.20	438.25	464.00	584.95	658.60	729.70	
01481500	1027	19731027	20141027	42	398.81	544.25	110.00	2860.00		125.00	148.20	167.35	171.80	179.75	182.00	203.15	207.40	224.75	232.00	237.95	256.80	267.00	308.50	424.50	458.80	553.10	616.40	2273.80	
01481500	1028	19731028	20141028	42	509.86	766.45	110.00	4020.00		111.50	143.00	160.50	167.00	168.50	172.60	176.45	188.00	196.15	237.50	269.15	292.40	362.35	409.00	446.25	555.00	670.90	1144.30	2697.50	
01481500	1029	19731029	20141029	42	445.07	586.25	108.00	2910.00		114.15	132.10	151.25	154.60	162.00	172.00	175.00	182.00	199.15	241.00	272.70	321.20	360.95	406.00	465.75	588.60	648.55	863.50	2467.50	
01481500	1030	19731030	20141030	42	494.21	1101.90	108.00	7220.00		114.45	127.20	140.25	148.60	154.75	164.50	173.20	185.60	198.45	225.00	260.15	273.60	279.75	356.30	404.00	517.60	586.60	862.60	1482.00	
01481500	1031	19731031	20141031	42	355.00	331.74	104.00	1790.00		113.75	126.50	139.45	145.80	152.75	159.80	175.10	187.40	195.35	210.50	242.05	264.40	300.35	380.40	454.50	559.40	638.15	830.00	1068.80	
01481500	1101	19731101	20141101	42	309.83	216.02	107.00	1050.00		111.35	123.30	141.95	151.20	160.25	175.60	182.15	193.00	208.70	220.00	237.30	256.20	290.95	360.40	403.75	476.00	575.75	685.40	744.75	
01481500	1102	19731102	20141102	42	297.17	184.16	109.00	965.00		118.00	126.20	137.40	152.20	166.25	175.60	188.20	199.00	207.05	215.00	229.35	287.80	347.95	365.00	395.50	437.00	510.70	555.70	664.25	
01481500	1103	19731103	20141103	42	343.71	312.53	112.00	1730.00		118.15	127.00	140.85	157.60	163.25	173.80	187.45	199.20	201.05	206.00	233.15	292.60	331.95	372.60	411.25	461.00	550.75	707.20	1120.25	
01481500	1104	19731104	20141104	42	302.40	196.68	115.00	995.00		116.15	130.50	146.80	157.80	166.75	170.90	181.05	183.60	192.35	206.00	254.45	272.00	323.65	390.50	407.25	458.20	538.40	557.50	759.65	
01481500	1105	19731105	20141105	42	366.55	297.89	106.00	1360.00		117.95	140.00	158.35	163.60	171.50	176.70	183.05	189.00	210.00	265.00	279.85	308.60	344.25	374.90	489.25	558.20	663.15	757.20	1215.50	
01481500	1106	19731106	20141106	42	334.81	242.02	105.00	1580.00		117.30	142.60	149.70	165.40	188.75	190.00	217.05	264.40	267.00	286.50	299.75	346.00	360.55	385.10	394.50	434.00	488.35	529.60	653.10	
01481500	1107	19731107	20141107	42	324.76	260.93	102.00	1570.00		118.45	143.50	151.70	168.40	176.25	184.70	219.75	260.60	264.70	271.50	279.65	281.80	326.05	334.10	346.00	364.00	464.05	520.50	1013.10	
01481500	1108	19731108	20141108	42	379.76	477.29	104.00	2690.00		118.30	142.00	152.40	162.40	166.50	182.30	197.20	203.40	223.10	247.50	260.90	282.60	327.50	333.40	377.00	432.00	478.35	592.70	1832.75	
01481500	1109	19731109	20141109	42	401.40	600.02	102.00	3760.00		117.05	138.30	145.90	160.00	170.00	173.90	181.20	191.60	208.35	220.50	240.55	280.00	291.85	321.30	383.75	450.80	518.05	785.00	1545.70	
01481500	1110	19731110	20141110	42	339.19	238.92	105.00	1190.00		120.30	146.30	158.80	168.20	172.75	179.60	193.05	200.40	227.40	247.50	265.65	283.00	322.40	386.00	448.25	538.20	657.10	699.30	792.40	
01481500	1111	19731111	20141111	42	363.93	270.88	103.00	1270.00		122.75	149.40	162.35	164.60	170.75	177.90	186.25	198.00	237.35	250.00	280.10	308.20	344.85	455.50	473.50	539.00	682.55	820.50	946.30	
01481500	1112	19731112	20141112	42	404.36	414.39	99.00	2480.00		118.20	146.70	159.45	166.40	179.25	184.70	196.00	197.40	224.70	240.00	288.45	312.60	342.95	442.30	502.50	538.00	744.35	844.20	1107.50	
01481500	1113	19731113	20141113	42	417.88	380.70	99.00	2020.00		117.30	143.30	156.70	176.00	185.25	199.50	203.20	221.00	229.45	260.50	304.25	368.20	424.05	433.00	493.00	708.80	759.70	817.60	1407.45	
01481500	1114	19731114	20141114	42	349.76	218.41	101.00	890.00		116.40	136.20	153.30	179.20	186.50	219.50	222.10	227.20	241.35	246.50	274.70	333.40	365.75	403.80	441.00	562.00	685.50	718.60	834.95	
01481500	1115	19731115	20141115	42	345.50	256.91	102.00	1540.00		117.90	138.90	150.60	178.60	197.50	209.60	217.30	226.20	244.80	270.50	287.00	303.00	320.35	357.00	431.50	497.80	574.80	652.10	797.95	
01481500	1116	19731116	20141116	42	367.17	324.84	102.00	2020.00		116.05	147.20	162.65	190.00	198.75	205.70	212.40	222.80	228.70	248.50	269.60	277.80	318.15	386.50	488.00	543.20	644.00	718.30	798.30	
01481500	1117	19731117	20141117	42	428.14	388.14	105.00	2090.00		119.30	146.00	166.80	177.20	191.75	207.00	221.30	232.00	247.70	251.00	306.95	353.40	423.70	514.00	580.50	621.00	715.10	895.40	1408.10	
01481500	1118	19731118	20141118	42	361.52	221.62	105.00	1200.00		122.20	150.40	161.95	177.40	196.00	207.60	240.15	244.20	249.40	261.50	341.20	400.00	418.95	446.70	496.50	519.40	581.85	644.90	761.10	
01481500	1119	19731119	20141119	42	329.81	182.24	103.00	990.00		122.45	146.80	158.85	189.60	210.75	231.10	234.20	241.40	252.85	283.50	299.20	311.20	335.20	366.10	428.25	462.20	549.65	611.80	659.95	
01481500	1120	19731120	20141120	42	386.67	465.45	107.00	2980.00		123.45	147.40	167.00	189.60	196.25	204.20	208.05	214.80	225.90	238.50	249.85	269.00	314.60	404.20	431.00	473.60	526.80	582.00	1197.55	
01481500	1121	19731121	20141121	42	401.76	380.00	111.00	1880.00		124.05	151.90	161.35	178.80	193.75	199.40	213.00	214.20	226.70	231.00	250.60	292.80	324.70	420.30	517.25	557.80	654.65	956.70	1512.00	
01481500	1122	19731122	20141122	42	353.98	196.37	106.00	866.00		147.15	153.80	163.95	188.20	201.25	206.70	217.10	223.20	241.70	257.00	325.25	370.40	391.85	504.10	525.75	549.40	562.10	648.40	724.85	
01481500	1123	19731123	20141123	42	490.62	783.39	104.00	5180.00		135.05	150.00	164.15	189.40	194.00	204.60	220.05	232.00	241.70	246.00	323.30	401.00	427.45	483.00	512.50	568.20	731.55	820.00	1176.70	
01481500	1124	19731124	20141124	42	379.19	338.66	105.00	2220.00		137.65	155.60	176.00	191.00	200.00	207.90	212.20	226.80	265.00	300.50	328.75	340.40	369.65	429.80	463.25	491.20	528.50	688.20	796.70	
01481500	1125	19731125	20141125	42	370.98	257.87	140.00	1370.00		141.30	156.80	168.50	193.00	200.50	204.80	207.25	228.80	254.55	307.50	336.55	345.60	375.60	406.10	452.25	513.80	547.05	761.80	1003.75	
01481500	1126	19731126	20141126	42	491.95	536.50	140.00	2610.00		152.80	167.20	177.30	196.60	205.00	214.40	230.75	267.80	282.50	318.00	321.95	328.80	402.35	456.00	509.50	617.20	796.05	1070.10	2254.00	
01481500	1127	19731127	20141127	42	530.38	526.34	141.00	2300.00		146.60	156.30	170.15	189.60	202.00	212.60	246.15	257.80	303.85	322.50	371.65	455.00	482.60	514.60	614.75	732.20	751.65	1575.00	1990.50	
01481500	1128	19731128	20141128	42	601.24	840.32	128.00	4550.00		135.05	156.20	192.95	204.80	212.75	220.20	241.10	298.80	325.35	344.00	419.70	457.80	480.30	511.20	553.75	739.40	831.00	942.80	3193.50	
01481500	1129	19731129	20141129	42	553.93	518.14	116.00	2560.00		134.30	178.40	195.25	229.40	243.25	266.20	279.10	319.00	329.90	368.00	419.30	442.60	453.70	478.40	710.25	809.80	897.65	1457.00	1810.00	
01481500	1130	19731130	20141130	42	560.24	721.30	115.00	4500.00		133.15	176.30	186.50	203.60	240.50	260.70	267.40	284.80	329.45	355.00	391.80	444.40	473.90	552.60	627.00	667.00	763.75	1018.30	1857.50	
01481500	1201	19731201	20141201	42	506.14	434.49	114.00	1740.00		153.00	162.10	180.90	189.60	217.75	242.50	263.85	309.20	329.90	346.50	366.30	411.60	434.55	464.60	572.25	738.40	987.80	1285.00	1672.50	
01481500	1202	19731202	20141202	42	547.36	756.92	111.00	4990.00		161.45	168.10	184.35	227.40	243.75	273.50	289.95	312.20	333.75	359.50	382.40	424.80	475.95	480.10	556.00	658.40	820.90	905.70	1314.00	
01481500	1203	19731203	20141203	42	502.93	467.79	108.00	2320.00		154.75	164.10	183.05	218.00	235.75	256.90	277.75	300.40	343.70	351.50	371.85	402.40	447.10	456.80	576.25	678.80	727.10	1166.50	1828.00	
01481500	1204	19731204	20141204	42	462.64	339.71	107.00	1660.00		146.90	162.10	184.90	191.60	223.00	262.00	289.05	294.40	325.70	362.50	383.55	421.60	459.50	506.40	559.50	666.00	797.45	1044.00	1218.00	
01481500	1205	19731205	20141205	42	537.36	734.98	110.00	4900.00		143.55	188.50	203.50	239.80	252.25	262.40	276.20	283.20	324.95	366.50	392.45	414.60	441.00	520.40	596.75	703.60	788.15	942.10	1136.00	
01481500	1206	19731206	20141206	42	587.12	813.75	112.00	4710.00		146.55	167.90	201.70	224.60	228.75	272.80	303.35	316.40	346.75	368.50	387.65	403.40	455.20	530.50	602.25	739.40	801.50	896.80	2876.00	
01481500	1207	19731207	20141207	42	506.26	395.19	109.00	1980.00		142.70	160.00	185.85	217.40	228.75	275.40	282.65	324.20	348.00	353.00	381.85	402.80	470.85	649.50	665.75	733.40	885.85	1193.60	1298.50	
01481500	1208	19731208	20141208	42	591.64	811.85	111.00	4680.00		147.20	164.30	175.75	202.20	255.50	278.90	305.10	311.20	315.35	342.00	366.35	393.00	429.25	449.30	584.75	605.80	900.50	1047.00	2452.00	
01481500	1209	19731209	20141209	42	582.69	686.33	147.00	3470.00		153.80	181.30	194.05	211.40	250.50	279.20	289.20	302.20	323.90	359.50	376.60	391.80	425.70	526.60	557.75	733.80	847.70	1408.00	2775.00	
01481500	1210	19731210	20141210	42	546.19	507.18	152.00	2380.00		162.30	172.30	192.45	206.40	248.75	279.20	292.40	326.60	331.45	360.00	385.60	425.00	511.35	545.20	628.50	762.00	833.40	1318.00	2091.50	
01481500	1211	19731211	20141211	42	628.93	801.80	146.00	4870.00		151.60	170.80	212.50	256.40	282.00	306.70	325.65	350.20	381.10	397.00	457.85	474.80	532.15	582.30	609.25	682.20	866.70	1220.90	2414.50	
01481500	1212	19731212	20141212	42	670.24	822.39	137.00	4270.00		138.75	161.30	194.95	238.80	266.00	299.40	310.35	327.60	364.35	384.00	400.75	453.40	469.90	518.60	610.00	801.60	1283.75	1716.00	2945.00	
01481500	1213	19731213	20141213	42	675.79	1166.10	133.00	7510.00		137.00	148.50	185.70	220.60	255.50	289.20	295.70	319.60	347.35	370.50	380.65	399.40	461.45	518.00	649.50	886.20	993.40	1189.00	2287.00	
01481500	1214	19731214	20141214	42	774.07	1384.80	136.00	8430.00		142.05	161.80	212.10	243.60	249.75	283.40	310.35	330.80	368.70	398.00	433.60	505.80	554.50	583.90	650.25	725.20	963.45	1529.00	3801.50	
01481500	1215	19731215	20141215	42	606.45	627.12	131.00	3620.00		155.15	211.00	241.35	247.60	286.00	309.00	330.25	348.40	357.05	373.50	403.25	418.60	438.60	657.20	758.75	774.60	1022.60	1266.00	1858.50	
01481500	1216	19731216	20141216	42	653.19	609.29	143.00	3100.00		153.15	182.50	225.35	261.40	306.75	322.30	363.10	375.60	387.15	406.50	484.85	589.80	668.90	733.10	746.75	777.20	1070.15	1487.00	2285.00	
01481500	1217	19731217	20141217	42	680.79	769.93	138.00	4420.00		151.60	165.60	227.00	242.40	268.75	323.20	330.35	341.60	367.40	383.00	468.85	534.40	604.35	699.20	754.25	887.60	1154.50	1600.00	2199.00	
01481500	1218	19731218	20141218	42	625.43	671.63	137.00	3490.00		145.50	194.20	221.25	242.60	278.75	284.00	291.60	327.60	352.05	356.50	428.95	477.00	531.80	634.10	671.75	724.60	1003.15	1657.00	2366.50	
01481500	1219	19731219	20141219	42	557.93	695.73	140.00	4460.00		144.60	194.70	216.70	227.60	241.50	269.50	276.35	311.80	323.35	343.50	410.30	469.80	515.60	572.70	626.25	655.00	715.75	1101.90	1616.00	
01481500	1220	19731220	20141220	42	475.69	364.21	123.00	1570.00		144.35	162.30	196.25	219.60	235.75	264.20	308.20	314.80	322.70	357.50	399.65	432.20	465.65	489.70	546.00	628.40	717.05	1075.50	1552.00	
01481500	1221	19731221	20141221	42	658.76	863.64	93.00	4890.00		139.45	161.90	213.80	241.80	265.75	303.30	313.05	322.80	372.10	403.00	434.95	460.60	509.10	602.30	660.75	666.40	1019.05	1169.00	2775.00	
01481500	1222	19731222	20141222	42	567.64	517.98	112.00	2520.00		131.50	165.00	223.45	250.00	259.50	281.80	300.95	325.60	347.40	374.50	411.00	454.00	531.80	597.40	676.75	778.00	995.60	1095.00	2046.50	
01481500	1223	19731223	20141223	42	559.88	493.13	129.00	2360.00		149.95	195.90	240.45	248.60	264.75	281.30	300.50	311.60	325.45	378.50	407.50	433.60	501.70	517.70	572.50	813.80	1166.50	1267.00	1865.50	
01481500	1224	19731224	20141224	42	556.38	438.59	160.00	2250.00		178.20	209.30	226.15	253.40	279.75	298.50	302.10	325.40	383.70	399.00	422.10	456.20	515.85	540.40	612.25	903.60	1056.50	1254.00	1448.00	
01481500	1225	19731225	20141225	42	613.74	569.36	157.00	3150.00		167.90	203.90	241.85	266.60	273.75	282.70	304.40	339.80	380.00	412.00	432.70	487.00	577.00	652.80	748.75	881.80	1054.00	1306.00	1939.00	
01481500	1226	19731226	20141226	42	612.88	587.34	136.00	3650.00		144.70	206.60	229.40	255.20	269.75	281.10	301.00	335.00	396.35	400.50	475.60	511.40	598.75	734.00	864.25	988.40	1052.00	1117.00	1281.00	
01481500	1227	19731227	20141227	42	621.98	747.17	141.00	4000.00		151.35	188.30	216.45	232.20	257.75	262.70	271.15	298.60	336.45	376.00	456.20	537.40	598.20	629.30	649.25	778.80	916.80	994.50	3006.50	
01481500	1228	19731228	20141228	42	505.19	392.96	140.00	2290.00		150.40	182.10	221.90	249.00	266.00	268.90	278.50	325.20	344.40	405.50	455.60	467.80	503.85	550.50	635.75	698.60	829.05	959.70	1327.50	
01481500	1229	19731229	20141229	42	500.50	399.99	120.00	2470.00		150.10	184.90	233.15	243.80	267.25	295.80	324.40	342.00	357.75	374.50	400.60	474.80	480.90	515.00	630.00	658.00	785.00	1012.40	1084.00	
01481500	1230	19731230	20141230	42	470.62	304.63	116.00	1630.00		156.45	184.50	227.35	242.40	253.75	261.70	296.20	329.20	366.80	389.50	409.20	454.20	490.80	576.80	584.25	670.80	770.90	886.30	1152.80	
01481500	1231	19731231	20141231	42	462.19	317.86	97.00	1850.00		141.60	174.90	215.70	234.40	244.00	269.90	283.10	301.20	355.05	363.00	388.80	442.00	461.40	535.60	671.00	733.40	771.30	831.40	922.80	
