site_no	monthday	begin_dt	end_dt	count_nu	mean	std	min	max	p01	p05	p10	p15	p20	p25	p30	p35	p40	p45	p50	p55	p60	p65	p70	p75	p80	p85	p90	p95	p99
01583570	ALL	19830101	20160216	7885	0.15	0.13	0.00	2.70	0.00	0.03	0.05	0.06	0.07	0.08	0.09	0.09	0.10	0.11	0.12	0.13	0.14	0.16	0.18	0.19	0.21	0.24	0.28	0.36	0.57
01583570	0101	19830101	20160101	22	0.16	0.11	0.04	0.44		0.04	0.06	0.07	0.07	0.07	0.08	0.09	0.09	0.10	0.12	0.15	0.16	0.16	0.18	0.22	0.24	0.32	0.38	0.43	
01583570	0102	19830102	20160102	22	0.14	0.08	0.04	0.27		0.04	0.06	0.06	0.07	0.07	0.08	0.09	0.09	0.11	0.14	0.15	0.16	0.16	0.21	0.23	0.25	0.26	0.26	0.27	
01583570	0103	19830103	20160103	22	0.17	0.13	0.04	0.67		0.04	0.05	0.06	0.07	0.07	0.08	0.09	0.13	0.13	0.14	0.15	0.16	0.21	0.23	0.23	0.24	0.25	0.26	0.61	
01583570	0104	19830104	20160104	22	0.14	0.06	0.04	0.23		0.04	0.05	0.06	0.07	0.07	0.08	0.13	0.13	0.14	0.14	0.15	0.17	0.19	0.19	0.20	0.20	0.22	0.23	0.23	
01583570	0105	19830105	20160105	22	0.14	0.07	0.04	0.28		0.05	0.06	0.06	0.07	0.07	0.09	0.09	0.12	0.13	0.14	0.14	0.16	0.16	0.18	0.19	0.20	0.21	0.24	0.28	
01583570	0106	19830106	20160106	22	0.14	0.06	0.07	0.26		0.07	0.07	0.07	0.08	0.09	0.09	0.10	0.10	0.11	0.13	0.14	0.15	0.17	0.18	0.19	0.20	0.23	0.25	0.26	
01583570	0107	19830107	20160107	22	0.14	0.07	0.06	0.33		0.06	0.07	0.07	0.07	0.07	0.09	0.10	0.10	0.12	0.13	0.14	0.16	0.16	0.16	0.19	0.20	0.22	0.26	0.32	
01583570	0108	19830108	20160108	22	0.14	0.08	0.05	0.41		0.05	0.06	0.06	0.07	0.09	0.09	0.09	0.10	0.12	0.13	0.13	0.14	0.16	0.16	0.18	0.18	0.21	0.22	0.38	
01583570	0109	19830109	20160109	22	0.14	0.07	0.04	0.26		0.05	0.06	0.06	0.06	0.08	0.09	0.09	0.09	0.11	0.13	0.14	0.16	0.16	0.18	0.19	0.21	0.22	0.24	0.26	
01583570	0110	19830110	20160110	22	0.15	0.10	0.04	0.47		0.05	0.05	0.06	0.07	0.08	0.09	0.10	0.11	0.14	0.16	0.16	0.16	0.17	0.18	0.19	0.19	0.21	0.28	0.45	
01583570	0111	19830111	20160111	22	0.15	0.09	0.05	0.48		0.05	0.06	0.07	0.09	0.09	0.09	0.10	0.10	0.11	0.12	0.15	0.16	0.17	0.19	0.19	0.20	0.21	0.21	0.44	
01583570	0112	19830112	20160112	22	0.15	0.08	0.05	0.37		0.05	0.06	0.06	0.07	0.08	0.08	0.09	0.10	0.12	0.15	0.16	0.17	0.17	0.19	0.20	0.21	0.23	0.25	0.35	
01583570	0113	19830113	20160113	22	0.13	0.07	0.04	0.26		0.05	0.05	0.06	0.07	0.07	0.08	0.09	0.10	0.10	0.12	0.15	0.16	0.17	0.19	0.19	0.20	0.21	0.23	0.26	
01583570	0114	19830114	20160114	22	0.15	0.13	0.05	0.66		0.05	0.05	0.06	0.07	0.07	0.08	0.09	0.09	0.10	0.12	0.14	0.16	0.19	0.19	0.20	0.21	0.22	0.24	0.60	
01583570	0115	19830115	20160115	22	0.13	0.07	0.04	0.27		0.04	0.05	0.05	0.06	0.08	0.09	0.09	0.09	0.10	0.12	0.13	0.15	0.16	0.17	0.19	0.20	0.22	0.23	0.27	
01583570	0116	19830116	20160116	22	0.14	0.08	0.04	0.39		0.04	0.05	0.05	0.06	0.08	0.08	0.09	0.09	0.10	0.10	0.14	0.16	0.16	0.17	0.18	0.20	0.22	0.23	0.37	
01583570	0117	19830117	20160117	22	0.14	0.09	0.05	0.44		0.05	0.05	0.06	0.06	0.08	0.08	0.08	0.08	0.09	0.12	0.13	0.14	0.15	0.16	0.19	0.21	0.23	0.25	0.41	
01583570	0118	19830118	20160118	22	0.16	0.11	0.05	0.42		0.05	0.05	0.06	0.07	0.08	0.08	0.08	0.09	0.09	0.12	0.14	0.14	0.18	0.21	0.22	0.25	0.29	0.37	0.42	
01583570	0119	19830119	20160119	22	0.14	0.08	0.05	0.38		0.05	0.06	0.07	0.07	0.08	0.09	0.09	0.10	0.12	0.13	0.14	0.15	0.17	0.18	0.19	0.20	0.21	0.22	0.36	
01583570	0120	19830120	20160120	22	0.14	0.07	0.05	0.36		0.05	0.06	0.07	0.08	0.08	0.09	0.09	0.09	0.12	0.13	0.14	0.15	0.16	0.16	0.18	0.20	0.21	0.22	0.34	
01583570	0121	19830121	20160121	22	0.13	0.07	0.05	0.35		0.05	0.05	0.06	0.07	0.07	0.08	0.09	0.09	0.11	0.12	0.13	0.14	0.14	0.16	0.17	0.18	0.20	0.22	0.33	
01583570	0122	19830122	20160122	22	0.13	0.07	0.05	0.35		0.05	0.06	0.06	0.06	0.07	0.08	0.09	0.10	0.10	0.12	0.12	0.13	0.14	0.16	0.17	0.18	0.20	0.23	0.33	
01583570	0123	19830123	20160123	22	0.14	0.07	0.04	0.33		0.05	0.06	0.07	0.09	0.09	0.09	0.10	0.10	0.11	0.12	0.13	0.15	0.17	0.18	0.21	0.21	0.22	0.24	0.32	
01583570	0124	19830124	20160124	22	0.16	0.08	0.04	0.33		0.04	0.05	0.07	0.09	0.09	0.10	0.10	0.11	0.13	0.14	0.15	0.16	0.18	0.21	0.23	0.24	0.26	0.29	0.33	
01583570	0125	19830125	20160125	22	0.15	0.12	0.04	0.64		0.04	0.06	0.07	0.08	0.09	0.10	0.10	0.10	0.11	0.12	0.14	0.16	0.16	0.16	0.17	0.20	0.23	0.24	0.58	
01583570	0126	19830126	20160126	22	0.15	0.09	0.04	0.42		0.04	0.06	0.07	0.08	0.09	0.09	0.10	0.10	0.11	0.13	0.14	0.14	0.16	0.16	0.19	0.22	0.24	0.26	0.40	
01583570	0127	19830127	20160127	22	0.14	0.08	0.04	0.39		0.04	0.06	0.07	0.08	0.09	0.09	0.09	0.10	0.11	0.12	0.13	0.14	0.14	0.15	0.17	0.19	0.22	0.24	0.37	
01583570	0128	19830128	20160128	22	0.13	0.07	0.05	0.31		0.05	0.06	0.07	0.08	0.09	0.09	0.09	0.09	0.10	0.10	0.12	0.14	0.14	0.14	0.17	0.19	0.22	0.24	0.30	
01583570	0129	19830129	20160129	22	0.13	0.06	0.05	0.28		0.05	0.05	0.07	0.08	0.09	0.09	0.09	0.09	0.10	0.10	0.12	0.13	0.14	0.15	0.17	0.19	0.22	0.23	0.27	
01583570	0130	19830130	20160130	22	0.14	0.09	0.05	0.44		0.05	0.05	0.06	0.07	0.08	0.08	0.09	0.10	0.10	0.11	0.13	0.13	0.14	0.14	0.17	0.21	0.23	0.27	0.42	
01583570	0131	19830131	20160131	22	0.16	0.18	0.05	0.94		0.05	0.06	0.07	0.08	0.08	0.08	0.10	0.10	0.10	0.10	0.11	0.12	0.15	0.15	0.17	0.21	0.22	0.26	0.84	
01583570	0201	19830201	20160201	22	0.16	0.11	0.05	0.51		0.05	0.06	0.08	0.08	0.09	0.09	0.10	0.10	0.10	0.12	0.13	0.15	0.19	0.20	0.21	0.21	0.25	0.33	0.49	
01583570	0202	19830202	20160202	22	0.17	0.08	0.05	0.35		0.06	0.08	0.09	0.09	0.10	0.11	0.13	0.14	0.16	0.17	0.18	0.19	0.19	0.19	0.20	0.24	0.27	0.29	0.34	
01583570	0203	19830203	20160203	22	0.18	0.12	0.05	0.57		0.05	0.08	0.08	0.09	0.10	0.11	0.13	0.13	0.13	0.14	0.15	0.16	0.19	0.19	0.22	0.27	0.28	0.35	0.54	
01583570	0204	19830204	20160204	22	0.16	0.11	0.05	0.57		0.05	0.09	0.09	0.10	0.10	0.10	0.11	0.12	0.12	0.12	0.14	0.16	0.16	0.19	0.21	0.23	0.24	0.26	0.53	
01583570	0205	19830205	20160205	22	0.16	0.09	0.05	0.40		0.05	0.08	0.09	0.09	0.10	0.10	0.10	0.12	0.12	0.13	0.15	0.16	0.19	0.19	0.22	0.23	0.26	0.34	0.39	
01583570	0206	19830206	20160206	22	0.18	0.16	0.05	0.70		0.05	0.08	0.09	0.09	0.10	0.10	0.11	0.11	0.12	0.12	0.13	0.15	0.16	0.19	0.21	0.22	0.24	0.51	0.69	
01583570	0207	19830207	20160207	22	0.15	0.10	0.05	0.42		0.05	0.08	0.08	0.09	0.10	0.10	0.10	0.10	0.12	0.12	0.13	0.14	0.16	0.16	0.20	0.21	0.23	0.35	0.42	
01583570	0208	19830208	20160208	22	0.15	0.08	0.05	0.39		0.05	0.08	0.08	0.08	0.09	0.10	0.10	0.10	0.11	0.12	0.13	0.15	0.15	0.16	0.19	0.21	0.23	0.29	0.38	
01583570	0209	19830209	20160209	22	0.14	0.08	0.05	0.35		0.05	0.08	0.08	0.08	0.09	0.09	0.10	0.10	0.10	0.12	0.13	0.14	0.14	0.16	0.18	0.20	0.23	0.27	0.34	
01583570	0210	19830210	20160210	22	0.15	0.10	0.05	0.51		0.06	0.07	0.08	0.08	0.09	0.09	0.10	0.10	0.11	0.12	0.12	0.14	0.15	0.16	0.18	0.20	0.22	0.27	0.48	
01583570	0211	19830211	20160211	22	0.15	0.09	0.05	0.41		0.05	0.06	0.08	0.08	0.08	0.09	0.09	0.09	0.11	0.12	0.14	0.15	0.15	0.16	0.20	0.21	0.23	0.27	0.39	
01583570	0212	19830212	20160212	22	0.17	0.15	0.05	0.78		0.05	0.06	0.08	0.08	0.09	0.09	0.10	0.10	0.12	0.14	0.16	0.16	0.18	0.19	0.21	0.21	0.23	0.32	0.72	
01583570	0213	19830213	20160213	22	0.16	0.09	0.05	0.36		0.05	0.06	0.07	0.08	0.09	0.09	0.10	0.12	0.13	0.15	0.16	0.17	0.19	0.19	0.21	0.23	0.29	0.34	0.36	
01583570	0214	19830214	20160214	22	0.17	0.09	0.05	0.41		0.05	0.06	0.07	0.08	0.09	0.10	0.11	0.12	0.14	0.17	0.18	0.19	0.19	0.19	0.22	0.25	0.27	0.31	0.40	
01583570	0215	19830215	20160215	22	0.16	0.10	0.05	0.48		0.05	0.06	0.07	0.08	0.10	0.10	0.11	0.12	0.13	0.15	0.16	0.18	0.18	0.19	0.21	0.22	0.25	0.31	0.46	
01583570	0216	19830216	20160216	22	0.17	0.11	0.05	0.48		0.05	0.06	0.07	0.08	0.09	0.10	0.10	0.12	0.13	0.15	0.17	0.18	0.18	0.19	0.22	0.23	0.28	0.33	0.46	
01583570	0217	19830217	20150217	21	0.15	0.07	0.05	0.30		0.05	0.06	0.09	0.09	0.09	0.10	0.11	0.13	0.13	0.14	0.18	0.18	0.18	0.19	0.20	0.22	0.24	0.24	0.29	
01583570	0218	19830218	20150218	21	0.17	0.07	0.05	0.30		0.05	0.05	0.08	0.09	0.10	0.11	0.13	0.15	0.18	0.18	0.18	0.19	0.21	0.21	0.22	0.23	0.25	0.26	0.30	
01583570	0219	19830219	20150219	21	0.16	0.08	0.05	0.36		0.05	0.06	0.08	0.09	0.09	0.11	0.13	0.14	0.15	0.16	0.17	0.18	0.18	0.18	0.20	0.21	0.23	0.31	0.36	
01583570	0220	19830220	20150220	21	0.15	0.07	0.05	0.31		0.05	0.06	0.08	0.09	0.09	0.10	0.12	0.14	0.14	0.16	0.16	0.17	0.18	0.19	0.19	0.20	0.22	0.24	0.30	
01583570	0221	19830221	20150221	21	0.16	0.07	0.05	0.31		0.05	0.06	0.08	0.08	0.09	0.10	0.12	0.14	0.14	0.14	0.16	0.18	0.18	0.19	0.20	0.22	0.24	0.27	0.31	
01583570	0222	19830222	20150222	21	0.17	0.10	0.05	0.48		0.05	0.06	0.07	0.08	0.10	0.11	0.12	0.14	0.15	0.16	0.17	0.18	0.18	0.19	0.21	0.23	0.24	0.35	0.47	
01583570	0223	19830223	20150223	21	0.17	0.10	0.05	0.48		0.05	0.07	0.08	0.09	0.10	0.11	0.12	0.14	0.14	0.15	0.16	0.18	0.18	0.20	0.22	0.24	0.27	0.30	0.46	
01583570	0224	19830224	20150224	21	0.16	0.08	0.05	0.40		0.05	0.07	0.08	0.08	0.09	0.11	0.12	0.13	0.14	0.14	0.14	0.16	0.18	0.19	0.20	0.22	0.23	0.27	0.39	
01583570	0225	19830225	20150225	21	0.16	0.08	0.05	0.38		0.05	0.07	0.07	0.09	0.11	0.13	0.14	0.14	0.14	0.14	0.14	0.17	0.18	0.19	0.20	0.22	0.23	0.25	0.37	
01583570	0226	19830226	20150226	21	0.15	0.07	0.05	0.38		0.05	0.07	0.08	0.09	0.10	0.10	0.11	0.13	0.13	0.14	0.14	0.16	0.17	0.18	0.20	0.22	0.22	0.23	0.36	
01583570	0227	19830227	20150227	21	0.15	0.08	0.05	0.36		0.05	0.08	0.08	0.08	0.09	0.10	0.11	0.11	0.14	0.14	0.16	0.16	0.17	0.18	0.20	0.22	0.23	0.25	0.35	
01583570	0228	19830228	20150228	21	0.16	0.08	0.05	0.35		0.05	0.07	0.07	0.08	0.10	0.11	0.12	0.13	0.14	0.15	0.15	0.17	0.18	0.20	0.22	0.23	0.23	0.29	0.34	
01583570	0229	19840229	20120229	5	0.20	0.11	0.07	0.36					0.08	0.10	0.12	0.14	0.17	0.20	0.23	0.23	0.23	0.23	0.26	0.29	0.33				
01583570	0301	19830301	20150301	21	0.15	0.08	0.05	0.36		0.05	0.07	0.07	0.08	0.09	0.10	0.12	0.13	0.13	0.13	0.13	0.13	0.15	0.20	0.22	0.23	0.23	0.29	0.35	
01583570	0302	19830302	20150302	21	0.17	0.12	0.07	0.57		0.07	0.08	0.08	0.09	0.10	0.10	0.11	0.12	0.12	0.13	0.15	0.16	0.19	0.20	0.21	0.23	0.24	0.33	0.55	
01583570	0303	19830303	20150303	21	0.16	0.07	0.07	0.35		0.07	0.08	0.08	0.09	0.10	0.11	0.12	0.12	0.13	0.13	0.15	0.15	0.17	0.18	0.20	0.22	0.24	0.27	0.34	
01583570	0304	19830304	20150304	21	0.15	0.07	0.06	0.35		0.06	0.08	0.08	0.09	0.10	0.11	0.12	0.13	0.13	0.14	0.14	0.15	0.16	0.18	0.20	0.22	0.23	0.24	0.34	
01583570	0305	19830305	20150305	21	0.16	0.07	0.05	0.35		0.05	0.08	0.09	0.10	0.10	0.10	0.11	0.14	0.14	0.15	0.15	0.16	0.17	0.21	0.23	0.23	0.24	0.25	0.34	
01583570	0306	19830306	20150306	21	0.18	0.10	0.05	0.45		0.05	0.08	0.09	0.09	0.10	0.11	0.12	0.13	0.13	0.14	0.16	0.20	0.21	0.22	0.23	0.27	0.29	0.34	0.44	
01583570	0307	19830307	20150307	21	0.16	0.07	0.05	0.34		0.05	0.07	0.09	0.09	0.11	0.12	0.12	0.13	0.14	0.14	0.15	0.18	0.20	0.20	0.21	0.21	0.22	0.28	0.34	
01583570	0308	19830308	20150308	21	0.17	0.09	0.05	0.43		0.05	0.07	0.09	0.09	0.10	0.11	0.12	0.13	0.13	0.14	0.17	0.18	0.19	0.20	0.20	0.23	0.27	0.33	0.42	
01583570	0309	19830309	20150309	21	0.16	0.07	0.05	0.34		0.05	0.07	0.09	0.10	0.10	0.11	0.11	0.12	0.13	0.16	0.17	0.18	0.19	0.20	0.21	0.23	0.24	0.25	0.33	
01583570	0310	19830310	20150310	21	0.24	0.36	0.06	1.80		0.06	0.07	0.09	0.10	0.10	0.11	0.12	0.12	0.14	0.15	0.18	0.19	0.20	0.21	0.23	0.26	0.29	0.30	1.65	
01583570	0311	19830311	20150311	21	0.24	0.34	0.05	1.70		0.05	0.07	0.09	0.10	0.11	0.12	0.13	0.14	0.15	0.18	0.18	0.18	0.19	0.19	0.21	0.24	0.27	0.39	1.57	
01583570	0312	19830312	20150312	21	0.22	0.21	0.05	0.98		0.05	0.07	0.09	0.10	0.10	0.11	0.14	0.16	0.17	0.18	0.18	0.18	0.18	0.20	0.23	0.27	0.36	0.49	0.93	
01583570	0313	19830313	20150313	21	0.23	0.22	0.06	1.00		0.06	0.09	0.09	0.10	0.11	0.12	0.12	0.14	0.16	0.16	0.17	0.19	0.21	0.22	0.24	0.26	0.30	0.57	0.96	
01583570	0314	19830314	20150314	21	0.21	0.20	0.06	0.97		0.06	0.07	0.09	0.09	0.09	0.10	0.11	0.14	0.14	0.16	0.18	0.18	0.20	0.22	0.24	0.27	0.36	0.40	0.91	
01583570	0315	19830315	20150315	21	0.17	0.11	0.05	0.56		0.05	0.07	0.08	0.09	0.10	0.12	0.12	0.13	0.15	0.16	0.17	0.18	0.19	0.20	0.22	0.24	0.26	0.26	0.53	
01583570	0316	19830316	20150316	21	0.20	0.15	0.05	0.69		0.05	0.07	0.09	0.10	0.11	0.13	0.13	0.14	0.14	0.15	0.18	0.19	0.20	0.22	0.24	0.27	0.34	0.45	0.67	
01583570	0317	19830317	20150317	21	0.18	0.10	0.04	0.44		0.05	0.08	0.09	0.10	0.12	0.12	0.12	0.13	0.14	0.17	0.18	0.18	0.19	0.20	0.21	0.22	0.25	0.40	0.44	
01583570	0318	19830318	20150318	21	0.18	0.10	0.08	0.41		0.08	0.08	0.08	0.09	0.10	0.11	0.12	0.14	0.15	0.16	0.18	0.18	0.19	0.21	0.23	0.26	0.29	0.38	0.41	
01583570	0319	19830319	20150319	21	0.18	0.10	0.05	0.41		0.05	0.08	0.08	0.09	0.09	0.11	0.13	0.14	0.15	0.18	0.18	0.18	0.20	0.21	0.24	0.28	0.32	0.36	0.41	
01583570	0320	19830320	20150320	21	0.19	0.11	0.07	0.50		0.07	0.09	0.09	0.09	0.10	0.11	0.12	0.16	0.18	0.18	0.18	0.18	0.21	0.23	0.23	0.24	0.28	0.39	0.49	
01583570	0321	19830321	20150321	21	0.23	0.13	0.08	0.48		0.08	0.08	0.09	0.09	0.10	0.14	0.17	0.18	0.21	0.21	0.24	0.25	0.27	0.28	0.33	0.38	0.38	0.44	0.48	
01583570	0322	19830322	20150322	21	0.20	0.10	0.06	0.48		0.06	0.08	0.09	0.09	0.10	0.13	0.15	0.17	0.20	0.20	0.20	0.21	0.23	0.23	0.25	0.27	0.28	0.33	0.47	
01583570	0323	19830323	20150323	21	0.21	0.13	0.06	0.63		0.06	0.08	0.09	0.10	0.12	0.16	0.18	0.18	0.19	0.19	0.19	0.20	0.20	0.22	0.23	0.23	0.27	0.43	0.61	
01583570	0324	19830324	20150324	21	0.19	0.09	0.06	0.44		0.06	0.07	0.09	0.10	0.12	0.14	0.16	0.18	0.18	0.18	0.18	0.19	0.20	0.21	0.23	0.23	0.29	0.34	0.43	
01583570	0325	19830325	20150325	21	0.18	0.08	0.05	0.41		0.05	0.06	0.08	0.10	0.12	0.13	0.14	0.16	0.17	0.18	0.18	0.20	0.21	0.22	0.23	0.23	0.26	0.28	0.40	
01583570	0326	19830326	20150326	21	0.18	0.09	0.07	0.41		0.07	0.08	0.08	0.10	0.10	0.11	0.13	0.16	0.16	0.17	0.20	0.21	0.22	0.23	0.24	0.25	0.26	0.29	0.40	
01583570	0327	19830327	20150327	21	0.20	0.12	0.08	0.53		0.08	0.08	0.09	0.10	0.10	0.11	0.12	0.14	0.15	0.18	0.19	0.20	0.23	0.26	0.27	0.27	0.28	0.39	0.52	
01583570	0328	19830328	20150328	21	0.21	0.14	0.06	0.58		0.06	0.08	0.10	0.10	0.10	0.11	0.12	0.14	0.15	0.18	0.18	0.19	0.21	0.22	0.24	0.32	0.42	0.46	0.57	
01583570	0329	19830329	20150329	21	0.22	0.15	0.06	0.60		0.06	0.08	0.09	0.09	0.10	0.11	0.13	0.16	0.18	0.18	0.21	0.21	0.22	0.23	0.27	0.35	0.40	0.51	0.59	
01583570	0330	19830330	20150330	21	0.25	0.20	0.06	0.87		0.06	0.08	0.08	0.09	0.09	0.11	0.15	0.16	0.17	0.18	0.20	0.21	0.24	0.29	0.34	0.39	0.48	0.53	0.84	
01583570	0331	19830331	20150331	21	0.20	0.12	0.06	0.46		0.06	0.07	0.08	0.09	0.10	0.12	0.14	0.16	0.18	0.18	0.18	0.21	0.22	0.24	0.28	0.33	0.35	0.43	0.46	
01583570	0401	19830401	20150401	21	0.20	0.12	0.06	0.49		0.06	0.06	0.08	0.09	0.10	0.12	0.15	0.17	0.18	0.18	0.19	0.19	0.20	0.25	0.31	0.32	0.33	0.38	0.48	
01583570	0402	19830402	20150402	21	0.22	0.19	0.05	0.88		0.05	0.06	0.06	0.08	0.09	0.11	0.13	0.15	0.18	0.18	0.18	0.19	0.21	0.24	0.28	0.33	0.36	0.43	0.84	
01583570	0403	19830403	20150403	21	0.22	0.16	0.05	0.71		0.05	0.06	0.07	0.10	0.12	0.14	0.15	0.16	0.16	0.17	0.18	0.19	0.23	0.27	0.29	0.34	0.37	0.44	0.69	
01583570	0404	19830404	20150404	21	0.20	0.12	0.05	0.50		0.05	0.06	0.09	0.11	0.12	0.12	0.13	0.15	0.16	0.16	0.17	0.19	0.22	0.24	0.26	0.31	0.36	0.42	0.49	
01583570	0405	19830405	20150405	21	0.20	0.14	0.05	0.61		0.05	0.06	0.07	0.10	0.11	0.12	0.14	0.16	0.16	0.16	0.18	0.18	0.19	0.21	0.24	0.29	0.34	0.42	0.59	
01583570	0406	19830406	20150406	21	0.18	0.10	0.05	0.42		0.06	0.09	0.09	0.10	0.11	0.12	0.13	0.14	0.15	0.16	0.16	0.17	0.19	0.20	0.23	0.27	0.33	0.39	0.42	
01583570	0407	19830407	20150407	21	0.18	0.10	0.05	0.39		0.05	0.07	0.09	0.09	0.10	0.12	0.13	0.14	0.15	0.16	0.16	0.19	0.20	0.23	0.26	0.28	0.32	0.36	0.39	
01583570	0408	19830408	20150408	21	0.20	0.11	0.05	0.46		0.05	0.06	0.08	0.09	0.11	0.13	0.14	0.16	0.16	0.16	0.19	0.21	0.24	0.25	0.27	0.29	0.34	0.35	0.45	
01583570	0409	19830409	20150409	21	0.20	0.11	0.05	0.43		0.05	0.06	0.08	0.09	0.11	0.13	0.14	0.16	0.16	0.16	0.21	0.22	0.24	0.26	0.28	0.31	0.34	0.37	0.42	
01583570	0410	19830410	20150410	21	0.21	0.16	0.05	0.75		0.05	0.06	0.08	0.09	0.10	0.11	0.14	0.16	0.16	0.16	0.18	0.19	0.22	0.24	0.27	0.31	0.36	0.38	0.71	
01583570	0411	19830411	20150411	21	0.20	0.11	0.05	0.45		0.05	0.07	0.08	0.09	0.11	0.13	0.15	0.16	0.20	0.20	0.20	0.23	0.24	0.25	0.27	0.31	0.34	0.35	0.44	
01583570	0412	19830412	20150412	21	0.21	0.11	0.05	0.42		0.05	0.08	0.09	0.10	0.11	0.13	0.15	0.16	0.18	0.19	0.19	0.19	0.24	0.31	0.33	0.33	0.34	0.38	0.42	
01583570	0413	19830413	20150413	21	0.19	0.10	0.05	0.43		0.05	0.07	0.08	0.10	0.10	0.12	0.14	0.15	0.15	0.16	0.18	0.19	0.21	0.24	0.27	0.31	0.33	0.34	0.42	
01583570	0414	19830414	20150414	21	0.19	0.10	0.05	0.38		0.05	0.07	0.09	0.10	0.11	0.13	0.14	0.16	0.17	0.17	0.17	0.19	0.19	0.22	0.27	0.31	0.34	0.36	0.38	
01583570	0415	19830415	20150415	21	0.29	0.24	0.05	0.91		0.05	0.09	0.10	0.10	0.12	0.14	0.15	0.16	0.16	0.18	0.18	0.22	0.33	0.33	0.40	0.50	0.57	0.77	0.90	
01583570	0416	19830416	20150416	22	0.25	0.16	0.04	0.74		0.04	0.09	0.09	0.11	0.14	0.15	0.15	0.16	0.18	0.20	0.27	0.30	0.33	0.33	0.34	0.37	0.41	0.45	0.70	
01583570	0417	19830417	20150417	22	0.23	0.14	0.03	0.55		0.04	0.08	0.09	0.11	0.14	0.15	0.16	0.16	0.17	0.18	0.22	0.26	0.28	0.29	0.34	0.37	0.38	0.46	0.54	
01583570	0418	19830418	20150418	22	0.21	0.11	0.07	0.43		0.07	0.08	0.10	0.12	0.13	0.14	0.15	0.16	0.16	0.18	0.19	0.19	0.27	0.28	0.33	0.33	0.35	0.40	0.43	
01583570	0419	19830419	20150419	22	0.22	0.12	0.06	0.49		0.06	0.07	0.09	0.11	0.13	0.13	0.14	0.15	0.17	0.18	0.22	0.27	0.31	0.31	0.33	0.34	0.35	0.36	0.47	
01583570	0420	19830420	20150420	22	0.26	0.15	0.05	0.63		0.05	0.08	0.10	0.13	0.14	0.15	0.17	0.19	0.24	0.27	0.28	0.30	0.33	0.33	0.34	0.37	0.40	0.53	0.62	
01583570	0421	19830421	20150421	22	0.23	0.11	0.05	0.40		0.05	0.08	0.10	0.13	0.13	0.14	0.14	0.16	0.19	0.23	0.28	0.30	0.30	0.32	0.33	0.33	0.35	0.36	0.39	
01583570	0422	19830422	20150422	22	0.23	0.11	0.06	0.46		0.06	0.08	0.12	0.13	0.13	0.14	0.14	0.16	0.21	0.23	0.26	0.27	0.30	0.30	0.32	0.34	0.34	0.35	0.44	
01583570	0423	19830423	20150423	22	0.22	0.11	0.04	0.47		0.04	0.06	0.11	0.12	0.12	0.14	0.16	0.17	0.20	0.22	0.24	0.25	0.25	0.26	0.32	0.34	0.35	0.36	0.46	
01583570	0424	19830424	20150424	22	0.21	0.14	0.03	0.72		0.04	0.08	0.10	0.11	0.12	0.13	0.14	0.15	0.16	0.18	0.21	0.23	0.24	0.24	0.26	0.29	0.33	0.36	0.67	
01583570	0425	19830425	20150425	22	0.21	0.13	0.04	0.57		0.05	0.09	0.09	0.10	0.12	0.12	0.13	0.14	0.14	0.17	0.18	0.19	0.23	0.23	0.29	0.32	0.34	0.45	0.56	
01583570	0426	19830426	20150426	22	0.22	0.14	0.04	0.59		0.04	0.09	0.09	0.10	0.11	0.12	0.12	0.13	0.14	0.17	0.18	0.22	0.23	0.27	0.32	0.36	0.41	0.42	0.57	
01583570	0427	19830427	20150427	22	0.20	0.12	0.03	0.49		0.04	0.08	0.09	0.10	0.11	0.11	0.13	0.13	0.14	0.17	0.20	0.23	0.23	0.25	0.30	0.31	0.34	0.38	0.48	
01583570	0428	19830428	20150428	22	0.21	0.10	0.08	0.44		0.08	0.09	0.09	0.11	0.12	0.13	0.16	0.16	0.19	0.20	0.21	0.23	0.25	0.26	0.28	0.30	0.32	0.36	0.43	
01583570	0429	19830429	20150429	22	0.19	0.11	0.07	0.43		0.07	0.08	0.09	0.09	0.10	0.10	0.12	0.12	0.13	0.17	0.19	0.19	0.23	0.24	0.29	0.31	0.35	0.39	0.43	
01583570	0430	19830430	20150430	22	0.29	0.51	0.05	2.50		0.06	0.08	0.08	0.09	0.10	0.10	0.11	0.12	0.13	0.17	0.18	0.19	0.23	0.23	0.29	0.34	0.37	0.43	2.19	
01583570	0501	19830501	20150501	22	0.23	0.22	0.05	1.10		0.05	0.08	0.08	0.08	0.10	0.10	0.11	0.12	0.13	0.16	0.17	0.22	0.23	0.28	0.32	0.33	0.35	0.36	0.99	
01583570	0502	19830502	20150502	22	0.22	0.15	0.07	0.68		0.07	0.07	0.09	0.10	0.11	0.12	0.13	0.13	0.15	0.18	0.22	0.23	0.25	0.30	0.31	0.34	0.35	0.41	0.64	
01583570	0503	19830503	20150503	22	0.23	0.15	0.05	0.58		0.05	0.07	0.08	0.09	0.10	0.10	0.12	0.14	0.17	0.20	0.23	0.25	0.29	0.33	0.33	0.35	0.37	0.45	0.57	
01583570	0504	19830504	20150504	22	0.23	0.17	0.05	0.77		0.05	0.06	0.08	0.09	0.10	0.11	0.12	0.14	0.16	0.19	0.22	0.23	0.29	0.31	0.32	0.33	0.35	0.49	0.74	
01583570	0505	19830505	20150505	22	0.20	0.13	0.05	0.50		0.05	0.06	0.07	0.09	0.10	0.10	0.12	0.12	0.15	0.17	0.20	0.21	0.23	0.28	0.31	0.32	0.33	0.43	0.50	
01583570	0506	19830506	20150506	22	0.20	0.12	0.05	0.47		0.05	0.06	0.07	0.09	0.10	0.10	0.12	0.12	0.14	0.17	0.20	0.22	0.26	0.27	0.28	0.30	0.33	0.42	0.47	
01583570	0507	19830507	20150507	22	0.20	0.12	0.05	0.44		0.05	0.06	0.07	0.09	0.10	0.10	0.12	0.13	0.16	0.18	0.21	0.21	0.26	0.27	0.29	0.32	0.36	0.42	0.44	
01583570	0508	19830508	20150508	22	0.21	0.14	0.05	0.59		0.05	0.06	0.07	0.09	0.09	0.09	0.10	0.13	0.16	0.18	0.20	0.21	0.26	0.27	0.29	0.32	0.37	0.41	0.56	
01583570	0509	19830509	20150509	22	0.20	0.11	0.05	0.47		0.05	0.06	0.07	0.08	0.09	0.10	0.12	0.19	0.20	0.21	0.22	0.22	0.22	0.25	0.28	0.29	0.32	0.39	0.46	
01583570	0510	19830510	20150510	22	0.20	0.13	0.05	0.56		0.05	0.06	0.07	0.08	0.08	0.09	0.10	0.12	0.18	0.19	0.21	0.22	0.24	0.26	0.28	0.30	0.32	0.40	0.54	
01583570	0511	19830511	20150511	22	0.21	0.12	0.05	0.46		0.06	0.07	0.08	0.09	0.10	0.10	0.14	0.17	0.17	0.19	0.22	0.25	0.29	0.29	0.31	0.34	0.35	0.39	0.45	
01583570	0512	19830512	20150512	22	0.23	0.15	0.05	0.52		0.06	0.07	0.08	0.09	0.10	0.11	0.11	0.16	0.17	0.20	0.22	0.24	0.25	0.28	0.32	0.41	0.43	0.47	0.51	
01583570	0513	19830513	20150513	22	0.21	0.12	0.05	0.43		0.05	0.07	0.08	0.08	0.10	0.10	0.13	0.14	0.17	0.18	0.19	0.23	0.25	0.28	0.31	0.38	0.39	0.40	0.43	
01583570	0514	19830514	20150514	22	0.20	0.12	0.05	0.40		0.05	0.07	0.08	0.08	0.09	0.10	0.12	0.12	0.15	0.17	0.19	0.22	0.24	0.28	0.28	0.31	0.36	0.39	0.40	
01583570	0515	19830515	20150515	22	0.20	0.12	0.05	0.40		0.05	0.07	0.08	0.09	0.09	0.10	0.11	0.12	0.15	0.18	0.21	0.24	0.26	0.28	0.29	0.33	0.38	0.38	0.40	
01583570	0516	19830516	20150516	22	0.27	0.26	0.05	1.20		0.05	0.07	0.08	0.09	0.10	0.12	0.12	0.15	0.17	0.18	0.22	0.24	0.25	0.28	0.31	0.36	0.47	0.64	1.12	
01583570	0517	19830517	20150517	22	0.21	0.13	0.05	0.57		0.05	0.06	0.07	0.08	0.10	0.10	0.12	0.14	0.17	0.20	0.25	0.26	0.28	0.29	0.29	0.31	0.36	0.38	0.54	
01583570	0518	19830518	20150518	22	0.22	0.12	0.06	0.46		0.06	0.06	0.08	0.11	0.13	0.13	0.14	0.14	0.16	0.20	0.22	0.25	0.26	0.29	0.30	0.34	0.36	0.40	0.45	
01583570	0519	19830519	20150519	22	0.21	0.12	0.05	0.42		0.05	0.06	0.06	0.08	0.11	0.11	0.13	0.13	0.17	0.20	0.23	0.26	0.27	0.28	0.30	0.33	0.35	0.37	0.41	
01583570	0520	19830520	20150520	22	0.19	0.12	0.05	0.45		0.05	0.06	0.07	0.09	0.10	0.11	0.13	0.13	0.13	0.15	0.18	0.18	0.25	0.25	0.28	0.31	0.34	0.39	0.44	
01583570	0521	19830521	20150521	22	0.20	0.12	0.05	0.52		0.05	0.06	0.07	0.09	0.10	0.13	0.13	0.13	0.15	0.17	0.19	0.19	0.25	0.28	0.29	0.30	0.33	0.40	0.51	
01583570	0522	19830522	20150522	22	0.20	0.13	0.04	0.57		0.05	0.06	0.07	0.09	0.10	0.12	0.12	0.13	0.13	0.16	0.18	0.23	0.26	0.27	0.27	0.30	0.35	0.41	0.55	
01583570	0523	19830523	20150523	22	0.22	0.13	0.04	0.50		0.04	0.05	0.07	0.09	0.12	0.13	0.13	0.18	0.18	0.20	0.24	0.27	0.29	0.29	0.31	0.35	0.39	0.43	0.49	
01583570	0524	19830524	20150524	22	0.20	0.11	0.04	0.40		0.04	0.05	0.07	0.08	0.11	0.13	0.13	0.14	0.17	0.20	0.22	0.26	0.28	0.28	0.28	0.29	0.34	0.38	0.40	
01583570	0525	19830525	20150525	22	0.19	0.10	0.03	0.38		0.04	0.05	0.06	0.07	0.10	0.12	0.13	0.13	0.16	0.18	0.20	0.22	0.23	0.26	0.27	0.28	0.31	0.35	0.38	
01583570	0526	19830526	20150526	22	0.19	0.12	0.04	0.43		0.04	0.05	0.06	0.07	0.09	0.11	0.11	0.12	0.16	0.18	0.21	0.23	0.25	0.25	0.27	0.30	0.34	0.41	0.43	
01583570	0527	19830527	20150527	22	0.19	0.12	0.05	0.54		0.05	0.06	0.06	0.08	0.09	0.10	0.10	0.11	0.15	0.17	0.18	0.22	0.24	0.25	0.25	0.26	0.30	0.34	0.51	
01583570	0528	19830528	20150528	22	0.18	0.11	0.05	0.44		0.05	0.05	0.06	0.06	0.08	0.10	0.10	0.12	0.14	0.15	0.17	0.21	0.23	0.24	0.27	0.31	0.33	0.33	0.42	
01583570	0529	19830529	20150529	22	0.19	0.12	0.04	0.47		0.04	0.05	0.06	0.06	0.07	0.09	0.12	0.12	0.15	0.17	0.19	0.21	0.21	0.23	0.25	0.26	0.33	0.43	0.47	
01583570	0530	19830530	20150530	22	0.17	0.12	0.04	0.42		0.04	0.04	0.05	0.06	0.07	0.09	0.10	0.11	0.15	0.17	0.17	0.19	0.20	0.21	0.23	0.26	0.34	0.40	0.42	
01583570	0531	19830531	20150531	22	0.16	0.10	0.04	0.38		0.04	0.05	0.05	0.06	0.07	0.09	0.10	0.13	0.13	0.14	0.15	0.18	0.21	0.22	0.22	0.24	0.30	0.34	0.38	
01583570	0601	19830601	20150601	22	0.18	0.11	0.03	0.37		0.03	0.04	0.05	0.06	0.08	0.11	0.11	0.14	0.16	0.17	0.18	0.21	0.23	0.23	0.28	0.32	0.33	0.34	0.37	
01583570	0602	19830602	20150602	22	0.16	0.09	0.03	0.34		0.03	0.04	0.06	0.06	0.08	0.10	0.11	0.13	0.15	0.16	0.16	0.17	0.20	0.21	0.23	0.26	0.30	0.32	0.34	
01583570	0603	19830603	20150603	22	0.16	0.10	0.03	0.35		0.03	0.04	0.05	0.06	0.07	0.11	0.11	0.13	0.15	0.15	0.17	0.19	0.21	0.21	0.23	0.26	0.30	0.32	0.35	
01583570	0604	19830604	20150604	22	0.17	0.11	0.03	0.40		0.03	0.05	0.06	0.06	0.07	0.10	0.11	0.11	0.12	0.14	0.17	0.20	0.21	0.22	0.24	0.27	0.32	0.33	0.39	
01583570	0605	19830605	20150605	22	0.19	0.13	0.03	0.49		0.03	0.05	0.05	0.05	0.06	0.10	0.12	0.12	0.13	0.17	0.20	0.23	0.25	0.25	0.29	0.29	0.30	0.36	0.47	
01583570	0606	19830606	20150606	22	0.16	0.10	0.04	0.34		0.04	0.05	0.05	0.05	0.06	0.09	0.10	0.10	0.13	0.15	0.17	0.17	0.21	0.22	0.26	0.28	0.29	0.30	0.33	
01583570	0607	19830607	20150607	22	0.18	0.13	0.03	0.54		0.04	0.04	0.05	0.05	0.05	0.08	0.09	0.12	0.14	0.16	0.18	0.21	0.24	0.24	0.26	0.28	0.31	0.34	0.51	
01583570	0608	19830608	20150608	22	0.16	0.10	0.02	0.32		0.03	0.04	0.05	0.05	0.05	0.10	0.11	0.12	0.13	0.16	0.18	0.21	0.22	0.22	0.25	0.26	0.27	0.31	0.32	
01583570	0609	19830609	20150609	22	0.17	0.10	0.02	0.35		0.02	0.04	0.04	0.05	0.06	0.09	0.09	0.13	0.16	0.16	0.17	0.20	0.23	0.25	0.25	0.27	0.29	0.31	0.35	
01583570	0610	19830610	20150610	22	0.17	0.12	0.02	0.46		0.02	0.04	0.04	0.05	0.06	0.08	0.09	0.12	0.13	0.16	0.20	0.23	0.25	0.25	0.25	0.25	0.26	0.35	0.45	
01583570	0611	19830611	20150611	22	0.16	0.11	0.02	0.40		0.02	0.04	0.04	0.05	0.05	0.07	0.09	0.10	0.13	0.15	0.18	0.20	0.21	0.23	0.24	0.25	0.27	0.34	0.39	
01583570	0612	19830612	20150612	22	0.17	0.10	0.02	0.39		0.02	0.05	0.05	0.06	0.07	0.10	0.10	0.15	0.16	0.18	0.19	0.21	0.24	0.24	0.24	0.25	0.28	0.34	0.39	
01583570	0613	19830613	20150613	22	0.19	0.14	0.04	0.55		0.04	0.05	0.06	0.06	0.06	0.07	0.10	0.13	0.16	0.17	0.19	0.19	0.21	0.21	0.23	0.28	0.40	0.46	0.54	
01583570	0614	19830614	20150614	22	0.17	0.12	0.04	0.42		0.04	0.05	0.05	0.06	0.07	0.09	0.10	0.11	0.15	0.16	0.17	0.18	0.18	0.18	0.24	0.30	0.33	0.38	0.42	
01583570	0615	19830615	20150615	22	0.16	0.09	0.04	0.32		0.04	0.04	0.05	0.05	0.07	0.08	0.08	0.14	0.16	0.17	0.17	0.18	0.19	0.23	0.23	0.26	0.28	0.29	0.32	
01583570	0616	19830616	20150616	22	0.16	0.09	0.03	0.30		0.03	0.04	0.05	0.06	0.06	0.10	0.10	0.13	0.15	0.17	0.17	0.19	0.19	0.22	0.23	0.26	0.28	0.28	0.30	
01583570	0617	19830617	20150617	22	0.15	0.08	0.02	0.27		0.02	0.04	0.06	0.07	0.08	0.11	0.13	0.13	0.14	0.14	0.15	0.17	0.17	0.22	0.22	0.23	0.25	0.26	0.27	
01583570	0618	19830618	20150618	22	0.16	0.09	0.02	0.28		0.02	0.03	0.05	0.06	0.07	0.10	0.12	0.13	0.14	0.14	0.16	0.20	0.21	0.21	0.23	0.25	0.27	0.28	0.28	
01583570	0619	19830619	20150619	22	0.16	0.12	0.02	0.38		0.02	0.03	0.04	0.05	0.06	0.08	0.09	0.10	0.13	0.14	0.14	0.15	0.16	0.20	0.25	0.28	0.34	0.38	0.38	
01583570	0620	19830620	20150620	22	0.18	0.16	0.02	0.61		0.02	0.04	0.05	0.06	0.06	0.07	0.13	0.13	0.14	0.14	0.14	0.16	0.19	0.24	0.25	0.26	0.28	0.50	0.61	
01583570	0621	19830621	20150621	22	0.16	0.11	0.02	0.41		0.02	0.03	0.04	0.05	0.06	0.06	0.12	0.13	0.13	0.14	0.15	0.18	0.19	0.20	0.22	0.23	0.26	0.36	0.41	
01583570	0622	19830622	20150622	22	0.15	0.09	0.02	0.32		0.02	0.03	0.04	0.06	0.08	0.09	0.09	0.10	0.12	0.14	0.16	0.18	0.19	0.20	0.21	0.21	0.24	0.27	0.31	
01583570	0623	19830623	20150623	22	0.17	0.14	0.02	0.71		0.02	0.02	0.04	0.06	0.08	0.12	0.12	0.14	0.14	0.15	0.17	0.19	0.20	0.21	0.21	0.22	0.25	0.26	0.64	
01583570	0624	19830624	20150624	22	0.14	0.07	0.01	0.25		0.01	0.04	0.04	0.05	0.07	0.10	0.11	0.12	0.14	0.14	0.14	0.17	0.18	0.19	0.20	0.22	0.24	0.24	0.25	
01583570	0625	19830625	20150625	22	0.15	0.11	0.01	0.46		0.01	0.02	0.04	0.05	0.06	0.07	0.10	0.12	0.13	0.15	0.17	0.18	0.18	0.19	0.20	0.22	0.24	0.28	0.44	
01583570	0626	19830626	20150626	22	0.15	0.11	0.01	0.47		0.01	0.02	0.04	0.05	0.06	0.06	0.10	0.12	0.12	0.14	0.17	0.17	0.18	0.19	0.22	0.22	0.23	0.26	0.44	
01583570	0627	19830627	20150627	22	0.15	0.11	0.01	0.50		0.01	0.02	0.04	0.05	0.05	0.06	0.09	0.10	0.12	0.14	0.16	0.18	0.19	0.20	0.21	0.22	0.23	0.28	0.47	
01583570	0628	19830628	20150628	22	0.13	0.08	0.01	0.28		0.01	0.02	0.04	0.05	0.06	0.07	0.07	0.10	0.11	0.13	0.15	0.17	0.19	0.19	0.20	0.21	0.23	0.27	0.28	
01583570	0629	19830629	20150629	22	0.13	0.08	0.01	0.29		0.01	0.02	0.04	0.05	0.05	0.07	0.09	0.10	0.12	0.12	0.14	0.16	0.18	0.19	0.19	0.20	0.21	0.24	0.29	
01583570	0630	19830630	20150630	22	0.12	0.07	0.01	0.23		0.01	0.02	0.04	0.05	0.05	0.07	0.08	0.09	0.10	0.12	0.14	0.17	0.17	0.17	0.18	0.20	0.21	0.22	0.23	
01583570	0701	19830701	20150701	22	0.19	0.36	0.01	1.80		0.01	0.02	0.04	0.05	0.06	0.07	0.10	0.10	0.10	0.11	0.12	0.16	0.17	0.18	0.18	0.19	0.21	0.22	1.56	
01583570	0702	19830702	20150702	22	0.13	0.08	0.01	0.35		0.01	0.03	0.04	0.05	0.06	0.07	0.09	0.10	0.10	0.10	0.12	0.15	0.17	0.17	0.17	0.19	0.21	0.25	0.34	
01583570	0703	19830703	20150703	22	0.15	0.13	0.01	0.54		0.01	0.02	0.04	0.05	0.05	0.06	0.09	0.09	0.11	0.12	0.13	0.15	0.17	0.17	0.19	0.20	0.25	0.39	0.52	
01583570	0704	19830704	20150704	22	0.12	0.09	0.01	0.30		0.01	0.02	0.03	0.05	0.05	0.06	0.06	0.08	0.09	0.10	0.14	0.16	0.17	0.17	0.20	0.22	0.23	0.24	0.29	
01583570	0705	19830705	20150705	22	0.13	0.09	0.00	0.29		0.00	0.02	0.03	0.05	0.06	0.06	0.08	0.08	0.09	0.10	0.13	0.16	0.17	0.17	0.19	0.23	0.26	0.27	0.29	
01583570	0706	19830706	20150706	22	0.13	0.09	0.00	0.30		0.00	0.02	0.04	0.05	0.06	0.06	0.07	0.08	0.09	0.10	0.13	0.15	0.16	0.16	0.19	0.24	0.27	0.29	0.30	
01583570	0707	19830707	20150707	22	0.14	0.16	0.00	0.76		0.00	0.01	0.04	0.05	0.05	0.05	0.06	0.08	0.09	0.11	0.13	0.14	0.15	0.16	0.16	0.18	0.23	0.31	0.70	
01583570	0708	19830708	20150708	22	0.14	0.12	0.00	0.44		0.00	0.01	0.03	0.05	0.05	0.05	0.06	0.08	0.09	0.11	0.12	0.14	0.14	0.16	0.20	0.23	0.28	0.34	0.43	
01583570	0709	19830709	20150709	22	0.12	0.08	0.00	0.25		0.00	0.02	0.03	0.04	0.05	0.06	0.06	0.07	0.09	0.10	0.11	0.13	0.15	0.15	0.19	0.22	0.24	0.25	0.25	
01583570	0710	19830710	20150710	22	0.12	0.08	0.01	0.27		0.01	0.01	0.03	0.04	0.05	0.06	0.06	0.08	0.09	0.12	0.13	0.14	0.15	0.15	0.18	0.19	0.21	0.23	0.26	
01583570	0711	19830711	20150711	22	0.11	0.08	0.00	0.27		0.00	0.01	0.03	0.04	0.04	0.05	0.06	0.07	0.08	0.08	0.11	0.14	0.14	0.14	0.17	0.17	0.20	0.23	0.26	
01583570	0712	19830712	20150712	22	0.12	0.09	0.00	0.31		0.00	0.01	0.03	0.04	0.04	0.04	0.06	0.07	0.08	0.08	0.11	0.14	0.16	0.16	0.18	0.23	0.26	0.27	0.31	
01583570	0713	19830713	20150713	22	0.13	0.09	0.00	0.35		0.00	0.01	0.03	0.04	0.04	0.05	0.06	0.07	0.11	0.15	0.15	0.16	0.17	0.18	0.18	0.21	0.24	0.25	0.34	
01583570	0714	19830714	20150714	22	0.15	0.14	0.00	0.58		0.00	0.02	0.03	0.04	0.05	0.06	0.06	0.08	0.09	0.12	0.15	0.15	0.18	0.18	0.20	0.22	0.24	0.38	0.56	
01583570	0715	19830715	20150715	22	0.12	0.09	0.00	0.26		0.00	0.01	0.02	0.03	0.05	0.05	0.06	0.06	0.08	0.11	0.15	0.16	0.16	0.19	0.21	0.22	0.22	0.25	0.26	
01583570	0716	19830716	20150716	22	0.11	0.07	0.00	0.22		0.00	0.01	0.02	0.03	0.04	0.05	0.06	0.07	0.08	0.11	0.14	0.14	0.15	0.15	0.18	0.18	0.19	0.19	0.22	
01583570	0717	19830717	20150717	22	0.10	0.07	0.00	0.21		0.00	0.01	0.02	0.03	0.04	0.05	0.05	0.06	0.07	0.10	0.13	0.14	0.14	0.15	0.15	0.16	0.17	0.18	0.21	
01583570	0718	19830718	20150718	22	0.10	0.07	0.00	0.23		0.00	0.01	0.02	0.03	0.03	0.05	0.05	0.06	0.07	0.10	0.12	0.13	0.14	0.14	0.15	0.15	0.17	0.20	0.23	
01583570	0719	19830719	20150719	22	0.10	0.07	0.00	0.22		0.00	0.01	0.02	0.03	0.03	0.04	0.05	0.06	0.09	0.12	0.12	0.14	0.14	0.14	0.15	0.16	0.18	0.19	0.22	
01583570	0720	19830720	20150720	22	0.10	0.06	0.01	0.20		0.01	0.01	0.02	0.03	0.05	0.05	0.06	0.08	0.11	0.12	0.13	0.14	0.14	0.14	0.14	0.14	0.16	0.17	0.20	
01583570	0721	19830721	20150721	22	0.10	0.07	0.01	0.28		0.01	0.01	0.03	0.03	0.03	0.05	0.05	0.07	0.08	0.11	0.12	0.12	0.14	0.14	0.14	0.14	0.16	0.19	0.27	
01583570	0722	19830722	20150722	22	0.11	0.07	0.01	0.28		0.01	0.01	0.03	0.03	0.05	0.06	0.08	0.10	0.10	0.10	0.12	0.14	0.14	0.14	0.15	0.16	0.18	0.21	0.27	
01583570	0723	19830723	20150723	22	0.12	0.10	0.00	0.40		0.00	0.02	0.04	0.05	0.05	0.06	0.09	0.10	0.10	0.10	0.12	0.13	0.14	0.14	0.15	0.17	0.19	0.30	0.39	
01583570	0724	19830724	20150724	22	0.11	0.07	0.01	0.27		0.01	0.02	0.04	0.04	0.05	0.05	0.08	0.10	0.10	0.10	0.11	0.13	0.14	0.14	0.14	0.16	0.18	0.23	0.27	
01583570	0725	19830725	20150725	22	0.10	0.06	0.01	0.22		0.01	0.02	0.04	0.05	0.06	0.08	0.08	0.08	0.10	0.10	0.11	0.11	0.12	0.13	0.13	0.15	0.17	0.18	0.22	
01583570	0726	19830726	20150726	22	0.11	0.07	0.02	0.25		0.02	0.02	0.03	0.03	0.05	0.06	0.08	0.08	0.10	0.11	0.12	0.13	0.13	0.13	0.16	0.19	0.21	0.22	0.25	
01583570	0727	19830727	20150727	22	0.12	0.08	0.01	0.24		0.01	0.01	0.02	0.03	0.05	0.06	0.07	0.09	0.11	0.12	0.13	0.13	0.15	0.16	0.17	0.21	0.22	0.23	0.24	
01583570	0728	19830728	20150728	22	0.10	0.06	0.01	0.26		0.01	0.02	0.03	0.03	0.04	0.06	0.06	0.08	0.10	0.12	0.13	0.13	0.13	0.14	0.14	0.15	0.16	0.18	0.25	
01583570	0729	19830729	20150729	22	0.10	0.06	0.01	0.23		0.01	0.02	0.03	0.05	0.05	0.05	0.07	0.07	0.10	0.12	0.12	0.12	0.13	0.13	0.13	0.15	0.16	0.18	0.22	
01583570	0730	19830730	20150730	22	0.09	0.06	0.01	0.20		0.01	0.01	0.03	0.03	0.04	0.05	0.07	0.07	0.10	0.11	0.12	0.12	0.12	0.13	0.13	0.13	0.15	0.17	0.20	
01583570	0731	19830731	20150731	22	0.09	0.06	0.00	0.20		0.00	0.01	0.03	0.03	0.05	0.06	0.06	0.07	0.10	0.11	0.11	0.12	0.12	0.12	0.12	0.14	0.17	0.19	0.20	
01583570	0801	19830801	20150801	22	0.09	0.06	0.00	0.21		0.00	0.01	0.03	0.04	0.05	0.06	0.06	0.07	0.10	0.11	0.11	0.12	0.12	0.12	0.13	0.13	0.15	0.18	0.21	
01583570	0802	19830802	20150802	22	0.09	0.05	0.00	0.19		0.00	0.01	0.03	0.04	0.04	0.05	0.05	0.06	0.09	0.10	0.11	0.11	0.12	0.12	0.13	0.13	0.14	0.15	0.19	
01583570	0803	19830803	20150803	22	0.10	0.06	0.01	0.24		0.01	0.02	0.03	0.04	0.05	0.05	0.06	0.06	0.09	0.09	0.10	0.11	0.12	0.12	0.12	0.14	0.18	0.21	0.24	
01583570	0804	19830804	20150804	22	0.10	0.06	0.00	0.21		0.00	0.01	0.02	0.04	0.05	0.05	0.06	0.08	0.10	0.10	0.10	0.11	0.12	0.14	0.14	0.15	0.16	0.19	0.21	
01583570	0805	19830805	20150805	22	0.09	0.07	0.00	0.24		0.00	0.01	0.02	0.03	0.04	0.05	0.05	0.06	0.08	0.10	0.10	0.11	0.11	0.12	0.12	0.14	0.16	0.21	0.24	
01583570	0806	19830806	20150806	22	0.09	0.06	0.00	0.22		0.00	0.00	0.02	0.04	0.04	0.05	0.06	0.07	0.08	0.09	0.10	0.10	0.11	0.12	0.13	0.14	0.16	0.17	0.21	
01583570	0807	19830807	20150807	22	0.09	0.05	0.00	0.19		0.00	0.00	0.02	0.04	0.05	0.05	0.05	0.06	0.08	0.10	0.10	0.11	0.11	0.12	0.13	0.14	0.15	0.16	0.19	
01583570	0808	19830808	20150808	22	0.09	0.07	0.00	0.30		0.00	0.00	0.02	0.04	0.04	0.05	0.06	0.08	0.09	0.10	0.10	0.10	0.11	0.11	0.12	0.12	0.14	0.18	0.28	
01583570	0809	19830809	20150809	22	0.09	0.06	0.00	0.23		0.00	0.00	0.02	0.04	0.04	0.05	0.06	0.07	0.09	0.10	0.10	0.10	0.11	0.11	0.12	0.13	0.15	0.18	0.22	
01583570	0810	19830810	20150810	22	0.11	0.11	0.00	0.50		0.00	0.00	0.02	0.04	0.04	0.05	0.06	0.07	0.08	0.09	0.10	0.10	0.10	0.11	0.13	0.17	0.20	0.21	0.46	
01583570	0811	19830811	20150811	22	0.11	0.09	0.00	0.30		0.00	0.00	0.02	0.04	0.05	0.05	0.06	0.07	0.09	0.09	0.10	0.12	0.12	0.16	0.18	0.19	0.21	0.26	0.30	
01583570	0812	19830812	20150812	22	0.12	0.11	0.00	0.48		0.00	0.00	0.01	0.02	0.04	0.06	0.06	0.08	0.09	0.09	0.10	0.11	0.13	0.14	0.18	0.20	0.20	0.24	0.45	
01583570	0813	19830813	20150813	22	0.11	0.07	0.00	0.21		0.00	0.00	0.01	0.02	0.03	0.06	0.08	0.08	0.08	0.10	0.12	0.13	0.14	0.17	0.18	0.18	0.20	0.21	0.21	
01583570	0814	19830814	20150814	22	0.12	0.09	0.00	0.35		0.00	0.00	0.01	0.03	0.06	0.07	0.08	0.09	0.10	0.12	0.12	0.12	0.13	0.14	0.14	0.17	0.21	0.27	0.34	
01583570	0815	19830815	20150815	22	0.09	0.06	0.00	0.19		0.00	0.00	0.01	0.03	0.05	0.06	0.07	0.08	0.08	0.09	0.10	0.11	0.11	0.13	0.14	0.16	0.17	0.18	0.19	
01583570	0816	19830816	20150816	22	0.09	0.06	0.00	0.28		0.00	0.00	0.01	0.04	0.06	0.06	0.06	0.07	0.08	0.09	0.10	0.10	0.11	0.11	0.12	0.12	0.14	0.15	0.26	
01583570	0817	19830817	20150817	22	0.09	0.09	0.00	0.42		0.00	0.01	0.02	0.03	0.04	0.06	0.06	0.07	0.08	0.08	0.09	0.10	0.10	0.10	0.12	0.13	0.14	0.15	0.38	
01583570	0818	19830818	20150818	22	0.08	0.05	0.00	0.20		0.00	0.00	0.01	0.03	0.05	0.05	0.06	0.07	0.08	0.08	0.09	0.10	0.10	0.11	0.12	0.12	0.13	0.14	0.19	
01583570	0819	19830819	20150819	22	0.08	0.05	0.00	0.16		0.00	0.00	0.01	0.04	0.04	0.06	0.07	0.07	0.08	0.08	0.09	0.09	0.10	0.10	0.11	0.12	0.13	0.14	0.16	
01583570	0820	19830820	20150820	22	0.13	0.17	0.00	0.85		0.00	0.00	0.02	0.05	0.06	0.07	0.08	0.08	0.09	0.10	0.11	0.12	0.12	0.13	0.14	0.16	0.17	0.25	0.77	
01583570	0821	19830821	20150821	22	0.10	0.06	0.00	0.23		0.00	0.02	0.05	0.06	0.06	0.08	0.09	0.09	0.10	0.10	0.11	0.12	0.12	0.12	0.12	0.14	0.16	0.20	0.23	
01583570	0822	19830822	20150822	22	0.09	0.05	0.00	0.17		0.00	0.01	0.03	0.04	0.05	0.06	0.08	0.09	0.09	0.10	0.10	0.11	0.11	0.11	0.12	0.12	0.15	0.16	0.17	
01583570	0823	19830823	20150823	22	0.08	0.05	0.00	0.16		0.00	0.00	0.02	0.03	0.05	0.07	0.07	0.07	0.09	0.09	0.10	0.10	0.10	0.11	0.12	0.12	0.14	0.15	0.16	
01583570	0824	19830824	20150824	22	0.10	0.08	0.00	0.42		0.00	0.01	0.03	0.04	0.07	0.07	0.08	0.08	0.08	0.09	0.09	0.10	0.11	0.11	0.12	0.13	0.14	0.15	0.38	
01583570	0825	19830825	20150825	22	0.08	0.05	0.00	0.19		0.00	0.00	0.02	0.04	0.06	0.07	0.08	0.08	0.08	0.08	0.09	0.09	0.09	0.11	0.12	0.12	0.13	0.14	0.18	
01583570	0826	19830826	20150826	22	0.13	0.19	0.00	0.90		0.00	0.00	0.02	0.04	0.06	0.06	0.06	0.07	0.08	0.09	0.09	0.10	0.11	0.11	0.12	0.13	0.15	0.32	0.82	
01583570	0827	19830827	20150827	22	0.10	0.06	0.00	0.23		0.00	0.00	0.02	0.06	0.07	0.08	0.09	0.09	0.10	0.10	0.11	0.11	0.11	0.12	0.12	0.12	0.15	0.18	0.22	
01583570	0828	19830828	20150828	22	0.12	0.12	0.01	0.48		0.01	0.04	0.05	0.06	0.06	0.06	0.07	0.08	0.09	0.10	0.10	0.10	0.11	0.12	0.13	0.14	0.16	0.38	0.48	
01583570	0829	19830829	20150829	22	0.09	0.04	0.02	0.18		0.02	0.04	0.05	0.06	0.07	0.07	0.08	0.08	0.09	0.10	0.10	0.10	0.10	0.11	0.12	0.12	0.14	0.15	0.18	
01583570	0830	19830830	20150830	22	0.09	0.04	0.01	0.17		0.01	0.02	0.03	0.05	0.06	0.07	0.08	0.08	0.09	0.09	0.10	0.10	0.10	0.10	0.11	0.12	0.13	0.14	0.17	
01583570	0831	19830831	20150831	22	0.08	0.04	0.00	0.14		0.00	0.01	0.03	0.05	0.06	0.07	0.08	0.08	0.09	0.09	0.10	0.10	0.10	0.10	0.10	0.10	0.11	0.12	0.14	
01583570	0901	19830901	20150901	22	0.09	0.04	0.01	0.17		0.01	0.02	0.04	0.05	0.07	0.08	0.08	0.08	0.08	0.09	0.09	0.10	0.10	0.10	0.11	0.11	0.12	0.13	0.17	
01583570	0902	19830902	20150902	22	0.11	0.08	0.01	0.29		0.02	0.04	0.04	0.05	0.06	0.06	0.08	0.08	0.08	0.09	0.09	0.10	0.10	0.10	0.10	0.14	0.22	0.28	0.29	
01583570	0903	19830903	20150903	22	0.10	0.06	0.01	0.29		0.01	0.03	0.04	0.04	0.05	0.06	0.07	0.08	0.08	0.09	0.09	0.10	0.10	0.10	0.11	0.13	0.16	0.19	0.28	
01583570	0904	19830904	20150904	22	0.10	0.09	0.01	0.40		0.01	0.02	0.03	0.04	0.05	0.05	0.07	0.08	0.08	0.09	0.09	0.09	0.09	0.10	0.10	0.11	0.16	0.21	0.37	
01583570	0905	19830905	20150905	22	0.09	0.06	0.00	0.24		0.00	0.01	0.03	0.04	0.05	0.06	0.06	0.08	0.08	0.09	0.09	0.09	0.09	0.09	0.11	0.14	0.16	0.18	0.23	
01583570	0906	19830906	20150906	22	0.10	0.07	0.00	0.31		0.01	0.02	0.03	0.05	0.06	0.07	0.07	0.08	0.09	0.09	0.09	0.09	0.09	0.10	0.11	0.13	0.15	0.22	0.30	
01583570	0907	19830907	20150907	22	0.16	0.41	0.01	2.00		0.01	0.02	0.03	0.04	0.05	0.06	0.07	0.07	0.08	0.08	0.09	0.09	0.09	0.09	0.09	0.11	0.13	0.14	1.72	
01583570	0908	19830908	20150908	22	0.14	0.29	0.00	1.40		0.01	0.02	0.03	0.04	0.05	0.06	0.07	0.07	0.08	0.08	0.09	0.09	0.09	0.09	0.10	0.11	0.14	0.20	1.22	
01583570	0909	19830909	20150909	22	0.12	0.19	0.01	0.95		0.01	0.03	0.04	0.05	0.05	0.06	0.07	0.08	0.08	0.08	0.09	0.09	0.09	0.09	0.10	0.12	0.14	0.16	0.83	
01583570	0910	19830910	20150910	22	0.11	0.13	0.00	0.64		0.01	0.02	0.04	0.05	0.05	0.05	0.06	0.07	0.07	0.08	0.08	0.09	0.09	0.10	0.10	0.12	0.14	0.18	0.57	
01583570	0911	19830911	20150911	22	0.12	0.18	0.00	0.79		0.00	0.01	0.03	0.04	0.04	0.05	0.06	0.07	0.08	0.09	0.09	0.10	0.10	0.11	0.11	0.11	0.13	0.37	0.74	
01583570	0912	19830912	20150912	22	0.11	0.09	0.00	0.36		0.00	0.01	0.03	0.04	0.06	0.06	0.07	0.09	0.09	0.09	0.09	0.10	0.10	0.12	0.17	0.19	0.23	0.26	0.35	
01583570	0913	19830913	20150913	22	0.10	0.07	0.00	0.28		0.00	0.01	0.03	0.04	0.06	0.07	0.09	0.09	0.09	0.09	0.09	0.09	0.10	0.12	0.12	0.13	0.16	0.21	0.27	
01583570	0914	19830914	20150914	22	0.09	0.06	0.00	0.21		0.00	0.01	0.02	0.04	0.05	0.06	0.07	0.08	0.09	0.09	0.09	0.09	0.10	0.11	0.12	0.14	0.16	0.18	0.21	
01583570	0915	19830915	20150915	22	0.09	0.05	0.00	0.17		0.00	0.01	0.03	0.04	0.06	0.07	0.07	0.08	0.09	0.09	0.10	0.10	0.10	0.11	0.12	0.13	0.14	0.15	0.17	
01583570	0916	19830916	20150916	22	0.13	0.22	0.00	1.10		0.00	0.01	0.03	0.04	0.06	0.06	0.07	0.08	0.08	0.09	0.09	0.10	0.10	0.11	0.12	0.13	0.15	0.17	0.96	
01583570	0917	19830917	20150917	22	0.09	0.05	0.00	0.21		0.00	0.01	0.03	0.04	0.06	0.07	0.07	0.07	0.08	0.09	0.09	0.10	0.10	0.12	0.12	0.14	0.14	0.18	0.21	
01583570	0918	19830918	20150918	22	0.11	0.10	0.00	0.47		0.00	0.01	0.02	0.04	0.06	0.06	0.07	0.07	0.09	0.09	0.09	0.10	0.10	0.12	0.12	0.13	0.19	0.24	0.44	
01583570	0919	19830919	20150919	22	0.09	0.07	0.00	0.36		0.00	0.01	0.02	0.04	0.06	0.06	0.07	0.08	0.09	0.09	0.10	0.10	0.11	0.11	0.11	0.12	0.14	0.14	0.33	
01583570	0920	19830920	20150920	22	0.08	0.04	0.00	0.19		0.00	0.01	0.03	0.04	0.05	0.06	0.07	0.08	0.09	0.09	0.09	0.09	0.09	0.10	0.10	0.10	0.12	0.13	0.18	
01583570	0921	19830921	20150921	22	0.09	0.04	0.00	0.18		0.00	0.01	0.03	0.05	0.06	0.07	0.07	0.08	0.09	0.09	0.09	0.10	0.10	0.10	0.10	0.12	0.14	0.15	0.18	
01583570	0922	19830922	20150922	22	0.09	0.05	0.00	0.24		0.00	0.01	0.03	0.05	0.06	0.07	0.08	0.09	0.09	0.09	0.10	0.10	0.10	0.11	0.11	0.11	0.12	0.12	0.22	
01583570	0923	19830923	20150923	22	0.11	0.12	0.00	0.59		0.00	0.02	0.03	0.04	0.06	0.07	0.07	0.08	0.08	0.08	0.09	0.09	0.09	0.09	0.10	0.11	0.12	0.26	0.55	
01583570	0924	19830924	20150924	22	0.09	0.05	0.00	0.24		0.00	0.01	0.04	0.06	0.07	0.07	0.07	0.08	0.08	0.08	0.09	0.09	0.09	0.10	0.10	0.12	0.12	0.17	0.23	
01583570	0925	19830925	20150925	22	0.10	0.08	0.00	0.38		0.00	0.01	0.04	0.06	0.07	0.07	0.07	0.07	0.08	0.09	0.09	0.09	0.11	0.11	0.12	0.13	0.18	0.22	0.36	
01583570	0926	19830926	20150926	22	0.10	0.05	0.00	0.21		0.01	0.05	0.06	0.06	0.06	0.07	0.07	0.08	0.08	0.08	0.09	0.11	0.11	0.11	0.12	0.12	0.14	0.18	0.21	
01583570	0927	19830927	20150927	22	0.22	0.42	0.00	2.00		0.01	0.05	0.06	0.06	0.07	0.08	0.08	0.08	0.09	0.10	0.11	0.12	0.12	0.15	0.18	0.21	0.24	0.50	1.79	
01583570	0928	19830928	20150928	22	0.14	0.16	0.00	0.78		0.01	0.05	0.06	0.06	0.06	0.07	0.07	0.08	0.09	0.09	0.10	0.10	0.11	0.14	0.16	0.17	0.20	0.31	0.72	
01583570	0929	19830929	20150929	22	0.11	0.10	0.00	0.50		0.01	0.04	0.05	0.05	0.06	0.07	0.07	0.08	0.08	0.10	0.10	0.10	0.11	0.12	0.14	0.15	0.17	0.21	0.46	
01583570	0930	19830930	20150930	22	0.13	0.16	0.00	0.79		0.00	0.03	0.04	0.05	0.06	0.06	0.07	0.07	0.09	0.10	0.10	0.11	0.14	0.15	0.15	0.16	0.20	0.23	0.71	
01583570	1001	19831001	20151001	21	0.11	0.07	0.03	0.29		0.03	0.04	0.05	0.05	0.06	0.07	0.07	0.08	0.09	0.10	0.10	0.11	0.12	0.13	0.14	0.14	0.19	0.27	0.29	
01583570	1002	19831002	20151002	21	0.12	0.10	0.03	0.40		0.03	0.04	0.05	0.05	0.06	0.07	0.08	0.09	0.09	0.10	0.10	0.10	0.11	0.13	0.14	0.15	0.21	0.34	0.40	
01583570	1003	19831003	20151003	21	0.10	0.06	0.03	0.27		0.03	0.04	0.05	0.06	0.06	0.07	0.08	0.09	0.09	0.10	0.10	0.11	0.11	0.11	0.12	0.13	0.17	0.19	0.26	
01583570	1004	19831004	20151004	21	0.10	0.04	0.03	0.17		0.03	0.04	0.06	0.06	0.07	0.08	0.08	0.09	0.09	0.09	0.10	0.10	0.11	0.12	0.13	0.15	0.16	0.17	0.17	
01583570	1005	19831005	20151005	21	0.08	0.03	0.03	0.14		0.03	0.04	0.05	0.06	0.06	0.06	0.07	0.08	0.09	0.09	0.09	0.09	0.09	0.10	0.10	0.10	0.11	0.13	0.14	
01583570	1006	19831006	20151006	21	0.08	0.04	0.02	0.21		0.02	0.04	0.05	0.05	0.06	0.06	0.06	0.07	0.07	0.08	0.09	0.09	0.09	0.09	0.09	0.10	0.10	0.12	0.20	
01583570	1007	19831007	20151007	21	0.10	0.08	0.02	0.35		0.02	0.04	0.05	0.06	0.06	0.07	0.07	0.07	0.08	0.08	0.09	0.09	0.09	0.10	0.10	0.12	0.13	0.27	0.35	
01583570	1008	19831008	20151008	21	0.10	0.08	0.01	0.38		0.01	0.04	0.05	0.06	0.06	0.07	0.07	0.08	0.08	0.08	0.09	0.09	0.09	0.10	0.10	0.11	0.13	0.27	0.37	
01583570	1009	19831009	20151009	21	0.09	0.04	0.02	0.21		0.02	0.04	0.05	0.05	0.06	0.06	0.07	0.07	0.08	0.08	0.08	0.08	0.09	0.09	0.10	0.11	0.12	0.15	0.20	
01583570	1010	19831010	20151010	21	0.11	0.10	0.04	0.52		0.04	0.04	0.05	0.05	0.06	0.06	0.07	0.08	0.09	0.09	0.09	0.09	0.09	0.10	0.10	0.12	0.13	0.23	0.49	
01583570	1011	19831011	20151011	21	0.11	0.10	0.04	0.50		0.04	0.05	0.05	0.06	0.06	0.07	0.08	0.08	0.09	0.09	0.09	0.10	0.10	0.10	0.10	0.12	0.13	0.19	0.47	
01583570	1012	19831012	20151012	21	0.09	0.04	0.04	0.23		0.04	0.05	0.06	0.06	0.07	0.07	0.08	0.08	0.08	0.09	0.09	0.09	0.10	0.10	0.10	0.11	0.12	0.14	0.22	
01583570	1013	19831013	20151013	21	0.09	0.03	0.04	0.14		0.04	0.04	0.05	0.05	0.05	0.06	0.08	0.08	0.09	0.09	0.09	0.10	0.10	0.10	0.11	0.11	0.12	0.13	0.14	
01583570	1014	19831014	20151014	21	0.10	0.06	0.03	0.31		0.03	0.05	0.05	0.06	0.07	0.08	0.08	0.08	0.09	0.10	0.10	0.10	0.10	0.10	0.10	0.12	0.13	0.16	0.29	
01583570	1015	19831015	20151015	21	0.11	0.06	0.02	0.29		0.02	0.05	0.05	0.06	0.07	0.08	0.08	0.09	0.09	0.09	0.10	0.10	0.10	0.11	0.11	0.14	0.18	0.22	0.28	
01583570	1016	19831016	20151016	21	0.10	0.05	0.04	0.24		0.04	0.05	0.05	0.06	0.07	0.07	0.08	0.09	0.09	0.09	0.10	0.10	0.10	0.11	0.11	0.12	0.16	0.19	0.23	
01583570	1017	19831017	20151017	21	0.12	0.09	0.04	0.40		0.04	0.05	0.05	0.06	0.07	0.08	0.09	0.09	0.09	0.09	0.10	0.10	0.10	0.10	0.10	0.12	0.16	0.29	0.39	
01583570	1018	19831018	20151018	21	0.12	0.12	0.04	0.60		0.04	0.04	0.05	0.06	0.06	0.07	0.07	0.08	0.09	0.09	0.10	0.10	0.10	0.10	0.11	0.12	0.16	0.20	0.56	
01583570	1019	19831019	20151019	21	0.13	0.12	0.03	0.61		0.03	0.04	0.05	0.05	0.06	0.06	0.07	0.08	0.09	0.09	0.09	0.11	0.13	0.14	0.15	0.17	0.18	0.24	0.57	
01583570	1020	19831020	20151020	21	0.11	0.08	0.03	0.35		0.03	0.04	0.06	0.06	0.07	0.08	0.08	0.09	0.09	0.10	0.10	0.10	0.10	0.11	0.12	0.16	0.19	0.25	0.34	
01583570	1021	19831021	20151021	21	0.11	0.06	0.02	0.23		0.02	0.03	0.04	0.06	0.07	0.08	0.09	0.09	0.10	0.10	0.10	0.11	0.11	0.12	0.14	0.17	0.19	0.20	0.23	
01583570	1022	19831022	20151022	21	0.12	0.07	0.02	0.26		0.02	0.03	0.04	0.06	0.06	0.07	0.08	0.09	0.10	0.10	0.10	0.11	0.12	0.16	0.18	0.20	0.21	0.23	0.26	
01583570	1023	19831023	20151023	21	0.13	0.11	0.02	0.41		0.02	0.03	0.04	0.06	0.06	0.07	0.08	0.10	0.10	0.10	0.10	0.10	0.13	0.14	0.15	0.18	0.20	0.37	0.41	
01583570	1024	19831024	20151024	21	0.12	0.08	0.02	0.33		0.02	0.04	0.06	0.06	0.07	0.08	0.09	0.10	0.10	0.10	0.10	0.10	0.11	0.12	0.14	0.16	0.25	0.29	0.33	
01583570	1025	19831025	20151025	21	0.12	0.07	0.03	0.31		0.03	0.04	0.06	0.07	0.08	0.08	0.09	0.10	0.10	0.11	0.11	0.11	0.12	0.12	0.13	0.15	0.21	0.24	0.30	
01583570	1026	19831026	20151026	21	0.12	0.06	0.04	0.29		0.04	0.07	0.07	0.07	0.08	0.08	0.09	0.10	0.10	0.10	0.11	0.12	0.12	0.12	0.12	0.13	0.19	0.22	0.28	
01583570	1027	19831027	20151027	21	0.17	0.17	0.03	0.72		0.04	0.06	0.07	0.07	0.08	0.09	0.10	0.11	0.11	0.12	0.12	0.12	0.12	0.12	0.14	0.17	0.32	0.52	0.70	
01583570	1028	19831028	20151028	21	0.16	0.15	0.03	0.65		0.03	0.04	0.07	0.07	0.07	0.08	0.09	0.10	0.10	0.11	0.11	0.11	0.12	0.12	0.14	0.18	0.36	0.43	0.63	
01583570	1029	19831029	20151029	21	0.23	0.46	0.03	2.20		0.04	0.06	0.06	0.07	0.07	0.08	0.08	0.09	0.09	0.10	0.10	0.12	0.12	0.16	0.24	0.26	0.31	0.36	2.02	
01583570	1030	19831030	20151030	21	0.23	0.57	0.03	2.70		0.04	0.06	0.06	0.06	0.07	0.08	0.08	0.09	0.09	0.10	0.10	0.11	0.11	0.12	0.14	0.19	0.22	0.23	2.45	
01583570	1031	19831031	20151031	21	0.13	0.14	0.04	0.70		0.04	0.06	0.06	0.07	0.08	0.08	0.08	0.08	0.09	0.09	0.10	0.10	0.10	0.11	0.14	0.15	0.18	0.21	0.65	
01583570	1101	19831101	20151101	21	0.12	0.10	0.04	0.50		0.04	0.05	0.06	0.06	0.06	0.07	0.08	0.08	0.08	0.10	0.10	0.10	0.12	0.12	0.14	0.15	0.17	0.22	0.47	
01583570	1102	19831102	20151102	21	0.12	0.09	0.04	0.44		0.04	0.05	0.06	0.06	0.07	0.07	0.08	0.08	0.09	0.10	0.10	0.10	0.11	0.11	0.15	0.19	0.21	0.23	0.42	
01583570	1103	19831103	20151103	21	0.12	0.08	0.04	0.38		0.04	0.04	0.06	0.06	0.07	0.07	0.07	0.08	0.09	0.10	0.10	0.10	0.13	0.14	0.16	0.17	0.18	0.18	0.36	
01583570	1104	19831104	20151104	21	0.13	0.09	0.03	0.37		0.03	0.04	0.06	0.06	0.07	0.07	0.09	0.10	0.10	0.12	0.12	0.13	0.14	0.14	0.15	0.17	0.24	0.32	0.37	
01583570	1105	19831105	20151105	21	0.12	0.07	0.04	0.34		0.04	0.04	0.06	0.07	0.07	0.07	0.08	0.08	0.09	0.10	0.11	0.11	0.12	0.13	0.14	0.17	0.20	0.24	0.33	
01583570	1106	19831106	20151106	21	0.12	0.08	0.04	0.32		0.04	0.06	0.07	0.07	0.07	0.07	0.07	0.08	0.09	0.10	0.11	0.12	0.13	0.14	0.14	0.17	0.23	0.28	0.32	
01583570	1107	19831107	20151107	21	0.11	0.06	0.04	0.27		0.04	0.04	0.06	0.07	0.07	0.08	0.08	0.08	0.08	0.09	0.10	0.10	0.12	0.13	0.14	0.14	0.15	0.21	0.27	
01583570	1108	19831108	20151108	21	0.12	0.11	0.04	0.54		0.04	0.04	0.05	0.06	0.07	0.07	0.08	0.08	0.08	0.09	0.10	0.11	0.12	0.12	0.13	0.14	0.19	0.24	0.51	
01583570	1109	19831109	20151109	21	0.10	0.05	0.04	0.21		0.04	0.04	0.05	0.06	0.07	0.08	0.08	0.08	0.09	0.10	0.10	0.10	0.11	0.12	0.12	0.13	0.18	0.21	0.21	
01583570	1110	19831110	20151110	21	0.11	0.06	0.04	0.22		0.04	0.04	0.06	0.06	0.07	0.08	0.08	0.08	0.09	0.10	0.10	0.11	0.11	0.12	0.14	0.18	0.20	0.20	0.22	
01583570	1111	19831111	20151111	21	0.12	0.08	0.04	0.40		0.04	0.05	0.06	0.07	0.07	0.07	0.07	0.09	0.10	0.10	0.11	0.12	0.14	0.15	0.17	0.18	0.18	0.20	0.38	
01583570	1112	19831112	20151112	21	0.13	0.08	0.03	0.32		0.04	0.05	0.06	0.06	0.07	0.07	0.07	0.08	0.10	0.10	0.10	0.10	0.12	0.15	0.20	0.22	0.24	0.26	0.31	
01583570	1113	19831113	20151113	21	0.12	0.07	0.04	0.29		0.04	0.05	0.06	0.06	0.07	0.07	0.08	0.09	0.09	0.10	0.10	0.11	0.14	0.16	0.18	0.20	0.21	0.27	0.29	
01583570	1114	19831114	20151114	21	0.11	0.06	0.04	0.24		0.04	0.05	0.06	0.06	0.07	0.07	0.07	0.08	0.09	0.10	0.11	0.12	0.12	0.14	0.16	0.17	0.20	0.21	0.24	
01583570	1115	19831115	20151115	21	0.12	0.06	0.04	0.24		0.04	0.05	0.06	0.06	0.07	0.07	0.08	0.09	0.10	0.10	0.11	0.11	0.13	0.16	0.16	0.17	0.20	0.21	0.24	
01583570	1116	19831116	20151116	21	0.18	0.24	0.04	1.20		0.04	0.06	0.06	0.07	0.07	0.09	0.10	0.10	0.12	0.12	0.13	0.14	0.15	0.17	0.20	0.21	0.21	0.25	1.11	
01583570	1117	19831117	20151117	21	0.15	0.10	0.05	0.42		0.05	0.06	0.06	0.07	0.07	0.09	0.09	0.10	0.11	0.12	0.13	0.16	0.17	0.18	0.19	0.20	0.25	0.32	0.41	
01583570	1118	19831118	20151118	21	0.12	0.05	0.05	0.24		0.05	0.05	0.06	0.07	0.07	0.08	0.09	0.09	0.10	0.11	0.11	0.12	0.12	0.13	0.14	0.16	0.19	0.19	0.23	
01583570	1119	19831119	20151119	21	0.12	0.09	0.05	0.45		0.05	0.05	0.06	0.07	0.07	0.08	0.08	0.08	0.09	0.09	0.11	0.12	0.14	0.14	0.15	0.16	0.17	0.22	0.43	
01583570	1120	19831120	20151120	21	0.12	0.07	0.05	0.29		0.05	0.05	0.06	0.06	0.07	0.07	0.07	0.07	0.08	0.09	0.11	0.11	0.13	0.13	0.14	0.16	0.21	0.25	0.29	
01583570	1121	19831121	20151121	21	0.12	0.07	0.05	0.30		0.05	0.06	0.06	0.07	0.07	0.07	0.07	0.08	0.08	0.10	0.11	0.12	0.13	0.14	0.17	0.19	0.20	0.21	0.29	
01583570	1122	19831122	20151122	21	0.14	0.09	0.05	0.38		0.05	0.06	0.06	0.07	0.07	0.07	0.08	0.08	0.09	0.10	0.12	0.14	0.17	0.18	0.19	0.20	0.22	0.29	0.37	
01583570	1123	19831123	20151123	21	0.14	0.15	0.05	0.74		0.05	0.05	0.06	0.06	0.07	0.07	0.08	0.08	0.09	0.10	0.10	0.11	0.12	0.14	0.16	0.17	0.18	0.27	0.69	
01583570	1124	19831124	20151124	21	0.13	0.09	0.05	0.37		0.05	0.05	0.06	0.07	0.07	0.07	0.08	0.08	0.08	0.10	0.10	0.11	0.16	0.16	0.17	0.20	0.21	0.31	0.37	
01583570	1125	19831125	20151125	21	0.15	0.11	0.04	0.50		0.05	0.06	0.06	0.07	0.07	0.07	0.09	0.10	0.10	0.10	0.11	0.13	0.15	0.17	0.20	0.23	0.29	0.32	0.48	
01583570	1126	19831126	20151126	21	0.16	0.08	0.05	0.31		0.05	0.06	0.06	0.07	0.09	0.10	0.10	0.10	0.14	0.16	0.16	0.18	0.19	0.21	0.23	0.25	0.27	0.30	0.31	
01583570	1127	19831127	20151127	21	0.14	0.08	0.05	0.39		0.05	0.06	0.06	0.07	0.08	0.09	0.10	0.10	0.10	0.13	0.14	0.16	0.16	0.17	0.19	0.21	0.23	0.26	0.38	
01583570	1128	19831128	20151128	21	0.17	0.12	0.05	0.49		0.05	0.06	0.06	0.07	0.08	0.09	0.10	0.11	0.11	0.12	0.15	0.15	0.17	0.20	0.23	0.26	0.29	0.38	0.48	
01583570	1129	19831129	20151129	21	0.16	0.11	0.05	0.52		0.05	0.06	0.06	0.06	0.08	0.09	0.10	0.11	0.13	0.14	0.14	0.15	0.16	0.17	0.20	0.21	0.26	0.31	0.50	
01583570	1130	19831130	20151130	21	0.13	0.06	0.05	0.31		0.05	0.05	0.06	0.07	0.09	0.10	0.11	0.11	0.11	0.12	0.13	0.14	0.15	0.17	0.18	0.19	0.20	0.20	0.30	
01583570	1201	19831201	20151201	21	0.15	0.08	0.05	0.33		0.05	0.05	0.06	0.09	0.10	0.10	0.11	0.11	0.13	0.13	0.16	0.17	0.18	0.19	0.20	0.24	0.26	0.27	0.32	
01583570	1202	19831202	20151202	21	0.14	0.06	0.05	0.28		0.05	0.06	0.08	0.09	0.09	0.09	0.10	0.10	0.10	0.13	0.15	0.16	0.16	0.17	0.18	0.18	0.19	0.22	0.28	
01583570	1203	19831203	20151203	21	0.14	0.08	0.05	0.40		0.05	0.06	0.07	0.08	0.08	0.09	0.10	0.10	0.12	0.13	0.13	0.14	0.15	0.16	0.17	0.18	0.19	0.23	0.38	
01583570	1204	19831204	20151204	21	0.12	0.06	0.05	0.25		0.05	0.05	0.06	0.07	0.08	0.08	0.09	0.09	0.12	0.12	0.12	0.12	0.15	0.16	0.16	0.17	0.18	0.22	0.25	
01583570	1205	19831205	20151205	21	0.13	0.09	0.04	0.44		0.05	0.05	0.05	0.06	0.07	0.08	0.08	0.09	0.10	0.10	0.11	0.12	0.15	0.16	0.17	0.19	0.21	0.24	0.42	
01583570	1206	19831206	20151206	21	0.14	0.07	0.04	0.29		0.04	0.05	0.06	0.06	0.08	0.09	0.10	0.10	0.11	0.13	0.14	0.15	0.16	0.18	0.20	0.20	0.21	0.24	0.29	
01583570	1207	19831207	20151207	21	0.14	0.09	0.04	0.43		0.04	0.05	0.05	0.06	0.08	0.08	0.09	0.09	0.10	0.11	0.13	0.14	0.16	0.17	0.18	0.19	0.21	0.24	0.41	
01583570	1208	19831208	20151208	21	0.13	0.09	0.05	0.44		0.05	0.06	0.07	0.07	0.08	0.09	0.09	0.10	0.10	0.11	0.13	0.13	0.15	0.15	0.16	0.17	0.18	0.22	0.42	
01583570	1209	19831209	20151209	21	0.17	0.16	0.05	0.77		0.05	0.05	0.06	0.07	0.07	0.08	0.09	0.09	0.10	0.11	0.13	0.14	0.16	0.17	0.20	0.25	0.28	0.30	0.72	
01583570	1210	19831210	20151210	21	0.14	0.09	0.05	0.40		0.05	0.05	0.06	0.08	0.09	0.09	0.09	0.10	0.11	0.13	0.13	0.14	0.15	0.16	0.16	0.20	0.25	0.32	0.39	
01583570	1211	19831211	20151211	21	0.20	0.20	0.05	0.93		0.05	0.07	0.07	0.08	0.09	0.09	0.09	0.11	0.13	0.13	0.13	0.14	0.16	0.19	0.25	0.31	0.34	0.45	0.88	
01583570	1212	19831212	20151212	21	0.19	0.14	0.06	0.50		0.06	0.07	0.08	0.08	0.09	0.10	0.10	0.12	0.13	0.13	0.14	0.16	0.19	0.22	0.24	0.30	0.36	0.48	0.50	
01583570	1213	19831213	20151213	21	0.20	0.20	0.05	1.00		0.06	0.07	0.08	0.09	0.10	0.11	0.12	0.12	0.13	0.13	0.14	0.16	0.16	0.18	0.21	0.23	0.28	0.40	0.94	
01583570	1214	19831214	20151214	21	0.19	0.12	0.06	0.50		0.06	0.07	0.08	0.09	0.10	0.11	0.12	0.13	0.13	0.15	0.17	0.18	0.19	0.21	0.23	0.31	0.36	0.39	0.49	
01583570	1215	19831215	20151215	21	0.16	0.08	0.06	0.34		0.06	0.06	0.07	0.09	0.10	0.11	0.12	0.12	0.13	0.13	0.14	0.15	0.17	0.17	0.19	0.24	0.29	0.32	0.34	
01583570	1216	19831216	20151216	21	0.18	0.11	0.05	0.50		0.06	0.07	0.09	0.10	0.10	0.12	0.13	0.13	0.14	0.14	0.14	0.15	0.16	0.18	0.21	0.26	0.29	0.36	0.49	
01583570	1217	19831217	20151217	21	0.18	0.13	0.06	0.60		0.06	0.07	0.09	0.10	0.11	0.13	0.13	0.13	0.14	0.14	0.16	0.16	0.16	0.17	0.18	0.20	0.27	0.41	0.58	
01583570	1218	19831218	20151218	21	0.14	0.06	0.07	0.33		0.07	0.08	0.08	0.09	0.09	0.10	0.11	0.12	0.13	0.13	0.13	0.14	0.15	0.16	0.17	0.18	0.19	0.24	0.32	
01583570	1219	19831219	20151219	21	0.14	0.06	0.05	0.30		0.05	0.06	0.07	0.09	0.10	0.11	0.12	0.12	0.13	0.13	0.14	0.14	0.14	0.15	0.17	0.18	0.19	0.21	0.29	
01583570	1220	19831220	20151220	21	0.13	0.05	0.05	0.28		0.05	0.06	0.07	0.09	0.10	0.11	0.12	0.12	0.12	0.12	0.13	0.14	0.14	0.15	0.15	0.16	0.17	0.20	0.27	
01583570	1221	19831221	20151221	21	0.15	0.10	0.05	0.53		0.05	0.06	0.07	0.09	0.10	0.11	0.11	0.11	0.11	0.12	0.13	0.13	0.14	0.15	0.17	0.18	0.21	0.25	0.50	
01583570	1222	19831222	20151222	21	0.17	0.14	0.05	0.70		0.05	0.06	0.07	0.10	0.10	0.10	0.11	0.12	0.12	0.13	0.13	0.13	0.15	0.18	0.22	0.24	0.25	0.26	0.66	
01583570	1223	19831223	20151223	21	0.19	0.12	0.05	0.49		0.05	0.06	0.08	0.09	0.09	0.09	0.10	0.11	0.12	0.14	0.16	0.21	0.23	0.24	0.27	0.30	0.33	0.39	0.48	
01583570	1224	19831224	20151224	21	0.16	0.09	0.06	0.36		0.06	0.07	0.07	0.08	0.09	0.09	0.09	0.10	0.11	0.15	0.17	0.18	0.20	0.21	0.21	0.23	0.25	0.31	0.36	
01583570	1225	19831225	20151225	21	0.18	0.12	0.05	0.54		0.05	0.06	0.07	0.08	0.09	0.09	0.10	0.11	0.15	0.16	0.18	0.21	0.21	0.22	0.23	0.24	0.25	0.32	0.52	
01583570	1226	19831226	20151226	21	0.20	0.22	0.05	1.10		0.05	0.06	0.07	0.07	0.08	0.09	0.09	0.10	0.14	0.15	0.15	0.16	0.18	0.20	0.23	0.24	0.27	0.37	1.03	
01583570	1227	19831227	20151227	21	0.17	0.14	0.04	0.61		0.04	0.06	0.06	0.07	0.08	0.09	0.09	0.10	0.12	0.13	0.14	0.15	0.17	0.18	0.20	0.23	0.28	0.39	0.59	
01583570	1228	19831228	20151228	21	0.18	0.17	0.04	0.80		0.04	0.06	0.07	0.07	0.08	0.09	0.09	0.10	0.12	0.13	0.13	0.15	0.17	0.18	0.21	0.25	0.29	0.39	0.76	
01583570	1229	19831229	20151229	21	0.18	0.14	0.04	0.60		0.04	0.07	0.07	0.08	0.08	0.09	0.09	0.10	0.12	0.12	0.16	0.17	0.20	0.23	0.24	0.27	0.30	0.39	0.58	
01583570	1230	19831230	20151230	21	0.14	0.07	0.04	0.27		0.04	0.06	0.07	0.07	0.07	0.08	0.09	0.10	0.12	0.12	0.15	0.16	0.17	0.18	0.21	0.23	0.24	0.26	0.27	
01583570	1231	19831231	20151231	21	0.14	0.07	0.04	0.28		0.04	0.07	0.07	0.07	0.07	0.08	0.09	0.10	0.11	0.12	0.14	0.16	0.17	0.18	0.19	0.22	0.23	0.25	0.28	
