site_no	monthday	begin_dt	end_dt	count_nu	mean	std	min	max	p01	p05	p10	p15	p20	p25	p30	p35	p40	p45	p50	p55	p60	p65	p70	p75	p80	p85	p90	p95	p99
02215500	ALL	19361001	20160103	28949	5334.51	5417.05	621.00	90700.00	910.50	1240.00	1520.00	1720.00	1920.00	2120.00	2340.00	2570.00	2850.00	3150.00	3450.00	3830.00	4310.00	4950.00	5640.00	6480.00	7590.00	9140.00	11300.00	15500.00	26800.00
02215500	0101	19370101	20160101	80	6018.88	5805.07	1560.00	38700.00		1881.00	2110.00	2370.50	2600.00	2972.50	3103.00	3207.50	3388.00	3780.00	4285.00	4541.00	4786.00	5598.50	6385.00	6702.50	7536.00	9624.50	12090.00	15340.00	
02215500	0102	19370102	20160102	80	6365.00	6860.93	1550.00	49600.00		1922.00	2181.00	2370.50	2698.00	2947.50	3105.00	3245.50	3632.00	4108.00	4415.00	4647.50	4984.00	5861.50	6471.00	7170.00	8008.00	10195.00	11700.00	16765.00	
02215500	0103	19370103	20160103	80	6685.62	7468.77	1530.00	54300.00		1961.00	2195.00	2491.50	2860.00	3035.00	3156.00	3324.50	3750.00	4178.00	4545.00	4962.50	5190.00	5706.00	6608.00	8000.00	9440.00	10470.00	12030.00	18060.00	
02215500	0104	19370104	20150104	79	6355.70	5416.02	1500.00	34700.00		1990.00	2110.00	2500.00	2820.00	3100.00	3320.00	3550.00	3820.00	4230.00	4510.00	5030.00	5460.00	5560.00	6180.00	8320.00	9050.00	11400.00	12600.00	17900.00	
02215500	0105	19370105	20150105	79	6584.94	5589.97	1480.00	30300.00		2010.00	2300.00	2570.00	2790.00	3150.00	3450.00	3610.00	3900.00	4260.00	4800.00	5040.00	5470.00	5760.00	6130.00	7840.00	9960.00	12000.00	13500.00	18200.00	
02215500	0106	19370106	20150106	79	6679.62	5531.04	1480.00	28100.00		2040.00	2430.00	2500.00	2800.00	3020.00	3430.00	3730.00	3910.00	4200.00	4820.00	5040.00	5510.00	6010.00	6420.00	7660.00	10900.00	11700.00	14000.00	18000.00	
02215500	0107	19370107	20150107	79	6668.23	5211.25	1480.00	26100.00		2200.00	2370.00	2640.00	2940.00	3090.00	3400.00	3750.00	3880.00	4420.00	4820.00	5180.00	5650.00	6290.00	6750.00	8390.00	10700.00	12300.00	14100.00	17800.00	
02215500	0108	19370108	20150108	79	6675.32	4837.09	1520.00	21900.00		2050.00	2350.00	2640.00	3100.00	3170.00	3520.00	3810.00	4030.00	4510.00	4880.00	5250.00	5820.00	6700.00	6960.00	9030.00	10600.00	11900.00	14100.00	17800.00	
02215500	0109	19370109	20150109	79	6705.95	4598.41	1560.00	19900.00		1930.00	2380.00	2740.00	3040.00	3450.00	3570.00	4140.00	4250.00	4750.00	4900.00	5300.00	6080.00	6910.00	7520.00	8950.00	10500.00	11600.00	14400.00	16900.00	
02215500	0110	19370110	20150110	79	6690.63	4454.53	1590.00	19500.00		1890.00	2480.00	2800.00	3030.00	3430.00	3750.00	3940.00	4390.00	4700.00	4970.00	5300.00	6390.00	7090.00	7980.00	8800.00	10300.00	12200.00	14900.00	16300.00	
02215500	0111	19370111	20150111	79	6626.58	4322.14	1620.00	21000.00		1930.00	2400.00	2910.00	3120.00	3430.00	3770.00	4040.00	4470.00	4680.00	5150.00	5480.00	6300.00	7100.00	7550.00	8800.00	10500.00	11600.00	13500.00	15700.00	
02215500	0112	19370112	20150112	79	6560.76	4168.58	1630.00	21500.00		1970.00	2430.00	2910.00	3040.00	3280.00	3910.00	4200.00	4670.00	4920.00	5310.00	5510.00	6370.00	6890.00	7610.00	9140.00	9560.00	11300.00	13000.00	15400.00	
02215500	0113	19370113	20150113	79	6671.39	4471.77	1610.00	25600.00		1950.00	2310.00	2780.00	3100.00	3550.00	3910.00	4320.00	4800.00	5040.00	5470.00	5830.00	6010.00	7690.00	8050.00	8830.00	9430.00	11000.00	12400.00	15200.00	
02215500	0114	19370114	20150114	79	6846.20	5121.19	1640.00	36500.00		1870.00	2310.00	2580.00	3030.00	3490.00	4070.00	4410.00	5130.00	5260.00	5520.00	5940.00	6270.00	7230.00	7940.00	8900.00	9570.00	11100.00	12700.00	15500.00	
02215500	0115	19370115	20150115	79	6930.63	5196.27	1660.00	37000.00		1810.00	2360.00	2790.00	2940.00	3400.00	4120.00	4430.00	5130.00	5310.00	5720.00	6110.00	6520.00	7050.00	7760.00	8200.00	9880.00	11700.00	12900.00	15100.00	
02215500	0116	19370116	20150116	79	6976.58	4960.39	1670.00	31300.00		1760.00	2420.00	2750.00	3040.00	3470.00	4070.00	4470.00	5160.00	5310.00	5520.00	6100.00	6740.00	7130.00	7650.00	8200.00	10700.00	11900.00	13000.00	17500.00	
02215500	0117	19370117	20150117	79	7068.48	5013.40	1670.00	25900.00		1740.00	2420.00	2810.00	3220.00	3520.00	4110.00	4400.00	4880.00	5230.00	5570.00	6180.00	6680.00	7200.00	7640.00	8700.00	10400.00	12100.00	13800.00	17400.00	
02215500	0118	19370118	20150118	79	7119.87	5270.98	1640.00	32700.00		1770.00	2420.00	2840.00	3130.00	3660.00	4020.00	4400.00	4690.00	5400.00	5560.00	6290.00	6650.00	7160.00	7920.00	9370.00	9960.00	11700.00	13700.00	18200.00	
02215500	0119	19370119	20150119	79	7105.19	5273.40	1650.00	33400.00		1770.00	2350.00	2920.00	3430.00	3650.00	3830.00	4230.00	4670.00	5200.00	5690.00	6200.00	6520.00	7320.00	8270.00	8840.00	10000.00	11600.00	14800.00	16500.00	
02215500	0120	19370120	20150120	79	7090.63	5160.54	1670.00	29200.00		1720.00	2410.00	2940.00	3300.00	3660.00	3840.00	4020.00	4790.00	5380.00	5560.00	6000.00	6960.00	7720.00	8140.00	9210.00	10100.00	11100.00	13200.00	18200.00	
02215500	0121	19370121	20150121	79	7140.63	5362.34	1630.00	30200.00		1710.00	2570.00	2910.00	3310.00	3690.00	3750.00	4140.00	4630.00	5280.00	5630.00	5900.00	6430.00	7350.00	8610.00	9570.00	10400.00	10700.00	11800.00	16800.00	
02215500	0122	19370122	20150122	79	7240.13	5506.02	1600.00	33900.00		1680.00	2650.00	2890.00	3300.00	3600.00	3820.00	4060.00	4550.00	5070.00	5660.00	6000.00	6690.00	7320.00	9010.00	9810.00	10200.00	11400.00	13900.00	16100.00	
02215500	0123	19370123	20150123	79	7318.73	5622.35	1580.00	34300.00		1800.00	2630.00	2930.00	3450.00	3730.00	3850.00	4090.00	4850.00	5230.00	5560.00	6240.00	6680.00	6960.00	8200.00	9260.00	10200.00	11200.00	13900.00	20000.00	
02215500	0124	19370124	20150124	79	7373.92	5522.96	1650.00	31200.00		2160.00	2750.00	2990.00	3450.00	3680.00	3950.00	4460.00	4880.00	5320.00	5550.00	6150.00	6700.00	7500.00	8440.00	8940.00	9960.00	10800.00	15200.00	21100.00	
02215500	0125	19370125	20150125	79	7402.53	5303.94	1670.00	26700.00		2310.00	2680.00	3000.00	3450.00	3680.00	3980.00	4400.00	5050.00	5410.00	5700.00	6290.00	6850.00	7360.00	8470.00	8980.00	10300.00	12100.00	14600.00	20100.00	
02215500	0126	19370126	20150126	79	7442.66	5169.42	1690.00	24800.00		2320.00	2660.00	3070.00	3420.00	3680.00	4070.00	4560.00	5220.00	5480.00	5700.00	6290.00	7050.00	7790.00	8080.00	8880.00	10700.00	12200.00	16000.00	20200.00	
02215500	0127	19370127	20150127	79	7560.63	5339.70	1690.00	24200.00		2460.00	2650.00	3150.00	3470.00	3750.00	3980.00	4480.00	5250.00	5670.00	5900.00	6200.00	7250.00	7740.00	7980.00	9000.00	9560.00	13100.00	17500.00	20200.00	
02215500	0128	19370128	20150128	79	7656.71	5676.16	1700.00	31500.00		2400.00	2770.00	3030.00	3600.00	3800.00	4120.00	4560.00	5410.00	5660.00	6030.00	6580.00	7210.00	7540.00	8090.00	8640.00	9750.00	11800.00	17200.00	20000.00	
02215500	0129	19370129	20150129	79	7660.89	5722.94	1700.00	35300.00		2340.00	2570.00	3230.00	3520.00	3770.00	4360.00	4850.00	5240.00	5710.00	6070.00	6680.00	7140.00	7500.00	8120.00	8490.00	9820.00	11800.00	16600.00	19900.00	
02215500	0130	19370130	20150130	79	7660.38	5580.32	1770.00	34000.00		2280.00	2760.00	3300.00	3440.00	3600.00	4270.00	4930.00	5320.00	5740.00	6300.00	6530.00	6990.00	7680.00	8020.00	8970.00	10900.00	11200.00	16600.00	20000.00	
02215500	0131	19370131	20150131	79	7674.56	5435.39	1830.00	29200.00		2220.00	2890.00	3220.00	3450.00	3570.00	4380.00	5090.00	5250.00	5900.00	6400.00	6620.00	7030.00	7860.00	8320.00	8560.00	9810.00	13100.00	16000.00	19600.00	
02215500	0201	19370201	20150201	79	7673.16	5323.86	1880.00	26600.00		2220.00	2950.00	3150.00	3380.00	3610.00	4460.00	5160.00	5460.00	5800.00	6450.00	6880.00	7210.00	7720.00	8250.00	8710.00	10400.00	11900.00	16600.00	20100.00	
02215500	0202	19370202	20150202	79	7676.20	5263.30	1870.00	25500.00		2170.00	2850.00	3150.00	3300.00	3610.00	4460.00	5220.00	5480.00	5840.00	6380.00	6990.00	7400.00	7840.00	8170.00	8710.00	10600.00	12100.00	16000.00	20300.00	
02215500	0203	19370203	20150203	79	7835.82	5616.30	1860.00	33700.00		2160.00	2700.00	3150.00	3450.00	3730.00	4980.00	5140.00	5500.00	6060.00	6340.00	7210.00	7730.00	7960.00	8260.00	8960.00	10300.00	12900.00	15800.00	19300.00	
02215500	0204	19370204	20150204	79	7996.08	6147.30	1980.00	40600.00		2140.00	2780.00	3130.00	3520.00	3770.00	4890.00	5400.00	5590.00	6140.00	6410.00	7540.00	7680.00	7960.00	8200.00	9110.00	10100.00	13500.00	15900.00	18400.00	
02215500	0205	19370205	20150205	79	8158.10	6454.06	1940.00	41700.00		2280.00	2940.00	3000.00	3680.00	3930.00	4880.00	5250.00	5900.00	6330.00	6440.00	7280.00	7620.00	8200.00	8780.00	9260.00	9720.00	12700.00	14700.00	18500.00	
02215500	0206	19370206	20150206	79	8228.61	6329.26	1940.00	38900.00		2390.00	3030.00	3580.00	3810.00	4160.00	4710.00	5420.00	5870.00	6360.00	6600.00	6980.00	7500.00	8280.00	8660.00	9650.00	10700.00	12500.00	15500.00	19900.00	
02215500	0207	19370207	20150207	79	8342.53	5851.50	2020.00	33200.00		2320.00	3100.00	3680.00	4050.00	4590.00	4960.00	5900.00	5960.00	6400.00	6730.00	7150.00	7740.00	8290.00	8730.00	10100.00	11000.00	12000.00	15700.00	20300.00	
02215500	0208	19370208	20150208	79	8405.82	5453.80	2060.00	28100.00		2310.00	3190.00	3830.00	4470.00	4710.00	5140.00	5790.00	6140.00	6310.00	6990.00	7590.00	7920.00	8540.00	9140.00	9940.00	11700.00	12600.00	16000.00	20000.00	
02215500	0209	19370209	20150209	79	8419.24	5295.80	2040.00	29700.00		2310.00	3170.00	3880.00	4710.00	4830.00	5310.00	5710.00	6140.00	6300.00	6880.00	7540.00	8000.00	8710.00	9280.00	10400.00	12000.00	13200.00	15900.00	20600.00	
02215500	0210	19370210	20150210	79	8386.84	5299.38	2030.00	31500.00		2280.00	3030.00	4030.00	4720.00	4870.00	5140.00	5630.00	5980.00	6440.00	6640.00	7480.00	8540.00	8640.00	9280.00	10100.00	11900.00	13500.00	16300.00	18800.00	
02215500	0211	19370211	20150211	79	8452.03	5521.18	2030.00	35300.00		2260.00	3150.00	4180.00	4530.00	4800.00	5400.00	5640.00	6100.00	6520.00	6800.00	7240.00	8270.00	8790.00	9590.00	10100.00	11700.00	12900.00	15700.00	18300.00	
02215500	0212	19370212	20150212	79	8620.63	5917.23	2030.00	40000.00		2260.00	3100.00	4190.00	4310.00	5050.00	5250.00	5820.00	6110.00	6400.00	6900.00	7470.00	8180.00	8780.00	9540.00	10700.00	12800.00	13300.00	14300.00	18500.00	
02215500	0213	19370213	20150213	79	8781.65	6140.96	1940.00	41100.00		2430.00	3310.00	4230.00	4570.00	5130.00	5520.00	5840.00	6050.00	6690.00	7000.00	7560.00	7970.00	8750.00	9680.00	11300.00	11700.00	13000.00	16900.00	21900.00	
02215500	0214	19370214	20150214	79	8947.85	6184.82	1870.00	38200.00		2850.00	3520.00	4480.00	4670.00	5140.00	5450.00	5560.00	6300.00	6800.00	7320.00	7820.00	8400.00	9090.00	10300.00	11000.00	12000.00	13000.00	17600.00	23500.00	
02215500	0215	19370215	20150215	79	9124.30	6051.66	1800.00	32900.00		2760.00	3730.00	4440.00	4780.00	5000.00	5480.00	5640.00	6500.00	7000.00	7490.00	7770.00	8860.00	9950.00	10400.00	11000.00	11900.00	13300.00	17400.00	23800.00	
02215500	0216	19370216	20150216	79	9198.48	5837.40	1740.00	28600.00		2570.00	3910.00	4070.00	4590.00	5230.00	5400.00	5710.00	6780.00	7350.00	7700.00	8220.00	8800.00	9590.00	10200.00	11500.00	13300.00	14700.00	17500.00	23000.00	
02215500	0217	19370217	20150217	79	9277.97	5615.56	1700.00	26600.00		2440.00	3870.00	4290.00	4590.00	5280.00	5700.00	5850.00	7230.00	7480.00	7850.00	8200.00	8890.00	9680.00	10200.00	11900.00	13600.00	15800.00	16900.00	21800.00	
02215500	0218	19370218	20150218	79	9399.49	5443.35	1680.00	25600.00		2440.00	4090.00	4410.00	4670.00	5180.00	5760.00	6280.00	7190.00	7710.00	7940.00	8210.00	8860.00	10500.00	11000.00	12900.00	13500.00	15700.00	19200.00	20000.00	
02215500	0219	19370219	20150219	79	9533.16	5381.57	1820.00	24100.00		2500.00	3810.00	4510.00	4900.00	5430.00	5920.00	6410.00	7160.00	7590.00	7950.00	8900.00	9640.00	10600.00	11700.00	12800.00	14500.00	15500.00	18100.00	19500.00	
02215500	0220	19370220	20150220	79	9586.71	5462.60	1890.00	27100.00		2700.00	3810.00	4420.00	4910.00	5250.00	5850.00	6640.00	7180.00	7660.00	8060.00	8930.00	9520.00	11100.00	11700.00	12800.00	14800.00	15600.00	17100.00	19200.00	
02215500	0221	19370221	20150221	79	9533.04	5486.79	1900.00	29200.00		2780.00	3800.00	4420.00	4550.00	5080.00	5980.00	6590.00	7320.00	7560.00	8090.00	8840.00	10400.00	11000.00	11600.00	12500.00	14000.00	15300.00	17200.00	19200.00	
02215500	0222	19370222	20150222	79	9494.05	5506.89	2070.00	29200.00		2780.00	3480.00	4210.00	4620.00	5060.00	5790.00	6740.00	7260.00	7590.00	7830.00	9260.00	10100.00	11000.00	11800.00	13000.00	13400.00	14400.00	18100.00	20700.00	
02215500	0223	19370223	20150223	79	9623.92	5679.01	2240.00	27600.00		2640.00	3430.00	3880.00	4390.00	5560.00	5730.00	6700.00	7260.00	7590.00	8300.00	9260.00	9820.00	11000.00	11800.00	12500.00	13300.00	16300.00	17700.00	21400.00	
02215500	0224	19370224	20150224	79	9840.63	6122.09	2550.00	33200.00		2990.00	3280.00	3750.00	4580.00	5140.00	5550.00	6400.00	7100.00	7370.00	8410.00	9370.00	10100.00	10900.00	11600.00	12400.00	15200.00	16300.00	18600.00	22500.00	
02215500	0225	19370225	20150225	79	10047.97	6588.74	2640.00	36600.00		3120.00	3310.00	3830.00	4510.00	5310.00	5530.00	6420.00	6850.00	7480.00	8070.00	9390.00	10400.00	11100.00	11200.00	13400.00	14500.00	17200.00	20300.00	23000.00	
02215500	0226	19370226	20150226	79	10193.92	6917.39	2710.00	35700.00		3240.00	3420.00	3810.00	4910.00	5350.00	5870.00	6310.00	6970.00	7480.00	8000.00	9440.00	10600.00	11000.00	11400.00	12700.00	14000.00	18000.00	19600.00	26500.00	
02215500	0227	19370227	20150227	79	10212.03	6871.48	2630.00	32600.00		3300.00	3440.00	3750.00	4710.00	5410.00	5600.00	6110.00	7000.00	7900.00	8180.00	9520.00	10400.00	11300.00	11600.00	12000.00	13800.00	17200.00	19900.00	27700.00	
02215500	0228	19370228	20150228	79	10172.41	6671.17	2420.00	31300.00		3320.00	3420.00	3950.00	4620.00	5140.00	5790.00	5980.00	6750.00	7960.00	8900.00	9620.00	10100.00	11100.00	11700.00	12100.00	14000.00	17400.00	20100.00	26600.00	
02215500	0229	19400229	20120229	19	9672.63	5327.78	3010.00	23600.00		3010.00	3300.00	3410.00	4890.00	5730.00	5790.00	5880.00	6700.00	9170.00	9400.00	10100.00	10400.00	11900.00	12300.00	12300.00	14400.00	15700.00	15800.00	23600.00	
02215500	0301	19370301	20150301	79	10034.30	6438.31	2460.00	30200.00		3080.00	3460.00	3780.00	4510.00	4940.00	5600.00	6010.00	6680.00	8260.00	9240.00	9540.00	10200.00	10900.00	11600.00	12200.00	13300.00	18000.00	20000.00	24000.00	
02215500	0302	19370302	20150302	79	9908.86	6042.86	2400.00	27800.00		3290.00	3520.00	3930.00	4440.00	4980.00	5700.00	6350.00	7230.00	8710.00	8910.00	9180.00	9610.00	10600.00	11200.00	12500.00	13600.00	16100.00	20700.00	22300.00	
02215500	0303	19370303	20150303	79	9923.04	5811.80	2530.00	25700.00		3310.00	3570.00	3960.00	4190.00	5070.00	5600.00	6450.00	8120.00	8420.00	9010.00	9960.00	10800.00	11200.00	11600.00	12100.00	13700.00	16100.00	19600.00	22900.00	
02215500	0304	19370304	20150304	79	10160.25	6139.51	2570.00	33200.00		3200.00	3680.00	4010.00	4910.00	5250.00	5500.00	6600.00	7430.00	8180.00	8860.00	9540.00	11600.00	11900.00	12500.00	13100.00	14600.00	16400.00	17700.00	22800.00	
02215500	0305	19370305	20150305	79	10592.28	7076.55	2640.00	40300.00		3210.00	3680.00	3940.00	5140.00	5310.00	5930.00	6750.00	6940.00	8270.00	8820.00	9540.00	10800.00	11300.00	12500.00	14200.00	15400.00	15800.00	20400.00	26600.00	
02215500	0306	19370306	20150306	79	11001.52	8036.61	2850.00	42100.00		3250.00	3770.00	4100.00	5040.00	5350.00	5770.00	6710.00	7230.00	8020.00	8770.00	9900.00	10400.00	12000.00	12900.00	13800.00	14800.00	15800.00	20700.00	32300.00	
02215500	0307	19370307	20150307	79	11215.32	8230.46	2940.00	40000.00		3390.00	3710.00	4500.00	5040.00	5510.00	6120.00	6740.00	7490.00	8170.00	8890.00	9680.00	11100.00	11800.00	13300.00	13600.00	14800.00	17000.00	21500.00	36800.00	
02215500	0308	19370308	20150308	79	11469.11	8554.96	2940.00	43000.00		3500.00	3810.00	4530.00	5180.00	5770.00	6390.00	7050.00	7260.00	8140.00	8910.00	9680.00	10800.00	12300.00	13500.00	14500.00	16600.00	17600.00	21500.00	33200.00	
02215500	0309	19370309	20150309	79	11678.99	8764.55	2940.00	47600.00		3400.00	3940.00	4680.00	5470.00	5850.00	6770.00	7120.00	7430.00	7930.00	8440.00	9480.00	10600.00	11500.00	13900.00	14700.00	16900.00	20300.00	22300.00	29800.00	
02215500	0310	19370310	20150310	79	11873.92	9224.87	2710.00	51800.00		3230.00	4050.00	4760.00	5520.00	6100.00	6820.00	7240.00	7650.00	7860.00	8730.00	9260.00	10400.00	12100.00	13600.00	14200.00	17000.00	19700.00	22800.00	33000.00	
02215500	0311	19370311	20150311	79	11806.58	9142.69	2570.00	51200.00		3130.00	4190.00	5000.00	5640.00	6210.00	6880.00	7260.00	7680.00	8320.00	8970.00	9400.00	10100.00	11900.00	12900.00	14200.00	16700.00	18600.00	21100.00	37400.00	
02215500	0312	19370312	20150312	79	11542.91	8811.72	2570.00	48500.00		3110.00	4090.00	5140.00	5730.00	5900.00	6750.00	7250.00	7600.00	8390.00	9150.00	9680.00	9840.00	11200.00	13100.00	14500.00	15900.00	18300.00	21500.00	32300.00	
02215500	0313	19370313	20150313	79	11397.97	8589.31	2710.00	49000.00		3060.00	3980.00	5240.00	5490.00	6070.00	6400.00	7080.00	7590.00	8440.00	9260.00	9680.00	10200.00	11500.00	12800.00	14200.00	15300.00	17900.00	20300.00	27100.00	
02215500	0314	19370314	20150314	79	11363.04	8623.36	2820.00	48600.00		3490.00	4060.00	5210.00	5520.00	5980.00	6450.00	6850.00	7290.00	7960.00	8980.00	9640.00	10700.00	11600.00	12800.00	13600.00	14900.00	19000.00	20700.00	26600.00	
02215500	0315	19370315	20150315	79	11234.30	8584.16	2780.00	55300.00		3660.00	4030.00	4800.00	5510.00	5960.00	6330.00	6850.00	7090.00	7840.00	8940.00	9700.00	11100.00	11500.00	12500.00	13600.00	15100.00	17400.00	20400.00	32700.00	
02215500	0316	19370316	20150316	79	11155.70	8828.84	2710.00	61900.00		3310.00	4030.00	4610.00	5420.00	5650.00	6400.00	6600.00	6910.00	7340.00	8830.00	9550.00	10800.00	11200.00	12400.00	13800.00	15900.00	16700.00	20100.00	30300.00	
02215500	0317	19370317	20150317	79	11062.28	8689.47	2710.00	60900.00		3620.00	3980.00	4360.00	5130.00	6000.00	6340.00	6690.00	7020.00	7590.00	8910.00	9260.00	10400.00	10900.00	11700.00	13300.00	15000.00	18000.00	22600.00	28600.00	
02215500	0318	19370318	20150318	79	10888.61	8256.24	2640.00	53800.00		3620.00	4150.00	4280.00	4950.00	5840.00	6150.00	6550.00	6850.00	7540.00	8940.00	9270.00	10300.00	10900.00	11400.00	11900.00	14700.00	17800.00	22800.00	25500.00	
02215500	0319	19370319	20150319	79	10703.42	7893.33	2640.00	47700.00		3630.00	3990.00	4420.00	4810.00	5550.00	6000.00	6600.00	6880.00	7720.00	8540.00	9480.00	10200.00	10600.00	11300.00	13000.00	14700.00	16600.00	20800.00	29800.00	
02215500	0320	19370320	20150320	79	10493.29	7436.65	2760.00	41600.00		3450.00	3930.00	4670.00	5040.00	5440.00	6100.00	6300.00	7110.00	7600.00	8300.00	9260.00	9820.00	10200.00	11900.00	13700.00	15100.00	15500.00	19600.00	25600.00	
02215500	0321	19370321	20150321	79	10353.16	6903.56	2940.00	41800.00		3360.00	3980.00	4950.00	5310.00	5790.00	6000.00	6640.00	6960.00	7840.00	8440.00	9120.00	9710.00	10200.00	12300.00	13400.00	13900.00	17100.00	19200.00	23600.00	
02215500	0322	19370322	20150322	79	10248.23	6472.85	3000.00	40500.00		3240.00	4010.00	5100.00	5490.00	5970.00	6400.00	6880.00	7260.00	7810.00	8590.00	9400.00	9820.00	10100.00	11400.00	13000.00	13600.00	16200.00	19600.00	24300.00	
02215500	0323	19370323	20150323	79	10191.90	6253.55	3070.00	37200.00		3290.00	3850.00	5130.00	5630.00	5910.00	6490.00	6950.00	7500.00	8030.00	8340.00	9020.00	9820.00	10600.00	12100.00	13300.00	13900.00	15900.00	18200.00	22200.00	
02215500	0324	19370324	20150324	79	10240.25	6425.12	2940.00	42000.00		3270.00	3900.00	5040.00	5620.00	6000.00	6630.00	6960.00	7480.00	8080.00	8800.00	9290.00	9780.00	10200.00	12200.00	13300.00	14200.00	16400.00	17500.00	21000.00	
02215500	0325	19370325	20150325	79	10338.73	6647.66	2820.00	47000.00		3430.00	4060.00	4950.00	5460.00	6030.00	6530.00	7020.00	7590.00	8000.00	8760.00	9420.00	10000.00	10200.00	12500.00	13000.00	13700.00	15700.00	17700.00	20300.00	
02215500	0326	19370326	20150326	79	10385.70	6521.41	2680.00	43000.00		3410.00	4360.00	4880.00	5310.00	5990.00	6440.00	6790.00	7410.00	7900.00	8920.00	9650.00	9970.00	11400.00	12100.00	13000.00	14000.00	15900.00	18500.00	23600.00	
02215500	0327	19370327	20150327	79	10500.00	6894.72	2470.00	39000.00		3540.00	4110.00	4910.00	5200.00	6070.00	6160.00	6470.00	7120.00	8020.00	8720.00	9260.00	10500.00	11300.00	11900.00	12900.00	14200.00	16000.00	19200.00	24100.00	
02215500	0328	19370328	20150328	79	10686.96	7281.00	2300.00	41100.00		3460.00	4090.00	4950.00	5120.00	5880.00	6040.00	6440.00	7000.00	7460.00	8840.00	9100.00	10300.00	11200.00	12200.00	13400.00	15100.00	18500.00	19700.00	28600.00	
02215500	0329	19370329	20150329	79	11095.95	8294.41	2200.00	45400.00		3350.00	4090.00	4710.00	5410.00	5730.00	6150.00	6480.00	7050.00	7360.00	8600.00	9160.00	10000.00	11700.00	12400.00	13600.00	14900.00	18500.00	20200.00	32100.00	
02215500	0330	19370330	20150330	79	11435.06	9501.62	2160.00	56400.00		3490.00	3860.00	4440.00	5510.00	5730.00	6250.00	6870.00	7040.00	7710.00	8320.00	8700.00	10000.00	10900.00	13100.00	14100.00	17200.00	17800.00	21400.00	30400.00	
02215500	0331	19370331	20150331	79	11601.77	9855.92	2140.00	59600.00		3540.00	3890.00	4470.00	5360.00	5820.00	6270.00	6780.00	7120.00	8110.00	8560.00	9430.00	10500.00	10700.00	13000.00	14400.00	15700.00	18500.00	22200.00	31400.00	
02215500	0401	19370401	20150401	79	11587.09	9487.07	2090.00	57200.00		3490.00	3900.00	4380.00	5160.00	5860.00	6510.00	6720.00	7790.00	8300.00	8980.00	9480.00	10300.00	11000.00	12600.00	14500.00	15300.00	19600.00	21900.00	32700.00	
02215500	0402	19370402	20150402	79	11580.51	9364.30	2000.00	50400.00		3360.00	3710.00	4480.00	5500.00	5630.00	6510.00	6780.00	7500.00	7830.00	8580.00	9480.00	10600.00	11300.00	11900.00	13500.00	15700.00	18300.00	22300.00	37900.00	
02215500	0403	19370403	20150403	79	11441.65	9215.30	1920.00	47500.00		3250.00	3680.00	4520.00	5400.00	5800.00	6420.00	6680.00	7240.00	7480.00	8560.00	9480.00	10600.00	11400.00	11700.00	12500.00	15800.00	18700.00	21900.00	37500.00	
02215500	0404	19370404	20150404	79	11122.03	8744.62	1880.00	44700.00		3150.00	3540.00	4370.00	4980.00	5830.00	6330.00	6680.00	7000.00	8020.00	8300.00	9260.00	10100.00	10400.00	11700.00	14500.00	16100.00	17700.00	20200.00	35300.00	
02215500	0405	19370405	20150405	79	10801.14	8156.46	1920.00	39600.00		3230.00	3730.00	4210.00	4960.00	5520.00	6330.00	6750.00	6920.00	7690.00	8080.00	8560.00	9180.00	10900.00	11500.00	13100.00	15400.00	18900.00	22100.00	33500.00	
02215500	0406	19370406	20150406	79	10762.15	8225.32	1920.00	39200.00		3320.00	3770.00	4390.00	4710.00	5420.00	6330.00	6700.00	7100.00	7460.00	7760.00	8300.00	9480.00	10400.00	11700.00	12500.00	14500.00	17100.00	26100.00	29800.00	
02215500	0407	19370407	20150407	79	10846.20	8694.43	1950.00	45000.00		3280.00	3720.00	4130.00	4630.00	5310.00	6400.00	6510.00	7150.00	7370.00	7760.00	8780.00	9970.00	10600.00	11300.00	12100.00	13500.00	17400.00	27100.00	31600.00	
02215500	0408	19370408	20150408	79	10860.89	8975.25	2080.00	46900.00		3150.00	3360.00	3910.00	4790.00	5640.00	6300.00	6520.00	6700.00	7210.00	8150.00	9260.00	9800.00	10700.00	11200.00	11900.00	13700.00	17500.00	25600.00	34000.00	
02215500	0409	19370409	20150409	79	10727.72	8632.97	1970.00	45300.00		3040.00	3420.00	3880.00	4890.00	5830.00	6180.00	6330.00	6670.00	7230.00	8590.00	9140.00	10200.00	10500.00	11400.00	12100.00	13300.00	17200.00	23900.00	33500.00	
02215500	0410	19370410	20150410	79	10589.11	8087.45	1910.00	42700.00		2860.00	3400.00	3880.00	4750.00	5650.00	6000.00	6400.00	6760.00	7410.00	8470.00	9240.00	10000.00	11000.00	12400.00	12800.00	13600.00	15700.00	22400.00	30100.00	
02215500	0411	19370411	20150411	79	10425.32	7535.86	1890.00	39800.00		2700.00	3420.00	4030.00	4780.00	5400.00	6020.00	6340.00	6700.00	7260.00	8840.00	9480.00	9820.00	10900.00	12100.00	13100.00	14400.00	16400.00	19600.00	25600.00	
02215500	0412	19370412	20150412	79	10237.85	6999.11	1850.00	35700.00		2620.00	3400.00	4150.00	4870.00	5600.00	5950.00	6300.00	6910.00	7700.00	8440.00	9260.00	10700.00	11100.00	11800.00	12600.00	13900.00	16600.00	19900.00	26000.00	
02215500	0413	19370413	20150413	79	9926.33	6499.14	1740.00	31400.00		2710.00	3380.00	4200.00	4950.00	5560.00	5890.00	6290.00	6850.00	7480.00	8080.00	9400.00	10600.00	11000.00	11300.00	11600.00	13300.00	16300.00	18600.00	27300.00	
02215500	0414	19370414	20150414	79	9646.08	6173.56	1620.00	29300.00		2710.00	3340.00	4180.00	4680.00	5230.00	6030.00	6270.00	6870.00	7370.00	7740.00	9530.00	9740.00	10300.00	10900.00	11400.00	12800.00	16400.00	19200.00	23800.00	
02215500	0415	19370415	20150415	79	9548.73	6290.61	1510.00	28100.00		2610.00	3160.00	4180.00	4680.00	5200.00	5900.00	6250.00	7000.00	7320.00	7780.00	8530.00	9590.00	9950.00	10400.00	11400.00	12800.00	17300.00	18800.00	25100.00	
02215500	0416	19370416	20150416	79	9663.42	6944.71	1430.00	37900.00		2540.00	3050.00	3990.00	4910.00	5050.00	5710.00	5990.00	6700.00	7150.00	7480.00	8210.00	8900.00	9360.00	10400.00	12100.00	13000.00	18100.00	19200.00	24100.00	
02215500	0417	19370417	20150417	79	9700.13	7547.01	1510.00	47500.00		2470.00	3040.00	3820.00	4420.00	5050.00	5460.00	5690.00	6510.00	6750.00	7120.00	7990.00	8780.00	9290.00	10900.00	12200.00	14000.00	18500.00	19000.00	21500.00	
02215500	0418	19370418	20150418	79	9550.00	7523.83	1530.00	47500.00		2650.00	3040.00	3540.00	3890.00	5050.00	5360.00	5550.00	6180.00	6330.00	7120.00	7600.00	8160.00	8890.00	10900.00	11700.00	15300.00	17500.00	18000.00	24000.00	
02215500	0419	19370419	20150419	79	9292.03	7231.97	1420.00	43300.00		2670.00	3080.00	3550.00	3890.00	4730.00	5090.00	5500.00	5970.00	6160.00	6600.00	7120.00	8080.00	8460.00	11100.00	12300.00	15200.00	15700.00	18000.00	23000.00	
02215500	0420	19370420	20150420	79	8934.43	6699.52	1320.00	34600.00		2780.00	3010.00	3520.00	4170.00	4470.00	4900.00	5450.00	5720.00	5820.00	6340.00	6760.00	7620.00	8380.00	10600.00	12000.00	13100.00	14800.00	17800.00	24800.00	
02215500	0421	19370421	20150421	79	8541.65	6182.41	1270.00	28100.00		2580.00	3200.00	3590.00	4040.00	4390.00	4510.00	5260.00	5390.00	5640.00	6160.00	6740.00	7360.00	8470.00	10200.00	11000.00	12600.00	14200.00	17600.00	24400.00	
02215500	0422	19370422	20150422	79	8160.00	5620.92	1270.00	26600.00		2430.00	3110.00	3650.00	3820.00	4230.00	4610.00	4950.00	5200.00	5560.00	6000.00	6700.00	7840.00	8420.00	9540.00	10800.00	11800.00	14000.00	17800.00	22000.00	
02215500	0423	19370423	20150423	79	7808.86	5206.17	1250.00	23200.00		2320.00	3020.00	3450.00	3780.00	4050.00	4390.00	4960.00	5090.00	5230.00	6000.00	6690.00	7680.00	8200.00	9160.00	10200.00	10900.00	13000.00	17800.00	19700.00	
02215500	0424	19370424	20150424	79	7542.66	5008.57	1320.00	21400.00		2320.00	2910.00	3170.00	3600.00	3990.00	4310.00	4740.00	4920.00	5190.00	5820.00	6240.00	7000.00	8200.00	8660.00	9820.00	10800.00	13200.00	15700.00	19200.00	
02215500	0425	19370425	20150425	79	7285.82	4819.12	1500.00	20800.00		2210.00	2730.00	3050.00	3410.00	4150.00	4310.00	4580.00	4960.00	5310.00	5590.00	6040.00	6480.00	7540.00	8520.00	9120.00	9940.00	13500.00	15100.00	19200.00	
02215500	0426	19370426	20150426	79	7053.42	4593.03	1600.00	19600.00		2120.00	2590.00	2800.00	3190.00	3910.00	4230.00	4380.00	4910.00	5450.00	5850.00	5980.00	6230.00	6940.00	8440.00	8580.00	9400.00	12500.00	14800.00	18500.00	
02215500	0427	19370427	20150427	79	6876.33	4451.38	1580.00	22300.00		2090.00	2520.00	3030.00	3170.00	3650.00	4030.00	4360.00	5050.00	5260.00	5560.00	6000.00	6510.00	6920.00	7960.00	8570.00	9470.00	11500.00	15000.00	17200.00	
02215500	0428	19370428	20150428	79	6778.35	4532.71	1470.00	28100.00		2090.00	2470.00	3030.00	3170.00	3680.00	4080.00	4470.00	4740.00	5040.00	5600.00	5800.00	6400.00	6970.00	7510.00	8220.00	9120.00	11600.00	13300.00	16000.00	
02215500	0429	19370429	20150429	79	6660.25	4664.93	1340.00	32700.00		2090.00	2480.00	3100.00	3190.00	3700.00	4000.00	4510.00	4770.00	5160.00	5290.00	5700.00	6400.00	6720.00	7240.00	8120.00	9190.00	10700.00	13000.00	14600.00	
02215500	0430	19370430	20150430	79	6484.56	4525.36	1240.00	31500.00		2000.00	2480.00	3070.00	3450.00	3610.00	3880.00	4350.00	4630.00	5040.00	5340.00	5630.00	6300.00	6480.00	6860.00	7940.00	8760.00	10700.00	12200.00	13600.00	
02215500	0501	19370501	20150501	79	6302.66	4319.09	1180.00	28600.00		1930.00	2440.00	3010.00	3500.00	3590.00	3690.00	4140.00	4470.00	4880.00	5400.00	5580.00	5920.00	6500.00	6760.00	7820.00	8320.00	9850.00	11200.00	13500.00	
02215500	0502	19370502	20150502	79	6159.75	4143.39	1140.00	26600.00		1940.00	2400.00	3000.00	3300.00	3540.00	3730.00	3850.00	4240.00	4750.00	5210.00	5600.00	6070.00	6290.00	7100.00	7360.00	8460.00	9320.00	11100.00	14300.00	
02215500	0503	19370503	20150503	79	6032.66	3909.81	1100.00	24600.00		1930.00	2460.00	2850.00	3190.00	3550.00	3660.00	3780.00	4250.00	4690.00	5070.00	5700.00	5760.00	6200.00	6850.00	7600.00	8540.00	9400.00	10600.00	14300.00	
02215500	0504	19370504	20150504	79	5937.22	3666.38	1060.00	22300.00		2040.00	2390.00	2780.00	3130.00	3390.00	3660.00	3830.00	4380.00	4540.00	4960.00	5500.00	5890.00	6100.00	6780.00	7700.00	8260.00	9370.00	10500.00	13900.00	
02215500	0505	19370505	20150505	79	5917.47	3557.79	1020.00	20700.00		2120.00	2340.00	2710.00	2940.00	3310.00	3660.00	3940.00	4440.00	4710.00	5130.00	5430.00	5750.00	6330.00	7280.00	7650.00	8320.00	9140.00	10400.00	13700.00	
02215500	0506	19370506	20150506	79	5972.72	3701.98	995.00	20700.00		2030.00	2430.00	2630.00	2760.00	3190.00	3760.00	3990.00	4460.00	4890.00	5160.00	5450.00	5820.00	6250.00	6980.00	7440.00	8110.00	9580.00	11200.00	13600.00	
02215500	0507	19370507	20150507	79	6055.75	3986.97	994.00	21100.00		1940.00	2430.00	2590.00	2880.00	3160.00	3680.00	3900.00	4390.00	4640.00	5130.00	5550.00	5800.00	6100.00	6870.00	7390.00	8010.00	9680.00	11300.00	14400.00	
02215500	0508	19370508	20150508	79	6064.94	4205.28	1020.00	23200.00		1800.00	2340.00	2610.00	3000.00	3150.00	3480.00	3800.00	4280.00	4470.00	5010.00	5380.00	5820.00	6400.00	6720.00	7830.00	8080.00	9450.00	11900.00	12800.00	
02215500	0509	19370509	20150509	79	6031.77	4347.31	1040.00	26600.00		1660.00	2280.00	2570.00	2940.00	3100.00	3380.00	3690.00	4160.00	4400.00	4820.00	5220.00	5720.00	6210.00	6680.00	7280.00	8710.00	10200.00	11000.00	15200.00	
02215500	0510	19370510	20150510	79	6000.71	4505.09	956.00	28600.00		1610.00	2280.00	2430.00	2940.00	3100.00	3300.00	3640.00	3830.00	4330.00	4670.00	5220.00	5630.00	6080.00	6540.00	7480.00	8520.00	9550.00	10300.00	16600.00	
02215500	0511	19370511	20150511	79	6023.92	4965.64	930.00	31500.00		1830.00	2280.00	2500.00	2940.00	2990.00	3290.00	3520.00	3700.00	4120.00	4520.00	5070.00	5390.00	5870.00	6580.00	7310.00	8790.00	9330.00	9820.00	16000.00	
02215500	0512	19370512	20150512	79	6045.62	5523.09	914.00	34000.00		1820.00	2370.00	2530.00	2700.00	3030.00	3240.00	3420.00	3540.00	4150.00	4360.00	4960.00	5210.00	5640.00	6260.00	6770.00	8580.00	9280.00	11300.00	15000.00	
02215500	0513	19370513	20150513	79	5995.28	5745.42	917.00	35300.00		1740.00	2190.00	2500.00	2780.00	2960.00	3110.00	3380.00	3550.00	3830.00	4270.00	4660.00	4990.00	5470.00	6050.00	6950.00	7720.00	9660.00	11200.00	14400.00	
02215500	0514	19370514	20150514	79	5858.63	5408.32	922.00	33400.00		1660.00	2110.00	2500.00	2800.00	3040.00	3180.00	3430.00	3630.00	3770.00	4140.00	4330.00	4640.00	5470.00	5970.00	6860.00	8030.00	9810.00	11900.00	13300.00	
02215500	0515	19370515	20150515	79	5661.92	4807.17	932.00	29200.00		1660.00	2120.00	2570.00	2760.00	3000.00	3290.00	3510.00	3760.00	3870.00	3990.00	4090.00	4350.00	5300.00	5990.00	6850.00	7990.00	10000.00	11600.00	12900.00	
02215500	0516	19370516	20150516	79	5423.18	4220.12	941.00	25600.00		1630.00	2070.00	2500.00	2700.00	2850.00	3160.00	3250.00	3540.00	3810.00	3900.00	4230.00	4460.00	5220.00	5630.00	6390.00	7790.00	9580.00	11000.00	13300.00	
02215500	0517	19370517	20150517	79	5194.62	3779.76	945.00	21900.00		1580.00	2000.00	2420.00	2590.00	2760.00	2900.00	3300.00	3420.00	3600.00	3990.00	4180.00	4290.00	5040.00	5310.00	6690.00	7320.00	9240.00	10300.00	13300.00	
02215500	0518	19370518	20150518	79	5019.37	3508.34	1020.00	18800.00		1530.00	1980.00	2400.00	2480.00	2620.00	3030.00	3270.00	3310.00	3580.00	3890.00	3970.00	4160.00	4770.00	5300.00	6500.00	7100.00	8580.00	10100.00	13500.00	
02215500	0519	19370519	20150519	79	4910.63	3391.93	1100.00	17400.00		1490.00	1980.00	2330.00	2550.00	2670.00	2940.00	3170.00	3300.00	3430.00	3520.00	3800.00	4100.00	4830.00	5560.00	6640.00	7100.00	7750.00	10200.00	12500.00	
02215500	0520	19370520	20150520	79	4818.73	3244.06	1250.00	18300.00		1560.00	1970.00	2270.00	2480.00	2640.00	2880.00	3040.00	3190.00	3430.00	3570.00	3790.00	4060.00	4500.00	5630.00	6200.00	6990.00	7380.00	10100.00	11500.00	
02215500	0521	19370521	20150521	79	4695.19	3016.94	1360.00	16800.00		1620.00	1970.00	2170.00	2460.00	2640.00	2780.00	2980.00	3340.00	3520.00	3680.00	3790.00	3890.00	4340.00	5640.00	6410.00	6930.00	7800.00	9270.00	10800.00	
02215500	0522	19370522	20150522	79	4559.62	2794.44	1320.00	14100.00		1590.00	1940.00	2120.00	2370.00	2550.00	2740.00	2860.00	3120.00	3450.00	3610.00	3800.00	3990.00	4590.00	5390.00	5740.00	7210.00	8050.00	9400.00	10900.00	
02215500	0523	19370523	20150523	79	4457.09	2739.26	1170.00	14200.00		1530.00	1930.00	2060.00	2330.00	2550.00	2710.00	2860.00	3060.00	3310.00	3670.00	3730.00	4050.00	4320.00	5270.00	5630.00	6900.00	7500.00	9020.00	10200.00	
02215500	0524	19370524	20150524	79	4400.51	2953.21	1040.00	18800.00		1490.00	1890.00	2070.00	2230.00	2460.00	2580.00	2640.00	2960.00	3180.00	3380.00	3670.00	3990.00	4390.00	5110.00	5750.00	6700.00	6990.00	8320.00	9680.00	
02215500	0525	19370525	20150525	79	4340.99	3165.53	968.00	22400.00		1530.00	1870.00	2120.00	2180.00	2290.00	2470.00	2610.00	2880.00	3000.00	3510.00	3660.00	3910.00	4350.00	4920.00	5470.00	6420.00	6900.00	7480.00	10100.00	
02215500	0526	19370526	20150526	79	4266.90	3208.14	925.00	23300.00		1500.00	1840.00	2130.00	2210.00	2270.00	2470.00	2610.00	2710.00	3080.00	3450.00	3720.00	4030.00	4160.00	4710.00	5110.00	5820.00	6200.00	7810.00	10600.00	
02215500	0527	19370527	20150527	79	4207.22	3072.72	880.00	21400.00		1450.00	1830.00	2090.00	2180.00	2240.00	2460.00	2660.00	2820.00	3130.00	3440.00	3840.00	4030.00	4220.00	4590.00	4830.00	5530.00	6020.00	7990.00	10400.00	
02215500	0528	19370528	20150528	79	4138.34	2854.72	869.00	18600.00		1410.00	1800.00	1890.00	2110.00	2280.00	2530.00	2640.00	2910.00	3180.00	3420.00	3630.00	3940.00	4400.00	4590.00	4910.00	5390.00	5910.00	8360.00	9680.00	
02215500	0529	19370529	20150529	79	4081.33	2646.46	905.00	15900.00		1400.00	1760.00	1840.00	2050.00	2280.00	2500.00	2680.00	3060.00	3160.00	3380.00	3490.00	4030.00	4440.00	4600.00	4910.00	5260.00	5630.00	7670.00	9400.00	
02215500	0530	19370530	20150530	79	4037.43	2519.12	877.00	13500.00		1350.00	1710.00	1810.00	1990.00	2160.00	2440.00	2780.00	3050.00	3210.00	3510.00	3640.00	3970.00	4400.00	4600.00	4940.00	5220.00	5990.00	7210.00	9400.00	
02215500	0531	19370531	20150531	79	3982.80	2457.09	831.00	12700.00		1360.00	1580.00	1770.00	2000.00	2110.00	2400.00	2630.00	3000.00	3300.00	3520.00	3610.00	3910.00	4300.00	4500.00	4860.00	5230.00	5910.00	7220.00	10900.00	
02215500	0601	19370601	20150601	79	3984.92	2515.98	799.00	13200.00		1350.00	1620.00	1770.00	1980.00	2120.00	2480.00	2820.00	3110.00	3280.00	3460.00	3710.00	3900.00	4240.00	4390.00	4880.00	5550.00	6050.00	6550.00	9020.00	
02215500	0602	19370602	20150602	79	4027.28	2678.77	785.00	15800.00		1400.00	1570.00	1900.00	1980.00	2140.00	2520.00	2850.00	3080.00	3140.00	3670.00	3900.00	3960.00	4070.00	4350.00	4570.00	5250.00	6100.00	6780.00	8540.00	
02215500	0603	19370603	20150603	79	4041.63	2781.38	789.00	17600.00		1390.00	1570.00	1900.00	1960.00	2240.00	2690.00	3000.00	3100.00	3260.00	3500.00	3780.00	3900.00	4160.00	4290.00	4520.00	5220.00	5980.00	6400.00	8900.00	
02215500	0604	19370604	20150604	79	4018.80	2702.12	785.00	17200.00		1380.00	1510.00	1840.00	1930.00	2150.00	2500.00	3090.00	3170.00	3280.00	3440.00	3690.00	3910.00	4140.00	4270.00	4510.00	5310.00	5840.00	6650.00	8510.00	
02215500	0605	19370605	20150605	79	3959.56	2486.71	795.00	15000.00		1340.00	1480.00	1790.00	1880.00	2100.00	2740.00	2890.00	3080.00	3310.00	3540.00	3680.00	3780.00	4190.00	4340.00	4440.00	5470.00	6030.00	7260.00	8750.00	
02215500	0606	19370606	20150606	79	3938.15	2300.16	844.00	12100.00		1380.00	1460.00	1700.00	1900.00	2040.00	2500.00	2760.00	3100.00	3280.00	3450.00	3670.00	4050.00	4230.00	4500.00	4720.00	5700.00	6420.00	7050.00	8330.00	
02215500	0607	19370607	20150607	79	3912.53	2233.10	830.00	9660.00		1390.00	1440.00	1700.00	1880.00	1990.00	2380.00	2570.00	3010.00	3260.00	3520.00	3700.00	4110.00	4300.00	4500.00	4710.00	5700.00	6630.00	7430.00	9420.00	
02215500	0608	19370608	20150608	79	3915.90	2330.45	796.00	11800.00		1360.00	1440.00	1640.00	1890.00	1970.00	2360.00	2450.00	3040.00	3270.00	3550.00	3710.00	4110.00	4390.00	4590.00	4800.00	5400.00	6270.00	7370.00	8830.00	
02215500	0609	19370609	20150609	79	3961.25	2530.74	779.00	13700.00		1340.00	1470.00	1740.00	1860.00	2020.00	2310.00	2570.00	2910.00	3250.00	3380.00	3820.00	4110.00	4370.00	4710.00	4870.00	5220.00	6100.00	7240.00	8560.00	
02215500	0610	19370610	20150610	79	3990.08	2659.03	816.00	14400.00		1320.00	1440.00	1740.00	1810.00	2160.00	2350.00	2780.00	2850.00	3190.00	3490.00	3650.00	3990.00	4300.00	4590.00	4960.00	5200.00	5740.00	7120.00	8860.00	
02215500	0611	19370611	20150611	79	3938.27	2599.35	913.00	14100.00		1310.00	1450.00	1680.00	1810.00	2100.00	2500.00	2750.00	2960.00	3270.00	3320.00	3570.00	3880.00	4190.00	4380.00	4890.00	5060.00	6080.00	6930.00	8710.00	
02215500	0612	19370612	20150612	79	3879.66	2470.44	983.00	13200.00		1280.00	1410.00	1710.00	1790.00	2100.00	2660.00	2780.00	2850.00	3150.00	3320.00	3640.00	3880.00	4030.00	4120.00	4590.00	5080.00	5500.00	7330.00	9820.00	
02215500	0613	19370613	20150613	79	3776.08	2325.13	1050.00	12100.00		1240.00	1370.00	1620.00	1790.00	2220.00	2570.00	2820.00	2990.00	3090.00	3310.00	3420.00	3730.00	3910.00	4180.00	4480.00	4770.00	5390.00	7260.00	9530.00	
02215500	0614	19370614	20150614	79	3690.00	2223.16	1030.00	13000.00		1200.00	1370.00	1580.00	1790.00	2220.00	2530.00	2730.00	2950.00	3070.00	3200.00	3430.00	3660.00	3760.00	3970.00	4440.00	4860.00	5510.00	6950.00	8600.00	
02215500	0615	19370615	20150615	79	3619.11	2114.61	1090.00	13000.00		1270.00	1380.00	1580.00	1750.00	2160.00	2510.00	2740.00	2890.00	3100.00	3220.00	3450.00	3590.00	3730.00	3940.00	4150.00	4920.00	5620.00	6480.00	8120.00	
02215500	0616	19370616	20150616	79	3530.38	1977.15	1080.00	11500.00		1290.00	1480.00	1580.00	1810.00	2030.00	2610.00	2700.00	2920.00	3080.00	3220.00	3370.00	3590.00	3680.00	3750.00	3960.00	4710.00	5700.00	6070.00	8830.00	
02215500	0617	19370617	20150617	79	3464.18	1930.82	1090.00	10400.00		1250.00	1500.00	1650.00	1790.00	1960.00	2610.00	2700.00	2760.00	3050.00	3100.00	3340.00	3410.00	3660.00	3780.00	3960.00	4390.00	4860.00	6140.00	8870.00	
02215500	0618	19370618	20150618	79	3409.24	1920.20	1070.00	10700.00		1200.00	1500.00	1660.00	1750.00	2010.00	2470.00	2570.00	2790.00	2890.00	3050.00	3190.00	3440.00	3540.00	3680.00	3970.00	4380.00	4680.00	5950.00	7820.00	
02215500	0619	19370619	20150619	79	3388.10	1978.68	1090.00	10800.00		1160.00	1500.00	1670.00	1760.00	2030.00	2450.00	2630.00	2700.00	2760.00	2960.00	3150.00	3260.00	3410.00	3680.00	3930.00	4330.00	4670.00	5980.00	7940.00	
02215500	0620	19370620	20150620	79	3368.48	1975.62	1100.00	11200.00		1180.00	1420.00	1700.00	1870.00	2100.00	2570.00	2630.00	2750.00	2830.00	2910.00	3070.00	3170.00	3410.00	3600.00	3960.00	4230.00	4550.00	5950.00	8080.00	
02215500	0621	19370621	20150621	79	3349.49	1932.81	1100.00	11000.00		1190.00	1330.00	1700.00	1870.00	2160.00	2550.00	2630.00	2700.00	2760.00	2920.00	3170.00	3370.00	3580.00	3750.00	3850.00	3990.00	4180.00	5660.00	8460.00	
02215500	0622	19370622	20150622	79	3329.37	1896.24	1090.00	10500.00		1210.00	1280.00	1610.00	1820.00	2220.00	2470.00	2630.00	2670.00	2820.00	3010.00	3240.00	3340.00	3490.00	3640.00	3750.00	3930.00	4620.00	5280.00	7680.00	
02215500	0623	19370623	20150623	79	3283.42	1842.71	1080.00	10000.00		1170.00	1270.00	1680.00	1830.00	2150.00	2480.00	2550.00	2700.00	2820.00	3000.00	3080.00	3220.00	3310.00	3430.00	3790.00	4100.00	4530.00	5070.00	7820.00	
02215500	0624	19370624	20150624	79	3276.20	1845.33	1070.00	9680.00		1150.00	1260.00	1790.00	1860.00	2100.00	2370.00	2610.00	2700.00	2880.00	2940.00	3060.00	3190.00	3300.00	3590.00	3830.00	4070.00	4460.00	5480.00	9150.00	
02215500	0625	19370625	20150625	79	3257.59	1842.30	1050.00	10600.00		1170.00	1250.00	1730.00	1820.00	2160.00	2340.00	2570.00	2720.00	2850.00	2980.00	3020.00	3100.00	3190.00	3520.00	3830.00	4030.00	4210.00	5770.00	8060.00	
02215500	0626	19370626	20150626	79	3245.44	1866.21	1010.00	11100.00		1130.00	1230.00	1680.00	1800.00	2200.00	2370.00	2590.00	2700.00	2800.00	2880.00	2960.00	3070.00	3220.00	3450.00	3800.00	4000.00	4450.00	5140.00	7720.00	
02215500	0627	19370627	20150627	79	3264.91	1897.53	988.00	10800.00		1130.00	1320.00	1680.00	1840.00	2220.00	2450.00	2520.00	2630.00	2760.00	2780.00	2960.00	3070.00	3240.00	3540.00	3930.00	4260.00	4540.00	5220.00	7220.00	
02215500	0628	19370628	20150628	79	3222.09	1780.75	955.00	9560.00		1110.00	1250.00	1670.00	1790.00	2210.00	2310.00	2500.00	2570.00	2730.00	2820.00	2960.00	3100.00	3340.00	3500.00	3850.00	4370.00	4890.00	5310.00	6640.00	
02215500	0629	19370629	20150629	79	3174.85	1703.31	923.00	9670.00		1120.00	1240.00	1650.00	1740.00	2060.00	2220.00	2360.00	2570.00	2650.00	2760.00	3000.00	3150.00	3380.00	3560.00	3940.00	4390.00	4680.00	5400.00	6490.00	
02215500	0630	19370630	20150630	79	3129.10	1687.43	899.00	10200.00		1130.00	1290.00	1620.00	1840.00	2040.00	2160.00	2360.00	2500.00	2570.00	2640.00	2850.00	3240.00	3520.00	3580.00	3680.00	4220.00	4550.00	5390.00	6300.00	
02215500	0701	19370701	20150701	79	3123.73	1710.85	877.00	10400.00		1150.00	1340.00	1670.00	1810.00	2050.00	2170.00	2320.00	2430.00	2590.00	2700.00	2790.00	3060.00	3500.00	3550.00	3830.00	4220.00	4620.00	5230.00	6080.00	
02215500	0702	19370702	20150702	79	3146.32	1748.09	870.00	10400.00		1170.00	1490.00	1730.00	1950.00	2050.00	2230.00	2290.00	2380.00	2570.00	2630.00	2860.00	3060.00	3310.00	3630.00	3750.00	4380.00	4690.00	5220.00	6000.00	
02215500	0703	19370703	20150703	79	3179.62	1761.71	851.00	11000.00		1200.00	1460.00	1680.00	2010.00	2190.00	2250.00	2300.00	2370.00	2440.00	2620.00	2980.00	3200.00	3330.00	3600.00	4020.00	4300.00	4730.00	5380.00	6300.00	
02215500	0704	19370704	20150704	79	3228.57	1799.08	865.00	11500.00		1150.00	1400.00	1650.00	2090.00	2180.00	2220.00	2240.00	2360.00	2570.00	2640.00	3190.00	3310.00	3400.00	3730.00	4030.00	4430.00	4900.00	5360.00	6640.00	
02215500	0705	19370705	20150705	79	3268.06	1869.64	900.00	12000.00		1160.00	1360.00	1670.00	2060.00	2140.00	2160.00	2230.00	2430.00	2570.00	2820.00	3150.00	3380.00	3570.00	3870.00	3990.00	4460.00	4820.00	5230.00	6950.00	
02215500	0706	19370706	20150706	79	3262.20	1901.37	936.00	12000.00		1170.00	1340.00	1620.00	1880.00	2070.00	2170.00	2260.00	2370.00	2640.00	2880.00	3070.00	3400.00	3610.00	3910.00	3990.00	4200.00	4750.00	4950.00	6590.00	
02215500	0707	19370707	20150707	79	3240.28	1882.54	951.00	12000.00		1130.00	1300.00	1620.00	1770.00	2100.00	2170.00	2300.00	2440.00	2720.00	2870.00	3070.00	3300.00	3550.00	3770.00	4030.00	4320.00	4500.00	5130.00	6430.00	
02215500	0708	19370708	20150708	79	3273.14	1909.33	942.00	12800.00		1100.00	1290.00	1560.00	1910.00	2120.00	2160.00	2500.00	2580.00	2670.00	2950.00	3150.00	3310.00	3520.00	3820.00	4150.00	4380.00	4580.00	5170.00	6390.00	
02215500	0709	19370709	20150709	79	3283.85	1992.91	977.00	13600.00		1090.00	1300.00	1500.00	1880.00	2050.00	2220.00	2440.00	2560.00	2720.00	3030.00	3270.00	3380.00	3520.00	3560.00	4120.00	4460.00	4780.00	5150.00	6020.00	
02215500	0710	19370710	20150710	79	3263.96	2059.74	989.00	14200.00		1080.00	1290.00	1560.00	1760.00	1980.00	2240.00	2370.00	2470.00	2640.00	2900.00	3210.00	3370.00	3550.00	3710.00	4040.00	4270.00	4730.00	5080.00	6080.00	
02215500	0711	19370711	20150711	79	3289.86	2096.38	975.00	13300.00		1070.00	1290.00	1460.00	1800.00	1910.00	2200.00	2270.00	2410.00	2790.00	3060.00	3250.00	3380.00	3600.00	3850.00	3990.00	4190.00	4470.00	4960.00	6510.00	
02215500	0712	19370712	20150712	79	3516.46	2914.70	1010.00	21000.00		1060.00	1300.00	1450.00	1760.00	1910.00	2160.00	2240.00	2570.00	2850.00	3130.00	3250.00	3310.00	3790.00	3910.00	4150.00	4230.00	4330.00	5010.00	11900.00	
02215500	0713	19370713	20150713	79	4057.76	7150.52	951.00	63600.00		1050.00	1250.00	1480.00	1720.00	1840.00	2090.00	2270.00	2490.00	2900.00	3030.00	3150.00	3370.00	3590.00	3960.00	4070.00	4310.00	4600.00	5030.00	10600.00	
02215500	0714	19370714	20150714	79	4310.67	9921.90	934.00	89000.00		1040.00	1240.00	1480.00	1690.00	1920.00	2110.00	2190.00	2370.00	2700.00	2910.00	2960.00	3080.00	3380.00	3750.00	3850.00	4280.00	4770.00	5160.00	9010.00	
02215500	0715	19370715	20150715	79	4304.94	10114.15	897.00	90700.00		1070.00	1240.00	1490.00	1680.00	1920.00	2030.00	2170.00	2290.00	2570.00	2710.00	2840.00	3090.00	3200.00	3490.00	3910.00	4380.00	4800.00	5310.00	8110.00	
02215500	0716	19370716	20150716	79	4208.86	8958.24	883.00	80000.00		1140.00	1270.00	1550.00	1650.00	1890.00	2040.00	2160.00	2270.00	2430.00	2650.00	2850.00	3020.00	3270.00	3550.00	3830.00	4520.00	5070.00	5730.00	7560.00	
02215500	0717	19370717	20150717	79	4065.41	7310.65	872.00	64700.00		1170.00	1280.00	1560.00	1630.00	1920.00	2010.00	2250.00	2370.00	2430.00	2520.00	2790.00	3130.00	3470.00	3600.00	3880.00	4590.00	5470.00	6060.00	9060.00	
02215500	0718	19370718	20150718	79	3903.68	5712.53	853.00	49200.00		1150.00	1330.00	1510.00	1620.00	1880.00	1960.00	2190.00	2290.00	2380.00	2570.00	2700.00	3240.00	3380.00	3730.00	3880.00	4830.00	5600.00	6480.00	9790.00	
02215500	0719	19370719	20150719	79	3781.19	4514.27	847.00	36300.00		1130.00	1410.00	1520.00	1570.00	1800.00	1890.00	2100.00	2150.00	2480.00	2630.00	2760.00	3170.00	3410.00	3680.00	3910.00	5070.00	5680.00	6760.00	7900.00	
02215500	0720	19370720	20150720	79	3689.85	3816.36	887.00	26800.00		1100.00	1430.00	1580.00	1720.00	1790.00	1880.00	1980.00	2100.00	2430.00	2640.00	2850.00	3150.00	3390.00	3680.00	3970.00	5400.00	5640.00	6510.00	8000.00	
02215500	0721	19370721	20150721	79	3681.76	3567.08	910.00	21400.00		1060.00	1460.00	1620.00	1690.00	1810.00	1890.00	1980.00	2070.00	2370.00	2570.00	2830.00	3210.00	3470.00	3750.00	3900.00	5500.00	5910.00	6450.00	7600.00	
02215500	0722	19370722	20150722	79	3695.87	3507.53	946.00	22600.00		1030.00	1390.00	1620.00	1700.00	1810.00	1840.00	2030.00	2120.00	2220.00	2430.00	3000.00	3150.00	3520.00	3710.00	3920.00	5390.00	5910.00	7000.00	8500.00	
02215500	0723	19370723	20150723	79	3697.63	3406.14	933.00	22100.00		1050.00	1370.00	1530.00	1680.00	1770.00	1890.00	1960.00	2120.00	2290.00	2470.00	3010.00	3190.00	3380.00	3820.00	4150.00	5070.00	6000.00	7000.00	9600.00	
02215500	0724	19370724	20150724	79	3719.58	3263.66	927.00	20300.00		1060.00	1280.00	1460.00	1640.00	1740.00	1860.00	1970.00	2160.00	2300.00	2500.00	2890.00	3250.00	3590.00	3800.00	4140.00	5150.00	6480.00	6880.00	10300.00	
02215500	0725	19370725	20150725	79	3745.11	3109.98	919.00	18200.00		1090.00	1250.00	1460.00	1630.00	1740.00	1900.00	2080.00	2180.00	2310.00	2610.00	2830.00	3310.00	3670.00	4080.00	4290.00	5390.00	6720.00	7720.00	9820.00	
02215500	0726	19370726	20150726	79	3703.20	2952.55	923.00	16000.00		1060.00	1270.00	1430.00	1640.00	1700.00	1910.00	1960.00	2090.00	2400.00	2680.00	2900.00	3060.00	3430.00	4240.00	4420.00	5560.00	6640.00	8560.00	10800.00	
02215500	0727	19370727	20150727	79	3627.87	2751.06	967.00	13700.00		1060.00	1230.00	1430.00	1650.00	1740.00	1890.00	1960.00	2170.00	2560.00	2750.00	2930.00	3030.00	3310.00	3890.00	4590.00	5630.00	6520.00	7230.00	10700.00	
02215500	0728	19370728	20150728	79	3547.84	2560.50	999.00	12200.00		1070.00	1220.00	1340.00	1610.00	1780.00	1920.00	2050.00	2170.00	2670.00	2730.00	2940.00	3150.00	3400.00	3610.00	4470.00	5550.00	6330.00	7140.00	9820.00	
02215500	0729	19370729	20150729	79	3466.33	2425.30	990.00	12800.00		1090.00	1240.00	1300.00	1600.00	1800.00	1990.00	2070.00	2280.00	2600.00	2760.00	2880.00	3000.00	3220.00	3650.00	4360.00	5070.00	6070.00	7170.00	9410.00	
02215500	0730	19370730	20150730	79	3409.20	2301.61	985.00	12800.00		1100.00	1250.00	1300.00	1570.00	1800.00	1990.00	2180.00	2420.00	2640.00	2780.00	2850.00	3120.00	3230.00	4010.00	4390.00	4800.00	6110.00	6870.00	8210.00	
02215500	0731	19370731	20150731	79	3370.70	2225.30	966.00	12500.00		1090.00	1260.00	1270.00	1630.00	1870.00	1950.00	2110.00	2430.00	2650.00	2700.00	2840.00	2940.00	3260.00	3980.00	4430.00	4800.00	5940.00	6780.00	7960.00	
02215500	0801	19370801	20150801	79	3328.20	2158.67	958.00	12200.00		1050.00	1230.00	1540.00	1660.00	1850.00	1980.00	2130.00	2350.00	2550.00	2570.00	2860.00	3060.00	3420.00	3730.00	4100.00	4860.00	5600.00	6630.00	7720.00	
02215500	0802	19370802	20150802	79	3284.38	2046.79	936.00	11700.00		1100.00	1200.00	1570.00	1670.00	1880.00	2020.00	2240.00	2370.00	2440.00	2590.00	2800.00	3190.00	3300.00	3610.00	3910.00	4980.00	5440.00	6450.00	7420.00	
02215500	0803	19370803	20150803	79	3249.85	2001.50	898.00	11500.00		1040.00	1170.00	1550.00	1690.00	1840.00	2020.00	2310.00	2370.00	2500.00	2640.00	2820.00	3120.00	3420.00	3510.00	3730.00	4830.00	5600.00	6250.00	7520.00	
02215500	0804	19370804	20150804	79	3234.63	2041.77	897.00	11200.00		1020.00	1220.00	1520.00	1630.00	1790.00	2060.00	2180.00	2360.00	2630.00	2690.00	2890.00	3000.00	3350.00	3500.00	3680.00	4340.00	5150.00	6550.00	7900.00	
02215500	0805	19370805	20150805	79	3208.51	1999.82	921.00	10400.00		985.00	1250.00	1500.00	1630.00	1740.00	1970.00	2060.00	2430.00	2500.00	2710.00	2890.00	3100.00	3240.00	3490.00	3810.00	4440.00	5070.00	6710.00	7640.00	
02215500	0806	19370806	20150806	79	3185.73	1987.20	893.00	9370.00		995.00	1310.00	1500.00	1580.00	1710.00	1850.00	2050.00	2370.00	2540.00	2700.00	2820.00	3000.00	3220.00	3380.00	3880.00	4690.00	4950.00	6350.00	8090.00	
02215500	0807	19370807	20150807	79	3175.81	2061.75	879.00	10000.00		1010.00	1260.00	1500.00	1550.00	1640.00	1840.00	2050.00	2310.00	2440.00	2590.00	2760.00	2980.00	3220.00	3550.00	3840.00	4600.00	4910.00	5730.00	9120.00	
02215500	0808	19370808	20150808	79	3181.22	2165.13	889.00	11500.00		988.00	1230.00	1500.00	1550.00	1680.00	1800.00	2150.00	2230.00	2420.00	2460.00	2790.00	2870.00	3270.00	3410.00	3890.00	4510.00	5050.00	5770.00	8840.00	
02215500	0809	19370809	20150809	79	3179.38	2229.69	930.00	11800.00		971.00	1330.00	1410.00	1550.00	1710.00	1820.00	2110.00	2130.00	2260.00	2540.00	2780.00	2880.00	3150.00	3400.00	3500.00	4420.00	5110.00	5950.00	8680.00	
02215500	0810	19370810	20150810	79	3197.19	2381.39	980.00	14900.00		1000.00	1250.00	1390.00	1500.00	1730.00	1890.00	2000.00	2110.00	2250.00	2610.00	2760.00	2800.00	3100.00	3260.00	3630.00	4190.00	5280.00	6580.00	8210.00	
02215500	0811	19370811	20150811	79	3228.67	2607.87	962.00	18200.00		1000.00	1200.00	1380.00	1600.00	1730.00	1920.00	1980.00	2070.00	2250.00	2460.00	2700.00	2780.00	2990.00	3170.00	3590.00	4170.00	5400.00	7290.00	8140.00	
02215500	0812	19370812	20150812	79	3277.11	2730.82	953.00	19900.00		1000.00	1190.00	1360.00	1600.00	1740.00	1910.00	1980.00	2000.00	2230.00	2570.00	2680.00	2760.00	3170.00	3250.00	3850.00	4470.00	5610.00	7020.00	8210.00	
02215500	0813	19370813	20150813	79	3295.19	2734.94	951.00	19700.00		1010.00	1220.00	1450.00	1600.00	1730.00	1920.00	2030.00	2050.00	2280.00	2500.00	2640.00	2800.00	3210.00	3380.00	4010.00	4480.00	5050.00	6920.00	8060.00	
02215500	0814	19370814	20150814	79	3251.59	2608.53	950.00	18100.00		1040.00	1200.00	1450.00	1580.00	1750.00	1850.00	1980.00	2110.00	2250.00	2460.00	2610.00	2940.00	3280.00	3350.00	3750.00	4230.00	5300.00	6460.00	7990.00	
02215500	0815	19370815	20150815	79	3155.68	2350.71	931.00	15900.00		1030.00	1190.00	1400.00	1600.00	1770.00	1930.00	2050.00	2130.00	2250.00	2430.00	2570.00	2750.00	3250.00	3380.00	3880.00	4150.00	4860.00	5570.00	7690.00	
02215500	0816	19370816	20150816	79	3065.08	2065.41	918.00	13200.00		1060.00	1190.00	1370.00	1640.00	1780.00	1860.00	1990.00	2220.00	2260.00	2430.00	2500.00	2940.00	3100.00	3380.00	3970.00	4150.00	4630.00	5340.00	7190.00	
02215500	0817	19370817	20150817	79	2997.90	1855.34	888.00	10500.00		1040.00	1210.00	1400.00	1720.00	1810.00	1860.00	1980.00	2160.00	2240.00	2360.00	2520.00	2770.00	3070.00	3390.00	3960.00	4200.00	4750.00	5820.00	6770.00	
02215500	0818	19370818	20150818	79	2975.77	1759.23	948.00	8080.00		1040.00	1290.00	1400.00	1700.00	1800.00	1830.00	2020.00	2110.00	2230.00	2400.00	2540.00	2780.00	2900.00	3480.00	3980.00	4280.00	4680.00	5720.00	7500.00	
02215500	0819	19370819	20150819	79	3032.25	1941.14	966.00	11300.00		1020.00	1270.00	1370.00	1660.00	1740.00	1790.00	1920.00	2160.00	2350.00	2420.00	2570.00	2640.00	2880.00	3450.00	4000.00	4360.00	5030.00	5630.00	7620.00	
02215500	0820	19370820	20150820	79	3099.73	2282.18	960.00	15600.00		1030.00	1220.00	1340.00	1580.00	1690.00	1750.00	2040.00	2220.00	2320.00	2410.00	2440.00	2760.00	2880.00	3480.00	4030.00	4500.00	4810.00	5800.00	7810.00	
02215500	0821	19370821	20150821	79	3123.51	2447.37	946.00	17800.00		1000.00	1160.00	1330.00	1520.00	1620.00	1730.00	1900.00	2190.00	2310.00	2440.00	2630.00	2850.00	3150.00	3520.00	3880.00	4460.00	4670.00	5500.00	7870.00	
02215500	0822	19370822	20150822	79	3092.24	2381.85	913.00	17500.00		994.00	1130.00	1330.00	1460.00	1570.00	1730.00	1900.00	2200.00	2310.00	2400.00	2700.00	2980.00	3150.00	3450.00	3850.00	4460.00	4780.00	5250.00	7350.00	
02215500	0823	19370823	20150823	79	3049.24	2331.56	871.00	17300.00		984.00	1170.00	1330.00	1480.00	1540.00	1670.00	1900.00	2100.00	2280.00	2430.00	2640.00	2950.00	3070.00	3500.00	3850.00	4260.00	4590.00	5220.00	6550.00	
02215500	0824	19370824	20150824	79	3004.75	2404.42	844.00	18300.00		960.00	1170.00	1260.00	1450.00	1520.00	1680.00	1810.00	1930.00	2300.00	2430.00	2570.00	2760.00	2830.00	3450.00	3750.00	3960.00	4770.00	5610.00	7000.00	
02215500	0825	19370825	20150825	79	2937.61	2395.36	835.00	18200.00		943.00	1190.00	1310.00	1460.00	1560.00	1670.00	1770.00	1920.00	2240.00	2300.00	2440.00	2520.00	2770.00	3180.00	3480.00	4150.00	4790.00	5300.00	6810.00	
02215500	0826	19370826	20150826	79	2902.30	2395.18	823.00	18100.00		1020.00	1180.00	1320.00	1420.00	1540.00	1660.00	1750.00	1980.00	2160.00	2260.00	2380.00	2440.00	2700.00	3170.00	3420.00	4150.00	4420.00	5230.00	6310.00	
02215500	0827	19370827	20150827	79	2900.19	2397.85	808.00	17600.00		1000.00	1240.00	1340.00	1390.00	1570.00	1690.00	1820.00	2010.00	2100.00	2190.00	2280.00	2430.00	2630.00	2970.00	3520.00	4090.00	4800.00	5220.00	6080.00	
02215500	0828	19370828	20150828	79	2924.76	2459.50	797.00	16800.00		996.00	1270.00	1320.00	1460.00	1560.00	1630.00	1840.00	1980.00	2100.00	2250.00	2330.00	2470.00	2670.00	2800.00	3510.00	3910.00	4390.00	5300.00	7360.00	
02215500	0829	19370829	20150829	79	3005.43	2558.67	782.00	15700.00		982.00	1260.00	1380.00	1440.00	1590.00	1650.00	1870.00	2040.00	2180.00	2240.00	2310.00	2500.00	2820.00	3040.00	3500.00	3850.00	4330.00	5520.00	9960.00	
02215500	0830	19370830	20150830	79	3002.54	2506.13	758.00	14600.00		974.00	1240.00	1330.00	1410.00	1570.00	1730.00	1900.00	1980.00	2150.00	2200.00	2370.00	2500.00	2690.00	3080.00	3520.00	3970.00	4270.00	5440.00	9490.00	
02215500	0831	19370831	20150831	79	2953.81	2400.71	752.00	13400.00		962.00	1180.00	1320.00	1400.00	1570.00	1730.00	1920.00	2030.00	2110.00	2160.00	2310.00	2480.00	2640.00	2970.00	3370.00	4100.00	4360.00	5410.00	7940.00	
02215500	0901	19370901	20150901	79	2879.66	2225.73	753.00	11900.00		1040.00	1250.00	1320.00	1400.00	1570.00	1670.00	1900.00	1930.00	2050.00	2220.00	2290.00	2500.00	2610.00	2740.00	3180.00	3800.00	4440.00	5470.00	6850.00	
02215500	0902	19370902	20150902	79	2801.47	2033.66	745.00	10900.00		1080.00	1230.00	1350.00	1420.00	1510.00	1630.00	1850.00	1940.00	2050.00	2160.00	2330.00	2500.00	2570.00	2660.00	3190.00	3750.00	4420.00	5340.00	7500.00	
02215500	0903	19370903	20150903	79	2722.32	1871.70	735.00	10100.00		1090.00	1200.00	1340.00	1440.00	1550.00	1620.00	1800.00	1900.00	2050.00	2160.00	2340.00	2370.00	2500.00	2710.00	3080.00	3780.00	4120.00	5280.00	8020.00	
02215500	0904	19370904	20150904	79	2683.62	1719.27	732.00	8980.00		1110.00	1210.00	1310.00	1420.00	1540.00	1620.00	1830.00	1960.00	2130.00	2180.00	2340.00	2410.00	2580.00	2820.00	3080.00	3670.00	3830.00	5230.00	6770.00	
02215500	0905	19370905	20150905	79	2656.54	1623.06	740.00	8910.00		1120.00	1260.00	1340.00	1470.00	1570.00	1770.00	1840.00	1870.00	2100.00	2160.00	2300.00	2440.00	2610.00	2710.00	3360.00	3490.00	3840.00	5080.00	6310.00	
02215500	0906	19370906	20150906	79	2664.47	1584.38	733.00	9480.00		1160.00	1230.00	1520.00	1550.00	1710.00	1790.00	1850.00	1920.00	2070.00	2140.00	2380.00	2500.00	2590.00	2700.00	3300.00	3550.00	3910.00	4910.00	5980.00	
02215500	0907	19370907	20150907	79	2696.09	1541.08	734.00	8790.00		1100.00	1280.00	1520.00	1570.00	1700.00	1790.00	1860.00	2050.00	2160.00	2290.00	2430.00	2500.00	2630.00	2890.00	3130.00	3650.00	3960.00	5270.00	5610.00	
02215500	0908	19370908	20150908	79	2670.43	1553.17	728.00	8240.00		1060.00	1300.00	1480.00	1570.00	1700.00	1730.00	1850.00	1950.00	2030.00	2160.00	2330.00	2560.00	2580.00	2840.00	3100.00	3600.00	4020.00	4600.00	6620.00	
02215500	0909	19370909	20150909	79	2584.35	1426.57	724.00	7930.00		1100.00	1330.00	1500.00	1620.00	1680.00	1730.00	1860.00	1960.00	2040.00	2100.00	2160.00	2370.00	2570.00	2760.00	3130.00	3430.00	3870.00	4550.00	6150.00	
02215500	0910	19370910	20150910	79	2521.87	1354.01	748.00	7740.00		1110.00	1280.00	1500.00	1630.00	1670.00	1720.00	1840.00	1930.00	2030.00	2100.00	2240.00	2350.00	2500.00	2700.00	2920.00	3300.00	3620.00	4020.00	5470.00	
02215500	0911	19370911	20150911	79	2462.58	1323.90	780.00	8190.00		1050.00	1200.00	1480.00	1610.00	1660.00	1700.00	1790.00	1920.00	2030.00	2090.00	2240.00	2360.00	2440.00	2630.00	2750.00	3270.00	3570.00	3880.00	5310.00	
02215500	0912	19370912	20150912	79	2413.68	1340.35	797.00	9410.00		1000.00	1230.00	1500.00	1570.00	1640.00	1700.00	1790.00	1850.00	1980.00	2110.00	2200.00	2350.00	2400.00	2500.00	2700.00	3070.00	3370.00	3670.00	5330.00	
02215500	0913	19370913	20150913	79	2351.67	1311.48	797.00	9820.00		978.00	1180.00	1490.00	1560.00	1610.00	1670.00	1770.00	1830.00	1930.00	2030.00	2150.00	2220.00	2400.00	2440.00	2630.00	3020.00	3210.00	3770.00	5040.00	
02215500	0914	19370914	20150914	79	2354.27	1369.69	784.00	10400.00		1020.00	1230.00	1460.00	1510.00	1600.00	1650.00	1680.00	1770.00	1900.00	1960.00	2160.00	2240.00	2320.00	2460.00	2680.00	2890.00	3320.00	3800.00	4990.00	
02215500	0915	19370915	20150915	79	2376.75	1532.29	762.00	10900.00		1020.00	1320.00	1450.00	1520.00	1540.00	1610.00	1670.00	1760.00	1840.00	1920.00	2100.00	2190.00	2330.00	2430.00	2550.00	2800.00	3210.00	3940.00	5390.00	
02215500	0916	19370916	20150916	79	2384.80	1694.09	734.00	11000.00		1000.00	1200.00	1440.00	1510.00	1570.00	1640.00	1680.00	1770.00	1860.00	1930.00	2090.00	2230.00	2290.00	2300.00	2530.00	2570.00	3250.00	3610.00	5310.00	
02215500	0917	19370917	20150917	79	2376.28	1730.14	728.00	11500.00		979.00	1170.00	1420.00	1480.00	1570.00	1670.00	1680.00	1740.00	1880.00	2010.00	2100.00	2160.00	2240.00	2290.00	2450.00	2620.00	3130.00	3500.00	5220.00	
02215500	0918	19370918	20150918	79	2350.52	1702.08	719.00	12100.00		969.00	1160.00	1410.00	1460.00	1570.00	1610.00	1660.00	1700.00	1840.00	1960.00	2050.00	2210.00	2240.00	2310.00	2400.00	2620.00	3080.00	3440.00	5310.00	
02215500	0919	19370919	20150919	79	2335.49	1653.62	715.00	12700.00		982.00	1200.00	1410.00	1470.00	1550.00	1610.00	1640.00	1730.00	1840.00	2010.00	2100.00	2160.00	2240.00	2290.00	2340.00	2830.00	3180.00	3410.00	5040.00	
02215500	0920	19370920	20150920	79	2306.28	1571.50	715.00	13000.00		987.00	1170.00	1400.00	1460.00	1610.00	1630.00	1750.00	1800.00	1850.00	1930.00	2070.00	2150.00	2280.00	2320.00	2380.00	2800.00	3150.00	3480.00	4380.00	
02215500	0921	19370921	20150921	79	2289.82	1493.79	724.00	12900.00		964.00	1170.00	1370.00	1470.00	1640.00	1660.00	1730.00	1810.00	1900.00	2040.00	2050.00	2180.00	2240.00	2380.00	2500.00	2860.00	3150.00	3410.00	4180.00	
02215500	0922	19370922	20150922	79	2255.94	1408.25	712.00	12200.00		977.00	1170.00	1360.00	1440.00	1570.00	1640.00	1700.00	1760.00	1850.00	1980.00	2110.00	2150.00	2250.00	2370.00	2560.00	2950.00	3160.00	3350.00	3840.00	
02215500	0923	19370923	20150923	79	2240.13	1279.41	723.00	10500.00		1020.00	1200.00	1360.00	1450.00	1520.00	1640.00	1670.00	1790.00	1850.00	1960.00	2100.00	2190.00	2310.00	2370.00	2640.00	2710.00	2950.00	3800.00	4200.00	
02215500	0924	19370924	20150924	79	2252.39	1176.74	729.00	8360.00		1000.00	1240.00	1350.00	1400.00	1520.00	1610.00	1700.00	1770.00	1860.00	1920.00	2110.00	2200.00	2350.00	2500.00	2630.00	2760.00	3080.00	3730.00	4880.00	
02215500	0925	19370925	20150925	79	2266.91	1170.83	746.00	7200.00		974.00	1200.00	1330.00	1430.00	1540.00	1610.00	1700.00	1840.00	1870.00	1970.00	2110.00	2180.00	2340.00	2440.00	2630.00	2820.00	3150.00	3730.00	5470.00	
02215500	0926	19370926	20150926	79	2301.00	1190.61	742.00	7260.00		994.00	1190.00	1320.00	1460.00	1510.00	1620.00	1720.00	1750.00	1900.00	2050.00	2120.00	2180.00	2340.00	2570.00	2700.00	2980.00	3330.00	3770.00	5240.00	
02215500	0927	19370927	20150927	79	2395.67	1505.73	720.00	9860.00		1060.00	1250.00	1330.00	1400.00	1510.00	1580.00	1670.00	1810.00	1920.00	2090.00	2130.00	2230.00	2270.00	2630.00	2700.00	2810.00	3170.00	3800.00	5710.00	
02215500	0928	19370928	20150928	79	2504.86	2047.41	715.00	14700.00		1060.00	1300.00	1340.00	1430.00	1510.00	1550.00	1670.00	1770.00	1900.00	2080.00	2160.00	2240.00	2420.00	2630.00	2760.00	2870.00	3010.00	3580.00	6390.00	
02215500	0929	19370929	20150929	79	2576.05	2371.20	701.00	17300.00		1040.00	1250.00	1350.00	1480.00	1530.00	1610.00	1690.00	1790.00	1890.00	2050.00	2160.00	2290.00	2370.00	2520.00	2760.00	2890.00	3170.00	3470.00	7240.00	
02215500	0930	19370930	20150930	79	2618.38	2447.90	699.00	18300.00		1040.00	1200.00	1320.00	1490.00	1540.00	1700.00	1850.00	1900.00	1980.00	2090.00	2210.00	2300.00	2370.00	2460.00	2560.00	2760.00	3170.00	3960.00	8110.00	
02215500	1001	19361001	20151001	80	2647.24	2405.67	682.00	17900.00		1033.00	1157.00	1341.50	1502.00	1670.00	1770.00	1850.50	1968.00	2038.00	2160.00	2212.00	2292.00	2366.00	2430.00	2570.00	2868.00	3258.00	4143.00	8369.50	
02215500	1002	19361002	20151002	80	2672.07	2409.24	674.00	17200.00		1024.00	1151.00	1333.00	1480.00	1617.50	1793.00	1853.50	1960.00	2064.50	2110.00	2220.00	2278.00	2379.00	2514.00	2682.50	3054.00	3370.50	3990.00	8267.50	
02215500	1003	19361003	20151003	80	2725.18	2539.04	661.00	16700.00		1023.00	1114.00	1333.00	1490.00	1615.00	1783.00	1847.00	1928.00	2017.00	2135.00	2267.50	2340.00	2376.50	2591.00	2707.50	3074.00	3354.00	4296.00	8324.50	
02215500	1004	19361004	20151004	80	2799.09	2716.22	654.00	17000.00		1010.50	1098.00	1326.00	1522.00	1617.50	1763.00	1837.00	1870.00	1984.50	2150.00	2317.50	2360.00	2458.50	2697.00	2892.50	3206.00	3644.00	4576.00	8144.00	
02215500	1005	19361005	20151005	80	2836.81	2770.24	644.00	16800.00		971.95	1089.00	1296.50	1456.00	1595.00	1679.00	1783.50	1876.00	1930.00	2130.00	2252.00	2384.00	2539.50	2700.00	2920.00	3216.00	3880.00	4693.00	8678.00	
02215500	1006	19361006	20151006	80	2831.88	2727.63	640.00	16300.00		960.10	1069.00	1252.50	1440.00	1550.00	1607.00	1740.50	1864.00	1943.50	2040.00	2185.50	2290.00	2446.50	2624.00	2885.00	3184.00	3958.00	4750.00	9308.00	
02215500	1007	19361007	20151007	80	2822.95	2577.71	629.00	15400.00		955.20	1057.00	1248.00	1434.00	1520.00	1607.00	1730.00	1834.00	1990.00	2115.00	2175.50	2286.00	2482.00	2640.00	2727.50	3540.00	4181.00	5035.00	9246.50	
02215500	1008	19361008	20151008	80	2839.01	2444.65	621.00	14700.00		952.65	1079.00	1250.50	1416.00	1495.00	1609.00	1737.00	1834.00	2004.50	2060.00	2213.00	2290.00	2494.50	2682.00	2930.00	3592.00	4634.50	5120.00	9294.50	
02215500	1009	19361009	20151009	80	2858.99	2358.07	637.00	14000.00		957.75	1161.00	1324.50	1400.00	1497.50	1608.00	1717.00	1838.00	1984.50	2075.00	2160.00	2350.00	2430.00	2742.00	3185.00	3946.00	4678.50	5584.00	8450.50	
02215500	1010	19361010	20151010	80	2851.76	2286.81	647.00	13200.00		1000.50	1164.00	1303.00	1406.00	1530.00	1640.00	1700.00	1854.00	1952.50	2055.00	2137.50	2286.00	2449.50	2830.00	3297.50	3636.00	4812.50	5792.00	8287.50	
02215500	1011	19361011	20151011	80	2821.93	2193.46	633.00	11900.00		1010.50	1153.00	1307.50	1482.00	1550.00	1633.00	1693.50	1828.00	1879.00	2025.00	2144.00	2356.00	2500.00	2694.00	3232.50	3766.00	4567.50	5920.00	8260.50	
02215500	1012	19361012	20151012	80	2777.47	2077.50	643.00	10400.00		1010.50	1151.00	1310.50	1518.00	1580.00	1630.00	1700.00	1784.00	1874.50	1970.00	2068.50	2234.00	2560.00	2778.00	3185.00	3706.00	4575.50	6013.00	8232.00	
02215500	1013	19361013	20151013	80	2771.26	2176.16	676.00	14000.00		1010.00	1133.00	1323.50	1500.00	1552.50	1606.00	1673.50	1758.00	1864.50	1945.00	2041.00	2252.00	2602.50	2760.00	3067.50	3632.00	4477.00	5664.00	7901.50	
02215500	1014	19361014	20151014	80	2766.82	2338.63	744.00	16700.00		1010.50	1099.00	1391.50	1482.00	1520.00	1593.00	1673.50	1804.00	1844.50	1900.00	2050.00	2246.00	2534.00	2844.00	3245.00	3450.00	4617.50	5804.00	6676.00	
02215500	1015	19361015	20151015	80	2759.97	2398.83	805.00	16900.00		1010.50	1082.00	1374.50	1482.00	1525.00	1605.00	1680.00	1770.00	1876.00	1950.00	2075.50	2116.00	2485.00	2805.00	3135.00	3402.00	4665.00	5325.00	8537.50	
02215500	1016	19361016	20151016	80	2760.99	2444.68	815.00	15300.00		993.40	1127.00	1340.50	1470.00	1522.50	1622.00	1683.50	1798.00	1920.00	2005.00	2091.00	2222.00	2359.50	2670.00	3030.00	3178.00	4050.50	5025.00	7261.50	
02215500	1017	19361017	20151017	80	2752.29	2459.11	827.00	16000.00		994.35	1103.00	1336.00	1460.00	1580.00	1610.00	1710.50	1828.00	1844.50	1970.00	2100.00	2172.00	2435.00	2608.00	2792.50	3548.00	4108.50	5180.00	8359.50	
02215500	1018	19361018	20151018	80	2715.54	2384.11	845.00	16000.00		983.40	1101.00	1373.00	1452.00	1552.50	1649.00	1714.00	1772.00	1900.00	1905.00	2041.00	2200.00	2443.00	2537.00	2797.50	3242.00	4210.00	5196.00	8798.50	
02215500	1019	19361019	20151019	80	2663.00	2207.63	845.00	13900.00		962.75	1084.00	1361.50	1466.00	1567.50	1619.00	1733.50	1764.00	1849.00	1950.00	2077.50	2324.00	2413.00	2556.00	2820.00	3054.00	3979.00	4797.00	6204.00	
02215500	1020	19361020	20151020	80	2588.94	1958.86	826.00	11400.00		924.45	1083.00	1341.50	1438.00	1560.00	1655.00	1747.00	1780.00	1878.00	1935.00	2116.50	2272.00	2389.50	2663.00	2955.00	3240.00	3581.00	4631.00	6187.00	
02215500	1021	19361021	20151021	80	2495.68	1728.20	787.00	9790.00		903.15	1055.00	1341.50	1452.00	1560.00	1626.00	1680.50	1814.00	1909.00	2005.00	2105.50	2234.00	2475.50	2624.00	2970.00	3130.00	3307.00	3784.00	6330.00	
02215500	1022	19361022	20151022	80	2438.09	1623.30	755.00	10500.00		900.20	1045.00	1343.00	1452.00	1550.00	1619.00	1700.00	1808.00	1900.00	1950.00	2071.00	2224.00	2458.50	2630.00	2915.00	3036.00	3271.50	3775.00	6997.00	
02215500	1023	19361023	20151023	80	2406.38	1644.56	754.00	11500.00		919.45	1062.00	1334.50	1452.00	1520.00	1596.00	1707.00	1784.00	1868.00	1920.00	1945.50	2130.00	2506.50	2656.00	2787.50	2906.00	3285.50	3865.00	5562.00	
02215500	1024	19361024	20151024	80	2404.53	1745.57	825.00	12400.00		963.40	1083.00	1290.50	1452.00	1512.50	1582.00	1643.50	1740.00	1799.00	1860.00	1925.50	2086.00	2391.50	2658.00	2760.00	3034.00	3306.00	4111.00	5005.00	
02215500	1025	19361025	20151025	80	2419.76	1855.72	825.00	12600.00		971.95	1180.00	1353.00	1442.00	1492.50	1550.00	1597.00	1680.00	1773.50	1840.00	1905.50	2046.00	2287.50	2531.00	2685.00	3068.00	3481.00	3964.00	5376.50	
02215500	1026	19361026	20151026	80	2426.19	1921.91	825.00	12300.00		955.10	1155.00	1340.00	1404.00	1490.00	1533.00	1560.50	1668.00	1739.00	1835.00	1975.50	2100.00	2292.50	2482.00	2580.00	2988.00	3497.00	4150.00	5571.50	
02215500	1027	19361027	20151027	80	2428.18	1899.57	825.00	12300.00		949.40	1113.00	1255.00	1404.00	1460.00	1509.00	1580.00	1652.00	1719.00	1825.00	1934.00	2112.00	2276.00	2505.00	2640.00	2934.00	3686.00	4305.00	5309.00	
02215500	1028	19361028	20151028	80	2417.29	1798.62	819.00	11500.00		948.70	1132.00	1265.00	1434.00	1462.50	1496.00	1550.00	1670.00	1777.00	1865.00	1965.50	2160.00	2395.00	2502.00	2670.00	2898.00	3686.50	4319.00	5566.00	
02215500	1029	19361029	20151029	80	2376.99	1631.96	806.00	10200.00		960.65	1116.00	1292.00	1432.00	1460.00	1503.00	1550.00	1652.00	1769.00	1825.00	2002.00	2224.00	2439.00	2521.00	2760.00	2954.00	3228.50	3996.00	5543.00	
02215500	1030	19361030	20151030	80	2326.10	1461.35	796.00	9780.00		963.50	1162.00	1316.00	1412.00	1490.00	1493.00	1560.50	1628.00	1753.50	1825.00	2005.50	2136.00	2396.00	2527.00	2730.00	2964.00	3278.50	4145.00	4896.50	
02215500	1031	19361031	20151031	80	2284.39	1357.83	793.00	9540.00		953.05	1167.00	1334.50	1460.00	1490.00	1523.00	1573.50	1648.00	1723.50	1840.00	1964.00	2166.00	2473.00	2548.00	2637.50	2748.00	3464.50	3946.00	5212.50	
02215500	1101	19361101	20151101	80	2282.96	1343.24	787.00	9340.00		948.30	1165.00	1336.00	1464.00	1490.00	1530.00	1590.00	1674.00	1730.00	1780.00	1935.50	2220.00	2393.00	2542.00	2670.00	3002.00	3339.50	3846.00	5406.00	
02215500	1102	19361102	20151102	80	2313.80	1369.34	783.00	9090.00		954.45	1174.00	1403.00	1434.00	1520.00	1583.00	1627.00	1684.00	1729.00	1825.00	1940.00	2128.00	2336.50	2514.00	2752.50	3024.00	3298.00	4006.00	5467.00	
02215500	1103	19361103	20151103	80	2364.70	1420.11	777.00	8820.00		953.80	1162.00	1411.50	1460.00	1520.00	1613.00	1640.00	1700.00	1824.50	1920.00	2025.50	2210.00	2366.00	2482.00	2692.50	3148.00	3268.50	4005.00	5559.50	
02215500	1104	19361104	20151104	80	2399.80	1458.97	772.00	8350.00		943.70	1160.00	1387.50	1462.00	1520.00	1603.00	1627.00	1706.00	1842.50	2065.00	2141.00	2260.00	2393.00	2524.00	2717.50	3088.00	3400.00	3910.00	5612.50	
02215500	1105	19361105	20151105	80	2431.47	1508.59	770.00	8470.00		943.45	1159.00	1379.00	1466.00	1537.50	1580.00	1627.00	1698.00	1840.00	2085.00	2155.50	2340.00	2400.00	2500.00	2777.50	3020.00	3533.00	4065.00	5718.50	
02215500	1106	19361106	20151106	80	2442.84	1561.57	770.00	9670.00		907.45	1150.00	1374.50	1492.00	1522.50	1610.00	1647.00	1694.00	1812.50	2025.00	2232.00	2346.00	2426.00	2605.00	2640.00	2940.00	3752.00	4266.00	5931.50	
02215500	1107	19361107	20151107	80	2435.44	1596.90	769.00	11000.00		885.30	1146.00	1373.00	1474.00	1547.50	1610.00	1647.00	1740.00	1780.00	2010.00	2178.50	2358.00	2449.50	2598.00	2807.50	2928.00	3363.50	4151.00	6215.50	
02215500	1108	19361108	20151108	80	2442.61	1636.19	768.00	11900.00		856.05	1144.00	1374.50	1492.00	1530.00	1610.00	1643.50	1708.00	1838.00	1980.00	2206.50	2396.00	2479.00	2675.00	2785.00	2918.00	3432.00	4070.00	6483.00	
02215500	1109	19361109	20151109	80	2455.51	1630.88	767.00	11900.00		858.65	1142.00	1353.00	1496.00	1587.50	1623.00	1680.00	1770.00	1830.00	2015.00	2202.00	2302.00	2485.50	2690.00	2747.50	3208.00	3447.00	4097.00	6362.50	
02215500	1110	19361110	20151110	80	2460.56	1562.08	765.00	10800.00		871.65	1150.00	1315.00	1498.00	1585.00	1623.00	1700.00	1770.00	1924.00	2140.00	2220.00	2304.00	2442.00	2672.00	2827.50	3278.00	3518.00	4177.00	6306.50	
02215500	1111	19361111	20151111	80	2472.56	1513.31	763.00	9250.00		878.75	1161.00	1306.50	1504.00	1600.00	1633.00	1733.50	1774.00	1933.00	2155.00	2225.50	2378.00	2493.00	2624.00	2842.50	3028.00	3605.50	4326.00	6304.50	
02215500	1112	19361112	20151112	80	2511.06	1576.75	755.00	9540.00		883.65	1170.00	1299.50	1530.00	1615.00	1652.00	1713.50	1778.00	1993.50	2115.00	2205.50	2446.00	2513.00	2640.00	2797.50	3116.00	3642.00	4717.00	5777.50	
02215500	1113	19361113	20151113	80	2562.95	1675.43	755.00	10700.00		879.90	1176.00	1294.00	1500.00	1612.50	1703.00	1777.00	1834.00	1969.00	2070.00	2239.50	2352.00	2492.50	2605.00	2842.50	3106.00	4094.50	4986.00	5790.00	
02215500	1114	19361114	20151114	80	2621.91	1801.25	766.00	11400.00		874.25	1176.00	1328.00	1452.00	1612.50	1695.00	1787.50	1848.00	1993.50	2090.00	2180.00	2332.00	2466.50	2619.00	2877.50	3026.00	4437.50	5042.00	6522.50	
02215500	1115	19361115	20151115	80	2667.25	1867.40	800.00	11000.00		868.95	1185.00	1430.00	1478.00	1572.50	1666.00	1784.00	1908.00	1964.50	2105.00	2202.00	2338.00	2545.50	2759.00	2920.00	2960.00	4597.00	5191.00	6962.00	
02215500	1116	19361116	20151116	80	2708.01	1933.84	803.00	10600.00		888.35	1194.00	1434.50	1500.00	1572.50	1673.00	1733.50	1876.00	1954.50	2080.00	2235.50	2356.00	2545.50	2809.00	2920.00	3062.00	4314.00	5439.00	7772.50	
02215500	1117	19361117	20151117	80	2734.16	1957.54	800.00	9820.00		889.75	1185.00	1430.00	1500.00	1610.00	1656.00	1753.50	1878.00	1969.50	2130.00	2273.00	2466.00	2526.50	2760.00	2977.50	3188.00	4425.50	5761.00	8507.00	
02215500	1118	19361118	20151118	80	2765.28	1989.26	797.00	9690.00		899.10	1161.00	1434.50	1482.00	1612.50	1660.00	1827.50	1924.00	2061.50	2140.00	2295.00	2370.00	2561.50	2731.00	2987.50	3248.00	4523.50	6205.00	8695.50	
02215500	1119	19361119	20151119	80	2804.81	2052.95	801.00	10400.00		914.40	1260.00	1460.00	1490.00	1592.50	1676.00	1850.50	1980.00	2050.50	2190.00	2300.00	2384.00	2459.50	2679.00	2922.50	3424.00	4542.00	6312.00	7990.50	
02215500	1120	19361120	20151120	80	2875.32	2208.34	809.00	11300.00		951.40	1260.00	1481.50	1530.00	1635.00	1748.00	1907.00	2030.00	2053.50	2190.00	2272.00	2416.00	2470.00	2615.00	2825.00	3400.00	4418.50	6388.00	8501.00	
02215500	1121	19361121	20151121	80	3004.06	2561.50	816.00	15700.00		999.70	1313.00	1490.00	1556.00	1692.50	1860.00	1933.50	2040.00	2100.00	2220.00	2386.50	2488.00	2556.00	2742.00	2835.00	3654.00	4256.50	5976.00	8936.50	
02215500	1122	19361122	20151122	80	3149.51	2959.79	819.00	20800.00		1004.10	1433.00	1500.00	1590.00	1702.50	1837.00	2008.00	2100.00	2182.50	2335.00	2431.00	2558.00	2695.00	2874.00	3110.00	3766.00	4162.50	5978.00	9505.00	
02215500	1123	19361123	20151123	80	3280.14	3238.78	819.00	23100.00		1025.00	1460.00	1551.50	1702.00	1782.50	1855.00	1934.00	2088.00	2278.50	2410.00	2492.00	2592.00	2741.50	2870.00	3152.50	3704.00	4392.00	7097.00	10120.50	
02215500	1124	19361124	20151124	80	3318.16	3290.27	815.00	22000.00		1053.00	1460.00	1523.00	1684.00	1847.50	1900.00	2040.00	2108.00	2260.00	2330.00	2495.50	2592.00	2746.00	2978.00	3257.50	3620.00	4282.50	7434.00	10326.50	
02215500	1125	19361125	20151125	80	3291.10	3173.76	812.00	19300.00		1053.00	1361.00	1506.00	1672.00	1885.00	1960.00	2040.00	2160.00	2230.00	2385.00	2500.00	2548.00	2596.50	2980.00	3402.50	3778.00	4167.00	7208.00	8895.00	
02215500	1126	19361126	20151126	80	3263.57	3004.62	808.00	20300.00		1072.50	1340.00	1541.50	1622.00	1915.00	1999.00	2087.00	2214.00	2320.00	2420.00	2500.00	2666.00	2742.50	2975.00	3585.00	3774.00	4392.00	6313.00	8364.50	
02215500	1127	19361127	20151127	80	3243.76	2800.14	814.00	20300.00		1073.00	1433.00	1567.50	1774.00	1862.50	1983.00	2087.00	2280.00	2334.50	2455.00	2547.50	2686.00	2742.50	3178.00	3595.00	3952.00	4828.00	6174.00	7936.00	
02215500	1128	19361128	20151128	80	3220.07	2598.70	821.00	19200.00		1092.50	1430.00	1670.00	1754.00	1905.00	1963.00	2088.50	2220.00	2277.00	2455.00	2576.50	2700.00	2842.00	3274.00	3527.50	4080.00	4807.50	6463.00	7296.00	
02215500	1129	19361129	20151129	80	3224.50	2466.44	821.00	17800.00		1113.50	1433.00	1679.00	1794.00	1867.50	1936.00	2037.00	2184.00	2289.00	2465.00	2625.50	2788.00	2958.00	3394.00	3632.50	4154.00	5502.50	5886.00	8358.50	
02215500	1130	19361130	20151130	80	3310.32	2478.38	820.00	16600.00		1211.00	1514.00	1776.00	1842.00	1862.50	1920.00	2034.00	2174.00	2284.50	2460.00	2616.50	2908.00	3231.50	3391.00	3700.00	3962.00	5025.50	6877.00	8389.00	
02215500	1201	19361201	20151201	80	3406.44	2596.26	820.00	15400.00		1230.50	1517.00	1800.00	1854.00	1900.00	1985.00	2113.50	2260.00	2344.50	2515.00	2728.50	2916.00	3202.00	3411.00	3590.00	4094.00	4900.00	6836.00	10418.00	
02215500	1202	19361202	20151202	80	3498.68	2806.05	824.00	14700.00		1234.50	1544.00	1710.50	1862.00	2007.50	2100.00	2164.00	2262.00	2434.50	2510.00	2811.00	3018.00	3136.50	3280.00	3520.00	4110.00	5297.00	7054.00	10818.50	
02215500	1203	19361203	20151203	80	3580.59	2907.89	837.00	15600.00		1284.50	1553.00	1688.00	1846.00	1977.50	2180.00	2270.50	2352.00	2449.00	2625.00	2811.00	2988.00	3114.50	3310.00	3625.00	4118.00	5447.50	7443.00	10295.00	
02215500	1204	19361204	20151204	80	3678.46	2978.49	847.00	14800.00		1331.00	1581.00	1756.00	1860.00	1992.50	2220.00	2273.50	2400.00	2531.50	2755.00	2815.50	2908.00	3234.00	3408.00	3712.50	4414.00	5610.00	8068.00	12380.00	
02215500	1205	19361205	20151205	80	3904.25	3515.98	850.00	20500.00		1330.00	1619.00	1756.00	1908.00	2052.50	2193.00	2315.00	2500.00	2700.00	2790.00	2915.50	3016.00	3306.50	3429.00	3675.00	4348.00	5972.00	9049.00	13595.00	
02215500	1206	19361206	20151206	80	4366.82	5413.89	846.00	37300.00		1290.00	1616.00	1830.00	1960.00	2127.50	2235.00	2358.00	2610.00	2668.00	2810.00	3056.50	3260.00	3419.00	3520.00	3690.00	4452.00	6642.00	9820.00	12610.00	
02215500	1207	19361207	20151207	80	4777.24	7888.35	849.00	64300.00		1231.50	1616.00	1901.50	2056.00	2160.00	2176.00	2310.50	2544.00	2769.00	2835.00	3091.00	3312.00	3483.00	3663.00	3945.00	4472.00	6676.00	9765.00	11880.00	
02215500	1208	19361208	20151208	80	4838.51	8337.39	851.00	70000.00		1211.50	1616.00	1869.00	2092.00	2112.50	2163.00	2394.50	2700.00	2839.00	2985.00	3149.50	3260.00	3412.50	3505.00	4085.00	4556.00	6728.50	9397.00	11785.00	
02215500	1209	19361209	20151209	80	4783.84	8071.98	847.00	69000.00		1220.50	1622.00	1822.50	2054.00	2107.50	2172.00	2493.50	2694.00	2791.50	3040.00	3223.00	3348.00	3476.00	3530.00	4062.50	4564.00	6739.50	8829.00	11675.00	
02215500	1210	19361210	20151210	80	4629.20	6748.82	851.00	57000.00		1212.50	1622.00	1877.50	2040.00	2062.50	2293.00	2437.00	2632.00	2924.50	2990.00	3212.50	3514.00	3686.00	3750.00	4027.50	4542.00	6925.50	9375.00	11770.00	
02215500	1211	19361211	20151211	80	4589.36	5826.37	920.00	48000.00		1209.00	1622.00	1900.50	1992.00	2115.00	2306.00	2521.00	2720.00	2949.00	3065.00	3374.00	3658.00	3786.50	3927.00	4125.00	4622.00	7721.50	9395.00	12385.00	
02215500	1212	19361212	20151212	80	4606.59	5131.77	987.00	40000.00		1216.00	1615.00	1850.50	1990.00	2145.00	2325.00	2636.50	2900.00	3010.00	3275.00	3423.00	3726.00	3796.50	3974.00	4212.50	4932.00	7842.50	9923.00	12760.00	
02215500	1213	19361213	20151213	80	4633.75	4736.96	980.00	34000.00		1262.00	1617.00	1833.00	2030.00	2187.50	2321.00	2703.50	2946.00	3109.00	3310.00	3407.50	3680.00	3833.00	3987.00	4612.50	5524.00	7395.50	10900.00	12380.00	
02215500	1214	19361214	20151214	80	4651.94	4502.93	985.00	28100.00		1291.00	1623.00	1829.00	2032.00	2167.50	2252.00	2589.00	2934.00	3140.50	3225.00	3380.00	3558.00	3852.00	4055.00	4565.00	5774.00	7649.00	10540.00	12370.00	
02215500	1215	19361215	20151215	80	4686.62	4451.14	1000.00	25100.00		1326.50	1565.00	1846.00	1998.00	2122.50	2379.00	2507.00	2884.00	3043.50	3125.00	3380.50	3568.00	3908.00	4221.00	4575.00	6132.00	8831.00	10900.00	14180.00	
02215500	1216	19361216	20151216	80	4750.38	4587.76	1050.00	27900.00		1394.50	1551.00	1901.50	1992.00	2110.00	2323.00	2524.50	2800.00	2989.00	3080.00	3371.50	3550.00	3965.50	4394.00	4705.00	6098.00	9158.00	10470.00	16205.00	
02215500	1217	19361217	20151217	80	4736.62	4499.61	1040.00	27000.00		1450.00	1565.00	1850.00	2030.00	2137.50	2277.00	2547.00	2738.00	2988.00	3110.00	3317.00	3652.00	3943.00	4434.00	4950.00	6460.00	8796.50	10070.00	16850.00	
02215500	1218	19361218	20151218	80	4702.38	4333.60	1080.00	25300.00		1424.50	1596.00	1920.00	2024.00	2110.00	2279.00	2435.00	2750.00	3062.50	3205.00	3415.00	3708.00	4045.00	4554.00	5070.00	6702.00	8219.00	9591.00	15685.00	
02215500	1219	19361219	20151219	80	4784.62	4460.87	1220.00	27700.00		1443.00	1682.00	1920.00	2042.00	2157.50	2318.00	2514.00	2760.00	3089.00	3265.00	3563.00	3746.00	4219.50	4780.00	5210.00	6858.00	7958.50	9104.00	15400.00	
02215500	1220	19361220	20151220	80	4884.62	4714.84	1170.00	31500.00		1550.50	1655.00	1931.50	2014.00	2182.50	2346.00	2537.50	2904.00	3038.00	3235.00	3645.00	4042.00	4283.00	5037.00	5302.50	7010.00	7951.00	9500.00	15690.00	
02215500	1221	19361221	20151221	80	4965.62	4770.46	1130.00	32500.00		1562.00	1824.00	1963.00	2032.00	2210.00	2439.00	2593.50	2820.00	3069.00	3435.00	3685.00	3982.00	4588.00	5130.00	5525.00	6978.00	7990.50	10395.00	15685.00	
02215500	1222	19361222	20151222	80	4992.25	4646.62	1220.00	31200.00		1563.50	1832.00	1981.50	2090.00	2295.00	2440.00	2537.50	2760.00	3044.50	3455.00	3855.00	4076.00	4659.50	5363.00	5587.50	6930.00	7982.00	10458.00	15365.00	
02215500	1223	19361223	20151223	80	4992.50	4452.25	1230.00	28800.00		1566.50	1795.00	2006.00	2080.00	2232.50	2430.00	2575.00	2822.00	3161.50	3540.00	3921.00	4244.00	4601.00	5279.00	5610.00	6904.00	7898.50	10053.00	14485.00	
02215500	1224	19361224	20151224	80	5023.75	4276.14	1200.00	26500.00		1567.00	1779.00	1967.50	2054.00	2252.50	2528.00	2720.50	2902.00	3336.00	3670.00	3971.00	4272.00	4809.00	5502.00	5780.00	7048.00	7821.00	9528.00	14970.00	
02215500	1225	19361225	20151225	80	5113.50	4239.51	1180.00	24900.00		1710.00	1748.00	1916.50	2088.00	2290.00	2577.00	2801.50	3104.00	3300.00	3625.00	4055.50	4438.00	5308.00	5696.00	6462.50	7370.00	8110.00	9265.00	15615.00	
02215500	1226	19361226	20151226	80	5212.88	4359.27	1250.00	25200.00		1671.00	1779.00	1974.50	2148.00	2362.50	2514.00	2891.00	3124.00	3384.50	3830.00	4121.50	4414.00	5535.50	5928.00	6345.00	7426.00	8234.50	10010.00	16425.00	
02215500	1227	19361227	20151227	80	5267.25	4319.58	1450.00	25000.00		1641.00	1851.00	2014.50	2184.00	2392.50	2557.00	2807.50	3164.00	3409.00	3865.00	4135.50	4518.00	5519.00	6214.00	7137.50	7594.00	8506.00	10324.00	16120.00	
02215500	1228	19361228	20151228	80	5334.12	4309.93	1620.00	25500.00		1666.00	1847.00	2033.00	2232.00	2385.00	2581.00	2795.00	3158.00	3544.50	3790.00	3990.00	4474.00	5976.00	6541.00	7197.50	7504.00	8708.50	10270.00	15530.00	
02215500	1229	19361229	20151229	80	5402.50	4384.72	1610.00	25600.00		1790.50	1951.00	2097.50	2344.00	2447.50	2649.00	2875.50	3194.00	3477.00	3800.00	4050.50	4438.00	5833.00	6474.00	6902.50	7920.00	9005.50	10507.00	14910.00	
02215500	1230	19361230	20151230	80	5505.12	4496.81	1560.00	24600.00		1851.50	1994.00	2145.50	2472.00	2607.50	2802.00	3035.00	3214.00	3483.50	3845.00	4215.50	4556.00	5598.50	6210.00	6867.50	7436.00	9317.50	11770.00	14590.00	
02215500	1231	19361231	20151231	80	5707.88	4860.16	1560.00	25500.00		1881.50	1981.00	2333.50	2534.00	2815.00	3060.00	3173.50	3244.00	3550.00	3985.00	4403.50	4698.00	5187.00	6166.00	6690.00	7352.00	9320.00	12460.00	14685.00	
