site_no	monthday	begin_dt	end_dt	count_nu	mean	std	min	max	p01	p05	p10	p15	p20	p25	p30	p35	p40	p45	p50	p55	p60	p65	p70	p75	p80	p85	p90	p95	p99
02294161	ALL	20050708	20150930	3737	85.12	126.84	1.80	808.00	4.40	6.09	8.00	10.00	12.00	14.00	16.00	19.00	22.00	25.00	31.00	37.00	45.00	57.00	70.00	92.00	133.00	174.30	231.20	391.50	631.86
02294161	0101	20060101	20150101	10	35.71	31.65	7.50	105.00			7.51	7.56	8.88	12.40	15.50	18.25	19.00	19.00	20.50	22.85	32.20	42.00	53.00	60.50	63.80	79.00	101.00		
02294161	0102	20060102	20150102	10	34.57	29.75	7.30	96.00			7.31	7.37	8.52	11.60	14.50	17.25	18.00	18.00	20.00	22.90	32.80	43.15	54.70	61.50	62.60	74.55	92.70		
02294161	0103	20060103	20150103	10	34.37	28.36	7.20	92.00			7.23	7.39	8.40	10.88	14.70	19.65	21.00	21.00	21.50	22.85	32.20	42.00	53.00	60.00	62.20	73.15	89.10		
02294161	0104	20060104	20150104	10	33.67	26.93	7.30	89.00			7.31	7.37	8.32	10.85	14.70	19.65	21.40	21.95	23.00	24.70	32.40	40.55	49.90	56.50	59.80	70.80	86.20		
02294161	0105	20060105	20150105	10	32.06	25.35	7.10	83.00			7.14	7.36	8.40	10.88	14.40	18.80	20.40	20.95	21.00	21.80	30.60	39.85	50.30	56.00	56.00	65.45	80.30		
02294161	0106	20060106	20150106	10	31.26	23.96	7.70	78.00			7.82	8.48	9.72	11.97	14.80	18.10	19.40	19.95	20.50	21.70	29.40	37.10	44.80	52.00	58.60	66.95	76.30		
02294161	0107	20060107	20150107	10	30.76	21.51	7.60	75.00			7.94	9.81	12.20	15.50	17.90	19.55	20.00	20.00	21.50	23.55	29.60	35.65	41.70	47.50	53.00	62.00	73.00		
02294161	0108	20060108	20150108	10	30.34	20.80	7.40	73.00			7.76	9.74	12.60	17.00	19.30	19.85	20.00	20.00	21.50	23.50	29.00	34.20	38.60	44.75	53.00	61.95	71.30		
02294161	0109	20060109	20150109	10	28.43	18.45	7.30	69.00			7.77	10.36	12.60	14.25	16.50	19.25	20.80	21.90	22.50	23.55	29.60	34.45	36.10	39.00	43.40	53.40	66.60		
02294161	0110	20060110	20150110	10	27.64	18.11	7.40	68.00			7.86	10.39	12.40	13.50	15.80	19.10	20.40	20.95	21.50	22.60	29.20	34.00	34.00	36.50	42.00	52.40	65.60		
02294161	0111	20060111	20150111	10	26.74	17.59	7.40	66.00			7.86	10.39	12.20	12.75	14.80	18.10	19.40	19.95	21.00	22.45	27.40	31.45	33.10	36.25	41.20	51.05	63.70		
02294161	0112	20060112	20150112	10	28.35	19.45	7.50	65.00			7.95	10.43	12.20	12.75	14.80	18.10	19.80	20.90	23.00	25.15	26.80	28.90	32.20	40.25	54.00	61.10	64.40		
02294161	0113	20060113	20150113	10	37.79	45.17	7.90	159.00			8.31	10.56	13.00	15.75	17.30	17.85	18.40	18.95	21.50	24.10	25.20	27.05	30.90	40.25	56.20	95.95	149.30		
02294161	0114	20060114	20150114	10	41.81	58.60	8.10	204.00			8.59	11.29	14.00	16.75	18.00	18.00	18.80	19.90	21.50	23.05	23.60	25.20	29.60	38.50	52.80	109.10	189.40		
02294161	0115	20060115	20150115	10	43.90	68.21	8.00	234.00			8.50	11.25	13.60	15.25	16.60	17.70	18.40	18.95	19.00	19.20	21.40	24.20	28.60	37.75	52.60	119.60	216.40		
02294161	0116	20060116	20150116	10	43.96	71.48	7.60	244.00			8.14	11.11	13.00	13.00	14.20	16.40	17.40	17.95	18.50	19.20	21.40	24.20	28.60	36.75	49.40	120.50	225.00		
02294161	0117	20060117	20150117	10	43.80	68.64	10.00	236.00			10.30	11.95	13.40	14.50	15.90	17.55	18.40	18.95	19.50	20.10	21.20	23.50	29.00	37.25	48.80	117.05	217.70		
02294161	0118	20060118	20150118	10	43.00	63.62	13.00	221.00			13.30	14.95	16.20	16.75	17.30	17.85	18.00	18.00	19.50	21.00	21.00	22.65	28.70	37.25	48.80	111.80	204.20		
02294161	0119	20060119	20150119	10	40.70	57.04	13.00	199.00			13.20	14.30	15.20	15.75	16.30	16.85	17.40	17.95	19.00	20.10	21.20	23.35	28.30	37.25	51.00	106.05	184.70		
02294161	0120	20060120	20150120	10	39.60	50.87	13.00	180.00			13.20	14.30	15.40	16.50	17.30	17.85	18.40	18.95	20.50	22.15	23.80	25.90	29.20	37.25	51.00	99.40	167.60		
02294161	0121	20060121	20150121	10	39.50	44.10	16.00	161.00			16.10	16.65	17.20	17.75	18.30	18.85	19.00	19.00	24.00	29.10	30.20	31.30	32.40	37.75	48.20	90.15	150.10		
02294161	0122	20060122	20150122	10	40.10	40.82	15.00	149.00			15.20	16.30	17.20	17.75	18.30	18.85	19.00	19.00	21.50	24.55	30.60	37.40	46.20	51.75	53.40	87.25	139.50		
02294161	0123	20060123	20150123	10	39.70	39.89	14.00	145.00			14.20	15.30	16.20	16.75	17.30	17.85	18.00	18.00	20.50	24.10	36.20	45.45	47.10	49.25	52.00	85.20	135.80		
02294161	0124	20060124	20150124	10	40.00	45.92	13.00	165.00			13.20	14.30	15.00	15.00	15.60	16.70	17.40	17.95	20.50	24.05	35.60	44.00	44.00	44.50	45.60	87.65	153.10		
02294161	0125	20060125	20150125	10	43.40	54.71	13.00	195.00			13.10	13.65	14.40	15.50	16.30	16.85	18.20	19.85	25.50	31.45	36.40	40.45	42.10	43.50	44.60	97.50	180.00		
02294161	0126	20060126	20150126	10	50.40	60.57	13.00	214.00			13.30	14.95	16.20	16.75	17.30	17.85	18.00	18.00	29.50	41.25	44.00	46.90	50.20	56.25	65.60	119.75	199.50		
02294161	0127	20060127	20150127	10	51.80	62.30	12.00	216.00			12.30	13.95	15.20	15.75	16.30	16.85	17.40	17.95	29.00	40.15	41.80	44.80	51.40	62.75	79.80	131.50	203.00		
02294161	0128	20060128	20150128	10	46.80	51.39	12.00	180.00			12.20	13.30	14.20	14.75	15.60	16.70	17.00	17.00	28.00	39.10	40.20	43.85	54.30	63.25	70.40	110.45	169.30		
02294161	0129	20060129	20150129	10	40.00	36.05	12.00	126.00			12.20	13.30	14.20	14.75	15.30	15.85	16.00	16.00	26.50	37.10	38.20	41.85	52.30	60.25	65.20	87.65	120.10		
02294161	0130	20060130	20150130	10	37.40	29.45	15.00	105.00			15.00	15.00	15.00	15.00	15.30	15.85	16.80	17.90	28.00	38.00	38.00	39.65	45.70	53.00	61.80	79.00	101.00		
02294161	0131	20060131	20150131	10	36.80	25.84	14.00	97.00			14.00	14.00	14.40	15.50	16.60	17.70	22.80	29.40	33.50	37.15	38.80	40.60	42.80	47.50	55.20	71.65	93.10		
02294161	0201	20060201	20150201	10	34.20	21.08	13.00	81.00			13.00	13.00	13.60	15.25	16.60	17.70	25.20	35.10	36.00	36.10	37.20	38.45	40.10	43.25	48.20	60.85	77.90		
02294161	0202	20060202	20150202	10	35.10	21.92	12.00	79.00			12.00	12.00	12.60	14.25	15.90	17.55	24.80	34.15	37.00	39.00	39.00	39.75	42.50	47.50	55.20	65.35	76.90		
02294161	0203	20060203	20150203	10	41.60	30.72	11.00	108.00			11.10	11.65	12.60	14.25	18.00	23.50	29.80	36.40	40.00	43.00	43.00	43.30	44.40	53.00	70.60	87.85	104.90		
02294161	0204	20060204	20150204	10	47.20	38.31	11.00	117.00			11.00	11.00	11.80	14.00	18.30	24.35	30.00	35.50	37.50	39.15	40.80	45.90	60.20	77.75	99.20	110.50	116.00		
02294161	0205	20060205	20150205	10	55.30	51.92	11.00	149.00			11.20	12.30	13.20	13.75	15.80	19.10	26.00	34.25	35.00	35.35	39.20	51.90	88.20	112.50	122.40	134.05	146.70		
02294161	0206	20060206	20150206	10	63.00	68.51	11.00	209.00			11.20	12.30	13.20	13.75	14.60	15.70	22.40	31.20	32.50	33.90	43.80	58.35	85.30	112.75	140.80	171.30	203.20		
02294161	0207	20060207	20150207	10	61.86	67.65	9.60	214.00			9.94	11.81	13.40	14.50	15.30	15.85	22.80	32.15	33.50	34.90	44.80	58.15	80.70	104.50	129.80	165.25	206.50		
02294161	0208	20060208	20150208	10	56.23	59.83	9.30	192.00			9.67	11.71	13.40	14.50	15.60	16.70	21.00	26.50	31.00	35.65	42.80	53.40	73.20	93.50	114.40	146.50	185.00		
02294161	0209	20060209	20150209	10	52.20	53.31	10.00	177.00			10.30	11.95	13.20	13.75	14.90	16.55	22.60	30.30	33.00	35.55	41.60	50.35	66.30	82.25	98.20	129.55	169.70		
02294161	0210	20060210	20150210	10	61.30	81.66	10.00	280.00			10.20	11.30	12.40	13.50	14.90	16.55	23.00	31.25	33.00	34.80	43.60	52.85	63.30	75.50	89.80	159.75	261.50		
02294161	0211	20060211	20150211	10	64.33	97.44	9.30	333.00			9.37	9.76	11.00	13.75	15.60	16.70	22.20	29.35	32.00	34.80	43.60	51.95	59.10	67.75	78.20	169.85	307.90		
02294161	0212	20060212	20150212	10	65.51	106.63	9.10	362.00			9.19	9.69	11.00	13.75	15.30	15.85	19.60	24.55	29.00	33.75	42.00	49.80	56.40	64.25	73.60	176.75	333.50		
02294161	0213	20060213	20150213	10	69.20	109.59	11.00	374.00			11.00	11.00	11.80	14.00	15.30	15.85	22.80	32.15	34.00	36.10	48.20	58.50	64.00	68.50	71.80	178.35	343.90		
02294161	0214	20060214	20150214	10	71.30	109.20	11.00	372.00			11.20	12.30	13.40	14.50	15.00	15.00	21.80	31.15	33.00	35.25	49.00	60.65	66.70	75.50	87.60	190.00	344.00		
02294161	0215	20060215	20150215	10	70.00	105.57	11.00	359.00			11.40	13.60	15.00	15.00	15.00	15.00	21.00	29.25	31.50	34.15	46.80	57.20	61.60	73.50	94.40	191.95	333.30		
02294161	0216	20060216	20150216	10	65.90	98.35	10.00	334.00			10.40	12.60	14.00	14.00	14.30	14.85	20.60	28.30	30.00	32.00	43.00	52.35	57.30	70.25	92.80	182.55	310.70		
02294161	0217	20060217	20150217	10	59.17	82.52	9.70	281.00			10.03	11.85	13.20	13.75	14.00	14.00	19.60	27.30	28.50	30.00	41.00	50.20	54.60	67.00	89.00	161.40	262.60		
02294161	0218	20060218	20150218	10	63.15	85.70	9.50	294.00			9.85	11.78	13.20	13.75	14.30	14.85	19.80	26.40	36.00	45.45	50.40	55.80	62.40	73.00	88.40	164.00	274.00		
02294161	0219	20060219	20150219	10	64.01	92.59	9.10	317.00			9.49	11.63	13.40	14.50	15.00	15.00	19.40	25.45	34.00	42.45	47.40	52.80	59.40	69.50	83.80	168.80	294.20		
02294161	0220	20060220	20150220	10	60.96	95.78	8.60	326.00			8.84	10.16	11.60	13.25	14.00	14.00	18.40	24.45	32.50	40.05	40.60	42.20	46.60	57.00	74.60	166.75	301.50		
02294161	0221	20060221	20150221	10	59.41	97.17	9.20	330.00			9.27	9.65	10.72	12.97	14.00	14.00	18.40	24.45	28.50	32.35	36.20	40.35	45.30	54.25	68.00	162.95	304.30		
02294161	0222	20060222	20150222	10	57.25	91.40	9.50	312.00			9.65	10.47	11.60	13.25	14.00	14.00	18.40	24.45	29.50	34.20	36.40	39.50	45.00	52.75	63.20	152.75	287.50		
02294161	0223	20060223	20150223	10	51.70	78.36	11.00	270.00			11.00	11.00	11.60	13.25	14.30	14.85	19.00	24.50	27.50	30.35	34.20	38.05	41.90	48.00	56.80	133.50	249.00		
02294161	0224	20060224	20150224	10	48.00	71.48	11.00	247.00			11.00	11.00	11.40	12.50	13.30	13.85	18.40	24.45	25.00	25.60	32.20	37.75	40.50	45.25	52.40	122.20	227.80		
02294161	0225	20060225	20150225	10	46.40	67.28	11.00	234.00			11.10	11.65	12.00	12.00	12.60	13.70	18.00	23.50	27.50	31.30	34.60	37.45	39.10	42.25	47.20	113.75	215.50		
02294161	0226	20060226	20150226	10	44.10	65.45	11.00	227.00			11.00	11.00	11.20	11.75	12.30	12.85	17.40	23.45	24.00	24.55	30.60	35.60	37.80	40.50	43.80	108.70	208.80		
02294161	0227	20060227	20150227	10	43.20	62.25	11.00	217.00			11.00	11.00	11.40	12.50	13.30	13.85	17.60	22.55	24.00	25.45	30.40	35.05	38.90	41.50	42.60	103.90	199.60		
02294161	0228	20060228	20150228	10	45.28	67.70	9.80	235.00			9.92	10.58	11.40	12.50	14.50	17.25	19.60	21.80	24.00	26.50	32.00	36.75	39.50	41.00	41.00	108.90	215.60		
02294161	0229	20080229	20120229	2	13.50	3.54	11.00	16.00								11.25	12.00	12.75	13.50	14.25	15.00	15.75							
02294161	0301	20060301	20150301	10	57.34	106.32	8.40	358.00			8.66	10.09	11.20	11.75	13.20	15.40	18.40	21.70	27.00	32.15	33.80	35.60	37.80	39.25	39.80	151.30	326.20		
02294161	0302	20060302	20150302	10	62.83	127.04	8.30	423.00			8.47	9.40	10.40	11.50	12.90	14.55	18.20	22.60	26.00	29.30	32.60	35.15	35.70	36.25	36.80	172.10	384.40		
02294161	0303	20060303	20150303	10	66.25	140.18	7.90	464.00			8.07	9.01	10.08	11.40	12.60	13.70	17.20	21.60	24.50	27.35	31.20	34.15	34.70	35.50	36.60	186.45	421.30		
02294161	0304	20060304	20150304	10	66.50	143.92	7.70	475.00			7.86	8.74	9.84	11.32	12.30	12.85	15.80	19.65	23.00	26.30	29.60	32.15	32.70	34.00	36.20	190.30	431.20		
02294161	0305	20060305	20150305	10	65.22	143.22	9.00	472.00			9.02	9.13	9.96	12.05	13.00	13.00	15.40	18.70	21.00	23.30	26.60	29.15	29.70	31.25	34.00	187.95	428.30		
02294161	0306	20060306	20150306	10	63.79	138.76	9.90	458.00			10.01	10.62	11.20	11.75	12.30	12.85	15.40	18.70	22.50	26.05	26.60	27.30	28.40	30.00	32.20	181.75	415.50		
02294161	0307	20060307	20150307	10	63.05	132.36	9.50	439.00			9.55	9.82	10.40	11.50	13.80	17.10	21.20	25.60	26.50	27.05	27.60	28.15	28.70	29.75	31.40	174.45	398.30		
02294161	0308	20060308	20150308	10	62.68	126.69	8.90	422.00			8.90	8.90	9.52	11.22	14.40	18.80	22.00	24.75	26.00	27.15	28.80	30.30	31.40	34.25	39.20	174.35	383.90		
02294161	0309	20060309	20150309	10	59.43	119.76	8.50	399.00			8.53	8.70	9.24	10.45	14.30	20.35	22.40	22.95	23.50	24.05	24.60	26.05	29.90	34.25	39.20	166.30	363.20		
02294161	0310	20060310	20150310	10	55.89	109.41	8.30	366.00			8.33	8.49	9.08	10.40	14.00	19.50	21.00	21.00	23.00	25.25	28.00	30.00	30.00	32.00	36.40	152.80	333.20		
02294161	0311	20060311	20150311	10	52.23	96.14	8.10	324.00			8.11	8.16	8.76	10.30	13.70	18.65	20.40	20.95	22.50	24.35	28.20	31.30	32.40	35.25	40.20	140.70	295.80		
02294161	0312	20060312	20150312	10	49.70	79.39	7.00	270.00			7.10	7.65	8.80	11.00	14.10	17.95	19.80	20.90	22.00	23.35	27.20	31.65	37.70	47.25	61.00	137.40	249.60		
02294161	0313	20060313	20150313	10	54.62	77.52	7.20	239.00			7.58	9.67	11.00	11.00	12.80	16.10	19.00	21.75	23.00	24.10	25.20	27.65	33.70	65.75	129.00	182.45	230.30		
02294161	0314	20060314	20150314	10	51.52	70.70	7.20	208.00			7.58	9.67	11.20	11.75	13.20	15.40	18.40	21.70	22.00	22.20	24.40	27.05	30.90	64.25	133.00	175.50	203.00		
02294161	0315	20060315	20150315	10	47.14	63.60	7.40	181.00			7.76	9.74	11.20	11.75	13.20	15.40	17.20	18.85	20.00	21.05	21.60	23.20	27.60	60.50	127.60	162.15	178.10		
02294161	0316	20060316	20150316	10	43.97	57.17	7.70	161.00			7.93	9.20	10.40	11.50	13.80	17.10	18.00	18.00	19.50	21.05	21.60	22.90	26.20	56.50	119.20	148.65	159.10		
02294161	0317	20060317	20150317	10	40.28	49.93	6.20	142.00			6.54	8.41	10.08	11.40	13.80	17.10	18.00	18.00	19.00	20.25	23.00	25.15	25.70	51.00	106.00	131.60	140.40		
02294161	0318	20060318	20150318	10	36.41	41.86	5.90	121.00			6.23	8.04	9.76	11.30	13.50	16.25	17.40	17.95	18.00	18.35	22.20	25.75	28.50	49.50	92.40	112.55	119.70		
02294161	0319	20060319	20150319	10	35.05	37.68	7.60	115.00			7.73	8.45	9.52	11.22	13.20	15.40	16.40	16.95	17.00	17.35	21.20	26.55	35.90	53.75	81.80	100.05	112.70		
02294161	0320	20060320	20150320	10	31.51	32.21	8.50	102.00			8.51	8.56	9.28	11.15	12.90	14.55	15.80	16.90	17.00	17.30	20.60	24.65	30.70	45.00	69.20	86.40	99.60		
02294161	0321	20060321	20150321	10	29.40	29.15	8.40	91.00			8.42	8.53	9.28	11.15	12.90	14.55	15.40	15.95	16.50	17.25	20.00	23.05	26.90	40.50	65.80	80.60	89.40		
02294161	0322	20060322	20150322	10	31.92	35.53	7.00	117.00			7.12	7.78	9.16	11.80	13.60	14.70	15.40	15.95	16.00	16.30	19.60	23.50	29.00	42.25	64.80	88.40	112.60		
02294161	0323	20060323	20150323	10	32.99	37.62	8.00	123.00			8.19	9.23	10.52	12.22	13.60	14.70	15.40	15.95	16.00	16.25	19.00	22.35	27.30	42.00	68.40	93.75	118.50		
02294161	0324	20060324	20150324	10	31.88	35.64	7.80	113.00			8.12	9.88	11.40	12.50	13.60	14.70	15.40	15.95	16.00	16.25	19.00	21.45	23.10	38.50	70.40	92.85	109.90		
02294161	0325	20060325	20150325	10	29.76	31.50	7.70	101.00			7.82	8.48	9.72	11.97	13.30	13.85	14.00	14.00	15.00	16.20	18.40	21.50	27.00	40.75	64.40	82.80	98.20		
02294161	0326	20060326	20150326	10	29.50	33.76	7.40	108.00			7.42	7.53	8.68	11.65	13.00	13.00	13.00	13.00	14.00	15.25	18.00	20.60	22.80	36.50	64.00	85.90	104.60		
02294161	0327	20060327	20150327	10	30.05	35.60	7.10	115.00			7.23	7.95	9.32	11.85	13.00	13.00	13.00	13.00	14.00	15.25	18.00	20.30	21.40	35.00	63.60	88.35	110.90		
02294161	0328	20060328	20150328	10	30.74	34.96	7.10	114.00			7.32	8.53	10.04	12.07	13.00	13.00	13.00	13.00	14.00	15.40	19.80	23.60	25.80	38.50	63.80	87.35	109.90		
02294161	0329	20060329	20150329	10	42.00	58.98	7.10	200.00			7.28	8.27	9.52	11.22	12.00	12.00	12.40	12.95	13.50	15.15	27.80	39.25	47.50	55.00	61.60	111.60	186.40		
02294161	0330	20060330	20150330	10	54.57	77.61	6.30	255.00			6.41	7.01	8.12	10.10	11.30	11.85	12.80	13.90	14.00	16.15	39.80	58.35	63.30	75.25	95.60	156.20	239.80		
02294161	0331	20060331	20150331	10	58.07	83.76	5.30	275.00			5.61	7.32	8.92	10.35	11.00	11.00	11.80	12.90	13.50	16.30	41.60	63.30	75.40	86.75	97.20	161.90	257.60		
02294161	0401	20060401	20150401	10	63.51	88.76	5.00	269.00			5.31	7.01	8.68	10.28	11.30	11.85	12.40	12.95	14.00	16.90	37.80	56.75	70.50	101.25	152.40	205.30	259.20		
02294161	0402	20060402	20150402	10	64.47	90.37	4.80	250.00			4.91	5.51	6.92	9.72	11.60	12.70	13.40	13.95	14.50	16.95	38.40	55.80	62.40	102.25	182.00	224.65	246.10		
02294161	0403	20060403	20150403	10	61.67	89.32	5.10	232.00			5.15	5.42	6.68	9.65	11.30	11.85	12.40	12.95	15.00	18.50	35.00	47.30	48.40	93.00	189.80	227.45	231.30		
02294161	0404	20060404	20150404	10	58.24	83.39	6.20	231.00			6.30	6.85	7.96	10.05	11.30	11.85	12.40	12.95	15.50	19.20	32.40	42.60	44.80	83.50	166.00	208.25	227.50		
02294161	0405	20060405	20150405	10	55.14	75.58	6.40	223.00			6.86	9.39	11.20	11.75	12.30	12.85	14.60	16.80	17.00	18.15	30.80	41.05	44.90	76.50	141.40	185.30	217.20		
02294161	0406	20060406	20150406	10	53.38	69.74	6.80	219.00			7.22	9.53	11.20	11.75	12.00	12.00	14.00	16.75	25.00	33.40	37.80	41.60	43.80	68.00	118.60	165.70	210.80		
02294161	0407	20060407	20150407	10	61.53	74.99	6.30	207.00			6.77	9.36	11.00	11.00	11.00	11.00	11.80	12.90	20.00	27.80	36.60	53.80	93.40	129.00	159.80	183.60	203.40		
02294161	0408	20060408	20150408	10	59.12	73.37	6.20	189.00			6.68	9.32	11.00	11.00	11.00	11.00	11.00	11.00	20.00	29.40	33.80	46.15	79.70	120.50	170.00	188.35	188.90		
02294161	0409	20060409	20150409	10	56.81	68.94	6.20	192.00			6.57	8.61	10.12	10.72	11.00	11.00	11.00	11.00	23.00	35.30	38.60	47.60	71.80	105.25	149.80	175.10	189.40		
02294161	0410	20060410	20150410	10	51.81	63.04	6.10	185.00			6.49	8.63	10.20	10.75	11.30	11.85	12.80	13.90	21.50	29.25	32.00	40.15	62.70	91.75	128.60	157.05	180.70		
02294161	0411	20060411	20150411	10	47.87	56.08	6.00	175.00			6.37	8.40	9.76	9.93	10.30	10.85	16.60	24.30	26.50	28.20	30.40	37.10	55.80	78.50	106.00	136.65	169.10		
02294161	0412	20060412	20150412	10	45.86	48.39	5.90	159.00			6.28	8.37	9.76	9.93	10.30	10.85	18.20	28.10	29.00	30.25	44.00	54.90	58.20	67.75	84.80	114.80	152.20		
02294161	0413	20060413	20150413	10	40.48	42.14	5.80	140.00			6.16	8.14	9.46	9.62	9.76	9.87	15.14	22.34	23.00	24.55	41.60	55.05	58.90	63.00	67.40	93.85	132.90		
02294161	0414	20060414	20150414	10	38.06	38.20	5.80	118.00			6.06	7.49	8.60	9.15	9.58	9.91	13.60	18.55	19.50	21.50	38.00	51.05	54.90	63.50	77.80	95.25	114.50		
02294161	0415	20060415	20150415	10	36.27	34.18	5.70	95.00			5.93	7.20	8.40	9.50	10.30	10.85	14.60	19.55	22.00	25.10	37.20	46.45	48.10	60.25	85.00	94.35	94.90		
02294161	0416	20060416	20150416	10	32.07	26.69	5.70	79.00			6.13	8.49	10.00	10.00	10.30	10.85	15.00	20.50	23.00	25.80	34.60	41.60	43.80	52.00	67.40	75.10	78.40		
02294161	0417	20060417	20150417	10	28.74	23.59	5.70	75.00			5.95	7.33	8.46	9.18	9.65	9.93	14.00	19.50	21.50	23.65	30.80	36.90	40.20	46.00	54.80	63.95	73.30		
02294161	0418	20060418	20150418	10	27.96	25.07	5.60	87.00			5.76	6.64	7.52	8.40	9.16	9.82	14.00	19.50	22.00	24.35	28.20	32.50	38.00	42.00	44.20	59.70	82.80		
02294161	0419	20060419	20150419	10	24.87	21.81	5.70	76.00			5.78	6.22	6.90	8.00	8.95	9.78	13.20	17.60	19.00	20.35	24.20	28.20	32.60	36.75	40.60	53.90	72.60		
02294161	0420	20060420	20150420	10	23.40	20.41	5.50	70.00			5.54	5.76	6.44	7.92	8.72	8.94	11.80	15.65	18.00	20.35	24.20	27.15	27.70	32.00	40.80	53.10	67.40		
02294161	0421	20060421	20150421	10	25.91	28.99	6.20	101.00			6.28	6.72	7.06	7.22	7.99	9.26	10.96	12.83	16.50	20.25	23.00	25.00	25.00	30.00	41.00	64.60	95.40		
02294161	0422	20060422	20150422	10	24.83	27.00	6.30	96.00			6.57	8.05	9.20	9.75	10.00	10.00	10.80	11.90	16.50	21.00	21.00	21.15	21.70	26.75	37.20	60.25	90.50		
02294161	0423	20060423	20150423	10	22.52	23.18	5.50	83.00			5.82	7.58	8.96	9.68	10.00	10.00	10.00	10.00	14.50	19.05	19.60	20.30	21.40	25.75	34.00	53.10	78.40		
02294161	0424	20060424	20150424	10	21.12	21.66	5.20	77.00			5.42	6.63	7.86	9.12	9.76	9.87	9.94	9.99	13.50	17.10	18.20	19.00	19.00	23.50	33.40	51.00	73.00		
02294161	0425	20060425	20150425	10	19.01	18.56	4.90	65.00			5.06	5.94	6.76	7.47	8.07	8.56	8.90	9.18	12.60	16.10	17.20	18.00	18.00	22.50	32.40	46.15	62.10		
02294161	0426	20060426	20150426	10	23.15	27.45	4.40	87.00			4.47	4.86	5.54	6.75	7.48	7.81	8.26	8.76	11.40	14.15	15.80	17.75	20.50	31.00	50.80	68.15	84.10		
02294161	0427	20060427	20150427	10	26.65	40.39	3.80	132.00			3.94	4.71	5.44	6.10	6.52	6.74	7.40	8.22	10.65	13.15	14.80	16.00	16.00	26.75	50.40	84.55	124.70		
02294161	0428	20060428	20150428	10	24.44	36.77	3.50	120.00			3.74	5.06	5.90	5.90	5.96	6.07	6.86	7.91	10.00	12.10	13.20	14.00	14.00	24.25	46.80	77.75	113.50		
02294161	0429	20060429	20150429	10	23.66	34.26	3.30	109.00			3.55	4.92	5.82	5.88	5.90	5.90	6.62	7.61	9.85	12.05	12.60	13.15	13.70	25.50	50.80	77.15	104.10		
02294161	0430	20060430	20150430	10	22.34	29.52	3.00	96.00			3.23	4.50	5.40	5.67	6.28	7.16	8.40	9.78	10.45	11.10	12.20	14.05	17.90	28.00	45.60	67.40	91.60		
02294161	0501	20060501	20150501	10	22.21	25.67	2.80	82.00			3.09	4.69	6.00	6.83	7.26	7.37	8.44	9.87	10.50	11.05	11.60	15.45	28.10	38.50	46.20	60.55	78.70		
02294161	0502	20060502	20150502	10	19.93	21.41	4.30	70.00			4.44	5.21	5.98	6.75	7.31	7.70	8.44	9.32	10.20	11.00	11.00	14.15	25.70	34.25	39.20	51.15	67.10		
02294161	0503	20060503	20150503	10	21.25	22.56	5.40	61.00			5.42	5.53	5.82	6.42	7.06	7.72	8.22	8.66	8.95	9.29	10.28	15.05	29.90	43.25	54.80	59.70	60.80		
02294161	0504	20060504	20150504	10	26.18	35.22	5.30	114.00			5.33	5.50	5.72	6.05	6.59	7.30	7.78	8.16	8.60	9.10	10.20	15.50	32.00	44.25	51.40	75.00	108.00		
02294161	0505	20060505	20150505	10	24.96	33.09	5.60	108.00			5.64	5.86	6.02	6.08	6.43	7.04	7.44	7.77	8.35	9.01	10.16	15.35	31.30	42.25	47.20	69.65	102.10		
02294161	0506	20060506	20150506	10	22.39	28.10	5.60	92.00			5.61	5.67	5.86	6.30	6.74	7.18	7.34	7.39	7.90	8.53	9.96	14.60	27.80	37.50	43.00	61.45	87.30		
02294161	0507	20060507	20150507	10	20.58	24.63	5.50	81.00			5.50	5.50	5.72	6.33	6.66	6.77	6.84	6.89	8.20	9.57	10.40	14.00	25.00	33.75	39.80	55.65	77.10		
02294161	0508	20060508	20150508	10	19.34	20.09	5.80	64.00			5.86	6.19	6.42	6.47	6.59	6.75	6.84	6.89	8.95	11.00	11.00	14.60	27.80	36.25	39.00	48.40	61.60		
02294161	0509	20060509	20150509	10	17.68	17.28	4.80	54.00			4.92	5.58	6.04	6.15	6.26	6.37	7.20	8.30	9.20	10.05	10.60	14.15	25.70	33.50	36.80	43.60	52.40		
02294161	0510	20060510	20150510	10	14.55	13.41	2.70	38.00			2.88	3.87	4.58	4.80	5.29	6.00	6.96	8.01	8.70	9.32	9.60	12.38	21.84	29.00	33.40	36.05	37.70		
02294161	0511	20060511	20150511	10	13.39	12.37	2.10	33.00			2.27	3.21	3.86	4.03	4.64	5.63	6.58	7.51	7.75	7.98	8.86	12.57	23.85	30.00	30.00	31.05	32.70		
02294161	0512	20060512	20150512	10	12.60	11.63	1.80	31.00			1.97	2.91	3.66	4.10	4.69	5.41	6.00	6.55	7.35	8.15	8.70	11.48	20.23	26.50	29.80	31.00	31.00		
02294161	0513	20060513	20150513	10	11.70	10.81	1.90	30.00			2.04	2.81	3.36	3.52	4.08	4.96	5.64	6.25	6.50	6.81	8.08	11.40	20.20	25.25	25.80	27.40	29.60		
02294161	0514	20060514	20150514	10	11.38	10.60	1.80	29.00			1.93	2.65	3.12	3.17	3.71	4.64	4.94	5.00	6.35	7.77	8.54	11.34	19.53	24.50	25.60	27.05	28.70		
02294161	0515	20060515	20150515	10	12.53	11.16	2.60	30.00			2.68	3.12	3.60	4.15	4.58	4.91	5.40	5.95	7.45	8.96	9.56	12.55	21.90	27.25	27.80	28.70	29.80		
02294161	0516	20060516	20150516	10	19.64	24.30	3.10	84.00			3.30	4.40	5.16	5.33	5.49	5.66	7.22	9.31	9.55	10.22	17.04	22.45	24.10	25.50	26.60	46.95	78.30		
02294161	0517	20060517	20150517	10	19.75	22.31	2.20	78.00			2.50	4.15	5.50	6.33	6.85	7.12	8.00	9.10	12.10	15.30	18.60	21.45	23.10	25.25	28.00	46.15	73.10		
02294161	0518	20060518	20150518	10	17.92	14.80	5.30	50.00			5.40	5.95	6.58	7.35	7.88	8.21	8.82	9.54	10.80	12.40	16.80	20.75	23.50	27.50	33.00	40.25	48.50		
02294161	0519	20060519	20150519	10	16.45	12.53	5.30	38.00			5.32	5.43	5.92	7.08	7.93	8.54	9.06	9.55	9.70	10.21	14.72	19.20	23.60	28.50	34.00	36.70	37.80		
02294161	0520	20060520	20150520	10	15.65	11.50	5.70	37.00			5.88	6.87	7.58	7.80	8.23	8.84	9.16	9.38	9.70	10.25	13.00	15.75	18.50	23.75	32.00	35.70	36.80		
02294161	0521	20060521	20150521	10	15.76	10.98	5.80	36.00			5.92	6.58	7.14	7.53	7.70	7.70	7.98	8.37	10.70	13.25	16.00	18.60	20.80	24.50	30.00	33.40	35.60		
02294161	0522	20060522	20150522	10	15.45	10.54	5.60	33.00			5.67	6.05	6.42	6.75	7.11	7.50	7.80	8.07	10.55	13.30	16.60	19.90	23.20	26.25	29.00	31.05	32.70		
02294161	0523	20060523	20150523	10	18.38	14.73	5.60	44.00			5.64	5.86	6.08	6.30	6.70	7.25	7.80	8.35	9.70	11.85	21.20	28.45	30.10	32.25	35.00	38.80	43.20		
02294161	0524	20060524	20150524	10	16.89	13.14	5.40	39.00			5.41	5.46	5.60	5.88	6.12	6.34	7.28	8.49	9.80	11.70	19.40	25.60	27.80	30.00	32.20	35.10	38.40		
02294161	0525	20060525	20150525	10	19.52	21.72	5.00	75.00			5.03	5.20	5.42	5.75	6.14	6.58	6.94	7.27	9.15	11.50	17.00	22.05	25.90	28.50	29.60	45.75	70.50		
02294161	0526	20060526	20150526	10	21.74	29.48	4.80	101.00			4.84	5.06	5.32	5.65	5.83	5.88	6.22	6.66	8.85	11.40	15.80	20.05	23.90	27.50	30.80	56.15	94.10		
02294161	0527	20060527	20150527	10	21.77	31.20	4.50	107.00			4.57	4.96	5.28	5.50	5.66	5.77	6.12	6.56	8.30	10.55	16.60	21.60	23.80	25.50	26.60	55.00	99.00		
02294161	0528	20060528	20150528	10	20.45	26.57	4.60	92.00			4.66	4.99	5.28	5.50	5.63	5.69	6.38	7.32	9.20	11.55	17.60	22.45	24.10	25.25	25.80	49.10	85.40		
02294161	0529	20060529	20150529	10	25.62	40.76	4.40	139.00			4.47	4.86	5.34	6.00	6.51	6.89	7.96	9.28	10.20	11.50	17.00	21.60	23.80	25.75	27.40	66.85	127.90		
02294161	0530	20060530	20150530	10	24.64	38.12	4.20	130.00			4.28	4.72	5.16	5.60	5.98	6.31	8.24	10.77	11.00	11.40	15.80	19.30	20.40	24.00	30.60	66.95	120.30		
02294161	0531	20060531	20150531	10	22.48	29.43	4.00	101.00			4.09	4.58	5.04	5.42	5.81	6.20	7.78	9.81	10.50	11.55	17.60	22.60	24.80	28.00	32.40	57.45	94.30		
02294161	0601	20060601	20150601	10	19.85	21.52	4.10	73.00			4.18	4.62	4.98	5.20	5.75	6.58	7.44	8.32	10.20	12.40	16.80	21.65	27.70	31.50	32.60	47.00	69.00		
02294161	0602	20060602	20150602	10	23.49	21.99	4.90	63.00			5.00	5.55	5.94	6.05	6.49	7.21	7.48	7.59	13.80	20.45	25.40	29.60	31.80	39.25	53.00	59.75	62.50		
02294161	0603	20060603	20150603	10	31.47	43.14	5.60	146.00			5.63	5.79	5.94	6.05	6.52	7.29	8.34	9.49	14.80	20.15	21.80	26.00	37.00	44.25	47.00	82.30	136.20		
02294161	0604	20060604	20150604	10	33.56	45.44	5.70	151.00			5.72	5.83	5.90	5.90	6.26	6.92	8.26	9.86	14.50	19.20	21.40	26.75	40.50	51.00	57.60	91.85	141.90		
02294161	0605	20060605	20150605	10	30.91	37.30	5.20	117.00			5.26	5.59	5.80	5.80	5.86	5.97	7.32	9.13	13.15	17.20	19.40	27.00	49.00	61.00	61.00	80.60	111.40		
02294161	0606	20060606	20150606	10	27.56	29.53	4.80	86.00			4.85	5.12	5.38	5.60	5.73	5.79	8.68	12.64	14.50	16.20	18.40	25.40	45.20	57.75	61.60	71.05	83.70		
02294161	0607	20060607	20150607	10	27.06	26.83	4.10	76.00			4.24	5.01	5.54	5.65	6.48	7.91	11.78	16.57	17.50	18.05	18.60	24.10	42.80	55.75	61.80	68.20	74.80		
02294161	0608	20060608	20150608	10	26.56	24.94	5.00	70.00			5.00	5.00	5.12	5.45	6.92	9.34	12.40	15.70	17.50	19.15	20.80	26.20	41.60	53.25	60.40	65.45	69.30		
02294161	0609	20060609	20150609	10	26.23	20.49	4.40	59.00			4.51	5.12	5.50	5.50	6.82	9.24	15.94	24.25	25.50	26.25	29.00	32.35	37.30	44.00	52.80	57.05	58.70		
02294161	0610	20060610	20150610	10	25.11	18.86	4.30	56.00			4.43	5.14	5.60	5.60	6.20	7.30	14.96	25.08	26.50	27.40	31.80	35.15	35.70	39.00	45.60	50.80	55.20		
02294161	0611	20060611	20150611	10	26.20	22.65	4.30	78.00			4.41	5.01	5.42	5.47	6.19	7.46	14.68	24.14	28.50	32.10	33.20	34.00	34.00	34.50	35.60	50.70	73.80		
02294161	0612	20060612	20150612	10	26.10	24.95	5.40	90.00			5.48	5.92	6.42	7.03	7.84	8.83	15.46	24.20	27.00	29.00	29.00	29.00	29.00	29.50	30.60	51.65	84.10		
02294161	0613	20060613	20150613	10	28.66	23.69	5.30	84.00			5.45	6.28	6.94	7.33	11.85	19.82	23.20	24.85	26.00	27.10	28.20	29.15	29.70	35.00	46.00	61.90	80.60		
02294161	0614	20060614	20150614	10	28.00	21.21	5.00	67.00			5.11	5.71	6.46	7.45	11.53	18.18	21.20	22.85	23.50	24.20	26.40	30.25	38.50	46.25	53.40	59.85	65.90		
02294161	0615	20060615	20150615	10	26.61	22.00	4.70	75.00			4.76	5.09	5.86	7.40	11.67	18.21	20.00	20.00	21.50	23.15	24.80	27.05	30.90	37.50	47.40	59.40	72.60		
02294161	0616	20060616	20150616	10	33.58	45.01	5.20	156.00			5.24	5.46	6.28	8.15	11.70	16.65	18.80	19.90	20.50	21.05	21.60	22.90	26.20	33.75	46.40	87.75	145.50		
02294161	0617	20060617	20150617	10	38.02	56.75	5.00	195.00			5.04	5.26	6.08	7.95	11.26	15.77	17.80	18.90	19.50	20.25	23.00	27.55	36.90	42.25	42.80	96.20	179.80		
02294161	0618	20060618	20150618	10	37.58	57.57	4.60	196.00			4.64	4.86	5.64	7.40	9.94	13.13	14.80	15.90	17.00	18.30	21.60	26.70	36.60	43.50	46.80	99.80	181.20		
02294161	0619	20060619	20150619	10	38.33	63.86	4.40	216.00			4.48	4.92	5.70	7.08	8.69	10.51	13.40	16.70	17.50	18.25	21.00	24.65	30.70	37.25	44.40	106.15	199.10		
02294161	0620	20060620	20150620	10	39.14	68.38	4.20	230.00			4.26	4.59	5.12	6.00	8.08	11.16	13.60	15.80	16.50	17.10	18.20	22.00	33.00	40.00	42.20	108.45	211.30		
02294161	0621	20060621	20150621	10	40.78	67.38	4.80	226.00			4.87	5.25	5.50	5.50	7.45	11.03	13.20	14.85	15.00	15.40	19.80	26.00	37.00	46.75	55.00	116.80	209.20		
02294161	0622	20060622	20150622	10	45.05	68.14	4.00	229.00			4.05	4.33	6.40	11.62	14.00	14.00	15.20	16.85	17.50	18.25	21.00	28.85	50.30	62.75	64.40	122.40	212.60		
02294161	0623	20060623	20150623	10	47.64	75.84	4.70	256.00			5.00	6.65	8.76	11.68	13.00	13.00	13.00	13.00	17.50	22.45	27.40	33.70	43.60	53.50	63.40	133.15	237.10		
02294161	0624	20060624	20150624	10	60.26	88.22	4.50	299.00			4.58	5.02	6.00	7.92	9.76	11.52	19.20	29.10	33.50	38.15	50.80	60.60	62.80	68.50	78.40	157.95	277.30		
02294161	0625	20060625	20150625	10	79.08	102.38	3.30	312.00			3.72	6.03	7.60	7.88	10.10	13.95	22.20	32.10	34.00	35.90	45.80	65.15	109.70	148.00	178.80	232.70	299.80		
02294161	0626	20060626	20150626	10	92.55	114.34	3.10	302.00			3.53	5.89	9.12	13.85	17.20	19.40	24.00	29.50	32.00	35.95	57.40	86.05	133.90	190.00	256.00	287.70	299.80		
02294161	0627	20060627	20150627	10	100.91	118.04	3.50	329.00			3.81	5.51	8.28	12.90	18.30	24.35	28.40	31.70	45.00	59.85	80.20	105.80	145.40	194.50	255.00	295.20	323.80		
02294161	0628	20060628	20150628	10	102.36	124.71	6.20	361.00			6.22	6.33	7.72	11.35	16.00	21.50	24.60	26.80	38.00	51.55	79.60	110.65	149.70	195.00	247.80	299.90	351.60		
02294161	0629	20060629	20150629	10	103.10	127.32	6.50	373.00			6.60	7.15	8.40	10.88	15.00	20.50	24.00	26.75	34.00	44.10	78.20	114.70	157.60	200.25	242.60	298.25	361.50		
02294161	0630	20060630	20150630	10	102.73	119.75	5.30	360.00			5.97	9.65	12.60	14.25	17.70	22.65	24.40	24.95	51.00	77.90	87.80	106.25	147.50	188.50	229.20	284.60	348.40		
02294161	0701	20060701	20150701	10	99.85	106.98	4.50	334.00			5.15	8.72	13.60	20.75	24.30	24.85	34.20	46.85	67.00	86.65	93.80	105.90	131.20	164.25	206.60	261.20	322.80		
02294161	0702	20060702	20150702	10	95.84	91.08	5.40	302.00			5.86	8.39	16.20	33.25	41.30	41.85	57.60	79.05	81.00	81.05	81.60	87.85	109.30	139.00	178.60	231.15	291.10		
02294161	0703	20060703	20150703	10	96.65	83.42	7.50	264.00			7.85	9.78	19.40	42.50	55.10	58.95	60.00	60.00	67.00	75.70	94.40	109.05	112.90	139.75	194.20	231.50	259.00		
02294161	0704	20060704	20150704	10	101.22	85.30	8.20	253.00			8.38	9.37	17.40	37.75	49.10	52.95	62.40	73.95	78.00	82.45	98.40	114.50	131.00	163.50	215.20	240.65	251.10		
02294161	0705	20060705	20150705	10	101.49	89.90	7.90	293.00			8.11	9.27	15.40	30.25	40.60	47.20	64.60	86.05	88.50	89.45	94.40	104.45	128.10	156.25	189.80	233.85	283.90		
02294161	0706	20060706	20150706	10	110.67	105.27	7.20	351.00			7.43	8.70	13.40	24.12	33.20	40.90	53.40	67.70	92.00	116.45	132.40	147.75	161.50	169.25	169.80	233.35	332.90		
02294161	0707	20060707	20150707	10	117.05	120.09	7.50	399.00			7.95	10.43	14.40	21.00	30.30	41.85	48.20	52.60	87.50	123.10	135.20	148.50	165.00	178.00	186.80	263.15	378.10		
02294161	0708	20050708	20150708	11	185.14	235.95	7.50	808.00			9.80	16.70	22.20	27.00	39.00	53.60	73.40	94.80	117.00	120.00	137.40	183.60	204.60	213.00	323.40	479.20	725.80		
02294161	0709	20050709	20150709	11	181.34	229.78	6.70	793.00			9.56	18.14	27.80	38.00	39.20	50.40	81.60	96.00	102.00	102.60	122.80	182.20	214.00	232.00	311.80	450.60	707.40		
02294161	0710	20050710	20150710	11	173.16	224.43	5.80	779.00			8.64	17.16	25.20	33.00	37.20	48.60	74.40	85.00	88.00	93.40	117.20	177.80	215.60	242.00	288.20	411.00	687.00		
02294161	0711	20050711	20150711	11	165.59	218.10	5.50	762.00			8.00	15.50	22.40	29.00	39.80	52.20	67.80	73.40	74.00	93.80	122.20	167.80	206.60	242.00	265.40	377.20	665.80		
02294161	0712	20050712	20150712	11	160.65	212.54	5.20	750.00			7.56	14.64	21.00	27.00	46.80	61.20	64.80	75.20	89.00	96.80	114.60	152.40	189.80	227.00	246.20	357.20	651.80		
02294161	0713	20050713	20150713	11	159.62	209.93	4.80	736.00			7.64	16.16	21.40	25.00	42.40	55.60	60.40	77.60	101.00	104.60	113.60	133.40	173.60	224.00	259.40	373.60	645.40		
02294161	0714	20050714	20150714	11	156.19	208.45	5.10	724.00			7.68	15.42	22.40	29.00	41.00	52.00	61.00	76.40	95.00	99.80	105.60	113.40	152.00	206.00	267.80	392.00	641.00		
02294161	0715	20050715	20150715	11	156.25	206.44	6.70	715.00			8.56	14.14	31.60	55.00	56.80	59.20	62.80	73.20	87.00	89.40	93.00	99.00	139.00	196.00	275.80	406.20	637.80		
02294161	0716	20050716	20150716	11	156.51	209.21	6.60	718.00			8.48	14.12	34.40	62.00	63.20	66.40	73.60	77.60	80.00	81.20	85.20	94.80	122.40	159.00	279.60	431.60	646.40		
02294161	0717	20050717	20150717	11	158.85	207.14	6.40	693.00			7.92	12.48	35.60	68.00	73.40	77.20	77.80	80.40	84.00	84.60	89.00	101.00	113.80	127.00	296.80	466.60	636.40		
02294161	0718	20050718	20150718	11	161.40	202.74	6.40	665.00			9.32	18.08	41.40	72.00	72.60	73.20	73.80	74.40	75.00	82.20	92.20	107.80	129.40	154.00	322.60	481.00	619.00		
02294161	0719	20050719	20150719	11	157.05	195.15	6.60	636.00			10.68	22.92	40.60	61.00	65.20	68.60	70.40	75.00	81.00	81.00	87.80	108.20	129.80	152.00	318.20	470.40	594.60		
02294161	0720	20050720	20150720	11	153.05	187.79	9.50	619.00			13.00	23.50	38.20	55.00	58.00	61.20	64.80	74.40	87.00	94.20	103.60	117.40	126.00	132.00	297.00	449.40	576.60		
02294161	0721	20050721	20150721	11	148.55	180.87	13.00	602.00			15.40	22.60	34.60	49.00	51.40	54.20	57.80	73.00	94.00	98.20	102.60	107.40	124.60	148.00	287.80	425.20	557.80		
02294161	0722	20050722	20150722	11	147.18	176.70	16.00	581.00			17.40	21.60	31.40	44.00	47.00	50.00	53.00	70.40	95.00	97.40	103.00	115.00	133.00	154.00	292.60	424.20	541.80		
02294161	0723	20050723	20150723	11	151.27	174.35	21.00	551.00			22.20	25.80	31.80	39.00	46.20	55.60	69.40	80.00	89.00	91.40	101.00	125.00	143.80	160.00	319.60	451.00	526.00		
02294161	0724	20050724	20150724	11	163.09	175.56	25.00	519.00			28.20	37.80	42.60	45.00	47.40	54.00	69.00	88.40	110.00	113.00	123.80	150.20	161.80	166.00	361.00	496.60	513.40		
02294161	0725	20050725	20150725	11	179.18	194.60	28.00	604.00			30.40	37.60	40.80	42.00	47.40	52.80	58.20	86.40	126.00	133.20	148.00	178.00	191.20	196.00	377.20	519.20	582.80		
02294161	0726	20050726	20150726	11	190.82	210.07	24.00	682.00			26.80	35.20	38.80	40.00	40.00	41.80	47.20	79.80	126.00	170.40	200.40	201.60	212.80	229.00	373.00	511.60	639.40		
02294161	0727	20050727	20150727	11	196.64	217.29	20.00	702.00			22.40	29.60	33.60	36.00	39.00	42.00	45.00	76.40	122.00	171.80	205.20	205.80	239.20	289.00	394.00	511.60	654.40		
02294161	0728	20050728	20150728	11	194.55	213.25	17.00	688.00			19.00	25.00	31.00	37.00	41.80	45.40	46.60	73.80	114.00	164.40	204.80	225.20	251.60	281.00	384.80	500.80	641.20		
02294161	0729	20050729	20150729	11	191.45	204.83	17.00	663.00			18.40	22.60	30.40	40.00	43.60	47.20	50.80	72.40	103.00	164.20	215.80	248.20	262.20	267.00	364.80	476.60	616.40		
02294161	0730	20050730	20150730	11	187.36	196.86	16.00	633.00			17.40	21.60	30.60	42.00	43.20	44.00	44.00	66.00	99.00	163.80	220.00	259.00	274.00	277.00	353.20	449.80	587.20		
02294161	0731	20050731	20150731	11	185.45	185.60	19.00	580.00			20.20	23.80	30.60	39.00	39.60	44.00	56.00	71.20	88.00	157.60	221.60	274.40	296.00	302.00	355.40	428.80	542.20		
02294161	0801	20050801	20150801	11	184.09	179.67	20.00	517.00			22.00	28.00	32.00	35.00	35.60	39.00	48.00	61.00	76.00	149.80	224.80	302.20	338.80	355.00	368.80	405.80	489.20		
02294161	0802	20050802	20150802	11	185.18	179.61	17.00	454.00			20.00	29.00	32.40	33.00	39.60	44.40	45.60	56.00	71.00	135.20	217.20	334.80	378.40	385.00	395.80	413.20	443.80		
02294161	0803	20050803	20150803	11	187.36	181.40	16.00	456.00			18.80	27.20	34.00	40.00	44.80	49.40	53.60	60.60	69.00	125.40	207.20	339.80	384.80	386.00	402.80	422.40	447.60		
02294161	0804	20050804	20150804	11	188.00	181.36	16.00	495.00			18.60	26.40	35.40	45.00	51.60	56.40	57.60	66.40	79.00	126.40	190.80	289.20	352.40	398.00	406.40	428.60	478.40		
02294161	0805	20050805	20150805	11	184.36	180.40	16.00	506.00			18.40	25.60	36.40	49.00	52.60	56.40	60.60	66.40	73.00	123.40	179.40	246.60	320.60	398.00	408.20	433.20	487.80		
02294161	0806	20050806	20150806	11	185.82	180.19	15.00	509.00			17.40	24.60	31.80	39.00	55.80	68.20	71.80	75.00	78.00	138.00	189.60	224.40	294.00	381.00	417.00	454.60	495.40		
02294161	0807	20050807	20150807	11	187.55	182.37	15.00	505.00			17.20	23.80	28.80	33.00	55.20	71.00	74.00	77.00	80.00	158.60	211.60	213.40	270.80	356.00	429.20	483.40	499.60		
02294161	0808	20050808	20150808	11	188.09	186.91	17.00	528.00			19.20	25.80	28.80	30.00	52.80	68.40	69.60	77.60	89.00	158.60	205.80	208.20	256.60	328.00	429.40	503.20	521.80		
02294161	0809	20050809	20150809	11	189.00	194.92	15.00	581.00			16.20	19.80	28.60	40.00	55.00	66.40	70.60	77.60	86.00	153.20	198.20	198.80	244.20	312.00	418.80	508.20	562.80		
02294161	0810	20050810	20150810	11	188.36	200.69	14.00	618.00			14.80	17.20	24.80	35.00	57.20	72.00	72.00	75.20	80.00	141.20	186.80	201.20	242.00	296.00	405.80	506.80	590.20		
02294161	0811	20050811	20150811	11	186.36	202.91	13.00	638.00			13.60	15.40	23.60	35.00	44.60	56.40	72.60	81.60	87.00	133.80	178.00	217.00	248.40	276.00	387.00	496.40	602.60		
02294161	0812	20050812	20150812	11	180.73	203.34	12.00	651.00			12.60	14.40	22.20	33.00	35.40	45.60	71.40	81.60	84.00	122.40	167.00	224.00	245.80	250.00	361.00	478.20	607.80		
02294161	0813	20050813	20150813	11	174.55	205.08	12.00	670.00			12.60	14.40	19.40	26.00	32.00	42.20	60.80	72.60	81.00	114.60	154.20	205.80	233.80	250.00	341.80	456.40	616.60		
02294161	0814	20050814	20150814	11	170.82	208.36	11.00	686.00			11.20	11.80	16.00	22.00	29.80	40.60	57.40	69.80	80.00	107.60	141.40	187.60	222.20	251.00	334.40	449.20	626.80		
02294161	0815	20050815	20150815	11	167.73	209.85	12.00	697.00			12.20	12.80	17.40	24.00	28.80	37.80	55.20	70.60	85.00	101.20	126.80	171.20	208.00	241.00	325.60	445.00	634.00		
02294161	0816	20050816	20150816	11	164.09	214.34	12.00	702.00			12.00	12.00	17.60	26.00	28.40	35.40	51.60	67.00	82.00	83.20	101.20	152.80	191.60	224.00	333.20	465.20	642.80		
02294161	0817	20050817	20150817	11	162.80	218.60	9.80	699.00			10.44	12.36	18.60	27.00	27.60	33.00	48.00	57.80	65.00	77.00	99.80	144.20	179.40	210.00	349.20	493.40	647.60		
02294161	0818	20050818	20150818	11	160.52	218.82	8.70	687.00			10.16	14.54	19.60	25.00	26.20	31.40	44.60	52.20	57.00	75.60	99.80	135.20	167.40	198.00	357.00	507.80	642.20		
02294161	0819	20050819	20150819	11	159.35	214.81	7.80	666.00			8.84	11.96	18.20	26.00	26.60	30.80	42.20	52.80	63.00	80.40	104.80	143.20	167.20	184.00	356.80	510.80	627.20		
02294161	0820	20050820	20150820	11	163.35	210.48	6.90	636.00			7.72	10.18	15.80	23.00	27.20	33.00	42.00	56.60	74.00	88.40	111.20	150.80	187.20	222.00	381.00	516.80	606.20		
02294161	0821	20050821	20150821	11	165.21	206.08	6.30	606.00			7.24	10.06	15.40	22.00	34.60	43.20	43.80	58.00	79.00	91.60	107.80	131.20	193.40	275.00	405.20	514.80	583.20		
02294161	0822	20050822	20150822	11	172.53	199.38	5.80	577.00			7.64	13.16	21.80	32.00	45.80	58.00	67.00	80.00	95.00	104.60	114.00	123.00	201.20	314.00	423.80	513.00	561.00		
02294161	0823	20050823	20150823	11	183.87	191.28	5.60	545.00			10.48	25.12	39.60	54.00	67.20	79.60	90.40	94.00	94.00	107.20	124.40	149.60	231.60	342.00	441.60	515.40	537.60		
02294161	0824	20050824	20150824	11	186.74	182.99	6.10	512.00			12.08	30.02	44.00	56.00	68.60	82.20	97.80	107.80	115.00	126.40	138.40	151.60	236.00	356.00	444.20	504.80	510.20		
02294161	0825	20050825	20150825	11	186.55	173.97	9.10	495.00			14.68	31.42	45.00	57.00	67.20	80.20	98.80	112.20	123.00	139.20	153.60	164.40	246.40	364.00	427.60	475.00	490.00		
02294161	0826	20050826	20150826	11	186.82	169.52	15.00	481.00			19.60	33.40	49.60	67.00	68.80	75.40	91.60	111.40	133.00	142.60	153.00	165.00	257.40	390.00	423.60	453.00	474.00		
02294161	0827	20050827	20150827	11	195.73	159.27	20.00	460.00			27.80	51.20	69.80	86.00	86.60	97.20	127.80	139.60	142.00	152.20	159.20	159.80	262.40	416.00	422.00	432.80	453.20		
02294161	0828	20050828	20150828	11	206.45	156.17	21.00	436.00			29.20	53.80	68.80	79.00	81.40	97.40	140.60	155.00	155.00	161.00	186.00	249.00	328.80	417.00	423.60	429.60	434.40		
02294161	0829	20050829	20150829	11	212.00	160.68	20.00	452.00			28.40	53.60	65.20	70.00	73.60	87.20	120.80	147.20	170.00	189.80	225.00	291.00	352.20	411.00	418.20	428.80	446.20		
02294161	0830	20050830	20150830	11	227.64	161.11	18.00	463.00			26.60	52.40	63.00	66.00	96.60	123.20	141.80	170.00	203.00	231.20	267.80	321.20	364.20	402.00	423.00	442.20	457.80		
02294161	0831	20050831	20150831	11	238.64	169.24	18.00	516.00			26.40	51.60	62.00	65.00	89.00	122.00	173.00	200.00	215.00	252.20	290.60	331.40	362.60	389.00	422.60	459.20	501.80		
02294161	0901	20050901	20150901	11	242.55	172.61	22.00	539.00			31.00	58.00	69.40	73.00	80.80	109.60	180.40	207.60	213.00	263.40	304.00	325.00	351.20	380.00	425.00	471.80	522.20		
02294161	0902	20050902	20150902	11	238.45	175.59	22.00	536.00			30.60	56.40	65.00	65.00	66.80	94.20	172.80	202.60	208.00	265.60	304.20	304.80	339.00	390.00	432.60	476.00	521.00		
02294161	0903	20050903	20150903	11	234.09	172.34	22.00	514.00			30.40	55.60	65.60	68.00	82.40	108.20	156.80	180.20	191.00	242.00	279.60	290.40	344.40	420.00	444.60	471.60	503.40		
02294161	0904	20050904	20150904	11	223.00	166.46	23.00	482.00			32.20	59.80	69.40	70.00	89.80	111.20	135.80	150.00	159.00	212.40	253.20	268.80	335.60	428.00	443.00	458.80	476.20		
02294161	0905	20050905	20150905	11	213.45	155.12	26.00	445.00			36.00	66.00	79.60	85.00	106.60	121.80	124.20	131.40	141.00	189.60	227.20	242.80	316.40	419.00	431.60	441.00	444.00		
02294161	0906	20050906	20150906	11	210.00	142.83	24.00	434.00			36.60	74.40	93.80	104.00	107.00	117.80	144.20	156.20	161.00	186.80	207.60	218.40	295.60	406.00	406.00	411.60	428.40		
02294161	0907	20050907	20150907	11	218.00	132.77	22.00	445.00			33.80	69.20	95.40	117.00	149.40	173.60	181.40	187.60	193.00	202.60	210.20	213.80	275.00	365.00	383.60	405.80	435.20		
02294161	0908	20050908	20150908	11	226.00	131.35	21.00	462.00			31.60	63.40	99.20	137.00	161.60	180.80	189.20	196.80	204.00	210.60	231.00	279.00	305.40	321.00	360.60	402.00	447.00		
02294161	0909	20050909	20150909	11	228.09	136.12	19.00	475.00			30.80	66.20	103.20	141.00	153.60	166.80	181.20	196.40	212.00	213.80	227.40	264.60	312.20	365.00	373.40	398.20	455.80		
02294161	0910	20050910	20150910	11	227.55	140.49	17.00	475.00			27.80	60.20	104.20	154.00	158.20	164.20	173.80	189.40	208.00	213.40	222.00	237.00	292.00	367.00	395.20	426.20	462.80		
02294161	0911	20050911	20150911	11	226.00	141.36	16.00	470.00			24.20	48.80	99.80	164.00	168.80	175.80	187.20	194.20	199.00	206.20	212.80	218.20	274.00	355.00	400.60	438.80	462.20		
02294161	0912	20050912	20150912	11	221.55	138.31	16.00	458.00			22.80	43.20	98.00	170.00	177.20	182.60	184.40	190.60	199.00	200.20	203.00	209.00	259.00	331.00	392.80	438.80	453.20		
02294161	0913	20050913	20150913	11	214.82	133.20	18.00	446.00			23.80	41.20	96.60	171.00	171.00	172.80	178.20	180.40	181.00	197.80	210.60	215.40	249.80	299.00	374.00	428.40	441.60		
02294161	0914	20050914	20150914	11	205.36	128.47	19.00	434.00			24.00	39.00	89.60	158.00	163.40	167.60	169.40	170.40	171.00	183.60	198.20	216.80	243.40	274.00	353.80	412.40	428.60		
02294161	0915	20050915	20150915	11	194.36	122.74	20.00	412.00			24.20	36.80	80.20	139.00	148.60	157.40	164.60	167.40	168.00	168.60	179.80	212.20	235.40	254.00	335.60	394.40	407.60		
02294161	0916	20050916	20150916	11	183.55	113.95	18.00	382.00			26.20	50.80	82.60	118.00	133.00	143.60	145.40	151.20	159.00	162.60	175.60	207.40	227.20	241.00	318.40	372.40	379.60		
02294161	0917	20050917	20150917	11	178.27	102.72	20.00	360.00			37.20	88.80	111.60	120.00	125.40	129.40	130.60	140.20	154.00	158.80	170.80	197.20	211.20	219.00	300.00	355.20	358.80		
02294161	0918	20050918	20150918	11	170.82	96.67	23.00	355.00			37.40	80.60	100.20	108.00	115.80	127.40	146.60	153.80	155.00	156.80	164.60	184.40	192.60	195.00	273.00	331.00	349.00		
02294161	0919	20050919	20150919	11	162.36	92.64	22.00	350.00			34.80	73.20	86.80	88.00	101.80	118.00	139.00	153.60	165.00	170.40	174.20	174.80	177.00	180.00	245.40	301.20	337.80		
02294161	0920	20050920	20150920	11	155.45	98.70	20.00	379.00			28.60	54.40	67.00	73.00	89.20	109.20	136.80	150.80	158.00	164.60	169.80	172.20	173.80	175.00	222.40	279.00	354.00		
02294161	0921	20050921	20150921	11	151.36	105.42	20.00	408.00			28.20	52.80	61.80	63.00	80.40	102.40	133.60	144.00	144.00	151.20	156.60	158.40	167.40	180.00	214.80	272.00	374.00		
02294161	0922	20050922	20150922	11	147.45	111.54	18.00	424.00			25.60	48.40	56.80	58.00	73.60	92.60	118.40	130.60	136.00	137.20	139.20	142.80	172.00	214.00	219.40	263.20	383.80		
02294161	0923	20050923	20150923	11	146.55	116.72	18.00	434.00			24.40	43.60	53.60	59.00	70.40	84.40	103.60	116.00	125.00	130.40	137.80	149.20	173.40	204.00	229.80	284.40	396.60		
02294161	0924	20050924	20150924	11	148.73	121.23	21.00	441.00			26.00	41.00	53.60	65.00	70.40	78.20	90.80	103.00	115.00	122.80	140.00	176.00	191.60	197.00	238.40	301.00	406.00		
02294161	0925	20050925	20150925	11	151.00	125.79	20.00	441.00			25.00	40.00	53.80	67.00	67.60	72.00	84.00	92.80	100.00	112.00	138.60	194.40	218.60	227.00	254.00	305.80	407.20		
02294161	0926	20050926	20150926	11	152.91	130.89	19.00	451.00			25.40	44.60	55.80	63.00	65.40	69.20	75.80	83.60	92.00	105.80	139.20	211.80	240.00	246.00	256.80	301.40	413.60		
02294161	0927	20050927	20150927	11	154.45	140.58	18.00	476.00			24.80	45.20	54.00	57.00	59.40	62.40	66.60	76.00	88.00	100.00	133.40	209.60	241.40	251.00	271.40	323.20	437.80		
02294161	0928	20050928	20150928	11	151.18	147.14	18.00	503.00			24.80	45.20	52.80	54.00	55.20	57.00	60.00	69.40	82.00	94.00	123.00	186.00	215.00	227.00	271.40	341.40	462.60		
02294161	0929	20050929	20150929	11	152.27	154.63	22.00	539.00			27.20	42.80	48.80	50.00	54.80	59.60	64.40	69.60	75.00	104.40	135.60	170.40	189.60	201.00	266.40	355.80	493.20		
02294161	0930	20050930	20150930	11	153.73	166.27	21.00	584.00			26.20	41.80	47.40	48.00	51.00	56.00	65.00	69.60	72.00	116.40	148.60	156.40	166.20	177.00	260.40	369.60	530.40		
02294161	1001	20051001	20141001	10	137.60	180.34	17.00	630.00			19.90	35.85	46.00	46.00	46.30	46.85	54.20	64.10	67.00	72.75	114.00	145.50	151.00	155.00	157.20	323.20	582.80		
02294161	1002	20051002	20141002	10	135.50	188.48	17.00	653.00			19.40	32.60	41.20	41.75	42.90	44.55	51.00	59.25	60.50	64.45	102.40	132.25	140.50	149.00	157.80	333.20	603.80		
02294161	1003	20051003	20141003	10	132.90	190.26	20.00	655.00			21.70	31.05	37.20	37.75	39.20	41.40	46.80	53.40	54.00	57.05	90.60	120.40	140.20	154.00	160.60	335.20	605.80		
02294161	1004	20051004	20141004	10	128.90	188.28	21.00	645.00			22.30	29.45	34.20	34.75	36.20	38.40	42.60	47.55	48.50	51.75	82.00	111.65	139.70	156.00	158.20	329.10	596.40		
02294161	1005	20051005	20141005	10	126.20	183.35	24.00	623.00			24.70	28.55	31.40	32.50	33.60	34.70	39.00	44.50	45.00	46.95	68.40	95.40	137.20	165.50	177.60	336.35	578.90		
02294161	1006	20051006	20141006	10	126.60	176.42	29.00	593.00			29.30	30.95	32.20	32.75	34.80	38.10	39.80	40.90	41.50	43.50	60.00	85.95	137.10	178.75	209.00	350.55	555.70		
02294161	1007	20051007	20141007	10	125.80	165.05	28.00	546.00			28.20	29.30	31.20	34.50	36.60	37.70	38.80	39.90	43.00	47.15	59.80	85.65	146.70	196.25	232.00	350.35	515.90		
02294161	1008	20051008	20141008	10	124.20	148.99	27.00	489.00			27.80	32.20	35.20	35.75	36.60	37.70	40.80	44.65	45.00	47.10	70.20	102.45	159.10	205.00	238.00	333.65	465.10		
02294161	1009	20051009	20141009	10	134.80	132.63	26.00	430.00			26.70	30.55	33.60	35.25	37.50	40.25	41.80	42.90	70.50	102.85	156.20	195.15	195.70	209.50	239.20	313.00	412.00		
02294161	1010	20051010	20141010	10	151.10	148.69	25.00	413.00			25.50	28.25	30.80	33.00	35.50	38.25	48.20	60.85	77.50	98.10	154.20	201.75	226.50	275.00	352.00	391.55	409.70		
02294161	1011	20051011	20141011	10	153.90	167.61	24.00	527.00			24.40	26.60	28.80	31.00	32.90	34.55	47.80	65.40	73.00	84.55	145.60	194.80	212.40	250.25	312.40	402.20	507.80		
02294161	1012	20051012	20141012	10	153.50	188.29	24.00	621.00			24.30	25.95	27.80	30.00	31.00	31.00	43.00	59.50	64.50	73.60	135.20	183.15	194.70	223.50	273.00	406.50	588.00		
02294161	1013	20051013	20141013	10	150.80	200.69	21.00	670.00			21.50	24.25	26.20	26.75	27.60	28.70	38.60	51.80	57.50	67.90	132.80	180.75	183.50	202.50	241.00	400.25	628.50		
02294161	1014	20051014	20141014	10	146.50	204.02	20.00	682.00			20.30	21.95	23.00	23.00	24.50	27.25	36.00	47.00	52.50	62.20	119.40	165.35	181.30	200.75	224.40	390.15	637.10		
02294161	1015	20051015	20141015	10	141.50	201.81	17.00	674.00			17.30	18.95	20.20	20.75	22.50	25.25	33.20	43.10	52.00	64.20	110.40	150.15	172.70	194.75	216.20	381.50	629.00		
02294161	1016	20051016	20141016	10	134.50	193.77	16.00	647.00			16.30	17.95	19.20	19.75	21.50	24.25	30.60	38.30	49.00	62.60	102.20	137.60	161.80	184.75	206.20	365.55	603.70		
02294161	1017	20051017	20141017	10	126.20	182.12	16.00	609.00			16.10	16.65	17.60	19.25	21.20	23.40	28.80	35.40	46.50	60.15	94.80	126.75	151.50	173.25	191.40	341.85	567.90		
02294161	1018	20051018	20141018	10	116.70	166.46	16.00	558.00			16.00	16.00	16.60	18.25	20.20	22.40	27.40	33.45	44.50	57.85	89.20	118.45	142.10	161.00	174.20	311.65	520.10		
02294161	1019	20051019	20141019	10	107.10	152.30	16.00	511.00			16.00	16.00	16.40	17.50	19.50	22.25	26.20	30.60	39.00	49.70	79.40	107.60	131.80	149.50	159.40	284.80	476.20		
02294161	1020	20051020	20141020	10	96.60	136.15	15.00	457.00			15.20	16.30	17.40	18.50	19.90	21.55	24.40	27.70	35.50	44.75	64.00	87.15	120.70	141.25	146.20	256.15	426.10		
02294161	1021	20051021	20141021	10	88.20	118.91	15.00	399.00			15.20	16.30	17.40	18.50	19.60	20.70	23.40	26.70	34.50	43.35	58.20	78.75	114.50	135.25	138.00	230.00	373.00		
02294161	1022	20051022	20141022	10	81.00	102.35	15.00	342.00			15.20	16.30	17.20	17.75	18.60	19.70	22.00	24.75	35.50	46.85	56.20	72.15	105.70	128.00	136.80	210.70	321.80		
02294161	1023	20051023	20141023	10	74.10	88.19	14.00	291.00			14.20	15.30	16.20	16.75	17.90	19.55	21.20	22.85	34.00	45.75	54.00	67.95	97.10	120.25	136.20	194.15	276.10		
02294161	1024	20051024	20141024	10	77.90	92.75	13.00	251.00			13.30	14.95	16.20	16.75	17.60	18.70	22.20	26.60	33.00	39.85	49.20	62.30	85.40	134.25	214.00	245.80	250.20		
02294161	1025	20051025	20141025	10	94.50	145.71	12.00	476.00			12.40	14.60	16.60	18.25	19.00	19.00	23.40	29.45	32.50	35.85	45.20	56.80	74.40	113.50	178.40	297.90	448.60		
02294161	1026	20051026	20141026	10	103.90	183.29	12.00	608.00			12.40	14.60	16.20	16.75	17.30	17.85	23.20	30.35	32.50	35.00	46.00	58.20	73.60	103.25	150.00	321.35	563.90		
02294161	1027	20051027	20141027	10	105.90	199.44	12.00	662.00			12.40	14.60	16.00	16.00	16.30	16.85	21.80	28.40	30.50	33.10	45.20	58.05	72.90	95.75	128.20	322.70	609.80		
02294161	1028	20051028	20141028	10	104.10	201.40	16.00	669.00			16.10	16.65	17.00	17.00	17.00	17.00	20.60	25.55	28.00	31.05	42.60	54.90	69.20	88.00	112.20	312.80	614.20		
02294161	1029	20051029	20141029	10	101.60	196.00	16.00	652.00			16.00	16.00	16.20	16.75	17.90	19.55	21.60	23.80	29.00	34.70	42.40	52.05	66.90	84.75	106.20	302.30	598.20		
02294161	1030	20051030	20141030	10	96.30	186.06	16.00	619.00			16.00	16.00	16.20	16.75	17.00	17.00	19.40	22.70	28.50	34.60	41.20	49.00	60.00	76.75	100.40	287.50	568.00		
02294161	1031	20051031	20141031	10	92.50	174.43	16.00	582.00			16.00	16.00	16.20	16.75	17.30	17.85	20.80	24.65	29.00	33.50	39.00	46.90	61.20	78.25	98.60	272.60	534.40		
02294161	1101	20051101	20141101	10	89.20	164.51	15.00	549.00			15.00	15.00	15.40	16.50	17.60	18.70	21.00	23.75	28.00	32.35	36.20	43.50	60.00	80.00	104.20	265.60	505.40		
02294161	1102	20051102	20141102	10	84.80	155.54	14.00	519.00			14.10	14.65	15.40	16.50	17.60	18.70	21.40	24.70	25.50	26.55	32.60	41.20	56.60	76.50	101.80	253.80	478.20		
02294161	1103	20051103	20141103	10	80.50	149.64	12.00	499.00			12.20	13.30	14.20	14.75	15.90	17.55	20.80	24.65	25.50	26.50	32.00	39.15	50.70	68.50	93.80	241.60	459.40		
02294161	1104	20051104	20141104	10	76.70	143.18	11.00	478.00			11.30	12.95	14.20	14.75	15.60	16.70	20.20	24.60	25.50	26.40	30.80	37.00	48.00	63.75	85.20	227.75	439.50		
02294161	1105	20051105	20141105	10	74.40	134.61	11.00	452.00			11.20	12.30	13.80	16.00	17.60	18.70	21.40	24.70	27.00	29.35	33.20	39.30	51.40	64.50	78.80	212.80	415.20		
02294161	1106	20051106	20141106	10	69.80	126.62	11.00	425.00			11.30	12.95	14.40	15.50	16.30	16.85	17.80	18.90	24.00	29.30	32.60	37.55	46.90	59.00	74.40	200.75	390.50		
02294161	1107	20051107	20141107	10	64.00	112.74	11.00	380.00			11.30	12.95	14.20	14.75	15.30	15.85	16.40	16.95	22.50	28.35	32.20	37.70	47.60	57.50	67.40	179.15	349.10		
02294161	1108	20051108	20141108	10	59.60	103.96	12.00	351.00			12.20	13.30	14.20	14.75	15.00	15.00	15.40	15.95	19.50	23.55	29.60	36.40	45.20	54.00	62.80	165.75	322.50		
02294161	1109	20051109	20141109	10	56.70	94.91	11.00	322.00			11.20	12.30	13.40	14.50	15.00	15.00	15.00	15.00	21.00	27.30	30.60	36.30	48.40	56.50	59.80	152.35	295.90		
02294161	1110	20051110	20141110	10	54.90	87.38	11.00	297.00			11.20	12.30	13.20	13.75	14.00	14.00	14.40	14.95	21.00	27.25	30.00	35.90	50.20	60.50	66.00	148.15	274.10		
02294161	1111	20051111	20141111	10	52.80	83.40	11.00	284.00			11.10	11.65	12.40	13.50	14.00	14.00	14.80	15.90	21.00	26.25	29.00	34.45	47.10	57.00	63.60	142.30	262.20		
02294161	1112	20051112	20141112	10	51.40	82.18	11.00	280.00			11.10	11.65	12.20	12.75	13.30	13.85	14.80	15.90	21.00	26.20	28.40	33.00	44.00	53.00	59.60	138.30	258.20		
02294161	1113	20051113	20141113	10	49.70	81.23	11.00	276.00			11.10	11.65	12.20	12.75	13.30	13.85	14.00	14.00	17.00	20.50	26.00	32.70	42.60	50.75	56.80	134.95	254.30		
02294161	1114	20051114	20141114	10	48.50	81.69	11.00	277.00			11.00	11.00	11.20	11.75	12.30	12.85	13.80	14.90	17.00	19.45	24.40	30.70	40.60	47.75	51.60	131.40	254.60		
02294161	1115	20051115	20141115	10	48.20	82.31	11.00	279.00			11.00	11.00	11.20	11.75	12.00	12.00	13.60	15.80	17.50	19.45	24.40	30.40	39.20	45.50	48.80	130.15	256.10		
02294161	1116	20051116	20141116	10	47.20	80.54	10.00	273.00			10.10	10.65	11.20	11.75	12.00	12.00	13.20	14.85	17.00	19.45	24.40	30.25	38.50	44.50	47.80	127.40	250.60		
02294161	1117	20051117	20141117	10	46.80	76.47	10.00	260.00			10.20	11.30	12.00	12.00	12.30	12.85	13.40	13.95	17.50	21.30	24.60	29.25	37.50	45.75	54.00	128.05	239.70		
02294161	1118	20051118	20141118	10	47.70	71.46	10.00	241.00			10.20	11.30	12.00	12.00	12.90	14.55	15.80	16.90	18.50	20.30	23.60	28.10	35.80	51.00	75.20	138.95	225.30		
02294161	1119	20051119	20141119	10	49.10	68.20	10.00	222.00			10.10	10.65	11.20	11.75	12.90	14.55	16.20	17.85	21.00	24.10	25.20	27.95	35.10	57.75	99.00	151.80	211.20		
02294161	1120	20051120	20141120	10	52.10	72.88	10.00	222.00			10.10	10.65	11.00	11.00	12.20	14.40	15.40	15.95	20.00	24.05	24.60	26.95	34.10	65.75	126.80	174.55	214.70		
02294161	1121	20051121	20141121	10	52.98	74.54	9.80	221.00			9.92	10.58	11.00	11.00	12.20	14.40	15.40	15.95	20.00	24.05	24.60	26.65	32.70	67.25	136.00	182.00	215.00		
02294161	1122	20051122	20141122	10	52.26	74.74	9.60	222.00			9.74	10.51	11.00	11.00	12.20	14.40	15.40	15.95	18.00	20.20	22.40	25.65	31.70	66.00	134.20	181.05	215.70		
02294161	1123	20051123	20141123	10	47.18	67.66	9.80	218.00			9.92	10.58	11.00	11.00	12.20	14.40	15.40	15.95	17.00	18.30	21.60	25.65	31.70	54.75	98.20	150.40	207.60		
02294161	1124	20051124	20141124	10	43.60	64.85	10.00	217.00			10.10	10.65	11.00	11.00	11.90	13.55	14.40	14.95	16.00	17.35	21.20	25.35	30.30	45.75	73.80	130.55	203.70		
02294161	1125	20051125	20141125	10	43.50	62.04	10.00	209.00			10.10	10.65	11.00	11.00	12.20	14.40	15.80	16.90	19.50	22.15	23.80	26.05	29.90	44.75	72.80	127.10	196.40		
02294161	1126	20051126	20141126	10	48.10	61.01	10.00	180.00			10.10	10.65	11.00	11.00	12.20	14.40	17.80	21.65	22.00	22.45	27.40	31.75	34.50	62.75	121.60	155.95	176.30		
02294161	1127	20051127	20141127	10	51.70	70.43	10.00	203.00			10.10	10.65	11.00	11.00	12.20	14.40	17.40	20.70	23.00	25.10	26.20	27.45	29.10	63.50	137.20	177.65	199.10		
02294161	1128	20051128	20141128	10	52.98	76.02	9.80	231.00			9.92	10.58	11.00	11.00	12.20	14.40	17.80	21.65	22.00	22.15	23.80	25.60	27.80	60.25	129.00	180.95	223.30		
02294161	1129	20051129	20141129	10	55.57	84.38	9.70	260.00			9.83	10.54	11.20	11.75	12.90	14.55	16.60	18.80	19.50	20.15	21.80	23.90	27.20	61.00	131.40	193.05	249.70		
02294161	1130	20051130	20141130	10	56.15	86.66	9.50	267.00			9.65	10.47	11.40	12.50	13.60	14.70	16.20	17.85	19.00	20.05	20.60	22.05	25.90	60.75	132.80	196.80	256.20		
02294161	1201	20051201	20141201	10	53.62	81.01	9.20	247.00			9.28	9.72	10.40	11.50	13.50	16.25	17.40	17.95	18.50	19.10	20.20	21.90	25.20	59.25	130.20	187.85	237.90		
02294161	1202	20051202	20141202	10	50.37	73.99	7.90	221.00			7.99	8.48	9.44	11.20	13.50	16.25	17.00	17.00	18.50	20.00	20.00	21.05	24.90	58.50	127.80	176.80	214.20		
02294161	1203	20051203	20141203	10	49.65	68.98	8.70	207.00			8.71	8.77	9.24	10.45	12.50	15.25	17.20	18.85	20.50	22.20	24.40	26.75	29.50	60.00	123.80	168.00	201.00		
02294161	1204	20051204	20141204	10	47.56	62.29	8.60	185.00			8.74	9.51	10.20	10.75	12.50	15.25	17.60	19.80	21.00	22.15	23.80	26.80	33.40	63.00	120.20	156.40	180.60		
02294161	1205	20051205	20141205	10	47.36	56.40	8.60	161.00			8.74	9.51	10.00	10.00	10.90	12.55	15.00	17.75	20.00	22.15	23.80	31.90	57.20	87.00	122.20	144.10	158.40		
02294161	1206	20051206	20141206	10	48.18	54.53	8.40	147.00			8.50	9.05	9.52	9.85	11.20	13.40	16.40	19.70	21.00	22.10	23.20	34.65	73.70	104.25	124.60	137.25	145.50		
02294161	1207	20051207	20141207	10	44.95	49.99	7.70	132.00			7.81	8.41	9.24	10.45	11.90	13.55	16.00	18.75	20.00	21.15	22.80	33.00	66.00	95.00	119.20	129.40	131.60		
02294161	1208	20051208	20141208	10	42.86	48.15	7.00	141.00			7.16	8.04	8.88	9.65	11.80	15.10	17.20	18.85	19.00	19.25	22.00	31.50	59.00	83.00	102.80	120.85	137.90		
02294161	1209	20051209	20141209	10	44.98	54.71	6.40	169.00			6.61	7.76	8.78	9.55	11.43	14.23	15.80	16.90	18.50	20.30	23.60	32.15	54.70	78.00	102.20	131.30	163.20		
02294161	1210	20051210	20141210	10	45.99	57.95	6.40	182.00			6.61	7.76	8.80	9.62	11.50	14.25	15.00	15.00	18.00	21.30	24.60	32.55	52.90	75.75	101.60	135.85	174.90		
02294161	1211	20051211	20141211	10	45.58	56.39	6.40	182.00			6.61	7.76	8.78	9.55	11.73	15.09	17.60	19.80	20.50	21.40	25.80	33.80	51.40	71.25	93.80	130.00	174.00		
02294161	1212	20051212	20141212	10	44.47	52.44	6.40	175.00			6.60	7.70	8.70	9.53	11.73	15.09	19.20	23.60	27.00	30.00	30.00	33.90	48.20	64.25	82.40	119.10	166.40		
02294161	1213	20051213	20141213	10	42.17	48.85	6.30	167.00			6.51	7.67	8.72	9.60	12.40	16.80	21.20	25.60	27.50	29.00	29.00	32.45	45.10	58.00	71.20	107.85	157.90		
02294161	1214	20051214	20141214	10	40.62	46.96	7.10	162.00			7.20	7.75	9.08	11.78	13.60	14.70	19.40	25.45	27.00	28.00	28.00	31.00	42.00	53.75	66.40	102.85	152.90		
02294161	1215	20051215	20141215	10	43.52	47.58	7.30	167.00			7.36	7.69	9.32	13.22	17.70	22.65	24.40	24.95	26.50	28.75	37.00	43.60	45.80	53.00	66.20	104.60	157.40		
02294161	1216	20051216	20141216	10	46.53	49.99	8.00	172.00			8.03	8.20	9.64	13.32	17.70	22.65	24.00	24.00	25.50	27.75	36.00	45.90	60.20	70.25	75.20	110.25	162.50		
02294161	1217	20051217	20141217	10	45.87	50.21	8.10	175.00			8.15	8.43	10.48	15.65	19.50	22.25	23.00	23.00	25.00	27.65	34.80	43.90	58.20	67.00	69.20	106.75	164.50		
02294161	1218	20051218	20141218	10	45.06	50.42	7.80	177.00			7.90	8.45	10.84	16.45	19.90	21.55	22.40	22.95	24.50	26.75	35.00	43.55	52.90	60.50	66.00	106.15	166.10		
02294161	1219	20051219	20141219	10	44.58	50.38	7.80	178.00			8.02	9.23	11.80	16.75	19.90	21.55	22.00	22.00	24.00	27.05	38.60	47.15	47.70	52.50	62.40	105.20	166.80		
02294161	1220	20051220	20141220	10	42.65	50.58	7.70	178.00			7.91	9.06	11.24	15.20	18.20	20.40	21.00	21.00	23.00	25.60	32.20	38.35	43.30	50.50	60.40	103.90	166.60		
02294161	1221	20051221	20141221	10	42.16	50.52	8.10	176.00			8.24	9.01	10.60	13.62	16.80	20.10	21.80	22.90	24.00	25.25	28.00	31.95	39.10	50.00	65.40	107.75	165.50		
02294161	1222	20051222	20141222	10	40.94	50.57	8.10	174.00			8.22	8.88	10.24	12.82	15.50	18.25	20.60	22.80	23.00	23.05	23.60	26.55	35.90	49.25	67.40	109.00	164.00		
02294161	1223	20051223	20141223	10	41.11	49.99	8.00	172.00			8.11	8.71	9.88	12.03	14.50	17.25	20.00	22.75	23.50	24.25	27.00	30.65	36.70	48.75	68.00	108.95	162.30		
02294161	1224	20051224	20141224	10	41.47	48.31	7.80	168.00			7.91	8.52	10.32	14.22	16.60	17.70	20.00	22.75	23.50	24.70	32.40	38.15	38.70	47.25	65.40	105.60	158.40		
02294161	1225	20051225	20141225	10	42.56	47.19	7.70	164.00			7.82	8.48	10.72	15.72	18.30	18.85	19.80	20.90	22.00	23.90	33.80	42.50	48.00	56.25	67.80	104.20	154.80		
02294161	1226	20051226	20141226	10	45.55	48.17	7.70	160.00			7.81	8.41	10.64	15.70	18.00	18.00	18.40	18.95	21.00	24.20	37.40	49.70	59.60	71.00	84.20	113.85	152.90		
02294161	1227	20051227	20141227	10	46.23	49.43	7.70	158.00			7.79	8.29	9.68	12.65	14.60	15.70	17.60	19.80	22.00	25.15	37.80	49.70	59.60	74.25	94.60	121.60	152.40		
02294161	1228	20051228	20141228	10	44.09	47.41	7.60	154.00			7.67	8.05	9.24	11.82	13.90	15.55	17.20	18.85	21.50	25.05	36.60	47.25	55.50	68.50	87.20	115.00	148.00		
02294161	1229	20051229	20141229	10	41.71	45.11	7.50	150.00			7.51	7.56	8.68	11.65	13.90	15.55	17.60	19.80	22.00	24.90	34.80	43.50	49.00	60.25	78.40	107.75	143.50		
02294161	1230	20051230	20141230	10	40.15	42.86	7.50	145.00			7.55	7.83	9.00	11.75	14.80	18.10	19.00	19.00	21.00	23.85	33.20	41.35	46.30	56.25	72.20	101.45	138.30		
02294161	1231	20051231	20141231	10	37.34	36.14	7.50	123.00			7.54	7.76	9.72	14.72	17.00	17.00	17.80	18.90	21.00	23.75	32.00	39.80	46.40	55.25	66.80	89.20	117.80		
