site_no	monthday	begin_dt	end_dt	count_nu	mean	std	min	max	p01	p05	p10	p15	p20	p25	p30	p35	p40	p45	p50	p55	p60	p65	p70	p75	p80	p85	p90	p95	p99
02310280	ALL	19831001	20151208	11757	5.83	12.09	0.00	242.00	0.00	0.00	0.00	0.04	0.14	0.28	0.45	0.66	0.94	1.20	1.60	2.00	2.60	3.40	4.40	5.70	7.80	11.00	16.00	26.00	60.42
02310280	0101	19840101	20150101	32	6.21	12.76	0.09	61.00		0.12	0.20	0.21	0.32	0.39	0.51	0.62	0.76	1.17	1.25	1.52	1.68	2.10	3.23	5.00	8.38	10.07	24.60	43.45	
02310280	0102	19840102	20150102	32	6.14	11.42	0.08	54.00		0.13	0.22	0.28	0.33	0.50	0.77	0.85	1.10	1.19	1.55	1.92	2.00	2.39	3.21	4.58	9.92	16.10	22.90	37.75	
02310280	0103	19840103	20150103	32	5.87	10.09	0.08	47.00		0.11	0.22	0.27	0.32	0.54	0.81	1.05	1.16	1.74	1.85	2.12	2.88	3.29	3.80	5.90	8.90	13.20	22.60	33.35	
02310280	0104	19840104	20150104	32	5.53	9.32	0.07	42.00		0.11	0.21	0.26	0.30	0.52	0.79	1.03	1.20	1.69	1.80	2.30	2.70	3.12	3.74	5.00	8.00	12.20	20.90	32.25	
02310280	0105	19840105	20150105	32	5.19	8.54	0.07	38.00		0.10	0.20	0.27	0.32	0.51	0.78	0.96	1.16	1.40	1.55	1.81	2.38	2.63	4.46	6.72	7.74	10.30	19.50	29.55	
02310280	0106	19840106	20150106	32	5.05	9.05	0.07	44.00		0.10	0.21	0.28	0.38	0.54	0.76	0.90	1.02	1.10	1.45	1.61	1.94	2.54	3.66	6.30	7.36	9.11	17.80	30.35	
02310280	0107	19840107	20150107	32	6.59	17.81	0.08	100.00		0.10	0.21	0.27	0.46	0.66	0.70	0.93	0.99	1.34	1.50	1.63	1.88	2.38	2.98	5.88	6.58	8.96	16.80	48.65	
02310280	0108	19840108	20150108	32	6.55	18.24	0.08	103.00		0.10	0.21	0.39	0.50	0.60	0.69	0.91	1.14	1.30	1.45	1.60	1.92	2.44	2.98	5.88	6.44	8.35	15.10	49.05	
02310280	0109	19840109	20150109	32	6.13	16.48	0.08	93.00		0.10	0.27	0.44	0.52	0.57	0.59	0.81	1.20	1.37	1.55	1.73	1.98	2.23	3.72	5.78	6.18	7.44	14.10	44.90	
02310280	0110	19840110	20150110	32	6.30	15.52	0.08	86.00		0.11	0.29	0.44	0.50	0.55	0.64	0.97	1.24	1.48	1.55	1.70	1.86	2.58	3.55	5.20	6.06	11.15	17.50	44.40	
02310280	0111	19840111	20150111	32	6.46	15.24	0.08	80.00		0.11	0.26	0.48	0.55	0.58	0.65	0.76	1.12	1.28	1.40	1.61	2.02	2.29	3.12	4.72	5.68	10.15	21.40	49.45	
02310280	0112	19840112	20150112	32	6.12	14.21	0.08	75.00		0.11	0.41	0.48	0.51	0.55	0.70	0.89	1.04	1.20	1.30	1.73	1.90	2.34	3.17	4.33	5.48	11.05	19.70	45.75	
02310280	0113	19840113	20150113	32	5.91	13.40	0.09	69.00		0.15	0.36	0.46	0.48	0.51	0.70	0.87	1.10	1.19	1.30	1.61	1.70	2.15	2.95	4.00	5.18	11.05	20.40	44.30	
02310280	0114	19840114	20150114	32	6.20	12.34	0.09	62.00		0.19	0.29	0.40	0.46	0.71	0.73	0.98	1.10	1.27	1.55	1.63	2.20	3.04	3.91	4.90	7.60	12.25	21.20	41.20	
02310280	0115	19840115	20150115	32	6.52	13.39	0.08	68.00		0.14	0.27	0.31	0.44	0.69	0.75	0.95	1.02	1.35	1.60	1.90	2.06	2.92	3.61	4.67	8.52	10.60	24.80	42.00	
02310280	0116	19840116	20150116	32	6.55	14.69	0.07	79.00		0.11	0.26	0.30	0.40	0.63	0.80	0.93	1.12	1.37	1.40	1.65	2.38	3.13	4.13	5.30	7.82	10.45	20.40	44.55	
02310280	0117	19840117	20150117	32	6.23	13.76	0.06	75.00		0.16	0.26	0.40	0.64	0.78	0.81	1.05	1.14	1.39	1.60	1.88	2.70	3.48	3.83	5.30	7.44	9.96	18.50	41.20	
02310280	0118	19840118	20150118	32	6.01	13.06	0.06	72.00		0.14	0.25	0.38	0.64	0.72	0.89	1.15	1.52	1.60	2.35	2.83	3.08	3.42	3.83	4.40	7.12	9.34	17.60	38.20	
02310280	0119	19840119	20150119	32	6.13	12.49	0.06	67.00		0.14	0.25	0.36	0.56	0.79	1.07	1.46	1.60	1.77	2.00	2.45	3.38	3.59	3.87	5.85	7.96	9.43	17.00	40.35	
02310280	0120	19840120	20150120	32	5.72	11.42	0.11	61.00		0.17	0.25	0.40	0.75	0.81	1.08	1.25	1.42	1.58	1.95	2.25	3.10	3.39	3.71	5.45	7.28	8.34	16.60	36.95	
02310280	0121	19840121	20150121	32	5.45	10.36	0.09	55.00		0.15	0.23	0.40	0.62	0.69	1.06	1.25	1.40	1.48	1.95	2.19	2.94	3.40	5.72	6.12	7.00	8.01	15.06	34.20	
02310280	0122	19840122	20150122	32	5.63	9.73	0.07	49.00		0.15	0.25	0.35	0.53	0.57	0.94	1.10	1.24	1.74	1.95	2.40	2.88	4.00	5.43	5.92	6.92	10.35	19.80	30.80	
02310280	0123	19840123	20150123	32	5.58	9.76	0.07	50.00		0.15	0.27	0.34	0.48	0.71	1.09	1.36	1.60	1.69	1.90	2.19	2.86	3.48	4.84	6.03	7.00	11.20	18.50	31.15	
02310280	0124	19840124	20150124	32	5.58	9.54	0.07	49.00		0.15	0.29	0.33	0.51	0.74	1.08	1.10	1.46	1.70	2.25	2.60	2.68	3.75	4.48	5.80	7.66	13.05	17.50	30.15	
02310280	0125	19840125	20150125	32	5.50	8.84	0.07	45.00		0.22	0.34	0.48	0.59	0.77	1.08	1.30	1.54	1.70	1.85	2.50	2.90	3.76	5.15	5.90	9.94	11.15	16.80	28.10	
02310280	0126	19840126	20150126	32	5.61	8.50	0.07	41.00		0.21	0.45	0.48	0.55	0.67	0.98	1.10	1.34	1.75	2.30	2.49	3.00	3.83	4.80	5.17	11.80	15.10	17.00	26.05	
02310280	0127	19840127	20150127	32	5.53	8.09	0.07	39.00		0.21	0.36	0.37	0.48	0.67	0.97	1.16	1.34	1.67	2.00	2.84	3.74	4.18	4.67	7.85	10.50	13.15	16.70	25.35	
02310280	0128	19840128	20150128	32	5.12	7.45	0.07	36.00		0.21	0.32	0.35	0.54	0.80	0.99	1.31	1.40	1.57	1.85	2.08	3.30	3.83	4.28	7.62	9.62	12.15	15.70	23.00	
02310280	0129	19840129	20150129	32	4.75	6.82	0.07	33.00		0.21	0.30	0.35	0.51	0.68	1.09	1.36	1.52	1.85	1.90	1.96	2.94	3.54	3.90	6.30	8.72	11.15	14.70	21.30	
02310280	0130	19840130	20150130	32	4.58	6.31	0.27	31.00		0.28	0.34	0.41	0.50	0.84	0.99	1.27	1.44	1.69	2.05	2.86	3.36	3.54	4.70	5.67	7.88	10.05	13.70	19.95	
02310280	0131	19840131	20150131	32	4.54	5.71	0.25	28.00		0.26	0.39	0.51	0.82	1.02	1.20	1.41	1.54	2.04	2.40	2.63	3.04	4.00	5.74	6.55	7.54	9.44	12.70	18.25	
02310280	0201	19840201	20150201	32	4.77	5.74	0.18	26.00		0.22	0.34	0.48	0.80	0.97	1.10	1.30	1.42	2.10	2.35	2.96	3.86	4.43	6.01	6.47	8.96	11.05	12.70	19.50	
02310280	0202	19840202	20150202	32	4.57	6.09	0.26	31.00		0.27	0.43	0.71	0.78	0.85	1.08	1.20	1.32	1.97	2.10	2.76	3.42	3.92	5.50	5.72	9.06	9.86	11.00	19.30	
02310280	0203	19840203	20150203	32	5.80	11.44	0.26	65.00		0.34	0.42	0.62	0.69	0.97	1.09	1.20	1.92	2.00	2.45	2.78	3.88	4.45	5.12	7.33	9.46	10.00	10.00	31.85	
02310280	0204	19840204	20150204	32	5.53	9.99	0.24	56.00		0.31	0.37	0.54	0.64	0.78	1.08	1.20	1.80	1.80	2.15	2.56	3.98	4.64	5.06	7.85	8.88	9.62	12.10	28.05	
02310280	0205	19840205	20150205	32	5.42	9.47	0.22	52.00		0.27	0.34	0.45	0.57	0.72	1.10	1.36	1.54	1.70	2.30	2.62	4.10	4.49	4.97	6.65	8.20	10.00	11.40	29.90	
02310280	0206	19840206	20150206	32	5.07	8.63	0.21	47.00		0.24	0.30	0.38	0.52	0.72	1.28	1.30	1.52	1.77	2.15	3.65	4.22	4.45	4.57	5.80	7.58	8.81	9.38	28.80	
02310280	0207	19840207	20150207	32	4.73	7.82	0.19	43.00		0.22	0.34	0.39	0.53	0.76	1.09	1.25	1.68	2.08	2.70	3.36	3.94	4.25	4.65	5.33	6.96	7.33	8.36	26.10	
02310280	0208	19840208	20150208	32	4.58	7.22	0.21	39.00		0.21	0.31	0.35	0.58	0.76	1.00	1.10	1.82	1.98	2.25	2.96	3.94	4.51	5.50	5.65	6.24	7.24	8.88	24.70	
02310280	0209	19840209	20150209	32	4.49	6.88	0.19	35.00		0.20	0.30	0.32	0.58	0.70	0.94	1.10	1.62	1.79	1.90	2.75	4.04	4.63	5.01	5.25	5.70	6.44	12.66	23.95	
02310280	0210	19840210	20150210	32	4.36	6.75	0.16	33.00		0.19	0.28	0.28	0.48	0.63	0.84	1.11	1.50	1.58	1.75	2.33	3.84	3.99	4.61	5.00	5.70	6.94	11.38	25.20	
02310280	0211	19840211	20150211	32	4.24	6.43	0.16	30.00		0.20	0.26	0.28	0.47	0.59	0.86	1.20	1.52	1.69	2.00	2.52	3.44	3.79	4.10	4.62	5.32	6.64	12.72	24.15	
02310280	0212	19840212	20150212	32	4.16	6.20	0.16	28.00		0.19	0.25	0.34	0.48	0.55	0.90	1.31	1.60	1.69	2.15	2.58	3.48	3.70	3.87	4.50	4.94	6.13	13.24	23.45	
02310280	0213	19840213	20150213	32	4.26	5.89	0.16	26.00		0.18	0.27	0.40	0.50	0.80	1.07	1.32	1.60	1.60	2.05	2.23	3.20	3.77	4.22	4.55	5.90	7.49	13.70	21.45	
02310280	0214	19840214	20150214	32	4.54	6.55	0.14	26.00		0.17	0.34	0.66	0.73	1.00	1.09	1.51	1.62	1.79	1.90	2.15	3.12	3.65	3.96	4.72	5.20	6.69	17.50	24.05	
02310280	0215	19840215	20150215	32	4.52	6.24	0.14	26.00		0.21	0.37	0.55	0.73	0.97	1.20	1.46	1.60	1.69	1.85	2.27	3.28	3.58	4.11	4.35	5.10	12.05	15.80	22.10	
02310280	0216	19840216	20150216	32	5.86	13.70	0.14	77.00		0.20	0.40	0.47	0.65	0.87	1.00	1.16	1.40	1.57	1.70	2.17	3.26	4.04	4.30	4.38	4.88	10.05	14.50	38.65	
02310280	0217	19840217	20150217	32	6.20	15.56	0.13	88.00		0.20	0.32	0.42	0.56	0.77	0.89	1.02	1.32	1.48	1.55	1.95	2.88	3.70	3.81	4.95	6.98	9.48	14.50	41.85	
02310280	0218	19840218	20150218	32	5.83	14.09	0.11	79.00		0.19	0.27	0.40	0.51	0.62	0.74	0.99	1.32	1.40	1.60	1.91	2.66	3.40	3.52	4.53	6.60	8.68	14.80	39.35	
02310280	0219	19840219	20150219	32	5.51	13.52	0.14	76.00		0.18	0.33	0.34	0.45	0.55	0.72	0.97	1.30	1.39	1.50	1.72	2.48	3.15	3.23	4.25	6.04	7.82	13.40	37.65	
02310280	0220	19840220	20150220	32	5.57	14.82	0.16	84.00		0.18	0.29	0.40	0.43	0.55	0.88	1.02	1.12	1.28	1.40	2.12	2.36	2.90	3.04	4.08	5.48	7.29	12.40	39.80	
02310280	0221	19840221	20150221	32	5.21	13.44	0.13	76.00		0.16	0.26	0.35	0.36	0.51	0.69	0.81	1.02	1.19	1.65	2.12	2.60	2.75	2.84	3.95	5.14	6.92	12.40	36.35	
02310280	0222	19840222	20150222	32	5.30	13.13	0.12	74.00		0.18	0.25	0.30	0.39	0.48	0.55	0.91	1.10	1.10	1.65	2.02	2.50	2.65	3.82	4.22	5.90	7.90	13.44	35.65	
02310280	0223	19840223	20150223	32	5.90	13.08	0.10	73.00		0.20	0.26	0.28	0.47	0.57	0.80	0.99	1.36	1.77	1.85	2.50	2.50	3.26	3.98	4.92	7.96	12.10	14.00	36.60	
02310280	0224	19840224	20150224	32	5.67	12.06	0.09	67.00		0.16	0.23	0.29	0.40	0.54	0.91	1.10	1.38	1.79	2.05	2.31	2.40	2.79	3.69	5.55	8.88	12.05	13.00	33.85	
02310280	0225	19840225	20150225	32	5.96	11.45	0.09	60.00		0.14	0.21	0.25	0.35	0.46	0.79	1.21	1.52	1.85	2.15	2.30	2.38	2.97	5.00	5.30	10.40	11.10	14.40	38.55	
02310280	0226	19840226	20150226	32	5.72	10.15	0.08	53.00		0.11	0.22	0.25	0.32	0.40	0.72	1.01	1.42	1.84	2.00	2.44	3.20	4.39	4.91	7.70	9.40	10.15	13.70	34.15	
02310280	0227	19840227	20150227	32	5.64	9.51	0.07	47.00		0.10	0.22	0.27	0.35	0.45	0.65	0.86	1.14	1.73	1.90	2.67	3.10	3.92	4.88	6.35	8.76	12.05	19.30	30.75	
02310280	0228	19840228	20150228	32	6.26	11.37	0.06	50.00		0.08	0.19	0.27	0.33	0.39	0.57	0.75	1.02	1.54	1.80	2.42	2.82	3.45	4.53	6.45	8.56	13.20	19.10	43.50	
02310280	0229	19840229	20120229	8	8.15	12.68	0.19	36.00				0.21	0.25	0.30	0.39	0.81	1.92	2.94	3.25	3.56	3.68	3.77	8.06	14.45	21.60	29.70			
02310280	0301	19840301	20150301	32	6.32	12.30	0.08	61.00		0.13	0.18	0.22	0.27	0.37	0.51	0.79	1.02	1.74	2.00	2.25	2.98	3.25	4.69	6.03	8.18	13.15	16.70	44.10	
02310280	0302	19840302	20150302	32	6.49	11.75	0.08	59.00		0.11	0.16	0.19	0.29	0.33	0.57	0.94	1.34	1.90	2.05	2.36	2.94	4.38	5.37	8.32	10.68	13.05	16.10	41.45	
02310280	0303	19840303	20150303	32	6.27	11.18	0.07	57.00		0.10	0.15	0.27	0.30	0.47	0.61	0.84	1.20	1.69	2.20	2.53	3.18	4.25	5.90	8.68	9.86	11.10	15.80	38.80	
02310280	0304	19840304	20150304	32	5.92	10.20	0.06	52.00		0.08	0.15	0.27	0.53	0.74	0.90	1.00	1.44	1.77	2.00	2.50	3.34	4.16	5.40	8.18	8.80	11.00	15.90	35.10	
02310280	0305	19840305	20150305	32	5.40	9.05	0.05	46.00		0.08	0.16	0.23	0.48	0.64	0.85	1.11	1.52	1.69	2.15	2.60	2.76	4.01	5.11	7.30	8.06	10.00	14.90	31.05	
02310280	0306	19840306	20150306	32	5.06	8.26	0.04	42.00		0.07	0.13	0.24	0.35	0.56	0.74	0.98	1.44	1.94	2.25	2.65	3.38	4.03	4.68	6.53	7.26	9.31	14.05	28.35	
02310280	0307	19840307	20150307	32	5.44	8.15	0.03	38.00		0.06	0.13	0.24	0.32	0.50	0.67	0.83	1.26	1.58	2.00	2.19	3.74	5.04	5.62	7.08	8.68	13.10	18.50	26.30	
02310280	0308	19840308	20150308	32	5.29	7.87	0.02	35.00		0.05	0.10	0.21	0.36	0.52	0.61	1.21	1.32	1.48	1.75	2.06	3.66	4.20	5.22	6.60	8.02	14.10	16.70	27.20	
02310280	0309	19840309	20150309	32	6.28	13.55	0.01	74.00		0.03	0.09	0.15	0.31	0.46	0.57	1.05	1.14	1.39	1.50	2.00	3.58	4.04	4.54	6.33	7.34	13.15	16.00	40.85	
02310280	0310	19840310	20150310	32	5.79	12.37	0.01	67.00		0.02	0.08	0.15	0.34	0.50	0.67	0.92	1.12	1.20	1.40	1.73	2.66	3.59	4.42	5.72	7.02	12.10	14.70	38.40	
02310280	0311	19840311	20150311	32	5.84	12.25	0.00	66.00		0.01	0.07	0.15	0.32	0.44	0.47	0.82	0.92	1.08	1.80	2.06	2.40	3.55	4.26	5.47	7.68	13.10	15.70	37.40	
02310280	0312	19840312	20150312	32	5.87	11.61	0.00	62.00		0.01	0.07	0.13	0.29	0.37	0.41	0.73	0.83	1.16	1.45	1.96	3.18	3.79	5.27	6.35	9.54	12.10	16.10	35.35	
02310280	0313	19840313	20150313	32	5.74	10.89	0.00	57.00		0.00	0.04	0.11	0.24	0.32	0.36	0.63	0.75	1.06	1.40	1.71	3.10	4.14	5.01	6.15	9.16	14.05	17.10	32.30	
02310280	0314	19840314	20150314	32	5.37	9.70	0.00	50.00		0.01	0.05	0.23	0.29	0.32	0.45	0.61	0.74	0.96	1.05	1.48	3.10	4.04	4.37	6.20	10.22	12.20	16.70	28.55	
02310280	0315	19840315	20150315	32	5.89	9.97	0.00	44.00		0.01	0.04	0.28	0.33	0.36	0.40	0.62	0.71	0.83	0.99	1.70	2.90	3.77	5.41	5.72	11.80	15.05	19.50	34.90	
02310280	0316	19840316	20150316	32	5.78	9.59	0.00	39.00		0.01	0.05	0.18	0.26	0.31	0.42	0.52	0.72	0.81	1.00	1.06	2.68	3.94	5.23	7.15	11.20	13.10	24.10	31.85	
02310280	0317	19840317	20150317	32	5.71	8.75	0.00	35.00		0.01	0.04	0.11	0.25	0.28	0.37	0.44	0.64	0.68	0.77	2.73	3.22	5.15	5.99	7.78	12.00	12.05	21.40	29.80	
02310280	0318	19840318	20150318	32	6.12	8.71	0.00	32.00		0.01	0.02	0.08	0.23	0.26	0.32	0.50	0.55	0.66	0.73	2.85	4.10	7.55	8.62	10.45	11.00	12.30	20.80	30.70	
02310280	0319	19840319	20150319	32	6.98	12.13	0.00	61.00		0.00	0.01	0.05	0.17	0.24	0.34	0.39	0.49	0.68	0.71	2.58	5.60	8.12	9.64	10.00	10.40	14.00	18.20	40.85	
02310280	0320	19840320	20150320	32	7.52	15.78	0.00	84.00		0.00	0.00	0.03	0.18	0.23	0.28	0.37	0.45	0.59	1.10	2.37	5.06	7.08	7.54	8.72	9.58	12.05	23.50	48.25	
02310280	0321	19840321	20150321	32	7.51	15.41	0.00	80.00		0.00	0.03	0.13	0.16	0.23	0.30	0.37	0.50	0.83	1.55	2.98	4.64	5.41	6.90	8.78	10.40	12.00	22.50	50.75	
02310280	0322	19840322	20150322	32	7.42	14.77	0.00	77.00		0.00	0.02	0.10	0.17	0.19	0.29	0.40	0.58	0.82	2.10	2.67	4.24	5.62	7.71	9.68	10.40	13.00	20.00	49.05	
02310280	0323	19840323	20150323	32	6.83	13.87	0.00	73.00		0.00	0.02	0.08	0.12	0.16	0.23	0.40	0.66	1.07	2.15	3.12	3.88	5.35	7.14	7.80	8.82	11.05	17.60	46.35	
02310280	0324	19840324	20150324	32	6.30	12.86	0.00	68.00		0.00	0.01	0.07	0.10	0.15	0.20	0.36	0.52	0.82	1.95	3.31	3.96	4.83	6.60	7.28	7.94	10.10	16.20	42.65	
02310280	0325	19840325	20150325	32	5.66	11.67	0.00	62.00		0.00	0.01	0.05	0.12	0.14	0.18	0.28	0.37	0.57	2.30	3.02	3.18	3.86	6.20	6.80	7.24	10.00	13.50	38.60	
02310280	0326	19840326	20150326	32	6.10	11.77	0.00	54.00		0.00	0.01	0.04	0.12	0.15	0.17	0.22	0.32	0.76	1.75	2.42	2.58	3.37	5.62	7.15	8.80	9.96	20.00	43.60	
02310280	0327	19840327	20150327	32	6.49	13.26	0.00	61.00		0.00	0.01	0.03	0.09	0.12	0.13	0.17	0.25	0.45	1.33	1.89	2.48	3.33	5.04	6.83	9.02	12.15	19.20	49.95	
02310280	0328	19840328	20150328	32	6.30	11.29	0.00	49.00		0.00	0.00	0.02	0.06	0.10	0.11	0.17	0.28	0.66	1.40	2.13	3.34	4.72	6.43	6.70	9.14	14.20	20.80	41.85	
02310280	0329	19840329	20150329	32	7.36	12.99	0.00	64.00		0.00	0.01	0.03	0.08	0.10	0.15	0.26	0.57	0.68	1.10	1.92	4.08	5.71	8.66	12.50	15.00	16.05	17.70	43.85	
02310280	0330	19840330	20150330	32	8.54	19.30	0.00	105.00		0.00	0.00	0.01	0.06	0.09	0.11	0.26	0.92	1.25	1.75	2.26	3.56	4.88	7.58	11.00	12.20	14.05	24.80	56.25	
02310280	0331	19840331	20150331	32	9.67	23.45	0.00	130.00		0.00	0.00	0.00	0.05	0.06	0.11	0.56	0.74	0.97	1.60	2.37	3.86	4.59	6.67	12.25	13.40	20.20	25.40	63.05	
02310280	0401	19840401	20150401	32	9.36	21.06	0.00	114.00		0.00	0.00	0.02	0.03	0.04	0.10	0.52	0.71	1.22	1.45	3.02	4.10	4.97	8.32	10.60	12.40	21.05	23.40	63.95	
02310280	0402	19840402	20150402	32	8.63	20.16	0.00	110.00		0.00	0.00	0.00	0.02	0.05	0.14	0.42	0.63	0.86	1.15	2.60	2.76	5.18	7.87	9.32	10.80	19.05	21.40	59.95	
02310280	0403	19840403	20150403	32	7.72	18.42	0.00	101.00		0.00	0.00	0.00	0.00	0.08	0.22	0.31	0.48	0.65	1.00	1.56	2.22	5.04	6.81	8.47	9.92	16.10	19.40	53.55	
02310280	0404	19840404	20150404	32	7.06	16.56	0.00	91.00		0.00	0.00	0.00	0.00	0.05	0.23	0.38	0.61	0.75	0.89	1.05	1.88	4.31	6.18	7.95	11.20	15.05	17.40	46.80	
02310280	0405	19840405	20150405	32	6.50	14.37	0.00	77.00		0.00	0.00	0.00	0.00	0.04	0.21	0.30	0.54	0.74	0.92	1.11	1.60	3.77	6.05	7.03	9.80	15.05	18.80	42.55	
02310280	0406	19840406	20150406	32	5.90	12.31	0.00	65.00		0.00	0.00	0.00	0.00	0.10	0.20	0.51	0.70	0.73	0.83	1.07	2.38	4.42	5.43	6.45	8.68	13.05	16.80	38.35	
02310280	0407	19840407	20150407	32	5.28	10.46	0.00	55.00		0.00	0.00	0.00	0.01	0.07	0.20	0.41	0.56	0.59	1.35	1.62	3.26	3.87	4.65	5.85	7.62	12.05	15.80	32.25	
02310280	0408	19840408	20150408	32	4.67	8.84	0.00	45.00		0.00	0.00	0.00	0.01	0.04	0.11	0.34	0.41	0.50	1.05	2.04	2.70	3.13	3.88	5.35	7.12	11.05	15.50	27.45	
02310280	0409	19840409	20150409	32	4.43	8.09	0.00	40.00		0.00	0.00	0.00	0.00	0.02	0.06	0.21	0.30	0.48	0.80	1.21	2.12	3.08	4.35	5.85	7.68	9.91	14.80	25.70	
02310280	0410	19840410	20150410	32	4.05	7.63	0.00	37.00		0.00	0.00	0.00	0.00	0.01	0.03	0.14	0.22	0.40	0.58	0.78	1.68	2.83	4.19	5.30	6.18	8.72	13.10	25.95	
02310280	0411	19840411	20150411	32	3.68	6.98	0.00	34.00		0.00	0.00	0.00	0.00	0.01	0.02	0.08	0.32	0.48	0.54	1.31	2.20	2.70	3.52	4.53	5.32	7.43	11.40	24.25	
02310280	0412	19840412	20150412	32	3.53	6.35	0.00	31.00		0.00	0.00	0.00	0.00	0.00	0.03	0.11	0.23	0.41	0.69	1.41	2.32	2.81	3.49	4.60	5.74	6.73	10.46	21.90	
02310280	0413	19840413	20150413	32	3.29	5.95	0.00	29.00		0.00	0.00	0.00	0.00	0.00	0.06	0.14	0.28	0.44	0.76	1.63	1.80	2.52	3.08	4.03	4.70	8.51	9.05	20.55	
02310280	0414	19840414	20150414	32	2.92	5.40	0.00	26.00		0.00	0.00	0.00	0.00	0.00	0.01	0.10	0.27	0.52	0.92	1.10	1.42	2.37	2.85	3.38	4.12	6.37	7.74	19.50	
02310280	0415	19840415	20150415	32	2.73	4.98	0.00	24.00		0.00	0.00	0.00	0.00	0.02	0.08	0.10	0.23	0.37	0.73	0.87	1.70	2.52	3.01	3.17	4.26	5.17	6.99	18.15	
02310280	0416	19840416	20150416	32	2.84	5.05	0.00	23.00		0.00	0.00	0.00	0.00	0.01	0.06	0.11	0.18	0.39	0.55	0.67	1.50	2.12	2.82	3.45	4.84	5.94	9.71	17.80	
02310280	0417	19840417	20150417	32	2.52	4.41	0.00	20.00		0.00	0.00	0.00	0.00	0.01	0.04	0.06	0.20	0.32	0.44	1.01	1.48	2.33	2.61	2.77	4.12	5.25	7.70	16.10	
02310280	0418	19840418	20150418	32	2.24	3.89	0.00	18.00		0.00	0.00	0.00	0.00	0.01	0.01	0.02	0.15	0.28	0.47	0.89	1.28	2.15	2.23	3.10	3.62	4.47	6.50	14.10	
02310280	0419	19840419	20150419	32	2.05	3.63	0.00	17.00		0.00	0.00	0.00	0.00	0.00	0.00	0.06	0.12	0.17	0.27	0.79	1.10	1.78	2.44	2.88	3.36	3.98	5.75	13.10	
02310280	0420	19840420	20150420	32	1.85	3.22	0.00	15.00		0.00	0.00	0.00	0.00	0.00	0.00	0.05	0.10	0.19	0.41	0.68	1.06	1.43	2.31	2.62	2.94	3.87	5.10	11.62	
02310280	0421	19840421	20150421	32	1.66	2.85	0.00	13.00		0.00	0.00	0.00	0.00	0.00	0.00	0.05	0.06	0.12	0.42	0.83	0.97	1.29	2.01	2.17	2.50	4.12	4.82	10.27	
02310280	0422	19840422	20150422	32	1.49	2.56	0.00	12.00		0.00	0.00	0.00	0.00	0.00	0.03	0.04	0.09	0.25	0.47	0.73	0.79	1.25	1.71	1.88	2.22	3.71	4.22	9.14	
02310280	0423	19840423	20150423	32	1.36	2.46	0.00	12.00		0.00	0.00	0.00	0.00	0.01	0.02	0.04	0.11	0.48	0.59	0.62	0.66	0.88	1.33	1.60	1.82	3.30	3.72	8.69	
02310280	0424	19840424	20150424	32	1.26	2.25	0.00	11.00		0.00	0.00	0.00	0.00	0.00	0.01	0.02	0.03	0.31	0.49	0.63	0.94	1.00	1.12	1.38	1.88	2.81	3.25	8.01	
02310280	0425	19840425	20150425	32	1.14	1.98	0.00	9.70		0.00	0.00	0.00	0.00	0.00	0.00	0.00	0.04	0.23	0.37	0.43	0.67	1.15	1.22	1.48	2.02	2.50	2.95	6.84	
02310280	0426	19840426	20150426	32	1.77	3.48	0.00	16.00		0.00	0.00	0.00	0.00	0.00	0.00	0.01	0.02	0.14	0.31	0.56	0.96	1.20	1.54	1.98	2.04	2.80	7.36	11.90	
02310280	0427	19840427	20150427	32	1.65	2.86	0.00	12.00		0.00	0.00	0.00	0.00	0.00	0.00	0.00	0.02	0.09	0.22	0.50	0.83	1.39	1.60	1.75	2.64	4.07	6.73	9.60	
02310280	0428	19840428	20150428	32	1.52	2.35	0.00	8.70		0.00	0.00	0.00	0.00	0.00	0.00	0.00	0.02	0.12	0.16	0.35	0.75	1.21	1.53	2.10	3.84	4.51	5.85	7.14	
02310280	0429	19840429	20150429	32	1.51	2.40	0.00	7.80		0.00	0.00	0.00	0.00	0.00	0.00	0.00	0.01	0.09	0.14	0.22	0.57	0.94	2.00	2.23	3.00	5.50	5.88	7.74	
02310280	0430	19840430	20150430	32	1.36	2.15	0.00	6.90		0.00	0.00	0.00	0.00	0.00	0.00	0.01	0.04	0.06	0.09	0.25	0.47	0.72	1.08	2.17	3.36	4.71	5.35	6.45	
02310280	0501	19840501	20150501	32	1.33	2.14	0.00	7.90		0.00	0.00	0.00	0.00	0.00	0.00	0.01	0.03	0.05	0.14	0.35	0.50	0.80	1.26	2.10	2.84	4.21	5.20	6.79	
02310280	0502	19840502	20150502	32	1.27	1.80	0.00	6.10		0.00	0.00	0.00	0.00	0.00	0.00	0.00	0.03	0.04	0.23	0.30	0.64	1.59	1.91	2.08	2.56	3.81	4.59	5.64	
02310280	0503	19840503	20150503	32	1.37	1.89	0.00	6.50		0.00	0.00	0.00	0.00	0.00	0.00	0.00	0.01	0.02	0.12	0.23	1.01	1.44	2.07	3.08	3.42	3.62	4.35	5.72	
02310280	0504	19840504	20150504	32	1.22	1.79	0.00	6.40		0.00	0.00	0.00	0.00	0.00	0.00	0.00	0.00	0.02	0.07	0.18	0.77	1.19	1.48	2.27	2.86	3.33	4.43	5.55	
02310280	0505	19840505	20150505	32	0.99	1.41	0.00	4.60		0.00	0.00	0.00	0.00	0.00	0.00	0.00	0.00	0.02	0.06	0.13	0.59	0.88	1.32	2.17	2.60	3.10	3.20	4.21	
02310280	0506	19840506	20150506	32	0.83	1.25	0.00	4.80		0.00	0.00	0.00	0.00	0.00	0.00	0.00	0.00	0.02	0.07	0.18	0.41	0.68	1.00	1.75	2.14	2.23	2.97	3.63	
02310280	0507	19840507	20150507	32	0.73	1.14	0.00	5.00		0.00	0.00	0.00	0.00	0.00	0.00	0.00	0.00	0.00	0.06	0.20	0.41	0.66	0.88	1.48	1.74	1.82	2.37	3.44	
02310280	0508	19840508	20150508	32	0.62	1.05	0.00	4.90		0.00	0.00	0.00	0.00	0.00	0.00	0.00	0.00	0.00	0.01	0.10	0.29	0.47	0.76	1.13	1.44	1.71	1.87	3.15	
02310280	0509	19840509	20150509	32	0.71	1.47	0.00	6.90		0.00	0.00	0.00	0.00	0.00	0.00	0.00	0.00	0.00	0.00	0.05	0.12	0.42	0.68	0.95	1.28	1.50	1.81	5.41	
02310280	0510	19840510	20150510	32	0.65	1.30	0.00	6.10		0.00	0.00	0.00	0.00	0.00	0.00	0.00	0.00	0.00	0.01	0.04	0.16	0.47	0.59	0.93	1.07	1.31	1.85	4.74	
02310280	0511	19840511	20150511	32	0.50	0.94	0.00	3.40		0.00	0.00	0.00	0.00	0.00	0.00	0.00	0.00	0.00	0.00	0.02	0.11	0.28	0.48	0.68	0.87	1.20	2.32	3.27	
02310280	0512	19840512	20150512	32	0.39	0.79	0.00	3.00		0.00	0.00	0.00	0.00	0.00	0.00	0.00	0.00	0.00	0.00	0.01	0.09	0.17	0.32	0.47	0.57	0.77	1.84	2.87	
02310280	0513	19840513	20150513	32	0.36	0.88	0.00	4.40		0.00	0.00	0.00	0.00	0.00	0.00	0.00	0.00	0.00	0.00	0.01	0.06	0.09	0.23	0.28	0.45	0.59	1.35	2.97	
02310280	0514	19840514	20150514	32	0.36	1.08	0.00	5.90		0.00	0.00	0.00	0.00	0.00	0.00	0.00	0.00	0.00	0.00	0.00	0.04	0.09	0.21	0.28	0.35	0.46	1.09	3.17	
02310280	0515	19840515	20150515	32	0.77	3.17	0.00	18.00		0.00	0.00	0.00	0.00	0.00	0.00	0.00	0.00	0.00	0.00	0.01	0.05	0.11	0.22	0.30	0.46	0.93	1.24	7.21	
02310280	0516	19840516	20150516	32	1.25	6.17	0.00	35.00		0.00	0.00	0.00	0.00	0.00	0.00	0.00	0.00	0.00	0.00	0.00	0.02	0.07	0.23	0.25	0.32	0.68	0.92	12.90	
02310280	0517	19840517	20150517	32	2.15	11.47	0.00	65.00		0.00	0.00	0.00	0.00	0.00	0.00	0.00	0.00	0.00	0.00	0.00	0.01	0.04	0.14	0.18	0.33	0.56	0.65	23.24	
02310280	0518	19840518	20150518	32	1.92	10.24	0.00	58.00		0.00	0.00	0.00	0.00	0.00	0.00	0.00	0.00	0.00	0.00	0.00	0.00	0.03	0.09	0.20	0.31	0.44	0.53	20.74	
02310280	0519	19840519	20150519	32	1.92	10.42	0.00	59.00		0.00	0.00	0.00	0.00	0.00	0.00	0.00	0.00	0.00	0.00	0.00	0.00	0.01	0.05	0.14	0.23	0.33	0.48	20.99	
02310280	0520	19840520	20150520	32	1.83	9.71	0.00	55.00		0.00	0.00	0.00	0.00	0.00	0.00	0.00	0.00	0.00	0.00	0.00	0.00	0.02	0.05	0.14	0.26	0.28	0.69	20.03	
02310280	0521	19840521	20150521	32	1.64	8.65	0.00	49.00		0.00	0.00	0.00	0.00	0.00	0.00	0.00	0.00	0.00	0.00	0.00	0.00	0.01	0.03	0.16	0.22	0.28	0.78	17.74	
02310280	0522	19840522	20150522	32	1.40	7.41	0.00	42.00		0.00	0.00	0.00	0.00	0.00	0.00	0.00	0.00	0.00	0.00	0.00	0.00	0.00	0.09	0.12	0.20	0.36	0.60	15.17	
02310280	0523	19840523	20150523	32	1.25	5.83	0.00	33.00		0.00	0.00	0.00	0.00	0.00	0.00	0.00	0.00	0.00	0.00	0.00	0.00	0.01	0.03	0.07	0.14	0.48	1.54	13.50	
02310280	0524	19840524	20150524	32	1.15	4.65	0.00	26.00		0.00	0.00	0.00	0.00	0.00	0.00	0.00	0.00	0.00	0.00	0.00	0.01	0.04	0.06	0.17	0.24	0.62	2.31	12.41	
02310280	0525	19840525	20150525	32	1.40	4.53	0.00	22.00		0.00	0.00	0.00	0.00	0.00	0.00	0.00	0.00	0.00	0.00	0.00	0.03	0.05	0.09	0.19	0.76	1.15	3.08	16.80	
02310280	0526	19840526	20150526	32	1.21	3.46	0.00	18.00		0.00	0.00	0.00	0.00	0.00	0.00	0.00	0.00	0.00	0.00	0.00	0.02	0.09	0.31	0.61	1.26	1.81	4.45	10.98	
02310280	0527	19840527	20150527	32	1.26	2.93	0.00	15.00		0.00	0.00	0.00	0.00	0.00	0.00	0.00	0.00	0.00	0.00	0.00	0.00	0.06	0.46	1.72	2.26	3.91	4.45	8.37	
02310280	0528	19840528	20150528	32	1.21	2.72	0.00	13.00		0.00	0.00	0.00	0.00	0.00	0.00	0.00	0.00	0.00	0.00	0.00	0.00	0.03	0.30	0.99	2.60	3.52	4.32	8.84	
02310280	0529	19840529	20150529	32	1.02	2.21	0.00	10.00		0.00	0.00	0.00	0.00	0.00	0.00	0.00	0.00	0.00	0.00	0.00	0.00	0.14	0.34	1.15	1.70	2.36	3.92	7.66	
02310280	0530	19840530	20150530	32	0.94	1.97	0.00	8.90		0.00	0.00	0.00	0.00	0.00	0.00	0.00	0.00	0.00	0.00	0.00	0.01	0.06	0.27	1.30	1.96	2.42	3.53	6.63	
02310280	0531	19840531	20150531	32	0.80	1.76	0.00	7.40		0.00	0.00	0.00	0.00	0.00	0.00	0.00	0.00	0.00	0.00	0.00	0.03	0.10	0.34	1.08	1.40	1.50	3.84	6.04	
02310280	0601	19840601	20150601	32	1.01	2.49	0.00	12.00		0.00	0.00	0.00	0.00	0.00	0.00	0.00	0.00	0.00	0.01	0.03	0.04	0.11	0.80	0.94	1.12	1.70	4.43	8.23	
02310280	0602	19840602	20150602	32	0.89	2.11	0.00	9.70		0.00	0.00	0.00	0.00	0.00	0.00	0.00	0.00	0.00	0.01	0.02	0.04	0.23	0.47	0.68	1.00	1.52	4.18	7.17	
02310280	0603	19840603	20150603	32	0.67	1.52	0.00	5.60		0.00	0.00	0.00	0.00	0.00	0.00	0.00	0.00	0.00	0.00	0.00	0.05	0.29	0.54	0.58	0.75	0.92	3.41	5.60	
02310280	0604	19840604	20150604	32	0.63	1.37	0.00	5.70		0.00	0.00	0.00	0.00	0.00	0.00	0.00	0.00	0.00	0.00	0.00	0.09	0.23	0.45	0.52	0.86	1.11	3.08	4.79	
02310280	0605	19840605	20150605	32	0.78	1.57	0.00	6.10		0.00	0.00	0.00	0.00	0.00	0.00	0.00	0.00	0.00	0.00	0.01	0.14	0.23	0.35	0.74	1.32	1.94	3.54	5.58	
02310280	0606	19840606	20150606	32	0.93	1.72	0.00	5.70		0.00	0.00	0.00	0.00	0.00	0.00	0.00	0.00	0.00	0.00	0.07	0.18	0.28	0.47	0.98	1.72	3.19	4.80	5.12	
02310280	0607	19840607	20150607	32	1.06	1.94	0.00	7.40		0.00	0.00	0.00	0.00	0.00	0.00	0.00	0.00	0.00	0.00	0.05	0.20	0.44	1.12	1.38	1.64	3.60	4.09	6.81	
02310280	0608	19840608	20150608	32	1.04	1.81	0.00	6.50		0.00	0.00	0.00	0.00	0.00	0.00	0.00	0.00	0.00	0.01	0.10	0.30	0.50	0.95	1.38	2.30	2.85	4.15	6.24	
02310280	0609	19840609	20150609	32	0.97	1.68	0.00	5.40		0.00	0.00	0.00	0.00	0.00	0.00	0.00	0.00	0.01	0.02	0.04	0.22	0.78	1.10	1.10	1.60	3.10	4.67	5.40	
02310280	0610	19840610	20150610	32	0.78	1.40	0.00	5.70		0.00	0.00	0.00	0.00	0.00	0.00	0.00	0.00	0.00	0.03	0.06	0.11	0.43	0.56	0.95	1.64	2.41	2.99	4.72	
02310280	0611	19840611	20150611	32	0.74	1.62	0.00	7.80		0.00	0.00	0.00	0.00	0.00	0.00	0.00	0.00	0.00	0.03	0.04	0.11	0.24	0.36	1.06	1.28	1.52	2.46	5.59	
02310280	0612	19840612	20150612	32	0.61	1.28	0.00	6.10		0.00	0.00	0.00	0.00	0.00	0.00	0.00	0.00	0.01	0.08	0.12	0.15	0.24	0.32	0.49	1.04	1.42	2.01	4.47	
02310280	0613	19840613	20150613	32	0.68	1.23	0.00	4.80		0.00	0.00	0.00	0.00	0.00	0.00	0.00	0.00	0.01	0.03	0.09	0.20	0.25	0.46	1.01	1.10	1.77	3.10	3.96	
02310280	0614	19840614	20150614	32	0.66	1.04	0.00	3.60		0.00	0.00	0.00	0.00	0.00	0.00	0.00	0.00	0.06	0.09	0.17	0.33	0.54	0.61	0.78	1.22	2.31	2.67	3.21	
02310280	0615	19840615	20150615	32	1.06	2.15	0.00	9.00		0.00	0.00	0.00	0.00	0.00	0.00	0.00	0.02	0.05	0.06	0.19	0.28	0.38	0.68	1.01	1.76	2.62	3.63	8.09	
02310280	0616	19840616	20150616	32	1.03	2.27	0.00	9.50		0.00	0.00	0.00	0.00	0.00	0.00	0.00	0.00	0.02	0.07	0.14	0.18	0.51	0.56	0.72	1.22	2.02	4.39	8.39	
02310280	0617	19840617	20150617	32	0.74	1.29	0.00	4.90		0.00	0.00	0.00	0.00	0.00	0.00	0.00	0.00	0.01	0.10	0.19	0.29	0.52	0.65	0.94	1.44	1.72	2.87	4.64	
02310280	0618	19840618	20150618	32	0.86	1.55	0.00	7.30		0.00	0.00	0.00	0.00	0.00	0.00	0.00	0.02	0.08	0.12	0.17	0.36	0.44	0.59	1.43	1.60	2.42	3.12	4.77	
02310280	0619	19840619	20150619	32	2.25	6.20	0.00	32.00		0.00	0.00	0.00	0.00	0.00	0.00	0.01	0.06	0.10	0.14	0.31	0.49	0.67	0.92	1.48	2.30	2.70	5.09	21.60	
02310280	0620	19840620	20150620	32	2.49	8.79	0.00	50.00		0.00	0.00	0.00	0.00	0.00	0.00	0.02	0.03	0.07	0.14	0.52	0.64	0.79	1.14	1.80	2.30	2.84	4.26	21.08	
02310280	0621	19840621	20150621	32	2.66	9.03	0.00	51.00		0.00	0.00	0.00	0.00	0.00	0.00	0.00	0.02	0.06	0.34	0.50	0.82	1.25	1.61	1.70	2.26	2.54	3.30	24.35	
02310280	0622	19840622	20150622	32	2.42	8.06	0.00	46.00		0.00	0.00	0.00	0.00	0.00	0.00	0.00	0.06	0.17	0.42	0.71	1.05	1.40	1.61	2.08	2.36	2.73	3.30	19.42	
02310280	0623	19840623	20150623	32	3.82	10.39	0.00	43.00		0.00	0.00	0.00	0.00	0.00	0.00	0.00	0.01	0.30	0.49	1.16	1.58	2.10	2.31	2.48	2.82	3.62	5.47	43.00	
02310280	0624	19840624	20150624	32	5.62	13.25	0.00	52.00		0.00	0.00	0.00	0.00	0.00	0.00	0.17	0.62	0.74	0.82	0.95	1.72	1.94	2.44	2.80	3.86	5.73	28.80	48.75	
02310280	0625	19840625	20150625	32	8.77	26.50	0.00	145.00		0.00	0.00	0.00	0.00	0.00	0.00	0.25	0.61	0.88	1.20	1.34	1.76	2.00	2.38	3.17	5.86	9.46	26.90	77.40	
02310280	0626	19840626	20150626	32	6.55	17.73	0.00	93.00		0.00	0.00	0.00	0.00	0.00	0.00	0.16	0.43	0.60	0.98	1.43	1.68	1.88	2.36	3.58	4.32	5.42	23.80	55.95	
02310280	0627	19840627	20150627	32	6.08	14.86	0.00	77.00		0.00	0.00	0.00	0.00	0.00	0.05	0.16	0.28	0.56	1.10	1.23	1.72	1.99	2.10	2.62	5.66	14.35	23.10	45.15	
02310280	0628	19840628	20150628	32	4.84	11.39	0.00	60.00		0.00	0.00	0.00	0.00	0.01	0.05	0.18	0.22	0.62	1.02	1.70	1.94	2.13	2.35	3.33	5.36	9.57	16.60	35.30	
02310280	0629	19840629	20150629	32	4.70	9.91	0.00	46.00		0.00	0.00	0.00	0.00	0.03	0.20	0.52	0.82	0.98	1.75	1.81	1.98	2.31	3.60	3.67	4.46	5.53	18.47	35.60	
02310280	0630	19840630	20150630	32	5.17	8.87	0.00	36.00		0.00	0.00	0.01	0.04	0.11	0.46	0.64	1.20	1.62	2.35	2.71	3.04	3.44	4.01	4.85	6.36	10.05	22.90	30.80	
02310280	0701	19840701	20150701	32	6.08	8.78	0.00	29.00		0.00	0.00	0.00	0.18	0.32	0.54	1.42	1.64	1.89	2.00	2.31	3.36	4.03	5.17	5.88	11.96	20.05	23.80	27.70	
02310280	0702	19840702	20150702	32	6.73	8.62	0.00	29.00		0.00	0.00	0.00	0.28	0.89	0.90	1.16	1.36	1.77	2.50	3.58	4.32	5.67	9.02	11.00	13.40	16.35	24.40	27.05	
02310280	0703	19840703	20150703	32	6.62	9.45	0.00	35.00		0.00	0.00	0.00	0.17	0.52	0.71	0.92	1.12	1.54	1.80	2.48	3.38	5.51	8.14	9.85	12.20	17.15	23.50	32.40	
02310280	0704	19840704	20150704	32	6.85	10.74	0.00	46.00		0.00	0.00	0.00	0.19	0.38	0.59	0.65	0.90	0.96	1.75	2.65	3.22	5.67	6.90	9.07	11.80	18.30	24.00	35.60	
02310280	0705	19840705	20150705	32	6.40	9.23	0.00	34.00		0.00	0.00	0.00	0.13	0.33	0.61	0.72	0.84	1.35	1.50	2.00	3.08	4.10	6.14	11.75	13.80	17.15	23.50	29.45	
02310280	0706	19840706	20150706	32	6.35	9.02	0.00	35.00		0.00	0.00	0.00	0.08	0.26	0.62	1.00	1.14	1.47	1.90	2.56	3.14	3.66	6.40	11.50	12.80	20.05	22.40	27.20	
02310280	0707	19840707	20150707	32	6.12	8.44	0.00	33.00		0.00	0.00	0.00	0.08	0.32	0.53	0.79	1.18	1.75	2.30	3.21	3.54	3.89	6.22	10.75	11.80	19.05	20.70	25.85	
02310280	0708	19840708	20150708	32	5.79	7.58	0.00	30.00		0.00	0.00	0.00	0.05	0.40	0.54	0.70	0.91	1.08	2.70	3.62	4.66	5.32	7.62	8.40	12.00	17.00	17.70	24.15	
02310280	0709	19840709	20150709	32	5.62	7.12	0.00	25.00		0.00	0.00	0.00	0.10	0.27	0.39	0.51	0.58	0.70	2.45	3.15	4.12	5.89	7.04	10.10	15.00	16.00	17.40	20.45	
02310280	0710	19840710	20150710	32	5.49	6.82	0.00	20.00		0.00	0.00	0.00	0.08	0.24	0.30	0.43	0.62	1.27	2.65	3.55	4.40	5.07	6.78	9.07	12.80	16.05	19.10	20.00	
02310280	0711	19840711	20150711	32	6.41	8.13	0.00	35.00		0.00	0.00	0.05	0.21	0.33	0.40	0.50	1.22	1.56	3.05	4.73	5.38	5.60	9.58	13.00	14.40	15.05	16.70	24.60	
02310280	0712	19840712	20150712	32	7.52	9.76	0.00	46.00		0.00	0.00	0.06	0.16	0.42	1.18	1.71	2.06	2.38	3.15	4.45	6.02	9.89	11.00	12.50	14.40	15.10	19.10	31.70	
02310280	0713	19840713	20150713	32	7.61	10.00	0.00	39.00		0.00	0.01	0.08	0.13	0.46	0.98	1.86	2.22	2.56	2.65	5.49	8.02	9.06	9.91	10.00	10.80	18.00	20.10	38.35	
02310280	0714	19840714	20150714	32	8.26	11.29	0.00	50.00		0.00	0.02	0.10	0.20	0.46	0.61	1.61	2.22	2.38	2.55	4.74	6.98	7.62	8.20	13.75	18.00	19.05	24.20	37.00	
02310280	0715	19840715	20150715	32	8.17	10.99	0.00	42.00		0.00	0.01	0.08	0.30	0.63	1.74	1.85	1.92	2.17	2.70	4.12	5.16	6.25	7.22	11.75	17.40	25.00	27.10	33.55	
02310280	0716	19840716	20150716	32	8.17	9.40	0.00	35.00		0.00	0.05	0.15	0.28	0.67	1.43	2.11	2.60	3.34	4.35	5.96	6.46	7.46	12.00	12.75	17.60	22.00	22.70	29.80	
02310280	0717	19840717	20150717	32	8.52	10.42	0.00	40.00		0.00	0.05	0.14	0.83	1.40	1.79	1.96	2.22	2.38	3.25	4.73	6.02	8.88	11.00	14.00	18.00	19.30	27.10	33.50	
02310280	0718	19840718	20150718	32	8.67	11.20	0.00	49.00		0.01	0.05	0.42	0.87	1.10	1.28	2.25	3.42	3.58	4.35	5.22	7.30	7.83	9.53	12.95	14.80	17.30	25.10	39.90	
02310280	0719	19840719	20150719	32	8.73	11.33	0.00	53.00		0.02	0.12	0.33	0.56	0.82	2.16	2.60	2.94	3.19	4.35	4.97	6.28	9.26	12.00	12.00	15.00	19.15	24.10	38.05	
02310280	0720	19840720	20150720	32	8.70	12.16	0.00	51.00		0.00	0.11	0.52	0.65	1.52	1.60	1.75	2.44	3.11	3.40	4.21	7.52	9.14	9.63	12.22	14.80	17.05	21.50	47.75	
02310280	0721	19840721	20150721	32	8.52	10.93	0.00	42.00		0.00	0.18	0.40	0.52	1.20	1.29	1.96	2.38	3.27	3.60	4.72	7.78	8.74	10.30	13.75	14.00	16.05	26.10	40.70	
02310280	0722	19840722	20150722	32	9.73	14.11	0.00	60.00		0.00	0.24	0.48	0.74	1.05	1.40	2.01	2.60	2.85	4.50	6.53	7.34	7.89	8.84	11.75	13.20	16.85	37.20	47.65	
02310280	0723	19840723	20150723	32	9.33	14.06	0.00	65.00		0.00	0.15	0.31	0.76	1.12	1.47	2.27	2.64	3.99	4.85	5.51	6.24	6.83	9.73	10.75	12.80	15.50	32.70	48.75	
02310280	0724	19840724	20150724	32	8.74	12.79	0.00	60.00		0.00	0.09	0.63	0.85	1.12	1.47	2.48	4.00	4.08	4.15	4.71	5.92	6.54	7.96	9.40	13.60	18.15	25.20	46.35	
02310280	0725	19840725	20150725	32	9.89	13.50	0.00	54.00		0.00	0.07	0.62	1.01	1.43	1.89	2.46	2.96	3.46	4.25	4.64	5.54	7.36	8.93	13.25	20.80	23.00	31.40	48.15	
02310280	0726	19840726	20150726	32	9.81	14.57	0.00	69.00		0.00	0.05	0.65	0.96	1.27	1.68	1.85	2.04	2.85	3.90	4.84	7.16	9.09	9.55	12.25	16.00	20.30	29.50	50.15	
02310280	0727	19840727	20150727	32	10.65	17.10	0.00	86.00		0.00	0.07	0.38	1.05	1.12	1.29	2.10	2.32	3.42	4.05	5.53	6.82	7.74	12.30	15.00	15.80	18.50	31.50	56.75	
02310280	0728	19840728	20150728	32	10.52	18.00	0.00	93.00		0.00	0.07	0.55	0.77	0.97	1.56	2.29	2.96	3.37	4.95	5.45	5.70	7.15	9.85	14.50	16.00	18.30	24.70	62.45	
02310280	0729	19840729	20150729	32	10.66	18.04	0.00	95.00		0.00	0.04	0.29	0.52	1.15	2.11	2.87	3.24	4.25	5.20	5.78	6.36	7.30	12.00	13.50	16.00	20.05	23.80	61.20	
02310280	0730	19840730	20150730	32	10.40	16.35	0.00	88.00		0.00	0.02	0.27	0.46	0.90	1.91	2.72	4.98	5.47	6.00	6.62	8.06	9.01	11.20	13.75	15.80	19.05	20.70	54.20	
02310280	0731	19840731	20150731	32	10.51	14.82	0.00	78.00		0.00	0.01	0.33	0.67	1.65	3.30	4.17	4.64	4.80	5.30	6.69	8.40	11.00	13.00	13.00	15.40	20.10	26.90	47.45	
02310280	0801	19840801	20150801	32	11.40	16.81	0.00	79.00		0.00	0.12	0.24	0.71	1.32	2.60	3.67	3.92	4.17	5.40	6.62	8.54	11.00	12.00	12.75	16.00	21.30	30.50	62.75	
02310280	0802	19840802	20150802	32	11.15	16.54	0.00	79.00		0.08	0.16	0.41	0.70	2.20	2.74	3.38	3.86	4.70	5.60	6.21	8.64	10.00	11.00	11.00	14.60	22.15	31.30	60.80	
02310280	0803	19840803	20150803	32	12.28	20.31	0.00	106.00		0.05	0.20	0.44	1.23	2.05	2.77	3.48	4.18	5.47	6.00	6.62	6.78	9.00	9.15	13.65	18.00	23.35	32.80	67.65	
02310280	0804	19840804	20150804	32	11.29	19.90	0.00	106.00		0.04	0.11	0.29	0.96	1.48	2.18	3.03	4.02	4.44	5.15	5.91	6.98	7.14	8.18	13.70	15.40	22.20	29.50	64.40	
02310280	0805	19840805	20150805	32	10.65	19.31	0.00	105.00		0.03	0.30	0.60	1.44	1.65	2.25	3.06	3.76	4.17	4.65	5.43	6.16	6.71	7.76	11.30	14.20	22.10	26.80	60.15	
02310280	0806	19840806	20150806	32	11.17	17.86	0.00	97.00		0.01	0.46	1.17	1.20	2.58	3.16	3.66	3.94	4.44	6.10	6.47	6.98	8.91	10.10	11.00	17.60	24.10	28.10	53.45	
02310280	0807	19840807	20150807	32	10.67	16.15	0.00	88.00		0.00	0.33	0.79	1.58	2.15	2.60	3.30	3.72	5.05	6.05	7.21	7.46	8.74	9.94	15.25	17.80	21.10	24.40	48.35	
02310280	0808	19840808	20150808	32	10.87	16.53	0.00	87.00		0.00	0.20	0.49	1.22	1.55	1.88	2.43	3.12	4.37	6.10	6.39	8.90	9.90	12.30	15.00	18.20	20.05	22.40	55.80	
02310280	0809	19840809	20150809	32	11.42	16.78	0.00	82.00		0.00	0.18	0.38	1.16	1.48	1.79	2.56	3.30	4.89	5.35	6.79	8.26	9.01	12.30	15.75	18.80	22.00	32.50	57.95	
02310280	0810	19840810	20150810	32	12.67	18.03	0.00	73.00		0.00	0.21	0.89	1.30	1.93	2.09	2.61	3.24	4.29	4.70	6.22	8.14	8.84	14.20	16.75	18.00	29.60	43.10	64.55	
02310280	0811	19840811	20150811	32	12.80	17.03	0.00	66.00		0.00	0.19	0.97	1.52	1.75	2.20	2.61	3.86	5.26	6.35	6.67	7.68	10.14	15.10	16.00	22.00	31.15	37.50	62.75	
02310280	0812	19840812	20150812	32	12.78	15.93	0.00	62.00		0.00	0.36	1.19	1.36	2.10	3.15	3.96	4.64	5.29	6.00	8.53	9.74	12.00	14.00	16.25	22.80	28.25	35.10	60.70	
02310280	0813	19840813	20150813	32	11.80	14.22	0.00	57.00		0.01	0.33	0.97	1.22	2.02	3.54	4.11	4.76	5.25	6.20	8.13	10.80	11.45	13.20	15.75	19.00	24.15	32.60	54.40	
02310280	0814	19840814	20150814	32	10.84	12.60	0.00	50.00		0.02	0.32	0.99	1.40	2.20	2.89	3.77	4.88	5.37	5.60	6.50	8.70	12.00	15.00	15.00	17.80	22.00	29.00	48.05	
02310280	0815	19840815	20150815	32	11.72	12.47	0.00	46.00		0.07	0.61	1.37	1.86	3.02	3.46	3.72	4.52	5.96	6.60	7.30	10.60	12.00	15.00	17.25	22.80	29.05	30.00	44.05	
02310280	0816	19840816	20150816	32	10.79	11.14	0.00	40.00		0.03	0.50	1.67	1.76	2.83	3.53	3.96	4.62	5.50	5.85	6.62	9.48	10.73	13.30	17.50	21.80	23.15	27.40	40.00	
02310280	0817	19840817	20150817	32	10.34	10.43	0.01	37.00		0.06	0.49	1.40	1.92	2.52	2.78	4.11	4.84	5.00	5.75	8.81	9.14	10.45	12.10	16.75	21.80	23.05	25.40	37.00	
02310280	0818	19840818	20150818	32	9.74	10.10	0.00	40.00		0.03	0.37	1.09	1.82	2.48	3.27	3.56	4.06	5.41	6.25	7.38	8.52	9.90	11.10	13.50	19.40	22.05	25.10	35.45	
02310280	0819	19840819	20150819	32	9.57	9.69	0.00	38.00		0.02	0.23	1.07	1.56	2.77	3.18	4.35	5.14	5.38	6.80	7.42	9.60	9.85	10.00	11.50	17.00	23.00	25.80	34.10	
02310280	0820	19840820	20150820	32	9.18	9.24	0.00	34.00		0.03	0.30	0.71	0.95	1.68	3.37	4.16	4.34	4.50	4.85	7.68	9.50	11.00	11.20	13.75	15.00	23.05	25.40	30.75	
02310280	0821	19840821	20150821	32	10.13	10.69	0.00	36.00		0.01	0.35	0.51	0.89	1.40	2.96	3.25	4.06	4.72	5.65	6.80	10.28	11.45	12.30	15.00	22.00	23.20	28.40	35.35	
02310280	0822	19840822	20150822	32	10.93	11.50	0.00	42.00		0.00	0.14	0.36	1.03	1.75	2.71	3.56	4.18	5.24	7.90	9.64	11.80	12.90	15.00	15.00	17.80	22.20	33.00	39.40	
02310280	0823	19840823	20150823	32	11.21	11.39	0.00	40.00		0.00	0.15	0.40	1.30	2.73	3.94	5.46	5.92	7.45	8.20	8.62	10.66	11.90	13.10	14.00	17.80	26.00	33.70	39.35	
02310280	0824	19840824	20150824	32	11.99	13.62	0.00	60.00		0.00	0.10	0.30	1.06	2.17	3.57	4.58	5.88	7.34	9.10	10.00	10.80	11.45	12.00	13.50	20.80	23.60	35.00	45.70	
02310280	0825	19840825	20150825	32	12.46	15.16	0.00	59.00		0.00	0.28	0.49	0.93	1.82	3.10	4.32	6.22	7.27	7.85	8.12	9.52	10.90	13.10	15.50	18.60	31.10	33.70	57.70	
02310280	0826	19840826	20150826	32	13.49	17.91	0.00	87.00		0.10	0.59	0.99	1.30	2.00	3.41	3.91	6.42	7.18	7.50	9.19	11.54	13.45	15.00	15.75	21.20	27.10	29.70	66.20	
02310280	0827	19840827	20150827	32	13.63	16.59	0.00	71.00		0.07	0.43	0.75	1.72	2.70	3.45	4.55	5.16	5.66	7.00	8.36	11.80	13.90	17.10	18.00	22.20	24.40	43.90	57.35	
02310280	0828	19840828	20150828	32	13.43	15.37	0.00	59.00		0.05	0.31	0.67	1.50	2.02	3.36	4.58	5.10	6.29	6.75	7.29	9.46	13.45	15.40	22.00	26.20	33.15	41.60	49.25	
02310280	0829	19840829	20150829	32	12.41	13.90	0.00	51.00		0.02	0.40	1.16	1.48	2.25	4.17	4.72	5.54	5.79	6.00	6.72	10.28	12.00	15.10	16.00	23.80	30.25	37.10	47.10	
02310280	0830	19840830	20150830	32	12.06	12.41	0.00	42.00		0.19	0.38	0.96	1.22	3.17	4.66	4.90	5.08	5.57	7.30	9.81	11.00	12.45	13.00	16.00	24.20	30.20	34.00	40.70	
02310280	0831	19840831	20150831	32	13.14	13.82	0.00	50.00		0.16	0.50	0.98	2.02	3.25	3.97	4.78	5.40	5.80	7.35	8.95	9.80	11.45	19.10	20.75	29.00	30.10	35.50	46.10	
02310280	0901	19840901	20150901	32	13.88	16.65	0.01	81.00		0.13	0.71	0.91	2.30	2.77	4.11	4.67	4.92	6.45	7.10	8.40	9.68	12.25	21.30	25.50	26.80	29.10	32.40	51.75	
02310280	0902	19840902	20150902	32	14.01	17.42	0.01	82.00		0.24	0.76	1.08	2.60	3.02	3.58	3.87	4.26	6.29	7.85	8.71	9.12	9.95	16.70	24.50	27.80	31.00	33.80	58.60	
02310280	0903	19840903	20150903	32	14.67	20.04	0.03	101.00		0.39	0.67	2.03	2.66	3.05	3.29	4.21	5.74	7.04	7.85	8.45	8.86	10.46	13.70	21.50	26.40	31.00	40.10	64.60	
02310280	0904	19840904	20150904	32	14.82	20.93	0.04	103.00		0.27	0.50	1.74	2.32	2.62	2.88	3.66	4.66	5.87	6.80	7.54	8.04	11.00	15.50	23.00	27.00	30.20	40.30	69.85	
02310280	0905	19840905	20150905	32	15.35	22.75	0.02	95.00		0.18	0.49	1.47	2.02	2.23	2.84	3.38	4.74	5.58	6.65	8.51	11.42	13.35	16.10	19.25	21.00	29.30	39.20	91.75	
02310280	0906	19840906	20150906	32	20.35	35.62	0.00	170.00		0.12	0.53	1.46	1.84	2.00	2.27	3.81	4.48	5.22	6.85	9.81	10.78	14.45	17.30	20.00	23.00	37.80	69.80	125.80	
02310280	0907	19840907	20150907	32	21.16	37.90	0.00	174.00		0.08	0.56	1.29	1.86	2.00	2.39	4.14	4.52	5.20	6.10	8.13	8.62	14.45	18.40	22.00	28.80	37.50	60.30	144.75	
02310280	0908	19840908	20150908	32	20.32	38.59	0.00	186.00		0.11	0.42	0.96	1.72	2.00	2.48	3.48	4.76	5.34	5.90	6.80	8.08	14.00	17.30	22.25	25.00	36.25	51.50	145.70	
02310280	0909	19840909	20150909	32	21.24	45.95	0.00	242.00		0.10	0.41	0.70	1.66	1.82	2.08	3.03	4.00	5.71	6.10	6.63	11.30	13.80	17.10	20.25	23.60	35.05	44.40	160.10	
02310280	0910	19840910	20150910	32	18.99	35.16	0.00	175.00		0.08	0.45	0.56	1.40	1.68	2.08	2.96	4.52	5.03	5.35	8.58	10.72	14.90	18.30	21.00	24.40	32.45	43.10	130.15	
02310280	0911	19840911	20150911	32	17.17	30.58	0.00	159.00		0.07	0.33	0.61	1.18	1.60	1.78	2.42	3.88	4.71	6.55	10.15	12.60	15.90	18.00	18.00	20.20	29.55	43.50	105.05	
02310280	0912	19840912	20150912	32	15.43	26.08	0.00	136.00		0.05	0.24	0.60	1.00	1.35	1.77	2.71	3.82	4.24	5.85	9.28	9.94	15.90	18.00	18.00	19.40	26.60	42.20	85.95	
02310280	0913	19840913	20150913	32	14.42	22.56	0.00	112.00		0.05	0.18	0.46	0.76	1.05	1.58	3.71	3.98	4.81	6.60	8.13	10.46	12.80	16.00	16.75	19.20	24.90	48.30	72.35	
02310280	0914	19840914	20150914	32	13.23	18.51	0.00	89.00		0.03	0.28	0.35	0.59	1.27	3.15	3.56	4.60	5.88	7.10	7.75	9.08	11.35	14.00	14.75	21.80	32.30	39.40	59.75	
02310280	0915	19840915	20150915	32	12.52	15.86	0.00	71.00		0.01	0.22	0.27	0.76	1.26	2.84	3.43	4.12	5.57	6.10	8.02	10.76	12.00	13.10	16.25	22.60	32.10	36.80	50.85	
02310280	0916	19840916	20150916	32	11.14	13.76	0.00	62.00		0.00	0.17	0.52	0.69	1.25	2.97	3.21	4.54	5.04	6.20	6.96	9.72	10.00	12.20	14.75	20.60	25.15	32.90	45.10	
02310280	0917	19840917	20150917	32	10.34	11.93	0.00	53.00		0.00	0.13	0.26	0.64	2.42	2.95	3.15	3.86	5.21	5.60	8.16	8.66	11.45	14.10	15.00	17.80	21.10	29.30	40.00	
02310280	0918	19840918	20150918	32	9.84	11.31	0.00	54.00		0.00	0.09	0.20	0.53	2.17	3.48	4.26	5.04	5.62	6.80	7.61	8.76	9.89	11.10	14.25	16.80	19.05	26.30	37.75	
02310280	0919	19840919	20150919	32	9.28	10.01	0.00	44.00		0.00	0.13	0.23	0.63	2.15	3.32	3.92	4.64	4.88	6.15	6.74	7.58	8.90	11.30	15.50	17.00	18.30	25.40	32.30	
02310280	0920	19840920	20150920	32	8.88	8.80	0.00	39.00		0.00	0.15	0.54	1.36	2.27	3.43	3.70	4.16	5.71	6.55	6.78	7.44	9.20	15.00	15.00	16.00	17.05	20.80	29.25	
02310280	0921	19840921	20150921	32	8.83	9.87	0.00	41.00		0.00	0.14	0.41	1.42	2.00	2.96	3.21	3.54	4.70	5.75	6.35	7.36	7.86	11.20	13.75	15.80	17.10	21.80	37.10	
02310280	0922	19840922	20150922	32	7.99	9.18	0.00	41.00		0.00	0.13	0.66	1.24	2.73	2.89	3.11	3.28	4.03	4.35	5.12	6.16	7.00	8.67	12.75	15.00	16.00	20.90	32.55	
02310280	0923	19840923	20150923	32	7.48	8.46	0.00	33.00		0.01	0.18	0.64	1.23	2.08	2.39	2.56	3.42	3.67	4.55	4.66	5.40	6.60	11.00	11.00	13.40	15.00	19.20	32.35	
02310280	0924	19840924	20150924	32	7.49	8.81	0.00	35.00		0.05	0.17	0.54	1.54	1.82	1.99	2.64	3.26	3.67	4.05	4.12	4.76	5.71	9.64	11.50	13.40	15.25	22.10	31.75	
02310280	0925	19840925	20150925	32	7.37	8.84	0.00	34.00		0.03	0.18	0.54	1.28	1.65	1.89	2.46	2.92	3.66	3.70	4.04	4.86	6.80	8.52	10.65	13.00	14.20	25.00	30.75	
02310280	0926	19840926	20150926	32	8.31	9.76	0.00	36.00		0.02	0.45	1.18	1.68	1.95	2.28	2.67	3.18	3.58	3.70	4.52	6.98	7.95	10.10	11.00	13.40	14.55	27.80	34.70	
02310280	0927	19840927	20150927	32	10.26	14.62	0.00	75.00		0.01	0.38	1.08	1.38	1.70	1.79	2.50	2.80	3.46	5.00	6.62	7.86	9.14	12.00	13.50	18.40	21.15	26.10	47.05	
02310280	0928	19840928	20150928	32	10.85	13.42	0.00	66.00		0.01	0.30	0.97	1.12	1.55	2.09	2.67	3.42	5.12	6.65	7.93	8.26	10.73	14.20	19.00	21.40	24.00	24.70	41.95	
02310280	0929	19840929	20150929	32	10.38	13.56	0.00	67.00		0.03	0.31	0.84	0.98	1.82	1.90	2.21	3.50	5.27	5.95	6.93	7.10	8.96	12.20	17.75	19.40	21.15	25.40	44.25	
02310280	0930	19840930	20150930	32	10.75	13.84	0.00	66.00		0.08	0.32	0.64	1.50	1.77	2.63	2.91	4.46	5.27	5.90	6.17	7.32	9.29	11.60	17.75	19.00	22.10	25.40	49.10	
02310280	1001	19831001	20151001	33	10.21	13.00	0.00	62.00		0.06	0.27	0.56	1.54	2.25	2.56	4.06	4.40	4.59	5.20	5.68	6.78	9.73	10.80	15.00	17.40	22.60	26.60	44.50	
02310280	1002	19831002	20151002	33	9.21	11.88	0.00	58.00		0.04	0.22	0.49	1.36	2.00	2.54	3.50	3.62	4.30	4.80	5.65	7.02	8.85	9.38	12.35	16.20	17.90	23.40	41.20	
02310280	1003	19831003	20151003	33	8.69	11.05	0.00	55.00		0.01	0.19	0.43	1.26	2.35	2.74	2.99	3.62	3.99	4.60	6.71	7.50	7.79	9.00	11.10	14.40	16.90	21.40	38.20	
02310280	1004	19831004	20151004	33	8.44	10.68	0.00	52.00		0.00	0.15	0.38	1.26	1.95	2.24	2.49	3.32	3.70	4.40	6.14	7.78	7.95	9.12	11.50	13.00	17.00	20.60	37.30	
02310280	1005	19831005	20151005	33	8.33	10.34	0.00	49.00		0.00	0.16	1.03	1.62	1.75	2.02	2.19	2.88	3.13	3.40	5.33	6.90	7.43	8.68	13.50	17.20	18.00	21.00	33.60	
02310280	1006	19831006	20151006	33	8.53	10.42	0.00	44.00		0.05	0.43	1.11	1.36	1.45	1.92	2.40	2.70	2.89	5.00	5.27	6.20	7.77	12.26	13.00	16.00	16.90	21.60	39.10	
02310280	1007	19831007	20151007	33	8.45	10.28	0.00	41.00		0.03	1.04	1.23	1.58	2.00	2.30	2.30	2.42	2.87	4.20	5.03	6.20	7.14	11.46	13.50	15.00	15.00	21.60	40.30	
02310280	1008	19831008	20151008	33	8.27	9.63	0.00	36.00		0.03	0.79	1.13	1.48	1.60	1.84	2.09	2.36	3.00	3.80	4.87	5.54	10.10	11.80	13.00	13.20	18.50	23.80	35.30	
02310280	1009	19831009	20151009	33	7.47	8.99	0.00	34.00		0.03	0.64	0.93	1.28	1.30	1.42	1.68	1.92	3.30	4.00	4.78	5.68	8.51	9.16	11.50	12.20	13.90	23.60	32.60	
02310280	1010	19831010	20151010	33	7.45	9.62	0.00	44.00		0.01	0.53	0.79	1.08	1.10	1.28	1.60	2.96	3.34	4.00	4.58	7.40	7.72	8.22	10.30	11.20	12.00	20.40	35.60	
02310280	1011	19831011	20151011	33	7.38	9.59	0.00	46.00		0.01	0.42	0.56	0.85	0.89	1.24	1.58	2.62	3.29	4.00	6.77	7.22	7.81	8.86	9.80	11.00	12.80	17.60	35.50	
02310280	1012	19831012	20151012	33	7.12	8.95	0.00	40.00		0.05	0.37	0.52	0.68	0.74	1.16	1.40	2.24	2.74	5.80	6.15	6.94	7.57	8.52	8.85	10.04	12.80	20.60	32.30	
02310280	1013	19831013	20151013	33	6.52	7.75	0.00	35.00		0.09	0.30	0.52	0.53	0.80	1.28	2.05	2.34	3.56	4.70	5.21	6.60	7.63	7.98	8.50	9.64	11.78	16.80	28.70	
02310280	1014	19831014	20151014	33	6.21	7.03	0.00	31.00		0.06	0.25	0.41	0.47	0.69	1.40	1.80	2.16	3.20	4.40	5.76	6.94	7.11	7.28	8.30	9.84	12.90	15.20	25.40	
02310280	1015	19831015	20151015	33	6.47	7.57	0.00	33.00		0.03	0.20	0.30	0.68	0.84	1.62	1.79	2.30	3.49	4.00	5.34	6.00	6.41	7.22	8.80	11.40	13.90	18.00	26.00	
02310280	1016	19831016	20151016	33	6.26	7.62	0.00	29.00		0.01	0.14	0.24	0.63	1.40	1.52	1.60	2.06	2.99	3.70	4.65	5.46	5.72	6.54	7.60	10.40	12.00	20.40	27.60	
02310280	1017	19831017	20151017	33	5.51	6.67	0.00	26.00		0.00	0.10	0.20	0.52	1.30	1.52	1.69	2.28	2.60	3.20	3.92	5.02	5.21	5.94	6.45	8.62	9.99	19.00	23.20	
02310280	1018	19831018	20151018	33	4.92	6.13	0.00	23.00		0.00	0.07	0.20	0.48	1.08	1.30	1.39	1.80	2.19	2.70	3.36	4.70	4.80	4.96	5.65	7.06	8.99	17.60	21.60	
02310280	1019	19831019	20151019	33	4.48	5.75	0.00	22.00		0.00	0.06	0.20	0.68	1.00	1.12	1.20	1.50	1.79	2.20	2.95	3.96	4.40	4.72	5.15	5.92	8.09	16.60	19.90	
02310280	1020	19831020	20151020	33	3.96	5.10	0.00	19.00		0.02	0.06	0.15	0.46	0.80	0.86	1.09	1.36	1.53	2.10	2.68	3.44	3.91	4.32	4.65	5.42	7.19	14.20	18.30	
02310280	1021	19831021	20151021	33	3.68	4.72	0.00	17.00		0.03	0.07	0.13	0.40	0.62	0.75	1.00	1.22	1.61	2.50	2.57	3.08	3.62	4.04	4.10	4.92	6.65	13.44	17.00	
02310280	1022	19831022	20151022	33	3.51	4.44	0.00	16.00		0.02	0.05	0.10	0.45	0.54	0.62	0.97	1.22	1.49	2.10	2.62	3.18	3.51	3.60	3.80	4.60	8.55	12.76	15.30	
02310280	1023	19831023	20151023	33	3.18	4.01	0.00	14.00		0.02	0.03	0.08	0.36	0.48	0.55	0.80	1.05	1.42	1.80	2.21	3.02	3.21	3.38	3.40	4.14	7.94	11.48	14.00	
02310280	1024	19831024	20151024	33	3.00	3.61	0.00	13.00		0.01	0.08	0.35	0.36	0.47	0.53	0.67	1.02	1.46	1.80	2.39	2.84	3.01	3.26	3.55	4.22	7.36	10.48	12.30	
02310280	1025	19831025	20151025	33	2.83	3.19	0.00	11.00		0.01	0.13	0.37	0.42	0.48	0.60	0.83	1.14	1.36	1.60	2.19	2.70	2.85	3.46	3.70	4.28	6.53	9.36	11.00	
02310280	1026	19831026	20151026	33	2.56	2.84	0.00	10.00		0.01	0.12	0.31	0.35	0.48	0.51	0.79	1.02	1.26	1.50	2.20	2.44	2.52	2.78	3.50	4.00	5.61	8.26	9.86	
02310280	1027	19831027	20151027	33	2.69	2.83	0.00	9.40		0.01	0.10	0.24	0.27	0.43	0.51	0.86	1.04	1.55	2.10	2.30	2.48	3.21	3.30	3.45	4.50	5.71	8.62	9.40	
02310280	1028	19831028	20151028	33	2.74	3.58	0.00	18.00		0.00	0.07	0.19	0.24	0.34	0.46	0.79	0.95	1.42	1.80	2.15	2.50	3.20	3.28	3.40	4.02	4.73	7.56	11.56	
02310280	1029	19831029	20151029	33	2.47	2.87	0.00	13.00		0.00	0.05	0.15	0.20	0.30	0.41	0.69	0.98	1.26	1.50	2.09	2.72	3.01	3.26	3.45	3.60	4.68	6.88	9.64	
02310280	1030	19831030	20151030	33	2.29	2.52	0.00	11.00		0.00	0.04	0.15	0.19	0.27	0.57	0.64	0.96	1.10	1.40	2.10	2.60	2.73	3.00	3.25	3.64	4.65	6.22	8.34	
02310280	1031	19831031	20151031	33	2.54	3.26	0.00	17.00		0.00	0.03	0.12	0.21	0.26	0.45	0.62	0.98	1.06	1.30	2.51	2.60	2.61	3.34	3.90	4.38	5.06	5.76	9.58	
02310280	1101	19831101	20151101	33	3.26	5.92	0.00	33.00		0.00	0.02	0.09	0.20	0.24	0.42	0.82	0.89	0.99	1.20	2.17	2.38	2.60	3.24	4.15	5.00	5.94	7.52	16.76	
02310280	1102	19831102	20151102	33	3.06	4.68	0.00	24.00		0.00	0.02	0.08	0.23	0.33	0.43	0.82	0.94	1.31	1.90	2.07	2.40	2.53	3.12	3.85	4.66	5.53	7.34	16.30	
02310280	1103	19831103	20151103	33	2.71	3.94	0.00	19.00		0.00	0.02	0.07	0.22	0.27	0.36	0.76	0.93	1.28	1.90	1.90	2.12	2.32	2.74	3.55	4.00	4.49	6.58	14.80	
02310280	1104	19831104	20151104	33	2.42	3.27	0.00	14.00		0.00	0.04	0.07	0.18	0.28	0.43	0.73	0.91	1.43	1.50	1.77	1.84	2.41	2.50	3.30	3.60	3.96	5.86	13.30	
02310280	1105	19831105	20151105	33	2.33	2.87	0.00	13.00		0.00	0.04	0.10	0.15	0.29	0.66	0.79	1.04	1.36	1.50	1.71	1.80	2.24	2.76	3.20	3.58	4.48	5.56	10.90	
02310280	1106	19831106	20151106	33	2.41	2.87	0.00	12.00		0.00	0.03	0.08	0.13	0.23	0.60	0.84	1.10	1.23	1.40	1.57	2.10	2.36	2.98	3.55	3.78	5.00	7.16	10.11	
02310280	1107	19831107	20151107	33	2.18	2.56	0.00	11.00		0.00	0.04	0.07	0.12	0.20	0.51	0.69	1.08	1.20	1.30	1.50	1.94	2.22	2.72	3.25	3.38	4.87	6.02	9.04	
02310280	1108	19831108	20151108	33	2.03	2.40	0.00	9.40		0.00	0.06	0.10	0.13	0.25	0.45	0.62	0.90	1.10	1.30	1.44	1.74	2.01	2.50	2.85	3.38	4.28	5.30	9.26	
02310280	1109	19831109	20151109	33	2.03	2.52	0.00	12.00		0.00	0.05	0.07	0.21	0.41	0.48	0.69	0.90	1.03	1.30	1.57	1.70	1.82	2.32	2.75	3.46	3.97	4.68	9.27	
02310280	1110	19831110	20151110	33	1.93	2.16	0.00	10.00		0.00	0.03	0.07	0.22	0.33	0.45	0.68	0.89	1.33	1.40	1.47	1.80	2.23	2.58	2.85	3.24	3.49	4.10	8.04	
02310280	1111	19831111	20151111	33	1.75	1.87	0.00	8.50		0.00	0.03	0.06	0.22	0.38	0.52	0.74	0.83	0.96	1.20	1.40	1.74	2.04	2.40	2.70	3.00	3.18	3.60	6.96	
02310280	1112	19831112	20151112	33	1.58	1.64	0.00	7.00		0.00	0.03	0.06	0.21	0.30	0.53	0.63	0.72	0.82	1.20	1.37	1.54	1.82	2.24	2.60	2.82	2.90	3.22	6.23	
02310280	1113	19831113	20151113	33	1.49	1.49	0.00	6.10		0.00	0.03	0.06	0.21	0.26	0.41	0.50	0.70	0.83	1.20	1.30	1.70	1.74	2.26	2.35	2.62	2.70	3.26	5.54	
02310280	1114	19831114	20151114	33	1.52	1.83	0.00	8.90		0.00	0.03	0.06	0.18	0.28	0.37	0.46	0.65	0.79	1.10	1.27	1.50	1.62	1.88	2.15	2.34	2.59	3.86	6.24	
02310280	1115	19831115	20151115	33	1.43	1.79	0.00	9.10		0.01	0.02	0.07	0.16	0.29	0.34	0.46	0.61	0.80	1.00	1.27	1.34	1.41	1.66	2.00	2.22	2.39	3.56	5.95	
02310280	1116	19831116	20151116	33	1.53	1.85	0.00	8.50		0.01	0.06	0.12	0.22	0.30	0.36	0.52	0.70	1.06	1.20	1.30	1.30	1.41	1.66	1.90	2.10	2.28	4.34	6.82	
02310280	1117	19831117	20151117	33	1.62	1.84	0.00	7.70		0.01	0.08	0.17	0.23	0.29	0.46	0.48	0.63	0.83	1.20	1.27	1.38	1.62	1.88	2.10	2.44	3.45	4.20	6.93	
02310280	1118	19831118	20151118	33	1.87	2.31	0.00	10.00		0.01	0.07	0.14	0.21	0.31	0.40	0.55	0.79	0.96	1.10	1.24	1.34	1.61	1.86	2.30	3.28	4.27	5.72	7.83	
02310280	1119	19831119	20151119	33	2.36	4.39	0.00	24.00		0.00	0.06	0.10	0.21	0.25	0.36	0.42	0.60	0.77	1.00	1.17	1.48	1.83	2.18	2.60	3.16	3.76	5.88	13.64	
02310280	1120	19831120	20151120	33	2.21	3.83	0.00	21.00		0.00	0.06	0.11	0.27	0.34	0.38	0.50	0.52	0.85	1.00	1.17	1.32	1.72	2.14	2.85	3.02	4.45	5.68	11.20	
02310280	1121	19831121	20151121	33	1.99	2.94	0.00	16.00		0.00	0.06	0.10	0.29	0.40	0.43	0.56	0.73	0.99	1.00	1.20	1.58	1.75	2.28	2.70	2.94	4.00	4.74	8.72	
02310280	1122	19831122	20151122	33	2.02	2.63	0.00	13.00		0.00	0.05	0.10	0.29	0.41	0.44	0.52	0.77	1.03	1.10	1.34	1.64	1.81	2.06	2.60	3.78	4.46	5.06	8.59	
02310280	1123	19831123	20151123	33	4.37	15.18	0.00	88.00		0.00	0.04	0.09	0.28	0.40	0.46	0.68	0.74	0.88	1.10	1.27	1.48	1.61	1.94	2.35	3.60	4.14	5.58	34.10	
02310280	1124	19831124	20151124	33	3.58	11.20	0.00	65.00		0.00	0.04	0.08	0.27	0.39	0.49	0.81	0.96	1.03	1.20	1.30	1.42	1.61	1.78	2.10	3.08	3.85	5.26	26.22	
02310280	1125	19831125	20151125	33	3.90	10.62	0.00	60.00		0.00	0.04	0.08	0.27	0.43	0.55	0.76	0.91	0.95	1.00	1.17	1.32	1.53	1.88	2.25	3.10	3.68	10.64	28.50	
02310280	1126	19831126	20151126	33	4.60	11.56	0.00	55.00		0.04	0.06	0.12	0.26	0.41	0.71	0.81	0.90	0.99	1.10	1.20	1.40	1.71	1.80	2.55	2.96	3.47	12.12	44.50	
02310280	1127	19831127	20151127	33	4.46	10.54	0.00	47.00		0.04	0.08	0.25	0.32	0.44	0.61	0.76	0.83	0.99	1.10	1.20	1.54	1.75	2.36	2.55	3.18	5.92	10.60	42.80	
02310280	1128	19831128	20151128	33	4.36	9.92	0.00	41.00		0.04	0.07	0.22	0.29	0.47	0.60	0.69	0.81	0.90	1.10	1.24	1.44	1.74	2.10	2.35	4.12	5.46	12.72	41.00	
02310280	1129	19831129	20151129	33	3.95	8.89	0.00	38.00		0.04	0.07	0.18	0.25	0.41	0.57	0.75	0.87	1.01	1.30	1.37	1.64	1.80	1.88	2.30	3.32	4.25	10.72	36.60	
02310280	1130	19831130	20151130	33	3.68	7.92	0.00	35.00		0.05	0.10	0.16	0.23	0.32	0.49	0.71	0.77	0.93	1.30	1.57	1.64	1.80	1.88	2.25	3.42	5.84	9.40	32.20	
02310280	1201	19831201	20151201	33	3.59	7.34	0.00	32.00		0.04	0.12	0.19	0.27	0.30	0.41	0.61	0.74	0.84	1.20	1.44	1.54	1.70	1.78	2.45	3.10	6.61	11.04	29.20	
02310280	1202	19831202	20151202	33	3.24	6.43	0.00	28.00		0.04	0.10	0.22	0.25	0.30	0.58	0.66	0.74	0.88	1.20	1.34	1.44	1.51	1.76	2.50	2.86	6.25	9.20	25.90	
02310280	1203	19831203	20151203	33	3.02	5.91	0.00	26.00		0.04	0.08	0.17	0.24	0.43	0.60	0.66	0.76	0.83	0.98	1.17	1.34	1.41	1.82	2.50	2.76	6.28	7.90	23.90	
02310280	1204	19831204	20151204	33	3.20	6.15	0.00	24.00		0.04	0.08	0.13	0.25	0.41	0.55	0.65	0.78	0.90	1.00	1.20	1.40	1.41	1.66	2.10	2.52	5.97	14.80	21.90	
02310280	1205	19831205	20151205	33	3.10	5.67	0.00	22.00		0.03	0.08	0.12	0.25	0.34	0.50	0.61	0.75	0.85	1.10	1.20	1.38	1.51	1.92	2.30	3.08	5.72	14.04	19.90	
02310280	1206	19831206	20151206	33	2.91	5.20	0.00	20.00		0.03	0.07	0.10	0.25	0.36	0.47	0.62	0.78	0.83	1.10	1.27	1.44	1.53	1.88	1.95	2.68	5.14	13.00	18.60	
02310280	1207	19831207	20151207	33	2.69	4.74	0.00	19.00		0.03	0.06	0.12	0.23	0.47	0.59	0.70	0.75	0.80	1.00	1.17	1.34	1.51	1.68	1.90	2.20	4.84	11.80	16.90	
02310280	1208	19831208	20151208	33	2.80	4.59	0.00	18.00		0.02	0.06	0.10	0.34	0.63	0.73	0.87	0.96	1.13	1.20	1.20	1.44	1.70	1.70	1.95	2.74	4.61	12.60	15.90	
02310280	1209	19831209	20141209	32	3.28	5.22	0.00	20.00		0.02	0.05	0.09	0.28	0.56	0.76	0.79	0.84	0.96	1.05	1.22	1.46	1.60	1.87	3.25	5.38	7.01	13.10	18.70	
02310280	1210	19831210	20141210	32	3.77	6.22	0.00	26.00		0.03	0.06	0.10	0.28	0.48	0.62	0.74	0.80	0.90	1.10	1.23	1.48	1.65	2.65	3.85	5.20	11.10	15.10	20.80	
02310280	1211	19831211	20141211	32	4.33	7.32	0.00	30.00		0.02	0.07	0.20	0.35	0.40	0.53	0.67	0.77	1.06	1.20	1.33	1.58	1.65	2.76	4.28	5.46	15.10	17.70	23.50	
02310280	1212	19831212	20141212	32	5.16	10.55	0.00	49.00		0.02	0.20	0.30	0.36	0.45	0.46	0.61	0.73	1.05	1.20	1.50	1.50	1.60	2.33	3.65	4.76	14.15	18.40	37.30	
02310280	1213	19831213	20141213	32	6.36	14.78	0.00	72.00		0.03	0.18	0.28	0.34	0.40	0.55	0.60	0.80	1.08	1.20	1.31	1.48	1.73	2.11	3.33	4.28	13.25	25.00	50.55	
02310280	1214	19831214	20141214	32	6.52	15.24	0.00	74.00		0.07	0.15	0.28	0.30	0.39	0.50	0.64	0.80	1.10	1.25	1.42	1.66	1.84	2.81	3.27	3.86	12.35	24.60	53.20	
02310280	1215	19831215	20141215	32	6.63	15.82	0.00	79.00		0.08	0.16	0.19	0.27	0.44	0.46	0.59	0.76	1.00	1.25	1.52	1.60	1.89	2.92	3.48	4.02	11.50	24.50	53.65	
02310280	1216	19831216	20141216	32	6.58	15.43	0.11	78.00		0.13	0.15	0.19	0.31	0.41	0.50	0.65	0.88	1.07	1.35	1.50	1.90	2.50	2.59	3.48	3.82	11.65	25.40	50.05	
02310280	1217	19831217	20141217	32	6.15	14.54	0.09	74.00		0.10	0.14	0.19	0.27	0.38	0.50	0.60	0.83	0.86	1.10	1.31	1.48	2.30	2.46	3.23	3.86	10.60	25.50	45.40	
02310280	1218	19831218	20141218	32	5.82	13.63	0.08	70.00		0.09	0.15	0.19	0.27	0.40	0.54	0.59	0.69	0.88	1.00	1.20	1.28	2.04	3.02	3.20	4.22	10.50	24.20	41.40	
02310280	1219	19831219	20141219	32	5.53	12.65	0.07	65.00		0.09	0.15	0.23	0.27	0.41	0.46	0.61	0.81	0.90	1.04	1.20	1.28	1.84	2.83	3.48	4.64	10.26	21.80	39.00	
02310280	1220	19831220	20141220	32	5.15	11.29	0.06	57.00		0.09	0.14	0.23	0.27	0.36	0.50	0.63	0.69	0.74	1.05	1.22	1.38	1.69	2.63	3.27	5.28	9.59	21.20	34.90	
02310280	1221	19831221	20141221	32	4.88	9.51	0.06	46.00		0.09	0.13	0.23	0.28	0.47	0.60	0.62	0.71	1.07	1.20	1.53	1.78	2.44	2.71	2.95	5.72	11.25	19.50	30.40	
02310280	1222	19831222	20141222	32	4.67	8.56	0.06	39.00		0.09	0.12	0.23	0.31	0.45	0.55	0.59	0.68	0.98	1.10	1.43	2.00	2.15	2.42	2.83	5.62	15.15	18.70	26.65	
02310280	1223	19831223	20141223	32	4.46	7.82	0.11	35.00		0.11	0.15	0.24	0.38	0.44	0.55	0.60	0.70	0.99	1.15	1.34	1.76	2.15	2.52	3.00	6.32	15.10	17.00	23.95	
02310280	1224	19831224	20141224	32	4.26	7.25	0.11	32.00		0.11	0.20	0.23	0.37	0.49	0.54	0.57	0.71	0.95	1.25	1.56	2.14	2.50	2.50	2.58	5.80	14.10	16.70	22.25	
02310280	1225	19831225	20141225	32	4.53	8.21	0.10	39.00		0.11	0.18	0.24	0.36	0.44	0.52	0.63	0.87	1.08	1.55	1.83	2.08	2.50	2.62	2.88	5.34	13.05	17.50	26.00	
02310280	1226	19831226	20141226	32	4.83	9.91	0.10	52.00		0.11	0.17	0.22	0.39	0.43	0.58	0.63	0.85	1.44	1.85	2.02	2.26	2.39	2.61	2.85	5.12	12.05	15.80	30.55	
02310280	1227	19831227	20141227	32	5.67	14.37	0.11	79.00		0.12	0.16	0.19	0.36	0.43	0.57	0.65	0.87	1.34	1.55	1.80	1.88	2.04	2.13	2.70	4.82	12.15	17.80	40.00	
02310280	1228	19831228	20141228	32	5.69	13.97	0.11	75.00		0.13	0.16	0.22	0.34	0.50	0.57	0.74	0.97	1.35	1.40	1.50	1.74	1.94	2.24	3.20	4.52	11.15	16.80	43.80	
02310280	1229	19831229	20141229	32	5.95	14.60	0.11	74.00		0.13	0.16	0.23	0.32	0.54	0.62	0.73	0.88	1.20	1.30	1.30	1.70	1.94	2.52	2.77	4.20	11.10	15.80	51.90	
02310280	1230	19831230	20141230	32	5.88	14.55	0.10	72.00		0.13	0.18	0.23	0.32	0.47	0.62	0.65	0.96	1.08	1.20	1.26	1.76	1.80	2.03	2.67	3.92	10.10	16.20	53.15	
02310280	1231	19831231	20141231	32	5.60	13.47	0.10	67.00		0.13	0.20	0.21	0.32	0.41	0.55	0.59	0.84	1.17	1.30	1.50	1.58	1.84	2.11	2.27	3.74	10.15	17.20	48.15	
