site_no	monthday	begin_dt	end_dt	count_nu	mean	std	min	max	p01	p05	p10	p15	p20	p25	p30	p35	p40	p45	p50	p55	p60	p65	p70	p75	p80	p85	p90	p95	p99
02490500	ALL	19440824	20160215	25743	781.68	1543.53	141.00	56900.00	191.00	219.00	240.00	256.00	271.00	288.00	303.00	319.00	336.00	356.00	380.00	410.00	447.00	491.00	551.00	635.00	764.00	990.40	1490.00	2600.00	7076.80
02490500	0101	19450101	20160101	71	943.82	1208.83	235.00	8620.00		280.40	310.80	345.00	398.00	429.00	460.40	480.40	486.00	505.60	521.00	584.40	675.00	724.40	896.80	1000.00	1120.00	1586.00	1960.00	2460.00	
02490500	0102	19450102	20160102	71	855.65	858.74	235.00	4790.00		265.80	313.80	357.60	388.40	404.00	427.20	453.40	470.20	507.20	548.00	583.20	701.00	748.80	785.20	935.00	1104.00	1302.00	1550.00	3122.00	
02490500	0103	19450103	20160103	71	838.38	778.31	235.00	3820.00		264.60	310.60	353.60	377.60	404.00	436.00	461.20	493.80	510.00	564.00	621.60	665.80	698.80	887.80	940.00	1058.40	1180.00	1402.00	3256.00	
02490500	0104	19450104	20160104	71	868.62	824.69	235.00	4360.00		272.40	308.20	359.00	372.00	401.00	422.40	433.00	490.00	508.20	545.00	584.80	616.80	676.80	783.20	873.00	1098.00	1596.00	2192.00	2964.00	
02490500	0105	19450105	20160105	71	954.59	935.45	235.00	4610.00		270.80	304.00	337.80	359.20	376.00	393.40	424.60	484.80	500.80	521.00	563.60	605.60	680.20	877.80	1430.00	1604.00	1880.00	2388.00	2974.00	
02490500	0106	19450106	20160106	71	1114.82	1613.25	235.00	9940.00		277.80	308.20	327.00	356.80	366.00	385.60	412.20	452.60	477.00	519.00	550.80	619.40	735.00	807.60	974.00	1256.00	2018.00	2388.00	4700.00	
02490500	0107	19450107	20160107	71	1715.87	4862.42	235.00	37500.00		287.20	312.20	339.40	354.80	373.00	404.40	428.20	448.00	477.60	506.00	548.40	626.40	648.00	761.60	818.00	1346.00	1820.00	3458.00	5996.00	
02490500	0108	19450108	20160108	71	1448.13	2577.65	235.00	16100.00		285.40	316.60	339.60	359.60	403.00	423.60	456.20	480.80	529.80	551.00	627.60	682.80	815.00	948.40	1220.00	1488.00	2500.00	3778.00	5158.00	
02490500	0109	19450109	20160109	71	1274.39	1692.57	233.00	9220.00		291.80	333.20	349.00	382.00	403.00	431.60	460.20	492.20	523.60	618.00	672.60	786.80	1052.00	1256.00	1420.00	1662.00	2282.00	2572.00	6088.00	
02490500	0110	19450110	20160110	71	1104.06	1347.91	230.00	7190.00		301.00	346.60	353.60	394.60	419.00	451.40	474.80	482.60	549.40	611.00	726.80	767.80	951.00	1062.00	1170.00	1342.00	1764.00	2196.00	4410.00	
02490500	0111	19450111	20160111	71	1100.44	1483.72	230.00	9910.00		300.20	336.40	372.40	390.40	416.00	439.00	449.20	491.60	554.60	582.00	619.20	727.00	816.00	953.60	1230.00	1452.00	1860.00	2346.00	3450.00	
02490500	0112	19450112	20160112	71	1108.17	1396.13	228.00	7830.00		300.00	343.00	358.80	381.80	397.00	430.00	447.20	464.20	533.40	551.00	580.80	678.00	707.40	810.00	938.00	1634.00	2050.00	2798.00	4810.00	
02490500	0113	19450113	20160113	71	1018.90	1140.91	230.00	5600.00		295.80	322.40	350.20	372.00	386.00	412.00	445.00	476.60	519.60	546.00	588.80	603.40	629.60	759.40	962.00	1290.00	2252.00	2742.00	3950.00	
02490500	0114	19450114	20160114	71	962.46	1090.17	230.00	5470.00		286.20	327.00	351.20	371.40	388.00	398.20	434.80	454.00	493.20	523.00	543.20	564.60	604.40	683.00	859.00	1178.00	2076.00	2868.00	3428.00	
02490500	0115	19450115	20160115	71	918.18	1103.07	230.00	6700.00		277.20	319.20	342.00	359.00	375.00	392.20	408.40	451.00	490.00	520.00	540.40	574.00	626.20	671.60	898.00	1170.00	1706.00	1924.00	3828.00	
02490500	0116	19450116	20160116	71	877.63	1055.59	233.00	6890.00		272.20	313.80	337.20	356.00	379.00	394.80	426.60	445.80	467.40	498.00	537.00	561.60	669.80	725.60	793.00	1088.00	1340.00	1708.00	3426.00	
02490500	0117	19450117	20160117	71	882.03	845.70	233.00	4640.00		274.60	326.20	339.60	368.40	387.00	422.80	465.20	506.60	519.00	550.00	617.40	678.80	779.80	859.80	928.00	995.60	1358.00	2372.00	2834.00	
02490500	0118	19450118	20160118	71	1050.96	1252.56	253.00	9040.00		279.60	317.80	342.20	365.40	387.00	414.00	455.60	494.60	523.60	602.00	683.80	771.60	896.20	1008.20	1220.00	1426.00	1988.00	2346.00	3048.00	
02490500	0119	19450119	20160119	71	1353.07	1851.22	253.00	10600.00		305.80	318.20	347.20	369.60	383.00	423.20	481.40	501.80	528.00	623.00	684.00	809.40	962.00	1178.00	1660.00	2024.00	2274.00	3010.00	5668.00	
02490500	0120	19450120	20160120	71	1560.07	2259.02	250.00	14200.00		302.00	317.20	345.20	361.40	388.00	426.00	461.20	497.60	618.00	678.00	774.80	886.20	1067.20	1292.00	1650.00	2166.00	2604.00	4742.00	6686.00	
02490500	0121	19450121	20160121	71	1554.77	2217.73	256.00	12900.00		297.60	309.20	335.40	352.80	386.00	422.00	455.20	574.80	625.20	683.00	770.20	881.00	984.80	1168.00	1500.00	2122.00	3394.00	4574.00	5766.00	
02490500	0122	19450122	20160122	71	1304.79	1460.75	258.00	8070.00		289.40	332.20	342.80	356.00	415.00	431.40	467.40	542.80	588.20	677.00	763.80	841.60	1010.00	1156.00	1660.00	2336.00	2738.00	3508.00	4052.00	
02490500	0123	19450123	20160123	71	1227.15	1235.98	265.00	6130.00		285.40	330.00	349.60	407.40	433.00	465.00	500.00	629.00	674.60	721.00	821.20	963.40	1080.00	1386.00	1590.00	1802.00	2222.00	2698.00	4536.00	
02490500	0124	19450124	20160124	71	1113.72	1093.15	257.00	6320.00		293.20	329.60	374.60	398.00	429.00	453.20	544.00	611.60	668.20	720.00	814.40	895.20	1076.00	1228.00	1330.00	1528.00	1940.00	2626.00	3290.00	
02490500	0125	19450125	20160125	71	1056.31	922.59	247.00	4710.00		301.60	333.00	381.60	417.00	430.00	498.20	544.40	579.80	628.80	688.00	744.20	875.40	944.20	1240.00	1430.00	1572.00	1802.00	2352.00	3272.00	
02490500	0126	19450126	20160126	71	1163.56	1248.08	244.00	5900.00		311.60	332.60	383.60	419.80	491.00	511.20	544.00	569.00	636.40	678.00	728.80	788.20	938.80	1078.00	1210.00	1554.00	1892.00	2626.00	4586.00	
02490500	0127	19450127	20160127	71	1366.25	1564.59	240.00	7580.00		300.20	331.20	358.20	398.40	443.00	503.80	524.40	552.00	589.00	605.00	639.40	863.20	996.80	1262.00	1640.00	2252.00	2484.00	3680.00	5458.00	
02490500	0128	19450128	20160128	71	1631.49	3263.12	240.00	26000.00		295.40	326.40	341.40	394.40	460.00	471.80	486.60	504.00	534.80	564.00	645.60	803.00	996.80	1274.00	1620.00	2210.00	3072.00	3606.00	6018.00	
02490500	0129	19450129	20160129	71	1164.92	1280.82	238.00	5670.00		294.20	320.20	342.40	387.80	436.00	446.20	477.20	513.20	531.60	553.00	662.60	815.80	926.20	1004.00	1090.00	1672.00	2730.00	3144.00	4484.00	
02490500	0130	19450130	20160130	71	1195.44	1295.15	238.00	6290.00		304.60	317.60	337.60	385.80	411.00	457.60	496.20	534.00	588.80	626.00	686.60	765.00	1027.00	1156.00	1270.00	1892.00	2382.00	3018.00	4446.00	
02490500	0131	19450131	20160131	71	1105.34	1259.16	238.00	7430.00		298.60	324.40	341.40	369.00	384.00	467.20	510.60	551.20	575.60	626.00	715.20	795.60	864.20	1020.80	1360.00	1586.00	1780.00	2152.00	4310.00	
02490500	0201	19450201	20160201	71	1226.83	1580.70	235.00	9260.00		295.00	318.60	353.80	365.80	409.00	451.20	531.20	594.80	661.80	729.00	774.60	807.00	991.60	1058.00	1370.00	1658.00	1966.00	2976.00	3636.00	
02490500	0202	19450202	20160202	71	1298.82	1827.89	277.00	13200.00		315.20	343.20	366.40	400.40	454.00	497.40	530.80	579.60	653.80	704.00	756.60	809.60	970.80	1124.00	1380.00	1626.00	2188.00	3202.00	4284.00	
02490500	0203	19450203	20160203	71	1268.37	1341.47	272.00	8560.00		336.20	384.40	397.40	479.60	523.00	529.80	584.60	650.40	684.80	786.00	880.80	980.00	1088.00	1316.00	1650.00	1940.00	2258.00	2486.00	3670.00	
02490500	0204	19450204	20160204	71	1242.20	1282.80	270.00	8010.00		328.00	381.00	419.40	469.60	478.00	553.60	649.60	700.80	769.20	821.00	935.00	1000.00	1106.00	1292.00	1500.00	1610.00	1940.00	2672.00	3778.00	
02490500	0205	19450205	20160205	71	1381.31	1451.03	268.00	7040.00		345.00	367.40	410.60	464.40	497.00	553.20	600.20	664.80	708.40	768.00	809.80	1066.00	1254.00	1484.00	1550.00	1888.00	2548.00	3412.00	4954.00	
02490500	0206	19450206	20160206	71	1607.99	2155.96	276.00	13000.00		340.80	382.40	450.60	504.40	569.00	584.80	615.80	653.60	730.80	767.00	813.00	942.80	1036.00	1120.00	1660.00	2422.00	2944.00	3880.00	6640.00	
02490500	0207	19450207	20160207	71	1840.34	2967.20	269.00	19900.00		335.00	440.00	491.80	524.00	540.00	586.00	609.00	623.00	667.60	699.00	890.40	1032.00	1520.00	1888.00	2130.00	2428.00	2930.00	4102.00	5316.00	
02490500	0208	19450208	20160208	71	1391.75	1553.48	263.00	8780.00		319.80	408.80	459.60	483.80	490.00	558.60	577.00	604.80	694.40	733.00	830.00	1006.00	1104.00	1524.00	1710.00	2190.00	2432.00	3276.00	4010.00	
02490500	0209	19450209	20160209	71	1144.27	954.37	260.00	5000.00		306.40	372.40	412.60	452.80	477.00	526.80	558.60	613.00	659.40	721.00	824.00	1040.00	1228.00	1326.00	1600.00	1742.00	2018.00	2552.00	3190.00	
02490500	0210	19450210	20160210	71	1166.21	1450.41	258.00	10400.00		297.00	358.80	393.40	445.40	498.00	522.00	556.20	571.00	657.00	725.00	796.40	895.60	936.80	1060.00	1460.00	1566.00	1890.00	2306.00	3060.00	
02490500	0211	19450211	20160211	71	1377.08	1762.03	258.00	8680.00		296.60	334.80	413.40	440.00	479.00	525.20	552.40	572.00	617.00	647.00	770.00	850.00	991.80	1080.00	1430.00	1788.00	2138.00	3106.00	6696.00	
02490500	0212	19450212	20160212	71	1677.17	2835.27	257.00	15700.00		292.60	318.00	397.60	441.00	468.00	508.20	535.60	555.60	632.20	746.00	789.80	876.00	1037.40	1172.00	1560.00	2082.00	2500.00	3624.00	7418.00	
02490500	0213	19450213	20160213	71	1802.13	2980.83	252.00	17000.00		293.20	321.80	392.40	432.60	448.00	479.80	535.00	584.80	674.60	737.00	798.00	889.60	1070.00	1376.00	1780.00	2078.00	2552.00	4930.00	8598.00	
02490500	0214	19450214	20160214	71	1631.45	2338.34	251.00	12000.00		291.40	342.40	404.60	432.60	463.00	500.80	533.20	608.40	665.80	694.00	772.40	926.20	1132.00	1250.00	1470.00	2086.00	2484.00	4610.00	7218.00	
02490500	0215	19450215	20160215	71	1480.49	1870.42	248.00	10200.00		287.80	343.80	399.40	444.80	459.00	509.00	541.20	600.00	683.40	705.00	787.80	916.80	970.00	1204.00	1390.00	2206.00	2862.00	4056.00	6464.00	
02490500	0216	19450216	20150216	70	1579.31	1903.80	247.00	11800.00		308.15	349.80	383.60	429.00	458.25	516.60	551.70	563.20	592.35	798.50	850.85	1004.40	1544.50	1808.00	2190.00	2572.00	2831.50	3152.00	5686.50	
02490500	0217	19450217	20150217	70	1610.10	2090.47	246.00	11300.00		317.20	372.10	393.00	427.40	484.75	497.20	545.00	569.00	672.05	701.00	836.05	1052.00	1293.00	1654.00	1962.50	2480.00	2940.00	3780.00	6544.00	
02490500	0218	19450218	20150218	70	1486.53	1812.18	248.00	9070.00		334.50	369.40	417.90	444.40	480.00	500.90	548.10	599.60	687.55	813.50	846.10	967.60	1003.00	1324.00	1460.00	2094.00	3052.50	3644.00	6779.00	
02490500	0219	19450219	20150219	70	1316.29	1562.63	245.00	9820.00		335.85	367.90	410.65	432.80	468.75	518.40	555.80	618.80	688.60	711.50	786.05	841.20	945.85	1150.00	1322.50	1858.00	2504.00	3753.00	4281.50	
02490500	0220	19450220	20150220	70	1087.59	1056.18	242.00	6050.00		320.25	369.60	419.65	451.20	498.50	533.90	573.40	609.20	628.55	663.50	720.25	792.40	868.05	1059.00	1385.00	1636.00	1809.00	2306.00	3857.50	
02490500	0221	19450221	20150221	70	1344.21	2040.86	239.00	13500.00		304.10	378.10	429.65	457.60	504.00	512.30	563.70	591.40	634.70	692.50	815.65	922.60	986.45	1145.00	1292.50	1424.00	1767.50	2314.00	5199.00	
02490500	0222	19450222	20150222	70	1847.39	3531.73	240.00	23500.00		294.20	371.70	424.45	484.20	519.50	542.60	606.10	687.20	736.65	779.00	862.15	951.20	1094.50	1303.00	1500.00	1802.00	2576.00	3204.00	10600.00	
02490500	0223	19450223	20150223	70	1890.26	3839.35	237.00	29800.00		297.00	357.10	399.45	470.20	508.50	536.20	565.60	657.60	703.35	800.00	900.50	996.40	1105.00	1282.00	1737.50	2368.00	3032.00	4271.00	6158.00	
02490500	0224	19450224	20150224	70	1676.30	2325.23	236.00	12400.00		295.45	348.20	365.20	456.20	491.75	517.60	573.45	622.80	691.15	760.50	819.05	874.80	1190.50	1548.00	1717.50	2148.00	3252.50	4347.00	7364.00	
02490500	0225	19450225	20150225	70	1490.51	2134.49	236.00	11800.00		318.65	347.50	372.85	454.40	480.50	494.20	536.85	602.00	649.75	697.00	809.05	853.20	1004.50	1288.00	1560.00	1926.00	2338.50	3111.00	6604.00	
02490500	0226	19450226	20150226	70	1353.41	1816.73	238.00	8510.00		328.65	348.90	388.55	432.60	472.50	505.60	579.60	600.20	634.75	697.50	744.15	885.40	1013.00	1127.00	1267.50	1416.00	1669.50	3495.00	6835.00	
02490500	0227	19450227	20150227	70	1413.99	1825.53	275.00	8900.00		321.85	371.40	392.65	431.40	463.50	497.70	552.50	603.40	654.25	723.50	845.30	906.40	1004.75	1090.00	1302.50	1666.00	2480.50	3699.00	7095.00	
02490500	0228	19450228	20150228	70	1254.94	1971.67	277.00	15100.00		323.70	367.40	379.65	413.00	459.50	502.00	542.20	566.40	604.35	645.00	708.25	759.80	784.15	832.20	1160.00	1660.00	2304.50	2573.00	3944.00	
02490500	0229	19480229	20120229	17	646.65	417.30	284.00	1970.00			356.80	375.70	389.20	407.50	417.00	429.90	464.20	488.30	554.00	582.80	629.20	644.90	649.40	653.50	682.00	912.70	1482.00		
02490500	0301	19450301	20150301	70	1121.19	2020.18	260.00	16700.00		332.10	361.00	379.75	436.00	466.00	507.60	538.50	562.40	576.85	598.00	620.85	732.20	798.35	1014.00	1110.00	1254.00	1350.00	2149.00	3150.50	
02490500	0302	19450302	20150302	70	1363.41	1702.38	247.00	9240.00		318.65	358.20	382.25	426.80	484.50	504.00	519.55	556.40	621.85	662.50	754.65	840.40	917.10	999.20	1202.50	2236.00	2501.00	3590.00	5475.00	
02490500	0303	19450303	20150303	70	1778.46	2910.32	242.00	17700.00		325.55	360.10	383.30	440.40	474.50	499.80	530.80	571.20	593.80	634.00	718.75	771.60	939.40	1496.00	1677.50	2366.00	3077.00	4102.00	8469.50	
02490500	0304	19450304	20150304	70	1931.70	3275.13	237.00	21300.00		316.50	367.80	395.85	466.60	504.75	530.60	556.40	592.60	673.10	692.00	787.35	844.60	1238.50	1646.00	1930.00	2536.00	3040.00	5208.00	7168.50	
02490500	0305	19450305	20150305	70	1608.47	1879.12	234.00	9040.00		338.15	377.70	407.00	460.40	493.25	532.60	582.45	657.40	685.90	767.00	1070.50	1170.00	1276.00	1499.00	1875.00	2298.00	2617.50	4928.00	5844.00	
02490500	0306	19450306	20150306	70	1463.66	1756.41	231.00	11400.00		331.40	368.10	427.85	487.40	545.75	586.90	643.00	692.40	736.65	798.00	890.75	1006.00	1120.00	1373.00	1612.50	2118.00	2647.00	3817.00	4698.00	
02490500	0307	19450307	20150307	70	1376.14	1575.55	230.00	8430.00		323.10	366.90	422.10	481.00	501.75	560.10	638.80	672.60	766.00	836.50	914.05	941.20	1076.00	1237.00	1607.50	1792.00	2231.00	3229.00	5821.50	
02490500	0308	19450308	20150308	70	1289.56	1622.27	229.00	9520.00		316.25	355.80	444.60	466.00	514.00	538.60	599.35	621.40	656.00	695.00	748.60	791.60	854.15	1058.90	1212.50	1694.00	2083.50	3116.00	4976.00	
02490500	0309	19450309	20150309	70	1173.33	1312.92	230.00	6530.00		309.40	345.30	424.30	458.80	516.75	534.00	558.40	581.80	652.75	707.00	752.90	789.60	904.20	1067.00	1227.50	1376.00	1781.00	2686.00	5115.50	
02490500	0310	19450310	20150310	70	1243.34	2038.49	231.00	15400.00		305.75	344.40	430.10	460.40	493.00	513.00	551.05	575.20	630.80	643.00	656.30	727.20	801.50	979.90	1150.00	1276.00	1890.50	2436.00	4184.50	
02490500	0311	19450311	20150311	70	1122.89	1652.22	261.00	12800.00		303.85	344.30	452.60	463.20	479.00	545.00	561.95	585.20	607.85	642.50	730.60	773.00	827.55	988.90	1205.00	1466.00	1798.50	2078.00	2365.00	
02490500	0312	19450312	20150312	70	995.60	965.33	270.00	5500.00		304.55	348.00	443.95	466.80	515.50	538.00	559.35	588.40	627.95	650.50	703.65	753.40	924.80	1017.00	1122.50	1150.00	1294.00	1882.00	3769.00	
02490500	0313	19450313	20150313	70	1012.41	932.12	269.00	4340.00		320.60	405.70	454.55	487.40	503.50	522.30	544.95	573.20	601.55	645.50	688.25	804.40	869.75	917.00	1010.00	1212.00	1547.00	2622.00	3694.50	
02490500	0314	19450314	20150314	70	1233.47	1926.12	294.00	14300.00		314.05	393.70	449.10	491.20	503.50	506.80	535.80	568.40	623.90	683.50	726.70	790.00	833.30	962.40	1307.50	1560.00	1674.50	2355.00	4278.50	
02490500	0315	19450315	20150315	70	1204.63	1668.31	280.00	11100.00		311.55	433.30	453.80	478.40	485.75	502.60	524.40	544.80	564.85	645.50	711.50	778.80	900.35	1052.00	1142.50	1376.00	1753.00	2450.00	4675.50	
02490500	0316	19450316	20150316	70	1300.50	1610.42	278.00	9500.00		316.00	410.20	427.75	456.40	471.25	483.00	489.85	527.00	560.45	614.00	676.30	780.80	903.00	1005.50	1292.50	1722.00	2464.50	3814.00	5178.00	
02490500	0317	19450317	20150317	70	1303.47	1692.65	276.00	11100.00		313.55	356.90	408.85	420.60	451.00	475.20	488.50	526.60	580.95	659.50	691.30	767.80	807.35	1122.10	1682.50	1880.00	2207.50	3270.00	4788.00	
02490500	0318	19450318	20150318	70	1464.07	2073.59	285.00	11800.00		304.40	348.90	391.65	416.20	460.50	486.20	509.70	546.60	591.80	639.00	695.20	737.20	894.95	1060.00	1350.00	2298.00	2984.00	3957.00	5228.00	
02490500	0319	19450319	20150319	70	1353.80	1764.52	290.00	9650.00		304.10	365.00	384.20	428.80	463.50	485.20	515.65	547.20	598.05	655.50	808.05	859.60	1043.00	1147.00	1337.50	1838.00	2318.00	3323.00	5058.00	
02490500	0320	19450320	20150320	70	1180.96	1257.88	287.00	6620.00		314.85	371.70	393.25	416.00	463.25	489.60	526.55	539.80	605.90	684.00	746.20	847.20	926.95	1159.00	1297.50	1488.00	1996.50	2971.00	4348.00	
02490500	0321	19450321	20150321	70	1182.31	1142.49	282.00	6740.00		344.00	389.40	430.50	444.40	470.75	500.40	523.25	561.60	608.25	685.50	767.75	839.20	972.70	1247.00	1425.00	2042.00	2370.50	2913.00	3472.50	
02490500	0322	19450322	20150322	70	1159.87	1480.05	281.00	11400.00		355.65	403.50	425.55	444.60	468.75	505.10	540.40	589.40	621.65	661.00	791.05	914.20	1070.00	1144.00	1265.00	1346.00	1794.00	2465.00	3467.50	
02490500	0323	19450323	20150323	70	1006.46	1010.25	283.00	6790.00		341.70	372.10	409.50	423.00	465.50	503.30	542.75	581.80	635.20	699.00	747.35	805.20	867.40	909.30	1105.00	1418.00	1628.50	1983.00	3000.00	
02490500	0324	19450324	20150324	70	993.00	875.85	284.00	4400.00		326.15	355.00	401.50	429.20	459.00	472.20	520.25	545.80	585.70	608.50	658.40	754.40	889.50	976.60	1262.50	1546.00	1862.00	2127.00	3081.50	
02490500	0325	19450325	20150325	70	1264.90	2873.54	273.00	24100.00		313.75	362.10	409.20	424.60	431.75	485.50	517.40	544.00	566.70	594.00	636.85	684.00	768.90	888.30	1082.50	1462.00	2014.00	2600.00	2966.50	
02490500	0326	19450326	20150326	70	1225.67	2728.34	272.00	22400.00		322.85	358.10	384.30	401.60	423.25	466.50	496.70	524.80	562.60	575.00	641.65	692.60	721.75	884.80	1160.00	1352.00	1587.50	2200.00	3008.00	
02490500	0327	19450327	20150327	70	1065.61	1530.69	271.00	10500.00		328.25	364.20	382.60	401.60	433.00	464.80	485.70	499.40	538.95	571.00	598.35	647.00	780.65	916.10	1017.50	1364.00	1447.00	1890.00	3690.00	
02490500	0328	19450328	20150328	70	1536.91	3885.42	273.00	24900.00		324.50	366.90	400.55	414.60	429.75	449.70	481.40	500.40	550.15	617.00	659.15	727.80	823.45	947.00	1155.00	1348.00	1498.50	2094.00	3987.50	
02490500	0329	19450329	20150329	70	1820.81	4460.42	276.00	25300.00		326.00	356.30	392.85	407.40	420.25	439.30	473.75	497.20	545.30	603.00	689.15	739.20	763.60	918.50	1090.00	1310.00	1497.00	1898.00	14100.00	
02490500	0330	19450330	20150330	70	1710.16	3657.99	268.00	20800.00		322.40	365.70	386.90	392.20	395.00	419.30	443.65	511.80	566.00	598.50	703.25	750.80	837.50	902.00	1192.50	1494.00	1923.50	2657.00	12125.00	
02490500	0331	19450331	20150331	70	1623.66	2644.05	268.00	15200.00		324.05	365.10	379.25	383.20	402.00	418.80	463.80	535.40	581.75	631.00	715.60	757.80	883.70	1103.00	1255.00	2024.00	2696.50	3765.00	8120.50	
02490500	0401	19450401	20150401	70	1538.83	2321.43	296.00	15100.00		334.55	346.30	364.95	378.80	388.75	404.20	485.10	536.60	561.40	662.50	696.65	835.40	993.85	1266.00	1485.00	1792.00	3077.50	4781.00	6133.50	
02490500	0402	19450402	20150402	70	1409.83	1965.54	310.00	11600.00		336.30	353.30	359.65	373.20	398.75	433.30	461.65	501.40	556.30	593.50	722.10	853.80	1003.00	1207.00	1477.50	1882.00	2669.00	3075.00	6406.50	
02490500	0403	19450403	20150403	70	1250.17	1751.67	327.00	11600.00		335.50	349.20	361.50	378.60	403.50	430.90	452.85	495.60	594.95	667.00	695.10	823.20	970.90	1143.00	1365.00	1530.00	2277.50	2750.00	3675.50	
02490500	0404	19450404	20150404	70	1051.90	1154.98	322.00	6170.00		326.10	343.30	357.00	378.00	397.75	409.30	451.20	495.40	572.35	613.00	668.10	688.00	857.55	1007.00	1200.00	1458.00	1782.00	2437.00	3900.50	
02490500	0405	19450405	20150405	70	999.23	1073.76	317.00	7310.00		319.55	334.50	357.65	372.20	397.75	428.20	472.90	550.00	567.45	604.00	643.25	753.60	806.25	1013.50	1172.50	1378.00	1689.00	2100.00	3015.00	
02490500	0406	19450406	20150406	70	1252.24	2597.69	315.00	20900.00		320.20	331.00	350.00	386.80	415.00	441.20	483.85	516.20	539.90	639.50	711.50	820.40	917.00	1017.00	1097.50	1274.00	1551.00	1988.00	3683.00	
02490500	0407	19450407	20150407	70	1737.03	6757.76	309.00	56900.00		314.65	324.00	334.60	353.80	418.50	440.20	456.55	497.60	523.80	572.00	616.95	677.40	726.30	825.30	1045.00	1392.00	1814.00	2045.00	4093.00	
02490500	0408	19450408	20150408	70	1252.20	3252.87	296.00	26700.00		311.10	313.30	324.95	360.80	407.25	417.90	434.50	468.00	493.35	528.50	567.00	620.80	649.00	736.50	905.75	1028.00	1364.50	2121.00	3831.50	
02490500	0409	19450409	20150409	70	1065.46	1546.50	287.00	7890.00		302.65	311.50	324.85	362.60	381.25	395.50	408.55	446.80	464.95	499.00	564.05	597.20	687.65	701.80	845.00	1122.40	1640.50	2445.00	5347.00	
02490500	0410	19450410	20150410	70	916.56	1096.82	291.00	6080.00		296.10	309.00	317.20	348.60	376.25	388.50	427.95	433.40	461.30	494.50	532.10	567.60	641.20	677.00	922.50	1053.60	1679.00	2434.00	3271.50	
02490500	0411	19450411	20150411	70	991.27	1543.60	289.00	11000.00		300.20	309.30	325.55	348.60	364.50	390.00	408.40	414.00	482.95	498.50	557.40	593.40	666.55	714.40	859.25	995.80	1337.00	2286.00	3933.00	
02490500	0412	19450412	20150412	70	1137.27	1866.27	284.00	11200.00		295.10	317.50	334.55	350.80	378.75	394.90	452.05	469.80	481.95	529.50	587.15	722.40	767.45	802.70	856.75	1031.80	1680.50	2425.00	5817.50	
02490500	0413	19450413	20150413	70	1867.57	4596.70	271.00	23800.00		289.55	304.40	325.00	348.00	367.75	391.50	449.10	465.80	523.20	588.50	664.15	769.20	846.00	904.30	1135.00	1456.00	1711.50	2993.00	14545.50	
02490500	0414	19450414	20150414	70	2132.50	5341.90	266.00	31100.00		298.95	317.20	331.95	349.80	374.25	413.90	452.95	492.60	598.90	653.50	744.65	802.20	929.45	1050.00	1132.50	1570.00	1838.00	3220.00	15075.00	
02490500	0415	19450415	20150415	70	1532.67	2788.36	261.00	19900.00		295.90	314.10	321.65	343.20	365.25	396.70	431.05	458.20	520.15	618.50	654.40	683.60	750.85	967.60	1367.50	1566.00	2805.00	4671.00	6887.00	
02490500	0416	19450416	20150416	70	1132.40	1410.45	259.00	7320.00		288.60	311.80	335.30	347.80	365.50	403.00	428.80	437.00	492.15	511.00	601.45	656.00	761.15	930.90	1105.00	1708.00	2412.00	3032.00	3848.00	
02490500	0417	19450417	20150417	70	907.67	1005.95	260.00	5840.00		283.70	305.10	329.70	355.20	379.75	404.00	426.80	443.60	484.65	564.50	615.05	639.80	717.25	843.30	991.50	1050.00	1498.50	1787.00	3447.00	
02490500	0418	19450418	20150418	70	880.86	1824.87	272.00	15400.00		283.00	302.30	320.05	351.60	368.25	393.60	411.00	455.20	485.00	515.50	529.15	595.00	654.30	719.50	819.25	893.80	1155.50	1355.00	1860.50	
02490500	0419	19450419	20150419	70	806.67	1480.25	268.00	12500.00		288.10	300.20	309.55	341.00	356.00	394.30	416.75	446.00	480.00	489.50	535.15	560.40	582.45	653.80	752.75	893.20	1020.50	1262.00	1983.00	
02490500	0420	19450420	20150420	70	751.16	974.41	255.00	7180.00		282.10	296.30	320.20	338.40	351.50	386.90	418.40	443.40	464.75	486.50	502.15	544.40	564.90	677.50	722.75	812.80	978.00	1348.00	2026.00	
02490500	0421	19450421	20150421	70	895.33	1276.32	248.00	8720.00		272.55	295.20	312.70	326.40	344.25	366.70	395.85	409.40	447.35	479.00	501.55	547.60	614.50	659.40	700.25	779.00	1281.00	2380.00	3477.00	
02490500	0422	19450422	20150422	70	1157.49	2824.89	241.00	22700.00		268.20	291.00	307.15	321.20	339.75	355.60	379.95	400.40	437.80	459.50	476.95	509.40	549.75	604.90	645.50	851.20	1515.50	2906.00	4024.00	
02490500	0423	19450423	20150423	70	1011.73	2051.04	238.00	15500.00		268.40	288.20	309.90	326.80	340.25	365.20	369.85	405.80	425.75	440.50	449.20	465.60	566.05	618.70	682.75	951.20	1282.00	2465.00	2828.00	
02490500	0424	19450424	20150424	70	829.83	1187.47	251.00	8220.00		280.20	295.50	312.50	342.20	350.50	370.90	381.10	410.00	424.55	440.00	459.05	492.00	555.05	588.10	715.25	973.20	1590.50	1650.00	2387.00	
02490500	0425	19450425	20150425	70	787.41	939.79	251.00	5830.00		276.40	292.20	306.20	329.80	352.75	392.30	396.00	411.40	432.85	454.50	482.05	516.20	544.05	611.10	660.50	932.40	1245.50	1904.00	2519.50	
02490500	0426	19450426	20150426	70	1041.54	2980.44	251.00	25000.00		278.00	289.50	308.60	318.80	351.50	378.30	385.70	395.80	415.95	434.00	462.40	504.20	538.45	596.50	725.75	872.60	1030.00	1947.00	2787.00	
02490500	0427	19450427	20150427	70	1295.91	3640.27	238.00	26900.00		279.05	290.90	302.30	311.40	336.00	354.00	370.95	386.80	390.00	424.00	455.35	487.00	522.75	568.20	652.75	782.00	1071.65	1940.00	6354.00	
02490500	0428	19450428	20150428	70	1440.07	3506.74	231.00	24100.00		275.25	289.00	300.25	308.80	326.00	349.10	362.10	372.40	389.70	415.00	452.40	473.20	499.30	592.30	699.25	896.20	1656.00	2702.00	10174.50	
02490500	0429	19450429	20150429	70	1084.26	1976.97	226.00	12200.00		264.00	280.20	289.30	300.20	323.00	345.30	352.25	363.60	385.60	406.50	437.15	453.60	492.90	539.20	636.50	791.00	1262.50	3180.00	6484.50	
02490500	0430	19450430	20150430	70	960.86	2125.05	221.00	16900.00		263.75	273.70	282.95	298.60	324.50	332.00	346.70	356.40	385.15	407.50	427.70	464.60	497.65	533.60	654.25	717.60	1201.00	2569.00	3433.50	
02490500	0501	19450501	20150501	70	898.70	1781.62	221.00	13900.00		261.30	268.50	277.60	289.60	314.50	324.70	337.70	349.20	377.30	409.50	441.10	466.20	512.30	552.30	647.75	828.40	1249.50	1977.00	3330.00	
02490500	0502	19450502	20150502	70	830.86	1143.18	219.00	6210.00		262.10	271.60	285.30	301.40	314.00	323.30	333.40	366.20	391.90	426.00	451.50	472.20	505.65	556.50	659.25	894.00	1155.00	2457.00	3170.50	
02490500	0503	19450503	20150503	70	953.39	1309.93	221.00	6280.00		261.00	275.70	287.30	309.80	317.50	350.50	378.10	398.40	416.80	454.00	476.45	507.60	565.05	621.20	807.25	967.00	1429.50	3060.00	4601.50	
02490500	0504	19450504	20150504	70	1146.49	2085.41	240.00	14000.00		258.75	281.20	300.25	308.60	340.75	369.00	371.00	408.40	426.45	459.00	466.35	555.20	590.40	670.50	820.75	936.40	1721.50	3512.00	4869.00	
02490500	0505	19450505	20150505	70	1176.43	2078.96	239.00	13100.00		262.10	280.20	298.60	318.40	329.00	340.40	372.50	397.40	417.55	444.00	489.20	554.20	607.50	822.50	901.75	1028.00	2036.50	2329.00	6000.00	
02490500	0506	19450506	20150506	70	895.74	1469.33	238.00	9780.00		262.65	279.00	293.65	303.20	318.00	345.40	367.95	388.80	398.75	430.00	456.80	504.00	538.15	554.40	642.25	725.20	1169.00	1604.00	4360.50	
02490500	0507	19450507	20150507	70	833.29	1489.89	236.00	10800.00		265.10	272.50	291.30	293.60	309.75	357.20	374.55	381.20	404.60	424.50	443.20	473.60	496.60	508.20	572.75	703.60	995.80	1393.00	3937.00	
02490500	0508	19450508	20150508	70	1098.39	3235.34	236.00	26000.00		261.00	275.30	288.00	296.60	326.75	346.30	361.85	370.40	381.80	413.00	419.35	437.60	454.60	477.80	644.50	733.80	1009.20	1987.00	3089.00	
02490500	0509	19450509	20150509	70	940.34	2063.43	229.00	12500.00		259.65	274.50	284.65	300.60	313.25	334.60	348.70	361.60	378.80	394.50	416.40	435.80	451.95	490.90	569.00	677.00	824.90	1610.00	3927.50	
02490500	0510	19450510	20150510	70	862.14	1305.55	222.00	6530.00		258.20	270.50	280.95	295.20	324.25	331.20	347.05	366.20	377.90	399.50	418.20	430.80	469.65	539.80	620.75	824.60	906.05	2755.00	4432.50	
02490500	0511	19450511	20150511	70	934.40	1865.31	217.00	14000.00		253.55	273.20	278.00	292.40	308.50	318.10	341.75	358.20	378.55	389.50	400.35	448.00	468.00	486.40	587.50	737.20	1267.50	2401.00	3976.50	
02490500	0512	19450512	20150512	70	735.39	952.04	213.00	6000.00		251.55	265.40	273.95	288.00	299.50	322.90	333.85	354.80	366.95	390.50	422.55	444.00	478.30	576.00	629.75	916.60	1187.50	1477.00	2992.50	
02490500	0513	19450513	20150513	70	754.23	1029.38	211.00	7370.00		251.55	263.30	270.90	278.20	295.75	324.60	335.55	345.40	365.45	390.50	427.00	436.00	534.05	645.50	733.75	878.40	1253.50	1799.00	2658.50	
02490500	0514	19450514	20150514	70	695.96	819.04	208.00	4470.00		250.10	261.00	268.95	277.60	303.75	317.80	331.85	339.00	368.70	380.00	397.10	418.40	509.05	566.00	598.50	861.60	1099.00	1593.00	3126.50	
02490500	0515	19450515	20150515	70	773.36	1073.89	208.00	5730.00		248.65	260.10	283.65	289.40	308.25	316.20	323.70	330.20	354.60	377.50	396.05	402.00	502.70	525.60	544.75	671.80	948.90	2785.00	3203.00	
02490500	0516	19450516	20150516	70	863.81	1611.49	206.00	10600.00		245.00	258.00	274.20	287.20	304.00	314.30	317.00	330.80	349.60	360.50	379.55	404.80	472.50	503.10	525.25	630.60	1074.10	1979.00	4069.50	
02490500	0517	19450517	20150517	70	850.77	1567.43	204.00	8450.00		242.55	258.10	266.95	285.40	299.00	309.30	314.85	325.40	348.35	378.50	411.55	451.20	477.95	500.10	569.75	620.20	949.10	1491.00	5152.50	
02490500	0518	19450518	20150518	70	751.79	1202.53	203.00	6000.00		241.10	249.70	262.90	280.40	293.75	303.30	314.70	334.60	349.85	364.00	399.05	437.00	467.75	513.60	610.00	652.20	805.60	1327.00	4929.00	
02490500	0519	19450519	20150519	70	910.54	2368.50	201.00	18100.00		238.10	252.00	260.30	276.00	296.50	305.20	314.25	325.80	345.90	367.50	384.15	411.20	462.90	508.50	564.00	651.40	821.15	953.50	3325.00	
02490500	0520	19450520	20150520	70	796.34	1757.58	201.00	13000.00		237.00	249.40	258.30	278.20	293.50	305.90	323.10	339.00	352.50	368.00	393.55	433.20	455.80	543.50	595.50	642.00	699.00	909.50	2948.50	
02490500	0521	19450521	20150521	70	661.76	997.16	203.00	6650.00		237.30	253.10	261.60	283.40	298.50	305.60	326.50	336.00	355.75	369.00	392.05	411.60	444.70	480.30	549.00	675.60	837.85	1084.00	2426.00	
02490500	0522	19450522	20150522	70	633.83	796.27	204.00	5010.00		233.65	251.10	259.60	280.80	297.75	305.50	317.70	327.80	350.55	378.00	401.20	423.20	468.75	505.90	590.50	661.60	851.60	1100.90	2738.50	
02490500	0523	19450523	20150523	70	609.41	1024.91	202.00	8580.00		232.20	250.20	258.30	285.20	296.50	305.70	320.25	325.40	344.75	370.00	395.10	406.60	435.25	480.80	522.50	578.60	869.55	1225.00	1493.00	
02490500	0524	19450524	20150524	70	555.14	716.14	199.00	5280.00		230.10	249.20	268.50	280.40	293.00	302.70	319.70	323.20	336.95	371.00	382.50	400.40	432.85	462.30	506.00	603.20	714.35	1028.00	1173.50	
02490500	0525	19450525	20150525	70	512.89	471.59	196.00	3200.00		229.00	247.40	265.90	279.20	288.00	302.30	306.85	325.40	352.65	372.00	408.15	421.00	435.60	455.70	506.25	601.60	763.10	936.50	1424.50	
02490500	0526	19450526	20150526	70	481.77	361.01	191.00	2480.00		225.10	253.10	259.25	270.20	290.00	299.50	318.80	335.40	349.65	367.50	377.05	399.60	424.45	444.90	538.75	672.20	716.85	802.70	1236.00	
02490500	0527	19450527	20150527	70	478.24	363.25	190.00	2080.00		223.75	248.10	252.60	268.00	284.50	296.00	313.10	327.40	356.00	361.50	371.10	396.60	420.60	458.80	488.75	552.80	626.00	919.30	1527.50	
02490500	0528	19450528	20150528	70	474.29	403.18	189.00	2840.00		226.60	244.20	252.20	265.20	285.50	296.60	301.85	319.00	340.90	345.00	354.10	371.20	425.45	459.40	501.25	551.40	630.20	695.30	1323.00	
02490500	0529	19450529	20150529	70	455.99	365.21	186.00	2810.00		225.70	243.00	257.80	274.20	282.00	291.90	302.40	312.40	328.85	338.50	367.05	396.20	411.05	437.60	506.25	531.40	579.45	769.40	1188.00	
02490500	0530	19450530	20150530	70	472.29	428.91	185.00	2960.00		222.25	245.70	259.90	274.60	279.00	288.60	295.70	314.80	331.95	364.50	373.70	409.80	465.75	490.60	501.75	530.40	597.10	682.50	1079.00	
02490500	0531	19450531	20150531	70	526.10	514.87	186.00	3580.00		231.65	245.70	262.65	273.20	276.00	280.20	293.55	329.40	341.60	360.50	384.25	412.80	443.90	492.90	537.50	611.00	731.45	886.90	1580.50	
02490500	0601	19450601	20150601	70	616.97	711.48	181.00	3930.00		229.10	249.40	260.65	265.80	273.00	282.20	301.85	321.40	333.70	369.50	388.15	433.80	478.15	488.90	657.50	723.00	914.60	1135.00	2340.50	
02490500	0602	19450602	20150602	70	624.07	698.77	179.00	4190.00		220.75	241.40	258.20	266.20	271.75	277.60	290.70	318.40	335.75	360.50	398.60	434.60	445.10	499.20	540.50	703.40	899.40	1711.00	2374.00	
02490500	0603	19450603	20150603	70	585.61	551.97	177.00	2400.00		216.20	239.20	259.00	261.00	269.50	291.30	306.55	319.60	347.10	369.50	403.55	439.20	469.20	495.60	587.25	716.60	820.60	1757.00	2103.50	
02490500	0604	19450604	20150604	70	545.50	498.85	178.00	2620.00		215.55	235.00	253.30	257.00	269.50	294.30	311.55	317.00	335.55	366.50	388.25	419.20	442.05	482.00	525.75	635.80	764.45	1325.00	1815.00	
02490500	0605	19450605	20150605	70	434.81	276.69	202.00	1820.00		221.70	235.20	247.95	254.40	267.50	293.10	305.85	315.60	324.00	353.00	392.20	409.20	421.15	450.20	469.00	512.40	572.35	763.10	899.90	
02490500	0606	19450606	20150606	70	425.03	240.69	200.00	1450.00		226.00	230.50	249.30	261.00	268.75	289.30	296.70	313.00	344.70	364.00	377.00	390.60	410.85	452.40	468.00	489.60	597.40	655.50	1036.75	
02490500	0607	19450607	20150607	70	466.77	342.19	200.00	2040.00		224.10	233.80	250.65	259.40	270.00	289.60	298.55	311.40	328.50	364.50	369.45	384.20	394.95	443.40	473.50	555.60	635.80	1047.00	1291.00	
02490500	0608	19450608	20150608	70	626.89	1006.86	208.00	7660.00		222.10	233.00	248.65	260.20	264.25	292.30	310.25	319.80	329.70	348.50	371.15	381.00	401.20	461.20	520.50	684.80	729.00	1153.20	2222.00	
02490500	0609	19450609	20150609	70	663.69	1282.95	196.00	10300.00		221.55	227.10	246.65	259.40	268.50	290.40	306.80	319.00	331.70	350.00	364.20	374.60	403.30	459.00	491.00	559.20	806.05	1402.00	2226.50	
02490500	0610	19450610	20150610	70	602.66	1088.27	189.00	6850.00		216.95	236.70	248.90	256.20	266.00	280.00	294.40	303.80	315.95	338.50	347.50	362.80	381.35	397.90	431.00	481.00	595.85	1147.70	1642.50	
02490500	0611	19450611	20150611	70	510.50	679.65	186.00	5250.00		214.15	236.40	248.65	255.20	260.00	270.10	287.95	295.40	301.95	328.50	338.40	360.00	395.15	438.70	464.50	574.40	669.75	858.90	1201.50	
02490500	0612	19450612	20150612	70	449.17	397.05	183.00	2630.00		216.20	235.30	252.00	255.20	262.50	273.00	278.70	286.00	296.75	319.50	332.45	372.40	401.15	412.00	426.75	491.60	561.75	862.50	1449.00	
02490500	0613	19450613	20150613	70	455.33	397.48	182.00	1850.00		218.65	237.10	248.00	254.40	261.75	270.60	279.85	290.20	304.50	327.00	341.05	350.00	388.15	413.50	432.75	459.00	521.10	698.00	1703.50	
02490500	0614	19450614	20150614	70	508.17	516.86	185.00	3120.00		216.00	238.00	245.65	250.80	260.75	269.40	278.00	290.80	314.65	330.00	360.45	378.80	406.15	414.10	456.25	500.00	634.75	1106.00	1890.00	
02490500	0615	19450615	20150615	70	507.79	492.66	185.00	3120.00		215.55	235.10	241.60	250.40	259.00	265.60	268.00	287.20	314.60	328.50	354.05	365.60	391.25	419.80	453.00	652.60	869.00	1076.00	1711.00	
02490500	0616	19450616	20150616	70	487.23	447.80	187.00	2250.00		209.50	232.00	237.95	242.00	253.00	259.60	262.70	308.60	320.00	326.50	346.10	356.20	385.15	407.10	440.25	597.00	729.25	1080.50	1923.00	
02490500	0617	19450617	20150617	70	513.69	745.62	192.00	6000.00		209.80	228.10	238.25	250.00	253.75	258.30	268.00	314.00	323.90	336.50	348.00	366.80	403.35	434.90	457.50	512.20	627.25	729.60	1736.50	
02490500	0618	19450618	20150618	70	541.99	869.90	195.00	6170.00		217.00	229.20	237.65	248.40	256.75	267.90	278.40	306.40	318.80	331.50	343.05	359.00	385.75	421.00	495.75	538.80	588.90	760.00	1520.50	
02490500	0619	19450619	20150619	70	512.54	653.33	193.00	4470.00		216.75	227.30	247.25	256.60	267.75	275.60	299.20	306.00	313.00	327.00	336.05	347.80	369.50	423.00	461.00	505.20	593.75	909.50	1539.00	
02490500	0620	19450620	20150620	70	461.34	470.06	192.00	3340.00		214.30	227.10	249.25	254.40	262.50	276.90	289.70	295.00	306.80	321.50	329.00	341.60	370.75	438.40	466.25	500.20	595.20	824.70	1098.50	
02490500	0621	19450621	20150621	70	442.69	381.30	196.00	2860.00		211.75	221.30	241.65	264.20	275.00	280.30	289.40	297.60	309.65	322.50	335.30	344.20	390.60	410.90	454.00	481.80	675.95	767.20	1162.00	
02490500	0622	19450622	20150622	70	438.09	338.85	196.00	2190.00		216.10	221.40	250.40	265.00	270.75	279.60	288.40	298.00	306.00	320.00	334.20	340.00	350.15	396.80	451.00	486.40	627.95	869.50	1200.00	
02490500	0623	19450623	20150623	70	437.54	394.43	193.00	2880.00		215.65	229.80	245.95	256.20	265.00	272.00	282.50	287.40	295.95	309.00	334.25	345.00	379.20	398.70	438.75	515.40	614.70	724.20	1016.00	
02490500	0624	19450624	20150624	70	444.00	367.80	191.00	2320.00		211.95	236.20	240.65	252.80	264.00	271.00	274.00	290.80	302.00	334.00	357.75	382.00	399.05	451.10	477.50	516.20	608.55	764.10	1010.40	
02490500	0625	19450625	20150625	70	434.76	366.99	191.00	2680.00		209.50	232.10	238.65	256.00	267.50	275.30	278.00	287.40	294.70	322.00	339.55	353.60	380.45	427.10	452.00	510.60	581.85	708.50	1128.50	
02490500	0626	19450626	20150626	70	468.30	522.17	197.00	3820.00		211.55	219.10	233.90	250.60	266.00	273.00	277.70	284.40	294.75	313.00	337.05	341.00	365.65	416.80	426.25	475.80	643.15	788.50	1559.50	
02490500	0627	19450627	20150627	70	457.44	508.22	201.00	2970.00		211.55	218.80	235.30	251.20	258.50	271.60	279.10	290.40	304.95	316.00	329.05	338.60	372.05	393.70	419.00	463.60	529.30	651.90	1532.00	
02490500	0628	19450628	20150628	70	474.14	527.39	199.00	2880.00		210.10	222.10	241.90	250.20	261.00	267.60	276.85	294.40	307.85	317.00	327.15	341.40	386.30	404.40	421.00	472.40	571.00	653.80	2107.00	
02490500	0629	19450629	20150629	70	554.49	953.21	199.00	6870.00		215.20	234.10	238.00	250.00	260.25	268.00	280.50	294.80	318.55	328.00	336.05	353.40	382.45	407.90	427.00	474.40	511.85	752.30	1775.50	
02490500	0630	19450630	20150630	70	555.41	931.10	196.00	6760.00		205.55	232.00	237.65	246.20	252.75	265.30	289.50	304.80	317.70	335.00	360.50	377.40	388.60	410.20	432.50	501.40	594.45	709.50	1666.50	
02490500	0701	19450701	20150701	70	530.54	784.13	191.00	5500.00		203.55	225.10	239.55	249.40	259.00	273.70	289.80	303.80	313.85	332.50	355.10	364.00	378.30	413.10	448.00	498.20	589.35	798.80	1663.00	
02490500	0702	19450702	20150702	70	517.89	635.42	185.00	4910.00		201.00	222.30	238.00	253.20	258.00	271.70	281.85	298.00	310.60	352.00	358.10	372.60	411.90	428.20	450.00	585.80	727.45	868.00	1615.00	
02490500	0703	19450703	20150703	70	553.59	713.82	180.00	5200.00		199.00	221.40	238.25	245.40	253.00	272.90	283.70	297.60	335.90	352.50	361.05	376.80	402.15	417.70	464.00	656.60	851.95	996.10	1865.00	
02490500	0704	19450704	20150704	70	523.61	617.37	175.00	3980.00		196.55	223.30	234.30	244.60	251.00	268.00	290.85	308.40	325.35	333.50	347.25	353.00	393.60	401.80	441.50	576.80	745.70	832.10	2114.50	
02490500	0705	19450705	20150705	70	472.99	449.31	172.00	2710.00		201.40	221.60	238.25	250.20	259.50	272.90	296.70	308.00	322.75	335.50	346.10	354.80	391.00	399.50	426.25	515.40	635.75	941.30	1642.00	
02490500	0706	19450706	20150706	70	478.93	465.17	170.00	3570.00		209.30	223.30	237.55	253.20	272.25	302.10	311.00	326.20	342.75	347.00	357.40	376.80	393.20	423.50	462.25	538.80	625.65	980.10	1165.00	
02490500	0707	19450707	20150707	70	451.76	476.80	169.00	4020.00		211.10	226.90	242.65	253.00	261.75	276.50	294.10	308.00	324.55	343.50	364.05	381.80	395.30	415.80	458.00	561.20	590.25	662.60	988.75	
02490500	0708	19450708	20150708	70	439.41	497.21	168.00	4110.00		207.55	233.10	239.30	250.20	254.50	266.00	287.85	302.40	313.95	334.50	354.45	372.60	392.90	404.90	438.25	467.00	504.80	595.90	1078.80	
02490500	0709	19450709	20150709	70	423.57	433.12	166.00	3570.00		212.50	228.50	244.25	253.40	260.00	270.90	294.55	308.80	321.70	327.50	345.25	357.80	379.15	401.90	416.00	450.80	486.05	642.20	863.70	
02490500	0710	19450710	20150710	70	386.97	240.77	166.00	1780.00		212.40	236.40	250.30	258.00	266.50	279.00	286.95	304.80	317.85	331.00	346.05	354.80	362.60	388.50	404.25	435.20	485.00	554.30	768.55	
02490500	0711	19450711	20150711	70	406.87	307.71	166.00	2240.00		210.30	233.00	244.90	255.20	261.75	274.10	288.85	305.00	323.40	328.00	332.15	347.80	359.60	375.50	390.00	431.60	503.55	641.60	1075.25	
02490500	0712	19450712	20150712	70	454.56	484.76	173.00	3330.00		210.85	238.30	244.65	257.20	265.50	278.00	289.40	299.40	313.75	317.50	324.70	340.00	348.90	365.10	398.50	435.20	531.25	726.70	1540.00	
02490500	0713	19450713	20150713	70	477.67	490.12	165.00	2850.00		209.10	244.20	252.65	255.20	266.25	277.10	285.85	293.80	307.85	317.50	326.00	340.00	357.90	378.70	401.00	473.40	606.15	834.30	1923.00	
02490500	0714	19450714	20150714	70	510.49	577.94	161.00	3600.00		215.15	238.20	245.95	264.00	274.00	283.90	291.70	308.40	314.95	323.00	330.50	344.20	358.60	367.00	414.00	472.20	604.75	1080.70	2040.00	
02490500	0715	19450715	20150715	70	479.77	465.82	159.00	3230.00		222.20	238.10	242.65	264.00	275.75	284.60	294.00	305.20	314.95	324.50	333.10	341.80	361.30	374.20	448.25	557.80	620.10	931.80	1511.50	
02490500	0716	19450716	20150716	70	451.91	342.74	157.00	2010.00		225.85	235.30	248.65	267.40	287.00	295.60	317.00	326.20	330.00	334.50	342.00	351.40	358.65	383.90	407.75	511.40	716.55	784.10	1431.00	
02490500	0717	19450717	20150717	70	415.00	295.61	164.00	2330.00		218.95	234.40	261.90	274.40	283.75	297.30	303.85	312.00	320.95	325.00	330.30	352.80	373.75	391.40	429.50	541.20	576.70	648.80	835.20	
02490500	0718	19450718	20150718	70	394.74	297.02	162.00	2330.00		225.55	234.40	250.95	261.80	273.25	289.30	299.10	310.60	317.80	322.50	331.15	344.80	355.35	379.90	439.50	456.80	475.85	553.90	690.00	
02490500	0719	19450719	20150719	70	387.20	265.46	161.00	1850.00		223.75	234.10	251.90	263.20	269.00	279.20	291.95	313.20	317.95	322.50	329.45	350.40	376.60	391.70	422.00	436.80	465.40	488.80	752.25	
02490500	0720	19450720	20150720	70	382.89	192.69	173.00	1180.00		220.80	228.20	243.20	261.20	268.50	289.60	302.50	311.20	316.95	319.50	333.15	338.80	363.60	376.00	388.50	419.20	576.60	641.80	781.55	
02490500	0721	19450721	20150721	70	407.76	227.14	172.00	1300.00		225.60	240.50	255.90	261.40	279.50	290.20	296.70	304.80	314.85	332.00	349.25	361.00	373.00	397.50	423.00	461.80	588.90	767.90	923.55	
02490500	0722	19450722	20150722	70	413.53	225.07	172.00	1160.00		227.85	239.40	252.65	268.20	285.25	292.40	301.70	315.00	328.80	337.00	340.15	348.40	355.75	387.80	458.00	506.40	617.45	794.70	995.55	
02490500	0723	19450723	20150723	70	406.06	197.64	176.00	1190.00		225.15	240.40	251.65	259.00	286.00	294.50	305.10	309.40	312.90	327.50	342.15	357.60	394.30	420.50	473.25	560.80	614.40	729.00	783.50	
02490500	0724	19450724	20150724	70	422.23	232.63	175.00	1360.00		235.55	244.10	252.00	268.40	284.50	290.60	302.40	318.00	319.95	333.50	338.25	355.40	365.30	388.60	486.75	575.60	687.65	776.70	951.80	
02490500	0725	19450725	20150725	70	398.39	193.11	184.00	1200.00		229.55	242.50	256.65	265.80	277.50	282.10	293.85	307.00	319.75	326.00	340.00	352.00	371.00	386.80	449.00	540.40	603.85	696.10	819.30	
02490500	0726	19450726	20150726	70	400.00	221.34	172.00	1360.00		225.55	242.40	249.65	256.00	266.75	272.10	293.85	308.00	311.90	323.00	338.10	363.60	370.50	390.30	422.00	498.00	542.85	655.90	973.10	
02490500	0727	19450727	20150727	70	444.49	349.75	163.00	1930.00		221.65	234.30	246.00	249.00	273.25	280.30	293.80	305.20	309.95	316.50	334.35	356.40	375.15	413.80	446.50	481.60	609.10	873.60	1339.00	
02490500	0728	19450728	20150728	70	479.27	581.34	168.00	4300.00		222.10	235.00	241.30	247.20	258.00	266.50	287.10	300.20	311.90	324.50	334.15	351.00	373.05	406.80	416.25	428.60	635.20	741.60	1549.00	
02490500	0729	19450729	20150729	70	458.99	434.38	162.00	2370.00		220.55	236.10	243.95	261.80	269.50	278.00	297.85	304.40	313.65	321.00	330.05	339.80	351.30	375.60	402.25	533.60	566.30	695.10	1790.00	
02490500	0730	19450730	20150730	70	413.97	274.01	158.00	1650.00		217.55	233.20	247.95	265.00	283.50	296.20	304.85	312.20	319.85	329.00	335.25	344.60	362.90	384.60	411.00	464.60	554.20	703.70	998.00	
02490500	0731	19450731	20150731	70	407.03	243.00	168.00	1340.00		222.10	249.10	253.60	269.00	282.50	288.30	299.55	307.20	313.85	329.50	331.30	339.60	358.15	384.40	427.25	485.00	529.20	676.60	1133.50	
02490500	0801	19450801	20150801	70	430.04	384.33	174.00	3160.00		224.65	245.00	258.50	275.20	281.75	288.50	303.55	308.00	313.00	323.00	332.05	334.60	347.15	374.40	461.50	483.00	553.10	697.10	1019.15	
02490500	0802	19450802	20150802	70	484.99	637.56	176.00	5220.00		221.75	237.20	253.00	270.20	285.50	291.30	302.40	320.40	328.00	332.50	341.15	359.60	369.05	406.80	434.75	473.80	623.75	676.20	1404.50	
02490500	0803	19450803	20150803	70	443.74	475.48	194.00	3910.00		220.55	237.10	242.65	256.00	273.75	280.60	305.55	311.40	317.90	323.00	328.35	351.00	370.50	411.00	445.50	470.80	505.55	627.90	1124.50	
02490500	0804	19450804	20150804	70	396.69	396.09	186.00	3490.00		216.00	227.10	234.30	249.60	257.00	274.80	281.70	300.60	317.80	322.00	337.10	346.20	354.45	378.80	410.25	433.60	491.85	556.70	699.65	
02490500	0805	19450805	20150805	70	359.79	196.81	177.00	1710.00		214.55	223.20	230.90	245.60	263.00	277.00	288.25	298.20	310.90	325.50	330.10	349.20	358.15	365.10	393.75	421.40	455.25	522.60	618.55	
02490500	0806	19450806	20150806	70	386.36	318.58	176.00	2560.00		212.75	224.40	235.65	241.60	253.75	261.10	282.55	289.20	299.85	309.50	320.00	342.20	354.15	372.00	383.25	412.80	498.55	564.50	746.85	
02490500	0807	19450807	20150807	70	378.00	249.14	174.00	1940.00		210.00	225.00	237.30	245.20	251.25	271.20	281.85	292.40	299.90	311.50	319.15	337.20	356.00	360.50	381.75	432.60	468.15	599.00	900.15	
02490500	0808	19450808	20150808	70	353.84	148.49	166.00	837.00		208.20	219.90	233.65	237.20	253.00	266.50	275.85	286.40	295.80	310.50	332.15	337.20	347.15	356.10	392.50	434.20	518.15	556.50	758.00	
02490500	0809	19450809	20150809	70	344.64	132.18	170.00	815.00		206.65	222.40	229.30	235.00	243.25	258.60	272.85	278.40	293.85	311.00	325.25	338.00	345.45	381.70	417.50	436.80	481.50	517.00	632.30	
02490500	0810	19450810	20150810	70	339.97	120.43	163.00	800.00		204.10	225.10	232.30	242.00	260.00	269.30	273.55	296.60	307.85	319.00	333.05	340.40	357.30	379.20	389.50	401.80	425.05	494.90	590.90	
02490500	0811	19450811	20150811	70	337.53	114.66	200.00	891.00		208.60	223.00	229.95	260.00	262.75	270.60	280.00	300.00	309.75	316.50	328.05	333.20	345.45	356.70	377.00	405.20	439.60	476.90	572.85	
02490500	0812	19450812	20150812	70	360.00	209.48	196.00	1680.00		206.60	220.60	232.60	254.00	259.75	266.50	277.25	291.80	303.95	309.00	321.20	329.20	347.45	368.90	405.00	429.80	464.80	492.90	549.00	
02490500	0813	19450813	20150813	70	459.03	765.30	170.00	6580.00		202.65	219.20	234.30	244.60	259.75	271.10	290.00	303.40	313.80	330.00	338.05	342.00	365.75	388.80	430.50	469.60	488.55	651.20	758.10	
02490500	0814	19450814	20150814	70	498.61	975.81	170.00	8330.00		201.30	218.20	226.00	246.00	260.75	270.40	284.70	304.00	317.90	328.50	330.05	346.40	353.45	386.10	427.75	470.00	489.85	777.70	1125.00	
02490500	0815	19450815	20150815	70	444.29	741.44	162.00	6430.00		199.75	215.00	229.95	242.20	259.75	271.30	277.55	304.40	315.60	320.50	325.05	332.40	359.45	378.80	410.25	445.60	526.95	594.80	779.75	
02490500	0816	19450816	20150816	70	462.13	675.24	158.00	4390.00		203.30	215.10	229.25	235.60	251.00	267.10	279.55	300.00	308.90	316.50	320.05	321.60	337.35	373.70	410.25	443.60	498.40	652.50	907.55	
02490500	0817	19450817	20150817	70	438.57	620.51	156.00	5060.00		201.10	211.70	221.00	233.60	241.50	257.20	275.40	295.20	303.70	309.50	318.05	325.00	331.60	347.60	366.00	386.80	502.10	635.90	1144.70	
02490500	0818	19450818	20150818	70	373.79	262.20	155.00	2040.00		202.75	214.40	228.55	237.20	251.75	269.60	286.90	297.20	303.80	310.50	315.10	323.20	329.30	348.00	364.75	409.20	513.30	537.20	773.15	
02490500	0819	19450819	20150819	70	348.49	160.53	153.00	1070.00		201.10	217.30	237.90	245.40	257.50	273.20	282.55	296.40	301.95	305.00	311.05	314.60	322.30	342.00	369.25	458.60	491.40	507.20	615.25	
02490500	0820	19450820	20150820	70	330.36	111.69	153.00	815.00		199.55	213.60	235.20	249.40	256.00	272.30	281.85	297.40	300.00	307.00	312.05	320.60	332.00	333.70	362.50	407.60	452.80	473.90	533.15	
02490500	0821	19450821	20150821	70	319.06	89.80	151.00	635.00		198.65	218.20	228.65	243.60	256.75	273.00	281.25	291.40	294.90	305.00	312.20	317.00	324.60	335.10	354.75	398.60	424.00	464.30	495.00	
02490500	0822	19450822	20150822	70	603.97	2402.56	150.00	20400.00		205.10	226.10	229.30	255.80	262.75	270.90	278.85	290.40	298.95	304.50	310.20	316.20	321.75	331.50	350.75	367.60	392.80	426.50	535.80	
02490500	0823	19450823	20150823	70	480.93	1206.94	151.00	10300.00		203.30	221.40	229.90	246.60	266.50	269.90	276.40	288.60	298.95	304.50	307.25	317.20	324.15	332.80	355.25	373.40	415.25	439.80	833.85	
02490500	0824	19440824	20150824	71	383.69	315.07	151.00	2120.00		204.80	220.60	232.00	254.80	265.00	270.60	280.20	285.00	291.40	297.00	309.60	314.80	319.00	329.80	360.00	397.20	432.00	481.20	1232.00	
02490500	0825	19440825	20150825	71	366.31	238.20	152.00	1560.00		208.00	220.60	235.20	253.60	263.00	268.20	271.60	286.00	295.40	303.00	312.60	317.40	321.00	333.40	346.00	363.60	427.00	512.80	1012.00	
02490500	0826	19440826	20150826	71	352.14	199.78	159.00	1650.00		212.00	221.20	238.20	249.40	259.00	265.60	271.00	288.80	295.00	303.00	307.80	310.00	320.20	328.40	354.00	421.80	467.60	563.80	678.00	
02490500	0827	19440827	20150827	71	385.73	527.24	167.00	4670.00		206.40	218.40	228.80	243.00	254.00	265.60	274.40	282.00	297.40	305.00	310.00	314.60	330.40	341.40	377.00	404.60	419.20	460.60	658.40	
02490500	0828	19440828	20150828	71	399.73	692.33	158.00	6080.00		206.80	214.20	227.60	237.20	249.00	258.40	267.60	272.80	285.60	302.00	307.20	319.40	327.80	333.40	377.00	383.60	409.20	454.60	646.60	
02490500	0829	19440829	20150829	71	426.01	781.76	154.00	6840.00		208.00	219.60	223.80	237.40	250.00	254.20	272.20	284.60	298.00	311.00	315.60	330.00	347.40	361.00	380.00	426.20	456.00	512.80	675.40	
02490500	0830	19440830	20150830	71	657.46	2184.76	152.00	18400.00		205.20	217.40	228.80	239.00	249.00	263.80	278.00	286.00	289.00	302.00	306.20	314.60	330.80	350.60	382.00	442.40	468.40	573.60	1498.00	
02490500	0831	19440831	20150831	71	787.38	3563.73	152.00	30300.00		202.60	219.20	227.80	240.20	252.00	269.00	276.20	283.00	291.40	300.00	307.60	315.00	323.80	346.00	390.00	403.00	413.60	542.00	1354.00	
02490500	0901	19440901	20150901	71	639.45	2540.75	151.00	21700.00		199.00	218.00	231.80	248.80	262.00	268.60	279.40	288.80	294.00	304.00	312.00	324.00	337.60	352.00	382.00	400.60	408.40	454.80	751.60	
02490500	0902	19440902	20150902	71	494.13	905.49	149.00	6380.00		200.40	214.20	230.20	237.20	250.00	265.20	277.40	289.20	295.40	301.00	308.40	319.40	340.20	350.40	363.00	390.20	404.40	458.00	1715.80	
02490500	0903	19440903	20150903	71	519.56	1198.15	149.00	9690.00		207.20	218.60	230.20	234.20	246.00	264.60	270.60	287.80	297.80	310.00	319.20	330.00	337.80	348.40	356.00	370.20	396.60	490.40	1497.20	
02490500	0904	19440904	20150904	71	601.45	1633.85	147.00	13200.00		207.20	219.20	229.60	233.40	252.00	271.20	282.40	289.80	295.80	305.00	328.60	332.40	336.60	345.40	354.00	398.40	449.60	557.80	1288.00	
02490500	0905	19440905	20150905	71	733.61	1766.99	145.00	9850.00		206.00	216.60	229.80	234.80	252.00	261.60	278.20	294.00	305.80	317.00	324.00	328.40	335.40	345.80	372.00	398.40	433.20	671.80	4526.00	
02490500	0906	19440906	20150906	71	645.20	1591.26	141.00	12500.00		203.20	213.20	227.40	242.00	252.00	262.80	286.60	293.60	299.00	313.00	320.00	327.20	330.80	339.00	353.00	384.80	433.40	861.40	2686.00	
02490500	0907	19440907	20150907	71	454.86	614.84	142.00	4730.00		207.60	216.60	227.60	242.00	256.00	269.60	273.20	286.60	294.80	303.00	313.20	321.80	332.60	342.20	346.00	373.20	414.00	771.60	1654.00	
02490500	0908	19440908	20150908	71	390.28	298.38	147.00	2100.00		206.00	210.40	227.00	241.20	253.00	267.20	289.00	290.00	297.80	306.00	312.60	318.40	328.40	335.20	361.00	385.80	527.40	733.60	957.80	
02490500	0909	19440909	20150909	71	348.48	170.51	172.00	918.00		199.00	208.40	219.60	238.40	250.00	258.80	278.40	289.40	295.80	301.00	306.60	315.60	322.00	329.40	340.00	371.20	474.80	633.80	832.80	
02490500	0910	19440910	20150910	71	359.52	322.80	187.00	2840.00		195.60	206.40	221.80	235.40	249.00	260.60	272.00	288.20	291.40	297.00	305.20	309.20	317.60	336.40	353.00	383.20	445.00	515.40	610.40	
02490500	0911	19440911	20150911	71	361.58	311.86	188.00	2480.00		194.80	205.60	218.00	240.00	248.00	259.60	273.00	284.80	290.40	301.00	306.00	315.20	332.60	350.20	368.00	394.60	405.00	438.80	640.80	
02490500	0912	19440912	20150912	71	347.28	205.79	191.00	1540.00		193.00	201.40	228.00	240.40	258.00	262.20	277.80	291.60	297.80	306.00	312.00	332.40	341.80	350.00	362.00	379.40	410.80	443.40	680.00	
02490500	0913	19440913	20150913	71	358.06	259.86	188.00	2160.00		193.80	201.00	229.80	246.00	255.00	266.60	275.20	286.80	295.40	304.00	307.20	320.20	327.80	336.00	339.00	368.00	422.80	491.40	745.00	
02490500	0914	19440914	20150914	71	358.30	204.12	189.00	1490.00		198.40	204.00	232.80	248.80	256.00	269.20	279.20	283.00	295.00	303.00	310.60	322.00	329.40	345.80	361.00	389.80	490.40	550.60	864.60	
02490500	0915	19440915	20150915	71	343.66	137.52	189.00	892.00		197.80	210.20	231.20	243.80	253.00	265.60	270.40	281.80	293.20	305.00	311.00	315.40	337.60	369.20	400.00	462.00	472.60	529.80	573.80	
02490500	0916	19440916	20150916	71	338.45	195.86	196.00	1760.00		198.60	215.20	225.20	236.80	243.00	262.20	265.80	282.80	290.20	295.00	304.40	322.60	339.00	348.20	363.00	408.60	439.80	457.80	553.40	
02490500	0917	19440917	20150917	71	404.34	779.13	186.00	6810.00		200.20	214.80	223.60	236.80	246.00	262.00	269.80	276.80	288.00	295.00	300.60	317.00	329.60	339.20	352.00	375.20	389.00	423.40	472.00	
02490500	0918	19440918	20150918	71	428.00	843.28	172.00	7300.00		199.60	215.60	231.80	238.00	244.00	258.00	262.40	271.80	282.40	292.00	301.80	319.00	327.80	337.00	344.00	362.00	373.40	444.80	964.40	
02490500	0919	19440919	20150919	71	395.99	598.27	165.00	5150.00		198.60	211.60	228.40	239.80	245.00	256.80	262.20	268.60	273.00	285.00	298.40	313.40	319.40	334.40	341.00	351.20	419.00	452.40	808.80	
02490500	0920	19440920	20150920	71	419.49	524.25	163.00	3030.00		203.20	214.60	232.40	239.80	249.00	253.60	259.20	264.60	270.80	284.00	304.80	310.20	311.80	326.00	350.00	386.80	430.40	531.00	1634.00	
02490500	0921	19440921	20150921	71	386.77	464.37	163.00	3900.00		199.60	212.20	228.80	244.00	250.00	258.00	259.20	262.40	268.80	273.00	287.40	300.40	307.20	315.00	347.00	377.80	448.60	537.00	1040.00	
02490500	0922	19440922	20150922	71	476.44	1051.96	162.00	8880.00		197.60	208.00	216.60	232.80	248.00	255.20	257.00	259.80	268.80	276.00	286.60	297.00	301.20	313.20	337.00	371.20	449.60	634.00	1022.00	
02490500	0923	19440923	20150923	71	385.23	372.69	168.00	2320.00		196.20	205.20	221.00	229.00	242.00	250.60	255.00	258.80	266.40	280.00	291.60	297.00	301.60	321.20	352.00	372.80	420.40	638.40	1320.00	
02490500	0924	19440924	20150924	71	385.52	368.41	187.00	2380.00		197.00	203.40	221.80	235.00	245.00	247.80	250.60	258.00	269.40	280.00	287.60	293.80	305.40	332.40	353.00	372.00	429.80	566.00	1374.00	
02490500	0925	19440925	20150925	71	347.69	256.45	191.00	2080.00		196.80	207.00	220.80	232.60	243.00	248.20	259.20	263.40	270.00	283.00	287.40	297.00	313.00	329.20	350.00	363.60	431.40	500.20	795.80	
02490500	0926	19440926	20150926	71	450.89	1001.41	191.00	8630.00		194.80	208.00	219.20	232.00	241.00	246.00	255.20	260.80	269.40	279.00	283.00	297.80	307.80	328.80	353.00	399.20	420.80	609.60	868.00	
02490500	0927	19440927	20150927	71	564.32	1771.34	191.00	15000.00		193.60	207.80	222.20	234.40	243.00	252.00	260.00	266.40	269.40	280.00	283.60	300.20	323.00	328.40	363.00	399.60	449.60	535.40	861.80	
02490500	0928	19440928	20150928	71	510.54	1341.79	189.00	11100.00		198.20	206.20	220.00	228.80	242.00	250.20	260.00	265.80	270.40	277.00	283.60	295.40	304.80	324.00	335.00	388.40	403.60	503.60	878.00	
02490500	0929	19440929	20150929	71	463.61	1039.20	190.00	8560.00		191.00	211.20	219.00	231.20	244.00	248.20	258.60	262.00	268.40	281.00	293.40	299.20	312.80	318.00	326.00	367.60	406.20	468.80	793.40	
02490500	0930	19440930	20150930	71	391.82	469.24	179.00	3510.00		191.60	208.60	217.60	228.60	244.00	252.20	258.00	260.00	268.40	280.00	285.20	290.40	306.80	315.40	334.00	379.00	404.80	463.80	1508.00	
02490500	1001	19441001	20151001	71	406.11	584.12	174.00	4710.00		194.00	206.60	215.40	225.80	243.00	251.20	254.40	258.80	268.40	277.00	282.60	287.00	304.60	315.80	333.00	381.40	412.80	515.00	1008.40	
02490500	1002	19441002	20151002	71	401.96	605.53	171.00	5100.00		194.00	209.00	212.80	224.20	239.00	245.60	250.00	255.40	265.00	279.00	282.80	295.00	300.40	310.20	325.00	371.60	406.40	555.20	1048.60	
02490500	1003	19441003	20151003	71	407.99	469.36	170.00	2480.00		194.00	208.60	213.00	218.40	236.00	245.20	250.00	251.00	261.00	274.00	280.80	289.20	299.00	306.80	329.00	385.40	406.40	663.80	1940.00	
02490500	1004	19441004	20151004	71	475.30	980.81	169.00	8030.00		192.80	208.40	212.80	216.20	238.00	241.00	250.00	254.80	268.20	279.00	282.40	293.60	305.20	309.60	352.00	383.20	438.40	526.60	1440.00	
02490500	1005	19441005	20151005	71	642.45	2412.43	168.00	20200.00		191.40	205.60	210.80	216.20	237.00	240.40	247.00	254.00	265.80	273.00	280.80	291.00	300.80	309.00	349.00	365.80	403.60	440.40	836.80	
02490500	1006	19441006	20151006	71	600.59	2190.58	182.00	18400.00		191.00	203.20	211.00	224.80	235.00	238.60	246.20	254.80	270.40	275.00	286.20	293.80	302.80	315.00	346.00	363.20	389.80	439.20	541.20	
02490500	1007	19441007	20151007	71	396.14	702.62	187.00	5920.00		198.60	210.40	216.80	229.60	237.00	242.60	248.40	259.20	267.40	273.00	284.00	289.40	300.60	339.60	351.00	364.00	391.00	431.60	491.80	
02490500	1008	19441008	20151008	71	336.00	277.72	187.00	2410.00		199.40	210.40	222.20	236.00	241.00	247.60	253.40	266.00	277.00	282.00	285.60	296.40	308.40	334.40	344.00	360.80	383.20	438.20	503.00	
02490500	1009	19441009	20151009	71	314.08	124.76	185.00	956.00		196.60	207.60	224.60	234.00	248.00	252.00	257.20	269.00	279.20	287.00	293.80	303.40	317.00	329.80	343.00	369.00	381.80	439.60	517.20	
02490500	1010	19441010	20151010	71	305.85	115.69	185.00	926.00		194.20	207.20	214.00	235.00	240.00	249.20	256.00	264.20	273.80	280.00	284.80	293.20	299.60	325.60	347.00	362.60	370.40	397.80	528.00	
02490500	1011	19441011	20151011	71	302.04	111.95	184.00	855.00		193.00	201.80	212.60	235.40	238.00	242.60	250.80	258.60	268.80	275.00	279.20	292.60	300.60	317.20	338.00	348.40	367.60	399.60	577.80	
02490500	1012	19441012	20151012	71	315.20	169.22	179.00	1250.00		193.00	203.60	221.00	233.40	236.00	244.40	254.40	262.00	265.80	274.00	277.60	282.80	297.80	324.80	337.00	350.80	362.20	408.40	580.00	
02490500	1013	19441013	20151013	71	323.79	176.64	175.00	1320.00		193.00	202.20	211.80	232.00	236.00	246.00	256.00	264.80	269.60	273.00	281.20	296.20	302.60	326.20	349.00	359.60	385.60	439.80	803.40	
02490500	1014	19441014	20151014	71	341.06	263.86	173.00	2190.00		192.00	200.40	209.40	230.00	236.00	246.60	251.40	262.00	267.80	273.00	290.20	298.80	318.20	346.40	357.00	366.00	401.20	447.60	696.00	
02490500	1015	19441015	20151015	71	339.42	256.69	173.00	1620.00		192.00	200.60	208.40	228.00	236.00	242.40	248.80	261.80	265.80	271.00	291.00	295.20	301.00	342.20	355.00	363.40	385.40	427.80	820.00	
02490500	1016	19441016	20151016	71	362.15	400.30	173.00	3200.00		190.00	200.60	220.60	227.40	235.00	240.60	248.60	258.80	263.80	273.00	293.60	297.20	308.20	317.40	347.00	353.00	371.00	398.80	857.20	
02490500	1017	19441017	20151017	71	393.34	550.81	172.00	3700.00		189.20	202.60	224.00	230.00	236.00	243.00	244.40	255.80	264.40	273.00	287.80	297.20	305.20	329.00	339.00	348.80	367.40	426.20	1025.20	
02490500	1018	19441018	20151018	71	351.44	356.55	172.00	2660.00		188.60	201.20	222.80	229.60	239.00	243.60	249.60	260.00	266.40	270.00	285.00	296.20	301.20	317.40	323.00	331.60	348.00	435.40	824.00	
02490500	1019	19441019	20151019	71	314.31	182.09	172.00	1390.00		188.60	200.60	220.40	229.20	236.00	241.60	245.80	260.20	265.00	271.00	276.60	291.20	294.00	296.40	314.00	338.40	359.00	416.40	742.40	
02490500	1020	19441020	20151020	71	302.31	143.35	172.00	1100.00		188.60	201.20	218.40	227.40	236.00	241.00	243.00	257.00	261.40	265.00	273.40	284.20	287.60	295.20	310.00	334.40	355.20	401.40	672.40	
02490500	1021	19441021	20151021	71	299.70	152.10	172.00	1340.00		188.40	203.20	220.60	224.80	236.00	241.00	245.40	255.00	260.00	267.00	274.20	280.40	287.60	294.00	303.00	337.20	351.60	397.00	549.60	
02490500	1022	19441022	20151022	71	320.62	303.03	172.00	2680.00		188.40	203.60	217.80	224.80	237.00	238.00	251.00	253.00	263.40	271.00	280.00	282.40	286.00	291.40	302.00	317.40	335.60	379.00	607.60	
02490500	1023	19441023	20151023	71	349.08	496.52	172.00	4380.00		188.80	203.60	215.80	226.00	237.00	239.00	247.40	256.20	262.60	272.00	277.00	282.00	286.00	296.00	316.00	329.20	340.60	413.60	652.00	
02490500	1024	19441024	20151024	71	454.32	1416.65	172.00	12200.00		189.20	201.40	218.20	226.00	238.00	241.60	246.20	253.00	262.80	275.00	277.20	282.20	287.60	295.00	313.00	326.80	361.40	401.80	537.20	
02490500	1025	19441025	20151025	71	372.35	662.56	172.00	5800.00		188.80	200.20	215.80	226.00	234.00	242.60	249.00	255.80	267.00	272.00	280.00	284.80	298.20	310.40	322.00	332.40	357.80	420.00	591.40	
02490500	1026	19441026	20151026	71	406.51	507.44	171.00	3110.00		188.40	199.20	214.80	223.60	238.00	245.20	252.00	261.20	265.00	274.00	281.20	287.40	296.00	307.80	332.00	351.80	392.40	479.80	1560.00	
02490500	1027	19441027	20151027	71	429.45	591.62	172.00	4070.00		188.40	199.40	212.80	223.00	238.00	247.80	252.80	261.60	270.20	276.00	280.60	288.60	305.00	324.40	353.00	374.20	408.40	534.80	1536.00	
02490500	1028	19441028	20151028	71	510.42	992.38	171.00	7640.00		191.00	199.40	212.40	220.80	236.00	245.60	253.80	261.80	266.40	274.00	280.00	289.40	301.20	325.20	354.00	377.60	406.00	610.80	2388.00	
02490500	1029	19441029	20151029	71	577.06	1333.03	171.00	9210.00		188.80	197.80	212.20	220.60	238.00	246.60	250.60	261.20	267.00	269.00	281.20	292.60	309.80	323.00	341.00	373.20	385.20	600.40	2480.00	
02490500	1030	19441030	20151030	71	593.94	1683.63	171.00	11800.00		187.60	198.00	213.40	228.20	236.00	240.80	250.20	254.60	264.80	274.00	291.60	301.40	315.80	337.00	342.00	359.00	389.20	531.40	986.60	
02490500	1031	19441031	20151031	71	536.11	1322.03	172.00	9360.00		188.80	198.40	213.80	228.40	237.00	245.40	250.40	256.20	263.80	275.00	291.80	306.20	331.40	346.80	375.00	402.60	517.20	549.80	689.40	
02490500	1101	19441101	20151101	71	406.23	480.00	173.00	3710.00		193.60	203.40	212.60	228.00	235.00	241.40	250.00	259.00	265.80	275.00	296.40	304.20	334.00	357.40	376.00	381.60	484.80	560.80	1110.00	
02490500	1102	19441102	20151102	71	419.72	448.44	176.00	2850.00		192.60	203.00	215.40	230.80	239.00	243.60	250.00	261.20	267.40	283.00	299.40	310.20	343.20	354.40	375.00	390.60	420.00	927.80	1374.00	
02490500	1103	19441103	20151103	71	377.59	300.09	180.00	2160.00		191.20	206.00	211.40	230.20	240.00	245.40	250.60	256.80	265.20	278.00	296.40	306.40	332.80	343.60	370.00	385.40	599.40	743.40	838.80	
02490500	1104	19441104	20151104	71	379.20	304.68	179.00	1890.00		190.00	203.60	211.60	234.20	238.00	243.60	252.40	255.00	266.40	269.00	288.80	309.60	331.60	341.20	360.00	373.00	461.20	702.20	1216.00	
02490500	1105	19441105	20151105	71	440.58	612.50	186.00	4710.00		195.80	202.60	211.20	229.60	239.00	245.40	251.00	258.40	264.60	276.00	287.60	306.40	325.80	341.00	363.00	414.80	488.80	695.20	1504.00	
02490500	1106	19441106	20151106	71	459.34	777.93	186.00	6350.00		196.60	206.00	220.00	234.20	239.00	243.80	247.40	257.00	261.60	277.00	284.60	318.60	324.80	340.40	389.00	404.20	452.40	672.00	1526.00	
02490500	1107	19441107	20151107	71	430.65	587.31	187.00	4750.00		196.20	207.40	224.00	231.20	237.00	240.80	248.60	257.00	265.80	278.00	290.00	317.60	323.80	381.00	389.00	439.40	492.80	622.20	1448.00	
02490500	1108	19441108	20151108	71	386.24	403.26	185.00	3410.00		197.00	215.20	229.60	234.40	238.00	242.40	249.40	262.00	268.20	285.00	298.20	315.80	323.40	350.40	383.00	419.80	490.40	614.00	820.60	
02490500	1109	19441109	20151109	71	362.52	221.43	189.00	1400.00		199.60	217.60	232.40	235.40	241.00	244.40	251.20	263.60	278.40	292.00	305.20	320.00	325.20	352.60	385.00	440.80	530.20	565.80	867.80	
02490500	1110	19441110	20151110	71	362.85	204.37	192.00	1150.00		200.60	220.00	230.80	234.60	241.00	245.20	254.00	262.80	285.00	300.00	303.00	321.00	326.40	368.20	407.00	450.60	484.00	572.20	942.20	
02490500	1111	19441111	20151111	71	390.03	340.05	189.00	2650.00		200.60	221.60	229.40	236.00	239.00	243.20	251.00	266.40	282.80	294.00	304.60	322.40	327.00	362.40	380.00	442.80	480.40	634.40	973.40	
02490500	1112	19441112	20151112	71	389.92	370.61	187.00	2960.00		200.80	216.40	230.80	238.40	249.00	251.00	264.20	270.80	291.40	303.00	314.40	331.20	342.00	356.40	376.00	406.00	462.40	509.80	948.20	
02490500	1113	19441113	20151113	71	427.77	505.47	185.00	3800.00		201.20	226.00	231.80	236.80	248.00	253.20	260.20	284.60	289.20	305.00	319.00	329.00	340.00	372.40	389.00	433.40	457.80	531.60	1298.00	
02490500	1114	19441114	20151114	71	517.13	882.36	182.00	5950.00		199.40	225.20	231.80	235.40	243.00	249.00	259.20	275.80	293.20	305.00	317.60	332.00	352.40	377.00	410.00	428.60	449.20	560.80	2276.00	
02490500	1115	19441115	20151115	71	597.20	1069.50	182.00	7150.00		198.00	216.80	229.60	238.00	245.00	253.40	260.60	281.80	289.00	311.00	318.20	336.20	344.00	384.80	416.00	463.60	609.60	1024.80	2458.00	
02490500	1116	19441116	20151116	71	633.44	1361.13	184.00	9010.00		208.80	218.80	232.20	245.80	251.00	260.60	267.60	283.40	291.20	310.00	327.80	347.00	374.20	383.80	399.00	421.80	486.80	970.40	2354.00	
02490500	1117	19441117	20151117	71	497.08	723.21	187.00	4850.00		209.60	217.40	241.20	248.40	254.00	262.80	274.00	286.80	299.00	307.00	328.40	365.00	372.60	382.40	397.00	426.60	525.40	689.00	1820.00	
02490500	1118	19441118	20151118	71	483.85	673.08	190.00	4820.00		209.20	223.60	239.20	247.40	258.00	266.60	286.20	298.60	310.40	334.00	341.60	348.20	363.00	379.40	389.00	408.20	447.80	589.80	1966.00	
02490500	1119	19441119	20151119	71	537.34	849.83	194.00	5100.00		214.40	223.20	238.60	256.20	270.00	284.40	296.80	310.20	316.40	334.00	361.60	368.00	381.80	399.40	411.00	420.20	494.80	728.20	2206.00	
02490500	1120	19441120	20151120	71	629.77	1035.87	198.00	5790.00		212.00	220.80	243.60	256.60	267.00	284.20	303.00	318.60	337.00	353.00	360.20	366.40	377.20	386.60	405.00	425.20	562.20	1227.00	3218.00	
02490500	1121	19441121	20151121	71	540.75	598.15	200.00	3040.00		209.60	221.00	242.80	251.80	267.00	273.20	294.20	317.40	333.60	348.00	358.20	374.80	390.00	428.40	495.00	545.80	741.60	1138.00	2120.00	
02490500	1122	19441122	20151122	71	524.23	524.55	201.00	2640.00		209.60	226.20	241.20	248.40	261.00	266.20	287.60	308.00	331.20	350.00	369.40	378.40	393.20	435.60	472.00	537.00	700.80	1258.00	2196.00	
02490500	1123	19441123	20151123	71	462.59	379.58	195.00	2400.00		216.20	233.20	246.40	249.00	254.00	275.60	287.80	308.40	324.20	344.00	364.40	373.80	384.80	409.40	447.00	548.20	664.80	898.20	1306.00	
02490500	1124	19441124	20151124	71	458.62	397.05	199.00	2800.00		217.20	236.00	241.80	246.00	252.00	278.60	297.40	311.00	321.00	329.00	360.60	370.20	373.80	407.00	460.00	557.60	612.60	903.60	1196.00	
02490500	1125	19441125	20151125	71	483.83	463.39	206.00	2880.00		220.00	232.20	243.20	248.00	262.00	276.20	291.20	298.60	316.80	336.00	359.40	368.00	392.20	434.40	485.00	529.20	703.00	772.60	1570.00	
02490500	1126	19441126	20151126	71	501.13	504.40	206.00	3000.00		228.20	233.20	246.40	254.80	261.00	279.00	292.80	306.00	314.80	326.00	351.00	369.20	393.00	423.80	516.00	581.80	649.20	872.00	1842.00	
02490500	1127	19441127	20151127	71	572.87	585.41	206.00	3120.00		226.00	235.60	247.20	253.20	271.00	282.20	290.20	306.80	325.40	353.00	367.20	390.20	435.80	498.00	600.00	718.80	889.00	1124.00	2158.00	
02490500	1128	19441128	20151128	71	772.35	1603.37	206.00	13200.00		228.60	235.60	246.80	266.20	278.00	301.20	311.80	330.00	353.40	359.00	381.40	398.40	437.80	497.00	506.00	928.40	1172.00	1740.00	2290.00	
02490500	1129	19441129	20151129	71	702.13	1188.03	204.00	9490.00		229.60	237.20	249.00	277.80	285.00	298.60	314.60	336.00	353.40	362.00	382.00	419.00	519.60	610.00	687.00	782.40	1004.00	1180.00	2138.00	
02490500	1130	19441130	20151130	71	627.35	832.51	202.00	6180.00		224.00	241.60	260.20	281.20	290.00	300.80	308.80	327.60	346.00	363.00	386.60	437.00	490.40	532.80	569.00	697.40	824.00	1292.00	2060.00	
02490500	1201	19441201	20151201	71	548.42	571.80	202.00	3900.00		223.40	239.00	246.60	275.40	288.00	308.60	317.80	333.20	357.40	379.00	395.40	426.20	452.00	472.60	498.00	624.00	836.80	1018.40	1758.00	
02490500	1202	19441202	20151202	71	515.30	406.28	202.00	2330.00		223.00	240.20	254.20	273.40	295.00	308.40	321.00	339.60	368.00	393.00	416.00	420.40	432.80	490.40	574.00	628.20	706.20	1096.00	1304.00	
02490500	1203	19441203	20151203	71	507.70	523.00	202.00	4170.00		218.00	240.80	247.80	268.40	290.00	304.60	334.80	357.00	362.20	373.00	391.60	406.00	418.20	435.80	500.00	546.80	658.80	878.00	1312.00	
02490500	1204	19441204	20151204	71	626.14	1260.75	202.00	10500.00		213.40	240.40	249.40	265.80	283.00	300.00	326.60	346.00	358.60	370.00	381.20	389.80	437.00	466.60	532.00	607.60	672.00	820.60	1726.00	
02490500	1205	19441205	20151205	71	729.69	1885.80	204.00	16000.00		215.20	238.80	251.80	263.80	284.00	301.00	331.60	348.60	360.00	373.00	381.00	410.80	472.80	508.80	608.00	641.20	708.20	961.60	1896.00	
02490500	1206	19441206	20151206	71	738.99	1461.11	207.00	10500.00		230.20	240.20	254.00	268.00	284.00	313.20	330.20	343.40	357.00	369.00	401.20	432.60	471.60	488.00	538.00	639.20	736.20	1008.00	2716.00	
02490500	1207	19441207	20151207	71	928.25	2617.27	208.00	21200.00		227.40	239.20	251.00	266.00	288.00	303.60	321.80	335.80	363.40	381.00	401.20	420.00	458.20	510.00	593.00	658.20	792.80	1338.00	2794.00	
02490500	1208	19441208	20151208	71	785.65	1875.21	208.00	15600.00		227.20	237.80	250.40	272.20	294.00	306.00	310.40	334.60	352.80	361.00	386.00	397.20	449.40	500.40	607.00	694.40	812.20	1654.00	2378.00	
02490500	1209	19441209	20151209	71	682.37	878.89	210.00	5680.00		222.80	240.20	252.20	277.80	289.00	296.20	310.40	333.00	346.80	365.00	396.20	461.20	497.00	529.60	634.00	696.00	978.40	1594.00	2654.00	
02490500	1210	19441210	20151210	71	798.77	1176.25	204.00	8740.00		219.80	237.20	253.00	281.40	288.00	311.60	325.20	332.20	360.20	390.00	445.40	481.00	509.80	594.80	878.00	1006.00	1236.00	2042.00	2792.00	
02490500	1211	19441211	20151211	71	914.66	1465.79	204.00	11000.00		225.00	240.00	254.60	276.40	286.00	307.20	332.00	342.00	398.40	429.00	455.60	498.40	643.60	733.80	784.00	1208.00	1560.00	2054.00	3402.00	
02490500	1212	19441212	20151212	71	829.85	946.92	210.00	4460.00		226.80	258.60	270.00	278.40	291.00	299.20	324.20	344.40	411.60	444.00	492.60	517.40	596.00	715.20	965.00	1140.00	1422.00	1952.00	3562.00	
02490500	1213	19441213	20151213	71	824.86	1201.38	213.00	6720.00		239.80	263.00	276.80	290.60	303.00	324.00	364.60	419.80	447.60	470.00	516.00	536.80	569.00	613.80	692.00	738.00	1148.00	1306.00	3298.00	
02490500	1214	19441214	20151214	71	851.63	1155.29	211.00	7440.00		251.80	265.40	281.60	302.20	333.00	367.00	419.00	430.80	452.40	484.00	509.40	531.60	586.40	658.40	749.00	838.00	929.80	2384.00	3022.00	
02490500	1215	19441215	20151215	71	950.42	1514.50	212.00	10300.00		248.20	264.00	292.00	304.60	337.00	389.60	411.40	426.40	465.00	487.00	517.80	579.80	639.40	734.40	800.00	919.40	1278.00	2198.00	3792.00	
02490500	1216	19441216	20151216	71	1093.69	1970.32	213.00	11200.00		245.20	261.20	289.80	320.60	344.00	380.20	397.40	419.20	455.80	484.00	537.80	589.20	668.00	693.40	885.00	1138.00	1374.00	1594.00	6816.00	
02490500	1217	19441217	20151217	71	1059.56	1753.62	210.00	9150.00		241.00	257.20	287.40	313.00	344.00	375.60	406.60	440.80	463.60	484.00	529.00	540.80	589.80	738.60	820.00	1054.00	1286.00	2088.00	5700.00	
02490500	1218	19441218	20151218	71	1139.82	1992.96	210.00	11200.00		237.60	262.80	288.20	310.40	325.00	360.00	376.20	415.80	434.80	484.00	530.00	593.60	638.40	698.20	790.00	994.40	1420.00	2814.00	6144.00	
02490500	1219	19441219	20151219	71	1018.32	1678.35	210.00	8760.00		239.40	284.20	289.80	308.20	315.00	353.60	368.20	411.40	427.60	454.00	485.00	558.80	571.40	586.00	699.00	882.00	1604.00	1870.00	6300.00	
02490500	1220	19441220	20151220	71	850.92	1114.47	213.00	6160.00		260.80	281.80	289.80	308.80	338.00	345.20	362.20	381.80	411.40	450.00	474.40	504.80	525.60	551.60	624.00	1016.40	1324.00	2388.00	3998.00	
02490500	1221	19441221	20151221	71	865.14	1171.14	234.00	8370.00		265.80	286.40	299.80	322.20	340.00	350.60	380.80	415.20	443.20	453.00	480.20	492.00	548.80	621.60	791.00	1134.00	1418.00	2148.00	3092.00	
02490500	1222	19441222	20151222	71	931.70	2044.69	241.00	17200.00		257.60	287.20	303.20	330.40	333.00	361.80	382.00	396.80	411.40	450.00	457.80	497.00	543.80	723.00	805.00	1054.00	1456.00	1880.00	2166.00	
02490500	1223	19441223	20151223	71	829.01	1206.35	250.00	9270.00		259.00	300.00	322.40	342.40	362.00	371.60	392.20	417.40	436.40	449.00	498.80	545.20	620.00	682.80	815.00	915.40	1058.00	1632.00	2918.00	
02490500	1224	19441224	20151224	71	827.63	1038.67	245.00	6380.00		259.00	296.80	339.20	350.00	364.00	378.60	401.00	412.60	435.80	500.00	524.80	591.00	626.00	691.80	718.00	864.60	1064.00	1492.00	3808.00	
02490500	1225	19441225	20151225	71	937.38	1193.38	253.00	5550.00		260.20	306.60	328.20	351.60	366.00	387.20	410.20	428.00	444.40	475.00	559.40	577.40	598.40	634.40	748.00	1031.60	1670.00	2148.00	4528.00	
02490500	1226	19441226	20151226	71	939.83	1255.20	251.00	7650.00		273.00	305.60	329.60	353.00	360.00	372.60	394.00	419.80	440.40	507.00	526.00	551.00	578.40	673.60	770.00	1124.00	1630.00	2338.00	3514.00	
02490500	1227	19441227	20151227	71	879.45	1246.16	245.00	8160.00		268.20	297.40	320.00	341.80	352.00	366.60	382.20	416.80	447.60	470.00	504.00	537.00	565.80	607.80	795.00	976.80	1170.00	1644.00	3828.00	
02490500	1228	19441228	20151228	71	855.27	1113.70	243.00	6180.00		276.40	304.80	315.80	346.00	348.00	357.60	390.40	429.80	463.80	483.00	510.80	559.80	639.40	686.20	728.00	873.60	1112.00	1984.00	3396.00	
02490500	1229	19441229	20151229	71	916.69	1170.51	228.00	7300.00		260.60	304.40	333.80	339.00	363.00	379.80	441.00	479.20	509.80	544.00	589.20	629.40	696.00	748.40	828.00	978.60	1410.00	1810.00	3566.00	
02490500	1230	19441230	20151230	71	876.10	904.65	240.00	6120.00		283.20	321.80	337.00	346.20	375.00	396.00	444.20	473.80	497.60	565.00	589.60	629.40	787.00	945.60	1030.00	1206.00	1464.00	1792.00	2880.00	
02490500	1231	19441231	20151231	71	985.69	1105.86	238.00	6540.00		289.60	317.00	335.20	371.40	408.00	437.00	452.80	467.60	522.80	557.00	601.40	642.20	723.00	838.20	1330.00	1442.00	1646.00	2044.00	3704.00	
