site_no	monthday	begin_dt	end_dt	count_nu	mean	std	min	max	p01	p05	p10	p15	p20	p25	p30	p35	p40	p45	p50	p55	p60	p65	p70	p75	p80	p85	p90	p95	p99
03010655	ALL	19741001	20151123	15029	156.89	221.99	3.20	3270.00	6.50	11.00	15.00	21.00	28.00	36.00	44.00	54.00	64.00	76.00	88.00	101.00	119.00	139.00	163.00	190.00	227.00	274.00	356.00	516.00	1177.00
03010655	0101	19750101	20150101	41	205.98	247.45	36.00	1260.00		37.50	49.60	66.20	84.00	87.50	96.40	106.40	121.40	130.00	140.00	150.10	162.60	177.90	185.40	197.00	219.20	263.60	462.80	1037.70	
03010655	0102	19750102	20150102	41	210.29	318.04	34.00	1970.00		39.10	51.60	62.50	75.20	87.50	97.20	107.00	114.00	115.90	134.00	145.70	160.00	166.50	174.80	181.50	195.60	263.70	404.80	747.40	
03010655	0103	19750103	20150103	41	181.02	206.47	35.00	1260.00		38.70	52.80	58.50	69.60	76.50	91.00	100.00	109.60	114.50	125.00	131.90	153.00	157.90	170.00	184.50	214.40	290.20	367.00	530.30	
03010655	0104	19750104	20150104	41	174.63	133.73	33.00	622.00		35.40	50.00	57.00	68.80	85.00	93.80	98.80	105.00	117.20	133.00	149.10	155.60	168.30	182.40	242.50	294.00	331.90	383.20	475.80	
03010655	0105	19750105	20150105	41	177.20	139.27	32.00	575.00		34.30	44.40	53.80	64.00	79.00	90.00	95.70	107.40	119.80	132.00	138.20	154.40	167.80	195.60	239.50	304.80	367.70	400.00	511.70	
03010655	0106	19750106	20150106	41	174.17	128.89	30.00	527.00		31.10	40.40	52.00	60.00	80.00	85.60	90.00	99.80	109.10	131.00	136.10	171.00	199.00	236.20	276.50	306.00	323.00	379.80	435.30	
03010655	0107	19750107	20150107	41	160.29	119.14	29.00	486.00		30.20	35.20	47.90	58.60	73.00	80.00	90.40	97.80	100.00	125.00	131.00	160.60	174.80	207.60	217.00	253.80	310.70	346.00	444.60	
03010655	0108	19750108	20150108	41	178.61	232.05	28.00	1470.00		30.00	34.00	45.30	57.40	73.00	78.40	83.40	92.00	111.20	115.00	138.20	145.00	172.80	185.00	199.00	248.60	275.70	352.60	452.90	
03010655	0109	19750109	20150109	41	184.78	312.65	26.00	2040.00		27.40	34.60	42.00	55.20	68.00	76.40	90.60	101.60	109.70	120.00	125.20	150.00	152.80	164.40	182.50	215.00	240.60	333.60	436.60	
03010655	0110	19750110	20150110	41	161.85	231.43	22.00	1500.00		25.70	35.20	40.00	52.20	66.00	73.00	85.80	95.40	99.80	110.00	125.50	141.60	150.00	162.00	173.00	183.60	212.10	295.20	403.00	
03010655	0111	19750111	20150111	41	161.95	175.43	21.00	1000.00		24.80	35.00	36.60	50.80	63.00	77.60	85.50	94.80	95.90	101.00	113.50	130.00	145.00	149.80	209.00	230.80	273.50	407.40	458.90	
03010655	0112	19750112	20150112	41	163.22	168.27	21.00	802.00		27.60	33.20	38.10	49.40	60.00	75.60	80.00	85.00	89.80	100.00	111.00	121.40	131.80	178.20	231.50	260.00	309.60	364.20	667.80	
03010655	0113	19750113	20150113	41	178.27	192.75	20.00	889.00		30.30	33.40	39.50	51.60	58.00	69.60	73.40	75.00	80.00	85.00	97.40	120.00	131.30	186.60	278.00	319.80	348.40	508.40	623.10	
03010655	0114	19750114	20150114	41	234.54	389.08	20.00	2120.00		30.20	33.20	43.60	53.60	60.00	69.60	71.40	75.60	79.80	80.00	97.40	122.20	164.50	200.00	265.50	313.20	386.90	455.20	1269.40	
03010655	0115	19750115	20150115	41	214.88	315.66	19.00	1440.00		27.50	32.20	44.70	54.00	62.00	67.80	71.40	76.00	76.90	88.00	100.50	125.20	160.30	190.80	227.50	270.40	344.30	665.40	1275.00	
03010655	0116	19750116	20150116	41	182.85	235.03	19.00	1190.00		27.20	30.40	44.30	52.80	59.00	66.20	70.80	74.80	83.20	95.00	110.50	123.20	146.00	184.00	218.00	229.60	278.60	508.00	752.70	
03010655	0117	19750117	20150117	41	155.95	163.25	19.00	812.00		24.40	32.80	43.00	50.80	58.00	64.00	68.00	71.60	81.20	96.00	110.00	116.00	135.00	186.20	205.00	224.80	264.70	401.80	535.40	
03010655	0118	19750118	20150118	41	152.49	144.34	18.00	663.00		22.50	32.00	47.30	53.60	61.00	65.60	69.40	73.20	80.00	100.00	105.60	150.00	154.50	171.60	192.00	232.80	295.20	347.60	560.60	
03010655	0119	19750119	20150119	41	197.00	346.97	18.00	2200.00		20.60	31.80	43.90	52.80	60.00	62.60	66.80	79.60	87.70	98.00	112.90	131.80	144.50	162.40	216.00	267.60	297.00	421.80	553.50	
03010655	0120	19750120	20150120	41	242.71	497.61	17.00	2990.00		20.60	30.80	41.80	53.60	57.50	60.00	66.10	75.20	85.40	100.00	110.00	121.20	143.00	170.80	205.00	250.80	331.20	491.40	1245.90	
03010655	0121	19750121	20150121	41	210.22	358.14	17.00	1660.00		24.10	32.40	40.80	51.20	56.50	59.20	62.80	65.80	73.20	86.00	100.00	112.80	130.00	154.80	180.50	200.20	267.40	447.60	1321.00	
03010655	0122	19750122	20150122	41	156.90	200.89	16.00	872.00		23.90	37.00	40.10	52.40	54.00	55.60	56.00	66.80	79.20	85.00	90.50	106.80	121.50	138.20	170.00	195.60	230.20	368.60	827.60	
03010655	0123	19750123	20150123	41	140.71	137.06	16.00	581.00		25.20	41.40	44.30	48.20	51.50	54.00	57.10	69.60	75.60	94.00	106.40	121.20	130.30	150.00	173.50	207.40	276.00	315.40	546.00	
03010655	0124	19750124	20150124	41	196.24	388.12	16.00	2500.00		25.20	45.00	49.30	51.40	53.00	61.60	69.40	77.60	89.00	99.00	115.00	116.00	132.70	160.40	198.50	242.40	260.70	396.00	556.40	
03010655	0125	19750125	20150125	41	255.44	476.55	16.00	2200.00		26.00	44.60	48.00	50.20	52.00	65.20	71.40	77.40	90.00	105.00	110.50	126.00	145.60	167.20	189.50	256.00	329.70	441.60	1815.00	
03010655	0126	19750126	20150126	41	217.46	389.36	16.00	2360.00		27.80	47.00	50.00	52.40	62.00	70.00	75.50	89.00	97.20	100.00	130.60	138.40	153.00	177.60	192.00	236.00	288.70	381.20	972.20	
03010655	0127	19750127	20150127	41	182.07	197.01	14.00	1050.00		34.10	46.20	48.30	51.00	59.00	68.40	77.00	80.80	93.60	105.00	120.40	136.00	172.30	198.40	235.00	293.20	371.50	440.00	587.50	
03010655	0128	19750128	20150128	41	154.63	137.22	15.00	600.00		26.80	45.20	47.30	50.80	60.00	69.20	77.60	80.80	84.70	96.00	105.50	122.00	160.50	187.00	207.50	258.00	307.70	389.60	476.30	
03010655	0129	19750129	20150129	41	150.66	119.97	15.00	437.00		20.50	44.20	46.60	48.80	57.00	68.00	81.20	89.20	97.70	100.00	107.50	152.00	164.90	182.00	190.50	256.00	295.90	387.40	425.90	
03010655	0130	19750130	20150130	41	156.56	155.43	14.00	874.00		21.40	43.40	46.00	48.80	55.00	65.20	89.40	91.60	95.90	100.00	112.00	131.00	152.70	160.00	194.50	242.80	307.00	348.00	418.70	
03010655	0131	19750131	20150131	41	167.83	225.99	21.00	1350.00		22.90	42.20	43.60	48.60	54.00	70.60	84.70	87.60	88.90	105.00	115.50	130.00	143.00	152.80	178.00	206.20	278.90	324.00	654.20	
03010655	0201	19750201	20150201	41	160.83	201.18	19.00	1170.00		24.30	40.40	43.30	46.80	54.00	73.60	80.00	83.40	93.20	100.00	105.50	115.60	144.80	160.80	188.00	202.80	245.50	312.40	594.80	
03010655	0202	19750202	20150202	41	158.46	156.42	18.00	656.00		36.40	42.60	46.00	49.20	56.00	74.60	77.40	82.00	89.80	92.00	95.00	119.00	143.60	157.20	172.50	220.60	358.40	412.20	590.90	
03010655	0203	19750203	20150203	41	153.78	143.02	18.00	547.00		34.80	44.20	45.90	50.00	55.00	69.20	73.80	77.60	83.60	90.00	100.20	122.20	146.50	156.40	190.00	267.20	305.60	446.00	511.60	
03010655	0204	19750204	20150204	41	147.37	133.51	17.00	604.00		33.30	43.40	48.30	50.20	60.50	66.20	75.40	80.80	84.90	99.00	101.00	121.00	133.70	151.20	187.50	236.80	264.90	386.80	473.20	
03010655	0205	19750205	20150205	41	147.46	116.51	17.00	497.00		32.00	44.20	46.60	49.60	60.00	68.80	75.40	79.60	80.00	99.00	114.60	128.00	160.40	184.00	237.50	251.60	305.30	328.80	376.20	
03010655	0206	19750206	20150206	41	163.73	252.98	16.00	1630.00		27.40	42.40	44.30	46.80	55.00	63.60	69.40	71.60	75.90	83.00	105.50	130.00	143.60	176.40	215.00	238.20	252.70	276.40	414.50	
03010655	0207	19750207	20150207	41	166.37	311.39	15.00	2030.00		25.50	42.20	44.30	45.40	51.00	63.80	67.40	69.60	73.70	80.00	100.00	106.20	136.00	168.40	201.00	213.20	228.40	250.00	374.60	
03010655	0208	19750208	20150208	41	138.39	173.57	15.00	1080.00		24.70	42.20	44.00	46.40	51.50	64.00	65.70	69.60	74.80	94.00	97.30	102.00	126.00	171.20	178.50	183.60	198.50	214.60	440.60	
03010655	0209	19750209	20150209	41	122.98	116.92	15.00	639.00		23.60	43.00	44.60	46.40	55.00	61.20	64.00	66.60	74.30	90.00	93.70	112.00	123.00	152.20	157.50	161.20	182.60	213.00	440.90	
03010655	0210	19750210	20150210	41	118.20	106.11	21.00	465.00		36.60	42.40	45.20	49.60	55.50	61.20	63.70	65.80	75.40	84.00	89.10	93.20	113.00	130.00	141.50	151.80	170.50	272.00	453.30	
03010655	0211	19750211	20150211	41	128.37	109.02	39.00	490.00		41.00	41.60	47.60	58.40	60.50	62.60	63.70	77.00	80.00	82.00	87.40	101.00	117.70	136.20	152.00	190.00	238.20	321.20	429.20	
03010655	0212	19750212	20150212	41	142.29	175.74	37.00	1100.00		39.10	40.80	53.20	58.80	60.00	62.60	70.00	75.60	76.90	84.00	96.40	102.00	123.00	132.20	172.50	206.20	224.00	262.20	436.00	
03010655	0213	19750213	20150213	41	138.49	157.38	35.00	978.00		38.00	40.00	50.00	54.80	59.00	61.80	68.50	77.00	83.60	92.00	96.40	101.00	115.00	127.20	190.00	218.60	230.00	249.60	374.70	
03010655	0214	19750214	20150214	41	137.24	147.38	33.00	800.00		38.00	40.40	50.50	56.40	59.00	60.00	66.50	75.60	80.70	90.00	94.20	98.60	111.50	120.60	180.50	200.00	215.90	252.60	561.60	
03010655	0215	19750215	20150215	41	185.66	439.65	32.00	2870.00		38.00	42.20	51.30	54.80	58.00	60.60	65.10	74.40	78.70	84.00	86.40	99.00	113.00	124.00	165.00	188.00	239.40	284.40	423.80	
03010655	0216	19750216	20150216	41	167.95	268.20	34.00	1560.00		36.20	46.80	52.90	56.80	59.50	62.20	66.80	75.40	80.00	81.00	86.00	90.60	108.00	150.00	157.50	191.60	251.00	318.40	855.90	
03010655	0217	19750217	20150217	41	190.76	331.69	36.00	1830.00		39.20	45.20	50.00	54.40	61.50	64.00	68.70	73.60	76.00	78.00	82.40	93.40	109.00	143.40	158.50	208.40	261.80	292.80	1043.50	
03010655	0218	19750218	20150218	41	193.37	323.30	36.00	1900.00		37.60	48.00	49.90	54.40	60.00	61.60	64.70	69.60	71.90	72.00	84.50	111.20	120.00	141.60	183.50	226.40	273.40	549.20	750.40	
03010655	0219	19750219	20150219	41	183.73	325.88	34.00	2000.00		37.00	46.20	52.60	55.40	58.00	64.40	68.00	69.60	74.60	87.00	100.00	111.20	123.00	130.00	162.50	194.60	224.90	496.40	659.60	
03010655	0220	19750220	20150220	41	228.39	435.75	35.00	2500.00		45.10	48.40	50.00	52.40	60.00	67.00	70.10	82.00	93.10	100.00	112.80	123.00	149.00	180.40	197.00	217.60	246.30	420.00	1387.20	
03010655	0221	19750221	20150221	41	219.34	291.44	37.00	1600.00		44.10	50.00	50.00	60.40	64.00	72.80	76.80	88.40	96.50	110.00	132.30	151.20	167.90	199.60	230.50	305.40	396.40	589.20	895.20	
03010655	0222	19750222	20150222	41	225.59	270.21	38.00	1100.00		42.60	50.00	55.80	64.00	67.00	72.20	85.60	102.80	107.80	114.00	141.60	149.60	187.30	214.00	244.00	277.40	416.90	631.60	1057.00	
03010655	0223	19750223	20150223	41	230.85	269.17	41.00	1300.00		43.50	51.20	56.00	62.40	71.00	87.60	97.60	108.80	134.60	150.00	160.80	170.80	182.20	222.40	268.00	281.20	388.90	521.00	998.10	
03010655	0224	19750224	20150224	41	256.07	281.18	40.00	1280.00		42.30	48.80	59.60	62.80	74.00	87.40	98.20	108.40	127.10	137.00	157.60	198.00	219.90	246.40	296.00	418.00	572.90	691.40	978.00	
03010655	0225	19750225	20150225	41	307.59	467.17	39.00	2320.00		40.50	45.60	52.70	60.80	71.50	95.60	99.40	103.20	105.00	137.00	145.60	193.20	223.30	242.20	301.50	395.00	556.10	682.60	1589.00	
03010655	0226	19750226	20150226	41	252.83	331.84	38.00	1390.00		38.00	45.00	49.00	57.60	71.00	88.00	93.80	97.80	104.50	127.00	143.40	162.00	189.60	220.00	272.50	312.60	447.60	825.20	1264.00	
03010655	0227	19750227	20150227	41	222.27	263.24	34.00	1180.00		37.20	42.60	54.00	57.00	66.00	76.80	88.70	97.00	102.90	126.00	135.90	150.60	182.20	214.60	232.00	303.20	449.10	588.40	1013.40	
03010655	0228	19750228	20150228	41	232.05	276.02	33.00	1230.00		35.50	41.80	50.60	56.40	68.00	77.60	88.30	101.20	104.90	113.00	134.10	171.60	192.30	213.20	260.50	407.00	457.60	598.60	1118.60	
03010655	0229	19760229	20120229	10	251.70	251.61	31.00	859.00			34.20	51.80	70.40	90.75	103.00	108.50	114.00	119.50	145.00	173.80	215.60	270.00	358.00	407.50	410.80	568.45	814.30		
03010655	0301	19750301	20150301	41	211.27	215.31	30.00	980.00		34.40	45.60	59.30	60.40	67.50	74.40	89.40	98.60	100.00	119.00	156.10	161.60	170.00	217.60	340.50	360.80	411.50	505.20	788.60	
03010655	0302	19750302	20150302	41	200.51	183.80	32.00	851.00		33.10	50.60	59.20	65.80	70.50	73.80	87.90	94.00	99.50	114.00	139.20	165.00	220.60	277.40	309.00	335.20	387.50	469.80	637.00	
03010655	0303	19750303	20150303	41	209.51	198.19	32.00	903.00		34.00	50.80	60.90	66.00	68.50	77.60	83.40	96.80	104.00	125.00	145.00	184.80	227.70	255.60	298.50	367.80	412.80	470.40	741.40	
03010655	0304	19750304	20150304	41	247.24	323.70	31.00	1880.00		34.20	50.00	62.00	62.40	68.50	72.60	85.40	101.00	117.70	163.00	190.00	200.40	225.20	234.00	321.50	353.60	395.50	511.80	949.30	
03010655	0305	19750305	20150305	41	274.34	368.80	34.00	1750.00		40.50	54.80	59.80	66.40	68.00	78.80	84.20	100.80	105.90	158.00	174.10	192.60	230.00	262.80	294.00	366.00	464.60	752.60	1479.00	
03010655	0306	19750306	20150306	41	288.78	404.55	34.00	1700.00		39.40	55.20	64.00	65.00	73.00	79.80	84.10	98.00	112.90	137.00	172.30	185.60	216.90	223.40	242.50	316.60	588.20	837.60	1537.00	
03010655	0307	19750307	20150307	41	253.68	331.23	35.00	1460.00		42.10	52.40	56.60	61.60	66.50	69.60	84.40	90.80	99.40	137.00	174.10	193.20	199.10	208.60	239.00	291.60	475.50	689.40	1200.00	
03010655	0308	19750308	20150308	41	230.73	213.00	43.00	807.00		44.50	50.40	56.00	60.00	69.50	82.40	91.70	113.40	138.40	161.00	180.20	185.20	212.10	280.20	337.00	385.20	477.70	550.80	786.50	
03010655	0309	19750309	20150309	41	253.90	249.87	46.00	1290.00		49.50	54.40	63.20	67.80	72.50	83.40	110.00	136.20	146.50	160.00	170.90	214.00	259.00	314.00	336.00	442.20	522.20	573.60	767.90	
03010655	0310	19750310	20150310	41	240.24	223.52	45.00	1200.00		52.20	60.00	65.00	78.80	88.00	101.40	106.00	122.80	145.80	154.00	191.20	225.20	273.10	305.60	325.50	361.80	404.10	543.00	678.60	
03010655	0311	19750311	20150311	41	249.80	238.67	44.00	1310.00		45.70	64.20	85.80	96.40	100.50	121.40	132.10	139.20	142.90	170.00	207.30	235.00	263.50	295.20	318.00	326.80	410.20	489.80	856.80	
03010655	0312	19750312	20150312	41	264.29	208.48	40.00	1020.00		42.90	77.20	93.20	112.80	121.00	132.20	146.40	158.00	166.90	190.00	218.50	262.00	267.80	285.40	362.50	418.40	463.80	600.00	697.40	
03010655	0313	19750313	20150313	41	293.07	243.74	35.00	1240.00		55.40	88.60	108.20	128.80	137.00	149.20	176.30	179.00	189.10	210.00	222.00	229.00	278.80	328.80	380.50	412.60	572.50	688.40	770.30	
03010655	0314	19750314	20150314	41	320.27	243.84	50.00	1080.00		55.00	94.00	105.80	121.60	134.00	151.00	162.80	194.00	203.20	234.00	244.30	345.40	372.70	400.60	469.50	527.40	585.70	677.00	864.60	
03010655	0315	19750315	20150315	41	367.24	452.67	58.00	2870.00		85.90	100.20	110.00	115.20	131.00	138.60	162.40	195.40	209.00	218.00	263.30	336.80	384.00	415.80	435.00	541.20	619.40	652.00	877.10	
03010655	0316	19750316	20150316	41	320.59	350.70	56.00	2190.00		79.50	97.20	100.10	112.40	133.50	144.60	152.50	185.40	201.10	237.00	252.90	280.00	345.30	360.40	410.00	428.60	477.30	579.60	891.40	
03010655	0317	19750317	20150317	41	274.78	195.80	68.00	1050.00		77.90	92.60	110.50	128.00	128.50	142.00	181.00	187.60	199.00	207.00	234.70	259.20	301.20	327.60	348.50	389.80	457.20	554.60	647.90	
03010655	0318	19750318	20150318	41	280.88	217.79	80.00	1250.00		85.10	104.20	122.90	127.60	138.00	163.60	173.60	187.80	203.80	221.00	237.50	263.40	267.40	297.20	344.00	397.20	404.40	591.80	693.40	
03010655	0319	19750319	20150319	41	284.49	247.73	78.00	1250.00		98.60	109.40	127.00	139.60	150.00	166.20	173.40	188.60	199.80	212.00	229.20	244.40	253.30	288.00	322.00	350.00	421.10	452.00	1163.70	
03010655	0320	19750320	20150320	41	296.66	239.09	80.00	1140.00		90.00	120.80	132.20	144.80	152.50	168.60	173.10	180.60	190.60	199.00	231.80	271.00	279.30	296.80	316.50	357.20	515.20	783.60	875.70	
03010655	0321	19750321	20150321	41	319.68	271.50	81.00	1530.00		84.20	112.40	141.60	154.00	160.00	162.60	180.10	187.40	199.50	212.00	241.90	267.80	282.00	322.60	409.00	509.00	544.70	689.40	797.20	
03010655	0322	19750322	20150322	41	348.80	331.36	72.00	1840.00		85.70	107.60	125.00	143.20	156.00	167.00	184.90	210.80	235.40	241.00	247.20	274.20	283.90	379.00	411.50	504.80	637.00	761.20	1104.40	
03010655	0323	19750323	20150323	41	331.32	263.93	72.00	1280.00		98.10	111.20	120.30	128.80	144.00	170.20	193.00	205.20	221.50	233.00	247.00	259.20	300.00	387.00	468.00	535.40	579.10	734.60	953.20	
03010655	0324	19750324	20150324	41	327.49	280.73	72.00	1480.00		96.50	118.00	121.50	135.80	146.00	164.20	182.90	208.80	211.80	224.00	241.60	268.00	299.60	325.00	443.00	469.80	547.90	732.60	956.70	
03010655	0325	19750325	20150325	41	320.88	292.46	69.00	1730.00		95.80	115.60	124.20	141.40	162.00	178.20	190.70	196.80	208.10	216.00	245.30	268.00	284.00	320.00	368.50	455.60	526.70	688.20	859.00	
03010655	0326	19750326	20150326	41	336.27	268.82	67.00	1170.00		104.60	116.00	131.80	165.60	169.50	185.20	189.70	210.20	215.80	223.00	268.20	291.80	309.90	337.60	369.50	504.80	607.70	702.60	1102.00	
03010655	0327	19750327	20150327	41	328.29	240.94	94.00	1190.00		98.30	115.20	131.20	158.40	161.00	203.80	223.60	233.60	241.80	258.00	269.90	284.80	294.40	330.60	377.00	455.40	543.30	663.00	944.00	
03010655	0328	19750328	20150328	41	310.10	174.50	87.00	791.00		92.30	106.40	124.70	140.20	157.50	209.20	253.20	256.00	268.00	276.00	306.50	322.60	332.30	349.60	383.50	403.40	539.30	569.40	746.30	
03010655	0329	19750329	20150329	41	310.73	163.94	82.00	674.00		100.00	103.40	116.40	128.20	157.00	207.40	231.40	253.20	272.20	283.00	309.90	330.40	371.90	395.20	435.00	475.00	519.60	555.80	627.30	
03010655	0330	19750330	20150330	41	327.56	195.72	76.00	913.00		100.20	105.60	113.80	132.80	188.50	219.00	235.60	245.00	253.70	282.00	312.50	333.80	365.90	383.80	448.50	462.20	546.80	663.00	710.00	
03010655	0331	19750331	20150331	41	373.07	334.95	72.00	1600.00		92.50	103.80	108.30	136.00	198.50	217.00	223.40	231.80	241.40	256.00	318.00	342.40	372.70	420.00	454.50	485.40	581.50	626.40	1533.60	
03010655	0401	19750401	20150401	41	413.63	441.62	84.00	2520.00		85.10	97.40	101.60	168.20	199.50	204.60	209.00	219.80	238.70	257.00	286.90	326.00	394.50	421.00	464.00	562.80	742.60	891.40	1394.20	
03010655	0402	19750402	20150402	41	425.24	458.13	78.00	2540.00		80.20	94.20	103.00	170.40	185.50	191.00	201.70	212.40	252.80	262.00	291.40	336.60	364.00	413.40	498.00	618.40	741.10	938.60	1371.00	
03010655	0403	19750403	20150403	41	398.22	363.82	74.00	1940.00		82.60	95.40	117.80	151.20	180.00	192.60	211.30	229.40	248.70	264.00	310.30	338.80	363.00	466.60	521.00	551.20	665.00	905.20	1189.00	
03010655	0404	19750404	20150404	41	403.61	286.56	86.00	1190.00		91.40	143.40	159.20	180.60	198.00	205.20	222.40	236.80	270.80	292.00	318.00	402.20	450.00	478.60	536.50	621.00	680.80	882.60	1124.00	
03010655	0405	19750405	20150405	41	456.44	375.14	84.00	1550.00		89.80	142.60	158.60	176.40	192.00	215.60	220.70	239.20	245.00	286.00	340.10	409.80	519.50	574.80	651.00	719.60	856.70	930.80	1484.00	
03010655	0406	19750406	20150406	41	417.98	335.48	79.00	1480.00		104.70	141.60	165.30	172.00	188.50	208.60	227.50	232.00	252.10	300.00	321.60	375.00	441.80	486.60	541.00	610.20	714.20	946.40	1313.00	
03010655	0407	19750407	20150407	41	384.76	297.49	74.00	1320.00		103.50	128.80	152.10	165.20	179.00	198.60	229.00	234.60	248.90	272.00	291.40	319.80	394.50	449.20	477.00	551.20	773.10	899.60	1134.60	
03010655	0408	19750408	20150408	41	380.76	292.04	70.00	1210.00		99.10	122.80	138.90	146.20	178.50	208.20	216.30	247.00	271.20	275.00	297.40	317.20	374.20	398.60	448.50	605.60	680.30	977.20	1074.00	
03010655	0409	19750409	20150409	41	367.29	264.32	69.00	1210.00		114.40	128.80	137.10	153.40	188.00	196.60	234.20	245.00	252.50	271.00	330.90	342.40	361.70	402.00	484.00	552.00	650.90	734.60	1146.20	
03010655	0410	19750410	20150410	41	360.59	261.69	64.00	1230.00		117.10	120.20	130.90	148.60	172.50	197.80	216.90	235.80	267.60	294.00	316.00	347.60	385.30	396.40	494.50	511.20	606.30	707.20	1122.70	
03010655	0411	19750411	20150411	41	360.73	298.42	66.00	1650.00		110.10	112.60	123.60	148.40	155.00	185.20	197.00	213.60	222.80	268.00	309.90	371.00	397.00	416.00	440.50	491.00	610.90	769.20	957.50	
03010655	0412	19750412	20150412	41	326.39	243.85	66.00	1310.00		101.10	121.20	131.00	142.60	150.50	170.20	179.90	188.80	202.20	248.00	287.90	329.40	354.20	385.40	433.00	502.80	549.90	655.00	814.50	
03010655	0413	19750413	20150413	41	306.12	198.85	57.00	1060.00		93.10	117.20	143.40	158.40	161.50	170.20	179.40	200.80	223.70	253.00	281.10	291.60	361.40	377.80	399.50	435.80	499.30	576.80	716.10	
03010655	0414	19750414	20150414	41	319.17	273.84	53.00	1480.00		85.30	119.60	135.10	145.80	150.00	159.80	193.90	203.80	224.90	238.00	241.70	277.20	318.30	334.00	377.50	452.00	498.70	518.80	993.10	
03010655	0415	19750415	20150415	41	301.73	213.59	54.00	1080.00		82.90	134.20	139.00	140.40	144.00	155.00	183.40	197.60	221.40	235.00	264.50	283.40	328.10	364.60	403.00	416.60	420.40	657.20	793.80	
03010655	0416	19750416	20150416	41	292.00	187.56	51.00	896.00		81.90	125.20	130.00	133.60	140.50	156.60	179.90	201.20	218.30	240.00	295.10	296.40	307.40	341.00	366.00	440.40	492.60	567.60	696.90	
03010655	0417	19750417	20150417	41	307.39	294.45	48.00	1870.00		75.20	112.40	117.60	123.00	131.50	152.40	162.90	187.40	236.00	260.00	276.00	287.20	306.50	342.40	386.00	403.40	449.80	538.40	692.90	
03010655	0418	19750418	20150418	41	275.05	234.80	46.00	1420.00		69.80	105.20	108.70	116.20	132.50	140.20	156.70	164.60	213.00	228.00	241.30	258.40	281.20	315.20	336.50	344.80	396.70	542.60	684.60	
03010655	0419	19750419	20150419	41	243.98	170.79	45.00	808.00		64.40	100.40	104.60	112.80	127.00	137.80	149.70	177.80	187.70	206.00	221.30	240.80	254.80	268.00	291.50	320.00	355.50	464.40	773.40	
03010655	0420	19750420	20150420	41	226.29	146.05	45.00	679.00		61.80	95.40	102.00	107.80	117.00	133.60	144.80	161.20	168.30	197.00	199.00	226.80	236.50	253.00	270.00	312.00	379.20	491.60	567.50	
03010655	0421	19750421	20150421	41	211.76	131.01	49.00	567.00		62.20	86.80	99.10	108.20	113.00	137.60	143.70	158.40	169.80	178.00	190.10	193.60	203.90	221.40	271.00	304.60	348.10	466.00	546.70	
03010655	0422	19750422	20150422	41	201.44	119.64	60.00	550.00		70.70	83.00	91.00	99.20	106.00	126.20	145.40	148.80	160.00	169.00	176.50	192.40	200.80	208.60	269.50	296.40	330.50	417.20	472.90	
03010655	0423	19750423	20150423	41	198.07	117.19	66.00	575.00		68.70	81.00	93.60	101.40	118.50	125.20	134.60	147.40	152.80	164.00	170.80	179.40	205.60	214.60	248.00	292.20	323.20	401.80	456.70	
03010655	0424	19750424	20150424	41	208.22	122.58	62.00	574.00		70.40	83.80	88.00	109.40	123.50	135.60	148.30	153.00	161.40	175.00	189.20	201.60	217.90	224.20	269.50	291.60	342.70	417.20	496.80	
03010655	0425	19750425	20150425	41	212.10	142.68	73.00	722.00		78.30	81.40	97.90	112.40	120.00	131.40	134.70	140.80	159.80	168.00	171.70	199.60	215.70	240.20	264.50	278.40	297.50	431.00	598.20	
03010655	0426	19750426	20150426	41	221.29	165.32	70.00	790.00		73.40	80.00	102.40	111.80	117.00	121.20	139.30	152.40	163.50	173.00	184.30	207.40	232.40	245.00	252.50	269.60	289.50	464.80	688.30	
03010655	0427	19750427	20150427	41	221.51	177.25	64.00	941.00		69.40	76.00	94.40	104.60	109.50	121.80	133.80	147.40	156.50	179.00	200.20	212.40	219.60	232.40	250.00	274.00	328.30	441.40	726.30	
03010655	0428	19750428	20150428	41	218.46	174.20	60.00	1010.00		66.10	70.60	94.50	99.60	109.50	121.40	136.30	142.40	156.60	184.00	187.20	190.00	202.50	220.80	261.00	304.00	387.90	406.60	579.30	
03010655	0429	19750429	20150429	41	216.20	156.78	57.00	771.00		62.20	72.40	86.60	91.40	100.50	122.00	128.10	144.20	162.40	166.00	171.30	177.00	212.00	241.20	304.50	337.00	386.50	438.40	575.10	
03010655	0430	19750430	20150430	41	215.12	157.46	52.00	636.00		58.10	66.60	81.30	84.80	103.50	112.20	118.00	131.80	142.60	151.00	170.20	195.40	218.90	265.00	294.00	356.00	389.90	473.20	606.10	
03010655	0501	19750501	20150501	41	216.20	195.56	50.00	1140.00		58.70	72.20	77.00	84.00	100.50	107.60	119.50	128.60	132.90	160.00	178.10	195.20	219.50	246.00	257.00	302.20	339.40	441.40	580.40	
03010655	0502	19750502	20150502	41	219.39	172.79	48.00	838.00		70.50	83.40	87.00	93.00	97.50	108.00	120.20	126.20	145.60	174.00	190.40	197.00	211.30	225.40	283.50	325.40	370.00	473.40	680.00	
03010655	0503	19750503	20150503	41	197.83	156.47	52.00	764.00		63.40	71.00	79.00	87.80	92.50	96.80	102.80	109.80	111.90	149.00	165.90	181.00	192.30	207.80	251.00	283.40	337.50	477.60	564.90	
03010655	0504	19750504	20150504	41	186.59	146.61	45.00	673.00		61.30	67.60	77.60	83.40	86.50	96.00	98.00	112.80	121.50	139.00	157.10	163.00	183.80	201.20	247.50	260.00	292.00	426.00	625.20	
03010655	0505	19750505	20150505	41	171.02	121.55	42.00	639.00		58.40	72.20	78.30	80.40	88.00	91.60	108.10	117.00	125.70	128.00	139.20	161.80	181.60	192.00	222.00	239.20	257.10	351.60	478.80	
03010655	0506	19750506	20150506	41	168.34	121.28	46.00	620.00		53.50	68.80	72.30	78.80	83.50	87.60	104.70	108.80	123.70	131.00	145.30	160.00	176.60	195.00	202.00	229.60	258.50	319.80	500.20	
03010655	0507	19750507	20150507	41	156.73	105.17	50.00	560.00		53.30	64.60	68.00	75.60	80.00	86.20	95.10	99.40	111.00	131.00	136.00	147.40	164.50	189.60	211.50	230.20	263.60	274.00	404.20	
03010655	0508	19750508	20150508	41	151.93	95.40	43.00	523.00		47.40	60.20	69.00	74.40	86.00	87.00	92.00	100.60	121.30	130.00	141.40	157.60	169.80	180.20	198.50	208.00	233.50	279.80	335.10	
03010655	0509	19750509	20150509	41	174.02	194.13	39.00	1240.00		44.30	57.60	63.70	74.00	82.50	87.20	98.40	109.00	117.80	126.00	136.20	149.00	152.60	175.20	196.50	229.80	265.00	289.80	493.40	
03010655	0510	19750510	20150510	41	177.46	208.43	37.00	1230.00		43.80	54.00	59.90	76.40	78.00	80.60	91.80	101.60	113.10	124.00	130.40	136.80	147.30	167.20	186.00	216.20	267.90	277.20	676.90	
03010655	0511	19750511	20150511	41	209.15	312.69	36.00	1620.00		47.10	53.00	63.80	71.60	76.50	82.60	89.50	99.80	110.20	113.00	117.80	126.40	145.80	161.40	182.50	235.40	266.40	330.80	1207.70	
03010655	0512	19750512	20150512	41	257.07	463.20	36.00	2750.00		40.60	60.60	66.20	69.80	78.50	81.20	95.20	102.00	104.80	114.00	118.80	127.60	139.10	170.20	203.00	237.40	417.30	681.20	1191.80	
03010655	0513	19750513	20150513	41	218.80	292.09	34.00	1610.00		39.40	51.60	63.90	69.00	76.50	81.60	92.00	95.80	100.90	104.00	114.00	121.00	145.00	182.60	219.00	260.40	461.40	608.80	817.50	
03010655	0514	19750514	20150514	41	213.93	239.38	29.00	930.00		33.80	48.60	61.90	66.00	70.00	76.80	84.80	93.00	94.90	101.00	111.20	121.20	144.90	158.60	326.00	373.00	438.90	679.60	856.80	
03010655	0515	19750515	20150515	41	220.85	277.15	26.00	1350.00		32.80	46.60	57.80	66.60	70.00	82.40	88.70	91.60	93.90	98.00	101.50	123.20	134.50	141.60	300.50	333.60	496.50	608.80	870.00	
03010655	0516	19750516	20150516	41	218.68	272.23	23.00	1350.00		35.40	42.40	52.70	61.60	67.50	77.60	81.40	87.00	92.90	97.00	108.30	120.40	136.30	191.60	246.00	369.40	506.40	612.40	825.60	
03010655	0517	19750517	20150517	41	207.85	285.17	19.00	1640.00		37.20	45.20	55.20	62.80	70.00	81.00	86.40	88.80	97.70	99.00	107.10	110.40	126.10	161.00	230.50	365.00	424.60	493.60	766.20	
03010655	0518	19750518	20150518	41	186.41	190.55	16.00	874.00		40.10	44.40	53.30	63.40	76.50	77.00	82.50	85.80	90.70	102.00	128.20	132.80	145.80	182.80	238.50	307.20	385.10	541.00	624.00	
03010655	0519	19750519	20150519	41	185.73	178.99	16.00	835.00		38.30	48.20	60.00	64.40	70.00	75.00	85.20	95.80	99.90	124.00	140.10	144.40	157.70	183.40	217.50	311.60	332.00	525.60	565.20	
03010655	0520	19750520	20150520	41	180.54	186.06	15.00	987.00		35.30	46.40	57.30	65.40	67.00	75.80	83.00	92.40	104.10	110.00	130.30	149.60	165.00	181.00	189.00	268.40	357.60	466.00	558.60	
03010655	0521	19750521	20150521	41	172.68	165.36	13.00	734.00		33.10	44.00	53.90	59.40	61.50	70.80	79.80	87.20	95.50	116.00	121.50	134.40	163.00	201.20	216.00	240.20	357.60	404.40	599.70	
03010655	0522	19750522	20150522	41	163.29	156.24	11.00	726.00		31.70	42.20	51.30	54.40	56.50	67.20	79.50	83.80	95.60	106.00	115.10	133.20	159.40	174.00	193.00	257.60	310.50	438.60	536.00	
03010655	0523	19750523	20150523	41	152.16	135.59	9.70	596.00		31.70	45.40	49.30	52.80	55.50	65.00	70.40	79.00	85.70	94.00	102.60	138.60	157.50	167.20	192.50	241.20	325.70	404.40	443.50	
03010655	0524	19750524	20150524	41	148.40	136.98	9.30	648.00		42.00	42.20	46.00	47.00	58.00	64.40	68.10	77.00	80.80	91.00	102.40	121.60	149.70	163.60	198.50	231.20	305.00	352.60	450.80	
03010655	0525	19750525	20150525	41	131.78	109.95	9.00	487.00		39.10	40.60	43.30	48.20	51.00	59.20	63.70	76.20	79.80	90.00	92.00	106.60	129.20	155.80	181.50	218.40	265.50	336.60	351.80	
03010655	0526	19750526	20150526	41	122.10	99.46	8.00	482.00		36.10	38.00	42.30	43.80	51.00	54.00	62.80	70.00	76.80	83.00	88.70	104.00	127.50	147.60	178.00	203.60	215.70	278.60	317.60	
03010655	0527	19750527	20150527	41	107.27	79.95	7.10	383.00		33.10	34.00	41.00	43.20	47.50	55.40	62.10	67.00	73.00	84.00	85.20	97.40	112.30	135.80	150.50	162.40	174.40	238.60	281.40	
03010655	0528	19750528	20150528	41	105.99	87.44	6.70	450.00		28.50	34.40	38.30	40.80	52.00	56.40	61.70	63.80	68.90	77.00	88.40	99.20	110.10	123.80	137.00	149.20	181.30	209.00	349.40	
03010655	0529	19750529	20150529	41	142.15	220.72	6.30	1190.00		26.50	31.60	36.60	38.80	50.00	53.40	56.40	62.80	66.60	72.00	79.20	102.00	123.20	127.80	133.50	159.00	171.10	291.20	841.30	
03010655	0530	19750530	20150530	41	119.65	142.19	5.60	670.00		23.90	32.00	33.90	42.40	47.50	49.20	52.00	57.80	61.90	72.00	85.10	91.40	109.60	126.40	142.50	148.40	163.70	221.80	617.30	
03010655	0531	19750531	20150531	41	102.11	100.44	8.50	490.00		21.70	30.20	33.60	39.00	47.00	49.60	55.50	58.80	62.70	65.00	79.30	93.20	99.20	107.80	125.00	135.80	144.40	193.00	426.30	
03010655	0601	19750601	20150601	41	101.10	83.16	10.00	380.00		20.70	28.20	31.50	41.80	44.50	49.60	56.20	58.80	62.00	72.00	81.60	88.60	104.30	126.20	135.50	146.20	165.90	248.60	309.50	
03010655	0602	19750602	20150602	41	97.67	68.65	6.50	300.00		21.30	27.20	34.20	44.40	46.50	50.20	52.00	54.80	72.30	78.00	87.80	100.40	112.60	116.20	147.50	157.20	161.10	214.40	240.00	
03010655	0603	19750603	20150603	41	96.60	67.16	5.60	255.00		21.20	28.00	34.80	40.40	44.50	46.60	56.60	66.20	69.90	75.00	84.60	98.00	100.50	110.80	136.00	160.20	190.70	208.80	247.70	
03010655	0604	19750604	20150604	41	98.67	80.26	5.50	405.00		19.30	31.20	33.90	38.00	44.50	48.80	53.80	58.40	65.30	70.00	84.20	89.00	94.60	124.40	132.00	162.00	179.40	213.60	253.90	
03010655	0605	19750605	20150605	41	108.16	99.78	5.60	400.00		17.40	28.20	32.40	40.00	42.00	49.60	53.70	60.00	62.80	65.00	79.10	82.60	108.20	117.80	137.00	167.00	209.20	275.60	387.00	
03010655	0606	19750606	20150606	41	170.71	309.92	6.00	1450.00		16.30	30.00	34.30	37.60	41.50	46.40	51.70	56.80	64.30	76.00	78.20	85.00	107.60	114.20	132.00	164.60	196.20	326.80	1219.20	
03010655	0607	19750607	20150607	41	156.83	290.26	4.90	1530.00		18.10	26.80	33.00	36.40	41.00	46.60	50.00	51.60	53.80	66.00	72.80	91.20	98.50	112.00	128.50	145.00	166.00	267.80	956.30	
03010655	0608	19750608	20150608	41	125.98	178.25	5.00	822.00		18.00	27.60	31.30	33.80	37.00	41.60	49.10	53.60	61.30	66.00	76.20	80.80	84.60	94.40	108.50	129.20	196.00	458.00	612.90	
03010655	0609	19750609	20150609	41	112.59	123.74	11.00	481.00		16.10	24.80	30.20	34.40	37.00	42.00	46.70	54.40	59.80	68.00	78.20	80.00	83.80	104.00	118.50	152.20	197.20	385.20	436.40	
03010655	0610	19750610	20150610	41	92.60	90.65	8.50	326.00		15.20	23.00	27.90	30.40	34.00	40.80	44.00	49.60	55.80	59.00	67.00	69.20	73.40	88.40	99.00	118.60	213.10	294.60	311.90	
03010655	0611	19750611	20150611	41	82.43	69.77	5.60	269.00		14.20	23.20	27.30	29.00	34.00	39.00	41.70	48.00	50.90	60.00	61.30	71.20	79.20	92.20	100.50	129.80	165.30	231.80	242.70	
03010655	0612	19750612	20150612	41	87.78	83.94	4.80	458.00		13.80	26.00	27.00	30.20	39.00	42.80	45.70	48.60	61.40	66.00	67.20	71.40	78.90	84.60	101.50	136.40	159.70	190.00	257.20	
03010655	0613	19750613	20150613	41	91.91	96.27	4.20	502.00		12.60	24.20	26.30	31.40	37.00	39.20	43.70	48.20	58.00	59.00	63.10	68.40	76.40	92.60	109.50	141.00	156.40	212.60	320.50	
03010655	0614	19750614	20150614	41	142.07	326.86	3.90	2090.00		14.10	23.20	24.00	29.40	34.00	40.20	43.70	46.60	50.80	52.00	59.50	76.60	96.00	103.00	121.50	147.00	195.30	318.60	435.30	
03010655	0615	19750615	20150615	41	141.46	253.00	3.90	1320.00		14.50	21.20	24.20	30.40	32.00	34.80	37.40	41.60	45.80	48.00	53.30	66.20	78.00	88.80	120.50	167.60	227.80	413.20	891.70	
03010655	0616	19750616	20150616	41	143.32	251.27	4.00	1440.00		13.10	21.00	22.90	30.40	32.00	35.40	38.70	40.80	43.00	44.00	47.80	60.20	82.60	111.20	179.00	203.60	254.50	357.20	608.00	
03010655	0617	19750617	20150617	41	138.74	202.91	4.30	1090.00		12.10	20.20	27.00	28.80	30.00	33.00	38.70	42.60	46.00	56.00	62.20	74.40	84.70	140.40	173.50	224.40	287.60	391.20	532.70	
03010655	0618	19750618	20150618	41	121.42	141.59	4.30	681.00		13.00	19.20	23.20	28.40	38.00	40.20	41.70	44.40	49.50	62.00	70.00	80.20	90.50	143.60	163.00	226.40	244.30	353.80	408.60	
03010655	0619	19750619	20150619	41	114.10	122.80	4.90	499.00		12.00	19.40	24.60	26.80	37.00	40.00	44.80	48.40	53.50	62.00	64.20	69.20	117.60	133.20	164.00	204.60	225.40	299.60	477.10	
03010655	0620	19750620	20150620	41	123.15	186.21	6.10	1140.00		12.00	21.40	24.30	26.80	33.00	34.00	36.70	37.80	51.90	58.00	75.30	111.20	116.20	129.60	158.50	183.00	209.90	241.20	398.90	
03010655	0621	19750621	20150621	41	173.65	503.54	7.70	3270.00		11.00	20.40	22.30	23.40	30.50	32.60	34.00	37.40	48.00	55.00	78.20	101.80	131.60	139.20	154.00	184.20	202.30	276.80	351.20	
03010655	0622	19750622	20150622	41	139.80	350.63	8.70	2280.00		10.10	18.40	21.00	26.80	29.00	32.60	33.70	39.00	50.30	60.00	74.90	87.00	114.30	121.80	131.00	151.00	185.90	230.00	299.30	
03010655	0623	19750623	20150623	41	107.61	180.48	6.00	1150.00		10.10	17.40	19.30	25.00	30.00	34.20	40.70	44.80	52.50	59.00	81.40	89.20	102.00	104.00	116.50	135.60	158.60	194.40	321.40	
03010655	0624	19750624	20150624	41	93.29	112.41	5.40	654.00		9.74	16.40	19.00	24.00	29.00	32.40	37.10	39.80	51.60	63.00	81.40	86.40	96.30	104.40	106.50	128.20	167.70	189.80	290.20	
03010655	0625	19750625	20150625	41	91.12	95.48	5.50	469.00		9.55	15.40	20.60	24.60	29.00	32.60	42.20	47.60	50.80	69.00	77.30	89.40	91.00	96.40	114.00	121.20	155.70	235.40	348.90	
03010655	0626	19750626	20150626	41	103.78	187.41	6.30	1190.00		9.64	15.20	19.30	22.80	25.00	32.60	40.00	42.80	46.80	65.00	67.20	82.00	84.90	98.80	104.00	115.00	132.80	212.20	333.10	
03010655	0627	19750627	20150627	41	88.20	107.49	8.30	613.00		10.02	14.20	18.60	22.40	24.50	32.80	39.40	43.40	45.00	56.00	63.90	74.60	85.30	92.40	97.50	113.80	148.80	233.40	276.10	
03010655	0628	19750628	20150628	41	92.08	102.66	9.00	463.00		10.06	17.00	18.60	21.20	27.00	33.80	40.70	46.40	48.90	51.00	65.30	70.20	75.30	85.00	102.50	118.80	216.00	248.40	374.60	
03010655	0629	19750629	20150629	41	114.12	194.21	8.60	1180.00		10.06	17.20	22.30	29.40	34.00	40.20	43.00	46.40	55.00	59.00	67.50	73.20	76.00	80.60	91.00	148.60	191.40	256.60	457.00	
03010655	0630	19750630	20150630	41	120.19	234.57	8.30	1480.00		9.96	15.20	18.80	28.80	33.00	34.60	40.40	42.80	51.00	56.00	67.10	69.20	80.60	92.20	125.50	157.00	164.90	248.00	432.50	
03010655	0701	19750701	20150701	41	94.56	117.55	8.30	653.00		10.22	14.20	17.50	24.20	28.50	30.60	42.10	49.00	54.50	57.00	59.20	66.60	78.00	88.40	122.00	146.20	166.60	215.20	357.70	
03010655	0702	19750702	20150702	41	87.58	91.83	8.60	392.00		10.30	13.20	17.70	25.00	28.50	31.60	39.20	45.60	50.80	53.00	62.40	70.00	73.90	95.40	108.50	136.60	165.80	235.60	357.10	
03010655	0703	19750703	20150703	41	78.76	86.46	9.20	418.00		12.00	14.20	18.20	23.00	25.00	29.60	31.40	40.60	45.90	48.00	49.60	56.80	62.20	76.40	97.00	121.20	136.70	221.40	291.60	
03010655	0704	19750704	20150704	41	72.20	73.50	9.00	348.00		11.10	13.00	20.00	20.80	23.50	25.20	31.10	42.80	43.00	44.00	45.30	52.60	56.00	66.60	105.00	124.80	146.40	187.60	234.30	
03010655	0705	19750705	20150705	41	74.43	100.50	8.50	578.00		10.20	12.40	17.20	20.40	22.00	26.20	31.50	38.60	39.00	41.00	44.10	46.80	52.00	59.00	84.00	108.20	139.50	184.60	260.50	
03010655	0706	19750706	20150706	41	75.58	131.71	7.90	837.00		9.92	12.00	17.60	19.00	21.00	23.60	30.50	35.40	36.90	38.00	39.70	47.60	52.50	69.40	75.50	103.40	122.10	147.40	209.90	
03010655	0707	19750707	20150707	41	72.17	110.80	7.80	665.00		11.10	13.00	16.20	19.40	20.50	23.80	30.00	32.80	34.90	37.00	41.00	46.20	54.70	66.80	78.00	93.00	115.30	142.60	287.70	
03010655	0708	19750708	20150708	41	106.99	281.25	7.60	1790.00		10.20	16.20	17.30	19.40	21.50	23.60	26.10	30.80	34.60	41.00	42.50	56.20	66.80	72.80	74.50	84.80	119.00	194.20	443.60	
03010655	0709	19750709	20150709	41	85.23	144.89	7.30	886.00		10.10	13.00	17.60	20.00	23.50	25.60	28.40	32.80	41.10	47.00	53.40	59.40	64.30	69.60	79.50	103.00	138.40	182.60	344.70	
03010655	0710	19750710	20150710	41	65.56	81.77	7.10	462.00		10.10	11.00	17.30	19.00	21.00	28.40	32.70	37.80	39.90	43.00	44.40	49.40	57.90	63.20	73.50	82.20	95.10	141.40	271.90	
03010655	0711	19750711	20150711	41	56.45	65.44	6.90	365.00		9.55	11.20	16.30	18.00	21.00	25.20	26.00	30.40	35.70	38.00	41.40	47.00	52.30	58.60	65.50	77.20	82.70	108.40	230.80	
03010655	0712	19750712	20150712	41	65.83	101.40	7.50	522.00		8.99	12.00	16.30	17.40	19.00	21.40	24.00	27.80	32.60	34.00	36.60	42.00	50.90	61.40	70.00	79.20	87.80	117.60	406.00	
03010655	0713	19750713	20150713	41	67.09	107.77	7.30	564.00		8.81	11.80	15.00	16.00	19.50	22.00	23.40	26.80	30.90	32.00	40.00	45.00	46.90	56.40	62.50	75.20	103.60	149.00	416.70	
03010655	0714	19750714	20150714	41	59.84	84.01	6.80	431.00		8.82	10.80	14.30	15.40	19.50	21.00	25.40	28.00	29.80	33.00	37.10	41.20	49.60	53.40	58.50	74.80	96.50	123.60	335.40	
03010655	0715	19750715	20150715	41	59.60	70.94	7.90	324.00		9.01	12.00	13.30	14.80	18.00	21.80	24.70	26.00	27.90	33.00	35.70	45.20	53.70	61.40	63.50	80.80	101.00	162.80	267.50	
03010655	0716	19750716	20150716	41	55.41	61.36	7.10	293.00		8.93	13.00	14.30	16.20	19.00	23.20	24.70	26.00	30.00	31.00	34.50	40.00	46.30	56.00	64.00	72.60	94.40	160.60	205.40	
03010655	0717	19750717	20150717	41	49.87	52.06	6.70	213.00		8.29	11.20	13.60	19.40	20.50	21.60	22.00	24.00	25.90	32.00	33.30	37.40	42.90	47.60	53.00	70.40	90.50	156.40	200.90	
03010655	0718	19750718	20150718	41	55.02	62.03	6.40	285.00		7.55	12.00	15.60	17.40	19.00	20.00	21.40	24.40	26.90	30.00	34.30	40.00	43.30	47.20	55.00	68.80	141.20	164.60	184.90	
03010655	0719	19750719	20150719	41	53.44	55.32	7.50	276.00		8.04	12.00	13.30	16.40	18.50	20.60	21.70	22.00	24.00	26.00	30.00	41.40	44.90	63.80	79.00	105.20	116.40	127.20	162.30	
03010655	0720	19750720	20150720	41	50.93	48.56	8.20	252.00		10.20	12.00	14.30	17.00	18.00	20.00	21.00	24.20	28.70	36.00	40.20	48.80	53.60	60.20	69.50	79.00	92.90	109.00	170.50	
03010655	0721	19750721	20150721	41	60.92	74.86	7.20	345.00		7.84	11.00	14.60	16.40	18.50	20.00	21.40	25.80	33.50	39.00	40.70	49.20	52.00	53.40	69.50	88.20	107.90	121.20	315.20	
03010655	0722	19750722	20150722	41	81.77	219.76	6.90	1420.00		7.35	11.20	13.30	15.20	18.00	19.60	23.00	25.60	32.00	41.00	45.60	51.60	54.30	56.00	63.50	69.20	79.40	89.40	274.90	
03010655	0723	19750723	20150723	41	70.88	178.50	6.60	1150.00		7.66	11.20	12.30	15.20	18.00	19.00	19.70	24.60	29.00	36.00	39.10	43.40	48.30	53.60	61.00	64.20	70.10	88.80	258.60	
03010655	0724	19750724	20150724	41	71.24	192.07	6.30	1250.00		7.75	10.20	12.30	15.40	18.00	18.00	22.50	29.00	34.00	40.00	42.10	44.80	48.00	51.80	57.50	62.60	66.70	75.80	205.60	
03010655	0725	19750725	20150725	41	64.84	152.47	6.20	977.00		7.05	10.20	11.60	13.80	16.50	17.60	22.20	27.20	29.90	34.00	37.10	41.20	42.30	45.80	47.00	54.40	71.70	87.40	235.40	
03010655	0726	19750726	20150726	41	60.30	97.79	6.20	593.00		6.67	12.00	12.30	14.80	16.50	18.00	23.40	28.60	31.90	32.00	35.20	38.00	43.90	47.20	54.00	64.20	91.00	153.40	208.50	
03010655	0727	19750727	20150727	41	60.90	91.83	6.10	434.00		7.31	11.20	14.30	17.00	18.50	25.40	28.40	30.00	30.90	32.00	35.00	35.40	42.00	44.20	54.00	71.20	98.30	137.20	403.40	
03010655	0728	19750728	20150728	41	63.97	92.82	6.00	485.00		7.12	11.20	13.30	15.40	18.00	20.20	24.70	26.80	29.00	33.00	43.10	44.20	50.20	57.80	62.50	66.60	103.60	149.80	340.20	
03010655	0729	19750729	20150729	41	55.17	69.62	5.70	370.00		9.28	12.40	14.30	15.40	16.50	20.00	23.00	24.00	26.80	29.00	40.00	41.40	46.60	53.00	58.50	74.40	99.70	123.20	246.50	
03010655	0730	19750730	20150730	41	50.14	58.22	6.70	286.00		10.00	12.00	13.30	15.00	15.00	17.40	21.70	24.80	26.80	30.00	33.10	35.60	40.30	50.20	59.00	67.00	87.00	122.20	202.90	
03010655	0731	19750731	20150731	41	58.07	86.91	7.20	456.00		9.92	11.00	12.30	13.40	15.00	17.00	21.10	23.00	25.80	30.00	31.00	35.80	41.20	44.40	53.00	58.80	92.00	167.00	290.70	
03010655	0801	19750801	20150801	41	72.86	157.31	6.20	924.00		8.28	11.20	12.30	13.40	15.50	20.60	21.00	22.80	25.90	28.00	29.40	36.00	36.60	40.00	49.50	62.80	79.50	170.00	408.60	
03010655	0802	19750802	20150802	41	67.02	152.31	5.70	919.00		8.21	9.84	11.30	12.40	14.50	18.60	20.00	20.00	23.70	24.00	27.40	32.00	32.90	38.40	45.00	54.00	64.30	165.20	336.20	
03010655	0803	19750803	20150803	41	64.30	147.26	5.60	919.00		8.65	11.00	12.00	12.40	15.00	18.00	18.00	18.80	22.00	25.00	29.00	31.40	39.30	40.80	43.50	46.40	69.20	153.80	257.20	
03010655	0804	19750804	20150804	41	58.83	122.81	5.60	772.00		8.74	9.96	11.00	11.40	16.00	17.60	18.00	19.80	22.80	25.00	28.10	34.20	38.30	39.00	42.00	61.00	86.50	125.40	204.70	
03010655	0805	19750805	20150805	41	53.53	89.62	5.40	546.00		8.23	9.92	10.30	11.80	14.00	16.60	18.40	20.80	21.90	28.00	31.00	32.60	36.00	40.40	44.00	61.20	107.50	142.40	170.00	
03010655	0806	19750806	20150806	41	53.39	73.67	5.00	431.00		8.04	9.84	10.30	12.40	15.50	16.00	17.70	21.60	24.70	25.00	34.30	37.60	41.00	45.00	52.50	95.40	116.20	130.40	158.20	
03010655	0807	19750807	20150807	41	63.45	99.20	4.80	540.00		8.75	9.40	10.23	14.40	15.50	16.60	20.40	21.80	26.60	29.00	32.10	36.20	40.60	46.40	84.00	96.20	107.90	138.80	332.20	
03010655	0808	19750808	20150808	41	63.20	91.63	4.80	507.00		8.75	9.22	10.90	14.00	16.00	19.60	23.00	24.80	27.90	29.00	31.10	36.20	43.20	67.60	78.50	89.00	115.40	144.40	278.40	
03010655	0809	19750809	20150809	41	57.11	82.19	7.60	368.00		7.88	8.70	10.60	12.40	15.00	18.20	21.00	23.60	28.00	29.00	33.00	35.20	45.10	55.80	62.50	72.00	76.00	113.40	351.30	
03010655	0810	19750810	20150810	41	85.72	238.81	7.00	1480.00		8.01	9.06	11.00	14.80	17.50	18.00	20.70	22.00	25.70	28.00	30.10	31.40	36.30	45.40	51.00	66.20	72.10	110.80	479.90	
03010655	0811	19750811	20150811	41	72.48	177.27	6.40	1080.00		7.70	8.14	11.30	13.40	15.50	18.20	21.70	23.60	26.00	26.00	29.10	33.20	38.60	41.00	52.00	65.00	73.10	97.60	424.90	
03010655	0812	19750812	20150812	41	84.70	242.85	5.80	1520.00		7.03	8.08	10.30	12.80	16.50	18.80	20.00	20.80	22.80	24.00	26.10	27.60	34.00	34.40	48.00	62.00	79.00	170.60	423.00	
03010655	0813	19750813	20150813	41	71.39	170.42	5.50	1030.00		6.65	8.16	10.30	13.40	15.00	16.00	18.40	20.00	21.90	23.00	24.10	26.60	30.30	39.80	53.50	58.00	75.30	155.40	370.50	
03010655	0814	19750814	20150814	41	106.93	262.25	5.20	1220.00		6.28	8.22	10.60	13.40	14.00	15.00	17.70	19.60	20.90	23.00	25.10	26.20	28.90	36.40	47.00	57.20	85.70	285.60	1041.00	
03010655	0815	19750815	20150815	41	107.15	280.28	5.80	1340.00		6.07	7.46	13.00	13.40	15.50	16.00	17.00	18.80	20.00	23.00	26.00	26.40	29.30	36.00	46.50	63.20	109.50	225.60	1147.30	
03010655	0816	19750816	20150816	41	66.13	122.21	5.50	572.00		6.15	7.54	12.30	13.80	15.50	16.60	17.70	19.80	21.00	25.00	28.00	31.80	36.00	39.80	50.50	62.60	74.70	174.80	487.20	
03010655	0817	19750817	20150817	41	52.98	88.30	5.80	392.00		6.11	8.40	12.00	12.40	14.00	15.00	16.00	17.00	18.00	20.00	23.10	25.00	26.20	37.20	47.00	56.60	62.80	155.00	360.10	
03010655	0818	19750818	20150818	41	87.99	295.09	5.30	1890.00		5.88	8.36	11.00	12.00	12.50	13.60	16.40	17.00	18.80	21.00	22.00	22.20	24.60	33.60	45.50	50.60	99.90	177.60	264.90	
03010655	0819	19750819	20150819	41	72.46	245.11	5.50	1580.00		7.21	8.60	10.00	11.40	12.50	14.60	15.00	16.80	17.90	19.00	20.10	22.20	24.00	28.20	40.00	46.60	85.80	113.00	206.20	
03010655	0820	19750820	20150820	41	48.97	109.07	6.80	697.00		7.60	10.20	12.00	12.40	14.00	15.60	17.00	17.00	19.00	22.00	22.20	25.20	29.30	36.00	38.00	42.00	64.70	92.40	168.40	
03010655	0821	19750821	20150821	41	59.47	148.81	7.40	948.00		8.24	9.04	11.00	12.00	13.00	14.60	15.70	17.80	18.90	21.00	22.10	23.40	25.30	28.00	39.00	51.20	99.80	140.60	181.20	
03010655	0822	19750822	20150822	41	52.72	127.01	6.80	814.00		7.20	8.92	11.00	12.00	13.00	13.60	15.00	16.00	17.90	19.00	20.10	22.20	24.90	31.20	37.50	51.40	89.70	115.20	147.60	
03010655	0823	19750823	20150823	41	46.08	90.75	6.20	569.00		6.72	7.96	11.00	12.00	12.50	14.00	14.70	16.00	18.00	19.00	21.00	23.20	24.30	34.00	36.50	53.80	84.50	104.80	157.60	
03010655	0824	19750824	20150824	41	41.21	67.42	5.50	410.00		6.53	7.36	11.00	12.00	13.00	13.60	15.40	17.60	19.00	20.00	21.10	23.00	30.60	32.00	33.50	47.20	77.70	100.60	148.90	
03010655	0825	19750825	20150825	41	36.13	55.88	5.30	351.00		6.50	6.80	10.60	12.00	13.00	14.20	16.40	17.00	17.90	20.00	22.10	24.00	26.30	29.40	31.50	41.60	71.40	84.60	94.40	
03010655	0826	19750826	20150826	41	32.21	44.81	5.60	279.00		6.30	6.68	9.86	10.40	11.50	13.60	16.00	17.00	18.00	19.00	20.00	20.60	23.30	28.40	31.00	39.00	67.00	70.60	80.80	
03010655	0827	19750827	20150827	41	33.83	38.93	5.90	218.00		6.22	6.58	9.44	10.40	13.50	15.00	16.00	16.80	17.90	18.00	22.20	26.20	27.30	29.40	32.50	62.60	69.90	75.40	112.30	
03010655	0828	19750828	20150828	41	32.73	35.12	5.90	195.00		5.97	7.16	8.89	10.80	14.50	15.00	15.70	16.80	18.00	18.00	20.00	26.00	28.00	30.20	42.50	57.40	65.70	68.80	103.30	
03010655	0829	19750829	20150829	41	34.86	39.77	5.40	205.00		5.82	7.40	9.30	10.40	12.50	13.00	14.00	16.60	17.90	19.00	23.00	24.20	26.30	34.80	50.00	61.60	66.50	73.00	144.50	
03010655	0830	19750830	20150830	41	41.72	55.76	5.00	272.00		5.55	7.26	9.86	11.00	11.50	13.00	14.70	16.60	17.90	19.00	21.20	24.20	26.90	32.20	40.00	52.00	91.60	142.80	158.60	
03010655	0831	19750831	20150831	41	51.20	105.35	4.80	614.00		5.71	7.70	9.53	10.40	11.50	13.20	14.70	15.80	17.90	19.00	22.00	23.40	26.60	32.00	37.00	59.00	78.50	96.80	306.50	
03010655	0901	19750901	20150901	41	42.51	60.13	4.50	323.00		5.79	8.64	9.29	10.40	13.00	14.00	15.70	16.00	17.00	18.00	21.00	22.80	29.90	33.80	45.00	60.20	76.40	122.40	182.10	
03010655	0902	19750902	20150902	41	55.62	98.87	4.20	446.00		5.66	9.06	9.93	10.40	12.50	13.60	15.00	15.80	16.90	19.00	24.00	27.40	30.30	32.80	38.00	57.00	81.80	201.00	389.30	
03010655	0903	19750903	20150903	41	69.77	173.61	4.00	1070.00		5.28	8.50	10.23	11.40	13.00	14.00	14.00	16.60	19.90	21.00	22.50	27.00	28.00	47.00	53.00	60.40	85.40	159.80	360.20	
03010655	0904	19750904	20150904	41	70.24	181.33	3.80	1010.00		5.46	7.50	10.16	11.40	12.00	12.60	14.00	17.20	18.00	20.00	24.00	25.40	28.50	33.80	39.50	45.80	79.60	128.80	595.20	
03010655	0905	19750905	20150905	41	53.10	115.75	3.70	649.00		6.02	6.94	10.00	12.00	12.00	13.60	15.40	18.60	19.90	23.00	25.10	27.20	28.30	30.40	36.00	42.20	63.00	102.00	386.00	
03010655	0906	19750906	20150906	41	47.87	81.25	3.60	400.00		5.55	6.48	9.51	11.00	12.00	12.60	13.00	14.60	17.70	23.00	24.00	26.20	29.90	32.80	38.00	52.80	64.90	117.40	287.80	
03010655	0907	19750907	20150907	41	40.08	57.25	4.90	286.00		5.09	6.54	8.94	10.00	11.00	12.60	14.40	16.80	18.90	21.00	21.20	28.60	34.60	37.00	39.00	45.80	56.80	94.20	214.90	
03010655	0908	19750908	20150908	41	36.70	43.04	5.00	220.00		5.91	6.52	9.65	10.00	12.50	15.60	16.00	16.80	18.90	19.00	22.40	27.60	36.30	40.80	45.00	48.00	58.70	87.40	161.90	
03010655	0909	19750909	20150909	41	62.29	187.02	5.00	1210.00		5.52	8.04	9.43	10.00	12.50	14.60	16.00	17.00	17.90	21.00	25.10	33.20	36.90	41.00	44.00	45.60	61.40	84.60	172.70	
03010655	0910	19750910	20150910	41	62.25	200.38	4.60	1300.00		5.20	7.66	9.09	11.00	11.00	12.60	15.00	16.00	17.00	21.00	25.50	30.40	34.90	38.60	42.50	46.20	59.70	69.80	143.50	
03010655	0911	19750911	20150911	41	45.39	100.30	4.40	648.00		5.63	6.66	7.99	9.98	12.00	13.00	14.00	15.80	18.80	23.00	26.00	28.40	32.30	36.80	42.50	48.60	53.10	96.20	119.50	
03010655	0912	19750912	20150912	41	54.46	99.93	3.50	507.00		4.25	6.38	7.82	9.50	11.50	12.60	14.00	15.60	18.90	21.00	26.40	31.80	36.30	41.40	46.00	55.40	86.70	100.00	380.90	
03010655	0913	19750913	20150913	41	67.88	175.17	3.20	1100.00		3.93	7.16	8.59	9.46	11.00	11.60	13.70	15.60	17.90	19.00	26.10	30.00	34.00	39.40	41.50	72.80	88.10	130.40	279.60	
03010655	0914	19750914	20150914	41	76.49	185.44	4.20	1060.00		4.71	7.20	9.25	10.40	11.50	12.00	14.40	16.00	17.00	23.00	24.10	28.20	33.00	38.40	53.00	68.20	85.80	196.40	548.20	
03010655	0915	19750915	20150915	41	60.14	112.09	4.20	630.00		5.07	8.48	9.93	10.40	11.50	13.80	15.00	16.60	21.60	23.00	26.10	30.40	35.00	39.80	53.00	77.00	99.70	157.60	344.90	
03010655	0916	19750916	20150916	41	50.71	84.06	4.80	477.00		7.18	8.08	9.86	11.00	12.00	14.20	15.70	16.00	20.70	25.00	27.10	29.00	30.30	33.80	47.00	66.80	94.70	126.60	250.20	
03010655	0917	19750917	20150917	41	54.91	91.51	7.40	427.00		8.03	9.26	10.16	11.80	13.50	14.60	15.00	18.60	20.00	21.00	25.00	26.40	29.30	32.40	40.50	59.60	87.40	162.40	346.00	
03010655	0918	19750918	20150918	41	103.40	312.53	7.40	1890.00		7.58	8.76	10.00	11.40	13.00	13.60	16.00	16.80	17.90	20.00	23.20	25.40	27.30	30.40	36.50	54.00	80.80	242.20	661.00	
03010655	0919	19750919	20150919	41	100.06	250.86	5.80	1250.00		6.91	7.76	9.23	11.00	12.00	12.00	13.70	14.80	20.60	22.00	24.10	26.00	28.30	33.60	40.50	72.40	98.10	210.60	806.40	
03010655	0920	19750920	20150920	41	81.70	188.82	5.40	874.00		6.55	8.04	8.73	9.88	11.50	12.00	12.70	13.80	18.80	21.00	21.10	22.80	28.30	31.60	41.00	61.20	74.50	184.60	672.20	
03010655	0921	19750921	20150921	41	65.82	140.64	5.00	666.00		6.62	8.02	8.94	9.88	12.00	12.00	13.70	17.60	19.00	20.00	21.10	22.40	27.30	33.20	40.00	52.40	69.10	145.80	524.70	
03010655	0922	19750922	20150922	41	68.49	131.00	5.00	528.00		6.75	8.74	9.30	10.40	12.00	13.00	14.00	16.80	19.00	19.00	22.00	25.20	27.00	32.60	47.00	60.00	108.60	265.80	502.70	
03010655	0923	19750923	20150923	41	65.57	122.28	4.90	621.00		6.51	8.62	10.02	11.40	12.50	15.80	17.70	18.00	19.00	21.00	24.00	26.40	29.50	33.80	40.00	58.80	119.80	210.40	385.10	
03010655	0924	19750924	20150924	41	55.65	94.67	5.10	458.00		6.47	7.94	9.88	11.40	13.00	14.60	15.70	16.80	18.00	22.00	22.10	23.20	28.30	29.40	35.50	79.80	100.30	168.40	330.20	
03010655	0925	19750925	20150925	41	82.63	220.40	6.40	1360.00		6.80	8.74	10.02	12.00	13.00	14.00	15.00	16.80	17.00	20.00	20.20	22.00	24.20	27.40	45.00	86.20	103.30	204.00	377.60	
03010655	0926	19750926	20150926	41	107.22	312.31	6.00	1520.00		6.80	9.12	11.00	11.00	12.50	14.60	15.00	17.00	17.90	20.00	21.00	25.20	26.00	31.60	48.00	72.00	99.10	165.80	1268.00	
03010655	0927	19750927	20150927	41	92.80	241.63	6.50	1140.00		7.95	8.84	10.60	12.40	13.50	15.00	16.40	19.60	20.00	21.00	23.20	32.40	39.90	45.00	61.00	77.60	97.00	138.20	1029.90	
03010655	0928	19750928	20150928	41	88.27	181.32	7.00	730.00		8.04	10.04	11.30	13.00	14.00	16.60	20.00	21.00	22.00	23.00	31.50	36.00	43.50	50.00	54.00	71.80	112.10	173.20	719.40	
03010655	0929	19750929	20150929	41	81.31	138.96	6.30	617.00		8.40	9.04	11.00	12.40	13.50	17.20	19.00	20.80	29.10	33.00	33.50	41.00	46.00	57.60	71.00	83.60	121.90	288.80	496.40	
03010655	0930	19750930	20150930	41	94.44	176.51	5.80	995.00		7.37	8.74	9.95	11.40	13.00	15.60	17.40	25.00	29.90	34.00	37.20	45.00	56.90	72.20	77.50	111.00	137.00	321.80	423.60	
03010655	1001	19741001	20151001	42	74.76	97.38	5.40	385.00		7.26	7.83	8.51	11.00	11.75	13.80	15.35	24.40	28.35	30.50	33.30	42.00	73.00	88.20	90.75	100.20	178.60	246.40	321.25	
03010655	1002	19741002	20151002	42	64.89	77.26	5.40	318.00		7.26	7.89	9.68	11.00	11.00	12.90	15.15	19.80	25.00	27.50	31.00	43.80	65.00	83.10	102.75	111.20	124.85	209.10	255.10	
03010655	1003	19741003	20151003	42	59.20	63.70	5.40	254.00		7.25	8.43	10.00	10.60	11.00	12.90	13.05	16.80	21.70	28.50	35.20	54.00	60.95	79.10	93.25	101.20	148.35	162.60	206.45	
03010655	1004	19741004	20151004	42	66.52	97.73	5.60	559.00		7.46	8.60	10.45	11.00	11.75	13.00	15.00	17.60	21.00	26.00	35.25	52.00	65.45	72.60	83.00	105.40	131.10	152.10	242.70	
03010655	1005	19741005	20151005	42	62.62	77.68	6.20	417.00		6.89	7.99	9.12	12.00	12.00	14.00	16.05	19.00	21.40	28.00	38.50	58.20	78.55	88.10	91.50	103.40	112.00	129.60	229.45	
03010655	1006	19741006	20151006	42	68.61	80.81	6.40	348.00		7.42	7.66	9.90	11.00	12.75	14.80	16.10	20.40	23.35	35.00	52.20	67.40	79.75	84.70	94.75	104.00	117.50	190.30	308.20	
03010655	1007	19741007	20151007	42	65.41	76.06	6.20	316.00		7.21	7.66	8.93	11.60	12.75	14.80	17.15	22.00	28.25	42.50	47.90	54.40	67.40	77.10	79.25	89.20	142.35	189.40	277.10	
03010655	1008	19741008	20151008	42	65.03	68.78	6.00	259.00		7.26	7.86	9.79	11.60	12.00	16.70	20.00	25.40	41.40	46.00	49.65	55.80	70.75	72.30	75.25	93.80	146.15	184.40	247.00	
03010655	1009	19741009	20151009	42	69.49	89.51	5.90	485.00		6.49	7.31	9.06	11.00	12.50	16.60	20.05	22.80	36.40	41.50	45.65	59.80	65.90	71.40	78.50	102.40	156.15	189.40	230.95	
03010655	1010	19741010	20151010	42	75.05	147.19	5.60	942.00		5.83	7.38	9.12	10.60	11.75	16.60	18.00	21.20	33.75	40.50	45.65	57.20	61.90	63.40	71.75	87.20	131.65	163.50	210.75	
03010655	1011	19741011	20151011	42	74.63	123.89	6.00	581.00		6.91	8.49	10.00	11.00	12.00	15.70	17.00	18.40	27.45	35.50	42.65	49.40	55.80	61.50	68.75	109.00	132.65	169.60	516.60	
03010655	1012	19741012	20151012	42	79.35	175.11	6.90	1090.00		7.58	8.83	9.84	11.00	11.75	13.90	16.00	17.20	23.20	34.00	39.30	43.60	50.80	57.30	70.50	95.60	115.00	168.80	369.95	
03010655	1013	19741013	20151013	42	69.41	137.63	6.90	861.00		7.35	9.38	9.89	11.00	14.00	15.00	16.00	17.20	29.05	35.00	38.95	44.80	47.95	54.20	63.25	89.20	98.10	154.10	278.45	
03010655	1014	19741014	20151014	42	67.55	109.28	6.70	652.00		7.20	8.90	9.89	11.60	15.00	15.00	16.20	27.40	34.35	37.50	40.65	50.00	51.95	61.00	69.75	86.80	96.40	166.70	281.90	
03010655	1015	19741015	20151015	42	65.29	90.21	6.80	516.00		7.18	8.43	9.62	12.20	14.00	18.60	24.10	27.00	32.05	36.00	38.65	47.00	52.80	69.50	77.00	88.20	116.95	168.20	227.90	
03010655	1016	19741016	20151016	42	61.47	75.18	6.60	417.00		8.07	9.16	11.45	13.60	15.75	18.00	23.20	31.00	32.35	34.50	37.00	47.40	53.70	67.30	70.50	91.20	129.70	166.20	186.50	
03010655	1017	19741017	20151017	42	69.22	81.14	7.80	340.00		8.11	9.86	11.00	14.00	14.75	16.90	19.20	25.00	32.00	34.00	52.75	60.40	63.00	69.60	79.00	105.60	153.75	174.70	302.25	
03010655	1018	19741018	20151018	42	77.75	96.74	8.60	441.00		8.86	11.00	11.90	13.60	16.00	21.80	25.10	29.40	31.35	32.50	49.15	60.80	65.95	74.60	92.25	125.40	160.20	198.80	355.20	
03010655	1019	19741019	20151019	42	95.21	139.98	7.50	649.00		9.62	11.30	14.00	18.00	19.50	22.90	27.00	28.20	31.35	40.50	55.30	60.20	71.95	80.20	115.00	126.40	154.75	264.50	544.10	
03010655	1020	19741020	20151020	42	123.60	232.18	6.70	1300.00		9.72	11.30	13.00	17.20	20.00	23.90	24.10	26.20	30.10	47.00	51.95	56.40	72.80	77.60	109.25	135.00	253.20	306.20	638.20	
03010655	1021	19741021	20151021	42	153.02	281.17	7.20	1200.00		8.96	11.60	13.45	14.60	19.25	20.00	22.25	30.40	38.40	46.50	50.60	62.20	76.00	84.10	112.00	231.80	278.40	429.60	1089.40	
03010655	1022	19741022	20151022	42	125.53	204.92	7.20	899.00		8.25	11.30	12.90	16.00	16.00	20.00	26.25	35.40	41.70	48.00	51.30	58.80	68.65	78.70	103.00	197.00	266.20	364.40	763.80	
03010655	1023	19741023	20151023	42	109.88	150.64	7.20	660.00		8.28	11.00	15.00	16.60	19.50	24.70	31.00	33.80	41.00	47.00	49.95	56.60	77.80	92.80	129.50	196.20	233.55	343.10	547.85	
03010655	1024	19741024	20151024	42	99.94	119.04	7.10	475.00		7.71	10.90	14.80	18.00	20.00	23.60	30.05	32.40	39.70	47.50	50.00	67.80	98.80	105.00	155.50	187.40	203.05	287.30	419.55	
03010655	1025	19741025	20151025	42	101.55	108.81	7.30	377.00		10.30	13.90	16.45	21.20	25.00	30.90	31.05	35.20	38.40	45.00	62.35	83.00	99.60	122.10	163.25	182.80	215.95	324.80	363.05	
03010655	1026	19741026	20151026	42	104.73	114.10	7.00	506.00		9.88	16.00	17.90	21.20	26.50	30.00	32.05	35.20	50.40	57.00	64.95	72.60	93.70	127.00	150.50	190.00	263.85	270.70	349.95	
03010655	1027	19741027	20151027	42	108.81	130.41	6.90	700.00		9.30	15.00	17.35	20.20	26.75	28.90	30.00	31.20	41.10	58.00	67.20	97.00	114.85	142.70	167.00	179.20	219.65	244.50	367.25	
03010655	1028	19741028	20151028	42	151.49	382.87	7.60	2500.00		8.98	15.30	18.00	19.60	24.00	26.90	28.05	31.40	38.75	58.00	79.00	100.40	106.00	126.70	162.00	198.00	203.65	256.90	400.00	
03010655	1029	19741029	20151029	42	136.15	245.27	7.30	1500.00		9.30	14.30	17.45	22.60	24.00	28.00	30.20	38.40	47.20	58.00	81.80	95.40	103.80	125.60	171.50	181.40	219.65	248.90	565.05	
03010655	1030	19741030	20151030	42	127.40	178.01	6.80	940.00		9.15	14.30	17.00	19.60	22.75	27.80	30.00	36.00	54.10	66.50	79.20	87.20	99.55	147.60	168.25	189.80	224.55	360.60	530.15	
03010655	1031	19741031	20151031	42	111.18	132.77	6.80	600.00		8.55	14.60	17.00	19.00	21.75	28.80	32.10	38.20	55.35	61.50	69.30	79.20	91.50	131.20	165.00	183.60	218.55	320.90	463.95	
03010655	1101	19741101	20151101	42	111.27	116.34	6.50	475.00		8.29	13.30	16.45	20.00	28.75	32.80	38.40	53.80	59.40	68.00	73.65	83.20	113.00	141.80	167.25	190.20	232.55	303.20	413.75	
03010655	1102	19741102	20151102	42	109.87	124.59	6.60	689.00		8.44	13.60	15.45	20.80	29.75	32.90	37.50	48.80	54.70	70.50	79.25	94.60	121.75	145.30	167.75	177.20	206.10	230.10	349.75	
03010655	1103	19741103	20151103	42	105.15	103.45	6.20	516.00		8.77	16.60	18.00	25.20	34.00	36.00	40.10	51.20	63.35	70.00	78.95	99.20	113.80	138.70	165.00	171.60	198.25	231.00	317.05	
03010655	1104	19741104	20151104	42	101.88	90.02	5.90	386.00		8.62	16.60	19.90	27.60	34.50	41.50	52.05	55.80	66.35	71.50	84.65	100.60	109.65	134.50	141.75	157.20	188.95	240.50	330.20	
03010655	1105	19741105	20151105	42	105.54	88.99	5.90	364.00		8.96	18.30	20.00	24.20	32.00	44.90	51.25	62.80	80.15	93.50	98.65	108.40	110.95	129.20	149.00	158.60	184.35	267.40	315.75	
03010655	1106	19741106	20151106	42	106.08	89.83	5.90	413.00		8.71	18.60	26.35	32.20	41.50	45.70	49.05	60.20	80.85	93.50	96.65	106.20	111.80	124.70	138.25	159.40	190.00	235.80	336.75	
03010655	1107	19741107	20151107	42	103.90	89.04	6.10	431.00		8.81	18.60	26.45	30.20	36.25	43.70	52.15	62.80	80.70	91.00	99.60	105.40	111.90	121.40	133.75	161.00	181.00	218.60	307.60	
03010655	1108	19741108	20151108	42	115.39	145.89	6.30	904.00		8.90	16.20	25.45	27.60	42.75	45.80	49.55	63.40	78.70	86.50	97.30	101.00	108.75	115.80	129.75	164.20	178.25	235.10	348.20	
03010655	1109	19741109	20151109	42	146.91	348.78	6.30	2310.00		8.90	16.20	24.45	27.60	43.25	47.90	56.05	64.80	77.90	91.50	95.90	100.40	103.90	108.60	137.25	157.60	181.75	227.60	287.60	
03010655	1110	19741110	20151110	42	141.81	216.04	5.90	1390.00		9.13	18.90	23.90	26.60	41.75	52.20	61.35	78.40	85.00	95.50	105.20	109.80	126.45	139.70	179.25	196.80	222.10	264.80	383.05	
03010655	1111	19741111	20151111	42	143.58	143.43	9.30	735.00		11.20	21.20	27.15	35.20	43.00	49.90	64.70	81.60	89.40	100.50	116.15	133.60	156.65	181.20	193.00	208.60	243.00	341.80	444.00	
03010655	1112	19741112	20151112	42	156.10	164.19	10.00	834.00		12.75	19.50	26.25	31.60	40.50	45.70	59.75	77.20	82.75	101.50	126.20	154.40	166.80	190.80	225.75	245.40	268.05	407.60	491.00	
03010655	1113	19741113	20151113	42	154.05	152.03	9.30	656.00		11.60	18.10	30.00	37.00	41.75	53.00	67.15	71.60	78.90	100.00	131.00	139.00	163.25	190.90	232.50	250.40	274.50	391.60	567.85	
03010655	1114	19741114	20151114	42	141.06	132.75	8.70	594.00		13.15	19.10	29.35	35.60	43.00	51.50	62.05	69.00	79.00	92.50	116.30	127.60	161.80	206.60	215.75	228.20	262.20	323.90	481.90	
03010655	1115	19741115	20151115	42	136.35	113.79	8.60	490.00		15.30	21.80	30.90	33.80	39.75	58.40	64.10	76.40	102.90	116.00	118.60	137.80	154.00	186.70	204.25	220.00	250.50	286.80	436.55	
03010655	1116	19741116	20151116	42	146.01	134.40	8.50	689.00		14.45	23.80	29.00	35.20	39.25	57.10	60.15	79.60	106.80	118.00	127.95	152.20	176.05	190.00	190.25	210.00	258.60	351.80	390.70	
03010655	1117	19741117	20151117	42	185.64	276.75	10.00	1770.00		13.60	20.30	33.00	36.40	50.75	57.90	75.10	106.60	119.35	125.00	137.30	163.20	172.95	186.20	222.75	248.80	311.05	329.10	526.55	
03010655	1118	19741118	20151118	42	177.67	205.35	10.00	1180.00		12.30	19.70	31.90	39.20	54.00	57.70	86.80	103.20	119.05	131.00	139.80	158.60	175.90	194.00	213.00	258.40	292.10	358.60	611.55	
03010655	1119	19741119	20151119	42	167.93	164.37	10.00	718.00		12.15	19.40	29.35	37.80	52.00	57.90	78.55	98.40	107.70	119.50	135.75	159.80	171.90	187.10	233.75	262.60	296.05	362.40	631.25	
03010655	1120	19741120	20151120	42	191.21	309.18	10.00	1990.00		12.00	19.40	37.45	40.40	53.75	58.70	77.90	97.00	102.70	119.00	136.50	154.40	160.75	203.10	226.75	251.80	282.90	398.40	505.15	
03010655	1121	19741121	20151121	42	163.98	183.77	11.00	1130.00		13.60	24.60	35.45	41.80	55.50	68.70	90.10	105.20	112.80	128.00	139.25	144.80	165.40	191.00	209.00	232.60	272.45	331.70	410.30	
03010655	1122	19741122	20151122	42	148.57	118.47	11.00	632.00		12.75	26.70	34.35	43.20	52.75	73.90	102.45	111.00	118.50	133.50	134.65	162.80	167.95	191.20	203.50	223.60	245.55	282.70	374.50	
03010655	1123	19741123	20151123	42	154.95	117.40	10.00	518.00		12.45	32.90	40.45	50.60	57.00	76.20	98.00	112.20	122.00	127.00	148.60	157.80	172.80	188.10	205.75	230.00	280.60	340.50	429.45	
03010655	1124	19741124	20141124	41	150.66	115.40	10.00	529.00		12.40	30.80	43.10	59.00	72.00	73.80	103.00	110.80	114.90	123.00	143.10	150.00	161.20	172.80	194.00	202.60	253.50	356.00	419.90	
03010655	1125	19741125	20141125	41	146.32	110.65	10.00	562.00		11.50	37.20	49.10	64.40	79.50	94.80	102.10	111.40	113.00	122.00	135.30	140.00	142.90	157.00	174.00	194.20	222.70	344.00	365.40	
03010655	1126	19741126	20141126	41	168.66	140.19	10.00	783.00		35.30	44.80	49.30	67.80	79.00	98.20	106.30	111.80	117.80	132.00	137.20	153.20	168.20	199.00	235.00	260.80	282.40	315.80	462.50	
03010655	1127	19741127	20141127	41	205.15	238.82	11.00	1430.00		33.50	40.40	60.00	66.40	80.50	97.60	103.80	108.60	117.50	122.00	137.80	151.00	199.40	261.20	270.00	286.60	330.40	376.60	675.40	
03010655	1128	19741128	20141128	41	227.85	245.04	11.00	1390.00		31.50	40.40	64.10	75.80	78.50	93.20	105.70	121.60	131.80	141.00	173.30	249.40	257.40	275.60	285.50	294.80	372.80	413.20	794.00	
03010655	1129	19741129	20141129	41	236.54	230.09	11.00	1330.00		30.30	41.00	63.30	74.00	79.50	95.60	108.20	118.40	159.90	191.00	237.70	256.40	274.90	295.80	313.00	322.60	380.20	462.60	651.80	
03010655	1130	19741130	20141130	41	263.83	382.26	10.00	2440.00		28.30	38.00	52.20	74.80	85.00	96.80	103.50	126.80	182.90	192.00	211.90	244.80	279.50	291.60	314.50	330.20	348.30	418.60	716.50	
03010655	1201	19741201	20141201	41	285.37	403.10	11.00	2400.00		28.20	35.40	64.40	70.00	87.50	99.80	113.80	119.00	185.50	205.00	236.20	248.60	270.00	287.00	301.50	341.00	402.30	526.20	1202.70	
03010655	1202	19741202	20141202	41	268.07	383.50	11.00	2440.00		27.30	33.40	61.40	69.00	92.00	97.00	117.60	152.00	169.30	190.00	204.30	233.00	245.20	261.20	296.00	357.00	449.40	519.00	683.30	
03010655	1203	19741203	20141203	41	231.41	197.79	10.00	1130.00		29.90	44.60	66.20	75.80	84.00	115.60	147.90	166.00	181.50	193.00	218.20	230.20	239.30	286.80	298.50	329.80	368.40	492.80	508.00	
03010655	1204	19741204	20141204	41	205.17	134.27	10.00	648.00		27.90	40.40	71.90	79.60	97.50	128.00	145.80	159.80	171.70	185.00	194.00	207.00	225.10	266.80	297.50	320.40	344.80	394.80	431.30	
03010655	1205	19741205	20141205	41	190.68	110.43	11.00	474.00		25.00	55.20	79.30	82.80	99.50	120.40	140.20	151.60	154.00	169.00	182.20	189.60	235.60	258.20	296.50	311.60	330.90	341.20	359.70	
03010655	1206	19741206	20141206	41	177.51	93.89	11.00	376.00		23.10	52.00	80.00	86.00	107.50	129.60	138.20	143.40	151.50	161.00	174.50	183.60	208.10	235.20	277.50	284.00	295.10	308.40	325.50	
03010655	1207	19741207	20141207	41	171.51	92.49	11.00	432.00		21.20	49.00	77.20	97.00	111.50	128.00	130.00	136.00	139.90	150.00	164.90	186.00	202.30	221.60	242.50	258.00	264.80	304.60	321.00	
03010655	1208	19741208	20141208	41	166.51	90.11	11.00	458.00		20.20	47.20	72.60	96.80	117.00	121.20	126.40	131.40	146.60	155.00	164.50	186.60	194.50	206.20	227.50	241.20	253.50	283.60	325.10	
03010655	1209	19741209	20141209	41	171.49	107.98	11.00	540.00		18.40	41.40	71.90	92.40	108.50	114.00	119.70	124.00	134.30	149.00	177.40	184.80	189.80	209.20	236.00	254.60	263.10	297.00	436.00	
03010655	1210	19741210	20141210	41	169.88	103.15	10.00	480.00		17.40	44.40	76.60	92.80	101.00	106.40	115.70	132.00	140.60	154.00	162.30	173.60	186.10	201.20	231.50	253.40	266.00	315.60	408.80	
03010655	1211	19741211	20141211	41	181.54	134.64	10.00	734.00		17.30	46.00	74.40	88.20	100.00	103.60	114.30	130.80	148.50	158.00	167.10	179.60	202.60	216.00	223.50	240.00	264.80	356.00	475.00	
03010655	1212	19741212	20141212	41	190.34	151.56	9.90	762.00		17.30	66.80	71.20	83.20	94.00	98.20	104.40	119.00	131.30	168.00	188.40	204.80	209.90	220.40	231.50	252.20	272.80	361.20	602.90	
03010655	1213	19741213	20141213	41	196.23	150.77	9.40	697.00		17.00	60.20	75.20	84.00	87.50	98.40	107.30	114.00	123.20	166.00	177.10	186.40	211.40	228.60	262.00	293.20	328.30	457.60	544.80	
03010655	1214	19741214	20141214	41	214.94	217.95	9.60	1240.00		16.40	63.80	80.60	87.80	94.50	96.00	102.20	107.80	131.70	146.00	165.20	192.20	202.30	225.60	253.00	304.80	377.60	429.40	682.50	
03010655	1215	19741215	20141215	41	224.66	232.43	8.90	1200.00		15.80	60.00	80.40	90.40	97.00	98.20	109.70	127.00	141.50	170.00	179.10	188.60	198.40	224.60	264.50	301.60	371.20	432.60	931.70	
03010655	1216	19741216	20141216	41	210.77	202.45	9.60	970.00		15.70	62.80	78.80	93.20	98.00	104.60	121.40	126.80	135.90	146.00	157.10	169.60	196.10	227.60	255.00	274.60	326.90	376.60	873.90	
03010655	1217	19741217	20141217	41	195.80	145.72	9.90	786.00		15.70	73.60	81.80	88.80	96.00	106.00	110.00	133.00	140.80	150.00	196.20	200.20	203.50	224.40	263.00	287.60	313.50	350.80	497.20	
03010655	1218	19741218	20141218	41	192.59	134.59	10.00	566.00		15.10	68.40	78.60	85.80	92.00	94.40	102.60	121.40	135.40	144.00	184.80	197.40	215.60	232.20	259.50	272.00	366.40	418.80	480.60	
03010655	1219	19741219	20141219	41	187.02	141.66	10.00	649.00		16.70	61.20	77.20	81.80	87.00	98.00	113.30	120.00	124.70	132.00	161.10	181.40	192.50	212.80	222.00	268.80	375.50	439.00	471.00	
03010655	1220	19741220	20141220	41	182.12	134.32	11.00	633.00		20.10	70.80	77.90	83.80	90.50	105.60	111.40	121.20	138.40	149.00	161.00	171.20	188.60	193.00	219.00	241.40	313.20	412.60	514.90	
03010655	1221	19741221	20141221	41	183.12	125.47	13.00	541.00		40.60	71.00	77.20	84.00	89.00	98.20	120.20	132.40	139.70	150.00	155.90	170.20	180.60	194.20	233.00	274.80	345.10	369.20	502.00	
03010655	1222	19741222	20141222	41	184.90	165.46	36.00	1010.00		47.10	72.40	75.60	82.40	85.50	98.20	114.10	126.80	129.90	138.00	140.60	149.20	153.40	210.00	247.50	258.80	280.40	379.00	447.20	
03010655	1223	19741223	20141223	41	195.44	173.53	36.00	962.00		46.10	76.00	78.20	84.40	90.00	100.40	108.80	111.60	117.70	125.00	136.40	163.80	186.00	220.80	234.50	264.20	333.40	448.80	540.50	
03010655	1224	19741224	20141224	41	221.05	233.48	41.00	1300.00		61.10	70.00	77.30	80.60	84.00	89.20	93.80	112.80	129.00	141.00	175.50	192.00	204.50	223.40	255.50	292.40	369.60	454.00	768.10	
03010655	1225	19741225	20141225	41	212.56	158.23	39.00	715.00		55.20	66.40	73.30	82.80	87.50	103.80	109.50	145.80	169.50	170.00	181.10	186.00	219.90	243.60	255.00	312.80	422.60	454.80	572.80	
03010655	1226	19741226	20141226	41	203.98	140.52	38.00	597.00		50.80	60.40	66.20	78.40	88.00	121.20	133.70	155.80	160.00	169.00	197.30	200.00	203.90	213.40	243.00	294.60	365.70	464.20	543.00	
03010655	1227	19741227	20141227	41	186.73	117.48	37.00	501.00		46.60	56.40	71.60	74.80	83.00	120.60	133.60	148.00	159.00	170.00	170.20	180.00	184.80	204.40	264.00	287.20	333.30	366.60	481.70	
03010655	1228	19741228	20141228	41	181.24	113.94	36.00	513.00		42.30	54.40	67.20	72.00	100.00	113.80	126.50	139.00	144.50	150.00	160.70	171.80	188.10	212.80	268.00	295.00	302.70	359.40	416.20	
03010655	1229	19741229	20141229	41	174.49	120.07	35.00	589.00		40.00	52.60	65.20	70.00	100.00	108.00	118.50	128.00	132.70	140.00	142.80	162.00	179.90	199.80	248.00	259.60	295.90	330.20	487.50	
03010655	1230	19741230	20141230	41	184.71	147.36	38.00	770.00		38.90	51.20	62.50	70.40	96.00	106.80	115.00	127.20	142.20	150.00	160.20	165.20	178.20	218.80	242.00	252.40	274.90	317.20	577.70	
03010655	1231	19741231	20141231	41	217.76	290.06	37.00	1720.00		44.10	51.20	62.60	75.60	96.00	99.20	113.90	127.20	139.00	150.00	158.70	174.20	196.10	201.80	212.50	245.80	261.20	367.80	951.40	
