site_no	monthday	begin_dt	end_dt	count_nu	mean	std	min	max	p01	p05	p10	p15	p20	p25	p30	p35	p40	p45	p50	p55	p60	p65	p70	p75	p80	p85	p90	p95	p99
03167000	ALL	19081001	20160202	35372	266.08	358.81	22.00	10600.00	53.00	65.00	73.00	80.00	88.00	96.00	106.00	116.00	128.00	142.85	160.00	179.00	201.00	227.00	258.00	297.00	346.00	418.00	534.00	783.00	1770.00
03167000	0101	19090101	20160101	97	347.96	453.75	56.00	2890.00		62.70	67.60	89.90	112.60	126.00	135.00	143.00	162.00	191.10	208.00	232.20	247.40	265.10	348.80	400.00	439.20	541.40	675.60	1222.00	
03167000	0102	19090102	20160102	97	295.24	259.91	46.00	1360.00		64.00	70.00	89.40	103.60	125.00	144.40	154.60	173.20	187.00	211.00	225.90	243.20	268.80	319.60	375.00	454.80	505.00	649.00	965.10	
03167000	0103	19090103	20160103	97	306.69	283.81	54.00	1710.00		71.10	79.80	99.30	117.00	134.00	149.80	163.90	179.40	200.10	216.00	238.00	246.80	282.80	333.40	385.50	418.40	512.10	669.40	927.80	
03167000	0104	19090104	20160104	97	318.35	289.89	54.00	1400.00		62.90	75.60	96.40	129.20	142.00	151.20	169.10	180.80	202.00	218.00	236.60	251.60	314.50	336.00	382.00	429.20	523.50	746.40	1154.00	
03167000	0105	19090105	20160105	97	296.70	287.61	40.00	1950.00		61.90	72.80	89.50	119.40	143.50	165.20	179.30	198.60	206.20	214.00	224.90	249.80	274.80	293.40	331.00	369.60	445.20	599.80	922.90	
03167000	0106	19090106	20160106	97	287.30	248.07	52.00	1420.00		64.90	75.60	100.70	112.20	126.50	160.60	177.20	186.60	196.10	204.00	217.70	244.40	256.20	287.60	321.50	412.40	506.90	594.80	823.70	
03167000	0107	19090107	20160107	97	339.13	450.54	47.00	2940.00		67.80	80.00	98.00	120.00	145.00	156.40	176.90	186.00	192.60	209.00	228.70	238.80	265.40	308.40	324.50	378.20	452.70	653.60	1242.00	
03167000	0108	19090108	20160108	97	356.64	575.40	42.00	4980.00		61.80	79.00	90.70	101.80	145.00	158.40	170.00	176.80	187.30	200.00	217.80	259.80	280.70	304.40	365.00	395.80	537.50	691.40	1171.00	
03167000	0109	19090109	20160109	97	350.48	430.53	39.00	2490.00		61.90	79.40	95.00	114.00	134.00	151.00	165.60	185.60	193.00	210.00	247.80	257.00	281.00	310.80	366.00	434.60	567.30	717.60	1168.00	
03167000	0110	19090110	20160110	97	330.40	361.35	37.00	2240.00		60.70	81.40	95.00	112.80	138.00	150.00	168.60	183.40	189.00	217.00	231.40	257.20	297.80	331.60	355.50	404.40	504.50	770.40	1095.00	
03167000	0111	19090111	20160111	97	298.07	253.58	36.00	1330.00		65.60	83.20	94.70	121.00	136.50	150.40	164.30	175.80	193.10	210.00	239.90	261.40	294.00	322.80	363.00	448.40	494.80	647.60	908.70	
03167000	0112	19090112	20160112	97	320.86	340.39	35.00	2430.00		69.50	79.80	91.40	105.60	139.50	155.60	170.30	179.20	200.20	210.00	232.70	258.80	295.80	328.80	371.50	474.80	535.60	647.40	978.00	
03167000	0113	19090113	20160113	97	290.26	251.26	45.00	1340.00		67.70	75.80	97.40	110.60	126.00	153.40	169.30	180.20	190.40	206.00	223.50	262.00	279.40	301.00	348.50	419.60	474.00	607.60	869.10	
03167000	0114	19090114	20160114	97	283.31	237.67	54.00	1500.00		70.00	79.40	90.00	107.40	122.50	151.00	167.10	175.40	189.20	213.00	232.70	259.60	282.80	306.20	351.50	399.20	469.50	613.20	742.60	
03167000	0115	19090115	20160115	97	309.99	319.10	60.00	2420.00		72.00	83.00	96.20	114.40	146.00	158.40	172.60	188.60	206.70	229.00	243.80	258.60	272.30	315.20	363.50	435.80	507.30	559.00	954.00	
03167000	0116	19090116	20160116	97	351.10	500.75	60.00	4220.00		65.80	81.60	93.50	122.20	144.50	155.60	173.60	191.60	209.00	223.00	230.90	246.00	303.70	351.20	387.50	431.60	559.50	639.40	852.20	
03167000	0117	19090117	20160117	97	308.04	315.28	50.00	2230.00		63.90	90.40	95.00	113.60	134.50	147.00	164.00	175.80	200.10	210.00	225.80	230.40	286.70	331.60	381.00	446.80	513.00	604.60	796.60	
03167000	0118	19090118	20160118	97	313.12	338.14	55.00	2290.00		65.70	90.20	105.70	116.60	140.50	153.80	165.60	186.20	198.00	209.00	217.70	227.40	269.80	304.20	329.50	380.60	452.90	661.60	1019.30	
03167000	0119	19090119	20160119	97	360.75	491.15	64.00	3540.00		66.80	83.20	114.90	131.20	138.00	156.80	173.20	180.60	191.20	218.00	230.90	250.80	287.70	301.20	321.00	406.40	539.40	739.20	1444.00	
03167000	0120	19090120	20160120	97	396.15	535.47	42.00	3400.00		67.80	87.80	114.20	127.20	149.00	163.60	181.60	200.20	217.10	235.00	250.60	274.80	296.40	313.60	342.00	396.40	638.50	920.00	1654.00	
03167000	0121	19090121	20160121	97	397.31	463.25	62.00	2630.00		67.90	90.60	118.10	130.00	140.00	154.00	184.40	201.20	221.10	245.00	261.80	292.40	311.70	366.80	468.50	562.00	665.60	866.00	1223.00	
03167000	0122	19090122	20160122	97	400.49	392.28	60.00	1760.00		65.80	92.80	109.40	124.60	141.00	179.40	190.00	206.60	243.20	257.00	285.50	321.20	342.70	412.40	499.50	595.20	758.00	922.00	1604.00	
03167000	0123	19090123	20160123	97	445.95	688.32	52.00	6080.00		65.90	90.00	114.10	130.60	156.50	183.60	208.50	241.00	284.60	296.00	306.90	357.00	403.70	434.40	482.00	593.40	672.60	835.60	1211.00	
03167000	0124	19090124	20160124	97	376.92	325.09	53.00	1970.00		71.30	87.60	109.70	126.00	153.00	189.00	219.00	251.00	273.70	295.00	322.40	359.20	380.00	435.20	493.00	543.60	682.40	731.60	872.00	
03167000	0125	19090125	20160125	97	367.63	344.41	59.00	2730.00		68.20	90.80	105.70	129.20	145.00	178.40	227.60	251.60	271.50	285.00	299.60	351.80	373.60	419.20	490.50	554.40	600.00	652.00	989.60	
03167000	0126	19090126	20160126	97	367.47	401.70	55.00	3330.00		67.60	88.40	108.50	134.60	152.00	189.40	226.60	237.80	258.30	273.00	309.10	321.40	338.00	367.60	424.50	481.00	573.80	746.60	877.70	
03167000	0127	19090127	20160127	97	355.85	321.77	52.00	2120.00		67.20	88.40	120.00	130.00	168.50	184.20	209.80	233.60	255.00	276.00	298.80	324.80	367.20	389.20	406.50	466.40	602.30	669.60	1003.00	
03167000	0128	19090128	20160128	97	363.40	345.82	48.00	2000.00		64.30	84.00	104.10	128.40	160.00	182.00	200.30	219.00	244.10	266.00	290.00	320.60	332.70	359.60	393.50	505.60	617.30	784.60	1202.00	
03167000	0129	19090129	20160129	97	371.68	449.55	50.00	3740.00		59.80	89.20	103.80	142.40	169.50	176.40	190.20	206.80	236.20	260.00	273.80	295.00	318.40	379.60	460.00	519.00	603.00	677.00	1059.00	
03167000	0130	19090130	20160130	97	418.25	594.47	22.00	5220.00		62.40	88.80	100.00	139.60	157.00	180.00	188.70	210.20	234.50	254.00	280.00	293.80	359.30	414.80	468.50	565.60	661.50	928.80	1304.00	
03167000	0131	19090131	20160131	97	424.25	618.60	46.00	4810.00		60.00	89.60	118.70	136.20	156.50	175.20	197.90	214.80	232.70	250.00	294.90	313.20	360.70	390.00	432.50	519.60	655.50	798.40	1229.00	
03167000	0201	19090201	20160201	97	393.71	523.55	40.00	4220.00		61.80	85.60	116.10	140.00	161.50	179.40	190.90	206.00	228.30	266.00	290.00	322.40	359.70	396.40	438.00	540.00	588.80	702.80	986.00	
03167000	0202	19090202	20160202	97	458.94	607.94	30.00	3200.00		63.80	89.80	114.20	139.00	162.50	177.60	191.70	212.40	245.50	270.00	294.10	314.60	328.80	371.80	415.00	476.20	630.20	1236.00	1961.00	
03167000	0203	19090203	20150203	96	428.14	481.44	28.00	2450.00		60.55	97.10	115.65	146.20	179.25	194.10	199.95	226.20	249.30	264.00	287.20	302.40	338.05	392.60	423.75	522.40	673.95	1108.00	1751.50	
03167000	0204	19090204	20150204	96	422.00	404.28	30.00	2260.00		63.55	93.20	121.65	142.80	174.25	192.00	204.95	236.60	246.65	258.50	278.70	308.00	382.10	446.10	613.75	689.60	840.10	939.60	1281.00	
03167000	0205	19090205	20150205	96	409.68	355.44	40.00	1860.00		67.85	92.00	105.50	145.40	170.25	185.60	207.75	230.00	254.65	269.50	297.65	378.00	451.30	472.40	573.50	639.20	722.50	868.40	1169.00	
03167000	0206	19090206	20150206	96	414.24	380.65	61.00	2220.00		70.25	85.00	109.10	148.20	166.25	187.80	225.00	248.80	267.90	310.00	340.25	379.20	429.05	486.80	538.00	625.60	684.15	725.80	1193.00	
03167000	0207	19090207	20150207	96	419.70	395.87	64.00	2260.00		79.10	94.40	128.75	155.80	182.50	214.10	230.70	247.60	270.95	315.50	356.30	397.00	418.45	457.80	530.50	554.00	612.90	773.60	1272.50	
03167000	0208	19090208	20150208	96	407.89	416.48	64.00	2640.00		77.55	93.10	124.65	153.40	181.00	202.10	221.90	247.00	260.65	277.50	345.45	377.60	411.20	433.60	454.25	493.60	648.40	804.00	1083.00	
03167000	0209	19090209	20150209	96	421.33	577.77	66.00	5220.00		79.55	98.70	126.40	147.60	174.25	194.10	214.85	230.00	238.60	273.00	320.80	356.20	385.00	427.90	526.75	565.60	659.40	772.50	1221.50	
03167000	0210	19090210	20150210	96	443.62	514.31	61.00	3580.00		85.10	110.00	123.30	144.60	170.25	194.10	209.95	228.40	251.95	272.50	316.85	342.20	388.60	435.10	487.00	575.00	650.90	941.90	1550.00	
03167000	0211	19090211	20150211	96	438.97	497.79	53.00	2640.00		84.70	119.80	145.65	151.80	174.00	186.10	209.75	227.40	248.25	260.00	292.20	335.60	387.80	435.70	459.75	531.60	607.40	885.10	1968.00	
03167000	0212	19090212	20150212	96	378.52	335.97	61.00	2160.00		84.55	116.80	143.20	154.40	173.50	189.60	210.00	230.00	245.30	277.00	300.35	329.40	375.10	405.70	470.25	495.00	567.45	767.90	1194.50	
03167000	0213	19090213	20150213	96	396.76	404.73	68.00	2870.00		80.70	116.40	140.55	164.00	180.00	190.10	195.95	218.20	265.55	285.50	315.55	343.40	376.20	405.10	457.00	498.80	586.10	850.00	1141.50	
03167000	0214	19090214	20150214	96	491.84	720.29	57.00	4540.00		89.70	114.80	132.65	164.00	176.00	197.30	210.00	220.40	257.85	286.50	315.50	355.20	382.10	414.80	473.75	549.60	661.15	887.00	2237.00	
03167000	0215	19090215	20150215	96	423.23	468.48	63.00	3500.00		113.65	125.10	154.30	177.20	193.25	200.10	216.85	236.00	250.00	281.50	317.75	350.60	373.05	445.70	486.25	533.20	661.80	771.20	1304.50	
03167000	0216	19090216	20150216	96	419.06	417.85	61.00	3240.00		107.10	128.10	164.55	179.20	186.00	200.00	219.90	253.20	288.20	327.00	341.05	354.40	395.10	442.30	469.75	522.60	637.15	846.60	1149.00	
03167000	0217	19090217	20150217	96	424.77	359.00	63.00	2270.00		103.55	127.90	150.00	169.00	185.75	216.00	230.95	261.00	309.30	323.50	341.55	394.00	436.20	461.60	517.75	563.20	674.70	888.10	1265.00	
03167000	0218	19090218	20150218	96	482.72	612.30	66.00	4820.00		118.75	134.20	160.55	179.40	194.25	216.20	235.55	285.20	306.00	328.00	366.05	397.00	432.10	444.70	505.75	567.20	699.05	886.40	1545.50	
03167000	0219	19090219	20150219	96	413.05	274.04	60.00	1520.00		101.70	138.20	175.40	190.00	208.50	235.50	266.00	297.60	308.30	339.00	367.80	412.40	440.20	477.90	539.75	598.60	730.90	793.30	1029.00	
03167000	0220	19090220	20150220	96	448.20	341.26	51.00	1730.00		98.90	147.90	167.50	197.20	212.50	243.50	285.75	300.00	315.85	325.50	393.45	430.40	469.30	485.70	548.00	632.00	732.05	882.80	1343.00	
03167000	0221	19090221	20150221	96	469.07	425.33	55.00	3100.00		112.50	144.10	172.65	197.80	205.50	266.40	280.95	306.60	327.90	353.00	380.05	395.20	459.65	505.40	620.75	682.20	739.10	823.50	1186.00	
03167000	0222	19090222	20150222	96	484.06	498.86	48.00	4060.00		113.60	147.60	173.40	191.20	210.00	255.50	269.80	287.60	320.00	359.50	391.40	428.20	447.30	563.40	588.25	680.60	750.00	804.70	1311.50	
03167000	0223	19090223	20150223	96	509.67	622.94	43.00	5660.00		107.45	150.30	164.65	200.80	223.00	245.60	263.90	278.00	301.65	373.00	388.40	427.00	520.05	564.60	628.00	726.80	827.85	975.60	1231.50	
03167000	0224	19090224	20150224	96	488.83	481.37	38.00	3690.00		99.25	145.80	180.75	197.00	210.25	242.80	256.95	275.80	316.65	349.50	378.35	416.40	484.15	563.80	609.25	657.60	799.15	1013.80	1318.00	
03167000	0225	19090225	20150225	96	498.40	527.65	35.00	3320.00		108.55	145.50	182.20	196.40	222.00	244.10	260.60	279.80	300.65	351.50	384.75	431.60	465.15	487.60	528.25	602.80	733.75	1080.00	1556.00	
03167000	0226	19090226	20150226	96	473.08	476.39	33.00	3030.00		97.10	140.80	175.85	193.40	226.50	238.10	254.90	280.00	301.80	326.00	360.20	401.20	452.15	504.80	539.25	628.40	719.80	847.60	1526.50	
03167000	0227	19090227	20150227	96	450.67	429.92	31.00	2650.00		90.85	134.90	168.00	202.80	218.50	226.00	243.85	259.80	288.25	328.00	363.15	389.80	412.15	450.90	496.75	590.40	726.05	968.00	1336.50	
03167000	0228	19090228	20150228	96	431.98	450.44	30.00	3380.00		90.00	137.50	167.75	195.40	212.75	222.30	247.35	263.60	291.20	319.50	347.75	366.40	393.10	424.00	477.75	570.00	708.95	786.00	1065.00	
03167000	0229	19120229	20120229	24	450.83	541.29	112.00	2790.00		116.00	131.00	137.75	174.00	203.75	219.00	238.75	249.00	273.25	304.00	314.50	342.00	367.75	444.50	517.50	568.00	655.50	863.00	2329.00	
03167000	0301	19090301	20150301	96	475.56	553.09	30.00	3610.00		107.90	130.70	163.00	198.00	218.75	235.00	249.95	280.80	290.65	306.50	326.00	342.40	381.05	439.60	462.75	548.00	635.20	867.70	1863.00	
03167000	0302	19090302	20150302	96	439.74	444.78	33.00	3230.00		108.00	128.80	169.10	184.60	217.50	239.80	263.95	275.80	299.55	315.50	341.40	351.60	376.20	400.90	437.50	583.20	711.15	915.70	1175.50	
03167000	0303	19090303	20150303	96	462.75	401.62	42.00	2270.00		113.85	128.00	163.70	194.80	229.00	240.10	263.65	286.60	311.95	325.00	344.75	366.00	400.15	457.20	573.00	694.60	811.75	1005.20	1326.00	
03167000	0304	19090304	20150304	96	493.51	452.39	56.00	2090.00		115.95	129.40	162.60	191.20	237.25	245.90	270.90	284.40	301.00	320.00	337.50	368.40	400.00	453.90	589.50	745.80	921.65	1152.00	1709.50	
03167000	0305	19090305	20150305	96	514.07	529.07	66.00	2940.00		114.70	151.20	178.10	211.20	231.00	251.60	270.70	286.00	304.65	324.50	343.70	365.60	387.10	494.10	600.25	733.20	810.65	1203.00	1967.00	
03167000	0306	19090306	20150306	96	487.05	396.26	79.00	2220.00		116.85	155.40	192.55	228.20	252.00	265.10	288.65	311.00	330.65	357.00	377.00	432.40	495.00	541.60	587.25	649.20	721.70	1008.60	1400.00	
03167000	0307	19090307	20150307	96	512.98	451.90	81.00	2690.00		113.85	161.70	224.65	236.80	253.00	279.10	296.65	347.80	377.95	397.00	435.45	460.40	494.65	533.40	625.75	676.20	771.45	930.90	1140.50	
03167000	0308	19090308	20150308	96	451.95	270.34	88.00	1720.00		109.40	171.50	221.30	244.60	268.00	290.10	321.70	348.80	358.60	393.00	423.05	480.00	494.05	528.50	567.75	610.00	705.75	766.80	981.20	
03167000	0309	19090309	20150309	96	438.61	241.83	86.00	1220.00		115.35	174.70	216.10	239.40	250.00	281.30	319.25	332.00	343.60	402.00	424.35	445.40	476.20	523.20	561.75	635.60	694.85	791.00	953.50	
03167000	0310	19090310	20150310	96	440.86	328.54	86.00	2590.00		115.05	180.60	210.00	233.20	246.25	265.60	299.35	315.20	352.55	380.00	400.00	411.60	451.20	524.40	536.75	600.40	633.20	672.10	980.40	
03167000	0311	19090311	20150311	96	425.55	305.65	84.00	2510.00		112.50	177.30	208.00	225.20	250.00	262.40	287.40	314.80	334.25	358.00	382.50	426.40	459.25	497.50	515.50	553.60	620.20	699.00	893.45	
03167000	0312	19090312	20150312	96	437.36	309.28	84.00	1810.00		122.35	178.70	201.55	218.20	239.25	252.60	271.00	299.80	347.00	355.50	384.70	408.80	438.00	492.30	539.25	596.40	693.25	808.40	905.85	
03167000	0313	19090313	20150313	96	547.97	689.65	84.00	5080.00		124.90	183.40	202.75	218.40	231.75	248.00	271.70	302.40	330.60	351.00	374.05	422.20	448.25	491.50	511.50	584.40	668.60	1218.00	1975.50	
03167000	0314	19090314	20150314	96	511.32	602.67	76.00	4930.00		124.35	179.80	202.20	221.20	238.00	260.00	273.80	309.60	319.25	348.00	372.35	402.80	438.35	482.90	517.50	554.60	742.80	1000.00	1551.50	
03167000	0315	19090315	20150315	96	491.62	458.89	91.00	2940.00		119.55	181.90	209.85	226.20	245.00	266.00	276.90	288.80	320.65	349.50	402.10	425.20	443.80	468.90	551.00	648.40	725.95	852.00	1780.00	
03167000	0316	19090316	20150316	96	467.06	378.73	117.00	2360.00		129.00	196.00	209.10	228.60	239.50	255.00	270.95	302.60	341.95	369.00	387.05	420.80	449.30	484.00	567.75	618.00	670.55	847.40	1301.50	
03167000	0317	19090317	20150317	96	536.72	653.11	116.00	4630.00		134.55	186.50	205.05	227.40	240.75	264.80	287.85	330.00	345.30	361.00	385.00	420.80	492.35	528.10	564.75	601.60	699.15	818.00	1482.50	
03167000	0318	19090318	20150318	96	582.31	880.47	104.00	7620.00		141.10	177.90	194.95	218.20	234.50	272.30	307.85	330.40	353.30	370.00	419.40	454.80	475.00	507.90	540.75	612.40	694.00	1027.00	1852.00	
03167000	0319	19090319	20150319	96	547.68	648.30	109.00	4800.00		139.55	169.10	197.10	221.40	242.50	277.20	306.70	337.40	360.00	385.50	413.35	450.40	474.10	524.40	566.50	605.80	748.15	1064.00	1378.00	
03167000	0320	19090320	20150320	96	516.18	445.60	106.00	3000.00		131.10	176.10	200.60	232.40	264.00	290.20	321.30	337.40	351.95	371.50	408.90	447.20	496.25	526.40	561.00	610.00	780.75	1139.00	1601.00	
03167000	0321	19090321	20150321	96	521.90	418.93	93.00	2340.00		124.95	182.70	219.85	241.60	266.00	285.10	319.75	334.60	369.30	385.00	407.35	444.80	467.55	491.80	540.00	751.60	881.80	1152.00	1536.00	
03167000	0322	19090322	20150322	96	505.83	387.03	104.00	1950.00		128.80	188.70	220.20	249.40	276.25	301.40	322.85	342.40	358.15	373.50	409.85	430.60	456.10	515.00	588.25	667.00	766.20	1143.00	1504.00	
03167000	0323	19090323	20150323	96	459.07	305.89	106.00	1930.00		138.40	174.10	211.25	241.20	277.25	286.50	299.80	322.40	359.50	372.00	402.10	452.60	470.40	494.00	538.25	603.60	711.70	880.90	1046.00	
03167000	0324	19090324	20150324	96	506.29	473.86	105.00	3280.00		146.70	191.80	213.55	230.40	254.25	270.00	306.90	339.40	362.00	379.50	395.35	415.00	431.30	491.40	542.25	629.60	757.10	933.00	1579.00	
03167000	0325	19090325	20150325	96	479.51	365.65	104.00	2080.00		147.00	196.20	213.75	230.40	248.50	271.10	289.75	325.80	336.85	368.00	384.70	398.20	447.85	514.90	566.00	646.60	785.60	936.00	1282.50	
03167000	0326	19090326	20150326	96	503.22	584.00	108.00	4710.00		141.60	187.30	202.00	225.40	237.75	271.30	304.90	313.80	333.45	353.50	377.60	422.20	459.20	479.60	535.50	623.40	743.35	829.40	1406.00	
03167000	0327	19090327	20150327	96	560.24	934.21	108.00	8760.00		145.85	184.30	200.00	222.80	238.50	268.30	290.90	316.00	335.85	361.00	381.10	428.00	448.35	498.60	540.00	574.00	635.05	991.00	1702.50	
03167000	0328	19090328	20150328	96	528.12	509.18	117.00	3040.00		144.85	177.50	205.55	223.40	230.75	252.40	279.85	305.20	329.30	353.00	386.80	413.20	458.65	519.40	562.50	614.00	875.70	1171.00	1747.00	
03167000	0329	19090329	20150329	96	545.73	578.71	115.00	3780.00		146.40	174.80	204.20	214.80	225.25	256.40	275.95	300.00	319.65	333.50	360.70	374.60	454.30	474.60	627.25	787.60	940.00	1190.00	1761.00	
03167000	0330	19090330	20150330	96	526.60	501.63	113.00	3280.00		139.00	179.00	210.85	222.80	235.50	251.50	276.95	291.60	328.20	345.00	374.55	420.00	457.25	520.70	586.75	672.20	997.45	1233.00	1448.50	
03167000	0331	19090331	20150331	96	521.55	547.06	109.00	3840.00		138.10	169.70	199.10	223.40	247.50	260.60	279.90	315.00	334.00	341.00	361.40	410.40	464.05	519.70	602.25	664.00	823.40	1036.90	1369.00	
03167000	0401	19090401	20150401	97	469.09	357.67	112.00	2100.00		139.30	171.40	200.70	220.60	237.50	259.00	288.70	310.20	330.20	356.00	369.60	379.40	477.60	548.00	605.00	660.40	717.00	953.20	1273.00	
03167000	0402	19090402	20150402	97	435.64	291.13	119.00	1690.00		141.10	174.60	191.70	214.40	232.50	252.80	285.90	299.40	317.60	347.00	378.80	411.20	446.00	498.40	536.00	602.20	672.60	853.40	1043.00	
03167000	0403	19090403	20150403	97	418.55	289.15	130.00	1840.00		133.00	160.00	185.70	207.40	228.00	245.80	267.50	275.60	300.00	344.00	365.00	382.40	422.20	460.00	493.50	555.80	729.20	830.00	995.00	
03167000	0404	19090404	20150404	97	467.86	469.55	126.00	3800.00		163.40	177.40	188.80	207.60	230.00	249.80	266.30	276.00	296.50	326.00	357.90	396.20	434.00	471.80	532.50	641.00	741.00	845.60	1136.00	
03167000	0405	19090405	20150405	97	595.86	1175.68	113.00	10600.00		164.50	174.40	181.80	212.40	225.50	244.40	260.60	276.80	298.70	325.00	349.20	384.00	422.60	458.80	572.00	620.00	673.40	929.60	1714.00	
03167000	0406	19090406	20150406	97	479.98	473.63	103.00	2660.00		157.90	168.80	183.90	211.00	227.50	239.40	255.10	281.60	300.10	307.00	325.90	348.20	394.80	429.20	547.00	579.20	659.70	1072.00	1563.00	
03167000	0407	19090407	20150407	97	471.25	416.06	95.00	2150.00		148.70	164.80	184.00	209.40	226.50	246.20	255.90	276.40	295.60	308.00	322.90	365.00	437.80	487.80	541.00	618.80	788.70	1017.60	1469.00	
03167000	0408	19090408	20150408	97	445.27	367.58	90.00	2560.00		143.50	166.80	189.70	207.80	230.00	236.00	251.60	274.40	290.50	315.00	333.90	386.80	443.90	484.20	538.00	624.00	686.70	952.00	1116.00	
03167000	0409	19090409	20150409	97	457.80	438.46	86.00	3580.00		144.10	171.20	196.70	216.60	222.50	250.00	262.90	276.40	304.10	326.00	340.80	412.00	449.00	485.80	540.50	603.00	677.70	866.00	1096.00	
03167000	0410	19090410	20150410	97	462.58	408.88	103.00	2310.00		144.80	175.20	193.70	211.80	220.50	236.80	246.30	259.80	292.30	330.00	352.00	382.80	412.00	468.00	502.00	621.40	766.30	914.00	1531.00	
03167000	0411	19090411	20150411	97	423.74	416.79	113.00	3540.00		153.90	179.80	198.20	208.00	215.50	226.00	236.50	270.00	280.40	315.00	334.00	353.40	382.70	398.20	444.00	560.60	640.00	816.00	1055.00	
03167000	0412	19090412	20150412	97	420.21	293.03	121.00	1710.00		150.90	178.80	194.10	200.00	211.00	225.40	248.70	272.80	298.60	315.00	336.00	369.40	396.40	449.80	545.50	653.60	734.30	849.60	997.30	
03167000	0413	19090413	20150413	97	464.47	424.56	135.00	2880.00		149.80	176.00	190.00	195.60	205.00	244.40	265.40	276.00	301.10	311.00	345.70	372.20	413.90	461.80	566.00	654.80	769.80	890.00	1391.00	
03167000	0414	19090414	20150414	97	497.01	600.75	126.00	4110.00		145.90	165.00	181.40	194.80	208.00	223.60	251.60	258.20	274.20	315.00	339.50	384.20	433.60	518.60	554.00	638.80	719.20	872.00	1208.00	
03167000	0415	19090415	20150415	97	425.58	382.45	111.00	2960.00		152.90	162.80	174.70	191.80	203.00	220.60	244.30	255.80	280.20	311.00	328.60	373.00	408.70	469.20	524.00	574.80	635.00	754.00	1180.00	
03167000	0416	19090416	20150416	97	454.67	522.91	103.00	3610.00		143.50	166.80	174.80	190.20	200.00	222.80	237.60	260.40	287.00	312.00	321.80	364.80	408.70	462.00	515.00	540.80	630.50	862.00	1219.00	
03167000	0417	19090417	20150417	97	417.22	408.73	95.00	3470.00		139.90	158.80	176.00	191.20	208.00	221.60	238.40	265.20	285.20	304.00	320.90	366.40	420.80	439.60	473.00	536.00	647.60	705.20	986.10	
03167000	0418	19090418	20150418	97	377.99	277.69	86.00	1760.00		138.80	168.40	176.00	193.00	207.00	225.00	245.80	260.60	282.80	300.00	311.00	363.40	378.00	397.40	431.50	507.20	529.80	644.00	991.00	
03167000	0419	19090419	20150419	97	362.48	239.95	83.00	1440.00		134.90	159.60	170.00	189.80	202.50	214.80	232.80	252.20	272.00	284.00	309.80	353.40	369.40	390.40	443.50	479.20	549.90	671.60	902.10	
03167000	0420	19090420	20150420	97	450.54	761.44	77.00	7050.00		139.90	153.20	168.50	191.20	210.00	218.00	224.60	244.40	262.40	291.00	312.60	336.40	363.10	387.20	433.00	496.80	555.70	603.20	1214.00	
03167000	0421	19090421	20150421	97	356.46	302.45	75.00	2520.00		138.90	153.40	164.10	181.40	205.00	215.80	221.60	235.80	259.00	285.00	305.50	329.20	359.00	377.00	398.00	445.20	487.00	625.60	854.20	
03167000	0422	19090422	20150422	97	341.95	257.11	72.00	1940.00		139.40	151.80	164.70	190.40	201.50	209.80	214.00	223.00	259.20	283.00	307.80	325.40	343.70	362.40	375.00	408.60	470.30	595.40	742.10	
03167000	0423	19090423	20150423	97	345.90	248.22	68.00	1600.00		132.60	143.60	166.20	186.80	197.50	206.00	210.00	237.60	257.00	284.00	301.80	314.80	328.80	348.00	396.50	425.40	503.20	718.40	850.00	
03167000	0424	19090424	20150424	97	369.39	429.24	66.00	3680.00		130.00	141.20	167.70	184.20	192.00	203.00	211.50	240.20	260.00	270.00	283.50	294.40	310.10	328.40	371.50	399.20	513.60	658.00	920.00	
03167000	0425	19090425	20150425	97	351.91	466.95	65.00	4520.00		125.90	155.20	183.60	193.20	198.50	215.40	235.30	248.00	250.20	262.00	280.00	290.80	303.00	327.00	348.00	372.00	430.90	520.20	728.40	
03167000	0426	19090426	20150426	97	342.32	289.38	61.00	2290.00		126.70	157.00	179.00	196.40	210.50	220.80	232.20	250.00	262.80	276.00	304.80	317.60	331.40	343.40	366.00	413.20	430.40	505.80	694.60	
03167000	0427	19090427	20150427	97	407.74	519.79	60.00	3500.00		129.00	152.60	178.70	189.00	202.50	211.00	239.80	248.00	261.10	285.00	299.70	314.40	335.70	378.60	387.50	407.80	466.10	578.40	1437.00	
03167000	0428	19090428	20150428	97	381.26	366.43	60.00	2490.00		138.70	160.80	180.80	191.20	205.00	217.80	232.20	244.40	266.10	281.00	299.00	327.00	342.70	361.60	389.50	459.20	552.20	792.80	946.40	
03167000	0429	19090429	20150429	97	362.07	269.87	60.00	1500.00		135.70	155.00	169.00	189.60	211.50	221.40	230.90	248.40	261.10	275.00	297.30	316.20	327.80	343.20	421.50	471.60	601.80	685.20	1105.00	
03167000	0430	19090430	20150430	97	335.41	208.01	60.00	1210.00		129.30	149.60	169.90	183.60	198.00	206.40	226.60	232.80	251.00	276.00	289.50	312.40	318.80	379.00	422.00	457.00	515.00	597.80	828.40	
03167000	0501	19090501	20150501	97	362.79	380.85	56.00	2710.00		132.60	149.60	167.80	188.40	200.50	205.40	223.60	240.60	254.00	270.00	288.70	295.80	314.70	367.40	384.50	422.00	467.10	549.80	780.20	
03167000	0502	19090502	20150502	97	354.99	316.00	54.00	2450.00		127.00	145.00	167.90	189.80	200.50	208.80	218.00	228.60	250.00	262.00	275.90	291.80	312.40	345.00	381.50	424.80	525.90	695.60	1050.00	
03167000	0503	19090503	20150503	97	361.12	351.77	53.00	2720.00		122.60	142.00	167.20	177.40	194.00	209.40	213.90	230.00	238.20	250.00	262.70	275.00	304.70	350.60	374.50	465.80	552.50	674.80	1110.00	
03167000	0504	19090504	20150504	97	327.25	262.88	50.00	1700.00		123.20	139.00	162.20	170.40	190.00	202.00	215.00	220.00	231.40	237.00	259.10	275.00	301.10	326.00	350.50	411.40	468.90	603.40	932.50	
03167000	0505	19090505	20150505	97	301.40	215.53	50.00	1460.00		116.40	131.40	157.00	166.20	182.00	193.20	205.80	219.00	230.00	236.00	248.00	268.00	290.80	304.00	335.50	384.00	450.80	532.80	724.20	
03167000	0506	19090506	20150506	97	311.66	272.96	50.00	2290.00		111.80	127.80	144.80	162.60	173.00	194.40	207.90	223.20	234.20	254.00	271.30	279.40	291.70	307.20	341.00	358.80	420.80	542.60	780.40	
03167000	0507	19090507	20150507	97	379.37	479.51	66.00	2520.00		108.90	123.80	141.80	155.20	167.00	188.20	206.00	209.20	223.30	244.00	248.90	270.60	290.10	299.60	320.00	391.60	447.10	645.00	1652.00	
03167000	0508	19090508	20150508	97	381.88	444.05	72.00	2920.00		105.90	125.40	140.80	153.00	181.00	190.00	199.90	215.40	227.20	245.00	247.90	265.00	282.40	301.80	348.50	391.60	527.00	983.00	1281.00	
03167000	0509	19090509	20150509	97	329.68	290.74	75.00	1550.00		108.10	123.60	138.50	161.00	176.00	184.20	195.90	205.20	217.20	233.00	238.00	255.60	280.00	311.80	342.50	386.00	503.80	776.80	1151.00	
03167000	0510	19090510	20150510	97	296.79	210.86	65.00	1020.00		107.90	122.80	137.60	161.00	170.00	184.80	190.20	194.40	209.70	231.00	236.80	252.60	270.20	303.00	333.00	368.80	475.00	632.00	831.70	
03167000	0511	19090511	20150511	97	290.76	199.04	61.00	1090.00		105.70	124.40	137.40	158.40	171.00	180.80	189.00	202.00	210.40	227.00	232.70	251.60	263.50	308.20	334.00	372.40	462.90	625.20	754.80	
03167000	0512	19090512	20150512	97	344.99	575.64	61.00	5600.00		110.50	126.80	140.40	152.80	162.00	176.00	182.00	197.00	206.00	215.00	223.00	238.20	270.40	316.80	352.00	434.80	490.90	607.60	892.00	
03167000	0513	19090513	20150513	97	325.77	324.94	63.00	2210.00		109.00	126.80	140.70	159.80	167.50	179.00	187.90	195.40	199.70	212.00	227.00	239.40	282.00	306.40	349.00	407.60	527.70	730.80	845.20	
03167000	0514	19090514	20150514	97	318.63	275.21	58.00	1580.00		104.30	126.80	147.60	156.80	159.50	178.80	190.90	200.40	206.00	223.00	236.40	269.20	284.00	315.20	331.00	356.80	509.40	643.20	1081.00	
03167000	0515	19090515	20150515	97	315.60	244.96	75.00	1460.00		99.00	121.80	134.10	149.80	178.50	186.40	191.60	196.20	218.00	227.00	239.60	265.40	294.20	336.00	381.00	443.40	517.50	627.80	843.70	
03167000	0516	19090516	20150516	97	334.78	282.79	85.00	1860.00		116.80	131.60	142.70	162.20	172.50	180.20	190.90	206.60	221.20	241.00	257.90	289.80	318.90	355.60	388.00	443.40	499.50	653.60	853.10	
03167000	0517	19090517	20150517	97	307.48	240.03	83.00	1440.00		109.90	137.80	149.70	159.40	168.50	173.80	179.30	194.00	206.30	230.00	248.80	274.00	301.60	338.40	364.50	407.40	426.50	522.00	861.80	
03167000	0518	19090518	20150518	97	302.42	315.48	79.00	2720.00		106.00	132.80	151.40	161.60	165.50	168.00	175.30	193.20	200.20	225.00	237.60	252.00	272.80	291.40	324.00	353.60	406.50	537.20	779.60	
03167000	0519	19090519	20150519	97	266.94	165.33	74.00	1140.00		109.00	134.60	142.70	154.00	159.00	170.80	180.20	191.20	206.00	221.00	237.00	244.20	254.70	292.20	315.00	336.40	401.20	483.40	629.30	
03167000	0520	19090520	20150520	97	302.66	300.23	77.00	1890.00		103.40	126.60	145.00	155.20	163.00	179.60	191.60	201.20	210.40	219.00	226.80	244.20	269.90	295.40	325.00	366.80	406.50	468.40	700.20	
03167000	0521	19090521	20150521	97	321.43	331.17	72.00	1920.00		103.10	124.80	137.80	158.60	167.00	180.80	189.30	193.60	198.80	219.00	230.00	250.00	262.80	300.00	338.00	377.40	418.80	525.60	1125.00	
03167000	0522	19090522	20150522	97	325.38	427.42	70.00	3440.00		100.80	118.40	129.40	147.60	161.00	173.40	179.00	187.20	194.20	212.00	224.80	244.80	276.50	307.60	317.00	343.80	394.60	529.20	857.30	
03167000	0523	19090523	20150523	97	302.85	308.82	70.00	2070.00		103.70	124.80	138.70	148.20	158.50	167.20	173.00	176.20	185.00	195.00	218.50	242.00	258.20	293.40	305.00	346.40	413.80	531.20	1150.00	
03167000	0524	19090524	20150524	97	271.19	230.08	68.00	1730.00		100.80	118.60	133.70	146.60	150.00	161.40	166.30	174.20	186.20	202.00	219.50	244.60	262.10	278.60	295.00	319.00	391.60	467.40	695.10	
03167000	0525	19090525	20150525	97	269.98	277.06	68.00	2300.00		100.70	119.80	133.70	139.60	151.00	159.40	164.90	171.60	179.00	196.00	213.50	230.00	244.90	260.60	285.50	324.40	364.40	450.20	601.80	
03167000	0526	19090526	20150526	97	264.52	233.76	67.00	1920.00		110.30	126.00	135.10	141.00	145.50	151.60	158.60	164.40	181.30	201.00	207.80	225.00	244.30	274.00	303.00	326.80	370.10	452.80	726.00	
03167000	0527	19090527	20150527	97	270.02	244.44	65.00	1350.00		100.80	120.80	127.40	137.20	144.00	155.80	164.60	172.20	190.20	195.00	200.00	221.80	239.70	260.80	268.00	290.00	344.60	470.80	1060.00	
03167000	0528	19090528	20150528	97	350.42	600.93	64.00	5150.00		93.80	115.80	124.10	137.00	141.00	151.20	167.30	180.40	183.20	188.00	199.70	217.80	233.50	255.40	264.50	321.40	445.40	575.80	1535.00	
03167000	0529	19090529	20150529	97	307.56	426.90	62.00	3270.00		101.80	113.60	125.70	133.00	145.50	158.40	162.00	166.20	174.20	179.00	189.80	202.20	237.20	247.60	275.00	323.80	451.70	549.40	853.80	
03167000	0530	19090530	20150530	97	290.89	299.86	62.00	1720.00		100.00	109.80	127.50	135.00	143.00	154.20	161.30	166.20	173.00	175.00	183.90	209.80	224.40	255.80	296.50	338.80	423.80	653.00	934.40	
03167000	0531	19090531	20150531	97	279.55	282.33	64.00	1790.00		97.90	106.40	122.50	127.00	133.50	143.00	152.60	161.00	164.30	173.00	192.50	207.20	226.20	242.00	301.50	331.80	429.80	696.80	874.80	
03167000	0601	19090601	20150601	97	239.09	184.63	67.00	1100.00		86.00	104.60	116.00	123.40	132.50	138.00	147.30	152.80	163.10	170.00	185.70	201.60	220.80	230.60	279.00	302.80	367.70	491.20	622.10	
03167000	0602	19090602	20150602	97	237.06	214.24	65.00	1800.00		88.00	112.40	118.70	123.60	130.50	141.00	147.60	155.40	162.20	174.00	182.00	197.40	220.50	244.00	268.00	289.40	345.10	436.40	559.00	
03167000	0603	19090603	20150603	97	237.78	176.80	67.00	1170.00		87.70	111.40	117.70	121.60	133.50	142.20	147.30	155.20	161.10	176.00	199.90	205.60	222.60	244.60	267.00	309.80	372.70	468.00	608.50	
03167000	0604	19090604	20150604	97	234.63	163.68	72.00	966.00		81.90	104.00	114.70	124.00	129.50	134.00	140.30	151.20	162.00	180.00	188.00	208.40	225.10	241.80	284.50	335.20	380.80	439.80	634.40	
03167000	0605	19090605	20150605	97	281.31	618.93	70.00	6160.00		90.90	97.80	108.80	120.60	128.00	135.60	142.60	154.20	165.40	175.00	188.70	203.60	228.50	252.20	281.50	314.60	359.60	393.60	532.90	
03167000	0606	19090606	20150606	97	226.22	223.61	68.00	2050.00		94.20	100.20	115.40	122.00	131.00	133.40	141.30	157.20	162.30	171.00	183.50	200.80	206.40	235.80	255.00	290.60	312.50	372.40	477.80	
03167000	0607	19090607	20150607	97	208.00	145.31	65.00	1130.00		91.40	103.80	118.20	126.00	133.00	138.00	141.00	158.00	162.50	173.00	178.00	191.00	196.40	228.00	248.50	268.20	287.40	344.20	400.10	
03167000	0608	19090608	20150608	97	194.35	111.16	62.00	844.00		87.60	98.60	112.40	119.80	127.00	131.40	135.30	149.20	155.10	168.00	178.90	191.00	199.70	211.00	239.50	248.80	264.50	309.00	437.00	
03167000	0609	19090609	20150609	97	254.97	473.28	62.00	4650.00		87.80	93.80	104.50	117.20	121.00	126.80	139.30	150.20	159.00	169.00	172.90	190.40	209.70	217.60	232.00	253.80	314.60	435.60	582.00	
03167000	0610	19090610	20150610	97	222.47	229.20	62.00	2090.00		83.90	91.40	99.10	112.00	118.50	125.80	132.20	148.40	155.90	166.00	185.30	191.20	200.40	220.40	241.00	271.00	325.10	380.80	512.20	
03167000	0611	19090611	20150611	97	210.60	150.42	60.00	890.00		83.00	91.20	97.70	110.20	117.50	122.20	131.60	144.20	155.30	170.00	179.00	185.00	193.40	203.80	239.50	290.00	319.90	402.80	578.20	
03167000	0612	19090612	20150612	97	204.00	143.55	70.00	832.00		80.90	93.00	102.40	106.60	114.50	121.00	132.00	140.40	147.30	158.00	172.90	177.80	187.40	198.80	232.50	255.40	316.00	377.20	595.50	
03167000	0613	19090613	20150613	97	226.89	252.16	69.00	2180.00		80.80	95.80	104.00	107.60	116.00	125.00	134.00	139.40	151.10	165.00	169.80	181.80	200.00	210.40	227.00	263.00	333.70	425.60	492.50	
03167000	0614	19090614	20150614	97	213.37	208.12	67.00	1730.00		81.90	92.80	103.80	108.20	117.00	127.40	137.30	141.60	151.30	160.00	166.80	182.40	192.10	210.00	223.50	262.40	288.10	371.60	492.40	
03167000	0615	19090615	20150615	97	188.73	137.58	70.00	1080.00		83.90	90.60	96.00	106.00	113.00	119.40	128.90	139.20	147.00	156.00	166.90	171.00	179.00	189.20	204.50	231.60	247.30	337.40	429.40	
03167000	0616	19090616	20150616	97	212.69	238.10	70.00	2040.00		78.70	85.80	101.80	109.00	116.00	122.80	130.80	142.20	150.10	159.00	163.90	177.80	188.80	197.20	215.00	233.80	280.30	341.20	506.10	
03167000	0617	19090617	20150617	97	264.55	365.44	66.00	2490.00		75.60	85.20	98.10	104.00	113.00	118.40	137.30	141.00	151.30	160.00	174.70	181.80	207.10	219.60	240.00	294.60	362.70	424.80	856.80	
03167000	0618	19090618	20150618	97	233.39	276.70	63.00	1980.00		79.70	87.80	98.00	103.40	108.50	117.40	131.20	138.80	145.10	157.00	165.90	187.60	200.00	210.00	224.50	267.40	309.00	408.00	648.60	
03167000	0619	19090619	20150619	97	199.99	156.69	60.00	1050.00		75.80	87.60	96.00	104.80	113.50	122.80	130.90	137.00	142.50	155.00	159.80	173.40	185.70	201.80	223.00	254.00	306.20	340.00	487.30	
03167000	0620	19090620	20150620	97	224.64	311.07	58.00	2690.00		73.90	80.40	96.00	102.40	113.00	120.40	128.20	134.20	142.20	153.00	157.90	161.80	172.00	181.80	215.00	248.20	279.00	383.40	641.10	
03167000	0621	19090621	20150621	97	249.04	531.54	56.00	5060.00		70.90	80.00	93.70	97.60	109.00	115.40	121.30	127.20	131.10	140.00	146.90	159.60	176.00	182.60	208.50	218.00	278.90	374.80	677.10	
03167000	0622	19090622	20150622	97	198.74	272.65	54.00	2600.00		70.00	81.40	93.70	98.60	104.50	110.40	121.00	128.00	133.00	135.00	138.80	148.40	166.90	179.00	202.00	222.60	278.00	365.40	417.20	
03167000	0623	19090623	20150623	97	181.15	142.52	54.00	958.00		67.90	81.00	94.00	95.00	106.00	113.80	121.00	125.40	129.10	132.00	137.90	149.00	171.40	187.20	202.00	222.80	274.80	315.60	445.60	
03167000	0624	19090624	20150624	97	176.00	138.47	66.00	1030.00		73.40	86.40	88.00	91.60	101.00	106.00	112.20	121.20	125.20	131.00	138.90	147.00	162.10	179.00	193.50	227.40	251.50	305.80	431.80	
03167000	0625	19090625	20150625	97	167.34	124.35	65.00	792.00		72.00	78.60	84.70	93.40	101.50	106.40	113.30	119.20	120.20	129.00	137.90	150.00	161.00	168.80	182.00	197.60	229.80	269.20	500.70	
03167000	0626	19090626	20150626	97	176.97	183.61	58.00	1440.00		69.80	77.40	83.10	93.40	100.50	106.00	112.20	118.00	120.10	124.00	129.90	141.80	161.70	173.80	184.50	199.20	240.90	305.40	420.50	
03167000	0627	19090627	20150627	97	165.16	118.00	55.00	789.00		68.00	77.60	84.70	90.00	99.50	104.40	111.00	118.00	120.00	125.00	133.80	153.20	167.00	174.20	192.50	199.20	239.70	286.80	363.30	
03167000	0628	19090628	20150628	97	174.25	164.07	57.00	1250.00		67.00	74.80	83.70	93.60	99.50	107.40	111.30	116.00	120.00	124.00	135.30	146.60	156.90	163.80	177.50	188.80	238.20	293.00	519.40	
03167000	0629	19090629	20150629	97	166.30	149.58	59.00	1100.00		68.90	77.60	84.70	94.20	101.00	105.40	109.30	112.40	118.00	122.00	128.80	134.80	143.70	157.20	168.50	188.00	224.80	263.60	422.30	
03167000	0630	19090630	20150630	97	152.70	96.71	62.00	620.00		71.60	76.00	83.70	96.20	100.00	104.00	106.60	111.00	114.10	118.00	130.70	137.00	141.70	150.60	161.00	175.40	222.50	279.40	377.50	
03167000	0701	19090701	20150701	97	142.36	83.66	61.00	612.00		70.00	78.00	85.70	90.00	97.50	100.40	106.30	109.20	112.10	118.00	124.70	130.80	137.80	145.80	149.50	166.20	197.90	240.00	317.60	
03167000	0702	19090702	20150702	97	161.87	206.99	59.00	2010.00		68.50	75.40	81.70	92.20	96.50	100.40	104.30	111.20	117.00	119.00	123.00	129.40	140.90	150.00	159.50	172.80	210.60	239.20	390.40	
03167000	0703	19090703	20150703	97	182.74	344.99	57.00	3430.00		69.40	75.60	81.00	89.20	95.50	99.80	104.30	107.20	117.30	123.00	128.70	135.80	143.40	158.00	165.50	191.40	217.80	284.60	392.00	
03167000	0704	19090704	20150704	97	166.57	154.96	57.00	1220.00		68.80	78.80	81.00	90.60	94.00	98.80	104.00	110.00	112.10	120.00	127.80	144.20	153.40	165.60	180.00	186.40	214.30	300.80	399.60	
03167000	0705	19090705	20150705	97	179.43	216.05	60.00	1840.00		67.90	74.80	77.70	91.20	95.50	100.00	102.30	112.00	120.00	126.00	132.00	140.80	150.00	161.80	172.50	200.00	232.60	291.60	463.90	
03167000	0706	19090706	20150706	97	176.40	174.61	61.00	1070.00		65.80	74.00	76.00	85.20	94.50	99.40	105.30	115.00	117.00	127.00	130.00	139.00	143.70	154.60	170.50	205.40	225.60	303.00	522.70	
03167000	0707	19090707	20150707	97	201.88	326.12	61.00	2560.00		64.00	72.60	77.40	85.80	92.00	98.40	101.00	110.20	118.20	123.00	127.00	133.60	149.40	156.60	173.50	212.40	245.20	300.60	523.80	
03167000	0708	19090708	20150708	97	193.19	240.48	57.00	1850.00		64.80	70.00	79.70	85.80	93.50	97.40	102.30	106.00	112.10	117.00	125.80	133.00	146.00	160.60	176.00	211.60	245.20	389.20	703.90	
03167000	0709	19090709	20150709	97	166.68	142.98	59.00	1050.00		61.00	75.00	84.00	89.80	94.00	101.80	106.60	111.20	116.40	126.00	129.90	138.60	144.40	154.80	174.00	197.80	220.30	318.20	506.50	
03167000	0710	19090710	20150710	97	151.35	95.22	56.00	632.00		62.90	75.00	84.00	92.60	98.50	102.40	111.30	114.20	116.00	120.00	124.00	135.60	144.10	150.60	166.50	194.00	223.60	279.40	395.90	
03167000	0711	19090711	20150711	97	169.46	230.87	52.00	2220.00		69.90	76.00	84.50	92.20	98.50	103.40	106.30	111.00	113.00	117.00	128.40	137.40	142.00	152.40	163.00	186.60	225.90	259.60	340.80	
03167000	0712	19090712	20150712	97	150.15	100.61	48.00	604.00		70.80	80.20	84.70	92.20	95.50	99.40	104.00	108.20	111.20	118.00	124.90	130.80	139.40	149.20	163.00	174.80	214.90	247.60	468.50	
03167000	0713	19090713	20150713	97	148.95	113.79	61.00	886.00		71.90	78.40	83.10	88.00	91.50	95.40	100.30	107.20	113.20	118.00	123.90	131.00	135.70	147.80	162.00	181.00	190.60	234.00	421.80	
03167000	0714	19090714	20150714	97	166.49	171.12	61.00	1200.00		71.90	76.00	80.70	86.00	91.50	98.40	104.30	111.00	114.20	121.00	130.70	136.40	141.10	161.60	167.00	181.40	210.30	237.20	437.50	
03167000	0715	19090715	20150715	97	165.97	150.36	57.00	1030.00		68.00	80.60	84.40	91.00	95.50	99.00	102.60	111.00	114.00	118.00	124.90	134.80	143.00	152.20	166.50	180.80	196.20	333.80	547.50	
03167000	0716	19090716	20150716	97	244.31	994.55	59.00	9880.00		63.90	79.80	81.00	86.60	93.00	97.80	102.00	106.40	113.10	120.00	123.90	126.80	142.00	149.60	157.50	170.80	191.50	231.60	331.80	
03167000	0717	19090717	20150717	97	200.24	612.66	57.00	6040.00		63.90	76.00	79.70	84.00	87.50	92.40	99.00	103.20	109.20	120.00	122.90	130.20	139.10	150.60	155.50	170.40	187.00	194.20	278.10	
03167000	0718	19090718	20150718	97	148.19	159.06	56.00	1420.00		64.00	74.00	77.70	82.00	91.50	94.40	98.30	106.00	108.00	114.00	120.70	128.80	137.70	146.20	157.00	162.80	194.20	218.40	286.50	
03167000	0719	19090719	20150719	97	137.93	125.65	56.00	1130.00		63.00	72.00	76.40	80.20	89.00	92.00	96.60	101.20	107.10	111.00	113.90	124.80	130.00	133.20	141.00	153.80	178.10	203.60	274.60	
03167000	0720	19090720	20150720	97	134.67	109.38	56.00	860.00		62.70	69.00	78.70	82.60	88.00	90.40	96.30	101.60	106.20	111.00	114.90	119.80	126.10	131.60	142.50	156.40	174.20	206.00	258.20	
03167000	0721	19090721	20150721	97	143.42	160.07	55.00	1230.00		63.40	69.60	75.20	82.20	86.50	93.00	97.00	100.00	104.20	108.00	112.00	119.80	124.70	137.00	144.00	151.20	170.30	212.60	245.00	
03167000	0722	19090722	20150722	97	139.37	133.67	52.00	974.00		62.80	71.80	79.70	83.00	85.50	89.80	95.30	99.00	100.00	101.00	111.00	117.80	127.10	131.60	141.50	158.00	164.30	182.60	279.10	
03167000	0723	19090723	20150723	97	143.38	159.49	56.00	1490.00		65.80	73.00	78.70	84.00	88.50	94.00	96.30	101.00	107.10	111.00	113.00	120.60	131.70	139.60	150.50	157.40	162.20	198.00	264.10	
03167000	0724	19090724	20150724	97	142.93	159.36	59.00	1490.00		65.90	70.00	76.00	81.20	86.50	91.40	95.90	101.40	106.00	107.00	110.90	121.80	130.70	135.60	140.00	152.00	162.40	200.00	346.50	
03167000	0725	19090725	20150725	97	133.97	102.81	59.00	721.00		63.90	72.00	78.70	80.60	86.00	93.40	99.60	104.00	106.00	108.00	112.00	115.60	125.00	133.60	139.50	145.80	154.50	200.40	320.30	
03167000	0726	19090726	20150726	97	124.92	68.60	53.00	484.00		63.90	74.00	77.40	82.60	85.50	88.00	91.60	99.00	101.00	111.00	114.00	120.60	126.00	131.00	134.00	144.00	157.00	199.20	269.10	
03167000	0727	19090727	20150727	97	136.57	89.16	55.00	632.00		68.00	73.40	77.70	80.00	86.50	92.40	95.00	98.40	103.10	110.00	114.00	121.00	130.70	138.40	150.00	162.00	179.20	226.00	345.50	
03167000	0728	19090728	20150728	97	157.62	190.14	56.00	1520.00		66.90	73.60	75.70	81.00	85.50	93.40	95.00	103.00	106.00	109.00	113.80	121.00	131.70	140.00	148.00	155.20	195.10	266.00	348.30	
03167000	0729	19090729	20150729	97	173.23	286.65	66.00	2440.00		70.70	73.80	76.00	79.00	87.00	92.00	93.30	100.20	104.10	108.00	113.90	123.60	128.10	136.60	145.00	149.20	185.80	254.00	452.40	
03167000	0730	19090730	20150730	97	172.84	366.59	63.00	3630.00		71.00	72.80	76.00	82.00	84.50	88.00	94.30	101.00	103.00	108.00	114.90	117.80	124.00	128.40	134.50	149.80	204.60	268.40	411.80	
03167000	0731	19090731	20150731	97	157.42	171.24	61.00	1510.00		67.80	71.80	78.10	80.60	88.00	92.40	94.60	99.20	102.00	106.00	111.00	120.80	127.00	140.20	155.00	184.80	226.10	278.00	431.00	
03167000	0801	19090801	20150801	97	145.74	109.60	59.00	873.00		65.80	73.00	80.40	84.00	87.50	91.20	96.30	101.00	106.20	113.00	116.90	127.80	136.00	142.00	152.00	169.00	197.90	313.00	344.50	
03167000	0802	19090802	20150802	97	145.78	106.15	62.00	739.00		65.80	71.00	75.70	81.60	84.00	87.40	93.30	97.40	103.10	108.00	112.80	125.60	130.00	138.00	161.00	209.40	265.30	278.60	307.40	
03167000	0803	19090803	20150803	97	134.67	88.24	59.00	642.00		62.00	70.00	76.00	79.00	82.50	88.00	95.00	99.20	104.00	110.00	114.70	120.00	124.00	131.80	144.50	180.80	210.00	240.60	261.90	
03167000	0804	19090804	20150804	97	139.27	89.49	53.00	491.00		60.00	70.80	80.00	84.00	88.00	92.80	96.30	104.00	106.00	110.00	118.90	122.40	130.70	135.00	147.50	159.40	196.70	257.80	404.00	
03167000	0805	19090805	20150805	97	132.34	78.43	46.00	484.00		60.80	71.40	75.70	80.20	87.50	92.20	100.00	103.40	110.00	112.00	114.90	117.00	122.00	129.60	143.00	156.40	191.80	226.20	302.10	
03167000	0806	19090806	20150806	97	140.52	109.94	55.00	872.00		61.90	69.80	72.70	81.00	85.00	92.40	95.00	99.20	104.00	111.00	114.00	117.00	121.70	139.80	155.50	179.00	192.10	242.80	319.10	
03167000	0807	19090807	20150807	97	141.21	126.94	58.00	997.00		64.70	69.60	75.10	81.60	89.50	92.00	95.00	96.20	99.20	108.00	114.60	119.00	120.00	137.20	143.00	154.40	179.80	206.80	396.50	
03167000	0808	19090808	20150808	97	136.55	131.12	53.00	1130.00		60.00	68.00	77.40	83.80	86.50	91.00	92.30	94.00	101.30	108.00	115.00	118.00	121.70	128.00	136.00	147.40	164.90	197.60	327.90	
03167000	0809	19090809	20150809	97	134.62	114.31	56.00	765.00		58.90	68.80	75.40	79.60	85.00	88.00	91.00	95.20	101.20	106.00	110.00	113.80	117.40	123.80	132.50	147.40	166.80	207.20	430.70	
03167000	0810	19090810	20150810	97	141.70	124.54	56.00	982.00		57.00	66.80	77.00	82.00	84.00	87.40	91.00	92.20	94.50	105.00	108.00	111.00	123.70	133.60	142.50	169.00	179.00	265.00	392.20	
03167000	0811	19090811	20150811	97	129.26	91.66	51.00	700.00		58.70	64.80	73.70	80.60	85.00	86.40	88.00	92.00	98.20	103.00	106.00	109.80	118.70	125.00	138.50	162.60	176.60	210.20	288.50	
03167000	0812	19090812	20150812	97	140.02	115.16	54.00	747.00		55.90	67.80	72.00	81.20	84.00	85.00	87.30	91.00	97.30	104.00	107.90	114.00	125.40	132.60	146.50	171.40	200.60	257.80	351.80	
03167000	0813	19090813	20150813	97	167.24	233.77	51.00	1670.00		56.80	69.80	74.40	78.60	81.50	85.00	87.30	96.20	102.00	106.00	111.90	118.00	134.20	146.20	155.50	168.20	205.80	247.80	565.60	
03167000	0814	19090814	20150814	97	150.76	175.66	53.00	1440.00		56.80	66.60	72.70	78.60	81.00	83.00	88.30	93.20	99.10	106.00	111.80	119.80	128.40	135.00	141.00	157.40	170.60	221.20	503.40	
03167000	0815	19090815	20150815	97	150.46	233.59	50.00	2200.00		58.70	67.80	71.70	75.60	78.50	80.00	84.00	89.40	94.60	104.00	107.80	114.80	122.00	128.80	134.50	142.80	168.30	212.60	400.70	
03167000	0816	19090816	20150816	97	169.95	277.60	52.00	1950.00		59.70	67.80	74.40	77.00	79.00	82.40	84.00	92.00	94.40	101.00	106.00	110.80	117.10	124.60	133.00	138.40	154.90	282.40	513.10	
03167000	0817	19090817	20150817	97	176.74	260.43	50.00	1420.00		58.60	67.80	72.00	76.00	77.00	79.40	87.00	91.00	98.10	100.00	101.00	107.00	112.80	120.60	129.00	135.40	191.50	296.60	1028.00	
03167000	0818	19090818	20150818	97	169.22	237.97	51.00	1640.00		56.70	65.80	74.40	76.60	79.50	89.00	92.00	94.40	97.10	100.00	104.90	112.60	116.00	122.20	138.50	151.80	170.30	286.80	710.40	
03167000	0819	19090819	20150819	97	164.78	181.73	50.00	1150.00		56.50	68.80	74.00	75.00	81.00	88.40	92.00	95.20	98.20	103.00	109.90	116.00	121.70	130.60	147.00	176.80	228.30	343.20	537.00	
03167000	0820	19090820	20150820	97	146.49	134.17	49.00	809.00		60.80	68.80	73.70	76.60	84.00	86.40	90.00	92.20	96.00	101.00	108.70	113.80	122.10	129.60	148.00	160.40	196.00	302.40	444.90	
03167000	0821	19090821	20150821	97	130.04	95.24	48.00	730.00		59.90	64.80	71.40	75.60	82.00	84.00	88.00	92.00	95.00	100.00	103.00	107.00	110.00	131.00	141.50	158.80	192.40	249.40	301.90	
03167000	0822	19090822	20150822	97	125.66	85.74	47.00	595.00		55.90	66.20	72.10	77.60	82.50	85.40	90.00	95.20	98.00	100.00	103.90	107.60	113.00	123.60	136.00	144.20	158.90	230.00	331.40	
03167000	0823	19090823	20150823	97	129.62	93.09	47.00	568.00		55.00	63.40	70.70	74.00	77.50	80.40	87.30	91.00	94.00	102.00	104.00	111.00	115.70	122.20	130.50	152.00	189.10	264.40	353.10	
03167000	0824	19090824	20150824	97	132.99	95.33	48.00	558.00		54.00	62.40	70.00	74.00	77.00	84.40	88.00	94.20	98.00	100.00	104.00	108.00	112.70	124.00	144.00	169.20	220.90	265.00	349.60	
03167000	0825	19090825	20150825	97	127.49	82.95	49.00	537.00		58.90	66.00	71.40	74.60	78.50	84.00	86.60	92.00	94.20	97.00	104.00	108.00	116.80	123.20	145.00	174.40	200.90	218.60	299.30	
03167000	0826	19090826	20150826	97	120.60	67.49	46.00	429.00		58.00	67.00	70.70	77.00	80.00	82.40	84.60	90.40	96.10	99.00	104.90	108.00	116.70	122.00	136.50	144.00	178.00	214.40	276.60	
03167000	0827	19090827	20150827	97	115.87	56.02	50.00	321.00		58.80	67.80	72.40	77.00	78.50	81.00	86.60	90.00	93.10	96.00	98.90	106.80	113.40	118.60	127.50	145.00	180.20	205.20	253.20	
03167000	0828	19090828	20150828	97	118.45	72.44	43.00	500.00		59.80	66.80	71.40	75.00	79.00	83.40	88.00	90.00	95.00	100.00	104.90	108.00	110.70	119.00	127.50	136.80	158.20	192.80	268.30	
03167000	0829	19090829	20150829	97	131.09	242.12	53.00	2450.00		60.90	63.00	70.70	74.20	78.00	82.40	84.30	87.20	90.00	92.00	96.80	100.80	107.40	116.00	120.00	128.40	161.00	175.40	232.30	
03167000	0830	19090830	20150830	97	119.98	114.32	51.00	910.00		59.80	63.00	70.00	72.60	77.00	78.40	81.00	83.20	86.00	92.00	93.90	97.80	103.70	110.20	119.50	130.60	157.30	177.40	258.10	
03167000	0831	19090831	20150831	97	127.37	198.08	51.00	1940.00		59.90	65.80	70.00	73.20	76.00	77.40	79.30	82.20	85.10	88.00	92.90	96.00	101.70	108.60	116.50	125.00	145.60	171.00	275.40	
03167000	0901	19090901	20150901	97	114.21	79.80	53.00	501.00		58.60	66.80	70.70	72.00	74.00	76.40	79.00	83.00	85.10	90.00	92.90	97.00	107.40	114.60	117.50	125.80	145.00	170.80	301.60	
03167000	0902	19090902	20150902	97	119.00	148.81	53.00	1460.00		54.90	65.40	69.70	72.00	75.00	76.40	78.30	81.40	84.00	86.00	93.80	96.80	101.40	104.00	108.00	114.00	143.50	166.00	283.30	
03167000	0903	19090903	20150903	97	109.87	84.71	51.00	795.00		56.90	67.20	69.00	71.00	73.50	77.00	79.60	81.00	83.10	88.00	94.80	98.00	101.70	106.00	110.50	128.40	139.30	168.40	238.30	
03167000	0904	19090904	20150904	97	107.94	65.63	52.00	525.00		57.80	66.60	69.70	72.00	74.50	77.00	79.00	81.00	83.30	88.00	92.90	95.80	102.80	107.20	112.00	128.20	135.30	179.20	237.00	
03167000	0905	19090905	20150905	97	132.03	208.60	48.00	2020.00		58.60	67.00	70.70	75.60	77.00	79.00	81.00	84.00	88.00	91.00	96.00	100.80	103.70	108.00	114.50	128.40	140.90	181.20	281.70	
03167000	0906	19090906	20150906	97	139.24	167.16	53.00	1400.00		56.90	67.60	71.40	75.00	75.50	78.00	83.30	86.00	91.10	93.00	97.90	106.00	111.70	121.20	130.00	147.40	165.60	186.20	507.90	
03167000	0907	19090907	20150907	97	120.37	86.13	46.00	550.00		58.80	65.20	69.70	73.00	74.00	78.00	81.00	84.00	88.10	91.00	95.80	103.40	110.10	115.00	120.50	142.80	171.50	216.40	289.00	
03167000	0908	19090908	20150908	97	116.21	86.77	42.00	764.00		53.90	64.00	68.00	69.60	72.00	77.00	81.30	84.20	89.20	94.00	101.90	106.00	109.40	113.80	122.50	139.80	163.50	179.00	244.70	
03167000	0909	19090909	20150909	97	107.81	72.34	48.00	673.00		53.70	64.40	67.00	70.60	73.50	75.40	77.30	81.40	87.10	90.00	94.90	101.80	107.70	111.00	117.50	130.00	143.30	161.60	206.70	
03167000	0910	19090910	20150910	97	101.30	46.63	53.00	369.00		54.90	60.00	66.70	70.60	73.50	77.40	79.00	82.00	85.10	88.00	93.90	98.60	101.00	107.20	117.50	121.00	131.60	151.00	208.20	
03167000	0911	19090911	20150911	97	97.45	37.48	41.00	259.00		54.90	60.80	68.70	70.60	74.50	76.00	78.30	81.20	84.10	89.00	93.80	94.80	97.70	106.00	108.50	116.00	131.60	140.60	184.20	
03167000	0912	19090912	20150912	97	94.96	35.49	45.00	211.00		52.80	61.80	66.00	68.60	73.50	75.00	76.00	80.00	81.20	84.00	86.80	90.60	98.40	104.00	107.00	113.80	124.00	153.20	188.20	
03167000	0913	19090913	20150913	97	97.71	44.47	47.00	341.00		56.70	62.80	66.00	69.60	71.50	74.00	76.00	79.00	81.10	85.00	87.90	89.80	96.80	103.60	106.00	111.80	130.10	160.20	182.10	
03167000	0914	19090914	20150914	97	99.08	47.99	48.00	344.00		52.80	63.00	65.70	67.60	70.50	71.40	75.00	78.00	82.00	85.00	88.80	94.80	101.70	106.00	110.00	121.40	131.60	157.60	187.30	
03167000	0915	19090915	20150915	97	98.62	50.17	49.00	384.00		57.40	62.80	65.70	69.00	72.50	75.00	76.00	78.20	81.10	84.00	87.90	91.80	98.70	103.60	105.50	111.40	124.90	148.00	187.60	
03167000	0916	19090916	20150916	97	119.05	166.51	51.00	1340.00		56.00	63.00	67.70	70.00	71.50	73.40	75.00	78.00	82.00	85.00	87.80	94.00	98.00	100.00	103.00	109.80	125.90	155.40	197.20	
03167000	0917	19090917	20150917	97	119.71	133.27	51.00	878.00		58.60	61.80	66.40	68.60	70.00	74.00	76.00	76.40	81.10	83.00	89.80	96.00	99.00	105.60	106.50	118.40	138.40	161.40	301.30	
03167000	0918	19090918	20150918	97	146.43	299.27	48.00	2640.00		54.00	60.80	66.00	68.00	70.00	73.00	76.00	79.00	82.10	85.00	92.00	95.00	101.80	106.00	120.00	129.80	154.90	176.60	314.90	
03167000	0919	19090919	20150919	97	121.41	124.38	48.00	930.00		56.00	60.00	64.70	68.00	70.00	72.80	74.30	78.00	84.00	86.00	92.90	96.00	101.00	107.20	112.00	122.80	151.90	206.00	353.50	
03167000	0920	19090920	20150920	97	118.27	108.98	50.00	890.00		56.90	61.60	66.00	68.00	71.50	74.00	77.00	82.00	84.10	92.00	95.00	97.80	101.00	105.60	111.50	134.40	156.40	177.60	296.90	
03167000	0921	19090921	20150921	97	111.88	83.76	48.00	710.00		56.90	60.80	65.00	68.00	70.50	75.00	79.00	82.40	85.10	90.00	91.90	95.00	97.00	105.60	114.50	141.80	157.30	173.20	258.30	
03167000	0922	19090922	20150922	97	122.84	157.85	44.00	1210.00		55.90	58.00	64.00	66.60	70.50	74.40	78.00	79.40	82.10	85.00	88.90	93.00	94.70	101.60	110.00	126.60	140.80	176.40	300.00	
03167000	0923	19090923	20150923	97	134.99	267.01	48.00	2590.00		56.70	60.00	65.00	68.60	69.50	74.00	75.30	78.00	81.00	83.00	85.80	89.80	91.00	97.00	108.00	116.80	135.50	192.20	348.20	
03167000	0924	19090924	20150924	97	120.74	149.49	48.00	1040.00		56.00	62.00	64.70	68.60	71.00	72.40	76.00	77.00	80.00	82.00	84.00	88.80	92.00	96.60	102.50	109.80	120.50	223.80	284.40	
03167000	0925	19090925	20150925	97	104.81	77.82	46.00	611.00		53.90	58.00	64.70	68.00	71.00	73.00	74.30	80.00	81.10	84.00	86.00	90.80	93.70	99.20	104.00	112.20	125.30	188.60	228.80	
03167000	0926	19090926	20150926	97	107.61	113.77	46.00	1120.00		53.80	58.80	64.70	69.00	71.00	72.00	76.30	79.00	81.00	85.00	88.00	90.00	94.00	96.00	101.00	110.40	126.60	182.80	223.10	
03167000	0927	19090927	20150927	97	129.95	183.78	46.00	1180.00		54.90	62.40	65.70	69.60	71.50	76.00	78.30	80.20	83.10	87.00	90.90	93.00	98.70	101.00	108.00	133.40	141.70	178.60	235.80	
03167000	0928	19090928	20150928	97	136.29	183.08	47.00	1310.00		54.00	64.00	67.00	69.60	72.00	76.00	78.00	79.00	82.00	85.00	87.00	91.40	96.70	102.20	118.50	131.80	170.30	210.00	451.70	
03167000	0929	19090929	20150929	97	132.06	157.34	44.00	1340.00		57.90	64.60	68.70	71.00	73.00	74.00	77.30	81.00	84.10	87.00	88.90	92.60	100.10	109.00	121.50	134.40	170.30	251.20	336.00	
03167000	0930	19090930	20150930	97	154.20	178.33	42.00	1180.00		59.30	63.80	66.70	71.00	72.50	74.40	76.60	83.20	86.00	88.00	92.80	94.80	105.50	117.00	129.00	160.20	226.70	406.80	546.10	
03167000	1001	19081001	20151001	97	181.85	376.27	43.00	3300.00		57.00	64.60	67.70	69.00	73.50	75.40	77.00	84.00	86.00	89.00	92.00	97.80	107.40	115.60	124.50	157.20	237.20	311.00	500.10	
03167000	1002	19081002	20151002	97	204.22	568.59	43.00	4650.00		56.80	63.00	67.00	70.60	73.00	75.20	78.30	82.00	83.10	90.00	92.00	99.80	111.00	121.60	147.00	178.20	207.30	264.00	357.90	
03167000	1003	19081003	20151003	97	142.64	196.54	44.00	1480.00		53.90	62.60	67.40	71.00	72.00	74.00	77.00	79.20	81.10	88.00	92.00	97.60	105.40	120.20	144.00	163.60	194.60	215.40	352.90	
03167000	1004	19081004	20151004	97	126.03	125.84	44.00	895.00		58.60	62.00	65.70	68.00	72.00	73.40	77.00	81.00	84.00	88.00	93.80	96.00	104.40	117.60	131.50	141.40	173.00	185.60	333.30	
03167000	1005	19081005	20151005	97	131.52	155.73	44.00	1240.00		56.60	62.80	65.70	68.00	72.00	75.40	77.30	79.40	84.00	88.00	91.90	97.40	107.40	113.60	123.00	142.20	149.60	182.00	416.20	
03167000	1006	19081006	20151006	97	130.71	147.03	44.00	1010.00		53.00	61.60	64.70	68.20	72.00	74.00	78.00	79.00	81.30	88.00	94.70	99.20	105.10	113.20	120.50	131.80	151.20	204.80	431.40	
03167000	1007	19081007	20151007	97	118.31	100.94	43.00	750.00		52.90	58.80	62.70	67.60	73.00	74.40	78.00	83.00	87.00	90.00	93.90	100.00	104.00	106.00	116.00	127.20	149.30	235.20	273.60	
03167000	1008	19081008	20151008	97	114.47	76.80	43.00	505.00		54.90	58.80	64.00	67.40	72.50	75.40	79.30	81.00	84.10	87.00	92.70	98.40	105.70	117.20	126.50	139.80	161.60	207.60	310.10	
03167000	1009	19081009	20151009	97	122.08	155.74	46.00	1540.00		54.80	58.60	63.00	71.00	73.50	75.40	78.30	82.00	85.00	88.00	91.80	100.00	109.80	118.60	127.50	136.40	148.50	196.20	248.00	
03167000	1010	19081010	20151010	97	121.35	126.37	48.00	1170.00		56.90	61.80	63.00	69.60	74.50	75.40	77.00	79.20	84.10	91.00	94.00	101.00	108.00	115.20	122.50	133.00	160.50	199.00	284.50	
03167000	1011	19081011	20151011	97	117.32	86.52	44.00	566.00		56.80	62.80	63.70	69.60	73.00	74.00	76.00	78.00	81.10	88.00	92.00	97.80	103.70	115.00	119.50	139.40	162.80	209.40	343.00	
03167000	1012	19081012	20151012	97	112.13	75.64	44.00	568.00		52.90	60.80	65.70	70.60	73.00	74.00	76.30	80.00	84.00	86.00	90.00	92.80	105.40	110.60	117.50	144.40	165.60	181.40	271.70	
03167000	1013	19081013	20151013	97	114.27	89.62	44.00	782.00		53.00	60.00	63.70	69.00	72.00	73.40	76.60	80.20	82.20	86.00	88.90	98.80	104.00	111.60	125.00	142.40	158.30	204.00	259.30	
03167000	1014	19081014	20151014	97	116.32	80.70	47.00	425.00		55.00	60.80	66.40	68.60	71.00	75.00	77.30	80.00	81.00	82.00	87.90	96.80	101.70	113.20	127.00	146.80	166.80	221.20	341.00	
03167000	1015	19081015	20151015	97	123.56	151.14	46.00	1350.00		55.00	60.60	67.00	68.60	71.00	73.40	76.00	79.00	80.00	83.00	87.90	96.00	105.10	112.80	119.00	146.40	158.00	204.60	232.30	
03167000	1016	19081016	20151016	97	117.18	92.76	47.00	770.00		54.80	60.60	66.70	69.00	73.00	75.40	76.30	78.00	81.10	86.00	96.00	104.80	108.70	120.60	140.50	148.20	164.20	178.00	267.00	
03167000	1017	19081017	20151017	97	127.47	120.58	48.00	1010.00		53.80	60.00	67.70	71.20	73.00	75.40	77.30	80.00	85.00	93.00	98.00	105.80	115.80	129.80	144.00	154.00	168.00	214.60	334.30	
03167000	1018	19081018	20151018	97	139.01	210.50	46.00	2060.00		55.00	61.00	65.70	69.20	72.50	76.40	78.00	81.20	84.00	90.00	100.90	110.80	115.40	125.60	141.00	151.20	173.90	251.80	321.90	
03167000	1019	19081019	20151019	97	171.63	336.28	46.00	2850.00		53.90	60.00	63.70	68.60	73.50	75.40	76.30	82.00	84.10	94.00	105.80	109.80	119.80	123.80	139.00	152.20	189.70	209.80	580.70	
03167000	1020	19081020	20151020	97	153.79	234.12	44.00	1850.00		53.80	62.00	65.00	68.20	73.00	75.40	78.30	83.00	86.50	96.00	102.00	106.00	117.80	126.20	133.50	152.60	173.20	205.20	530.10	
03167000	1021	19081021	20151021	97	140.43	200.30	48.00	1820.00		55.90	60.80	66.40	72.00	75.50	77.00	80.00	82.00	87.20	94.00	97.90	106.00	118.20	128.20	136.50	151.20	164.30	202.80	295.90	
03167000	1022	19081022	20151022	97	139.34	204.64	42.00	1940.00		56.90	61.80	65.00	71.60	75.00	79.40	81.00	84.00	89.20	94.00	100.00	103.80	116.70	122.60	137.50	150.40	159.20	183.60	415.00	
03167000	1023	19081023	20151023	97	140.45	159.63	47.00	1150.00		56.90	62.20	65.70	71.60	75.00	77.40	80.00	82.00	88.30	95.00	98.00	110.00	119.10	124.00	136.50	143.40	162.60	251.20	399.20	
03167000	1024	19081024	20151024	97	157.94	251.44	43.00	2160.00		57.00	61.80	66.70	71.00	74.00	75.40	78.30	83.20	86.10	91.00	99.70	106.20	113.70	122.20	132.00	147.40	164.30	266.20	611.00	
03167000	1025	19081025	20151025	97	141.74	193.90	43.00	1810.00		56.90	64.60	67.70	71.00	74.00	76.40	79.00	81.60	90.00	96.00	101.70	108.80	113.70	121.60	131.50	152.00	175.10	239.20	395.50	
03167000	1026	19081026	20151026	97	160.35	233.26	44.00	1550.00		59.80	63.00	68.70	73.60	75.00	77.40	81.00	86.00	90.10	95.00	102.00	106.00	119.70	123.60	136.00	157.60	185.30	250.80	502.90	
03167000	1027	19081027	20151027	97	143.21	156.07	43.00	1030.00		58.90	61.00	67.00	72.00	75.00	78.40	81.30	86.00	90.10	97.00	101.00	108.00	112.40	124.20	140.50	147.40	173.30	260.20	512.20	
03167000	1028	19081028	20151028	97	155.48	258.72	48.00	2470.00		57.90	63.80	70.70	72.00	75.00	78.00	82.30	86.40	90.00	95.00	100.90	105.80	110.70	122.00	139.00	164.60	223.90	254.80	426.30	
03167000	1029	19081029	20151029	97	147.52	177.13	50.00	1220.00		56.50	64.80	71.10	74.00	76.50	79.00	81.00	85.40	90.40	96.00	103.80	106.00	111.00	119.00	146.50	169.40	208.80	238.60	439.80	
03167000	1030	19081030	20151030	97	143.88	208.28	49.00	1950.00		58.70	66.80	71.00	74.00	75.50	77.00	81.00	85.20	89.30	94.00	100.00	104.00	108.70	118.60	139.00	165.80	193.40	234.80	317.70	
03167000	1031	19081031	20151031	97	131.95	119.56	48.00	872.00		57.60	65.80	69.70	72.20	75.50	78.40	80.30	82.20	89.00	95.00	100.90	103.80	107.70	121.60	134.50	157.40	184.40	232.80	330.10	
03167000	1101	19081101	20151101	97	129.80	100.17	48.00	587.00		60.90	65.00	69.00	72.60	76.50	80.00	84.00	87.20	93.10	97.00	100.00	103.00	109.40	118.40	130.50	152.40	188.30	248.00	375.90	
03167000	1102	19081102	20151102	97	139.60	131.87	48.00	1040.00		58.90	64.80	70.00	74.60	77.00	79.00	86.60	91.00	94.10	97.00	100.00	104.80	116.80	126.20	141.50	166.80	211.00	250.60	406.30	
03167000	1103	19081103	20151103	97	155.06	193.33	51.00	1410.00		62.90	67.60	71.70	75.00	78.00	80.40	86.00	89.00	95.00	98.00	100.00	105.60	114.00	125.40	136.00	172.00	224.90	305.20	410.90	
03167000	1104	19081104	20151104	97	156.84	186.95	50.00	1460.00		60.90	65.80	73.40	77.00	80.00	82.00	85.30	88.40	94.00	98.00	103.00	106.00	114.00	121.60	138.50	180.60	218.50	322.80	516.80	
03167000	1105	19081105	20151105	97	151.10	187.75	50.00	1720.00		64.00	68.80	72.70	75.60	79.00	82.00	85.00	90.00	92.00	94.00	100.60	107.80	118.90	128.60	154.50	190.00	213.90	285.80	419.60	
03167000	1106	19081106	20151106	97	141.47	124.55	49.00	887.00		62.00	67.00	71.70	75.60	79.00	81.00	84.30	86.40	94.00	96.00	100.90	108.00	118.20	143.80	158.00	184.20	210.10	290.00	341.10	
03167000	1107	19081107	20151107	97	157.80	301.51	47.00	3000.00		62.00	65.80	70.70	74.60	77.00	80.00	86.60	91.20	96.00	98.00	108.70	113.00	123.70	137.40	153.00	173.40	201.80	273.80	305.90	
03167000	1108	19081108	20151108	97	152.39	208.27	48.00	1990.00		60.90	65.00	72.00	74.60	77.00	80.80	86.30	89.00	91.20	100.00	105.70	109.80	119.60	146.00	172.50	199.40	230.70	247.60	317.80	
03167000	1109	19081109	20151109	97	144.85	134.60	48.00	976.00		61.00	64.80	72.70	75.00	77.50	82.80	85.00	88.20	98.10	103.00	107.00	111.60	135.10	154.80	168.50	204.80	221.00	240.40	302.50	
03167000	1110	19081110	20151110	97	162.98	225.10	46.00	2000.00		61.70	66.00	72.00	75.60	79.00	82.40	88.60	92.00	96.00	100.00	104.80	113.40	137.10	149.40	158.50	189.40	218.00	278.80	436.50	
03167000	1111	19081111	20151111	97	146.19	124.99	48.00	762.00		59.70	68.40	73.00	75.60	80.00	82.00	84.00	89.40	95.00	99.00	107.50	116.60	131.40	148.00	164.50	188.80	222.00	266.20	365.40	
03167000	1112	19081112	20151112	97	158.58	211.27	47.00	1790.00		62.50	70.00	72.70	74.60	76.50	81.00	84.00	89.20	95.10	100.00	105.90	115.00	127.40	148.80	159.00	184.00	230.00	245.00	394.70	
03167000	1113	19081113	20151113	97	197.42	495.85	47.00	4800.00		60.90	70.00	70.00	72.00	76.50	80.00	82.30	87.40	93.00	99.00	103.00	110.00	125.90	143.20	156.50	191.00	222.50	290.80	497.60	
03167000	1114	19081114	20151114	97	147.65	138.66	47.00	995.00		64.80	68.80	70.70	72.00	75.50	80.00	83.00	87.20	91.00	98.00	101.90	110.40	125.80	135.20	154.50	181.20	239.20	269.20	472.90	
03167000	1115	19081115	20151115	97	140.96	112.88	46.00	643.00		61.80	68.80	71.70	73.60	76.00	78.40	81.30	87.20	92.20	98.00	100.00	113.60	124.90	140.60	155.00	174.80	215.20	285.40	424.60	
03167000	1116	19081116	20151116	97	152.72	171.19	48.00	1400.00		61.70	65.80	70.00	73.60	77.50	80.00	82.30	88.60	96.10	100.00	101.00	109.60	121.70	143.80	159.00	166.80	219.20	291.80	428.90	
03167000	1117	19081117	20151117	97	154.37	145.30	44.00	828.00		63.90	67.40	71.00	74.00	76.50	82.80	87.00	91.20	98.20	101.00	111.00	121.00	130.40	147.60	157.50	185.80	233.00	289.20	544.70	
03167000	1118	19081118	20151118	97	191.94	452.99	50.00	4460.00		61.90	65.00	69.70	73.60	76.50	85.40	88.60	92.20	99.00	101.00	115.50	122.40	137.40	149.40	172.50	203.40	232.90	297.20	486.20	
03167000	1119	19081119	20151119	97	218.94	425.86	48.00	3000.00		62.60	66.80	68.70	76.20	80.00	81.40	88.30	92.20	98.20	106.00	115.80	120.80	142.90	154.80	182.00	200.80	242.40	317.20	719.00	
03167000	1120	19081120	20151120	97	207.98	419.04	47.00	3820.00		62.40	66.80	71.40	76.00	78.50	84.80	88.30	95.00	101.20	111.00	120.50	127.80	139.50	153.00	163.50	193.80	244.90	352.40	829.20	
03167000	1121	19081121	20151121	97	159.43	149.17	48.00	987.00		63.80	67.60	70.00	74.60	77.50	84.00	87.90	98.40	104.40	110.00	113.90	121.60	144.70	152.40	181.50	191.60	234.40	318.80	509.60	
03167000	1122	19081122	20151122	97	159.45	143.41	48.00	853.00		60.90	67.00	71.00	74.00	79.50	86.00	91.80	99.40	106.20	114.00	119.80	131.00	138.70	152.40	173.50	193.20	224.00	318.00	527.00	
03167000	1123	19081123	20151123	97	155.11	114.25	50.00	556.00		59.90	68.00	71.70	76.60	81.00	86.80	92.60	100.40	106.00	111.00	117.00	132.00	144.00	163.80	169.00	198.00	293.70	334.80	456.30	
03167000	1124	19081124	20151124	97	165.25	138.93	50.00	920.00		60.90	69.00	70.70	75.00	79.00	85.40	90.60	98.80	110.10	114.00	122.70	131.00	142.80	162.60	180.50	247.40	301.10	365.40	405.00	
03167000	1125	19081125	20151125	97	186.32	227.89	55.00	1370.00		62.70	68.00	71.70	75.00	80.00	84.20	88.00	94.80	108.00	111.00	126.00	130.80	150.00	165.00	185.50	253.60	285.20	323.60	508.70	
03167000	1126	19081126	20151126	97	190.59	224.86	50.00	1600.00		63.60	69.40	72.00	76.00	78.00	84.00	88.90	101.00	107.40	120.00	124.90	136.60	152.40	172.60	205.00	252.40	306.60	352.20	584.50	
03167000	1127	19081127	20151127	97	176.77	169.52	40.00	1090.00		60.80	67.00	71.70	73.60	82.50	88.40	96.30	102.20	106.00	120.00	130.70	143.60	154.50	169.60	187.50	236.60	269.40	340.80	514.10	
03167000	1128	19081128	20151128	97	178.16	144.24	40.00	684.00		60.70	66.00	70.00	74.80	82.50	87.00	98.90	103.60	111.40	120.00	129.70	139.00	163.50	196.00	223.00	264.00	306.20	403.40	525.40	
03167000	1129	19081129	20151129	97	239.98	427.39	50.00	3700.00		57.90	67.00	70.70	78.00	84.00	90.40	100.00	110.00	115.10	125.00	134.50	156.40	176.70	198.00	232.50	277.40	313.70	443.20	728.30	
03167000	1130	19081130	20151130	97	214.54	250.50	50.00	1600.00		63.90	68.00	71.70	77.00	83.00	92.40	99.30	105.20	121.60	131.00	135.90	167.20	185.80	201.60	232.50	276.40	323.60	411.60	774.20	
03167000	1201	19081201	20151201	97	233.34	329.44	51.00	2040.00		61.90	70.00	73.70	77.60	81.00	94.00	98.60	112.00	121.20	131.00	138.90	155.60	167.80	189.00	228.50	262.00	331.80	423.60	837.50	
03167000	1202	19081202	20151202	97	234.18	328.75	48.00	2170.00		65.80	68.00	70.00	75.00	80.00	90.40	101.30	110.00	113.60	125.00	132.80	156.40	176.90	200.20	247.00	285.00	317.90	438.20	861.60	
03167000	1203	19081203	20151203	97	231.92	277.73	46.00	1730.00		64.80	68.00	71.70	74.60	81.00	89.60	96.00	106.00	115.30	121.00	128.00	146.60	168.70	207.20	234.00	287.00	398.00	606.60	852.80	
03167000	1204	19081204	20151204	97	265.21	420.00	54.00	3260.00		64.00	66.80	70.00	75.40	82.50	93.00	99.90	110.20	116.10	126.00	140.10	153.40	164.70	217.00	236.50	292.80	451.70	652.40	941.40	
03167000	1205	19081205	20151205	97	266.52	437.30	58.00	3280.00		63.90	66.80	68.70	72.00	82.00	88.40	101.90	110.40	116.50	125.00	145.20	161.80	173.00	225.40	250.50	292.60	416.90	524.40	991.60	
03167000	1206	19081206	20151206	97	208.79	192.86	58.00	1130.00		65.00	68.00	70.00	78.60	84.00	95.00	104.60	115.00	120.00	135.00	149.80	168.40	199.20	213.00	247.00	286.60	411.30	458.80	623.10	
03167000	1207	19081207	20151207	97	217.85	214.14	56.00	1470.00		62.90	66.60	70.00	74.60	88.50	103.00	109.00	114.60	125.20	144.00	149.80	168.80	191.70	236.20	271.00	323.40	388.80	474.80	642.40	
03167000	1208	19081208	20151208	97	243.34	354.93	51.00	2670.00		60.00	67.80	70.00	73.60	87.00	103.00	106.00	114.00	121.00	128.00	139.80	157.80	191.60	218.20	254.00	300.40	372.80	465.40	725.40	
03167000	1209	19081209	20151209	97	225.02	349.50	51.00	3260.00		61.80	67.80	72.00	78.40	88.50	96.20	104.30	111.00	118.00	129.00	143.80	161.00	180.80	194.80	260.50	297.40	382.00	434.80	579.70	
03167000	1210	19081210	20151210	97	234.08	325.64	51.00	2230.00		62.00	68.00	70.70	77.80	87.50	96.00	102.60	108.20	115.00	128.00	143.80	171.60	188.80	241.60	291.50	329.80	368.70	401.80	613.70	
03167000	1211	19081211	20151211	97	280.16	447.81	48.00	3210.00		64.90	69.80	72.70	84.20	95.50	103.20	107.00	116.20	126.20	145.00	164.90	179.00	220.40	253.60	275.50	310.40	346.00	494.60	988.50	
03167000	1212	19081212	20151212	97	274.00	379.43	48.00	2490.00		57.80	68.80	73.40	86.60	99.50	103.40	109.20	123.80	133.10	141.00	150.00	202.40	222.10	231.60	260.00	315.40	418.00	675.60	1036.00	
03167000	1213	19081213	20151213	97	245.75	276.33	45.00	1630.00		63.80	69.60	76.90	91.20	98.50	104.80	110.30	119.20	124.60	140.00	163.40	194.00	212.40	224.80	254.00	307.40	356.70	644.80	839.40	
03167000	1214	19081214	20151214	97	232.58	260.39	54.00	1770.00		63.90	70.00	80.70	88.60	98.00	104.20	108.00	118.40	127.00	140.00	157.90	190.00	217.70	235.80	280.00	318.40	331.20	512.40	670.30	
03167000	1215	19081215	20151215	97	211.51	185.75	50.00	1020.00		66.00	70.80	81.40	86.80	94.00	98.40	106.00	119.20	127.30	143.00	159.90	178.40	206.20	253.80	274.00	292.60	374.20	414.60	540.40	
03167000	1216	19081216	20151216	97	234.77	286.79	45.00	1730.00		61.70	68.00	78.50	84.00	93.50	100.40	109.50	119.00	129.10	152.00	161.80	191.20	213.10	249.60	271.50	292.80	337.90	410.20	642.90	
03167000	1217	19081217	20151217	97	224.40	222.26	40.00	1440.00		60.90	68.00	78.80	88.00	95.50	102.40	110.90	117.00	140.10	149.00	166.80	199.80	207.40	242.20	272.50	290.00	336.90	482.20	654.90	
03167000	1218	19081218	20151218	97	268.03	502.97	45.00	3780.00		62.70	69.60	74.00	88.00	90.50	98.40	109.30	120.20	130.10	145.00	166.40	188.60	212.80	229.60	259.00	279.20	322.80	451.60	771.20	
03167000	1219	19081219	20151219	97	228.01	292.88	50.00	2470.00		62.00	71.20	78.40	84.00	89.00	95.60	102.30	118.20	130.90	151.00	166.50	179.80	201.40	220.40	252.50	309.60	364.30	430.20	612.70	
03167000	1220	19081220	20151220	97	206.43	181.64	51.00	1100.00		64.70	69.60	76.00	85.20	88.50	96.00	102.30	118.40	125.50	139.00	155.80	179.00	198.70	222.00	251.50	295.40	323.00	466.40	551.90	
03167000	1221	19081221	20151221	97	213.21	187.19	50.00	1050.00		55.90	67.60	75.40	80.80	91.50	98.40	110.00	116.20	135.30	144.00	160.90	179.20	194.80	221.20	255.00	291.20	377.10	488.40	700.00	
03167000	1222	19081222	20151222	97	231.84	266.46	35.00	2170.00		55.90	68.40	74.00	82.00	93.00	100.40	106.90	127.60	142.50	162.00	177.80	182.80	203.40	237.20	288.00	318.60	371.60	446.80	755.10	
03167000	1223	19081223	20151223	97	237.13	226.00	34.00	1490.00		60.00	69.20	78.10	82.00	95.00	102.40	110.20	130.80	139.20	163.00	178.90	211.60	235.50	287.00	308.00	348.40	388.30	473.00	709.20	
03167000	1224	19081224	20151224	97	263.05	266.37	40.00	1560.00		65.60	72.80	76.40	89.20	98.50	104.40	120.80	132.20	148.60	167.00	189.80	208.40	248.20	291.40	331.00	382.40	470.40	537.00	874.00	
03167000	1225	19081225	20151225	97	291.06	339.86	40.00	2400.00		61.60	70.60	75.70	91.80	103.50	114.00	129.50	144.20	157.30	174.00	186.00	225.00	260.80	313.60	354.00	403.40	508.40	588.40	945.10	
03167000	1226	19081226	20151226	97	282.74	285.25	50.00	1780.00		60.90	69.80	78.10	94.60	106.00	118.00	131.90	145.00	158.70	180.00	196.70	262.00	283.50	321.80	363.00	424.20	485.60	603.60	757.90	
03167000	1227	19081227	20151227	97	261.42	238.62	60.00	1440.00		66.00	75.00	81.70	96.20	106.50	121.20	127.20	149.20	162.30	178.00	213.70	235.20	249.10	280.80	331.50	386.80	435.20	541.40	746.00	
03167000	1228	19081228	20151228	97	262.09	266.08	62.00	2240.00		67.90	78.20	86.70	103.40	117.00	124.40	136.60	146.20	163.30	182.00	215.00	234.60	265.00	298.80	342.50	388.40	427.30	485.60	621.00	
03167000	1229	19081229	20151229	97	290.80	288.10	60.00	1730.00		66.00	74.40	85.60	102.00	119.00	123.00	132.00	153.20	175.50	201.00	228.90	258.40	287.40	326.00	345.00	413.40	495.30	633.20	798.60	
03167000	1230	19081230	20151230	97	331.26	419.59	51.00	3270.00		65.60	69.60	85.50	99.60	110.00	133.60	145.30	166.00	172.30	190.00	220.70	252.40	280.40	304.80	376.50	471.60	557.20	728.60	1047.00	
03167000	1231	19081231	20151231	97	340.22	544.81	48.00	4910.00		62.60	67.60	83.90	94.60	118.50	128.80	148.00	163.60	179.00	197.00	216.30	250.80	272.80	316.00	355.00	453.60	546.10	729.80	1035.00	
