site_no	monthday	begin_dt	end_dt	count_nu	mean	std	min	max	p01	p05	p10	p15	p20	p25	p30	p35	p40	p45	p50	p55	p60	p65	p70	p75	p80	p85	p90	p95	p99
03193000	ALL	19381001	20151013	28137	12144.64	12977.43	970.00	163000.00	1560.00	2120.00	2590.00	3060.00	3550.00	4130.00	4730.00	5340.00	6050.00	6830.00	7680.00	8730.00	9978.00	11300.00	13000.00	15000.00	17500.00	21100.00	26600.00	38000.00	66462.00
03193000	0101	19390101	20150101	77	16334.55	16296.44	1890.00	72200.00		2848.00	3384.00	4973.00	5460.00	6370.00	7220.00	8137.00	9092.00	10310.00	10900.00	12560.00	13360.00	14740.00	15620.00	17800.00	20080.00	28750.00	40180.00	64330.00	
03193000	0102	19390102	20150102	77	15571.17	15658.32	1790.00	81800.00		2572.00	3262.00	4507.00	5428.00	6315.00	7112.00	7764.00	8540.00	9775.00	11000.00	12640.00	13080.00	14040.00	15980.00	17450.00	19820.00	25930.00	34960.00	53850.00	
03193000	0103	19390103	20150103	77	15795.19	15237.81	1440.00	69700.00		2500.00	3554.00	4127.00	5072.00	6315.00	7330.00	8161.00	9050.00	9744.00	10200.00	11710.00	13140.00	14070.00	16180.00	19400.00	22160.00	27500.00	36140.00	58100.00	
03193000	0104	19390104	20150104	77	16202.99	13354.82	1320.00	62000.00		2581.00	3846.00	5188.00	5922.00	6605.00	7428.00	9327.00	10020.00	10420.00	11300.00	12270.00	14160.00	15540.00	17560.00	23150.00	27360.00	31350.00	37560.00	47930.00	
03193000	0105	19390105	20150105	77	16242.86	12264.03	1810.00	56100.00		2572.00	4530.00	5756.00	6770.00	7055.00	7780.00	8582.00	9714.00	10510.00	12100.00	13760.00	15560.00	17780.00	20620.00	21550.00	27320.00	30770.00	33800.00	46010.00	
03193000	0106	19390106	20150106	77	15661.43	11888.84	1790.00	53600.00		2343.00	4612.00	5257.00	5566.00	6545.00	7232.00	8222.00	9222.00	10850.00	12700.00	13190.00	15460.00	16970.00	19580.00	20900.00	23880.00	29530.00	33880.00	40410.00	
03193000	0107	19390107	20150107	77	15487.66	12563.94	1960.00	75000.00		2476.00	4336.00	5363.00	6444.00	6760.00	7920.00	8889.00	9268.00	12100.00	12700.00	13770.00	15080.00	15780.00	17120.00	20100.00	22180.00	27840.00	29860.00	38810.00	
03193000	0108	19390108	20150108	77	16604.68	18971.42	1740.00	146000.00		2338.00	5038.00	5536.00	6382.00	6955.00	7538.00	8328.00	10048.00	11210.00	12100.00	13520.00	13860.00	14450.00	17060.00	18200.00	21080.00	26180.00	33460.00	44790.00	
03193000	0109	19390109	20150109	77	16540.26	19402.87	1810.00	138000.00		2284.00	4090.00	5543.00	5998.00	6800.00	8040.00	8785.00	9752.00	10210.00	10900.00	12680.00	13000.00	14010.00	16260.00	17700.00	22620.00	26630.00	33800.00	46870.00	
03193000	0110	19390110	20150110	77	15924.42	14933.28	1700.00	72300.00		2375.00	3768.00	5118.00	5460.00	6495.00	8180.00	8600.00	9268.00	9691.00	10000.00	11280.00	11400.00	13380.00	16700.00	20550.00	23360.00	32100.00	36020.00	51340.00	
03193000	0111	19390111	20150111	77	14977.27	13759.09	1890.00	77100.00		2601.00	4172.00	4501.00	5136.00	6680.00	7228.00	7712.00	8392.00	9336.00	9860.00	10880.00	12180.00	13690.00	15340.00	18700.00	23180.00	27810.00	34700.00	44230.00	
03193000	0112	19390112	20150112	77	14777.40	13338.75	1880.00	73100.00		2610.00	4000.00	4709.00	5612.00	6265.00	7062.00	7860.00	8306.00	9164.00	10300.00	11260.00	12080.00	12940.00	15100.00	21450.00	22700.00	25750.00	34040.00	40520.00	
03193000	0113	19390113	20150113	77	14478.44	13406.76	2050.00	70600.00		2514.00	3928.00	4569.00	5214.00	5670.00	6838.00	7627.00	8296.00	8995.00	9480.00	11180.00	12260.00	14480.00	17160.00	18500.00	20340.00	21810.00	32480.00	48120.00	
03193000	0114	19390114	20150114	77	13717.27	11073.58	1860.00	55900.00		2598.00	3912.00	4466.00	5924.00	6150.00	6698.00	7549.00	8232.00	8750.00	9950.00	11630.00	14100.00	14880.00	16060.00	17400.00	18860.00	24150.00	28000.00	35690.00	
03193000	0115	19390115	20150115	77	13815.58	9667.22	2010.00	48500.00		3021.00	4092.00	4991.00	6052.00	6485.00	7220.00	7860.00	8702.00	9724.00	11600.00	14080.00	14840.00	15670.00	16340.00	17950.00	19940.00	23090.00	28120.00	35650.00	
03193000	0116	19390116	20150116	77	15656.49	14215.99	2140.00	90900.00		3007.00	4268.00	5640.00	6220.00	6665.00	7216.00	7747.00	8632.00	10330.00	11900.00	13000.00	14080.00	14570.00	17600.00	19550.00	21880.00	26900.00	31520.00	45440.00	
03193000	0117	19390117	20150117	77	15532.99	14933.11	2090.00	86800.00		3672.00	4292.00	5396.00	5946.00	6565.00	7568.00	8030.00	9350.00	9907.00	10900.00	12090.00	13820.00	14920.00	15960.00	18700.00	22680.00	26270.00	30960.00	39650.00	
03193000	0118	19390118	20150118	77	14818.70	13660.04	2070.00	76500.00		3637.00	4182.00	4850.00	5748.00	6530.00	6850.00	7515.00	8058.00	8922.00	10400.00	12060.00	13080.00	14730.00	16380.00	18800.00	22240.00	23930.00	29540.00	43470.00	
03193000	0119	19390119	20150119	77	15400.13	16360.56	2090.00	98700.00		3601.00	4484.00	5548.00	5988.00	6455.00	7128.00	7623.00	8382.00	9300.00	10100.00	11390.00	12120.00	14150.00	14840.00	15950.00	18520.00	23160.00	31380.00	56960.00	
03193000	0120	19390120	20150120	77	15694.68	16355.23	2180.00	105000.00		2667.00	5058.00	6270.00	6508.00	7005.00	7854.00	8593.00	9340.00	9884.00	10800.00	11280.00	12120.00	12970.00	14640.00	17000.00	19800.00	24290.00	30860.00	55900.00	
03193000	0121	19390121	20150121	77	16345.06	14661.69	1880.00	67400.00		2525.00	4870.00	5591.00	6472.00	7330.00	7926.00	8763.00	10340.00	10810.00	11600.00	12750.00	13460.00	14170.00	15800.00	17950.00	21140.00	27930.00	40960.00	54020.00	
03193000	0122	19390122	20150122	77	16222.08	14516.06	2110.00	86000.00		2727.00	4450.00	5347.00	5798.00	6740.00	7388.00	8954.00	10240.00	10610.00	11000.00	12690.00	14040.00	15840.00	18680.00	20800.00	23360.00	25500.00	37260.00	42790.00	
03193000	0123	19390123	20150123	77	16602.73	13016.58	2160.00	69700.00		3321.00	4804.00	5138.00	5956.00	6480.00	7560.00	8578.00	10200.00	11070.00	12500.00	13450.00	16740.00	18850.00	20800.00	23600.00	26760.00	29850.00	33800.00	42170.00	
03193000	0124	19390124	20150124	77	17177.01	14073.54	2120.00	86500.00		3304.00	4830.00	5148.00	6110.00	7080.00	7978.00	9047.00	11040.00	11860.00	14300.00	15190.00	16800.00	17990.00	20360.00	22600.00	26540.00	29380.00	35040.00	45240.00	
03193000	0125	19390125	20150125	77	17617.53	14857.01	2090.00	87600.00		3315.00	4612.00	5503.00	6140.00	6925.00	8232.00	10030.00	11300.00	12830.00	13300.00	14380.00	16860.00	18320.00	21740.00	24200.00	25520.00	29810.00	34420.00	54090.00	
03193000	0126	19390126	20150126	77	18679.48	18280.63	1960.00	111000.00		3287.00	4734.00	5515.00	6152.00	7380.00	8468.00	9287.00	10740.00	12140.00	13300.00	14690.00	16180.00	18110.00	19880.00	23400.00	27920.00	30940.00	39140.00	55750.00	
03193000	0127	19390127	20150127	77	17744.81	15720.62	1880.00	85500.00		3639.00	4552.00	5200.00	6186.00	7430.00	8736.00	9757.00	10660.00	11100.00	13000.00	14680.00	16520.00	19220.00	20120.00	22300.00	25040.00	27930.00	35520.00	54510.00	
03193000	0128	19390128	20150128	77	17342.08	16080.49	1670.00	90200.00		3255.00	4850.00	5230.00	6852.00	7735.00	8550.00	9092.00	9728.00	11010.00	12100.00	13860.00	15660.00	16970.00	18680.00	20700.00	22820.00	28260.00	36460.00	54220.00	
03193000	0129	19390129	20150129	77	17493.12	15756.42	1740.00	83700.00		3228.00	4760.00	5724.00	6398.00	7810.00	8724.00	10100.00	10640.00	11220.00	12300.00	13660.00	14080.00	15350.00	16580.00	18500.00	28320.00	32280.00	43120.00	49340.00	
03193000	0130	19390130	20150130	77	16980.91	14253.06	1960.00	81000.00		3626.00	5140.00	5584.00	7400.00	8270.00	8890.00	9408.00	10500.00	11020.00	11500.00	13040.00	14240.00	16140.00	19560.00	23650.00	26260.00	29380.00	34640.00	41940.00	
03193000	0131	19390131	20150131	77	17786.62	16658.69	2350.00	82600.00		3452.00	4832.00	6377.00	7208.00	8305.00	8772.00	9375.00	9948.00	10910.00	11800.00	12680.00	14900.00	15740.00	19160.00	21850.00	24840.00	26490.00	41800.00	62980.00	
03193000	0201	19390201	20150201	77	18986.36	19512.41	1830.00	108000.00		3772.00	4492.00	6408.00	7354.00	8200.00	8612.00	9470.00	10260.00	11200.00	12300.00	13960.00	16380.00	18410.00	19660.00	21350.00	24720.00	32330.00	37660.00	63570.00	
03193000	0202	19390202	20150202	77	19141.82	19830.12	1860.00	113000.00		3751.00	5336.00	6241.00	6832.00	7165.00	7558.00	8882.00	9740.00	11700.00	12900.00	15020.00	15980.00	17210.00	17780.00	21650.00	26040.00	36530.00	45880.00	53450.00	
03193000	0203	19390203	20150203	77	19530.78	18269.04	1880.00	98400.00		3592.00	5508.00	6411.00	7004.00	7990.00	8666.00	10590.00	11420.00	12870.00	13700.00	14690.00	15400.00	19400.00	21020.00	22050.00	27560.00	30090.00	45220.00	65360.00	
03193000	0204	19390204	20150204	77	20452.34	19338.67	1880.00	95700.00		4412.00	5110.00	6453.00	6640.00	7270.00	9578.00	10830.00	11760.00	13010.00	14800.00	15590.00	16260.00	18340.00	19940.00	23900.00	30200.00	34620.00	46980.00	70040.00	
03193000	0205	19390205	20150205	77	19551.17	16129.09	1740.00	73800.00		4174.00	5746.00	6194.00	6942.00	7835.00	9860.00	10790.00	12700.00	13610.00	14500.00	14800.00	16480.00	18540.00	20680.00	24750.00	29520.00	37260.00	48660.00	56360.00	
03193000	0206	19390206	20150206	77	18255.19	13789.01	2110.00	63000.00		3716.00	5206.00	6516.00	7004.00	7565.00	8368.00	9838.00	11760.00	12620.00	14700.00	15960.00	16760.00	18450.00	21080.00	24150.00	28340.00	36180.00	39440.00	52330.00	
03193000	0207	19390207	20150207	77	19026.62	15885.29	2230.00	87600.00		3568.00	5410.00	6521.00	6980.00	8195.00	9186.00	10062.00	11020.00	12160.00	13300.00	14200.00	16660.00	18950.00	22220.00	24650.00	30160.00	35550.00	42940.00	51630.00	
03193000	0208	19390208	20150208	77	18809.87	15456.42	2240.00	82200.00		4349.00	5064.00	6332.00	7032.00	8010.00	9448.00	10930.00	12160.00	12820.00	14900.00	15480.00	17020.00	18080.00	20720.00	23850.00	25820.00	32080.00	41140.00	52440.00	
03193000	0209	19390209	20150209	77	17516.75	13014.70	3020.00	61100.00		4554.00	5208.00	6443.00	6880.00	8505.00	9308.00	10660.00	11300.00	12510.00	13300.00	14540.00	16820.00	17760.00	20120.00	22000.00	26960.00	29760.00	36420.00	52980.00	
03193000	0210	19390210	20150210	77	17806.23	16231.02	4360.00	92600.00		4770.00	5600.00	6208.00	7024.00	7650.00	8558.00	9060.00	10420.00	12100.00	12800.00	13590.00	14740.00	16980.00	18760.00	22850.00	25580.00	30290.00	35500.00	46220.00	
03193000	0211	19390211	20150211	77	17320.91	16043.69	4000.00	86000.00		4857.00	5634.00	6197.00	6974.00	7505.00	8294.00	9471.00	10360.00	11300.00	12500.00	12600.00	14260.00	15280.00	17660.00	20650.00	25260.00	28340.00	31340.00	60870.00	
03193000	0212	19390212	20150212	77	17313.12	14958.47	4130.00	76000.00		4834.00	5602.00	6597.00	7100.00	8230.00	8934.00	9930.00	10620.00	11000.00	11700.00	12500.00	13820.00	15470.00	17140.00	21150.00	24000.00	29090.00	39120.00	52680.00	
03193000	0213	19390213	20150213	77	16755.84	13316.20	3640.00	70000.00		5009.00	5662.00	6651.00	6690.00	8050.00	8740.00	9997.00	10920.00	11320.00	12000.00	13490.00	14480.00	16650.00	17620.00	19950.00	21860.00	28620.00	37320.00	45430.00	
03193000	0214	19390214	20150214	77	18283.12	17602.04	3520.00	124000.00		5215.00	5938.00	6952.00	7128.00	8135.00	8612.00	10160.00	11420.00	12100.00	12700.00	13770.00	15000.00	16640.00	17980.00	20500.00	24560.00	30270.00	40620.00	51650.00	
03193000	0215	19390215	20150215	77	19002.60	17789.83	3410.00	108000.00		5869.00	6480.00	6893.00	7384.00	7955.00	9384.00	10860.00	11540.00	12420.00	13800.00	14940.00	16320.00	18500.00	20440.00	22350.00	25440.00	28060.00	35440.00	53270.00	
03193000	0216	19390216	20150216	77	18762.08	14181.74	4510.00	81800.00		5936.00	6220.00	7668.00	8138.00	9030.00	10240.00	10890.00	11920.00	13530.00	14500.00	15950.00	17360.00	18340.00	21560.00	24250.00	25380.00	29090.00	38520.00	50480.00	
03193000	0217	19390217	20150217	77	19041.17	12296.29	4130.00	58600.00		5770.00	6768.00	7449.00	8278.00	8680.00	9666.00	11890.00	13360.00	15000.00	16400.00	17540.00	18880.00	20000.00	21080.00	27050.00	29700.00	32740.00	37160.00	43090.00	
03193000	0218	19390218	20150218	77	20530.52	14733.73	5080.00	74100.00		6079.00	6338.00	7113.00	8024.00	9730.00	10820.00	12080.00	15000.00	15320.00	16500.00	18130.00	20520.00	22010.00	23000.00	25600.00	30240.00	33590.00	41720.00	49870.00	
03193000	0219	19390219	20150219	77	20128.31	14834.73	5260.00	78400.00		5689.00	6554.00	7994.00	9152.00	10200.00	10820.00	11730.00	12760.00	14120.00	15000.00	16490.00	18500.00	21620.00	24040.00	24750.00	27480.00	32910.00	43240.00	52160.00	
03193000	0220	19390220	20150220	77	19423.38	13901.26	5130.00	76100.00		5397.00	7132.00	8549.00	9032.00	9820.00	10900.00	12060.00	13080.00	15120.00	15500.00	16670.00	18160.00	20420.00	21440.00	23200.00	26240.00	30000.00	39920.00	51180.00	
03193000	0221	19390221	20150221	77	19208.96	12248.32	4940.00	59900.00		6015.00	7176.00	8634.00	9766.00	10900.00	11200.00	12060.00	12760.00	13920.00	14700.00	16810.00	18260.00	20000.00	23620.00	26000.00	28880.00	30860.00	36400.00	47650.00	
03193000	0222	19390222	20150222	77	20132.73	13758.18	4480.00	75000.00		5823.00	7140.00	7878.00	9688.00	10800.00	11240.00	12200.00	14100.00	15320.00	18200.00	18890.00	19880.00	22090.00	22880.00	25400.00	27560.00	31010.00	35640.00	49170.00	
03193000	0223	19390223	20150223	77	21245.58	15703.63	4160.00	106000.00		6253.00	6672.00	7520.00	8908.00	9850.00	10500.00	13630.00	15020.00	16540.00	18200.00	20000.00	21880.00	23970.00	24500.00	25650.00	28800.00	34450.00	40720.00	51420.00	
03193000	0224	19390224	20150224	77	22349.74	16431.80	4390.00	85400.00		5130.00	6834.00	7804.00	8236.00	9155.00	10320.00	12090.00	13420.00	14550.00	17000.00	20490.00	23580.00	25240.00	28280.00	31850.00	34020.00	37210.00	44260.00	56510.00	
03193000	0225	19390225	20150225	77	22437.27	18035.51	4260.00	79400.00		5166.00	7370.00	7919.00	8708.00	9540.00	10520.00	13000.00	13680.00	15010.00	16500.00	19150.00	20380.00	21510.00	26560.00	27350.00	31880.00	34710.00	52280.00	65710.00	
03193000	0226	19390226	20150226	77	21718.83	18779.46	3660.00	102000.00		5248.00	7148.00	7774.00	8774.00	9785.00	10340.00	12880.00	14200.00	15910.00	17400.00	17700.00	18200.00	19970.00	21480.00	24050.00	26060.00	33970.00	48020.00	64090.00	
03193000	0227	19390227	20150227	77	21095.84	17055.03	3530.00	76800.00		6276.00	7224.00	7604.00	8444.00	9425.00	10400.00	12760.00	14100.00	15510.00	16700.00	17090.00	18440.00	19730.00	21240.00	24150.00	27160.00	36110.00	45060.00	64020.00	
03193000	0228	19390228	20150228	77	19556.10	15439.34	3560.00	77700.00		5195.00	6384.00	7544.00	8732.00	9590.00	10240.00	11760.00	13500.00	14600.00	15000.00	15200.00	15500.00	18010.00	19420.00	23950.00	26040.00	33970.00	43080.00	56280.00	
03193000	0229	19400229	20120229	19	19323.16	14218.57	4940.00	64600.00		4940.00	6000.00	7300.00	8000.00	11200.00	11200.00	12200.00	12500.00	13300.00	14200.00	14600.00	17000.00	21800.00	24000.00	26600.00	30700.00	33400.00	33600.00	64600.00	
03193000	0301	19390301	20150301	77	20261.69	16409.82	3240.00	84900.00		5638.00	6512.00	8147.00	8884.00	9630.00	10780.00	11700.00	13020.00	13230.00	14300.00	15660.00	16100.00	17520.00	19600.00	24150.00	28100.00	37040.00	49160.00	56550.00	
03193000	0302	19390302	20150302	77	21648.70	19136.43	3250.00	86700.00		4662.00	6946.00	7789.00	8824.00	9630.00	10840.00	12160.00	12520.00	13510.00	14600.00	15360.00	16000.00	17480.00	22720.00	25800.00	29360.00	39500.00	51160.00	71610.00	
03193000	0303	19390303	20150303	77	21873.12	18778.88	3450.00	84900.00		4738.00	6718.00	8302.00	8944.00	9835.00	11540.00	12500.00	12840.00	13810.00	14400.00	15000.00	17300.00	20080.00	22100.00	26100.00	31980.00	37300.00	57520.00	68180.00	
03193000	0304	19390304	20150304	77	22597.53	17429.16	3340.00	70700.00		5475.00	6950.00	7858.00	8904.00	10900.00	11640.00	12230.00	12620.00	14550.00	16500.00	18170.00	20140.00	22670.00	25020.00	26800.00	36040.00	46030.00	53700.00	62420.00	
03193000	0305	19390305	20150305	77	25425.84	22597.39	4080.00	104000.00		6202.00	7132.00	7772.00	9546.00	10900.00	11700.00	12160.00	14340.00	15230.00	17900.00	19500.00	20900.00	22670.00	29200.00	33250.00	39520.00	42200.00	51720.00	90530.00	
03193000	0306	19390306	20150306	77	25191.69	21816.23	4970.00	106000.00		6339.00	7298.00	8884.00	10220.00	10750.00	11400.00	12860.00	13760.00	17720.00	18500.00	20080.00	24100.00	24940.00	27760.00	29650.00	31900.00	38980.00	57720.00	81810.00	
03193000	0307	19390307	20150307	77	25548.70	19937.52	4750.00	85800.00		5716.00	7710.00	8892.00	9860.00	12000.00	13000.00	14490.00	16580.00	18200.00	18800.00	19770.00	20960.00	24170.00	27540.00	31700.00	37760.00	48570.00	63660.00	72750.00	
03193000	0308	19390308	20150308	77	24365.84	16108.69	5580.00	77900.00		6183.00	8720.00	9117.00	10000.00	14400.00	15280.00	16620.00	17620.00	18930.00	19800.00	21160.00	22840.00	25710.00	28780.00	31450.00	36060.00	37160.00	44380.00	60990.00	
03193000	0309	19390309	20150309	77	23127.92	13961.47	4440.00	76400.00		6631.00	8392.00	9848.00	11860.00	13700.00	15500.00	15700.00	16840.00	19040.00	20100.00	21370.00	24280.00	25950.00	26360.00	27600.00	30580.00	36350.00	45020.00	52280.00	
03193000	0310	19390310	20150310	77	22058.57	13053.82	4190.00	72700.00		7532.00	8924.00	9943.00	11360.00	12600.00	14700.00	15500.00	16680.00	17940.00	19100.00	19490.00	21160.00	22290.00	25240.00	27950.00	30740.00	36490.00	41700.00	46990.00	
03193000	0311	19390311	20150311	77	22343.25	14661.24	4590.00	80000.00		6891.00	8914.00	11470.00	12960.00	13500.00	14240.00	15150.00	15620.00	16000.00	17000.00	18800.00	20860.00	21800.00	24260.00	26550.00	31120.00	38110.00	43560.00	49660.00	
03193000	0312	19390312	20150312	77	24233.25	19332.28	3850.00	113000.00		7063.00	9956.00	10900.00	11580.00	12750.00	13440.00	14220.00	15300.00	16540.00	18200.00	19190.00	21560.00	23330.00	27200.00	28950.00	30600.00	35760.00	49780.00	65480.00	
03193000	0313	19390313	20150313	77	25449.61	19947.65	3830.00	114000.00		7361.00	9114.00	10480.00	11300.00	11650.00	13220.00	14560.00	15920.00	16800.00	18400.00	20570.00	23080.00	25650.00	27680.00	30550.00	32500.00	47170.00	55320.00	67090.00	
03193000	0314	19390314	20150314	77	25953.64	20779.50	5460.00	112000.00		7148.00	7930.00	10670.00	11880.00	12500.00	13020.00	14370.00	15680.00	17370.00	18200.00	20690.00	21560.00	24960.00	28480.00	32550.00	37620.00	51430.00	54240.00	71820.00	
03193000	0315	19390315	20150315	77	25304.81	19625.12	6150.00	94300.00		7288.00	8708.00	10194.00	11340.00	12150.00	13320.00	14270.00	16040.00	16450.00	17300.00	17890.00	19960.00	25020.00	29020.00	31450.00	36000.00	48290.00	58760.00	70980.00	
03193000	0316	19390316	20150316	77	24107.40	17887.97	5820.00	78800.00		8396.00	9110.00	10100.00	10900.00	12050.00	12820.00	13850.00	15020.00	17020.00	18700.00	19760.00	20680.00	23490.00	26180.00	27650.00	31600.00	38840.00	55540.00	76200.00	
03193000	0317	19390317	20150317	77	23681.56	16803.39	5920.00	76200.00		7928.00	9214.00	9561.00	11500.00	13050.00	13540.00	14460.00	16020.00	17550.00	18300.00	18880.00	21600.00	24010.00	25020.00	26200.00	31560.00	40150.00	49020.00	69290.00	
03193000	0318	19390318	20150318	77	23550.39	15069.10	5480.00	72800.00		7772.00	9042.00	9607.00	12220.00	13850.00	14220.00	15090.00	16620.00	17600.00	18300.00	20510.00	23540.00	24780.00	26820.00	29350.00	32720.00	35230.00	45780.00	58900.00	
03193000	0319	19390319	20150319	77	24141.17	14739.78	6070.00	67600.00		7761.00	8960.00	10790.00	11640.00	12750.00	13800.00	14950.00	17120.00	18380.00	20600.00	21640.00	24100.00	26590.00	28320.00	30850.00	36320.00	39600.00	45680.00	59340.00	
03193000	0320	19390320	20150320	77	24578.05	16943.35	5920.00	96200.00		7333.00	8666.00	10470.00	11700.00	12600.00	13580.00	14720.00	16060.00	17320.00	19700.00	20390.00	23560.00	26740.00	30060.00	31600.00	36140.00	43240.00	46080.00	57100.00	
03193000	0321	19390321	20150321	77	23970.65	15319.91	5520.00	81200.00		6985.00	9140.00	10378.00	12060.00	14000.00	15120.00	15730.00	16660.00	17720.00	18800.00	22130.00	24000.00	24930.00	26060.00	29700.00	33980.00	43940.00	48300.00	49100.00	
03193000	0322	19390322	20150322	77	25284.29	16976.48	4720.00	92300.00		6861.00	10168.00	10900.00	11760.00	14000.00	16180.00	16630.00	18220.00	18800.00	21200.00	21490.00	24020.00	25890.00	27800.00	29950.00	35640.00	41310.00	50560.00	61680.00	
03193000	0323	19390323	20150323	77	24218.44	15491.93	5740.00	75400.00		6811.00	9536.00	10600.00	12280.00	13400.00	15000.00	15290.00	17520.00	18110.00	18900.00	21200.00	22880.00	25490.00	27980.00	30900.00	33500.00	38490.00	48300.00	62410.00	
03193000	0324	19390324	20150324	77	23925.97	16527.28	6460.00	101000.00		6804.00	9436.00	11370.00	12380.00	13500.00	14320.00	15860.00	18260.00	18900.00	20000.00	21170.00	22180.00	23880.00	25160.00	26900.00	29660.00	38140.00	47400.00	56300.00	
03193000	0325	19390325	20150325	77	24065.58	15721.22	6830.00	93100.00		7868.00	9394.00	10100.00	12760.00	13600.00	14680.00	15730.00	16920.00	18310.00	19700.00	22380.00	22940.00	23870.00	26000.00	28450.00	34640.00	40770.00	45840.00	54600.00	
03193000	0326	19390326	20150326	77	23348.05	16102.87	5480.00	95900.00		6819.00	9062.00	10780.00	11940.00	12950.00	13720.00	14860.00	15500.00	16410.00	17800.00	19390.00	21680.00	22540.00	24800.00	30900.00	34900.00	40950.00	45060.00	55700.00	
03193000	0327	19390327	20150327	77	22195.06	16015.31	5620.00	96100.00		7622.00	9754.00	10500.00	12000.00	12700.00	13480.00	14100.00	14720.00	15230.00	16400.00	17690.00	19400.00	21530.00	23660.00	27600.00	30400.00	35540.00	40060.00	56870.00	
03193000	0328	19390328	20150328	77	21909.09	16475.51	6700.00	89200.00		7517.00	9576.00	10700.00	11460.00	11850.00	12560.00	13750.00	14520.00	15030.00	16600.00	17690.00	19620.00	20810.00	22240.00	25550.00	27520.00	34190.00	38480.00	65390.00	
03193000	0329	19390329	20150329	77	22184.68	17649.55	7180.00	85200.00		7398.00	8490.00	9916.00	10380.00	11250.00	11880.00	12490.00	13500.00	15000.00	16100.00	16950.00	17680.00	18870.00	21640.00	26200.00	30360.00	35830.00	55660.00	65730.00	
03193000	0330	19390330	20150330	77	22498.83	19387.87	5530.00	100000.00		7343.00	8988.00	9691.00	10380.00	11550.00	11840.00	12420.00	13720.00	14010.00	15000.00	15900.00	16840.00	18800.00	20240.00	25850.00	29280.00	37280.00	51940.00	71670.00	
03193000	0331	19390331	20150331	77	21806.75	18607.81	4640.00	112000.00		7447.00	8642.00	8993.00	9724.00	10600.00	11640.00	12560.00	13400.00	14510.00	15500.00	16700.00	17520.00	18670.00	22160.00	23650.00	27640.00	33760.00	51540.00	65140.00	
03193000	0401	19390401	20150401	77	20163.12	14850.65	4390.00	75900.00		6878.00	8258.00	9116.00	10200.00	10850.00	11340.00	12350.00	13120.00	13640.00	14700.00	16410.00	17520.00	18170.00	20780.00	23250.00	26740.00	31480.00	52920.00	56060.00	
03193000	0402	19390402	20150402	77	17871.95	11291.61	5630.00	63300.00		7324.00	7824.00	8504.00	9582.00	9980.00	10840.00	11500.00	12020.00	13230.00	14200.00	15490.00	16920.00	18200.00	19060.00	23000.00	24020.00	28740.00	35780.00	44370.00	
03193000	0403	19390403	20150403	77	16960.65	9401.00	4870.00	49800.00		6678.00	7216.00	9025.00	9558.00	10400.00	11220.00	11700.00	11840.00	13000.00	14000.00	14700.00	15980.00	18210.00	20220.00	21300.00	23960.00	25370.00	30900.00	38280.00	
03193000	0404	19390404	20150404	77	17598.31	9233.45	4780.00	48200.00		7926.00	8518.00	9137.00	9952.00	10200.00	11240.00	11830.00	13020.00	13540.00	14000.00	15960.00	18060.00	19200.00	22040.00	22850.00	24260.00	28160.00	31980.00	37030.00	
03193000	0405	19390405	20150405	77	18844.81	14200.11	4670.00	106000.00		6894.00	8274.00	9009.00	10100.00	10950.00	11420.00	12360.00	13200.00	13830.00	14300.00	15870.00	17000.00	18240.00	19960.00	23600.00	26340.00	29150.00	32460.00	39940.00	
03193000	0406	19390406	20150406	77	18963.12	14606.70	4560.00	77200.00		6168.00	7596.00	8814.00	9324.00	10150.00	11300.00	11960.00	12600.00	13210.00	14500.00	15000.00	15380.00	17210.00	19900.00	23050.00	26900.00	28590.00	33880.00	53660.00	
03193000	0407	19390407	20150407	77	18451.95	13571.84	4550.00	84900.00		5403.00	8786.00	9450.00	10160.00	10350.00	11120.00	11920.00	13520.00	13910.00	14000.00	15150.00	16420.00	17750.00	19160.00	21250.00	22340.00	24030.00	38320.00	45840.00	
03193000	0408	19390408	20150408	77	18970.00	13513.55	3980.00	79500.00		5317.00	7468.00	8527.00	9328.00	10400.00	11700.00	12060.00	13720.00	14640.00	15600.00	16500.00	18200.00	19150.00	19840.00	22400.00	25260.00	28760.00	34100.00	50790.00	
03193000	0409	19390409	20150409	77	19940.26	14538.55	4230.00	66000.00		5213.00	6596.00	8662.00	9556.00	10350.00	10820.00	11930.00	13020.00	14220.00	14800.00	15980.00	17880.00	21080.00	22520.00	24650.00	26780.00	32330.00	41100.00	59120.00	
03193000	0410	19390410	20150410	77	19504.03	13828.59	3920.00	58100.00		6497.00	7470.00	8085.00	8508.00	9435.00	10600.00	12000.00	12460.00	13410.00	15000.00	15490.00	17860.00	19740.00	20920.00	24950.00	26800.00	35540.00	45780.00	53260.00	
03193000	0411	19390411	20150411	77	19087.92	13974.22	3850.00	64800.00		5988.00	7550.00	8043.00	8888.00	9405.00	10440.00	11090.00	12340.00	13050.00	14300.00	15970.00	16840.00	18020.00	18600.00	22150.00	27240.00	34780.00	42760.00	51100.00	
03193000	0412	19390412	20150412	77	17853.77	13038.74	5040.00	66000.00		5782.00	7242.00	8200.00	8810.00	9685.00	9916.00	11230.00	11720.00	12340.00	13500.00	14590.00	15560.00	16740.00	17820.00	20850.00	24680.00	29150.00	36460.00	50460.00	
03193000	0413	19390413	20150413	77	17919.22	12402.40	4590.00	59000.00		6721.00	7550.00	8297.00	8900.00	9635.00	10540.00	11000.00	11720.00	12700.00	13100.00	14000.00	14780.00	16720.00	19540.00	22700.00	24640.00	30230.00	38960.00	45440.00	
03193000	0414	19390414	20150414	77	19301.95	15189.45	3710.00	84900.00		6348.00	7052.00	7972.00	8968.00	9645.00	9906.00	10460.00	11220.00	11910.00	12300.00	13200.00	16200.00	19940.00	21900.00	25300.00	28300.00	33870.00	44360.00	52320.00	
03193000	0415	19390415	20150415	77	20279.09	16885.06	3520.00	84000.00		5899.00	6790.00	7538.00	7720.00	9160.00	9868.00	10320.00	11540.00	12350.00	13500.00	14870.00	17680.00	20860.00	23840.00	27550.00	29000.00	34650.00	42780.00	61670.00	
03193000	0416	19390416	20150416	77	20181.04	16668.63	3950.00	79900.00		5502.00	6494.00	7529.00	8076.00	8930.00	9952.00	10960.00	11520.00	12120.00	13600.00	14690.00	17420.00	19400.00	21860.00	23900.00	29120.00	37360.00	48580.00	63210.00	
03193000	0417	19390417	20150417	77	19356.49	15172.58	4450.00	81500.00		5849.00	6548.00	7150.00	8020.00	8770.00	9896.00	10690.00	11700.00	12310.00	13400.00	16630.00	17480.00	19400.00	20840.00	23750.00	29800.00	34740.00	38920.00	50860.00	
03193000	0418	19390418	20150418	77	18114.68	12222.41	4870.00	59700.00		5523.00	6210.00	6996.00	7960.00	8305.00	9280.00	10520.00	12120.00	13640.00	15000.00	16450.00	17760.00	19580.00	22680.00	24900.00	27020.00	30060.00	35180.00	40820.00	
03193000	0419	19390419	20150419	77	16924.55	12279.04	4660.00	82800.00		5865.00	6222.00	6972.00	7606.00	8075.00	9108.00	10100.00	11240.00	12780.00	14300.00	15500.00	16580.00	18040.00	19760.00	22450.00	24000.00	25330.00	27460.00	43540.00	
03193000	0420	19390420	20150420	77	16754.68	12838.04	4010.00	70100.00		5384.00	6406.00	7435.00	7780.00	8685.00	9494.00	10500.00	10820.00	12200.00	14000.00	15460.00	15920.00	18140.00	18960.00	19300.00	20280.00	22100.00	30200.00	51440.00	
03193000	0421	19390421	20150421	77	17002.99	16463.18	4520.00	103000.00		5477.00	6492.00	7188.00	7774.00	8095.00	8452.00	9199.00	10980.00	12140.00	12700.00	13960.00	14880.00	16410.00	17560.00	18900.00	20200.00	22090.00	25040.00	59890.00	
03193000	0422	19390422	20150422	77	16042.60	13098.94	4510.00	65600.00		5209.00	5972.00	6404.00	6990.00	7300.00	8702.00	9367.00	10560.00	11400.00	12500.00	13000.00	14740.00	16070.00	17260.00	18500.00	20240.00	23580.00	26360.00	55470.00	
03193000	0423	19390423	20150423	77	15917.40	13253.99	4850.00	75300.00		5177.00	5708.00	6754.00	7424.00	7820.00	8656.00	9748.00	10500.00	11000.00	12000.00	12870.00	14160.00	14910.00	15800.00	17000.00	19440.00	21640.00	33000.00	49860.00	
03193000	0424	19390424	20150424	77	15971.04	12381.22	3840.00	59600.00		5048.00	6438.00	6537.00	7104.00	8075.00	8636.00	9363.00	10100.00	10930.00	12400.00	13000.00	13700.00	15220.00	16960.00	17400.00	18560.00	27340.00	38400.00	43270.00	
03193000	0425	19390425	20150425	77	16011.82	14386.82	4590.00	94500.00		5020.00	6134.00	6837.00	7728.00	8630.00	9700.00	10250.00	11000.00	11520.00	12100.00	12760.00	13600.00	15440.00	16420.00	17500.00	19820.00	23960.00	25720.00	44590.00	
03193000	0426	19390426	20150426	77	15830.26	11973.91	3890.00	76400.00		4986.00	6308.00	7672.00	8442.00	9075.00	9380.00	10360.00	11140.00	12220.00	12800.00	13550.00	14560.00	16110.00	16860.00	17650.00	19400.00	23090.00	29000.00	37220.00	
03193000	0427	19390427	20150427	77	17268.57	13976.27	3670.00	82900.00		4530.00	6956.00	7697.00	8846.00	9430.00	9820.00	10760.00	11240.00	12100.00	13500.00	14770.00	15100.00	15970.00	16580.00	17600.00	20100.00	29290.00	35820.00	47470.00	
03193000	0428	19390428	20150428	77	17736.88	14834.78	2410.00	77100.00		5118.00	6876.00	7963.00	8844.00	9165.00	9328.00	9846.00	10420.00	11400.00	13200.00	13970.00	14720.00	15570.00	18300.00	19900.00	24440.00	27940.00	40320.00	51520.00	
03193000	0429	19390429	20150429	77	18284.68	14510.02	2740.00	73200.00		5179.00	6002.00	7867.00	8766.00	9125.00	9604.00	10290.00	10920.00	12320.00	13200.00	14080.00	15900.00	17210.00	18360.00	21450.00	26400.00	33180.00	40140.00	52000.00	
03193000	0430	19390430	20150430	77	17488.31	12919.79	3240.00	58600.00		4987.00	6174.00	7092.00	7950.00	8845.00	9540.00	10230.00	11020.00	11700.00	13500.00	15380.00	15960.00	16370.00	17120.00	21400.00	23220.00	32420.00	40920.00	46850.00	
03193000	0501	19390501	20150501	77	16389.74	11283.34	3240.00	51400.00		4906.00	6950.00	7434.00	8044.00	8725.00	9348.00	10330.00	11320.00	11510.00	12500.00	13680.00	14240.00	16280.00	17960.00	19750.00	22480.00	25040.00	37820.00	44490.00	
03193000	0502	19390502	20150502	77	15831.56	11435.92	2930.00	70500.00		4508.00	6348.00	7433.00	8208.00	8560.00	9316.00	10030.00	10640.00	11410.00	12100.00	13250.00	14720.00	15970.00	17060.00	18500.00	20360.00	24620.00	31480.00	40280.00	
03193000	0503	19390503	20150503	77	15322.99	11358.11	3140.00	70300.00		5765.00	6676.00	7368.00	8158.00	8560.00	8806.00	9648.00	10160.00	11120.00	11700.00	13280.00	13720.00	14350.00	15380.00	16250.00	21820.00	26630.00	28400.00	36550.00	
03193000	0504	19390504	20150504	77	15518.31	10748.02	3030.00	59700.00		5424.00	6220.00	7430.00	8104.00	8515.00	8724.00	9069.00	10340.00	11370.00	12500.00	12990.00	13740.00	14830.00	16420.00	20150.00	21560.00	26150.00	33040.00	38760.00	
03193000	0505	19390505	20150505	77	16001.30	11155.77	3140.00	49200.00		4246.00	6318.00	7440.00	7674.00	8150.00	8768.00	9354.00	9824.00	10220.00	12000.00	12390.00	13440.00	17110.00	18320.00	20250.00	24480.00	30690.00	33800.00	40470.00	
03193000	0506	19390506	20150506	77	16420.13	13276.30	2640.00	84000.00		3907.00	5804.00	6750.00	7416.00	8335.00	8512.00	9119.00	9510.00	10360.00	12300.00	13830.00	14940.00	16170.00	18620.00	20650.00	23600.00	27440.00	34980.00	40300.00	
03193000	0507	19390507	20150507	77	16695.84	15182.81	3080.00	86100.00		3867.00	5588.00	6110.00	6988.00	7510.00	8120.00	9005.00	9434.00	10320.00	12500.00	14340.00	14900.00	16410.00	17700.00	19300.00	24420.00	27690.00	29700.00	42870.00	
03193000	0508	19390508	20150508	77	17609.09	16287.20	3420.00	69600.00		4457.00	5738.00	6221.00	6466.00	7220.00	7942.00	8653.00	9002.00	9771.00	11700.00	12940.00	13580.00	14480.00	17080.00	18500.00	26740.00	37020.00	42520.00	60100.00	
03193000	0509	19390509	20150509	77	17365.45	16298.55	3210.00	77100.00		4715.00	5336.00	6182.00	6584.00	6985.00	7828.00	8471.00	9710.00	10140.00	11000.00	11700.00	14080.00	14940.00	16120.00	18850.00	29580.00	32400.00	39380.00	63170.00	
03193000	0510	19390510	20150510	77	16255.71	14250.04	3030.00	68500.00		4595.00	5112.00	5558.00	6726.00	6990.00	7782.00	8760.00	9318.00	10100.00	10500.00	11390.00	12980.00	14100.00	16320.00	21200.00	24080.00	31370.00	35340.00	55740.00	
03193000	0511	19390511	20150511	77	15575.32	12426.04	2880.00	68800.00		4504.00	5008.00	5480.00	6388.00	6740.00	7454.00	8135.00	8784.00	9760.00	11100.00	12600.00	13460.00	15880.00	19380.00	21100.00	23640.00	29360.00	31140.00	45120.00	
03193000	0512	19390512	20150512	77	14501.43	10465.20	2860.00	50700.00		4053.00	4674.00	5160.00	5996.00	6860.00	7484.00	8333.00	9054.00	11030.00	11800.00	12500.00	13340.00	15750.00	16480.00	18850.00	21880.00	23360.00	32880.00	36740.00	
03193000	0513	19390513	20150513	77	14629.61	11215.96	2890.00	52200.00		3712.00	4406.00	4955.00	5642.00	6765.00	7474.00	8077.00	9252.00	10100.00	10200.00	11440.00	13940.00	15340.00	16420.00	19200.00	23240.00	24940.00	30480.00	38830.00	
03193000	0514	19390514	20150514	77	14614.03	11144.29	2780.00	54000.00		3612.00	4118.00	5253.00	5814.00	6765.00	7716.00	8470.00	9110.00	9740.00	12000.00	12590.00	14100.00	14940.00	16760.00	17600.00	20960.00	25640.00	29740.00	39120.00	
03193000	0515	19390515	20150515	77	14292.34	10189.90	2710.00	45700.00		4015.00	4466.00	5205.00	5362.00	6940.00	7992.00	8681.00	8876.00	9964.00	11400.00	11970.00	14000.00	14870.00	16660.00	19050.00	21740.00	24660.00	29040.00	40330.00	
03193000	0516	19390516	20150516	77	15106.36	10578.49	3640.00	47100.00		4080.00	5116.00	5664.00	6402.00	6835.00	7752.00	9106.00	9732.00	11320.00	12800.00	13490.00	13900.00	16500.00	17820.00	18850.00	21680.00	23960.00	31740.00	40900.00	
03193000	0517	19390517	20150517	77	15694.68	13774.36	3190.00	87900.00		4815.00	5280.00	5778.00	6428.00	6975.00	8040.00	9167.00	10100.00	10720.00	11200.00	12470.00	13940.00	14780.00	16020.00	19050.00	23460.00	26320.00	30720.00	38730.00	
03193000	0518	19390518	20150518	77	15138.96	13133.91	2920.00	84300.00		4246.00	4778.00	6453.00	7198.00	7820.00	8116.00	8787.00	9236.00	10110.00	11100.00	12080.00	13280.00	14840.00	16660.00	18400.00	20640.00	22550.00	28260.00	39440.00	
03193000	0519	19390519	20150519	77	15437.27	13894.76	3560.00	71900.00		4048.00	4890.00	6274.00	6746.00	7680.00	8470.00	9093.00	9684.00	10240.00	11300.00	12800.00	13380.00	14280.00	15260.00	17700.00	19480.00	21260.00	28260.00	58770.00	
03193000	0520	19390520	20150520	77	14809.87	11326.54	4130.00	53500.00		4480.00	4794.00	5931.00	6754.00	7175.00	8158.00	9103.00	9712.00	11210.00	11700.00	12490.00	13000.00	13740.00	15760.00	17850.00	19320.00	21920.00	32660.00	43550.00	
03193000	0521	19390521	20150521	77	13641.95	9231.74	3250.00	50400.00		4719.00	5672.00	6425.00	7138.00	7580.00	7830.00	7962.00	9532.00	10320.00	10900.00	11370.00	12400.00	14730.00	15520.00	16600.00	18820.00	20850.00	26880.00	38960.00	
03193000	0522	19390522	20150522	77	13071.95	9732.54	3170.00	59600.00		4454.00	5372.00	5784.00	6292.00	7000.00	7672.00	7990.00	8456.00	9340.00	9700.00	10380.00	11260.00	12440.00	15600.00	16200.00	17940.00	19460.00	22960.00	36320.00	
03193000	0523	19390523	20150523	77	13358.83	13321.42	2940.00	87600.00		4078.00	5316.00	5430.00	6338.00	7300.00	7520.00	8016.00	8478.00	8767.00	9770.00	10490.00	11180.00	12660.00	14520.00	15350.00	15940.00	17900.00	22120.00	31290.00	
03193000	0524	19390524	20150524	77	12351.17	10642.03	2670.00	74900.00		4250.00	4974.00	5517.00	6080.00	6720.00	7264.00	8023.00	8540.00	8957.00	10200.00	11000.00	11300.00	11770.00	12100.00	13750.00	15380.00	16990.00	19560.00	35520.00	
03193000	0525	19390525	20150525	77	12187.40	10265.52	2590.00	70400.00		4357.00	4874.00	5489.00	6354.00	6755.00	7742.00	8038.00	8360.00	8690.00	8970.00	9850.00	10260.00	11530.00	12360.00	14400.00	15880.00	17850.00	20960.00	30740.00	
03193000	0526	19390526	20150526	77	11988.83	9439.45	2690.00	55600.00		4080.00	4936.00	5293.00	6238.00	6865.00	7328.00	8003.00	8096.00	8667.00	9130.00	9835.00	10180.00	10500.00	12860.00	13800.00	14540.00	19630.00	21680.00	28210.00	
03193000	0527	19390527	20150527	77	11310.91	7272.38	2350.00	48900.00		4398.00	4768.00	5084.00	5710.00	6575.00	7216.00	7606.00	7994.00	8479.00	8940.00	9869.00	10500.00	12220.00	13220.00	14300.00	16400.00	17510.00	20820.00	24080.00	
03193000	0528	19390528	20150528	77	12285.32	8179.57	2780.00	37000.00		4208.00	5004.00	5422.00	6194.00	6535.00	6760.00	7272.00	7514.00	8299.00	9840.00	10600.00	11560.00	13370.00	14660.00	15600.00	17260.00	20930.00	24700.00	34670.00	
03193000	0529	19390529	20150529	77	13421.43	11047.12	3060.00	57800.00		4250.00	4764.00	5291.00	5808.00	6125.00	6788.00	7297.00	7900.00	8690.00	10100.00	10900.00	11280.00	13070.00	14900.00	16350.00	19760.00	21980.00	26760.00	41540.00	
03193000	0530	19390530	20150530	77	13751.30	12282.89	2590.00	68200.00		3739.00	4146.00	4882.00	5648.00	5980.00	6502.00	7550.00	8280.00	9824.00	10200.00	11260.00	12700.00	13570.00	15940.00	16800.00	18380.00	20000.00	24680.00	39950.00	
03193000	0531	19390531	20150531	77	13719.74	12874.63	2380.00	65000.00		3537.00	4260.00	4789.00	5472.00	5700.00	5962.00	6727.00	7604.00	9172.00	9300.00	10090.00	11400.00	12510.00	13520.00	14600.00	19380.00	22720.00	33940.00	47450.00	
03193000	0601	19390601	20150601	77	12866.75	12424.14	2500.00	55200.00		3392.00	4070.00	4478.00	4880.00	5110.00	6188.00	6497.00	7012.00	8007.00	8430.00	9458.00	10180.00	10500.00	11720.00	13400.00	19580.00	22600.00	24940.00	50030.00	
03193000	0602	19390602	20150602	77	11731.30	10476.22	2590.00	50000.00		3400.00	4252.00	4708.00	5042.00	5225.00	5646.00	5970.00	6568.00	7238.00	7560.00	7873.00	8988.00	10055.00	11320.00	12050.00	15520.00	23600.00	31500.00	35270.00	
03193000	0603	19390603	20150603	77	10896.62	9267.04	2440.00	54200.00		3499.00	4080.00	4404.00	4848.00	5330.00	5652.00	5916.00	6006.00	6497.00	6930.00	7531.00	8980.00	9804.00	11480.00	13300.00	16940.00	19490.00	23860.00	33270.00	
03193000	0604	19390604	20150604	77	10501.69	8190.66	3280.00	46200.00		3971.00	4374.00	4601.00	4912.00	5215.00	5370.00	6021.00	6306.00	6969.00	7410.00	8062.00	9826.00	10370.00	11000.00	12300.00	15140.00	15940.00	19560.00	32900.00	
03193000	0605	19390605	20150605	77	10938.57	8563.50	3140.00	43200.00		3919.00	4084.00	4300.00	5018.00	5340.00	5530.00	6265.00	6916.00	7482.00	7860.00	8380.00	9972.00	11160.00	12300.00	13100.00	14700.00	17660.00	20660.00	37010.00	
03193000	0606	19390606	20150606	77	10819.87	10398.78	3060.00	67500.00		3419.00	3970.00	4234.00	4654.00	4790.00	5324.00	6154.00	6710.00	6954.00	7400.00	7985.00	8984.00	10403.00	12500.00	13800.00	14440.00	15780.00	16940.00	29880.00	
03193000	0607	19390607	20150607	77	9911.17	9591.75	2650.00	64300.00		3051.00	3952.00	4194.00	4678.00	5665.00	6024.00	6244.00	6424.00	6660.00	7140.00	7772.00	8208.00	9070.00	10120.00	10750.00	11640.00	14020.00	16000.00	24440.00	
03193000	0608	19390608	20150608	77	9394.55	8199.88	2740.00	54900.00		3322.00	3900.00	4326.00	4918.00	5320.00	5728.00	5855.00	6270.00	6564.00	7180.00	7390.00	7856.00	8615.00	9300.00	10750.00	11560.00	12730.00	16720.00	25460.00	
03193000	0609	19390609	20150609	77	8884.81	6923.59	2550.00	47000.00		3398.00	4086.00	4571.00	4814.00	5055.00	5140.00	5504.00	5820.00	6534.00	7300.00	7460.00	8032.00	8194.00	9386.00	10080.00	11280.00	12720.00	15360.00	21170.00	
03193000	0610	19390610	20150610	77	9061.69	7420.34	2370.00	41900.00		3478.00	4130.00	4309.00	4500.00	4915.00	4984.00	5286.00	5618.00	6635.00	6800.00	7168.00	7640.00	8236.00	9336.00	10950.00	11380.00	12760.00	15420.00	28660.00	
03193000	0611	19390611	20150611	77	9165.71	7451.17	2350.00	36000.00		3637.00	3824.00	4137.00	4516.00	4810.00	4964.00	5116.00	5532.00	5867.00	6580.00	7018.00	7492.00	8225.00	8868.00	10050.00	11840.00	14690.00	18480.00	29890.00	
03193000	0612	19390612	20150612	77	9248.31	7348.52	2060.00	37600.00		3177.00	3824.00	4049.00	4218.00	4600.00	4958.00	5209.00	5626.00	6131.00	6380.00	6857.00	7112.00	7806.00	8686.00	11500.00	13000.00	16290.00	22240.00	27450.00	
03193000	0613	19390613	20150613	77	9167.66	8005.61	2000.00	53300.00		2973.00	3278.00	3501.00	3952.00	4195.00	4678.00	5153.00	5584.00	6119.00	6300.00	7182.00	7452.00	8075.00	8754.00	10800.00	13240.00	16780.00	20120.00	24910.00	
03193000	0614	19390614	20150614	77	9962.47	11312.93	2060.00	79800.00		2685.00	3060.00	3487.00	3880.00	4285.00	4944.00	5169.00	5520.00	5930.00	6330.00	7111.00	7630.00	8240.00	9384.00	9930.00	13440.00	16960.00	20480.00	27700.00	
03193000	0615	19390615	20150615	77	9069.61	8666.36	2060.00	52900.00		2754.00	3154.00	3316.00	3720.00	4395.00	4680.00	5051.00	5496.00	6101.00	6210.00	6811.00	7224.00	7470.00	8378.00	9590.00	12840.00	14190.00	18640.00	32180.00	
03193000	0616	19390616	20150616	77	8739.61	7548.35	1980.00	38800.00		2989.00	3198.00	3598.00	3916.00	4225.00	4418.00	5041.00	5356.00	5962.00	6250.00	6802.00	7282.00	7788.00	8452.00	9860.00	10580.00	13900.00	17960.00	28390.00	
03193000	0617	19390617	20150617	77	8996.10	9098.29	2010.00	64300.00		2897.00	3366.00	3547.00	3808.00	4080.00	4472.00	4864.00	5472.00	5707.00	6420.00	6903.00	7390.00	8140.00	9142.00	9900.00	11060.00	13280.00	17500.00	29000.00	
03193000	0618	19390618	20150618	77	9313.25	9163.33	2080.00	62800.00		2842.00	3248.00	3491.00	3910.00	4175.00	4554.00	4918.00	5044.00	5635.00	6180.00	6683.00	7284.00	7866.00	10424.00	11500.00	12820.00	15830.00	19120.00	26430.00	
03193000	0619	19390619	20150619	77	9051.95	8428.03	2050.00	55300.00		2527.00	3126.00	3409.00	3696.00	4195.00	4592.00	4946.00	5066.00	5547.00	6000.00	6250.00	7060.00	8216.00	9496.00	11000.00	12660.00	14470.00	19620.00	26840.00	
03193000	0620	19390620	20150620	77	8919.87	8338.33	2040.00	56400.00		2500.00	2942.00	3193.00	3728.00	4030.00	4414.00	4976.00	5148.00	5700.00	5990.00	6590.00	7148.00	8069.00	9068.00	10450.00	13060.00	15200.00	19160.00	23930.00	
03193000	0621	19390621	20150621	77	8480.52	7662.43	2070.00	54300.00		2471.00	2678.00	3317.00	3610.00	4105.00	4846.00	5169.00	5590.00	5925.00	6080.00	6268.00	7002.00	7663.00	9106.00	9340.00	10800.00	14720.00	16700.00	23960.00	
03193000	0622	19390622	20150622	77	8849.48	10626.03	2060.00	77200.00		2493.00	2682.00	3234.00	3556.00	3840.00	4310.00	4763.00	5000.00	5270.00	5700.00	6006.00	6882.00	7950.00	8754.00	9495.00	11240.00	12520.00	16420.00	33210.00	
03193000	0623	19390623	20150623	77	8595.84	10827.13	2020.00	82800.00		2291.00	2830.00	3482.00	3708.00	4005.00	4190.00	4626.00	4872.00	5069.00	5560.00	5946.00	6818.00	7576.00	8026.00	9110.00	9888.00	11090.00	15320.00	29450.00	
03193000	0624	19390624	20150624	77	7901.43	9582.99	1870.00	78100.00		2144.00	2666.00	3040.00	3316.00	3470.00	3826.00	4442.00	4674.00	5419.00	5880.00	6292.00	6390.00	6924.00	7470.00	8630.00	9120.00	11160.00	15680.00	21400.00	
03193000	0625	19390625	20150625	77	7219.35	8360.41	1920.00	67900.00		2159.00	2834.00	3145.00	3540.00	3695.00	3962.00	4260.00	4774.00	4979.00	5140.00	5448.00	5818.00	6387.00	6944.00	7340.00	7948.00	9225.00	13260.00	16750.00	
03193000	0626	19390626	20150626	77	6673.51	5518.66	1840.00	41200.00		2363.00	2906.00	3081.00	3224.00	3590.00	3928.00	4262.00	4700.00	4900.00	5160.00	5430.00	5914.00	6257.00	7300.00	7830.00	8512.00	9354.00	12860.00	15150.00	
03193000	0627	19390627	20150627	77	6894.94	6837.33	1960.00	43400.00		2185.00	2760.00	2917.00	3052.00	3305.00	3592.00	4169.00	4390.00	4647.00	4820.00	5355.00	6072.00	6536.00	7092.00	7630.00	8966.00	9974.00	11700.00	17080.00	
03193000	0628	19390628	20150628	77	7810.26	11299.72	2080.00	82400.00		2309.00	2716.00	3003.00	3154.00	3340.00	3634.00	3727.00	4380.00	4613.00	4730.00	5277.00	5746.00	6101.00	6756.00	7455.00	9252.00	11060.00	12320.00	20310.00	
03193000	0629	19390629	20150629	77	7469.09	8663.47	1800.00	64000.00		2443.00	2750.00	2987.00	3276.00	3610.00	3772.00	4139.00	4798.00	5030.00	5200.00	5424.00	5538.00	6025.00	6702.00	7960.00	8914.00	9589.00	12200.00	24410.00	
03193000	0630	19390630	20150630	77	6772.73	5853.42	1810.00	41900.00		2426.00	2622.00	2855.00	3208.00	3450.00	3718.00	4043.00	4268.00	4663.00	4920.00	5327.00	5910.00	6969.00	7542.00	7745.00	8354.00	9546.00	13660.00	17660.00	
03193000	0701	19390701	20150701	77	6312.73	4322.13	1810.00	25800.00		2409.00	2572.00	2856.00	3086.00	3430.00	3664.00	3892.00	4142.00	4399.00	4930.00	5844.00	6372.00	6650.00	7008.00	7360.00	8920.00	9183.00	11940.00	16160.00	
03193000	0702	19390702	20150702	77	6492.08	5531.02	1910.00	41000.00		2313.00	2516.00	2818.00	3080.00	3280.00	3520.00	3953.00	4160.00	4391.00	4770.00	5308.00	5738.00	6148.00	7298.00	7860.00	8482.00	9638.00	11720.00	17220.00	
03193000	0703	19390703	20150703	77	5994.55	4517.37	1740.00	30600.00		2323.00	2530.00	2901.00	3162.00	3395.00	3592.00	3919.00	4048.00	4431.00	4920.00	5258.00	5388.00	5900.00	6408.00	7010.00	7640.00	8834.00	10340.00	13140.00	
03193000	0704	19390704	20150704	77	6321.17	5812.97	1870.00	38400.00		2208.00	2390.00	2885.00	3178.00	3405.00	3606.00	3898.00	4272.00	4520.00	4850.00	5371.00	5616.00	5767.00	5994.00	6740.00	7506.00	8579.00	10340.00	21440.00	
03193000	0705	19390705	20150705	77	6794.68	6780.42	1370.00	36900.00		2165.00	2452.00	2754.00	3166.00	3330.00	3540.00	3838.00	4324.00	4487.00	4740.00	5309.00	5544.00	5896.00	6390.00	6915.00	7592.00	9211.00	11260.00	24170.00	
03193000	0706	19390706	20150706	77	7536.10	9109.48	1820.00	61800.00		2169.00	2260.00	2644.00	2882.00	3050.00	3644.00	4000.00	4136.00	4245.00	4650.00	5115.00	5518.00	5670.00	6734.00	7410.00	8630.00	10100.00	16180.00	26490.00	
03193000	0707	19390707	20150707	77	7145.97	7365.37	1450.00	40400.00		2068.00	2288.00	2581.00	2700.00	2950.00	3344.00	3584.00	4004.00	4551.00	4820.00	5328.00	5592.00	6037.00	6664.00	7545.00	8268.00	10860.00	15920.00	23580.00	
03193000	0708	19390708	20150708	77	7181.82	6513.21	1390.00	31200.00		2064.00	2344.00	2797.00	3066.00	3270.00	3754.00	3936.00	4164.00	4325.00	4920.00	5397.00	5634.00	6338.00	7244.00	7910.00	9324.00	11390.00	15840.00	24150.00	
03193000	0709	19390709	20150709	77	6968.18	6541.88	1300.00	35700.00		2083.00	2404.00	2765.00	2924.00	3240.00	3438.00	3832.00	4350.00	4568.00	4820.00	5284.00	5918.00	6231.00	6764.00	7495.00	8600.00	9546.00	17460.00	21980.00	
03193000	0710	19390710	20150710	77	6787.79	5436.78	1420.00	23300.00		2126.00	2276.00	2658.00	2818.00	3065.00	3514.00	3880.00	4106.00	4303.00	5160.00	5676.00	5996.00	6320.00	7368.00	7540.00	8502.00	11520.00	17000.00	21300.00	
03193000	0711	19390711	20150711	77	6634.94	5404.32	1360.00	31700.00		2113.00	2288.00	2660.00	3072.00	3355.00	3688.00	4000.00	4390.00	4692.00	5110.00	5427.00	5970.00	6421.00	6858.00	7395.00	8540.00	10490.00	12500.00	18950.00	
03193000	0712	19390712	20150712	77	6113.90	4700.38	1560.00	24800.00		2027.00	2372.00	2551.00	2978.00	3320.00	3644.00	3939.00	4262.00	4383.00	4640.00	5237.00	5620.00	5734.00	6120.00	6750.00	8106.00	9297.00	10680.00	18010.00	
03193000	0713	19390713	20150713	77	6442.73	5174.59	1590.00	26400.00		2181.00	2498.00	2794.00	3076.00	3465.00	3640.00	3896.00	4040.00	4770.00	4930.00	5088.00	5476.00	5952.00	6136.00	7335.00	8486.00	9696.00	11420.00	19510.00	
03193000	0714	19390714	20150714	77	6594.68	6365.57	1300.00	41500.00		2254.00	2616.00	2880.00	3226.00	3450.00	3750.00	4225.00	4344.00	4562.00	4760.00	4996.00	5108.00	5408.00	5986.00	6695.00	7664.00	9574.00	12600.00	20680.00	
03193000	0715	19390715	20150715	77	6468.44	6338.80	1090.00	45100.00		2411.00	2776.00	3062.00	3450.00	3675.00	3920.00	4039.00	4274.00	4551.00	4740.00	4915.00	5290.00	5867.00	6436.00	6935.00	7264.00	8812.00	11000.00	15570.00	
03193000	0716	19390716	20150716	77	6480.00	5682.32	1550.00	39100.00		2301.00	2678.00	3024.00	3250.00	3410.00	3630.00	3892.00	4188.00	4541.00	4770.00	4918.00	5216.00	5670.00	6290.00	7580.00	8678.00	9908.00	12000.00	16130.00	
03193000	0717	19390717	20150717	77	6213.90	5165.21	1990.00	32400.00		2364.00	2606.00	2836.00	3080.00	3360.00	3760.00	3907.00	4068.00	4300.00	4560.00	4876.00	5166.00	5608.00	6304.00	7015.00	8054.00	9544.00	11180.00	16260.00	
03193000	0718	19390718	20150718	77	5828.70	4736.50	2090.00	37300.00		2196.00	2448.00	2794.00	2964.00	3395.00	3592.00	3758.00	4162.00	4421.00	4560.00	4896.00	5332.00	5559.00	5820.00	6925.00	7430.00	8426.00	10560.00	12210.00	
03193000	0719	19390719	20150719	77	5822.21	5211.44	1770.00	35900.00		2208.00	2558.00	2747.00	2812.00	2970.00	3396.00	3676.00	3996.00	4242.00	4510.00	4869.00	5184.00	5380.00	6070.00	6695.00	7174.00	7769.00	9904.00	14700.00	
03193000	0720	19390720	20150720	77	6317.01	7399.27	2240.00	60600.00		2365.00	2542.00	2715.00	3052.00	3215.00	3420.00	3516.00	3720.00	4176.00	4510.00	5172.00	5332.00	5691.00	6226.00	6745.00	7364.00	8704.00	10640.00	14310.00	
03193000	0721	19390721	20150721	77	6101.56	6163.71	1990.00	48200.00		2168.00	2424.00	2837.00	2952.00	3100.00	3404.00	3643.00	3882.00	4103.00	4510.00	4911.00	5430.00	5767.00	6018.00	6530.00	7086.00	8343.00	10148.00	14980.00	
03193000	0722	19390722	20150722	77	6245.71	6320.93	2210.00	47400.00		2375.00	2568.00	2824.00	2904.00	3310.00	3392.00	3563.00	3784.00	3986.00	4390.00	4767.00	5150.00	5200.00	5512.00	6550.00	7320.00	9239.00	12320.00	16820.00	
03193000	0723	19390723	20150723	77	6109.22	5491.83	2060.00	35900.00		2246.00	2558.00	2780.00	2866.00	2970.00	3248.00	3300.00	3538.00	3870.00	4040.00	4875.00	5096.00	5701.00	6406.00	7465.00	7964.00	8719.00	10140.00	18870.00	
03193000	0724	19390724	20150724	77	6487.53	7173.21	1840.00	48200.00		2064.00	2480.00	2965.00	3046.00	3210.00	3356.00	3836.00	4154.00	4371.00	4530.00	4749.00	4896.00	5322.00	6186.00	6915.00	7204.00	8524.00	12140.00	17960.00	
03193000	0725	19390725	20150725	77	6132.99	5183.59	1720.00	36500.00		2350.00	2532.00	2868.00	3086.00	3275.00	3550.00	3763.00	3926.00	4176.00	4560.00	4825.00	5350.00	6041.00	6938.00	7330.00	7668.00	8695.00	10340.00	15050.00	
03193000	0726	19390726	20150726	77	5587.92	3618.77	1680.00	24600.00		2219.00	2730.00	2946.00	3126.00	3480.00	3624.00	3899.00	4138.00	4261.00	4650.00	5001.00	5238.00	5534.00	6228.00	6795.00	6996.00	7614.00	9316.00	12440.00	
03193000	0727	19390727	20150727	77	6377.27	6170.07	1420.00	38400.00		2310.00	2686.00	2943.00	3146.00	3350.00	3424.00	3601.00	3864.00	4457.00	4730.00	4992.00	5200.00	5530.00	6094.00	6700.00	7612.00	8746.00	10460.00	20850.00	
03193000	0728	19390728	20150728	77	6544.68	5991.54	1690.00	32400.00		2253.00	2570.00	2965.00	3244.00	3430.00	3628.00	3941.00	4168.00	4402.00	4560.00	4753.00	4866.00	5307.00	5978.00	7005.00	7678.00	9603.00	13820.00	20270.00	
03193000	0729	19390729	20150729	77	6834.68	7958.01	1630.00	62500.00		2216.00	2606.00	2971.00	3174.00	3305.00	3486.00	3763.00	3976.00	4134.00	4420.00	5051.00	5670.00	6260.00	6560.00	6860.00	7594.00	10052.00	12020.00	17960.00	
03193000	0730	19390730	20150730	77	7459.35	11053.65	1000.00	89400.00		1741.00	2534.00	2771.00	2992.00	3230.00	3442.00	3613.00	3900.00	4272.00	4680.00	5152.00	5234.00	5587.00	6008.00	6675.00	7478.00	8624.00	18200.00	22500.00	
03193000	0731	19390731	20150731	77	7198.44	10273.48	1380.00	78700.00		1906.00	2544.00	2723.00	3140.00	3285.00	3370.00	3649.00	3964.00	4331.00	4540.00	4771.00	5054.00	5539.00	6074.00	7160.00	7702.00	9873.00	13560.00	19980.00	
03193000	0801	19390801	20150801	77	6751.17	7448.91	1830.00	55900.00		2062.00	2350.00	2621.00	2848.00	3050.00	3214.00	3489.00	3752.00	4006.00	4430.00	5045.00	5418.00	5837.00	6632.00	8175.00	10026.00	10900.00	12220.00	15170.00	
03193000	0802	19390802	20150802	77	6327.40	5993.16	1970.00	38100.00		2276.00	2490.00	2625.00	2780.00	2870.00	2926.00	3170.00	3304.00	3760.00	4100.00	4628.00	4916.00	5819.00	6488.00	7190.00	8150.00	9720.00	13640.00	19180.00	
03193000	0803	19390803	20150803	77	6026.23	5254.70	1880.00	27300.00		2264.00	2510.00	2664.00	2818.00	2955.00	3044.00	3123.00	3314.00	3631.00	3760.00	4112.00	4710.00	5620.00	6034.00	6845.00	7742.00	11020.00	12520.00	18500.00	
03193000	0804	19390804	20150804	77	6063.77	5731.91	1880.00	40000.00		2273.00	2406.00	2555.00	2664.00	2750.00	3094.00	3306.00	3514.00	3667.00	3930.00	4234.00	4634.00	5542.00	6620.00	7570.00	8042.00	9672.00	11420.00	18640.00	
03193000	0805	19390805	20150805	77	6211.82	6274.53	1420.00	34400.00		2135.00	2408.00	2548.00	2712.00	2830.00	2920.00	3116.00	3686.00	3968.00	4210.00	4344.00	4994.00	5861.00	6600.00	7045.00	7780.00	8788.00	12260.00	16670.00	
03193000	0806	19390806	20150806	77	6051.30	5699.37	1620.00	38000.00		1928.00	2240.00	2558.00	2680.00	2790.00	2946.00	3159.00	3492.00	3695.00	4200.00	4655.00	5240.00	5602.00	5860.00	6615.00	7620.00	9723.00	11460.00	18500.00	
03193000	0807	19390807	20150807	77	5684.16	4424.53	1850.00	31000.00		2246.00	2482.00	2577.00	2756.00	2945.00	3062.00	3183.00	3464.00	3657.00	3910.00	4511.00	5144.00	5607.00	6784.00	7340.00	7618.00	9393.00	11420.00	13410.00	
03193000	0808	19390808	20150808	77	5286.88	3585.23	2010.00	24200.00		2148.00	2384.00	2497.00	2786.00	2930.00	3090.00	3410.00	3516.00	3764.00	4210.00	4713.00	5186.00	5479.00	5884.00	6400.00	6812.00	7875.00	9648.00	12850.00	
03193000	0809	19390809	20150809	77	5445.32	4309.30	1700.00	22800.00		2139.00	2280.00	2537.00	2772.00	2855.00	3012.00	3133.00	3312.00	3710.00	4450.00	4766.00	5112.00	5278.00	5614.00	6185.00	6780.00	7269.00	9522.00	19320.00	
03193000	0810	19390810	20150810	77	5602.73	4974.46	1450.00	31200.00		1990.00	2194.00	2343.00	2666.00	3000.00	3178.00	3330.00	3438.00	4271.00	4540.00	4778.00	5088.00	5358.00	5766.00	5970.00	6454.00	7462.00	10600.00	12880.00	
03193000	0811	19390811	20150811	77	5818.31	5005.72	1690.00	26100.00		1947.00	2144.00	2375.00	2614.00	2745.00	2950.00	3333.00	3534.00	3772.00	4470.00	4731.00	4908.00	5300.00	5690.00	6215.00	7680.00	8989.00	11600.00	18260.00	
03193000	0812	19390812	20150812	77	5593.64	4582.25	1870.00	23600.00		1937.00	2170.00	2364.00	2736.00	2845.00	3038.00	3272.00	3394.00	3760.00	3900.00	4507.00	4780.00	4914.00	5344.00	6605.00	7344.00	8096.00	12140.00	18960.00	
03193000	0813	19390813	20150813	77	5747.27	5391.38	1400.00	33500.00		1889.00	2050.00	2367.00	2606.00	2980.00	3004.00	3169.00	3304.00	3615.00	3820.00	4054.00	4468.00	4761.00	5732.00	6715.00	7326.00	8335.00	12000.00	19610.00	
03193000	0814	19390814	20150814	77	5979.74	7277.35	1330.00	51300.00		1918.00	2200.00	2401.00	2760.00	2820.00	2916.00	3093.00	3170.00	3433.00	3880.00	4337.00	4546.00	5451.00	5880.00	6215.00	6924.00	7747.00	10228.00	17570.00	
03193000	0815	19390815	20150815	77	7877.92	18941.69	1260.00	163000.00		1988.00	2166.00	2289.00	2538.00	2695.00	2790.00	2992.00	3326.00	3617.00	3880.00	4278.00	4498.00	5082.00	5536.00	6265.00	6962.00	8750.00	14440.00	22980.00	
03193000	0816	19390816	20150816	77	6081.56	11261.94	1770.00	97600.00		1994.00	2040.00	2080.00	2338.00	2495.00	2726.00	2933.00	3206.00	3411.00	3520.00	3769.00	4108.00	4191.00	4658.00	5475.00	6606.00	8200.00	11220.00	15880.00	
03193000	0817	19390817	20150817	77	5776.62	8129.85	1360.00	66900.00		1769.00	2024.00	2154.00	2418.00	2565.00	2818.00	3208.00	3342.00	3400.00	3580.00	3871.00	4172.00	4486.00	4860.00	5985.00	6506.00	7583.00	11820.00	16320.00	
03193000	0818	19390818	20150818	77	6054.16	7533.73	1420.00	46600.00		1852.00	2010.00	2244.00	2524.00	2755.00	2792.00	3196.00	3386.00	3601.00	3650.00	3915.00	4312.00	4675.00	5398.00	5840.00	7060.00	8142.00	12280.00	19570.00	
03193000	0819	19390819	20150819	77	6533.64	8096.49	1570.00	56800.00		1798.00	1966.00	2189.00	2472.00	2685.00	2896.00	2963.00	3096.00	3387.00	3520.00	3918.00	4146.00	4770.00	5628.00	7280.00	8234.00	10630.00	15060.00	22490.00	
03193000	0820	19390820	20150820	77	6678.57	8302.02	1460.00	48800.00		1854.00	1964.00	2154.00	2332.00	2470.00	2638.00	2730.00	2896.00	3362.00	4000.00	4205.00	4950.00	5551.00	5784.00	6765.00	8188.00	10360.00	16120.00	21850.00	
03193000	0821	19390821	20150821	77	6227.27	8580.60	1330.00	66400.00		1778.00	2060.00	2190.00	2366.00	2550.00	2632.00	2868.00	3100.00	3448.00	3640.00	3857.00	4554.00	5070.00	5792.00	6560.00	7360.00	8822.00	13300.00	18910.00	
03193000	0822	19390822	20150822	77	5753.38	5953.53	1640.00	36600.00		1878.00	2038.00	2295.00	2420.00	2590.00	2862.00	3004.00	3206.00	3487.00	3640.00	4008.00	4450.00	5079.00	5578.00	5930.00	7390.00	8858.00	9764.00	19030.00	
03193000	0823	19390823	20150823	77	5285.97	5491.23	1420.00	37500.00		1835.00	2014.00	2190.00	2316.00	2490.00	2664.00	2873.00	2980.00	3237.00	3370.00	3979.00	4350.00	4851.00	5080.00	5320.00	7014.00	7560.00	9940.00	19010.00	
03193000	0824	19390824	20150824	77	5229.22	5255.15	1350.00	36000.00		1687.00	1930.00	2122.00	2298.00	2430.00	2584.00	2810.00	3054.00	3302.00	3740.00	3872.00	4114.00	4755.00	4978.00	5695.00	6996.00	8309.00	10820.00	12080.00	
03193000	0825	19390825	20150825	77	5218.83	5392.41	1420.00	41100.00		1566.00	1918.00	2175.00	2252.00	2455.00	2650.00	2785.00	3140.00	3309.00	3640.00	3805.00	4312.00	5037.00	5442.00	6210.00	6616.00	7649.00	10220.00	13190.00	
03193000	0826	19390826	20150826	77	4819.09	4275.11	1470.00	30800.00		1730.00	1956.00	2100.00	2266.00	2435.00	2632.00	2816.00	3000.00	3080.00	3230.00	3626.00	3982.00	4555.00	5144.00	5570.00	6372.00	7618.00	9400.00	13710.00	
03193000	0827	19390827	20150827	77	4516.10	3355.90	1320.00	20000.00		1540.00	1952.00	2067.00	2212.00	2375.00	2646.00	2863.00	2984.00	3156.00	3380.00	3746.00	4244.00	4425.00	4718.00	5450.00	6174.00	7024.00	7730.00	11920.00	
03193000	0828	19390828	20150828	77	4464.81	2851.77	1370.00	17800.00		1704.00	1938.00	2123.00	2336.00	2580.00	2656.00	2802.00	3000.00	3235.00	3520.00	3658.00	4062.00	4710.00	5156.00	5760.00	6014.00	8105.00	8444.00	10240.00	
03193000	0829	19390829	20150829	77	4380.39	2947.56	1410.00	17800.00		1629.00	1950.00	2058.00	2288.00	2335.00	2504.00	2593.00	2794.00	2926.00	3360.00	3574.00	4280.00	4668.00	4862.00	5250.00	6202.00	7236.00	8832.00	10590.00	
03193000	0830	19390830	20150830	77	4335.71	3808.05	1310.00	29600.00		1607.00	1890.00	2083.00	2238.00	2355.00	2564.00	2729.00	2842.00	2982.00	3080.00	3354.00	3520.00	4037.00	4836.00	5330.00	5586.00	6706.00	7838.00	9046.00	
03193000	0831	19390831	20150831	77	4431.69	4740.79	1420.00	34500.00		1685.00	1832.00	1974.00	2108.00	2295.00	2466.00	2624.00	2802.00	2997.00	3240.00	3655.00	3998.00	4335.00	4534.00	4830.00	5222.00	6053.00	6642.00	9920.00	
03193000	0901	19390901	20150901	77	4915.97	7052.68	1640.00	55600.00		1791.00	1906.00	1978.00	2092.00	2315.00	2572.00	2663.00	2880.00	3009.00	3380.00	3656.00	3844.00	3999.00	4264.00	4790.00	5058.00	5788.00	7522.00	10884.00	
03193000	0902	19390902	20150902	77	4514.03	5176.74	1470.00	39400.00		1777.00	1888.00	1951.00	2032.00	2285.00	2396.00	2646.00	2746.00	2782.00	2900.00	3190.00	3378.00	3555.00	3888.00	4750.00	4894.00	6456.00	8588.00	12500.00	
03193000	0903	19390903	20150903	77	4216.36	3959.65	1340.00	25000.00		1802.00	1888.00	1967.00	2166.00	2320.00	2368.00	2443.00	2632.00	2821.00	2980.00	3125.00	3308.00	3510.00	3916.00	4390.00	5060.00	6075.00	6974.00	13350.00	
03193000	0904	19390904	20150904	77	4138.05	3774.02	1150.00	24800.00		1653.00	1918.00	2055.00	2250.00	2305.00	2444.00	2555.00	2704.00	2781.00	3170.00	3336.00	3404.00	3542.00	3772.00	4065.00	4406.00	5046.00	7068.00	13200.00	
03193000	0905	19390905	20150905	77	4346.88	4635.04	1250.00	37800.00		1757.00	1988.00	2050.00	2250.00	2335.00	2488.00	2608.00	2680.00	3021.00	3110.00	3220.00	3518.00	3648.00	3918.00	4235.00	4940.00	6307.00	8164.00	11920.00	
03193000	0906	19390906	20150906	77	4494.55	4593.96	1180.00	31600.00		1558.00	2008.00	2163.00	2360.00	2410.00	2506.00	2642.00	2786.00	2880.00	2950.00	3017.00	3286.00	3616.00	3944.00	4545.00	5688.00	7055.00	8650.00	11190.00	
03193000	0907	19390907	20150907	77	4607.53	4255.54	1140.00	25900.00		1786.00	1956.00	2104.00	2268.00	2390.00	2544.00	2633.00	2740.00	2800.00	3060.00	3272.00	3458.00	3920.00	4234.00	5280.00	5844.00	7244.00	9540.00	14950.00	
03193000	0908	19390908	20150908	77	4863.25	4634.87	1150.00	27800.00		1463.00	1858.00	2133.00	2460.00	2500.00	2648.00	2716.00	2788.00	2927.00	3450.00	3819.00	4130.00	4436.00	4916.00	5435.00	6006.00	6881.00	8376.00	16040.00	
03193000	0909	19390909	20150909	77	4828.70	4423.07	1160.00	32400.00		1764.00	1946.00	2162.00	2396.00	2425.00	2568.00	2853.00	3180.00	3232.00	3410.00	3560.00	4246.00	4445.00	5266.00	5630.00	5928.00	6349.00	9936.00	13720.00	
03193000	0910	19390910	20150910	77	4550.00	5021.03	1520.00	44200.00		1914.00	2094.00	2158.00	2248.00	2470.00	2744.00	2843.00	3126.00	3342.00	3480.00	3640.00	3768.00	4007.00	4936.00	5025.00	5530.00	6060.00	7184.00	9967.00	
03193000	0911	19390911	20150911	77	4333.12	4101.75	1460.00	36200.00		1766.00	1942.00	2040.00	2312.00	2625.00	2814.00	2935.00	3068.00	3285.00	3370.00	3530.00	3746.00	4668.00	4818.00	4990.00	5216.00	5928.00	7320.00	7962.00	
03193000	0912	19390912	20150912	77	4082.73	2578.55	1620.00	18200.00		1779.00	1948.00	2061.00	2428.00	2620.00	2676.00	2763.00	2836.00	3251.00	3560.00	3721.00	3872.00	4047.00	4232.00	4945.00	5138.00	5919.00	6624.00	10140.00	
03193000	0913	19390913	20150913	77	3977.01	2265.30	1220.00	12100.00		1500.00	1688.00	2137.00	2312.00	2580.00	2648.00	2773.00	2952.00	3439.00	3530.00	3589.00	3788.00	4115.00	4386.00	4575.00	4942.00	5479.00	6832.00	9470.00	
03193000	0914	19390914	20150914	77	4205.32	3525.85	1260.00	28100.00		1666.00	1772.00	1941.00	2274.00	2400.00	2518.00	2822.00	2936.00	3080.00	3490.00	3646.00	3784.00	4091.00	4472.00	4740.00	5056.00	5709.00	7490.00	9414.00	
03193000	0915	19390915	20150915	77	4243.38	3374.10	1440.00	24200.00		1563.00	1818.00	1924.00	2200.00	2450.00	2654.00	2749.00	2918.00	3102.00	3200.00	3463.00	3664.00	4076.00	4454.00	4700.00	5512.00	6141.00	7206.00	12530.00	
03193000	0916	19390916	20150916	77	4233.12	3546.41	1260.00	19100.00		1513.00	1680.00	1954.00	2138.00	2425.00	2524.00	2613.00	2728.00	3084.00	3240.00	3358.00	3506.00	3877.00	4148.00	4445.00	5212.00	6036.00	7250.00	16700.00	
03193000	0917	19390917	20150917	77	4450.91	4565.92	1250.00	33500.00		1555.00	1704.00	1914.00	2168.00	2335.00	2504.00	2665.00	2984.00	3136.00	3220.00	3400.00	3810.00	3994.00	4186.00	4335.00	5130.00	6110.00	6786.00	13170.00	
03193000	0918	19390918	20150918	77	5222.86	6762.46	1230.00	38900.00		1552.00	1788.00	1944.00	2320.00	2530.00	2824.00	2941.00	3092.00	3329.00	3460.00	3689.00	3946.00	4155.00	4574.00	4845.00	5034.00	5345.00	7698.00	25630.00	
03193000	0919	19390919	20150919	77	5843.25	10543.38	1110.00	88500.00		1566.00	1632.00	1894.00	2190.00	2500.00	2826.00	2986.00	3070.00	3412.00	3630.00	3966.00	4138.00	4507.00	4706.00	4945.00	5304.00	6427.00	8202.00	20510.00	
03193000	0920	19390920	20150920	77	5328.96	6108.18	1340.00	43800.00		1529.00	1754.00	2064.00	2416.00	2635.00	2808.00	2944.00	3238.00	3436.00	3660.00	3878.00	3994.00	4427.00	4950.00	5495.00	5776.00	6644.00	10040.00	18890.00	
03193000	0921	19390921	20150921	77	5299.87	5047.81	1260.00	27400.00		1409.00	1954.00	2230.00	2584.00	2725.00	2844.00	3066.00	3144.00	3331.00	3660.00	3887.00	4220.00	4264.00	4622.00	5470.00	5788.00	8236.00	13420.00	15810.00	
03193000	0922	19390922	20150922	77	5527.40	6859.61	1280.00	51000.00		1556.00	1778.00	1974.00	2308.00	2535.00	2712.00	2931.00	3166.00	3244.00	3590.00	3762.00	4124.00	4307.00	4444.00	5070.00	6032.00	8434.00	12320.00	18740.00	
03193000	0923	19390923	20150923	77	5877.40	8295.28	1390.00	49900.00		1596.00	1878.00	2057.00	2170.00	2280.00	2458.00	2639.00	2772.00	3062.00	3450.00	3839.00	3974.00	4166.00	4372.00	4520.00	5280.00	6967.00	13860.00	26670.00	
03193000	0924	19390924	20150924	77	6249.22	9703.41	1450.00	52100.00		1594.00	1904.00	2052.00	2234.00	2385.00	2552.00	2845.00	3012.00	3095.00	3450.00	3610.00	3796.00	4077.00	4202.00	4420.00	4876.00	6609.00	13240.00	32410.00	
03193000	0925	19390925	20150925	77	5393.64	7383.69	1190.00	49100.00		1635.00	1960.00	2208.00	2364.00	2530.00	2726.00	2860.00	3016.00	3160.00	3230.00	3380.00	3624.00	3858.00	4248.00	4380.00	5232.00	6565.00	10560.00	23150.00	
03193000	0926	19390926	20150926	77	4882.34	5765.30	1030.00	43500.00		1523.00	1930.00	2084.00	2250.00	2445.00	2604.00	2828.00	3022.00	3089.00	3180.00	3390.00	3628.00	3958.00	4130.00	4520.00	5688.00	7149.00	8954.00	17650.00	
03193000	0927	19390927	20150927	77	4634.29	4980.97	1230.00	38500.00		1522.00	1960.00	2077.00	2238.00	2500.00	2590.00	2719.00	2936.00	3054.00	3190.00	3414.00	3608.00	3891.00	4126.00	4515.00	5086.00	6851.00	8512.00	13900.00	
03193000	0928	19390928	20150928	77	5075.84	4792.54	1160.00	30200.00		1496.00	1774.00	2031.00	2270.00	2440.00	2592.00	2816.00	2946.00	3255.00	3580.00	3774.00	4092.00	4591.00	4908.00	5385.00	6598.00	7398.00	11540.00	14980.00	
03193000	0929	19390929	20150929	77	6202.60	8436.94	1140.00	62300.00		1433.00	1778.00	1945.00	2120.00	2405.00	2630.00	2893.00	3112.00	3527.00	3650.00	4025.00	4340.00	4598.00	5266.00	6010.00	6540.00	9454.00	16180.00	19760.00	
03193000	0930	19390930	20150930	77	6431.82	8505.77	970.00	67200.00		1481.00	1882.00	2085.00	2260.00	2415.00	2612.00	2920.00	3100.00	3629.00	4060.00	4499.00	4800.00	5258.00	5678.00	6325.00	8108.00	11570.00	14800.00	18000.00	
03193000	1001	19381001	20151001	78	6630.51	7265.52	1190.00	46300.00		1638.00	1880.00	2137.00	2304.00	2492.50	2622.00	2693.00	3240.00	3722.00	4105.00	4518.00	5314.00	5943.50	6547.00	7560.00	8918.00	11955.00	15690.00	19540.00	
03193000	1002	19381002	20151002	78	6568.85	7080.75	1400.00	37700.00		1742.50	2054.00	2260.00	2412.00	2577.50	2727.00	3044.50	3456.00	3724.00	3890.00	4193.00	4738.00	5677.50	6381.00	6972.50	8246.00	11460.00	14870.00	26825.00	
03193000	1003	19381003	20151003	78	6430.90	7083.66	1080.00	49000.00		1619.00	2004.00	2257.00	2560.00	2725.00	2947.00	3176.00	3294.00	3661.00	3985.00	4507.50	5576.00	5826.50	6428.00	7377.50	8424.00	9860.50	12620.00	19830.00	
03193000	1004	19381004	20151004	78	5749.74	5997.40	1010.00	45400.00		1685.50	2074.00	2316.50	2478.00	2785.00	2937.00	3151.50	3542.00	3716.50	3840.00	4138.00	4628.00	5093.50	5563.00	6692.50	7090.00	8034.50	12520.00	15335.00	
03193000	1005	19381005	20151005	78	5522.69	5338.31	1130.00	36200.00		1499.50	1876.00	2175.00	2400.00	2745.00	2958.00	3178.50	3496.00	3841.00	3995.00	4278.00	4702.00	4906.50	5266.00	5992.50	6898.00	8240.50	10950.00	15625.00	
03193000	1006	19381006	20151006	78	5543.72	4828.69	1400.00	25900.00		1536.00	1945.00	2162.50	2448.00	2507.50	2787.00	3050.00	3400.00	3729.50	4140.00	4471.50	4870.00	5451.00	5932.00	6327.50	7078.00	8457.50	10570.00	18200.00	
03193000	1007	19381007	20151007	78	5331.41	5004.31	1390.00	32300.00		1518.00	1799.00	2015.50	2264.00	2507.50	2610.00	3095.50	3470.00	3765.50	3955.00	4238.00	4628.00	5127.00	5587.00	6245.00	6746.00	7623.00	9160.00	19080.00	
03193000	1008	19381008	20151008	78	4743.33	3420.67	1190.00	19200.00		1300.00	1776.00	1998.00	2192.00	2330.00	2507.00	3075.00	3292.00	3630.50	4030.00	4161.50	4500.00	4980.00	5313.00	5575.00	6546.00	7261.00	8726.00	13125.00	
03193000	1009	19381009	20151009	78	5495.90	7910.88	1420.00	69200.00		1560.00	1694.00	1970.50	2128.00	2285.00	2621.00	2945.00	3478.00	3657.50	3925.00	4279.00	4464.00	5159.00	5510.00	5810.00	6386.00	8158.00	10320.00	12145.00	
03193000	1010	19381010	20151010	78	5864.23	9993.33	1230.00	86100.00		1570.00	1864.00	1974.00	2098.00	2267.50	2543.00	2950.00	3280.00	3706.00	3920.00	4191.50	4730.00	5061.50	5376.00	6065.00	6666.00	7364.50	8440.00	13150.00	
03193000	1011	19381011	20151011	78	5645.38	9272.17	1220.00	76900.00		1589.00	1740.00	2032.50	2246.00	2512.50	2762.00	3048.50	3396.00	3807.00	4020.00	4543.50	4616.00	4929.00	5146.00	5455.00	5706.00	6443.00	7904.00	10855.00	
03193000	1012	19381012	20151012	78	5505.90	8528.90	1230.00	67200.00		1528.00	1692.00	2104.00	2246.00	2550.00	2708.00	2941.50	3150.00	3355.00	3670.00	3834.50	4302.00	4551.00	4797.00	5450.00	5934.00	6998.00	8361.00	15010.00	
03193000	1013	19381013	20151013	78	5095.51	6711.89	1270.00	53500.00		1550.50	1776.00	2134.00	2298.00	2422.50	2500.00	2749.00	3066.00	3407.50	3725.00	3989.00	4142.00	4663.50	4901.00	5227.50	5886.00	6726.50	7541.00	12355.00	
03193000	1014	19381014	20141014	77	4930.52	5103.63	1300.00	31100.00		1497.00	1662.00	1992.00	2106.00	2265.00	2366.00	2724.00	2954.00	3311.00	3520.00	3789.00	4152.00	4937.00	5372.00	5760.00	5874.00	6670.00	9064.00	12390.00	
03193000	1015	19381015	20141015	77	5101.82	4949.28	1310.00	28100.00		1509.00	1818.00	1980.00	2070.00	2240.00	2364.00	2576.00	3012.00	3187.00	3530.00	3898.00	4116.00	4482.00	4770.00	5465.00	6318.00	7912.00	10340.00	18590.00	
03193000	1016	19381016	20141016	77	5671.69	6768.67	1310.00	43000.00		1460.00	1912.00	1997.00	2136.00	2245.00	2548.00	2835.00	2956.00	3127.00	3680.00	4126.00	4346.00	4541.00	4826.00	5490.00	5826.00	8484.00	12960.00	23580.00	
03193000	1017	19381017	20141017	77	5802.47	6796.25	1210.00	44000.00		1585.00	1900.00	1960.00	2144.00	2395.00	2642.00	2860.00	3072.00	3419.00	3810.00	3935.00	4130.00	4424.00	4592.00	5365.00	6544.00	10620.00	13360.00	20660.00	
03193000	1018	19381018	20141018	77	5596.88	6085.82	1270.00	45800.00		1482.00	1870.00	2025.00	2192.00	2340.00	2520.00	2995.00	3238.00	3392.00	3520.00	3872.00	4186.00	4498.00	5164.00	6420.00	8188.00	10100.00	12580.00	15370.00	
03193000	1019	19381019	20141019	77	6067.14	7571.02	1330.00	49600.00		1539.00	1892.00	1944.00	2090.00	2275.00	2422.00	2719.00	2994.00	3163.00	3510.00	3637.00	4490.00	5048.00	5508.00	6710.00	9182.00	9745.00	12160.00	17260.00	
03193000	1020	19381020	20141020	77	6342.60	7667.19	1470.00	49300.00		1559.00	1774.00	2016.00	2136.00	2265.00	2474.00	2799.00	2960.00	3351.00	3520.00	3860.00	4574.00	5147.00	5866.00	7415.00	8426.00	11360.00	13060.00	23760.00	
03193000	1021	19381021	20141021	77	6018.70	6699.80	1330.00	40800.00		1489.00	1788.00	1911.00	2094.00	2220.00	2482.00	2732.00	2944.00	3255.00	3630.00	3871.00	4348.00	5322.00	5862.00	7095.00	8392.00	9561.00	13240.00	22830.00	
03193000	1022	19381022	20141022	77	5988.44	7156.82	1160.00	39400.00		1466.00	1800.00	2002.00	2136.00	2375.00	2508.00	2705.00	2896.00	3127.00	3300.00	3761.00	4130.00	4704.00	5704.00	6555.00	7566.00	9172.00	12760.00	20360.00	
03193000	1023	19381023	20141023	77	5870.52	6380.92	1130.00	37500.00		1553.00	1818.00	1930.00	2192.00	2385.00	2608.00	2919.00	3106.00	3460.00	3640.00	3898.00	4260.00	4740.00	5356.00	6915.00	7358.00	9477.00	13260.00	20600.00	
03193000	1024	19381024	20141024	77	6174.16	8383.72	1260.00	67000.00		1593.00	1860.00	2064.00	2222.00	2365.00	2722.00	3020.00	3192.00	3401.00	3610.00	3960.00	4648.00	4847.00	5634.00	6585.00	7976.00	10390.00	12660.00	18320.00	
03193000	1025	19381025	20141025	77	6051.43	6928.33	1360.00	47300.00		1675.00	1826.00	2061.00	2210.00	2335.00	2724.00	2840.00	3192.00	3455.00	3640.00	4113.00	4704.00	5372.00	6186.00	6895.00	8118.00	9720.00	12060.00	19550.00	
03193000	1026	19381026	20141026	77	6150.13	6375.57	1330.00	38400.00		1553.00	1860.00	2046.00	2148.00	2330.00	2780.00	2969.00	3132.00	3424.00	3920.00	4497.00	5326.00	5753.00	6096.00	7465.00	9142.00	10260.00	11720.00	16700.00	
03193000	1027	19381027	20141027	77	6710.26	7846.84	1280.00	49100.00		1459.00	1818.00	2047.00	2204.00	2450.00	2618.00	3016.00	3212.00	3899.00	4180.00	4483.00	4898.00	5620.00	6530.00	7500.00	9740.00	11160.00	14220.00	22730.00	
03193000	1028	19381028	20141028	77	6618.18	6573.31	1310.00	34800.00		1490.00	1980.00	2187.00	2350.00	2520.00	2722.00	2931.00	3092.00	3421.00	3870.00	4325.00	5246.00	5875.00	6684.00	7860.00	10480.00	12100.00	15160.00	23790.00	
03193000	1029	19381029	20141029	77	6198.57	5580.47	1130.00	25600.00		1485.00	1940.00	2085.00	2304.00	2445.00	2714.00	2838.00	3184.00	3327.00	4290.00	4534.00	4920.00	6591.00	7040.00	8095.00	9172.00	11050.00	12020.00	19580.00	
03193000	1030	19381030	20141030	77	6277.01	4994.13	1370.00	22500.00		1520.00	1868.00	2089.00	2252.00	2560.00	2908.00	3092.00	3636.00	3827.00	4170.00	4797.00	5678.00	6545.00	7396.00	8875.00	9812.00	11310.00	15400.00	17390.00	
03193000	1031	19381031	20141031	77	6401.43	5621.00	1450.00	36100.00		1627.00	1902.00	2145.00	2380.00	2535.00	2844.00	3025.00	3594.00	3784.00	4350.00	5258.00	5590.00	6208.00	8292.00	9455.00	10200.00	10620.00	13080.00	15730.00	
03193000	1101	19381101	20141101	77	6715.45	6202.33	1570.00	34500.00		1810.00	2056.00	2159.00	2270.00	2465.00	2736.00	3139.00	3304.00	4134.00	4700.00	5167.00	5656.00	6685.00	7184.00	8120.00	10170.00	11950.00	13760.00	22070.00	
03193000	1102	19381102	20141102	77	7654.03	8528.49	1680.00	53400.00		1864.00	1946.00	2125.00	2268.00	2880.00	3368.00	3760.00	3954.00	4648.00	5090.00	5430.00	5998.00	6665.00	7274.00	8120.00	9458.00	13580.00	17220.00	26240.00	
03193000	1103	19381103	20141103	77	7945.32	8527.88	1570.00	51400.00		1776.00	2076.00	2283.00	2658.00	2895.00	3430.00	3906.00	4548.00	5069.00	5210.00	5590.00	6362.00	7057.00	7452.00	9255.00	11500.00	12850.00	16000.00	26760.00	
03193000	1104	19381104	20141104	77	8071.82	7436.33	1310.00	37800.00		1880.00	2064.00	2340.00	2752.00	3245.00	3952.00	4209.00	4806.00	5547.00	6380.00	6775.00	6948.00	7589.00	7822.00	8895.00	10580.00	14290.00	19220.00	24130.00	
03193000	1105	19381105	20141105	77	8398.57	8958.80	1260.00	63800.00		1743.00	1988.00	2218.00	2332.00	3355.00	3888.00	4211.00	4928.00	5293.00	5600.00	6552.00	7166.00	7967.00	8480.00	9375.00	11760.00	14740.00	17520.00	25280.00	
03193000	1106	19381106	20141106	77	8524.29	10859.49	1220.00	89100.00		1799.00	1992.00	2206.00	2794.00	3195.00	3712.00	4413.00	5140.00	5541.00	5690.00	6003.00	6576.00	7656.00	10028.00	11050.00	12460.00	14260.00	15300.00	20740.00	
03193000	1107	19381107	20141107	77	8453.25	9184.94	1270.00	68500.00		1821.00	2190.00	2449.00	2880.00	3435.00	4002.00	4311.00	4804.00	5200.00	5720.00	6245.00	6944.00	8501.00	9240.00	10450.00	11400.00	13980.00	16640.00	26020.00	
03193000	1108	19381108	20141108	77	8527.40	8654.13	1400.00	54900.00		1717.00	2078.00	2575.00	3208.00	3575.00	4104.00	4451.00	4848.00	5604.00	6100.00	7574.00	8528.00	8737.00	8920.00	9130.00	11180.00	13220.00	16440.00	25270.00	
03193000	1109	19381109	20141109	77	8943.51	9661.57	1420.00	64200.00		1700.00	2124.00	2739.00	3316.00	3620.00	4064.00	4412.00	5018.00	5967.00	6510.00	7532.00	7882.00	8137.00	8954.00	9710.00	11400.00	12400.00	19600.00	32020.00	
03193000	1110	19381110	20141110	77	8832.08	9864.54	1420.00	58300.00		1810.00	2052.00	2599.00	3300.00	3565.00	4060.00	4620.00	5116.00	5722.00	6080.00	6417.00	6952.00	7899.00	9268.00	9950.00	10820.00	13240.00	15440.00	30810.00	
03193000	1111	19381111	20141111	77	8614.42	8993.90	1740.00	50600.00		1844.00	2314.00	2814.00	3220.00	3460.00	4582.00	5273.00	5610.00	5778.00	5930.00	6359.00	7024.00	7264.00	8140.00	9350.00	11440.00	13250.00	15760.00	26110.00	
03193000	1112	19381112	20141112	77	8578.31	8078.62	1640.00	42800.00		1927.00	2200.00	2803.00	3396.00	3560.00	4008.00	4869.00	5180.00	5366.00	5840.00	6557.00	6996.00	7288.00	8002.00	9880.00	12880.00	14850.00	20240.00	23990.00	
03193000	1113	19381113	20141113	77	9386.23	10185.56	1610.00	57400.00		1856.00	2416.00	2856.00	3350.00	3775.00	3934.00	4302.00	4712.00	5291.00	5650.00	5950.00	6712.00	7028.00	8256.00	11100.00	14800.00	17720.00	21300.00	30790.00	
03193000	1114	19381114	20141114	77	9434.68	10383.70	1540.00	63300.00		1852.00	2532.00	3000.00	3152.00	3595.00	4088.00	4395.00	4922.00	5173.00	5700.00	6155.00	6414.00	7400.00	8072.00	10450.00	14140.00	18690.00	21020.00	30360.00	
03193000	1115	19381115	20141115	77	8633.12	7734.46	1530.00	36800.00		1777.00	2314.00	2980.00	3414.00	3590.00	4100.00	4549.00	4968.00	5110.00	5500.00	6076.00	6252.00	7978.00	9648.00	10500.00	13540.00	15750.00	20000.00	26750.00	
03193000	1116	19381116	20141116	77	8065.97	6582.50	1540.00	36000.00		1738.00	2374.00	2766.00	3468.00	3610.00	3816.00	4281.00	4666.00	4963.00	5690.00	6059.00	7104.00	8515.00	9352.00	10700.00	12300.00	14220.00	18440.00	22550.00	
03193000	1117	19381117	20141117	77	8647.92	10074.22	1540.00	66500.00		1850.00	2302.00	2856.00	3374.00	3730.00	3962.00	4160.00	4532.00	5282.00	5680.00	6219.00	7086.00	8311.00	9584.00	10450.00	11120.00	12440.00	15560.00	24580.00	
03193000	1118	19381118	20141118	77	8408.44	9080.11	1400.00	56500.00		1729.00	2106.00	2884.00	3048.00	3750.00	3962.00	4296.00	4900.00	5322.00	5840.00	6512.00	7122.00	8725.00	9280.00	9840.00	10240.00	12660.00	15180.00	21560.00	
03193000	1119	19381119	20141119	77	8691.56	10020.67	1520.00	72300.00		1657.00	2372.00	2762.00	3030.00	3510.00	3896.00	4447.00	4820.00	5237.00	5700.00	6732.00	7150.00	7486.00	8224.00	10000.00	11500.00	13830.00	15560.00	31000.00	
03193000	1120	19381120	20141120	77	9004.55	11552.34	1580.00	93000.00		1849.00	2592.00	2794.00	3360.00	3490.00	4098.00	4730.00	4880.00	5539.00	6070.00	6407.00	7096.00	7822.00	8616.00	10190.00	11540.00	14100.00	17460.00	26260.00	
03193000	1121	19381121	20141121	77	9276.10	11650.02	1430.00	93700.00		2035.00	2640.00	2950.00	3264.00	3575.00	4250.00	4667.00	5128.00	5430.00	6110.00	6658.00	7480.00	8084.00	9756.00	10600.00	11700.00	15550.00	20280.00	22490.00	
03193000	1122	19381122	20141122	77	9288.83	10469.63	1380.00	80700.00		1828.00	2484.00	2908.00	3122.00	3440.00	4404.00	4915.00	5420.00	5708.00	6250.00	6788.00	8112.00	8871.00	9692.00	11000.00	12340.00	15940.00	20460.00	23540.00	
03193000	1123	19381123	20141123	77	9016.36	9023.34	1520.00	66900.00		1639.00	2584.00	2757.00	3168.00	3540.00	4050.00	5062.00	5490.00	6219.00	6660.00	7617.00	8674.00	9069.00	9718.00	10850.00	12580.00	14890.00	16880.00	23230.00	
03193000	1124	19381124	20141124	77	8995.32	8163.60	1600.00	57300.00		1871.00	2480.00	2653.00	3330.00	3685.00	4392.00	5112.00	5930.00	6551.00	7270.00	7957.00	8836.00	8985.00	9640.00	10550.00	12660.00	15560.00	17320.00	23000.00	
03193000	1125	19381125	20141125	77	9514.81	8618.82	1590.00	49100.00		2185.00	2590.00	3174.00	3636.00	4295.00	4802.00	5060.00	6522.00	6836.00	7030.00	7396.00	8038.00	8881.00	9630.00	12650.00	14340.00	15780.00	18100.00	27940.00	
03193000	1126	19381126	20141126	77	9892.21	8274.50	1710.00	39800.00		2051.00	2578.00	3122.00	3762.00	4380.00	4844.00	5378.00	6416.00	6847.00	7500.00	7882.00	8376.00	10510.00	11660.00	11850.00	13600.00	16200.00	22400.00	33310.00	
03193000	1127	19381127	20141127	77	10558.44	8496.87	1660.00	40900.00		1967.00	2548.00	3167.00	3914.00	4535.00	4852.00	5496.00	5994.00	6687.00	7410.00	7823.00	9020.00	10838.00	12640.00	14850.00	19080.00	21370.00	23820.00	27580.00	
03193000	1128	19381128	20141128	77	11199.61	9954.12	1640.00	46200.00		2144.00	2560.00	3205.00	4302.00	4845.00	5330.00	5711.00	6272.00	7078.00	7980.00	8549.00	9668.00	10470.00	11260.00	13950.00	16900.00	21810.00	25500.00	34370.00	
03193000	1129	19381129	20141129	77	11902.47	9829.13	1620.00	47800.00		2367.00	2868.00	3475.00	4024.00	5165.00	5924.00	6028.00	6852.00	7318.00	8170.00	9972.00	11060.00	12270.00	12700.00	16500.00	19480.00	21960.00	25300.00	35220.00	
03193000	1130	19381130	20141130	77	13045.06	11604.43	1600.00	57000.00		2201.00	3222.00	3685.00	4266.00	4975.00	5948.00	6760.00	7226.00	7699.00	9050.00	10400.00	11680.00	13120.00	15320.00	17950.00	20140.00	22200.00	27960.00	39170.00	
03193000	1201	19381201	20141201	77	12865.84	11049.15	1640.00	47100.00		2026.00	3020.00	3671.00	4518.00	5200.00	5934.00	6542.00	7174.00	7873.00	9180.00	9944.00	11860.00	13560.00	15060.00	16050.00	20020.00	22590.00	29920.00	42720.00	
03193000	1202	19381202	20141202	77	12857.01	14091.58	1630.00	92700.00		2163.00	2706.00	3607.00	4132.00	4510.00	4900.00	5686.00	6368.00	7473.00	8180.00	9620.00	10600.00	12670.00	14120.00	15050.00	16820.00	20150.00	30040.00	40700.00	
03193000	1203	19381203	20141203	77	12151.56	13382.62	1620.00	86600.00		2160.00	2972.00	3382.00	4066.00	4390.00	4942.00	5716.00	6512.00	7181.00	7520.00	8305.00	9746.00	11240.00	12220.00	13650.00	16620.00	20860.00	31040.00	39420.00	
03193000	1204	19381204	20141204	77	12469.87	14473.32	1640.00	73200.00		2060.00	3124.00	3395.00	3956.00	4345.00	5016.00	5692.00	6412.00	6742.00	7180.00	7933.00	9092.00	10131.00	11140.00	13500.00	17100.00	23880.00	26500.00	52980.00	
03193000	1205	19381205	20141205	77	12121.04	13096.81	1630.00	70500.00		2062.00	2930.00	3406.00	4256.00	4785.00	5430.00	6090.00	6586.00	6796.00	7400.00	7852.00	8288.00	10028.00	10860.00	16200.00	17880.00	20240.00	28880.00	45510.00	
03193000	1206	19381206	20141206	77	12014.03	12577.76	1600.00	79200.00		1639.00	2700.00	3760.00	4494.00	5150.00	5762.00	6045.00	6638.00	6850.00	7190.00	8008.00	9670.00	10340.00	11500.00	14050.00	18140.00	23040.00	27400.00	36210.00	
03193000	1207	19381207	20141207	77	11798.44	10461.16	1560.00	56500.00		2006.00	2602.00	3692.00	4486.00	4970.00	5504.00	5891.00	6382.00	6699.00	7990.00	8389.00	10386.00	12870.00	13720.00	14850.00	18540.00	21900.00	25700.00	34770.00	
03193000	1208	19381208	20141208	77	13379.35	14178.81	1510.00	73200.00		2149.00	2606.00	3730.00	4274.00	5035.00	5492.00	5700.00	6040.00	7140.00	7690.00	8828.00	11060.00	11770.00	13420.00	15500.00	20840.00	24740.00	31460.00	43340.00	
03193000	1209	19381209	20141209	77	13571.69	15030.07	1820.00	69900.00		2368.00	2968.00	3622.00	3892.00	4390.00	5140.00	5706.00	6246.00	6891.00	7040.00	7634.00	10178.00	10770.00	12840.00	15650.00	21100.00	24200.00	37660.00	49980.00	
03193000	1210	19381210	20141210	77	12988.05	14120.41	1810.00	77600.00		2320.00	3148.00	3488.00	4148.00	4655.00	5752.00	6001.00	6134.00	6526.00	7690.00	8448.00	9024.00	10650.00	13660.00	16100.00	18380.00	20510.00	33060.00	48980.00	
03193000	1211	19381211	20141211	77	13206.23	12159.95	1810.00	65300.00		2639.00	3652.00	3858.00	4184.00	4770.00	6160.00	6890.00	7488.00	8451.00	8860.00	9660.00	10440.00	12340.00	15460.00	17700.00	20240.00	22630.00	28840.00	45130.00	
03193000	1212	19381212	20141212	77	14369.74	12196.30	1810.00	45400.00		2619.00	3412.00	3865.00	4304.00	5840.00	6692.00	7227.00	8044.00	8755.00	10200.00	10880.00	12100.00	13000.00	15160.00	19350.00	23300.00	28810.00	37280.00	43110.00	
03193000	1213	19381213	20141213	77	15437.66	14011.60	1870.00	67700.00		3150.00	3610.00	3970.00	5352.00	5955.00	6790.00	7632.00	7932.00	9303.00	10400.00	10990.00	12300.00	14780.00	17800.00	21400.00	24560.00	30660.00	34420.00	48360.00	
03193000	1214	19381214	20141214	77	14462.99	12267.77	1790.00	55900.00		2939.00	3564.00	4811.00	5552.00	6075.00	6574.00	7698.00	8556.00	9128.00	10900.00	11370.00	12080.00	12970.00	15720.00	20900.00	23440.00	26260.00	28480.00	46360.00	
03193000	1215	19381215	20141215	77	13295.97	9762.22	1840.00	43100.00		3229.00	3778.00	4851.00	5462.00	5790.00	6478.00	7085.00	8234.00	9129.00	10100.00	10560.00	12800.00	15380.00	16160.00	17950.00	21280.00	24650.00	27200.00	36040.00	
03193000	1216	19381216	20141216	77	13054.81	12202.68	2000.00	93900.00		2663.00	3530.00	5048.00	5938.00	6605.00	6868.00	7398.00	8072.00	8542.00	9770.00	11790.00	12600.00	13440.00	14500.00	15600.00	17600.00	20930.00	25040.00	30610.00	
03193000	1217	19381217	20141217	77	12785.45	10586.09	1890.00	73200.00		2538.00	3618.00	4228.00	5458.00	6810.00	7374.00	8041.00	8876.00	9407.00	10300.00	11190.00	12460.00	13510.00	14720.00	15850.00	17420.00	20940.00	23760.00	27520.00	
03193000	1218	19381218	20141218	77	12308.83	10784.17	2040.00	65000.00		2340.00	3180.00	3861.00	4648.00	5935.00	6354.00	6609.00	7824.00	9129.00	9800.00	10190.00	11720.00	13350.00	14100.00	14850.00	15760.00	18980.00	22840.00	42090.00	
03193000	1219	19381219	20141219	77	11581.30	10616.93	1960.00	73200.00		2360.00	3062.00	3392.00	4320.00	5770.00	6052.00	6745.00	7886.00	8272.00	8660.00	9172.00	10412.00	11200.00	12260.00	13800.00	17840.00	18420.00	23180.00	30300.00	
03193000	1220	19381220	20141220	77	10998.57	9678.17	1930.00	59700.00		2675.00	2980.00	3512.00	3846.00	5335.00	6034.00	6603.00	7140.00	7939.00	8390.00	8959.00	9378.00	10200.00	11000.00	12400.00	14540.00	17960.00	24140.00	29520.00	
03193000	1221	19381221	20141221	77	11065.84	9054.22	1890.00	43600.00		2588.00	3178.00	3517.00	4042.00	4905.00	5658.00	6769.00	7106.00	7653.00	8120.00	8635.00	9922.00	11050.00	13000.00	14150.00	15400.00	18990.00	21800.00	32930.00	
03193000	1222	19381222	20141222	77	12077.92	10797.91	1940.00	58600.00		2729.00	3016.00	3832.00	4780.00	5485.00	6124.00	6495.00	6764.00	6992.00	7430.00	8956.00	9940.00	12100.00	12680.00	15250.00	17660.00	23230.00	26860.00	40870.00	
03193000	1223	19381223	20141223	77	12945.71	12245.84	1920.00	69300.00		2381.00	3020.00	3975.00	4776.00	5600.00	5932.00	6079.00	6220.00	7481.00	8240.00	9473.00	11480.00	13440.00	14800.00	16550.00	19280.00	24130.00	25420.00	43020.00	
03193000	1224	19381224	20141224	77	13304.16	12040.41	1860.00	65500.00		2632.00	3232.00	4446.00	4678.00	5085.00	5280.00	5711.00	6802.00	7645.00	9900.00	10680.00	12100.00	14230.00	15480.00	17950.00	20300.00	21500.00	28640.00	40280.00	
03193000	1225	19381225	20141225	77	13856.23	11324.71	2190.00	52600.00		2741.00	3414.00	4073.00	4484.00	5230.00	6100.00	6678.00	8038.00	10110.00	10900.00	12500.00	13440.00	14870.00	16000.00	17950.00	20480.00	24430.00	30860.00	37760.00	
03193000	1226	19381226	20141226	77	14667.27	12409.23	2050.00	63300.00		2598.00	3252.00	3723.00	4342.00	5160.00	5576.00	6751.00	8234.00	9484.00	11600.00	12500.00	13980.00	16230.00	18300.00	21250.00	24160.00	26710.00	30960.00	37010.00	
03193000	1227	19381227	20141227	77	14497.53	13581.90	1910.00	82100.00		2608.00	3072.00	3628.00	4208.00	4695.00	5640.00	6776.00	7968.00	9323.00	10600.00	12370.00	14140.00	15940.00	17180.00	18550.00	20840.00	26160.00	30520.00	42470.00	
03193000	1228	19381228	20141228	77	13750.52	11445.99	1610.00	58200.00		2502.00	3004.00	3410.00	4502.00	5670.00	6108.00	6623.00	8178.00	9696.00	10800.00	11660.00	13340.00	14470.00	15320.00	18550.00	20600.00	26010.00	29180.00	41220.00	
03193000	1229	19381229	20141229	77	13506.88	9908.28	2170.00	56800.00		2762.00	3272.00	4061.00	4978.00	6455.00	7102.00	7619.00	9212.00	10510.00	11700.00	12450.00	13500.00	14710.00	15760.00	17650.00	19620.00	21500.00	29840.00	33200.00	
03193000	1230	19381230	20141230	77	16629.48	15743.78	2140.00	84900.00		2762.00	3476.00	4010.00	5762.00	6615.00	8222.00	9052.00	9756.00	10930.00	12500.00	13580.00	14380.00	15780.00	17060.00	20550.00	23240.00	29290.00	36280.00	61130.00	
03193000	1231	19381231	20141231	77	17350.13	19491.78	2350.00	107000.00		2678.00	3644.00	4576.00	5520.00	6335.00	7292.00	8632.00	9744.00	10040.00	11300.00	12160.00	14320.00	15570.00	16960.00	18600.00	21400.00	25990.00	35640.00	66430.00	
