site_no	monthday	begin_dt	end_dt	count_nu	mean	std	min	max	p01	p05	p10	p15	p20	p25	p30	p35	p40	p45	p50	p55	p60	p65	p70	p75	p80	p85	p90	p95	p99
03212500	ALL	19681001	20140930	16801	2569.78	3578.78	98.00	42000.00	233.00	313.00	379.00	444.00	517.00	608.00	700.00	804.00	936.80	1100.00	1300.00	1520.00	1790.00	2100.00	2470.00	2940.00	3540.00	4457.00	6000.00	9609.00	18100.00
03212500	0101	19690101	20140101	46	3323.26	4350.42	280.00	25400.00		369.55	555.40	741.35	825.20	1001.00	1141.00	1354.00	1582.00	1769.50	2010.00	2082.50	2122.00	2515.50	2957.00	3295.00	4482.00	7938.50	9072.00	10787.50	
03212500	0102	19690102	20140102	46	3298.30	3707.48	270.00	14200.00		374.90	524.70	723.65	813.60	978.25	1133.00	1321.50	1482.00	1633.50	1785.00	1867.00	2414.00	2526.50	2889.00	3862.50	4466.00	7611.50	10680.00	12530.00	
03212500	0103	19690103	20140103	46	3608.02	4149.73	260.00	19100.00		367.80	497.20	682.10	881.60	959.00	1216.00	1476.50	1656.00	1713.00	1860.00	2481.50	2606.00	2815.00	2888.00	4332.50	5346.00	8419.00	10810.00	13675.00	
03212500	0104	19690104	20140104	46	3819.39	4042.01	255.00	17300.00		367.00	501.60	637.15	906.00	1167.50	1436.00	1536.00	1642.00	2078.00	2535.00	2645.00	2826.00	3519.50	3872.00	5235.00	6334.00	7389.00	10135.00	14815.00	
03212500	0105	19690105	20140105	46	4048.46	4222.80	250.00	17000.00		389.50	490.20	571.45	808.40	1223.50	1355.00	1540.00	1674.00	2073.00	2510.00	2787.00	3282.00	3644.00	4547.00	5290.00	6912.00	9409.00	10590.00	14655.00	
03212500	0106	19690106	20140106	46	3829.22	4180.18	245.00	19300.00		368.25	533.00	667.65	868.20	1164.25	1238.00	1354.50	1638.00	2029.50	2445.00	2802.00	3086.00	3582.50	3707.00	4825.00	6386.00	8622.50	9926.00	14425.00	
03212500	0107	19690107	20140107	46	3808.43	4002.91	330.00	18300.00		350.05	505.00	691.95	987.00	1167.50	1279.00	1609.00	1654.00	1895.50	2245.00	2841.00	3084.00	3836.00	4212.00	4950.00	6200.00	7226.50	9981.00	13715.00	
03212500	0108	19690108	20140108	46	4091.37	4851.90	280.00	21600.00		358.40	490.40	632.50	863.00	1185.00	1519.00	1618.00	1790.00	1849.00	2060.00	2595.50	3010.00	3248.50	3474.00	5207.50	6144.00	8100.00	11780.00	17285.00	
03212500	0109	19690109	20140109	46	3885.74	4465.37	260.00	21800.00		351.50	489.80	662.55	814.80	1140.00	1448.00	1613.50	1828.00	1980.50	2415.00	2702.50	2964.00	3245.50	3904.00	5070.00	5498.00	7976.50	11410.00	14545.00	
03212500	0110	19690110	20140110	46	3649.09	3868.50	240.00	16400.00		350.60	508.60	587.50	713.80	1050.00	1393.00	1559.00	1830.00	1995.00	2350.00	2539.50	2674.00	3044.00	3659.00	4942.50	6656.00	6965.00	9926.00	13930.00	
03212500	0111	19690111	20140111	46	3621.50	5097.43	225.00	32900.00		363.50	575.40	720.95	1041.60	1155.00	1256.00	1398.50	1822.00	1976.00	2085.00	2554.50	2638.00	2740.50	3919.00	4795.00	5464.00	5974.50	7797.00	10145.00	
03212500	0112	19690112	20140112	46	3710.39	5301.89	210.00	34600.00		383.60	631.40	877.70	1106.00	1170.00	1501.00	1643.50	1858.00	2060.50	2245.00	2444.50	2738.00	3326.50	3806.00	4225.00	4780.00	5188.50	8938.00	9925.00	
03212500	0113	19690113	20140113	46	3302.37	4258.83	285.00	27500.00		398.50	560.20	683.50	1050.00	1102.50	1306.00	1537.50	1686.00	1815.00	2000.00	2531.00	3150.00	3260.00	3337.00	3622.50	4258.00	6082.50	6933.00	8859.00	
03212500	0114	19690114	20140114	46	2898.07	2517.96	323.00	10100.00		410.85	550.00	591.90	974.60	1062.50	1282.00	1462.50	1696.00	1874.50	1950.00	2450.50	2560.00	2805.50	3456.00	4300.00	4762.00	5223.50	6357.00	9671.50	
03212500	0115	19690115	20140115	46	3014.07	2562.53	321.00	10000.00		408.55	547.30	667.35	910.80	1000.00	1232.00	1456.00	1692.00	2175.50	2410.00	2525.00	2776.00	3161.00	3765.00	4012.50	4472.00	5415.00	8238.00	9032.00	
03212500	0116	19690116	20140116	46	3496.76	4176.63	320.00	22100.00		392.65	538.00	725.20	800.80	1002.00	1220.00	1402.50	1462.00	1944.00	2605.00	2665.50	2716.00	3299.00	3789.00	4547.50	4904.00	5690.50	7003.00	15110.00	
03212500	0117	19690117	20140117	46	3430.74	4757.52	311.00	28500.00		370.50	523.50	700.30	814.00	991.50	1028.00	1286.00	1420.00	1504.00	2310.00	2426.50	2832.00	3267.50	3381.00	3952.50	4436.00	5502.50	7631.00	13528.00	
03212500	0118	19690118	20140118	46	3439.15	4572.18	275.00	24300.00		369.50	601.30	648.30	826.20	944.75	1044.00	1256.00	1358.00	1911.00	2410.00	2745.00	2822.00	3017.50	3460.00	3640.00	3926.00	4482.50	8232.00	14970.00	
03212500	0119	19690119	20140119	46	3629.22	4101.75	263.00	17100.00		384.60	719.70	732.05	849.60	936.50	1144.00	1272.50	1366.00	1921.50	2265.00	2370.00	2718.00	2995.00	3654.00	4125.00	6724.00	7067.50	8841.00	16030.00	
03212500	0120	19690120	20140120	46	4122.33	4233.37	298.00	18000.00		652.45	797.80	848.10	1118.00	1200.00	1316.00	1535.00	1832.00	2119.00	2230.00	2783.50	3070.00	3452.50	4508.00	6612.50	7134.00	8938.00	10780.00	14700.00	
03212500	0121	19690121	20140121	46	4462.33	4456.50	345.00	19000.00		720.50	763.40	1161.50	1440.00	1477.50	1511.00	1663.00	1790.00	2101.50	2215.00	2687.00	3124.00	4424.50	5370.00	7060.00	7752.00	9637.50	11380.00	15305.00	
03212500	0122	19690122	20140122	46	4497.17	5219.19	440.00	25300.00		688.75	917.50	1370.50	1416.00	1555.00	1633.00	1678.00	2100.00	2173.50	2445.00	2621.00	3236.00	3438.50	4563.00	5272.50	6406.00	9086.50	11850.00	18955.00	
03212500	0123	19690123	20140123	46	3949.39	4168.13	508.00	19800.00		648.70	937.60	1233.50	1340.00	1365.00	1601.00	1688.50	2174.00	2412.00	2660.00	2978.50	3242.00	3501.00	4401.00	5030.00	5698.00	5978.00	8817.00	16725.00	
03212500	0124	19690124	20140124	46	4023.80	3817.42	600.00	16300.00		676.75	823.10	996.70	1268.00	1515.00	1664.00	1884.50	1950.00	2206.50	2470.00	2905.50	3186.00	3785.50	4763.00	5270.00	6468.00	8087.50	10293.00	13920.00	
03212500	0125	19690125	20140125	46	4308.89	4175.46	614.00	16500.00		689.40	747.00	1031.00	1272.00	1580.00	1643.00	1784.50	1828.00	2279.50	2680.00	2889.50	3270.00	3739.00	4414.00	5722.50	8034.00	9357.50	11380.00	14515.00	
03212500	0126	19690126	20140126	46	4564.98	4962.00	586.00	23600.00		624.45	700.00	891.15	1176.00	1592.50	1711.00	1977.00	2254.00	2520.00	2720.00	2984.00	3248.00	3538.50	3986.00	4715.00	8040.00	11373.50	12860.00	15430.00	
03212500	0127	19690127	20140127	46	4283.91	4944.93	544.00	27800.00		585.00	786.00	935.00	1190.00	1350.00	1476.00	1798.00	2272.00	2431.00	2555.00	2754.00	3062.00	3262.00	3998.00	5075.00	6696.00	9718.50	10620.00	13265.00	
03212500	0128	19690128	20140128	46	3711.59	3213.42	477.00	12400.00		559.95	819.00	943.05	1058.00	1495.00	1661.00	1739.50	2122.00	2265.00	2405.00	2800.00	2968.00	3465.50	4396.00	5690.00	6136.00	7372.00	9050.00	11650.00	
03212500	0129	19690129	20140129	46	3711.93	3586.07	456.00	17200.00		587.60	770.80	865.75	1190.00	1392.50	1712.00	1839.00	2034.00	2211.50	2535.00	2665.50	2816.00	3052.00	4509.00	5055.00	5936.00	6534.50	8205.00	13000.00	
03212500	0130	19690130	20140130	46	3706.20	3315.32	506.00	17400.00		602.40	833.90	1070.00	1296.00	1610.00	1702.00	1794.50	1972.00	2095.50	2415.00	2925.50	3596.00	4124.00	4835.00	5122.50	5558.00	6114.00	7933.00	10950.00	
03212500	0131	19690131	20140131	46	4090.74	4162.00	407.00	23600.00		710.50	950.90	1270.00	1304.00	1427.50	1742.00	1924.50	2050.00	2398.00	2540.00	3199.50	3478.00	3966.00	4854.00	5300.00	6142.00	7378.00	8412.00	12960.00	
03212500	0201	19690201	20140201	46	3899.11	4230.71	458.00	25300.00		640.30	914.90	1187.00	1372.00	1535.00	1665.00	1714.50	1856.00	2225.50	2455.00	3001.00	3252.00	3749.00	4146.00	4845.00	5760.00	6731.50	8624.00	11931.50	
03212500	0202	19690202	20140202	46	3699.07	3516.76	560.00	17900.00		834.80	1000.30	1156.50	1532.00	1662.50	1841.00	1972.50	2182.00	2423.50	2705.00	2856.00	3174.00	3449.50	3744.00	4367.50	4732.00	6540.00	7590.00	13725.00	
03212500	0203	19690203	20140203	46	3925.76	3102.67	520.00	13300.00		758.25	1125.00	1422.00	1594.00	1965.00	2065.00	2216.00	2496.00	2835.00	2950.00	3108.50	3466.00	3821.00	4491.00	5210.00	5892.00	7008.00	7562.00	13060.00	
03212500	0204	19690204	20140204	46	4514.41	3749.20	580.00	18500.00		744.40	1060.30	1282.50	1688.00	1910.00	2301.00	2652.50	2776.00	2941.50	3625.00	3984.00	4118.00	4713.50	5509.00	5852.50	6448.00	7709.50	8552.00	14370.00	
03212500	0205	19690205	20140205	46	5072.04	4817.05	650.00	20500.00		735.75	988.90	1126.00	1334.00	1792.50	2322.00	2616.50	2848.00	3116.50	3430.00	3773.50	4448.00	5043.00	5530.00	6245.00	6750.00	9659.00	13980.00	17760.00	
03212500	0206	19690206	20140206	46	5009.85	5106.09	700.00	19700.00		735.75	952.40	1121.50	1190.00	1817.50	2271.00	2355.00	2520.00	2742.00	3330.00	3617.00	3780.00	4263.50	4965.00	5592.50	6832.00	11070.00	14270.00	18850.00	
03212500	0207	19690207	20140207	46	4576.37	4724.78	677.00	22000.00		765.00	946.20	1051.50	1208.00	1407.50	1838.00	2029.50	2162.00	2955.00	3155.00	3638.00	3740.00	4098.50	4725.00	5505.00	6920.00	8012.00	10944.00	17200.00	
03212500	0208	19690208	20140208	46	3993.50	3468.28	589.00	17100.00		712.25	884.50	1032.50	1208.00	1352.50	1765.00	2036.50	2524.00	2693.50	3040.00	3365.50	3676.00	3793.00	4715.00	5432.50	6560.00	6729.50	8815.00	12366.50	
03212500	0209	19690209	20140209	46	4008.39	3162.70	570.00	12500.00		602.80	948.90	1043.00	1248.00	1387.50	1851.00	2140.50	2416.00	2715.00	3130.00	3432.00	3718.00	4389.50	4976.00	5755.00	6994.00	7480.50	8736.00	11715.00	
03212500	0210	19690210	20140210	46	4194.41	3989.72	498.00	18100.00		602.45	871.60	1031.00	1184.00	1482.50	1691.00	2091.50	2186.00	2322.00	2710.00	2976.50	3244.00	3924.00	4954.00	5515.00	7366.00	7986.50	9649.00	14430.00	
03212500	0211	19690211	20140211	46	4116.59	4499.35	600.00	21200.00		675.35	804.70	932.50	1248.00	1435.00	1538.00	1824.00	2064.00	2238.50	2535.00	2650.00	3094.00	3659.50	4248.00	5265.00	6024.00	6367.00	9786.00	17290.00	
03212500	0212	19690212	20140212	46	3985.07	4524.73	603.00	25600.00		809.20	905.60	1092.00	1186.00	1407.50	1587.00	1873.50	2104.00	2195.50	2390.00	2546.50	2856.00	3653.00	4284.00	4647.50	5302.00	6733.00	9384.00	14230.00	
03212500	0213	19690213	20140213	46	3857.07	4196.88	593.00	23200.00		865.60	1010.00	1148.00	1312.00	1612.50	1734.00	1789.00	1964.00	2180.00	2405.00	2538.50	2886.00	3506.50	3863.00	4200.00	4690.00	6819.50	8425.00	13945.00	
03212500	0214	19690214	20140214	46	3674.00	3296.45	729.00	15400.00		871.75	1052.00	1170.50	1528.00	1715.00	1789.00	1939.50	2252.00	2462.00	2745.00	2872.50	3076.00	3186.50	3505.00	4067.50	5016.00	6059.50	8674.00	12760.00	
03212500	0215	19690215	20140215	46	4310.87	3422.84	754.00	14900.00		936.70	1209.00	1330.50	1562.00	1882.50	2355.00	2594.00	2732.00	2871.50	2935.00	3522.50	3854.00	4381.50	4785.00	5597.50	6618.00	8231.50	9675.00	12805.00	
03212500	0216	19690216	20140216	46	5395.33	6140.59	754.00	33200.00		911.45	1187.00	1308.00	1628.00	2072.50	2276.00	2599.00	3138.00	3309.50	3895.00	4197.50	4626.00	4978.50	5433.00	5950.00	6652.00	7630.50	10366.00	22420.00	
03212500	0217	19690217	20140217	46	5962.74	7112.29	818.00	41100.00		930.50	1049.00	1273.50	1934.00	2365.00	2637.00	3018.50	3212.00	3390.50	3835.00	4165.50	4328.00	5090.50	5869.00	6232.50	7902.00	8327.50	15840.00	20975.00	
03212500	0218	19690218	20140218	46	6060.30	6066.54	913.00	32700.00		936.10	994.10	1294.00	2026.00	2255.00	2441.00	3026.50	3168.00	3628.00	4240.00	4719.50	4908.00	5716.50	5939.00	7422.50	9534.00	11895.00	14700.00	18065.00	
03212500	0219	19690219	20140219	46	5556.48	4914.52	886.00	24500.00		903.30	1021.00	1399.00	1816.00	2190.00	2693.00	2913.50	3148.00	3384.50	3920.00	4158.50	5016.00	6315.00	6970.00	7280.00	8234.00	10220.50	12210.00	17170.00	
03212500	0220	19690220	20140220	46	4987.83	4551.45	868.00	20400.00		895.70	973.20	1304.00	1786.00	1997.50	2149.00	2801.50	2924.00	3066.00	3335.00	3765.00	4668.00	5337.50	6054.00	6537.50	6932.00	8004.50	10426.00	18485.00	
03212500	0221	19690221	20140221	46	4588.17	4073.97	826.00	17300.00		848.45	968.70	1235.00	1634.00	1905.00	1976.00	2519.00	2824.00	3007.50	3460.00	3915.50	4158.00	4510.00	5184.00	5627.50	6014.00	8251.00	10364.00	15660.00	
03212500	0222	19690222	20140222	46	4523.87	3924.90	716.00	15700.00		850.30	1020.00	1214.50	1448.00	1752.50	1905.00	2321.50	2464.00	2565.00	3125.00	3632.00	4232.00	4825.50	5194.00	5967.50	6086.00	7996.50	11890.00	14495.00	
03212500	0223	19690223	20140223	46	4924.15	5163.22	700.00	25500.00		822.15	1185.00	1339.00	1620.00	1765.00	2130.00	2267.50	2508.00	2639.50	2910.00	3214.00	3680.00	4047.00	4702.00	6050.00	7604.00	9184.00	11840.00	17645.00	
03212500	0224	19690224	20140224	46	5113.63	5202.84	797.00	23700.00		799.40	1436.00	1740.00	1852.00	1965.00	2150.00	2303.50	2478.00	2544.50	2715.00	3034.50	3382.00	4477.50	4926.00	6202.50	9064.00	10795.00	12670.00	18830.00	
03212500	0225	19690225	20140225	46	5213.85	5674.31	743.00	26900.00		881.80	1252.00	1646.00	1924.00	2005.00	2084.00	2260.50	2462.00	2616.50	2780.00	3253.50	4226.00	4791.50	5179.00	6392.50	6850.00	8290.00	13130.00	20950.00	
03212500	0226	19690226	20140226	46	4969.35	6069.35	699.00	35900.00		1064.15	1568.00	1643.50	1790.00	1955.00	2171.00	2220.50	2464.00	2643.50	2860.00	3364.00	4034.00	4310.00	4855.00	5132.50	5518.00	6676.00	12800.00	17995.00	
03212500	0227	19690227	20140227	46	4351.76	4995.26	730.00	31800.00		1008.15	1531.00	1661.00	1830.00	1987.50	2064.00	2222.50	2418.00	2707.50	2880.00	2985.50	3610.00	3676.50	4258.00	4600.00	5088.00	6174.50	8837.00	13130.00	
03212500	0228	19690228	20140228	46	3855.52	3611.07	661.00	21100.00		1003.45	1597.00	1740.00	1766.00	2110.00	2187.00	2260.00	2400.00	2533.00	2645.00	3005.00	3076.00	3442.00	3855.00	4462.50	4636.00	5348.00	7811.00	12951.50	
03212500	0229	19720229	20120229	11	4557.73	5047.66	785.00	18000.00			902.00	1253.00	1418.00	1490.00	1598.00	1760.00	2030.00	2388.00	2790.00	3294.00	3806.00	4334.00	4514.00	4520.00	7358.00	11000.00	16250.00		
03212500	0301	19690301	20140301	46	4339.89	4206.44	669.00	18500.00		982.90	1379.00	1553.50	1800.00	1967.50	2074.00	2304.50	2346.00	2436.00	2815.00	3110.50	3572.00	3910.50	4169.00	4350.00	5648.00	8038.50	9856.00	16985.00	
03212500	0302	19690302	20140302	46	4629.15	4304.53	719.00	17300.00		927.30	1237.00	1621.00	1860.00	1937.50	2041.00	2172.50	2320.00	2680.00	2925.00	3270.50	3524.00	3682.50	4451.00	6750.00	7274.00	8531.50	11420.00	16715.00	
03212500	0303	19690303	20140303	46	5060.76	4827.34	743.00	19100.00		869.80	1206.00	1490.50	1690.00	1952.50	2054.00	2130.00	2450.00	2605.00	3050.00	3260.50	3562.00	4036.00	4248.00	7010.00	9576.00	11460.00	13440.00	16420.00	
03212500	0304	19690304	20140304	46	5012.11	4982.34	802.00	22400.00		861.55	1267.00	1411.50	1744.00	1930.00	1972.00	2097.00	2242.00	2518.50	3125.00	3168.50	3394.00	4397.50	5447.00	6287.50	7810.00	10970.00	12380.00	17675.00	
03212500	0305	19690305	20140305	46	4560.87	3922.50	818.00	19200.00		980.80	1228.00	1561.50	1834.00	1892.50	2070.00	2183.50	2712.00	2951.50	3295.00	3715.00	3972.00	4609.50	4933.00	5152.50	5998.00	9137.00	11230.00	13240.00	
03212500	0306	19690306	20140306	46	4919.61	3567.69	762.00	16100.00		1040.00	1246.00	1500.50	1938.00	2002.50	2345.00	2817.50	3218.00	3481.50	3740.00	3975.50	4170.00	5093.50	6592.00	7955.00	8700.00	9273.00	10450.00	10965.00	
03212500	0307	19690307	20140307	46	5485.09	4186.82	758.00	18100.00		867.80	1227.00	1469.50	1892.00	2092.50	2754.00	3080.00	3316.00	3369.50	3810.00	4320.50	6048.00	6674.50	6948.00	7715.00	9492.00	10000.00	11150.00	15155.00	
03212500	0308	19690308	20140308	46	5667.57	4430.96	718.00	21100.00		860.80	1182.00	1573.50	1882.00	2267.50	2641.00	2801.50	2936.00	3190.00	4630.00	5825.00	6408.00	6715.50	6939.00	7805.00	8982.00	10385.00	11630.00	15110.00	
03212500	0309	19690309	20140309	46	5507.09	4098.74	715.00	17900.00		851.85	1171.00	1591.50	2156.00	2282.50	2609.00	2746.00	2818.00	3576.00	4320.00	5232.00	6318.00	7282.00	7695.00	8107.50	8756.00	9179.00	10640.00	15245.00	
03212500	0310	19690310	20140310	46	5257.93	4205.66	714.00	22700.00		843.95	1409.40	1810.50	1974.00	2477.50	2561.00	2722.50	3446.00	3849.00	4045.00	4906.00	5256.00	5605.50	6141.00	7230.00	7704.00	8185.50	10990.00	14145.00	
03212500	0311	19690311	20140311	46	5040.54	4382.49	693.00	21200.00		903.55	1386.90	1623.50	1822.00	2175.00	2316.00	2408.00	3248.00	3524.00	4110.00	4585.00	4868.00	5405.00	5770.00	6202.50	6910.00	7846.00	9277.00	17965.00	
03212500	0312	19690312	20140312	46	4830.07	4165.66	671.00	18200.00		918.00	1540.00	1884.50	1984.00	2015.00	2082.00	2159.00	2838.00	3293.00	3715.00	4027.50	4258.00	4596.50	5405.00	5777.50	6232.00	9177.50	10740.00	17130.00	
03212500	0313	19690313	20140313	46	4784.54	4782.29	608.00	26100.00		948.65	1585.00	1796.50	2004.00	2082.50	2331.00	2951.50	3214.00	3269.50	3380.00	3615.50	3680.00	4261.00	4982.00	5115.00	5340.00	5889.00	10816.00	17390.00	
03212500	0314	19690314	20140314	46	4744.09	5121.80	568.00	31700.00		1052.00	1645.00	1814.00	2162.00	2282.50	2537.00	2685.00	3018.00	3141.50	3365.00	3545.50	4380.00	4435.50	4712.00	4975.00	5446.00	5815.50	8904.00	16315.00	
03212500	0315	19690315	20140315	46	4862.65	4979.88	602.00	31000.00		1123.50	1610.00	1792.50	2212.00	2417.50	2604.00	2718.50	2928.00	3176.00	3470.00	3532.50	3918.00	4097.00	4644.00	5437.50	6240.00	7481.00	10680.00	14075.00	
03212500	0316	19690316	20140316	46	5024.57	4631.29	1130.00	21500.00		1271.00	1604.00	1931.50	2206.00	2305.00	2503.00	2636.50	2758.00	2889.50	3120.00	3508.50	3552.00	3677.00	4396.00	5687.50	7858.00	9393.50	12300.00	16565.00	
03212500	0317	19690317	20140317	46	5117.39	4570.20	1150.00	24900.00		1476.50	1912.00	1986.00	2250.00	2482.50	2582.00	2800.50	2986.00	3093.50	3275.00	3472.00	3810.00	4380.00	5513.00	6170.00	7962.00	9051.50	10561.00	15525.00	
03212500	0318	19690318	20140318	46	5413.70	5159.50	1020.00	29500.00		1394.50	1899.00	2044.00	2186.00	2360.00	2609.00	2789.00	2998.00	3202.50	3645.00	3939.00	4010.00	4482.00	5736.00	6445.00	8228.00	9527.50	11520.00	16125.00	
03212500	0319	19690319	20140319	46	5448.00	4877.70	918.00	25400.00		1347.00	1776.00	1981.50	2196.00	2550.00	2680.00	2926.00	3326.00	3483.00	3920.00	4281.00	4928.00	5365.00	6279.00	6657.50	7406.00	7752.50	10900.00	18935.00	
03212500	0320	19690320	20140320	46	5402.30	4636.15	866.00	23300.00		1367.50	1633.00	1840.50	2062.00	2302.50	2474.00	2935.00	3150.00	3403.50	4065.00	4246.50	4350.00	5069.50	5886.00	6305.00	7862.00	11160.00	12100.00	16025.00	
03212500	0321	19690321	20140321	46	5747.17	4808.25	840.00	20400.00		1426.00	1705.00	1902.00	2204.00	2330.00	2731.00	3100.00	3372.00	3557.00	3950.00	4255.50	4564.00	5361.00	6366.00	7975.00	8680.00	11217.00	13490.00	18685.00	
03212500	0322	19690322	20140322	46	5962.37	5308.60	779.00	25100.00		1453.50	1625.00	1886.00	2170.00	2430.00	2751.00	2880.50	2978.00	3256.50	3580.00	3893.00	4486.00	5511.50	6218.00	9157.50	10440.00	12905.00	14430.00	16840.00	
03212500	0323	19690323	20140323	46	5319.41	4465.87	743.00	21600.00		1321.50	1678.00	1892.00	2032.00	2432.50	2645.00	2886.00	2988.00	3113.50	3605.00	3880.00	4356.00	4530.50	5232.00	7015.00	8954.00	11735.00	12220.00	14465.00	
03212500	0324	19690324	20140324	46	4958.61	4442.18	706.00	20400.00		1229.00	1663.00	1907.50	2298.00	2502.50	2688.00	2826.00	3020.00	3185.50	3580.00	3749.50	4304.00	4438.00	4607.00	5012.50	6204.00	8149.00	11960.00	18315.00	
03212500	0325	19690325	20140325	46	4751.83	4325.63	684.00	22200.00		1248.00	1670.00	1845.00	2060.00	2220.00	2414.00	2673.50	2896.00	3157.00	3515.00	3795.00	3866.00	4378.00	4866.00	5212.50	5692.00	7661.00	10668.00	16625.00	
03212500	0326	19690326	20140326	46	4296.13	3397.16	762.00	17600.00		1297.50	1627.00	1801.00	1970.00	2082.50	2332.00	2497.00	2792.00	2992.00	3270.00	3490.00	3980.00	4287.50	4546.00	4762.50	5718.00	7705.00	8482.00	13275.00	
03212500	0327	19690327	20140327	46	3820.46	2787.86	871.00	13400.00		1334.50	1495.00	1703.00	1768.00	1870.00	1986.00	2242.50	2510.00	2868.50	3125.00	3304.00	3528.00	3665.50	3707.00	4607.50	5370.00	5909.00	8098.00	11195.00	
03212500	0328	19690328	20140328	46	3793.46	3875.55	989.00	25700.00		1344.00	1552.00	1632.00	1680.00	1772.50	1923.00	2032.50	2324.00	2624.50	3060.00	3174.00	3322.00	3529.50	3727.00	4042.50	4868.00	5435.00	6263.00	10195.00	
03212500	0329	19690329	20140329	46	4212.17	5005.36	1090.00	28200.00		1291.00	1396.00	1581.00	1634.00	1765.00	1801.00	1874.50	2194.00	2539.00	2775.00	2858.50	3288.00	3626.50	4285.00	4515.00	5342.00	5995.00	7158.00	18315.00	
03212500	0330	19690330	20140330	46	4644.13	4929.77	1010.00	25400.00		1177.50	1341.00	1492.00	1552.00	1650.00	1783.00	1898.00	2126.00	2452.00	2585.00	2698.50	3212.00	3827.50	4757.00	6165.00	6464.00	9949.50	10900.00	16830.00	
03212500	0331	19690331	20140331	46	4570.80	4891.01	987.00	25600.00		1110.50	1237.00	1447.50	1614.00	1630.00	1773.00	1884.00	2218.00	2313.00	2650.00	3095.50	3402.00	3871.00	4479.00	5742.50	6690.00	8673.50	10547.00	16415.00	
03212500	0401	19690401	20140401	46	4301.52	4325.73	945.00	18500.00		977.75	1191.00	1261.00	1360.00	1535.00	1683.00	1989.00	2146.00	2339.50	2955.00	3534.00	3718.00	3919.50	4464.00	4777.50	5400.00	6514.00	10910.00	17540.00	
03212500	0402	19690402	20140402	46	3796.46	3549.90	879.00	15800.00		901.95	942.50	1081.00	1226.00	1445.00	1642.00	1944.50	1992.00	2224.50	2405.00	2577.00	3040.00	3448.00	4032.00	4417.50	6478.00	7529.50	8798.00	13630.00	
03212500	0403	19690403	20140403	46	3542.17	3521.47	756.00	14100.00		892.20	978.20	1051.50	1102.00	1337.50	1615.00	1743.00	1854.00	2051.00	2255.00	2411.00	2642.00	2864.00	3199.00	3810.00	4872.00	5752.50	11360.00	12790.00	
03212500	0404	19690404	20140404	46	4141.15	4111.98	726.00	18200.00		887.95	1015.80	1271.00	1366.00	1547.50	1723.00	1842.00	1966.00	2600.00	2745.00	3098.50	3206.00	3386.50	3732.00	4292.50	5752.00	10010.50	11140.00	14590.00	
03212500	0405	19690405	20140405	46	4856.61	5643.62	704.00	33100.00		860.60	975.80	1350.50	1374.00	1460.00	1658.00	1749.00	2244.00	2734.50	3325.00	3616.50	3702.00	3976.50	5046.00	5765.00	6356.00	10760.50	12190.00	14480.00	
03212500	0406	19690406	20140406	46	4657.83	6308.41	680.00	42000.00		819.10	976.80	1361.50	1428.00	1500.00	1653.00	1983.00	2418.00	2698.00	3025.00	3266.50	3862.00	4231.00	4833.00	5765.00	6834.00	7724.50	8566.00	12085.00	
03212500	0407	19690407	20140407	46	4080.52	4499.04	674.00	30200.00		775.90	1289.00	1395.00	1532.00	1687.50	2110.00	2385.50	2822.00	2894.50	3035.00	3308.50	3536.00	3827.50	4138.00	4755.00	5232.00	6444.50	7793.00	9301.00	
03212500	0408	19690408	20140408	46	4021.09	3351.20	686.00	18400.00		737.30	1217.00	1510.50	1640.00	1957.50	2151.00	2659.00	2728.00	3066.00	3290.00	3491.50	3710.00	3922.00	4415.00	4585.00	5318.00	6089.00	7573.00	12410.00	
03212500	0409	19690409	20140409	46	4224.57	4024.96	657.00	18200.00		795.45	1117.00	1501.00	1610.00	1825.00	1953.00	2169.00	2344.00	2794.50	3015.00	3254.00	3634.00	3876.00	4307.00	4660.00	5242.00	6252.00	11340.00	15480.00	
03212500	0410	19690410	20140410	46	4429.52	4950.04	630.00	20800.00		800.60	1027.20	1371.50	1514.00	1742.50	1829.00	1956.00	2378.00	2463.50	2695.00	3098.50	3402.00	3567.00	3865.00	4237.50	5034.00	7203.50	12700.00	19660.00	
03212500	0411	19690411	20140411	46	4231.80	4963.78	616.00	25300.00		816.95	1027.00	1233.50	1378.00	1580.00	1905.00	2004.50	2146.00	2376.00	2665.00	2818.50	3078.00	3256.50	3515.00	4605.00	5490.00	6482.00	10088.00	18260.00	
03212500	0412	19690412	20140412	46	4073.78	5035.18	602.00	27700.00		811.50	1158.00	1298.00	1496.00	1627.50	1747.00	1949.00	2022.00	2113.00	2190.00	2522.00	2620.00	3137.50	3341.00	4055.00	5226.00	5835.00	9728.00	16320.00	
03212500	0413	19690413	20140413	46	4243.28	5188.77	585.00	24800.00		824.40	1087.00	1313.00	1464.00	1680.00	1832.00	1910.00	2006.00	2083.00	2215.00	2478.00	2626.00	2846.50	3193.00	3932.50	4900.00	8137.50	12130.00	18550.00	
03212500	0414	19690414	20140414	46	4333.17	5418.80	570.00	24100.00		793.10	1035.00	1223.00	1362.00	1547.50	1695.00	1878.00	2002.00	2056.00	2120.00	2402.50	2636.00	2833.00	2945.00	4057.50	4622.00	9082.00	13950.00	19380.00	
03212500	0415	19690415	20140415	46	4378.41	5980.79	557.00	33200.00		730.60	980.80	1190.00	1268.00	1500.00	1761.00	1929.00	2046.00	2143.00	2355.00	2458.00	2992.00	3395.50	3536.00	4220.00	4758.00	7134.50	10617.00	18280.00	
03212500	0416	19690416	20140416	46	4497.74	6360.02	540.00	32200.00		680.45	945.70	1130.50	1156.00	1450.00	1657.00	1794.50	2066.00	2190.00	2395.00	2505.00	2944.00	2991.00	3228.00	3622.50	5114.00	6617.00	13050.00	22485.00	
03212500	0417	19690417	20140417	46	4345.91	5418.07	533.00	20300.00		663.80	909.70	1100.00	1154.00	1255.00	1690.00	1834.50	2042.00	2126.50	2485.00	2744.00	2880.00	3100.50	3359.00	4132.50	4580.00	6726.50	15700.00	19690.00	
03212500	0418	19690418	20140418	46	4526.30	5460.11	530.00	21900.00		671.30	873.40	1030.00	1126.00	1335.00	1671.00	1815.00	1966.00	2153.50	2410.00	2628.00	3028.00	3143.00	3734.00	3995.00	5604.00	10195.00	14600.00	19645.00	
03212500	0419	19690419	20140419	46	4398.61	5325.49	511.00	25400.00		704.10	832.90	1012.00	1086.00	1257.50	1503.00	1599.00	2188.00	2247.50	2330.00	2749.00	2874.00	3069.50	3148.00	4137.50	6692.00	10344.00	13100.00	17190.00	
03212500	0420	19690420	20140420	46	4145.80	5208.28	491.00	29600.00		680.30	825.70	910.30	1090.00	1297.50	1406.00	1519.00	1940.00	2217.50	2445.00	2651.00	2828.00	3053.00	3299.00	4077.50	6640.00	8176.00	11820.00	13700.00	
03212500	0421	19690421	20140421	46	3776.50	4438.16	515.00	24100.00		661.15	818.40	1010.50	1044.00	1172.50	1445.00	1557.00	1754.00	2025.50	2310.00	2398.50	2912.00	3017.50	3169.00	3792.50	5764.00	6998.50	11000.00	13240.00	
03212500	0422	19690422	20140422	46	3790.37	3972.57	568.00	17900.00		635.30	783.30	1010.50	1134.00	1307.50	1419.00	1644.50	1930.00	2171.50	2215.00	2673.00	3132.00	3297.50	4077.00	4547.50	5220.00	5885.00	10040.00	14705.00	
03212500	0423	19690423	20140423	46	3423.17	3104.06	547.00	17200.00		602.45	740.70	1022.50	1172.00	1290.00	1441.00	1857.00	1918.00	2016.50	2605.00	3002.00	3652.00	3750.50	3918.00	4175.00	5198.00	5705.00	6825.00	10024.50	
03212500	0424	19690424	20140424	46	3265.67	2728.77	502.00	16300.00		587.80	701.10	998.35	1210.00	1427.50	1523.00	1668.00	2294.00	2533.00	2915.00	3062.50	3350.00	3704.00	4022.00	4295.00	4936.00	5099.00	5854.00	8208.00	
03212500	0425	19690425	20140425	46	3425.74	2940.10	473.00	13600.00		576.30	724.30	1230.50	1278.00	1387.50	1543.00	1598.00	2350.00	2501.00	2745.00	2835.50	3362.00	3644.50	3838.00	4132.50	4442.00	5292.50	7918.00	11530.00	
03212500	0426	19690426	20140426	46	3685.02	3657.58	454.00	20400.00		552.95	1014.00	1380.50	1408.00	1430.00	1495.00	1923.00	2308.00	2449.50	2745.00	3067.50	3194.00	3409.50	3596.00	3837.50	4526.00	6450.00	8886.00	11690.00	
03212500	0427	19690427	20140427	46	3953.52	4021.38	452.00	19400.00		532.55	860.90	1292.00	1364.00	1380.00	1868.00	1962.50	2404.00	2531.50	2590.00	2648.50	2920.00	3116.00	4027.00	4465.00	5432.00	7812.00	9850.00	14825.00	
03212500	0428	19690428	20140428	46	4530.52	4653.06	450.00	21200.00		507.25	990.50	1204.00	1414.00	1775.00	1969.00	2243.50	2326.00	2624.50	2730.00	3174.00	3720.00	4015.50	5213.00	5905.00	6346.00	7089.50	10847.00	17895.00	
03212500	0429	19690429	20140429	46	4699.35	4965.62	455.00	26300.00		515.20	931.90	1382.50	1692.00	1755.00	1877.00	2158.00	2240.00	2548.00	3065.00	3423.50	4240.00	4571.00	4899.00	5197.50	6570.00	8995.50	10530.00	17170.00	
03212500	0430	19690430	20140430	46	4284.43	4529.70	444.00	22800.00		513.55	854.10	1168.50	1600.00	1630.00	2030.00	2044.50	2494.00	2583.00	2930.00	3108.00	3352.00	3933.00	4173.00	4510.00	6218.00	7163.50	8874.00	17460.00	
03212500	0501	19690501	20140501	46	3538.13	3319.37	428.00	15800.00		503.15	815.20	1062.00	1488.00	1665.00	1912.00	1999.50	2176.00	2444.00	2765.00	2832.50	2930.00	2978.50	3129.00	4540.00	4638.00	5043.00	7613.00	13365.00	
03212500	0502	19690502	20140502	46	3256.78	2887.04	403.00	12300.00		521.60	744.20	1004.55	1448.00	1652.50	1763.00	1848.00	2238.00	2261.50	2340.00	2431.00	2484.00	2709.00	3247.00	4002.50	4428.00	6021.50	7400.00	11690.00	
03212500	0503	19690503	20140503	46	3579.28	3779.60	379.00	18500.00		592.00	799.60	938.70	1306.00	1562.50	1832.00	1894.50	1990.00	2123.00	2280.00	2398.50	2544.00	2947.00	3280.00	3400.00	3682.00	8654.00	9957.00	12495.00	
03212500	0504	19690504	20140504	46	4039.83	4137.51	362.00	18000.00		585.30	826.90	1014.50	1262.00	1495.00	1742.00	1962.50	2102.00	2303.50	2465.00	2609.50	3054.00	3414.00	3751.00	4095.00	6834.00	8853.50	11190.00	14850.00	
03212500	0505	19690505	20140505	46	4057.85	3592.78	353.00	14600.00		556.10	837.30	951.70	1280.00	1410.00	1881.00	1974.50	2032.00	2290.00	2380.00	2925.00	3540.00	4434.00	5383.00	5922.50	6552.00	7671.50	11430.00	12120.00	
03212500	0506	19690506	20140506	46	4239.09	3720.01	345.00	14000.00		515.80	727.70	966.90	1202.00	1432.50	1681.00	1890.00	2172.00	2320.50	2575.00	3384.00	4344.00	4684.00	4849.00	5787.50	7036.00	9297.50	11060.00	12450.00	
03212500	0507	19690507	20140507	46	4573.89	5386.02	343.00	26300.00		490.00	683.40	936.55	1174.20	1497.50	1661.00	1684.50	1866.00	2258.00	2455.00	3121.00	3484.00	4084.50	4508.00	5842.50	7416.00	7925.00	10237.00	19775.00	
03212500	0508	19690508	20140508	46	4784.30	7178.79	407.00	38600.00		529.25	666.90	848.05	1145.20	1447.50	1485.00	1599.00	1722.00	2170.00	2225.00	2603.00	2882.00	3596.50	4343.00	4637.50	5234.00	8220.00	11780.00	24285.00	
03212500	0509	19690509	20140509	46	5153.50	7825.91	373.00	41000.00		499.95	628.70	892.20	1254.00	1325.00	1450.00	1523.50	1642.00	1750.50	2075.00	2770.50	3060.00	3227.50	3754.00	4715.00	5556.00	12901.50	14680.00	24625.00	
03212500	0510	19690510	20140510	46	4634.70	6336.92	371.00	28400.00		455.20	617.10	1061.00	1180.00	1292.50	1373.00	1469.50	1584.00	1933.00	2370.00	2636.50	2690.00	2849.50	3864.00	4502.50	5694.00	10904.50	13390.00	23665.00	
03212500	0511	19690511	20140511	46	3944.52	4599.23	359.00	16300.00		408.15	573.20	987.65	1118.00	1220.00	1330.00	1363.50	1698.00	1912.00	2120.00	2335.50	2422.00	2879.50	3710.00	3925.00	5928.00	8522.00	14230.00	16125.00	
03212500	0512	19690512	20140512	46	3536.26	4241.82	429.00	17700.00		439.85	544.00	894.70	1015.40	1250.00	1301.00	1360.50	1596.00	1691.00	1905.00	1989.50	2372.00	2840.50	3120.00	3407.50	4526.00	6751.50	12690.00	15005.00	
03212500	0513	19690513	20140513	46	3395.15	3867.09	444.00	16500.00		530.35	569.20	831.90	1001.80	1142.50	1326.00	1423.50	1508.00	1647.50	1730.00	1804.00	2448.00	2563.00	3167.00	3940.00	5288.00	5749.00	10150.00	14195.00	
03212500	0514	19690514	20140514	46	3590.76	4133.85	443.00	19800.00		454.75	539.80	728.75	1054.00	1220.00	1403.00	1444.50	1654.00	1741.50	1885.00	1981.00	2300.00	2909.50	3378.00	3882.50	5856.00	8332.50	9328.00	13950.00	
03212500	0515	19690515	20140515	46	3318.78	3797.03	409.00	18200.00		438.80	565.00	668.70	1060.00	1190.00	1350.00	1431.50	1558.00	1706.00	1755.00	1907.00	2256.00	3107.50	4090.00	4615.00	4906.00	5376.50	6749.00	14865.00	
03212500	0516	19690516	20140516	46	3416.98	4094.62	397.00	17100.00		445.10	563.50	712.55	923.40	1107.50	1265.00	1323.50	1358.00	1416.00	1525.00	1831.00	2568.00	3029.00	3352.00	4120.00	5030.00	5463.00	11010.00	15290.00	
03212500	0517	19690517	20140517	46	3329.20	3948.11	427.00	15800.00		520.15	683.00	723.65	875.60	908.25	1131.00	1163.50	1234.00	1356.00	1565.00	1997.00	2172.00	2349.50	2627.00	4575.00	4902.00	5602.50	10320.00	14240.00	
03212500	0518	19690518	20140518	46	3130.15	3580.34	444.00	14200.00		555.30	688.60	862.15	921.40	1032.50	1062.00	1100.00	1274.00	1461.50	1635.00	1838.50	1850.00	2041.50	3499.00	4235.00	4712.00	5072.00	10440.00	13185.00	
03212500	0519	19690519	20140519	46	3224.04	4163.75	435.00	21700.00		523.30	848.80	983.15	1024.00	1045.00	1201.00	1276.00	1338.00	1415.00	1555.00	1627.00	1944.00	2591.50	2986.00	3312.50	4178.00	5923.00	8199.00	14525.50	
03212500	0520	19690520	20140520	46	2917.41	3560.98	531.00	17600.00		694.20	852.60	955.65	990.40	1027.50	1113.00	1189.00	1410.00	1471.50	1560.00	1778.50	2146.00	2419.50	2611.00	2932.50	4076.00	5574.50	6328.00	13534.00	
03212500	0521	19690521	20140521	46	2727.61	2836.99	533.00	13500.00		604.85	766.70	916.15	1000.40	1080.00	1152.00	1290.50	1440.00	1497.50	1745.00	1908.50	2044.00	2370.00	2606.00	3130.00	3848.00	4820.50	5833.00	11272.50	
03212500	0522	19690522	20140522	46	2493.11	2470.95	560.00	13100.00		629.75	692.50	869.50	915.60	988.75	1054.00	1239.00	1348.00	1636.50	1760.00	1800.00	1984.00	2093.00	2479.00	2717.50	3228.00	4204.50	6399.00	8342.00	
03212500	0523	19690523	20140523	46	2524.98	2280.64	503.00	9880.00		587.95	707.50	750.20	844.20	941.50	1122.00	1202.50	1278.00	1423.50	1630.00	1869.50	2042.00	2406.50	2600.00	3462.50	3922.00	4730.50	6531.00	8212.50	
03212500	0524	19690524	20140524	46	2881.74	2940.66	489.00	13400.00		513.25	603.40	805.35	859.20	934.75	1085.00	1180.50	1288.00	1446.00	1570.00	1687.00	2128.00	2451.50	3055.00	3867.50	4726.00	6645.50	8090.00	9554.00	
03212500	0525	19690525	20140525	46	2807.59	3042.76	431.00	16000.00		504.45	584.10	716.70	815.20	925.75	975.50	1080.00	1320.00	1400.00	1435.00	1592.00	1880.00	2591.50	3269.00	3907.50	4444.00	5580.50	6933.00	9282.00	
03212500	0526	19690526	20140526	46	2536.63	2472.88	393.00	11800.00		485.95	602.30	753.25	788.80	894.75	940.60	1184.50	1284.00	1421.00	1630.00	1670.00	2158.00	2352.00	2698.00	3055.00	3854.00	5122.50	6517.00	8431.00	
03212500	0527	19690527	20140527	46	2236.11	1969.81	375.00	8890.00		475.30	578.40	730.50	800.20	970.50	1032.00	1084.50	1196.00	1491.50	1560.00	1580.00	2034.00	2172.00	2267.00	3017.50	3486.00	3754.50	5367.00	7079.00	
03212500	0528	19690528	20140528	46	2392.41	2344.38	365.00	11800.00		447.10	517.50	645.90	780.80	932.75	1137.00	1243.50	1270.00	1481.50	1550.00	1681.00	1828.00	2165.50	2579.00	2707.50	3142.00	5155.50	5985.00	7580.50	
03212500	0529	19690529	20140529	46	2490.63	2883.83	370.00	13900.00		403.15	439.70	646.25	710.80	792.50	1017.00	1100.00	1192.00	1272.00	1390.00	1511.00	1750.00	2158.50	2219.00	2550.00	3668.00	3985.00	6619.00	10013.50	
03212500	0530	19690530	20140530	46	2286.09	2476.92	358.00	11700.00		386.00	442.40	632.05	676.60	787.25	892.80	977.85	1098.00	1253.00	1350.00	1576.00	1726.00	2097.50	2559.00	2710.00	3012.00	3757.00	5878.00	8736.50	
03212500	0531	19690531	20140531	46	2373.04	4646.66	337.00	31900.00		351.55	470.30	591.00	655.20	800.75	863.40	904.80	929.40	1131.50	1195.00	1485.50	1800.00	1898.50	2046.00	2572.50	2806.00	3368.50	4084.00	5541.50	
03212500	0601	19690601	20140601	46	1954.37	2945.71	313.00	20100.00		324.05	470.00	557.90	653.40	734.50	768.10	831.85	899.20	1003.00	1155.00	1338.50	1756.00	1877.00	2138.00	2290.00	2430.00	3147.50	3638.00	4488.50	
03212500	0602	19690602	20140602	46	2033.54	3072.10	298.00	17500.00		325.95	513.30	612.65	643.40	716.50	763.30	795.65	889.80	1019.00	1185.00	1419.50	1568.00	1677.50	1849.00	2085.00	2368.00	2875.50	3518.00	10194.00	
03212500	0603	19690603	20140603	46	2118.57	3152.42	316.00	18300.00		365.95	494.40	603.20	677.60	695.00	808.10	838.75	977.80	1156.00	1220.00	1371.00	1512.00	1731.00	1839.00	1872.50	2288.00	2791.00	4339.00	10223.50	
03212500	0604	19690604	20140604	46	2087.46	2632.53	326.00	13000.00		395.70	498.90	558.40	630.80	692.50	911.20	1024.50	1090.00	1231.50	1300.00	1447.50	1558.00	1639.50	1817.00	1905.00	2072.00	3669.00	4505.00	10342.00	
03212500	0605	19690605	20140605	46	2106.93	2402.20	306.00	10300.00		365.30	461.60	550.10	633.20	695.75	863.30	1059.00	1114.00	1153.00	1210.00	1268.50	1490.00	1802.50	2051.00	2367.50	2782.00	3554.50	4798.00	9955.00	
03212500	0606	19690606	20140606	46	1902.91	1834.20	306.00	10300.00		353.30	434.80	576.05	626.80	709.50	832.50	894.85	955.80	1028.00	1220.00	1518.00	1842.00	2002.00	2193.00	2395.00	2694.00	3735.50	4097.00	5382.50	
03212500	0607	19690607	20140607	46	2137.70	2962.09	288.00	17800.00		322.15	446.50	509.30	569.20	687.50	752.60	864.60	995.20	1156.50	1320.00	1467.00	1566.00	1727.50	2140.00	2412.50	2662.00	3107.00	3953.00	8741.00	
03212500	0608	19690608	20140608	46	2067.39	3435.69	272.00	21700.00		297.60	417.10	454.85	542.60	597.75	721.80	812.30	950.60	969.30	1075.00	1288.50	1452.00	1649.00	1844.00	2015.00	2170.00	2535.00	4681.00	8541.00	
03212500	0609	19690609	20140609	46	1864.98	2534.96	254.00	14800.00		288.65	407.40	495.90	518.20	574.75	610.20	766.00	822.20	889.05	954.00	1285.00	1436.00	1516.50	1560.00	1750.00	2186.00	3746.50	4142.00	7615.00	
03212500	0610	19690610	20140610	46	1954.57	2307.28	246.00	10100.00		286.40	378.60	493.85	518.20	558.25	663.00	759.90	809.60	842.60	997.00	1189.50	1272.00	1470.50	1673.00	2017.50	3292.00	4428.50	5385.00	8549.00	
03212500	0611	19690611	20140611	46	1984.74	2926.98	240.00	17100.00		292.45	363.80	419.25	483.80	515.25	670.80	743.25	799.60	847.10	986.50	1035.50	1248.00	1440.00	1644.00	2017.50	2704.00	3179.00	4706.00	8230.50	
03212500	0612	19690612	20140612	46	1854.13	2531.65	220.00	15600.00		297.10	355.30	411.80	436.00	512.00	661.10	722.10	826.60	850.85	1016.50	1090.00	1314.00	1371.00	1828.00	2365.00	2814.00	3157.00	4764.00	5835.00	
03212500	0613	19690613	20140613	46	1858.28	2462.08	211.00	14900.00		289.30	338.40	413.25	435.40	461.50	637.20	764.70	874.20	916.30	966.50	1212.20	1286.00	1496.50	2163.00	2270.00	2794.00	3386.50	3901.00	6460.50	
03212500	0614	19690614	20140614	46	1849.72	2313.91	254.00	13500.00		282.15	331.00	392.50	416.20	457.50	636.30	752.95	820.20	905.00	988.00	1103.50	1210.00	1749.00	2148.00	2292.50	2596.00	2978.00	5057.00	5716.00	
03212500	0615	19690615	20140615	46	1947.20	2570.17	251.00	12300.00		282.20	333.10	351.45	424.40	444.25	519.90	694.30	752.80	810.45	937.50	1141.00	1374.00	1801.00	2009.00	2115.00	2936.00	3834.50	4496.00	9661.50	
03212500	0616	19690616	20140616	46	2094.15	3085.47	257.00	12000.00		287.75	328.50	389.20	429.00	437.00	496.10	632.45	737.80	850.15	949.00	995.80	1044.00	1212.00	1509.00	1637.50	2128.00	3618.00	8696.00	11170.00	
03212500	0617	19690617	20140617	46	2055.63	3309.38	269.00	16400.00		289.15	336.80	408.00	448.00	512.50	559.10	651.75	714.60	762.75	804.50	952.35	1020.00	1132.00	1282.00	1445.00	2630.00	4239.50	5785.00	11717.00	
03212500	0618	19690618	20140618	46	2281.46	4022.09	254.00	19000.00		281.20	327.60	345.05	462.20	571.75	607.90	692.10	728.40	788.40	816.50	857.35	998.80	1108.50	1426.00	1692.50	3146.00	3640.00	5026.00	15750.00	
03212500	0619	19690619	20140619	46	2185.70	3752.95	234.00	16500.00		264.35	309.90	350.95	410.60	512.75	557.50	636.35	647.60	668.60	704.00	761.55	897.80	979.05	1124.00	1622.50	2486.00	4705.50	5904.00	14590.00	
03212500	0620	19690620	20140620	46	1840.48	3012.80	223.00	14000.00		252.35	301.30	358.95	493.80	502.50	531.70	609.40	623.80	654.25	726.50	758.10	850.00	887.95	1118.40	1250.00	2014.00	3251.50	5724.00	11361.50	
03212500	0621	19690621	20140621	46	1676.61	2586.08	214.00	14600.00		237.65	288.80	355.30	470.20	501.00	526.40	627.30	707.40	744.20	818.50	886.95	970.80	1225.50	1379.00	1632.50	2048.00	3000.50	3634.00	8366.00	
03212500	0622	19690622	20140622	46	1742.74	1986.16	234.00	8190.00		238.90	280.60	353.75	478.40	501.50	548.50	647.00	681.80	794.90	914.50	973.45	1504.00	1726.00	1917.00	2007.50	2526.00	3436.00	4625.00	7573.00	
03212500	0623	19690623	20140623	46	1913.26	2508.25	237.00	12400.00		250.80	284.20	334.55	443.20	493.50	558.40	634.15	682.00	739.65	887.00	987.85	1332.00	1690.00	1765.00	1940.00	2988.00	3786.00	5256.00	8642.00	
03212500	0624	19690624	20140624	46	1625.07	2107.70	254.00	9880.00		263.25	311.10	352.90	424.40	598.50	666.00	694.70	712.00	796.90	875.50	979.25	1068.00	1377.50	1436.00	1747.50	1950.00	2644.50	4214.00	8392.00	
03212500	0625	19690625	20140625	46	1411.17	1660.45	256.00	9930.00		262.75	314.40	380.60	448.00	574.00	631.50	657.25	739.40	805.45	837.50	925.05	1108.00	1190.00	1443.00	1625.00	1968.00	2372.00	3155.00	4822.50	
03212500	0626	19690626	20140626	46	1382.72	1736.44	237.00	10500.00		258.85	333.80	385.40	472.80	549.25	566.00	599.50	629.20	692.60	835.50	875.65	1010.00	1063.00	1214.00	1492.50	2034.00	2442.50	3024.00	4739.00	
03212500	0627	19690627	20140627	46	1326.46	1436.35	246.00	7300.00		255.80	324.60	386.30	486.80	508.00	558.70	593.40	633.80	737.60	821.50	875.05	919.60	1198.50	1452.00	1695.00	1892.00	2181.00	2713.00	5433.00	
03212500	0628	19690628	20140628	46	1228.59	1250.80	243.00	7260.00		256.60	332.10	394.65	424.00	463.25	535.60	579.35	649.00	715.35	786.00	803.40	1018.00	1278.50	1577.00	1730.00	1838.00	2044.00	2248.00	4030.00	
03212500	0629	19690629	20140629	46	1161.57	1042.32	237.00	5550.00		264.85	369.40	401.45	423.00	466.25	513.10	576.15	667.00	709.35	748.50	807.55	1052.00	1243.50	1430.00	1542.50	1592.00	2098.50	2405.00	3632.00	
03212500	0630	19690630	20140630	46	1088.96	999.98	233.00	6210.00		255.05	304.90	412.15	444.80	487.50	503.00	567.25	610.40	663.10	768.00	885.55	1064.00	1238.50	1340.00	1422.50	1516.00	1798.50	1956.00	2830.50	
03212500	0701	19690701	20140701	46	1053.13	825.23	230.00	3810.00		254.35	298.00	402.05	426.40	446.00	519.00	568.90	668.60	723.95	882.00	979.85	1010.00	1143.00	1283.00	1345.00	1476.00	1714.50	1846.00	3541.50	
03212500	0702	19690702	20140702	46	1226.26	1222.85	229.00	5830.00		270.10	375.60	406.75	430.20	495.50	538.30	613.65	624.60	722.65	773.50	822.80	940.20	1015.50	1214.00	1387.50	1556.00	2167.00	3358.00	4441.50	
03212500	0703	19690703	20140703	46	1129.30	935.87	226.00	4210.00		279.05	354.20	386.10	427.40	532.00	558.70	629.25	674.60	727.20	767.00	821.30	869.40	1050.00	1276.00	1467.50	1506.00	2358.00	2719.00	3429.50	
03212500	0704	19690704	20140704	46	1049.30	594.37	226.00	2890.00		270.35	362.70	471.55	491.80	590.00	621.40	671.80	715.60	796.65	915.50	986.60	1202.00	1271.00	1317.00	1557.50	1616.00	1786.00	1845.00	2025.00	
03212500	0705	19690705	20140705	46	1217.15	837.18	208.00	4200.00		263.45	419.20	558.60	604.20	665.25	679.80	712.80	771.60	796.30	876.00	1040.80	1284.00	1388.50	1504.00	1697.50	1766.00	1956.00	2305.00	3048.50	
03212500	0706	19690706	20140706	46	1445.80	1560.78	199.00	9340.00		252.25	353.60	468.55	558.00	584.25	648.40	679.50	712.60	751.60	860.50	969.00	1082.00	1381.00	1482.00	1750.00	2198.00	2542.00	3552.00	3894.00	
03212500	0707	19690707	20140707	46	1251.33	1361.53	211.00	7960.00		245.95	318.20	386.45	485.40	536.50	567.70	630.35	644.80	667.05	732.00	914.20	1036.00	1160.00	1227.00	1550.00	1780.00	1916.50	2573.00	4214.50	
03212500	0708	19690708	20140708	46	1091.93	1109.69	222.00	6230.00		257.95	309.50	401.25	457.80	495.75	519.20	543.70	610.20	624.05	687.00	739.45	873.20	1003.00	1094.00	1220.00	1370.00	1756.50	2732.00	3573.00	
03212500	0709	19690709	20140709	46	971.48	926.83	218.00	4580.00		267.85	317.20	346.70	441.00	473.00	498.70	583.40	613.00	634.45	660.50	734.65	789.20	879.10	945.20	1085.00	1216.00	1592.00	1829.00	3930.00	
03212500	0710	19690710	20140710	46	885.24	598.83	215.00	3190.00		266.25	336.30	414.35	442.40	497.25	543.60	570.90	599.60	650.20	666.50	748.60	830.00	887.10	1059.80	1192.50	1262.00	1338.50	1828.00	2219.50	
03212500	0711	19690711	20140711	46	959.70	596.87	220.00	2770.00		283.45	405.80	448.95	470.20	513.75	583.00	654.90	702.40	716.75	743.50	811.70	947.80	981.40	1040.00	1230.00	1380.00	1659.50	1909.00	2367.00	
03212500	0712	19690712	20140712	46	1230.46	1441.26	243.00	7220.00		302.85	384.80	423.15	464.40	519.50	540.90	577.80	630.60	643.55	666.50	784.40	885.00	918.75	1109.20	1247.50	1496.00	1911.00	2845.00	5640.00	
03212500	0713	19690713	20140713	46	1239.57	1413.27	257.00	6900.00		301.55	385.70	403.30	445.20	522.50	559.30	569.75	630.00	706.90	769.00	824.95	864.20	967.45	1078.00	1290.00	1672.00	2199.00	2723.00	5627.00	
03212500	0714	19690714	20140714	46	1192.70	1436.04	246.00	8850.00		287.60	356.20	364.60	398.00	489.25	534.00	560.85	612.60	691.35	726.00	815.85	920.80	984.20	1046.00	1252.50	1582.00	2028.00	2419.00	3969.50	
03212500	0715	19690715	20140715	46	1020.57	1068.60	234.00	6710.00		274.05	328.80	335.60	392.00	425.50	499.30	531.10	580.40	620.75	638.50	681.85	817.80	995.40	1176.00	1217.50	1470.00	1678.50	1858.00	2923.00	
03212500	0716	19690716	20140716	46	1005.50	1132.39	234.00	7130.00		276.35	310.30	328.10	379.80	413.75	456.70	490.30	593.80	642.20	685.50	749.35	845.20	906.90	961.30	1055.00	1280.00	1553.50	2122.00	3071.50	
03212500	0717	19690717	20140717	46	859.17	780.44	237.00	5030.00		260.70	298.30	328.70	384.20	402.00	432.80	466.95	507.00	620.20	641.00	654.10	736.80	874.30	945.40	1045.00	1230.00	1387.50	1656.00	1940.00	
03212500	0718	19690718	20140718	46	895.48	850.21	240.00	3860.00		252.30	307.90	330.30	385.80	445.75	473.30	486.80	531.80	604.40	659.50	789.00	820.00	835.95	892.20	937.50	1116.00	1130.00	1581.00	3789.50	
03212500	0719	19690719	20140719	46	1068.35	1206.57	237.00	5790.00		267.40	324.10	347.55	391.00	440.00	479.70	512.35	538.00	632.20	664.00	753.55	769.00	809.70	853.70	1080.00	1156.00	1509.50	2923.00	4611.50	
03212500	0720	19690720	20140720	46	914.48	762.66	225.00	3180.00		257.35	303.70	356.05	386.80	418.75	470.20	508.55	565.20	620.60	657.50	714.25	722.20	773.55	876.70	1021.25	1158.00	1693.00	2359.00	2886.00	
03212500	0721	19690721	20140721	46	918.61	784.83	237.00	3600.00		273.85	296.80	346.60	375.60	390.75	455.20	475.35	508.80	543.75	589.50	652.85	708.80	731.90	772.40	1197.50	1582.00	2030.00	2185.00	2729.50	
03212500	0722	19690722	20140722	46	866.96	669.03	237.00	2900.00		308.75	336.10	358.00	359.00	366.50	471.10	483.85	500.60	576.40	611.00	680.45	731.40	792.95	857.40	1024.75	1508.00	1619.00	1819.00	2663.50	
03212500	0723	19690723	20140723	46	791.35	486.11	237.00	1990.00		303.75	341.00	361.55	380.60	389.75	433.50	446.60	526.00	565.35	576.50	727.80	768.40	856.85	992.50	1102.50	1172.00	1320.00	1673.00	1935.50	
03212500	0724	19690724	20140724	46	750.96	436.72	249.00	2290.00		292.35	334.90	348.30	373.40	423.25	503.70	511.80	555.00	592.55	615.00	653.90	708.60	811.95	840.30	973.75	1050.00	1246.50	1461.00	1643.50	
03212500	0725	19690725	20140725	46	726.07	390.66	246.00	1680.00		253.90	333.70	342.10	376.40	402.25	435.30	480.40	533.00	547.60	623.50	709.40	726.00	798.55	896.70	959.50	1120.00	1215.00	1407.00	1549.00	
03212500	0726	19690726	20140726	46	919.48	965.45	226.00	5820.00		286.60	343.80	367.60	390.80	398.25	458.00	475.65	539.20	563.60	631.00	761.10	809.60	923.20	1057.00	1090.00	1158.00	1229.00	1333.00	3351.00	
03212500	0727	19690727	20140727	46	1117.46	1195.57	220.00	5070.00		294.80	342.60	380.45	420.40	443.00	469.20	503.25	517.20	573.90	691.50	756.90	828.40	849.45	896.60	1302.50	1490.00	1989.00	2956.00	4863.00	
03212500	0728	19690728	20140728	46	1266.85	1732.70	219.00	10600.00		273.90	317.60	345.95	393.40	453.25	477.80	509.70	550.60	671.35	716.50	790.70	861.80	1016.05	1116.00	1287.50	1718.00	2150.50	2524.00	4817.50	
03212500	0729	19690729	20140729	46	1121.72	1374.18	217.00	8390.00		277.10	301.80	347.40	367.60	456.00	535.70	553.80	625.40	647.50	712.00	747.15	799.80	947.15	1135.00	1232.50	1550.00	1889.00	2103.00	4085.00	
03212500	0730	19690730	20140730	46	1205.28	1813.55	215.00	11900.00		242.25	314.70	330.05	393.40	460.00	490.20	540.25	638.60	661.90	704.00	838.65	889.00	933.00	1127.00	1200.00	1360.00	1596.00	2470.00	3887.50	
03212500	0731	19690731	20140731	46	1189.50	1759.92	217.00	11500.00		236.25	310.00	353.10	385.20	427.75	470.90	518.35	637.60	691.15	742.00	791.05	922.40	980.55	1046.00	1090.00	1422.00	1848.50	2392.00	4033.50	
03212500	0801	19690801	20140801	46	1174.48	1534.14	196.00	9490.00		237.95	310.50	361.30	387.00	398.50	454.10	469.65	531.40	677.65	751.50	779.10	819.40	991.00	1155.00	1367.50	1500.00	1889.00	2489.00	4194.00	
03212500	0802	19690802	20140802	46	1152.70	1166.79	182.00	4670.00		248.35	330.70	368.15	377.60	393.75	438.90	464.30	502.80	651.55	748.50	834.35	921.60	952.30	1056.00	1250.00	1620.00	2127.00	3348.00	4206.00	
03212500	0803	19690803	20140803	46	980.17	929.80	196.00	4200.00		248.70	342.60	360.40	369.80	401.75	471.80	483.35	531.00	615.55	718.00	728.80	770.40	869.35	973.70	1042.50	1150.00	1647.00	2562.00	3524.50	
03212500	0804	19690804	20140804	46	1013.43	1264.34	214.00	7850.00		246.00	318.40	347.10	371.00	384.75	423.70	466.05	495.20	574.65	626.50	670.70	742.80	779.05	809.40	1030.00	1194.00	1709.50	2275.00	3318.00	
03212500	0805	19690805	20140805	46	1227.96	1987.36	185.00	9570.00		285.40	326.20	333.20	348.80	374.75	381.80	404.95	447.80	483.50	555.00	583.60	717.20	767.90	928.30	1202.50	1380.00	1647.50	2512.00	7958.50	
03212500	0806	19690806	20140806	46	1110.39	1425.80	273.00	7480.00		285.35	317.20	326.85	362.40	378.00	416.70	429.15	476.20	505.30	555.00	664.25	684.80	758.40	1046.10	1282.50	1342.00	1573.50	2669.00	4973.00	
03212500	0807	19690807	20140807	46	1007.96	1157.89	254.00	5750.00		275.85	320.80	352.60	374.80	383.00	408.20	446.85	493.20	523.75	590.00	621.10	635.60	698.15	896.40	1142.50	1286.00	1827.50	2263.00	4336.50	
03212500	0808	19690808	20140808	46	875.20	797.16	223.00	3590.00		250.60	345.30	365.25	377.00	393.00	405.60	441.10	487.60	509.10	535.00	554.05	609.80	663.10	734.70	1029.25	1254.00	1799.50	2450.00	2680.50	
03212500	0809	19690809	20140809	46	818.04	635.21	214.00	3260.00		268.00	324.10	350.40	367.20	394.50	428.10	460.45	480.00	515.80	534.00	617.85	690.00	776.50	880.30	1003.25	1226.00	1586.00	1918.00	2079.50	
03212500	0810	19690810	20140810	46	933.24	956.64	220.00	5470.00		295.45	304.20	336.65	371.00	415.00	439.90	454.80	484.60	565.60	599.50	715.05	735.60	814.95	1011.70	1127.50	1242.00	1690.00	1783.00	3265.50	
03212500	0811	19690811	20140811	46	1000.11	1211.53	225.00	6130.00		275.60	295.80	344.80	386.60	404.50	434.30	442.70	464.60	529.95	590.00	667.50	690.60	770.90	864.80	1012.50	1130.00	1276.50	2121.00	4670.50	
03212500	0812	19690812	20140812	46	924.24	883.91	253.00	4660.00		280.95	301.30	329.30	348.60	402.75	416.00	470.55	509.40	560.15	621.50	666.65	738.60	806.95	888.10	1002.50	1368.00	1719.50	2025.00	3215.00	
03212500	0813	19690813	20140813	46	1171.43	1644.86	251.00	10100.00		274.95	294.90	326.55	358.00	402.75	414.30	431.85	465.20	529.45	598.00	613.70	799.40	874.30	970.80	1202.50	1614.00	2143.00	2611.00	4300.50	
03212500	0814	19690814	20140814	46	1400.96	2652.62	250.00	14700.00		265.25	294.10	312.30	349.60	364.50	386.20	404.85	455.80	472.10	552.00	654.80	727.00	878.40	991.70	1177.50	1554.00	1819.00	2362.00	9014.00	
03212500	0815	19690815	20140815	46	1021.13	1480.67	228.00	8770.00		247.50	279.40	290.15	316.40	339.00	364.30	397.85	416.20	446.75	489.50	746.75	847.80	931.15	987.80	1160.00	1260.00	1426.50	1498.00	4798.50	
03212500	0816	19690816	20140816	46	864.70	912.34	199.00	4840.00		243.45	265.00	270.10	312.80	333.50	346.10	356.90	377.40	439.35	563.00	657.45	715.60	830.70	845.50	976.50	1094.00	1563.00	1917.00	3120.50	
03212500	0817	19690817	20140817	46	702.57	497.89	188.00	2330.00		244.20	262.80	270.85	292.40	328.75	357.20	378.15	406.00	480.80	521.00	597.65	676.40	758.00	835.00	910.00	999.20	1291.00	1506.00	1830.50	
03212500	0818	19690818	20140818	46	858.54	1164.21	182.00	7670.00		240.70	251.40	257.90	297.00	351.75	368.50	385.70	445.60	466.00	501.00	541.70	591.60	747.55	839.10	954.50	1029.60	1149.00	2025.00	2288.00	
03212500	0819	19690819	20140819	46	895.13	1089.19	240.00	5950.00		244.70	250.40	262.90	295.40	357.50	382.90	422.60	442.80	461.05	504.00	538.50	725.20	782.80	822.80	855.00	1018.00	1389.00	2036.00	3826.50	
03212500	0820	19690820	20140820	46	815.52	683.02	246.00	4020.00		250.90	265.80	288.70	350.80	373.00	420.80	447.70	492.80	530.20	579.00	653.10	678.60	843.50	903.30	1002.00	1288.00	1433.00	1633.00	2065.50	
03212500	0821	19690821	20140821	46	755.96	529.32	243.00	2830.00		272.40	300.10	338.25	355.80	369.25	402.00	438.35	499.00	524.55	618.00	670.40	711.40	804.90	899.90	966.25	1058.00	1197.00	1309.00	2089.50	
03212500	0822	19690822	20140822	46	829.67	780.91	240.00	3800.00		276.75	293.50	327.40	335.80	394.50	431.70	460.75	485.40	519.40	545.50	609.40	687.00	700.50	794.40	894.00	936.60	1098.00	2082.00	3004.00	
03212500	0823	19690823	20140823	46	1075.48	2464.39	233.00	16800.00		273.05	305.80	319.45	356.20	393.00	421.40	436.45	459.00	472.40	514.00	539.80	570.40	623.20	649.40	716.00	887.40	1197.00	1833.00	3302.50	
03212500	0824	19690824	20140824	46	908.20	1958.05	227.00	13600.00		263.15	279.40	303.70	332.00	385.25	401.40	422.65	450.00	467.60	493.50	507.20	526.00	555.30	634.40	736.50	912.40	1029.00	1712.00	1871.50	
03212500	0825	19690825	20140825	46	721.50	1000.60	214.00	6970.00		235.05	258.80	298.90	340.40	354.50	412.00	421.90	427.60	445.40	474.50	497.00	516.80	568.35	618.00	715.75	876.20	984.05	1257.00	1619.50	
03212500	0826	19690826	20140826	46	601.89	496.38	170.00	2770.00		246.40	258.30	307.10	310.60	332.00	371.50	396.40	420.60	448.15	454.00	468.65	508.00	553.20	587.80	665.00	711.40	822.30	1088.00	2030.00	
03212500	0827	19690827	20140827	46	572.76	484.99	130.00	3300.00		244.70	252.10	274.00	303.00	344.50	363.30	387.35	405.60	413.30	437.50	446.55	485.60	550.00	579.10	681.25	749.40	866.65	929.70	1297.50	
03212500	0828	19690828	20140828	46	589.37	563.23	125.00	3550.00		244.70	251.50	266.95	305.80	349.50	365.50	383.25	405.00	414.40	440.50	450.40	497.40	541.75	555.00	584.50	678.80	768.15	927.50	1934.00	
03212500	0829	19690829	20140829	46	645.50	759.89	125.00	5000.00		242.75	252.20	258.35	326.60	346.50	375.50	384.90	399.80	440.65	454.50	485.00	498.40	528.15	589.70	622.75	654.40	879.55	974.40	2096.50	
03212500	0830	19690830	20140830	46	626.50	653.74	122.00	3500.00		241.20	256.50	280.90	319.40	358.75	368.40	383.80	391.80	405.10	419.00	473.40	494.80	534.65	582.50	653.50	767.60	828.30	1033.00	2628.50	
03212500	0831	19690831	20140831	46	629.11	569.11	119.00	2810.00		232.25	258.40	283.80	307.20	338.00	351.00	356.95	376.20	389.75	407.50	418.40	485.40	566.55	586.30	643.75	809.60	976.80	1249.00	2356.50	
03212500	0901	19690901	20140901	46	750.83	1135.01	117.00	7420.00		219.65	265.10	298.00	303.20	316.00	332.50	353.35	361.00	371.45	377.50	417.70	447.80	538.20	622.10	829.25	906.80	1117.50	1347.00	2649.00	
03212500	0902	19690902	20140902	46	665.87	740.53	117.00	4620.00		208.60	271.80	282.50	294.80	303.50	327.70	346.05	357.60	365.30	397.50	417.85	451.60	509.50	565.50	773.00	922.00	1199.50	1332.00	2055.00	
03212500	0903	19690903	20140903	46	642.30	583.05	130.00	2910.00		209.80	273.70	282.15	291.00	303.75	319.00	334.45	349.40	367.00	405.00	415.25	456.40	469.00	679.80	860.00	947.20	1173.00	1275.00	2306.00	
03212500	0904	19690904	20140904	46	678.07	735.05	128.00	3610.00		200.10	270.70	282.15	290.40	300.25	306.60	327.90	336.00	385.10	397.50	419.15	454.40	540.60	605.90	709.75	938.80	1027.50	1413.00	2987.50	
03212500	0905	19690905	20140905	46	728.70	832.04	159.00	4940.00		232.20	256.70	275.40	293.00	309.00	324.10	364.75	381.40	415.45	432.00	490.10	541.60	621.65	673.50	837.50	978.00	1174.00	1418.00	2731.00	
03212500	0906	19690906	20140906	46	822.87	1185.20	201.00	7060.00		237.50	256.40	289.05	298.80	312.25	315.10	362.35	388.60	415.60	449.00	498.00	533.00	579.55	614.80	707.00	808.00	1072.95	2064.00	3391.00	
03212500	0907	19690907	20140907	46	901.78	1846.39	227.00	12200.00		239.70	260.10	268.75	301.20	326.75	343.00	362.15	388.80	420.60	453.00	463.70	530.40	566.65	653.60	710.50	801.60	956.00	1465.00	3809.00	
03212500	0908	19690908	20140908	46	802.93	1261.10	235.00	7980.00		235.00	253.30	295.15	319.20	350.25	372.40	378.35	387.40	397.60	427.00	468.75	522.00	584.80	631.50	675.75	878.40	973.25	1245.00	3516.50	
03212500	0909	19690909	20140909	46	723.13	1086.81	243.00	6070.00		252.10	257.00	295.45	313.80	332.25	348.10	361.55	393.40	410.50	424.00	432.95	466.40	493.70	559.00	593.75	790.80	832.30	949.60	3951.50	
03212500	0910	19690910	20140910	46	623.30	753.34	258.00	4770.00		267.75	281.00	292.30	300.40	328.75	369.30	379.45	387.20	402.30	411.00	420.00	470.00	513.10	531.00	593.25	682.40	783.60	870.90	2383.50	
03212500	0911	19690911	20140911	46	628.41	624.62	261.00	3030.00		266.40	272.00	300.15	321.00	334.50	372.50	379.45	389.80	405.35	425.50	445.70	476.40	493.50	545.60	578.75	623.00	720.60	1243.00	2670.50	
03212500	0912	19690912	20140912	46	632.57	621.57	240.00	3730.00		270.55	286.20	312.70	327.40	346.00	364.70	382.80	406.40	415.05	430.50	434.70	458.20	510.20	564.70	586.25	694.00	884.60	1185.00	2146.50	
03212500	0913	19690913	20140913	46	620.78	552.35	208.00	3370.00		272.35	294.00	301.10	312.40	337.50	346.00	366.80	373.20	397.20	421.00	450.05	490.80	538.65	576.50	637.00	815.60	975.15	1231.00	1844.00	
03212500	0914	19690914	20140914	46	663.17	618.11	179.00	3080.00		259.70	296.70	302.05	320.00	337.25	346.60	355.70	380.60	434.05	490.00	511.50	534.80	559.75	578.70	633.50	804.20	1074.95	1210.00	2662.50	
03212500	0915	19690915	20140915	46	797.59	1425.76	165.00	9610.00		248.95	276.60	291.95	316.80	325.00	344.20	360.90	392.20	428.45	447.00	471.80	488.80	504.95	568.20	628.75	801.80	870.55	1366.00	2617.00	
03212500	0916	19690916	20140916	46	728.48	1223.54	176.00	8140.00		243.95	282.70	301.15	314.60	326.75	350.90	369.45	379.80	409.15	431.00	446.00	482.40	503.50	519.10	620.50	747.20	820.50	1037.50	2721.50	
03212500	0917	19690917	20140917	46	856.83	1419.00	173.00	8750.00		244.75	289.30	300.45	323.00	347.50	358.20	375.20	397.00	422.85	450.00	500.00	523.20	552.55	591.20	660.00	706.80	1139.45	1465.00	4023.50	
03212500	0918	19690918	20140918	46	994.46	2250.63	173.00	15300.00		248.70	293.80	308.20	332.80	347.50	363.20	374.50	402.00	424.50	476.50	510.10	536.00	634.60	671.50	740.75	803.60	1085.15	1586.00	3315.50	
03212500	0919	19690919	20140919	46	841.17	1337.67	238.00	8540.00		253.00	286.40	303.25	322.20	344.50	356.10	380.00	403.20	439.35	507.00	522.45	568.80	620.50	637.30	698.75	750.00	832.30	1813.00	3412.00	
03212500	0920	19690920	20140920	46	704.09	836.10	224.00	5420.00		252.20	292.90	307.55	329.40	341.50	346.10	373.00	406.80	444.95	487.50	521.80	592.20	618.20	622.80	627.25	701.80	780.35	1420.00	2251.00	
03212500	0921	19690921	20140921	46	655.28	558.38	188.00	3530.00		227.65	278.60	310.20	332.20	346.00	379.20	405.50	456.80	464.15	497.00	523.55	560.00	590.00	605.80	700.75	877.40	1072.50	1223.00	1732.00	
03212500	0922	19690922	20140922	46	764.78	974.33	179.00	5520.00		225.35	289.20	320.30	330.00	340.00	382.00	399.35	452.00	472.60	517.00	531.05	561.40	583.30	619.70	708.25	872.40	995.20	1410.00	3449.00	
03212500	0923	19690923	20140923	46	904.20	1250.78	179.00	6230.00		225.00	292.10	303.95	348.80	362.25	373.40	395.35	423.40	439.45	473.50	525.50	573.60	711.35	778.70	872.25	910.80	968.25	1719.00	4998.50	
03212500	0924	19690924	20140924	46	1046.67	1469.09	182.00	7810.00		225.90	291.00	311.35	319.00	353.50	379.10	411.00	442.20	451.60	489.50	529.10	644.40	713.35	751.10	799.00	980.20	1846.50	3179.00	4676.50	
03212500	0925	19690925	20140925	46	927.87	1060.19	191.00	4690.00		224.25	290.30	316.00	360.80	396.75	435.20	439.45	453.20	481.35	513.00	597.15	640.80	658.40	701.50	781.50	1174.00	1775.00	2410.00	4337.50	
03212500	0926	19690926	20140926	46	843.02	754.24	191.00	3630.00		221.25	275.80	315.75	347.20	381.75	451.20	467.45	478.20	504.85	591.00	612.25	663.20	731.55	754.60	956.25	1252.00	1694.50	1843.00	2901.50	
03212500	0927	19690927	20140927	46	828.07	696.04	191.00	3010.00		233.75	275.90	316.85	370.60	380.75	452.30	486.80	533.60	564.20	592.00	619.10	728.60	751.85	799.00	977.00	1012.00	1204.00	1961.00	2879.00	
03212500	0928	19690928	20140928	46	949.26	844.85	188.00	4170.00		245.70	280.00	332.25	403.80	429.00	457.60	485.65	514.80	557.00	695.00	730.35	785.80	832.65	896.00	1012.50	1418.00	1981.50	2419.00	2786.50	
03212500	0929	19690929	20140929	46	901.50	772.45	188.00	3580.00		263.90	290.80	326.10	359.20	397.25	429.80	468.20	518.40	548.95	601.00	639.10	680.00	782.35	954.40	1065.00	1392.00	1914.50	2119.00	2733.00	
03212500	0930	19690930	20140930	46	859.37	713.80	182.00	2990.00		250.95	301.20	322.60	347.40	387.00	421.10	454.90	480.20	507.90	554.00	595.50	650.40	772.55	800.50	1105.00	1446.00	1739.50	2231.00	2414.50	
03212500	1001	19681001	20131001	46	942.24	1244.52	98.00	6520.00		187.05	271.80	310.05	354.60	368.00	400.80	413.45	468.00	484.25	499.50	535.30	593.60	746.80	804.80	822.25	1099.60	1672.00	1905.00	4698.00	
03212500	1002	19681002	20131002	46	1026.67	1541.93	100.00	7730.00		187.90	266.10	327.10	346.60	376.00	391.30	408.35	424.80	449.20	508.50	557.25	600.20	676.50	722.50	819.00	1022.40	1846.00	2320.00	5911.00	
03212500	1003	19681003	20131003	46	1145.70	2035.05	136.00	11800.00		189.70	269.10	326.90	359.40	365.25	384.90	424.50	465.60	480.45	503.00	513.70	550.60	661.10	740.20	816.00	927.20	1476.00	2704.00	6241.50	
03212500	1004	19681004	20131004	46	964.46	1425.25	181.00	8720.00		251.60	282.10	336.75	359.00	385.50	442.10	473.70	514.80	534.25	576.00	613.45	628.60	650.70	780.50	856.25	887.80	1241.50	1847.00	4288.00	
03212500	1005	19681005	20131005	46	817.72	978.12	184.00	6300.00		235.90	282.00	332.05	350.20	370.00	431.60	462.35	468.80	494.70	539.50	574.25	621.60	696.15	774.80	838.00	982.00	1029.00	1563.00	2650.50	
03212500	1006	19681006	20131006	46	761.39	653.49	183.00	3220.00		225.15	323.20	335.10	355.60	385.25	418.70	440.30	458.80	486.55	510.00	547.25	635.00	709.15	747.90	876.25	954.40	1359.60	1588.00	2726.50	
03212500	1007	19681007	20131007	46	830.91	768.81	196.00	3440.00		267.40	346.40	362.45	386.80	415.25	442.30	484.75	514.60	537.40	569.00	620.95	676.60	711.65	793.20	810.50	847.60	1214.10	1869.00	3302.00	
03212500	1008	19681008	20131008	46	741.11	567.91	199.00	2850.00		295.50	321.00	340.20	363.80	383.75	431.50	460.45	495.80	528.65	553.00	625.15	651.00	688.05	752.10	821.75	890.00	1132.40	1636.00	2389.50	
03212500	1009	19681009	20131009	46	835.80	1119.02	199.00	7690.00		274.00	321.30	327.05	349.80	381.00	392.10	406.35	443.00	512.75	522.50	553.25	638.80	716.30	851.30	875.00	1024.40	1338.50	1519.00	1915.00	
03212500	1010	19681010	20131010	46	1061.09	1967.48	196.00	13000.00		242.40	306.70	344.95	377.00	394.25	437.90	465.20	493.20	551.20	602.00	659.60	686.80	713.70	836.50	1077.50	1152.00	1246.50	1510.00	4131.50	
03212500	1011	19681011	20131011	46	950.52	1293.89	188.00	8640.00		235.95	296.90	328.35	360.40	402.00	443.90	477.70	513.20	592.05	602.00	668.55	732.40	809.45	934.20	986.50	1096.00	1176.50	1864.00	2769.00	
03212500	1012	19681012	20131012	46	867.61	1148.50	185.00	7760.00		217.00	309.70	326.75	359.80	392.75	425.60	445.10	456.00	513.45	599.50	645.40	690.40	735.50	815.40	1012.50	1040.00	1069.50	1569.00	2433.50	
03212500	1013	19681013	20131013	46	782.22	769.36	185.00	4750.00		226.65	327.10	340.95	369.00	394.25	409.20	430.60	480.60	512.45	583.00	605.75	654.20	711.85	760.30	914.50	985.20	1009.30	1301.00	2523.00	
03212500	1014	19681014	20131014	46	773.87	642.41	179.00	3810.00		234.35	305.10	356.20	380.60	403.75	426.10	493.30	548.80	587.90	613.50	624.40	662.20	730.10	798.60	939.50	972.80	1068.50	1372.00	2363.00	
03212500	1015	19681015	20131015	46	796.48	626.01	176.00	3300.00		214.65	274.00	349.20	387.60	399.50	413.80	465.95	564.00	595.50	625.50	643.70	695.20	764.50	828.00	1025.00	1120.00	1188.50	1416.00	2495.50	
03212500	1016	19681016	20131016	46	783.41	484.79	170.00	2220.00		204.25	313.70	344.55	393.00	401.25	428.20	458.00	503.80	654.15	699.00	723.10	771.40	920.10	993.20	1090.00	1112.00	1205.50	1410.00	2035.00	
03212500	1017	19681017	20131017	46	1109.50	1658.62	144.00	11100.00		196.65	306.60	343.60	374.40	398.00	432.40	472.25	517.00	625.15	730.00	787.30	847.20	952.60	1020.00	1077.50	1278.00	1628.50	2198.00	3057.50	
03212500	1018	19681018	20131018	46	1455.17	3553.85	153.00	23900.00		215.15	311.70	333.90	378.40	407.50	443.20	480.70	529.60	592.85	718.50	767.60	832.60	886.40	948.10	1137.50	1462.00	1519.00	1982.00	5610.00	
03212500	1019	19681019	20131019	46	1435.96	3673.57	170.00	25200.00		309.95	341.50	384.45	408.80	450.75	484.50	495.85	549.60	627.25	642.00	725.75	786.00	823.70	1050.50	1127.50	1224.00	1406.50	2215.00	4177.00	
03212500	1020	19681020	20131020	46	1403.22	3381.24	173.00	23300.00		294.40	318.00	348.55	379.20	431.00	469.40	528.90	578.60	605.05	646.50	687.55	771.20	953.85	997.10	1160.00	1408.00	1565.00	2525.00	3059.50	
03212500	1021	19681021	20131021	46	1326.80	2985.98	196.00	20500.00		258.60	303.70	341.25	392.00	431.50	444.70	498.40	537.80	592.60	645.50	698.70	783.20	893.00	1021.80	1100.00	1272.00	1929.50	2417.00	3452.50	
03212500	1022	19681022	20131022	46	1255.67	2782.20	214.00	19300.00		235.60	337.20	377.05	380.00	425.25	461.40	511.55	573.00	629.15	653.00	719.80	828.80	908.85	945.10	1057.50	1420.00	1569.00	2063.00	2481.50	
03212500	1023	19681023	20131023	46	1083.22	1850.02	205.00	12900.00		252.50	345.80	376.10	423.40	441.00	460.30	546.15	599.60	612.90	660.00	741.00	791.40	899.15	949.50	1132.50	1276.00	1404.50	1817.00	2207.50	
03212500	1024	19681024	20131024	46	1037.26	1368.13	194.00	8530.00		247.95	360.20	367.05	388.40	463.50	511.30	516.80	568.60	627.05	695.50	718.50	791.20	840.20	925.40	1107.50	1170.00	1416.50	1780.00	4066.50	
03212500	1025	19681025	20131025	46	1072.09	1528.89	185.00	9950.00		279.65	375.40	413.55	433.60	453.75	479.20	554.00	569.80	605.00	646.50	709.40	800.00	832.30	965.40	1035.00	1262.00	1448.50	1886.00	3848.00	
03212500	1026	19681026	20131026	46	1050.57	1238.52	179.00	8450.00		329.15	408.60	437.40	498.40	598.00	629.40	664.70	673.40	697.00	707.00	745.40	774.60	827.20	933.90	1077.50	1278.00	1409.50	1971.00	2503.00	
03212500	1027	19681027	20131027	46	1047.41	1025.00	176.00	5120.00		331.20	363.70	436.40	458.80	566.75	631.40	654.90	676.20	712.60	742.50	788.80	887.00	908.65	917.00	965.25	1118.00	1361.50	2230.00	4341.00	
03212500	1028	19681028	20131028	46	1404.52	2354.38	173.00	13700.00		322.85	360.70	450.30	516.40	547.50	601.20	635.55	683.80	702.90	716.50	723.70	784.00	845.30	943.60	1002.50	1090.00	1390.00	3436.00	7389.50	
03212500	1029	19681029	20131029	46	1390.96	2054.29	167.00	12400.00		321.90	366.80	522.50	537.60	557.50	575.60	612.95	665.00	707.15	769.00	804.45	905.20	960.85	1038.00	1177.50	1456.00	2274.00	2846.00	6092.00	
03212500	1030	19681030	20131030	46	1404.87	1644.21	162.00	7970.00		322.90	380.60	426.45	502.20	530.00	537.50	586.30	676.20	707.00	819.00	900.85	934.40	977.40	1008.40	1600.00	2188.00	2519.50	3880.00	6090.00	
03212500	1031	19681031	20131031	46	1396.61	1743.49	173.00	8730.00		318.55	356.40	384.30	450.20	533.00	555.80	623.60	652.80	682.15	731.00	796.65	852.40	945.80	1132.00	1675.00	1912.00	2597.00	2987.00	6628.50	
03212500	1101	19681101	20131101	46	1233.11	1276.94	214.00	5770.00		311.10	343.70	389.55	448.20	501.75	530.30	534.80	595.80	694.20	713.50	780.65	804.80	957.85	1099.00	1285.00	1944.00	2478.50	3364.00	4747.00	
03212500	1102	19681102	20131102	46	1209.85	1057.43	310.00	5210.00		353.75	398.60	424.35	491.40	505.50	511.60	587.90	674.80	713.10	746.00	779.80	880.80	1099.50	1187.00	1635.00	2170.00	2406.50	2774.00	3428.50	
03212500	1103	19681103	20131103	46	1296.74	1279.43	322.00	6820.00		403.45	414.60	473.65	516.80	541.50	570.90	618.35	710.40	776.40	835.50	873.00	892.60	962.25	1152.90	1547.50	1966.00	2166.00	3477.00	4030.00	
03212500	1104	19681104	20131104	46	1370.00	1352.95	338.00	7020.00		362.45	407.10	421.55	512.20	569.25	607.20	676.85	736.20	781.35	807.50	850.25	992.80	1172.00	1431.00	1562.50	2006.00	2533.00	3446.00	4569.00	
03212500	1105	19681105	20131105	46	1489.22	1473.34	316.00	5810.00		329.85	382.80	494.35	510.20	594.00	654.70	667.15	714.20	762.80	848.50	962.40	1090.00	1288.50	1394.00	1515.00	2108.00	3140.00	4211.00	5459.00	
03212500	1106	19681106	20131106	46	1527.74	1494.36	280.00	8500.00		318.75	399.30	448.30	508.20	621.00	676.10	735.05	797.40	952.95	986.00	1168.00	1346.00	1579.00	1880.00	2012.50	2198.00	2349.50	3149.00	4795.50	
03212500	1107	19681107	20131107	46	1630.09	1881.74	266.00	11700.00		385.70	404.70	437.60	478.80	561.75	659.80	742.50	808.60	977.90	1060.00	1167.00	1286.00	1637.50	1905.00	2130.00	2396.00	2610.00	2992.00	5153.00	
03212500	1108	19681108	20131108	46	1668.61	2001.83	249.00	13100.00		384.30	422.00	475.10	505.00	578.25	676.20	733.50	904.20	972.60	1055.00	1210.50	1376.00	1525.50	2048.00	2180.00	2354.00	2957.00	3319.00	3883.00	
03212500	1109	19681109	20131109	46	1792.26	2307.25	225.00	11200.00		378.35	430.50	483.45	505.80	559.75	667.50	777.10	858.00	934.50	997.00	1092.50	1234.00	1397.50	1468.00	1895.00	2202.00	2952.50	4158.00	9153.00	
03212500	1110	19681110	20131110	46	1825.67	2513.51	240.00	12700.00		373.10	446.80	544.60	615.20	680.50	697.90	745.45	920.80	951.10	1017.50	1070.00	1124.00	1481.50	1588.00	1680.00	2260.00	2770.50	3634.00	9774.00	
03212500	1111	19681111	20131111	46	1711.65	2136.26	249.00	12000.00		364.55	435.50	501.80	565.80	681.50	763.70	892.00	933.00	1011.50	1035.00	1117.00	1310.00	1413.00	1495.00	1657.50	1966.00	2801.50	3516.00	7397.50	
03212500	1112	19681112	20131112	46	1689.15	1748.47	245.00	8670.00		358.90	426.60	490.70	540.20	674.25	714.30	762.60	873.80	893.20	996.00	1231.00	1334.00	1491.00	1627.00	1912.50	2354.00	3207.50	4117.00	6273.50	
03212500	1113	19681113	20131113	46	1812.76	2291.71	247.00	13800.00		359.20	436.30	478.60	551.00	636.00	682.80	756.70	789.60	888.45	1085.00	1195.50	1326.00	1548.50	1776.00	2150.00	2438.00	3754.00	3874.00	6434.00	
03212500	1114	19681114	20131114	46	1718.54	1957.20	331.00	12100.00		378.55	457.20	502.65	590.00	632.25	700.10	768.45	781.60	821.15	1080.00	1139.50	1394.00	1579.50	1837.00	2165.00	2510.00	3174.00	4201.00	4526.50	
03212500	1115	19681115	20131115	46	1553.39	1300.52	335.00	6960.00		435.60	517.40	582.85	620.80	678.50	759.30	802.10	861.40	1007.50	1070.00	1185.00	1416.00	1476.50	1829.00	2007.50	2368.00	2721.00	3348.00	4466.50	
03212500	1116	19681116	20131116	46	1606.09	1354.98	320.00	7240.00		441.65	534.50	621.80	728.40	781.00	797.30	821.80	938.80	1014.50	1050.00	1294.50	1412.00	1633.00	1824.00	1992.50	2198.00	2477.50	3843.00	4656.00	
03212500	1117	19681117	20131117	46	1769.46	1967.89	329.00	9950.00		428.45	502.80	641.55	709.80	745.75	779.30	816.20	902.00	1080.00	1120.00	1357.00	1470.00	1637.00	1729.00	1902.50	2250.00	2457.50	3611.00	7876.00	
03212500	1118	19681118	20131118	46	1669.67	1840.69	367.00	10600.00		426.50	566.80	653.65	678.00	727.00	820.60	836.35	932.40	945.65	1045.00	1139.50	1352.00	1524.00	1697.00	1880.00	2152.00	2307.00	3277.00	6414.50	
03212500	1119	19681119	20131119	46	1847.28	1889.41	369.00	9540.00		425.50	521.20	667.70	728.20	798.00	834.90	925.90	937.20	966.70	1150.00	1257.00	1434.00	1571.50	1687.00	1947.50	2434.00	3386.50	4454.00	6735.00	
03212500	1120	19681120	20131120	46	2090.46	2529.28	334.00	14800.00		419.50	568.30	655.60	705.40	760.25	800.80	830.00	864.40	993.90	1140.00	1350.00	1444.00	1745.00	1961.00	2915.00	3178.00	3429.50	4601.00	7593.50	
03212500	1121	19681121	20131121	46	2015.09	2159.38	324.00	11900.00		419.60	534.50	602.15	641.00	750.50	792.40	801.45	833.00	968.20	1145.00	1346.00	1458.00	1832.50	2308.00	2857.50	3064.00	3415.00	5208.00	6445.50	
03212500	1122	19681122	20131122	46	1900.02	1948.92	324.00	9590.00		413.80	505.00	595.65	681.40	717.50	773.90	804.25	988.00	1081.50	1275.00	1380.00	1676.00	1735.50	1990.00	2315.00	2506.00	2816.50	4492.00	7378.50	
03212500	1123	19681123	20131123	46	1896.96	1818.54	320.00	7760.00		389.50	431.20	586.15	639.20	702.75	786.20	838.50	990.20	1111.50	1385.00	1465.50	1606.00	1728.00	1936.00	2300.00	2688.00	3059.00	4782.00	7195.00	
03212500	1124	19681124	20131124	46	1889.30	1864.55	320.00	8400.00		381.05	421.70	566.55	642.20	681.75	758.70	1033.50	1092.00	1121.50	1195.00	1254.00	1374.00	1755.00	1958.00	2135.00	2742.00	3320.50	4744.00	7137.00	
03212500	1125	19681125	20131125	46	1766.35	1613.54	367.00	8060.00		413.00	491.60	539.15	586.80	699.75	723.00	946.85	1054.00	1083.00	1140.00	1209.50	1302.00	1876.50	2225.00	2332.50	2602.00	2872.00	4250.00	5769.00	
03212500	1126	19681126	20131126	46	1686.39	1332.25	432.00	6260.00		454.50	538.00	596.05	663.00	713.25	826.20	957.05	995.40	1099.50	1235.00	1267.00	1392.00	1707.00	2088.00	2217.50	2684.00	3028.00	3673.00	4870.00	
03212500	1127	19681127	20131127	46	2179.24	2388.36	450.00	13200.00		470.20	569.30	651.10	698.60	735.50	840.40	899.05	1003.00	1098.00	1240.00	1298.50	1698.00	1996.50	2280.00	2510.00	3752.00	4426.50	4767.00	7506.50	
03212500	1128	19681128	20131128	46	2708.02	4763.86	478.00	31300.00		498.30	554.00	656.00	688.40	715.00	784.20	899.80	1080.00	1171.50	1250.00	1376.50	1632.00	1840.50	2387.00	3150.00	3780.00	4251.00	4955.00	9527.50	
03212500	1129	19681129	20131129	46	2742.35	4570.69	463.00	27800.00		492.05	579.20	650.15	704.20	743.75	833.60	963.90	1048.00	1137.50	1235.00	1433.50	1610.00	1767.50	2444.00	3155.00	3550.00	4443.50	5090.00	12633.00	
03212500	1130	19681130	20131130	46	2344.13	2888.76	417.00	16100.00		462.60	547.90	613.05	702.40	735.50	810.30	915.65	1058.00	1207.50	1260.00	1331.00	1594.00	1731.00	2278.00	2875.00	3442.00	3837.50	5666.00	9085.00	
03212500	1201	19681201	20131201	46	2658.61	3328.17	340.00	15200.00		406.90	470.60	551.85	666.00	739.00	837.50	946.60	1152.00	1190.00	1330.00	1384.00	1630.00	2199.50	2662.00	3370.00	3682.00	4394.50	7048.00	11955.00	
03212500	1202	19681202	20131202	46	3017.61	4263.63	254.00	16300.00		365.75	389.30	467.25	538.40	627.50	750.30	852.85	958.00	1083.00	1290.00	1399.50	1580.00	1791.00	2041.00	2972.50	3768.00	7798.00	10308.00	15500.00	
03212500	1203	19681203	20131203	46	2854.28	4784.42	208.00	27300.00		272.15	371.50	420.60	440.40	532.50	557.20	770.00	896.60	1041.50	1095.00	1337.00	1362.00	1582.00	1916.00	2407.50	3576.00	5688.50	10290.00	11715.00	
03212500	1204	19681204	20131204	46	2481.93	3961.57	164.00	23800.00		246.60	340.40	389.40	408.40	458.50	526.20	747.35	883.40	954.75	1095.00	1404.00	1496.00	1726.00	2280.00	2427.50	3208.00	4934.50	6452.00	9733.50	
03212500	1205	19681205	20131205	46	2433.04	3734.87	147.00	19300.00		224.75	298.30	356.75	430.20	589.75	633.10	741.05	822.40	863.80	1047.50	1358.50	1468.00	1703.00	2143.00	2560.00	2988.00	4019.00	6748.00	12670.00	
03212500	1206	19681206	20131206	46	2632.85	4099.30	182.00	19600.00		213.75	304.00	355.55	447.60	592.25	647.30	718.45	821.60	911.80	995.50	1390.50	1494.00	1726.50	2305.00	2710.00	3108.00	3896.50	7274.00	15005.00	
03212500	1207	19681207	20131207	46	2794.41	4127.63	183.00	21200.00		244.60	290.70	371.20	468.00	536.00	628.20	761.55	905.20	962.60	1250.00	1461.50	1544.00	1770.00	2379.00	3395.00	4344.00	5520.00	7071.00	13820.00	
03212500	1208	19681208	20131208	46	3148.35	4682.70	191.00	20400.00		271.50	298.30	344.40	481.00	519.75	592.40	819.75	867.80	1123.50	1215.00	1318.50	1536.00	1829.00	3089.00	3470.00	4906.00	7172.00	8726.00	17695.00	
03212500	1209	19681209	20131209	46	3640.09	5584.31	198.00	28300.00		260.90	303.40	383.80	482.00	579.00	677.30	749.45	882.40	1064.50	1215.00	1375.50	2214.00	3071.00	3423.00	4117.50	5196.00	6774.50	10420.00	17660.00	
03212500	1210	19681210	20131210	46	3807.24	5845.64	195.00	27500.00		260.20	327.00	509.95	564.40	624.25	659.60	721.25	873.80	1019.00	1130.00	1283.50	2478.00	3111.00	3444.00	4342.50	4812.00	7507.50	12760.00	19305.00	
03212500	1211	19681211	20131211	46	3324.78	4737.26	191.00	21400.00		261.85	413.20	502.10	623.80	674.25	716.90	795.55	970.60	1144.50	1245.00	1483.50	1834.00	2717.00	3109.00	3640.00	5112.00	6472.50	9783.00	16410.00	
03212500	1212	19681212	20131212	46	2859.76	3360.67	204.00	15900.00		259.35	474.50	554.70	672.40	718.50	743.70	890.90	1084.40	1223.50	1405.00	1554.00	1724.00	2849.50	3315.00	3652.50	4976.00	6108.00	7530.00	11217.00	
03212500	1213	19681213	20131213	46	2635.13	2482.41	228.00	9510.00		264.60	479.90	555.35	648.60	752.25	790.80	1056.00	1282.00	1484.50	1565.00	1872.00	2366.00	2720.50	3082.00	3867.50	4654.00	6262.50	6841.00	8521.50	
03212500	1214	19681214	20131214	46	2730.91	2643.62	237.00	13100.00		306.85	494.80	626.35	785.60	871.00	985.70	1188.00	1318.00	1597.50	1850.00	2079.50	2306.00	2616.50	3230.00	3737.50	4538.00	5013.00	6810.00	8141.50	
03212500	1215	19681215	20131215	46	2501.26	2561.71	253.00	14700.00		411.40	509.20	598.00	678.20	808.50	1093.00	1221.00	1388.00	1620.50	1720.00	1791.00	2140.00	2680.00	2932.00	3122.50	3720.00	4233.00	5451.00	7312.00	
03212500	1216	19681216	20131216	46	2392.89	2740.19	319.00	16700.00		475.65	522.00	624.15	658.40	814.00	998.20	1183.50	1374.00	1463.00	1830.00	1880.00	2416.00	2542.00	2669.00	2802.50	3126.00	3199.50	4473.00	8141.00	
03212500	1217	19681217	20131217	46	2505.43	2668.99	386.00	16200.00		421.30	487.90	597.10	731.00	875.50	966.00	1100.00	1358.00	1717.50	2015.00	2208.00	2422.00	2495.50	2722.00	2947.50	3330.00	4181.00	5154.00	7296.50	
03212500	1218	19681218	20131218	46	2478.93	2316.39	343.00	12800.00		403.35	501.50	666.60	700.80	914.75	958.20	1073.00	1332.00	1651.00	1990.00	2177.00	2344.00	2597.00	2820.00	2990.00	3674.00	4603.50	5749.00	6541.50	
03212500	1219	19681219	20131219	46	2160.33	1886.06	304.00	8880.00		378.10	532.80	632.55	678.60	763.00	954.80	1056.00	1188.00	1445.00	1865.00	2091.00	2312.00	2325.50	2558.00	2635.00	2866.00	3149.50	4954.00	7463.50	
03212500	1220	19681220	20131220	46	1938.74	1635.01	285.00	8060.00		351.65	522.50	606.20	621.80	652.25	692.70	915.85	1188.00	1361.00	1605.00	1754.00	1912.00	2056.50	2118.00	2430.00	2628.00	3930.50	4283.00	5557.00	
03212500	1221	19681221	20131221	46	1925.20	1588.08	263.00	6970.00		310.55	493.40	551.35	599.40	629.50	778.20	905.50	1118.00	1361.50	1515.00	1605.50	1830.00	2072.00	2279.00	2347.50	3258.00	3645.00	4768.00	5212.50	
03212500	1222	19681222	20131222	46	2177.52	1881.31	255.00	8820.00		281.05	462.80	516.20	607.00	812.25	984.30	1043.50	1304.00	1362.00	1470.00	1657.00	1992.00	2193.00	2520.00	2920.00	3994.00	4807.50	5083.00	5752.50	
03212500	1223	19681223	20131223	46	2720.61	3118.00	266.00	16000.00		308.55	435.90	506.40	590.60	907.50	993.60	1198.00	1386.00	1574.50	1615.00	1863.50	2182.00	2342.00	2696.00	2942.50	3982.00	4948.50	6742.00	10390.00	
03212500	1224	19681224	20131224	46	2856.70	3183.11	277.00	14400.00		306.20	434.80	486.80	547.80	847.00	1032.00	1235.50	1392.00	1489.00	1825.00	1932.50	2130.00	2561.00	3060.00	3287.50	3864.00	4345.00	9436.00	10184.50	
03212500	1225	19681225	20131225	46	2745.22	2464.44	300.00	9120.00		381.40	435.30	466.50	562.40	724.75	967.40	1072.50	1456.00	1764.50	1955.00	2119.00	2494.00	2672.50	3600.00	4027.50	5294.00	5604.50	6950.00	8402.50	
03212500	1226	19681226	20131226	46	2892.87	2325.38	366.00	10600.00		400.70	446.20	467.75	625.40	926.25	1033.00	1252.50	1470.00	1703.00	2360.00	2893.00	3394.00	3885.50	4110.00	4725.00	4938.00	5374.00	5867.00	6818.50	
03212500	1227	19681227	20131227	46	3236.37	3193.88	412.00	17500.00		421.65	463.10	497.95	661.60	844.25	1190.00	1242.50	1332.00	1890.00	2770.00	3205.00	3678.00	3987.50	4039.00	4077.50	4746.00	6025.50	6708.00	9676.00	
03212500	1228	19681228	20131228	46	3069.85	3029.59	385.00	16400.00		410.10	444.80	551.70	721.00	871.25	974.60	1234.00	1446.00	1852.00	2420.00	2892.00	3186.00	3293.00	3448.00	4095.00	5312.00	5652.50	6762.00	8756.50	
03212500	1229	19681229	20131229	46	2844.20	2657.98	347.00	12000.00		403.30	498.70	679.00	818.80	880.50	973.10	1346.00	1592.00	1798.00	2230.00	2318.00	2612.00	2911.50	3199.00	4167.50	4480.00	5014.00	6544.00	10206.00	
03212500	1230	19681230	20131230	46	3078.59	3165.28	320.00	13200.00		399.20	514.30	625.05	778.60	1014.75	1254.00	1300.00	1734.00	1850.50	2080.00	2343.00	2618.00	2952.50	3232.00	3717.50	4242.00	4837.50	9158.00	11875.00	
03212500	1231	19681231	20131231	46	3314.50	4399.67	300.00	24400.00		380.05	540.60	637.30	737.00	1057.50	1323.00	1418.00	1708.00	1832.50	2235.00	2408.50	2586.00	2675.50	2801.00	3270.00	3384.00	3965.00	9250.00	13405.00	
