site_no	monthday	begin_dt	end_dt	count_nu	mean	std	min	max	p01	p05	p10	p15	p20	p25	p30	p35	p40	p45	p50	p55	p60	p65	p70	p75	p80	p85	p90	p95	p99
0505152130	ALL	20091001	20151104	1685	1738.73	1651.56	72.00	13600.00	118.86	220.30	366.60	487.00	565.40	655.50	745.60	845.10	983.40	1120.00	1240.00	1390.00	1660.00	1880.00	2140.00	2350.00	2628.00	2951.00	3378.00	4441.00	8673.80
0505152130	0301	20100301	20150301	6	771.17	497.30	333.00	1570.00				340.70	394.60	448.50	488.40	493.30	498.20	504.75	513.50	522.25	662.80	902.20	1141.60	1300.00	1426.00	1552.00			
0505152130	0302	20100302	20150302	6	784.17	498.80	335.00	1580.00				343.65	404.20	464.75	508.10	508.45	508.80	514.10	526.00	537.90	680.40	920.85	1161.30	1317.50	1440.00	1562.50			
0505152130	0303	20100303	20150303	6	813.67	526.42	349.00	1650.00				356.75	411.00	465.25	504.50	506.25	508.00	519.65	544.50	569.35	722.00	970.50	1219.00	1380.00	1506.00	1632.00			
0505152130	0304	20100304	20150304	6	853.67	564.25	397.00	1730.00				401.05	429.40	457.75	483.30	501.85	520.40	539.25	558.50	577.75	748.80	1033.70	1318.60	1482.50	1598.00	1713.50			
0505152130	0305	20100305	20150305	6	916.00	579.02	457.00	1800.00				460.70	486.60	512.50	537.30	559.35	581.40	597.00	604.00	611.00	791.20	1101.30	1411.40	1575.00	1680.00	1785.00			
0505152130	0306	20100306	20150306	6	978.50	587.80	460.00	1870.00				467.55	520.40	573.25	615.90	633.05	650.20	666.00	680.00	694.00	874.00	1178.50	1483.00	1645.00	1750.00	1855.00			
0505152130	0307	20100307	20150307	6	1027.50	600.89	474.00	1950.00				482.60	542.80	603.00	653.80	681.10	708.40	729.55	742.50	755.45	930.80	1227.95	1525.10	1695.00	1814.00	1933.00			
0505152130	0308	20100308	20150308	6	1070.67	616.48	494.00	2030.00				504.60	578.80	653.00	711.30	729.85	748.40	762.90	772.00	781.10	958.00	1260.75	1563.50	1745.00	1878.00	2011.00			
0505152130	0309	20100309	20150309	6	1137.50	631.78	521.00	2080.00				533.95	624.60	715.25	784.50	800.25	816.00	827.10	832.00	836.90	1027.20	1356.55	1685.90	1855.00	1960.00	2065.00			
0505152130	0310	20100310	20150310	6	1221.83	642.57	564.00	2050.00				575.65	657.20	738.75	809.80	854.60	899.40	934.00	955.00	976.00	1190.00	1548.75	1907.50	2020.00	2034.00	2048.00			
0505152130	0311	20100311	20150311	6	1339.33	701.60	632.00	2400.00				641.10	704.80	768.50	837.60	920.20	1002.80	1063.50	1095.00	1126.50	1312.00	1613.00	1914.00	2100.00	2240.00	2380.00			
0505152130	0312	20100312	20150312	6	1499.83	845.68	824.00	3000.00				824.05	824.40	824.75	860.50	984.75	1109.00	1183.00	1190.00	1197.00	1354.00	1623.50	1893.00	2227.50	2588.00	2948.50			
0505152130	0313	20100313	20150313	6	1748.33	1116.57	810.00	3900.00				829.00	962.00	1095.00	1192.00	1199.00	1206.00	1246.00	1330.00	1414.00	1546.00	1714.00	1882.00	2422.50	3112.00	3801.50			
0505152130	0314	20100314	20150314	6	2106.33	1713.09	788.00	5500.00				810.10	964.80	1119.50	1244.00	1293.00	1342.00	1442.00	1610.00	1778.00	1860.00	1877.50	1895.00	2800.00	4060.00	5320.00			
0505152130	0315	20100315	20150315	6	2589.67	2636.21	788.00	7850.00				809.60	960.80	1112.00	1238.00	1301.00	1364.00	1472.00	1640.00	1808.00	1984.00	2166.00	2348.00	3762.50	5670.00	7577.50			
0505152130	0316	20100316	20150316	6	3068.50	3708.00	801.00	10500.00				816.45	924.60	1032.75	1131.00	1204.50	1278.00	1404.00	1600.00	1796.00	2064.00	2386.00	2708.00	4725.00	7420.00	10115.00			
0505152130	0317	20100317	20150317	6	3163.50	4130.82	804.00	11500.00				813.65	881.20	948.75	1027.30	1133.35	1239.40	1387.00	1590.00	1793.00	2004.00	2221.00	2438.00	4750.00	7900.00	11050.00			
0505152130	0318	20100318	20150318	6	3119.33	4466.55	804.00	12200.00				811.40	863.20	915.00	985.80	1104.10	1222.40	1332.00	1430.00	1528.00	1636.00	1751.50	1867.00	4475.00	8080.00	11685.00			
0505152130	0319	20100319	20150319	6	3009.50	4372.22	800.00	11900.00				808.85	870.80	932.75	996.30	1063.85	1131.40	1188.00	1230.00	1272.00	1416.00	1636.50	1857.00	4415.00	7908.00	11401.00			
0505152130	0320	20100320	20150320	6	2665.50	3555.92	793.00	9880.00				805.85	895.80	985.75	1053.00	1063.50	1074.00	1104.00	1160.00	1216.00	1382.00	1630.50	1879.00	3932.50	6708.00	9483.50			
0505152130	0321	20100321	20150321	6	2366.83	2828.60	791.00	8080.00				803.45	890.60	977.75	1049.00	1080.50	1112.00	1134.50	1145.00	1155.50	1328.00	1622.00	1916.00	3520.00	5648.00	7776.00			
0505152130	0322	20100322	20150322	6	2224.00	2490.60	788.00	7220.00				796.40	855.20	914.00	964.40	993.80	1023.20	1070.00	1140.00	1210.00	1412.00	1713.00	2014.00	3380.00	5172.00	6964.00			
0505152130	0323	20100323	20150323	6	2077.50	2162.39	792.00	6370.00				798.05	840.40	882.75	914.70	920.65	926.60	984.00	1110.00	1236.00	1466.00	1774.00	2082.00	3220.00	4690.00	6160.00			
0505152130	0324	20100324	20150324	6	1970.00	1937.16	799.00	5770.00				801.55	819.40	837.25	853.10	863.95	874.80	943.85	1090.50	1237.15	1484.00	1806.00	2128.00	3107.50	4350.00	5592.50			
0505152130	0325	20100325	20150325	6	1878.67	1785.65	761.00	5330.00				762.95	776.60	790.25	802.10	809.45	816.80	891.35	1055.50	1219.65	1486.00	1829.00	2172.00	3035.00	4106.00	5177.00			
0505152130	0326	20100326	20150326	6	1829.33	1704.93	676.00	5070.00				681.50	720.00	758.50	787.80	794.10	800.40	876.90	1047.00	1217.10	1502.00	1873.00	2244.00	3030.00	3982.00	4934.00			
0505152130	0327	20100327	20150327	6	1787.33	1643.71	607.00	4860.00				615.05	671.40	727.75	772.10	786.45	800.80	876.65	1034.50	1192.35	1492.00	1898.00	2304.00	3030.00	3884.00	4738.00			
0505152130	0328	20100328	20150328	6	1757.67	1610.49	536.00	4710.00				546.10	616.80	687.50	746.40	775.80	805.20	883.20	1026.00	1168.80	1486.00	1934.00	2382.00	3060.00	3830.00	4600.00			
0505152130	0329	20100329	20150329	6	1719.33	1533.62	523.00	4450.00				534.30	613.40	692.50	757.50	787.25	817.00	879.90	987.00	1094.10	1436.00	1954.00	2472.00	3077.50	3718.00	4358.50			
0505152130	0330	20100330	20150330	6	1702.67	1500.73	530.00	4300.00				542.40	629.20	716.00	782.00	796.00	810.00	852.80	934.00	1015.20	1388.00	1979.50	2571.00	3130.00	3676.00	4222.00			
0505152130	0331	20100331	20150331	6	1690.33	1496.76	536.00	4200.00				546.50	620.00	693.50	750.40	765.80	781.20	821.50	895.00	968.50	1374.00	2028.50	2683.00	3202.50	3668.00	4133.50			
0505152130	0401	20100401	20150401	6	1708.83	1511.32	575.00	4130.00				582.00	631.00	680.00	721.30	743.35	765.40	807.55	876.50	945.45	1396.00	2132.75	2869.50	3342.50	3710.00	4077.50			
0505152130	0402	20100402	20150402	6	1802.67	1623.60	621.00	4120.00				624.65	650.20	675.75	702.30	731.35	760.40	803.55	865.50	927.45	1493.20	2436.80	3380.40	3767.50	3932.00	4096.50			
0505152130	0403	20100403	20150403	6	2091.00	2102.64	637.00	5370.00				638.45	648.60	658.75	678.40	721.80	765.20	812.95	866.50	920.05	1582.40	2701.35	3820.30	4447.50	4878.00	5308.50			
0505152130	0404	20100404	20150404	6	2604.33	3151.03	644.00	8400.00				645.20	653.60	662.00	681.50	728.75	776.00	823.70	872.00	920.30	1586.80	2716.95	3847.10	5227.50	6708.00	8188.50			
0505152130	0405	20100405	20150405	6	3197.67	4473.73	633.00	11900.00				636.60	661.80	687.00	716.80	758.10	799.40	844.30	894.00	943.70	1604.00	2722.25	3840.50	6095.00	8804.00	11513.00			
0505152130	0406	20100406	20150406	6	3495.17	5128.65	625.00	13600.00				629.30	659.40	689.50	724.40	771.30	818.20	875.75	947.50	1019.25	1668.00	2749.50	3831.00	6505.00	9816.00	13127.00			
0505152130	0407	20100407	20150407	6	3458.17	4904.17	630.00	13100.00				633.00	654.00	675.00	707.90	770.55	833.20	939.65	1104.50	1269.35	1896.00	2869.00	3842.00	6365.00	9508.00	12651.00			
0505152130	0408	20100408	20150408	6	3397.50	4550.84	626.00	12300.00				628.30	644.40	660.50	692.50	764.25	836.00	1022.95	1363.50	1704.05	2292.00	3065.50	3839.00	6120.00	9004.00	11888.00			
0505152130	0409	20100409	20150409	6	3288.33	4129.68	596.00	11300.00				599.70	625.60	651.50	691.40	766.30	841.20	1108.40	1632.00	2155.60	2684.00	3216.00	3748.00	5750.00	8340.00	10930.00			
0505152130	0410	20100410	20150410	6	3095.83	3773.50	587.00	10400.00				590.90	618.20	645.50	688.80	772.10	855.40	1123.05	1636.50	2149.95	2626.00	3074.00	3522.00	5337.50	7700.00	10062.50			
0505152130	0411	20100411	20150411	6	3013.00	3776.30	587.00	10400.00				591.90	626.20	660.50	709.10	793.45	877.80	1096.10	1493.00	1889.90	2332.00	2808.00	3284.00	5165.00	7608.00	10051.00			
0505152130	0412	20100412	20150412	6	2789.67	3510.07	587.00	9680.00				591.85	625.80	659.75	711.30	806.85	902.40	1059.45	1298.50	1537.55	1950.00	2492.50	3035.00	4812.50	7084.00	9355.50			
0505152130	0413	20100413	20150413	6	2569.00	3082.44	576.00	8580.00				580.10	608.80	637.50	693.20	816.40	939.60	1088.00	1270.00	1452.00	1836.00	2371.50	2907.00	4440.00	6372.00	8304.00			
0505152130	0414	20100414	20150414	6	2441.50	2823.64	579.00	7890.00				583.05	611.40	639.75	702.00	849.00	996.00	1117.50	1205.00	1292.50	1686.00	2309.00	2932.00	4305.00	5978.00	7651.00			
0505152130	0415	20100415	20150415	6	2322.33	2633.79	577.00	7380.00				580.50	605.00	629.50	694.30	859.85	1025.40	1129.00	1150.00	1171.00	1550.00	2197.50	2845.00	4117.50	5640.00	7162.50			
0505152130	0416	20100416	20150416	6	2374.17	2508.06	575.00	7230.00				600.75	781.00	961.25	1100.00	1135.00	1170.00	1197.50	1215.00	1232.50	1576.00	2164.00	2752.00	3997.50	5506.00	7014.50			
0505152130	0417	20100417	20150417	6	2643.00	2462.26	568.00	7300.00				595.10	784.80	974.50	1125.00	1177.50	1230.00	1488.00	2020.00	2552.00	2792.00	2813.00	2834.00	3955.00	5516.00	7077.00			
0505152130	0418	20100418	20150418	6	2702.33	2472.24	574.00	7370.00				601.30	792.40	983.50	1149.00	1250.50	1352.00	1617.00	2100.00	2583.00	2822.00	2878.00	2934.00	4055.00	5602.00	7149.00			
0505152130	0419	20100419	20150419	6	2674.33	2469.03	586.00	7410.00				610.20	779.60	949.00	1125.00	1317.50	1510.00	1770.00	2120.00	2470.00	2644.00	2686.00	2728.00	3907.50	5542.00	7176.50			
0505152130	0420	20100420	20150420	6	2662.67	2447.51	596.00	7390.00				617.20	765.60	914.00	1112.00	1434.00	1756.00	1998.50	2135.00	2271.50	2404.00	2533.50	2663.00	3872.50	5514.00	7155.50			
0505152130	0421	20100421	20150421	6	2693.17	2408.19	599.00	7320.00				619.55	763.40	907.25	1124.00	1523.00	1922.00	2190.50	2285.00	2379.50	2468.00	2552.00	2636.00	3825.00	5456.00	7087.00			
0505152130	0422	20100422	20150422	6	2775.00	2378.55	603.00	7250.00				622.70	760.60	898.50	1117.30	1538.35	1959.40	2266.00	2420.00	2574.00	2704.00	2816.00	2928.00	4032.50	5534.00	7035.50			
0505152130	0423	20100423	20150423	6	2888.00	2386.78	608.00	7200.00				628.10	768.80	909.50	1132.00	1559.00	1986.00	2284.00	2410.00	2536.00	2810.00	3195.00	3580.00	4567.50	5796.00	7024.50			
0505152130	0424	20100424	20150424	6	3009.83	2403.84	659.00	7120.00				681.55	839.40	997.25	1218.00	1596.00	1974.00	2245.50	2375.00	2504.50	2932.00	3583.00	4234.00	5095.00	6040.00	6985.00			
0505152130	0425	20100425	20150425	6	3213.00	2429.88	688.00	6940.00				731.60	1036.80	1342.00	1614.00	1803.00	1992.00	2170.50	2335.00	2499.50	3140.00	4137.50	5135.00	5800.00	6332.00	6864.00			
0505152130	0426	20100426	20150426	6	3372.33	2555.87	664.00	6700.00				722.80	1134.40	1546.00	1856.00	1912.00	1968.00	2088.50	2295.00	2501.50	3360.00	4707.50	6055.00	6505.00	6596.00	6687.00			
0505152130	0427	20100427	20150427	6	3876.33	3514.87	648.00	9810.00				705.10	1104.80	1504.50	1812.00	1889.00	1966.00	2092.50	2285.00	2477.50	3336.00	4694.00	6052.00	7282.50	8462.00	9641.50			
0505152130	0428	20100428	20150428	6	4198.50	4086.77	641.00	11600.00				684.95	992.60	1300.25	1621.00	1974.50	2328.00	2558.50	2625.00	2691.50	3412.00	4623.00	5834.00	7535.00	9432.00	11329.00			
0505152130	0429	20100429	20150429	6	4086.83	3245.44	621.00	9250.00				656.45	904.60	1152.75	1448.00	1861.00	2274.00	2874.50	3725.00	4575.50	5126.00	5451.50	5777.00	6715.00	7898.00	9081.00			
0505152130	0430	20100430	20150430	6	3877.17	2741.79	613.00	6950.00				645.35	871.80	1098.25	1388.00	1836.00	2284.00	2997.50	4065.00	5132.50	5734.00	5986.00	6238.00	6470.00	6694.00	6918.00			
0505152130	0501	20100501	20150501	6	3605.17	2432.32	601.00	6210.00				632.45	852.60	1072.75	1368.00	1851.00	2334.00	3022.50	3985.00	4947.50	5412.00	5503.00	5594.00	5767.50	5974.00	6180.50			
0505152130	0502	20100502	20150502	6	3340.33	2110.34	592.00	5480.00				627.40	875.20	1123.00	1438.00	1921.00	2404.00	3001.00	3750.00	4499.00	4890.00	5012.50	5135.00	5247.50	5356.00	5464.50			
0505152130	0503	20100503	20150503	6	3021.17	1774.01	567.00	4970.00				608.15	896.20	1184.25	1518.00	1966.00	2414.00	2889.00	3400.00	3911.00	4184.00	4278.50	4373.00	4542.50	4742.00	4941.50			
0505152130	0504	20100504	20150504	6	2747.67	1529.61	556.00	4760.00				602.20	925.60	1249.00	1595.00	1997.50	2400.00	2762.00	3070.00	3378.00	3518.00	3532.00	3546.00	3852.50	4276.00	4699.50			
0505152130	0505	20100505	20150505	6	2554.67	1378.97	558.00	4510.00				605.10	934.80	1264.50	1607.00	1981.50	2356.00	2645.00	2820.00	2995.00	3080.00	3097.50	3115.00	3467.50	3954.00	4440.50			
0505152130	0506	20100506	20150506	6	2414.17	1270.92	565.00	4230.00				608.75	915.00	1221.25	1550.00	1935.00	2320.00	2579.00	2670.00	2761.00	2822.00	2860.50	2899.00	3240.00	3702.00	4164.00			
0505152130	0507	20100507	20150507	6	2328.33	1191.29	570.00	3980.00				611.00	898.00	1185.00	1507.00	1916.50	2326.00	2575.00	2610.00	2645.00	2690.00	2742.50	2795.00	3102.50	3512.00	3921.50			
0505152130	0508	20100508	20150508	6	2283.67	1137.90	562.00	3770.00				602.40	885.20	1168.00	1487.00	1896.50	2306.00	2564.00	2620.00	2676.00	2712.00	2733.00	2754.00	3012.50	3366.00	3719.50			
0505152130	0509	20100509	20150509	6	2301.67	1070.54	560.00	3630.00				613.50	988.00	1362.50	1709.00	1985.50	2262.00	2474.00	2600.00	2726.00	2782.00	2785.50	2789.00	3000.00	3294.00	3588.00			
0505152130	0510	20100510	20150510	6	2294.17	1022.76	585.00	3570.00				644.75	1063.00	1481.25	1837.00	2036.50	2236.00	2395.00	2500.00	2605.00	2686.00	2749.00	2812.00	3015.00	3274.00	3533.00			
0505152130	0511	20100511	20150511	6	2275.83	981.11	675.00	3510.00				728.25	1101.00	1473.75	1794.00	1983.00	2172.00	2326.50	2435.00	2543.50	2644.00	2738.50	2833.00	3022.50	3250.00	3477.50			
0505152130	0512	20100512	20150512	6	2287.00	946.67	792.00	3450.00				835.90	1143.20	1450.50	1727.00	1926.50	2126.00	2309.00	2470.00	2631.00	2734.00	2793.50	2853.00	3015.00	3218.00	3421.00			
0505152130	0513	20100513	20150513	6	2299.33	950.37	896.00	3390.00				927.20	1145.60	1364.00	1587.00	1821.50	2056.00	2283.00	2500.00	2717.00	2846.00	2909.00	2972.00	3090.00	3230.00	3370.00			
0505152130	0514	20100514	20150514	6	2335.17	977.80	981.00	3340.00				1003.45	1160.60	1317.75	1501.00	1749.50	1998.00	2260.00	2540.00	2820.00	2988.00	3072.00	3156.00	3220.00	3276.00	3332.00			
0505152130	0515	20100515	20150515	6	2316.33	1005.53	938.00	3310.00				959.60	1110.80	1262.00	1443.00	1698.50	1954.00	2230.50	2535.00	2839.50	3018.00	3102.00	3186.00	3235.00	3270.00	3305.00			
0505152130	0516	20100516	20150516	6	2245.00	997.53	880.00	3290.00				899.50	1036.00	1172.50	1354.00	1648.00	1942.00	2219.50	2475.00	2730.50	2888.00	2972.00	3056.00	3132.50	3206.00	3279.50			
0505152130	0517	20100517	20150517	6	2174.33	943.92	926.00	3270.00				938.70	1027.60	1116.50	1276.00	1612.00	1948.00	2224.00	2420.00	2616.00	2726.00	2771.50	2817.00	2940.00	3094.00	3248.00			
0505152130	0518	20100518	20150518	6	2171.67	810.94	1080.00	3260.00				1097.00	1216.00	1335.00	1488.00	1726.00	1964.00	2172.00	2340.00	2508.00	2582.00	2585.50	2589.00	2757.50	2992.00	3226.50			
0505152130	0519	20100519	20150519	6	2208.33	753.85	1000.00	3260.00				1044.50	1356.00	1667.50	1912.00	1989.00	2066.00	2167.00	2300.00	2433.00	2492.00	2495.50	2499.00	2690.00	2956.00	3222.00			
0505152130	0520	20100520	20150520	6	2266.50	756.74	979.00	3240.00				1030.05	1387.40	1744.75	2029.00	2130.50	2232.00	2309.50	2355.00	2400.50	2470.00	2557.50	2645.00	2812.50	3012.00	3211.50			
0505152130	0521	20100521	20150521	6	2363.17	831.64	969.00	3250.00				1014.55	1333.40	1652.25	1928.00	2096.00	2264.00	2432.00	2600.00	2768.00	2848.00	2862.00	2876.00	2972.50	3102.00	3231.50			
0505152130	0522	20100522	20150522	6	2385.00	903.14	960.00	3270.00				998.50	1268.00	1537.50	1790.00	2000.00	2210.00	2408.00	2590.00	2772.00	2914.00	3026.00	3138.00	3195.00	3230.00	3265.00			
0505152130	0523	20100523	20150523	6	2349.00	867.13	964.00	3320.00				1006.30	1302.40	1598.50	1858.00	2026.00	2194.00	2342.50	2465.00	2587.50	2726.00	2876.50	3027.00	3132.50	3220.00	3307.50			
0505152130	0524	20100524	20150524	6	2296.17	828.41	897.00	3340.00				951.15	1330.20	1709.25	2011.00	2119.50	2228.00	2317.00	2380.00	2443.00	2536.00	2651.50	2767.00	2935.00	3124.00	3313.00			
0505152130	0525	20100525	20150525	6	2269.00	850.20	864.00	3500.00				923.30	1338.40	1753.50	2078.00	2176.00	2274.00	2331.50	2335.00	2338.50	2378.00	2444.50	2511.00	2772.50	3112.00	3451.50			
0505152130	0526	20100526	20150526	6	2263.50	877.83	841.00	3600.00				905.95	1360.60	1815.25	2150.00	2185.00	2220.00	2259.50	2305.00	2350.50	2374.00	2381.00	2388.00	2692.50	3116.00	3539.50			
0505152130	0527	20100527	20150527	6	2268.33	813.23	980.00	3540.00				1040.50	1464.00	1887.50	2192.00	2199.00	2206.00	2220.50	2245.00	2269.50	2306.00	2351.50	2397.00	2692.50	3088.00	3483.50			
0505152130	0528	20100528	20150528	6	2263.33	742.85	1100.00	3440.00				1153.50	1528.00	1902.50	2176.00	2197.00	2218.00	2236.00	2250.00	2264.00	2290.00	2325.00	2360.00	2637.50	3012.00	3386.50			
0505152130	0529	20100529	20150529	6	2335.00	698.22	1300.00	3420.00				1340.50	1624.00	1907.50	2119.00	2150.50	2182.00	2215.00	2250.00	2285.00	2376.00	2509.00	2642.00	2865.00	3124.00	3383.00			
0505152130	0530	20100530	20150530	6	2378.33	883.03	1060.00	3430.00				1109.50	1456.00	1802.50	2065.00	2117.50	2170.00	2201.50	2205.00	2208.50	2432.00	2820.50	3209.00	3347.50	3386.00	3424.50			
0505152130	0531	20100531	20150531	6	2405.00	953.47	1010.00	3510.00				1060.50	1414.00	1767.50	2029.00	2060.50	2092.00	2140.00	2210.00	2280.00	2542.00	2948.00	3354.00	3480.00	3494.00	3508.00			
0505152130	0601	20100601	20150601	6	2375.67	902.80	984.00	3480.00				1037.80	1414.40	1791.00	2062.00	2069.00	2076.00	2131.00	2250.00	2369.00	2582.00	2865.50	3149.00	3292.50	3380.00	3467.50			
0505152130	0602	20100602	20150602	6	2341.67	810.59	1000.00	3460.00				1052.00	1416.00	1780.00	2076.00	2202.00	2328.00	2407.50	2425.00	2442.50	2500.00	2587.50	2675.00	2890.00	3156.00	3422.00			
0505152130	0603	20100603	20150603	6	2351.67	835.02	1030.00	3470.00				1079.50	1426.00	1772.50	2044.00	2128.00	2212.00	2276.50	2315.00	2353.50	2488.00	2694.50	2901.00	3087.50	3266.00	3444.50			
0505152130	0604	20100604	20150604	6	2306.67	881.74	1010.00	3470.00				1055.00	1370.00	1685.00	1924.00	1973.00	2022.00	2087.50	2175.00	2262.50	2460.00	2740.00	3020.00	3192.50	3322.00	3451.50			
0505152130	0605	20100605	20150605	6	2239.33	890.10	986.00	3460.00				1024.70	1295.60	1566.50	1778.00	1841.00	1904.00	1992.50	2115.00	2237.50	2432.00	2680.50	2929.00	3115.00	3276.00	3437.00			
0505152130	0606	20100606	20150606	6	2152.00	897.98	952.00	3420.00				980.90	1183.20	1385.50	1564.00	1683.00	1802.00	1931.50	2075.00	2218.50	2396.00	2599.00	2802.00	3000.00	3196.00	3392.00			
0505152130	0607	20100607	20150607	6	2115.50	901.31	923.00	3370.00				947.85	1121.80	1295.75	1467.00	1631.50	1796.00	1945.50	2075.00	2204.50	2374.00	2573.50	2773.00	2965.00	3154.00	3343.00			
0505152130	0608	20100608	20150608	6	2135.33	879.69	912.00	3280.00				936.40	1107.20	1278.00	1473.00	1728.50	1984.00	2146.50	2185.00	2223.50	2362.00	2575.50	2789.00	2957.50	3108.00	3258.50			
0505152130	0609	20100609	20150609	6	2066.33	860.01	888.00	3230.00				911.60	1076.80	1242.00	1425.00	1652.50	1880.00	2035.50	2095.00	2154.50	2290.00	2482.50	2675.00	2855.00	3030.00	3205.00			
0505152130	0610	20100610	20150610	6	2012.83	823.35	907.00	3180.00				928.15	1076.20	1224.25	1396.00	1627.00	1858.00	2003.50	2035.00	2066.50	2182.00	2360.50	2539.00	2737.50	2944.00	3150.50			
0505152130	0611	20100611	20150611	6	1967.33	821.47	884.00	3120.00				901.80	1026.40	1151.00	1315.00	1577.50	1840.00	1994.50	2005.00	2015.50	2126.00	2311.50	2497.00	2692.50	2892.00	3091.50			
0505152130	0612	20100612	20150612	6	1946.83	833.18	871.00	3050.00				886.95	998.60	1110.25	1264.00	1523.00	1782.00	1936.00	1950.00	1964.00	2110.00	2355.00	2600.00	2765.00	2898.00	3031.00			
0505152130	0613	20100613	20150613	6	1955.83	873.48	865.00	3020.00				879.25	979.00	1078.75	1222.00	1474.00	1726.00	1883.50	1915.00	1946.50	2142.00	2460.50	2779.00	2907.50	2960.00	3012.50			
0505152130	0614	20100614	20150614	6	1953.50	903.50	881.00	3010.00				891.45	964.60	1037.75	1164.00	1423.00	1682.00	1845.00	1880.00	1915.00	2140.00	2507.50	2875.00	2987.50	2998.00	3008.50			
0505152130	0615	20100615	20150615	6	1986.67	939.99	920.00	3170.00				931.00	1008.00	1085.00	1206.00	1437.00	1668.00	1807.50	1825.00	1842.50	2088.00	2504.50	2921.00	3072.50	3118.00	3163.50			
0505152130	0616	20100616	20150616	6	2256.83	1384.37	911.00	4680.00				933.95	1094.60	1255.25	1409.00	1545.50	1682.00	1761.50	1765.00	1768.50	2026.00	2474.00	2922.00	3457.50	4028.00	4598.50			
0505152130	0617	20100617	20150617	6	2500.33	2024.04	912.00	6370.00				931.90	1071.20	1210.50	1345.00	1467.50	1590.00	1670.50	1695.00	1719.50	1988.00	2439.50	2891.00	3857.50	5030.00	6202.50			
0505152130	0618	20100618	20150618	6	2500.33	2128.58	922.00	6600.00				937.40	1045.20	1153.00	1262.00	1374.00	1486.00	1575.50	1635.00	1694.50	1972.00	2413.00	2854.00	3885.00	5152.00	6419.00			
0505152130	0619	20100619	20150619	6	2508.00	2170.33	988.00	6710.00				997.60	1064.80	1132.00	1215.00	1337.50	1460.00	1554.00	1610.00	1666.00	1942.00	2383.00	2824.00	3890.00	5206.00	6522.00			
0505152130	0620	20100620	20150620	6	2836.67	2624.83	1270.00	8060.00				1282.00	1366.00	1450.00	1516.00	1537.00	1558.00	1586.50	1625.00	1663.50	1930.00	2367.50	2805.00	4212.50	6008.00	7803.50			
0505152130	0621	20100621	20150621	6	2936.67	2356.78	1290.00	7600.00				1303.50	1398.00	1492.50	1613.00	1798.50	1984.00	2091.50	2095.00	2098.50	2276.00	2584.00	2892.00	4135.00	5752.00	7369.00			
0505152130	0622	20100622	20150622	6	3091.67	1871.60	1260.00	6440.00				1285.00	1460.00	1635.00	1799.00	1935.50	2072.00	2343.50	2795.00	3246.50	3452.00	3473.00	3494.00	4235.00	5264.00	6293.00			
0505152130	0623	20100623	20150623	6	3116.67	1730.15	1230.00	5470.00				1257.50	1450.00	1642.50	1793.00	1838.50	1884.00	2174.00	2790.00	3406.00	3864.00	4203.50	4543.00	4847.50	5138.00	5428.50			
0505152130	0624	20100624	20150624	6	3041.67	1795.43	1190.00	5610.00				1208.50	1338.00	1467.50	1585.00	1672.50	1760.00	2078.50	2705.00	3331.50	3776.00	4084.00	4392.00	4762.50	5158.00	5553.50			
0505152130	0625	20100625	20150625	6	2941.67	1821.90	1110.00	5840.00				1124.00	1222.00	1320.00	1439.00	1610.50	1782.00	2120.00	2680.00	3240.00	3574.00	3738.50	3903.00	4422.50	5084.00	5745.50			
0505152130	0626	20100626	20150626	6	2890.00	1879.71	1050.00	5950.00				1059.00	1122.00	1185.00	1296.00	1527.00	1758.00	2110.50	2625.00	3139.50	3460.00	3635.00	3810.00	4382.50	5114.00	5845.50			
0505152130	0627	20100627	20150627	6	2730.00	1649.30	1030.00	5220.00				1039.00	1102.00	1165.00	1274.00	1498.00	1722.00	2064.50	2565.00	3065.50	3382.00	3560.50	3739.00	4147.50	4648.00	5148.50			
0505152130	0628	20100628	20150628	6	2563.33	1408.88	1010.00	4130.00				1019.00	1082.00	1145.00	1247.00	1446.50	1646.00	1997.00	2550.00	3103.00	3462.00	3675.50	3889.00	3995.00	4058.00	4121.00			
0505152130	0629	20100629	20150629	6	2422.17	1264.28	983.00	4020.00				990.35	1041.80	1093.25	1205.00	1467.50	1730.00	2085.50	2565.00	3044.50	3254.00	3261.00	3268.00	3457.50	3720.00	3982.50			
0505152130	0630	20100630	20150630	6	2308.33	1176.32	1010.00	3840.00				1011.50	1022.00	1032.50	1124.00	1418.00	1712.00	2037.50	2405.00	2772.50	2974.00	3051.00	3128.00	3322.50	3564.00	3805.50			
0505152130	0701	20100701	20150701	6	2229.17	1121.72	995.00	3690.00				997.75	1017.00	1036.25	1122.00	1374.00	1626.00	1924.50	2285.00	2645.50	2854.00	2948.50	3043.00	3225.00	3442.00	3659.00			
0505152130	0702	20100702	20150702	6	2160.67	1088.00	984.00	3590.00				986.80	1006.40	1026.00	1102.00	1319.00	1536.00	1814.50	2175.00	2535.50	2752.00	2860.50	2969.00	3147.50	3354.00	3560.50			
0505152130	0703	20100703	20150703	6	2110.50	1054.56	963.00	3510.00				968.35	1005.80	1043.25	1121.00	1299.50	1478.00	1734.50	2095.00	2455.50	2674.00	2786.00	2898.00	3075.00	3278.00	3481.00			
0505152130	0704	20100704	20150704	6	2064.83	1022.98	899.00	3420.00				910.05	987.40	1064.75	1163.00	1313.50	1464.00	1694.00	2030.00	2366.00	2586.00	2719.00	2852.00	3022.50	3208.00	3393.50			
0505152130	0705	20100705	20150705	6	2059.83	978.65	969.00	3360.00				979.55	1053.40	1127.25	1214.00	1333.00	1452.00	1656.50	1975.00	2293.50	2524.00	2688.50	2853.00	3015.00	3176.00	3337.00			
0505152130	0706	20100706	20150706	6	2136.67	1050.94	1030.00	3360.00				1038.00	1094.00	1150.00	1222.00	1334.00	1446.00	1642.00	1950.00	2258.00	2580.00	2912.50	3245.00	3345.00	3352.00	3359.00			
0505152130	0707	20100707	20150707	6	2182.17	1148.83	973.00	3720.00				983.85	1059.80	1135.75	1223.00	1338.50	1454.00	1646.00	1940.00	2234.00	2554.00	2893.50	3233.00	3427.50	3564.00	3700.50			
0505152130	0708	20100708	20150708	6	2148.67	1192.79	822.00	3740.00				841.40	977.20	1113.00	1234.00	1318.00	1402.00	1582.00	1890.00	2198.00	2532.00	2885.50	3239.00	3440.00	3580.00	3720.00			
0505152130	0709	20100709	20150709	6	2084.83	1191.62	769.00	3620.00				790.55	941.40	1092.25	1208.00	1236.00	1264.00	1436.00	1800.00	2164.00	2520.00	2870.00	3220.00	3395.00	3500.00	3605.00			
0505152130	0710	20100710	20150710	6	1999.00	1153.87	794.00	3400.00				806.30	892.40	978.50	1055.00	1107.50	1160.00	1359.50	1755.00	2150.50	2506.00	2831.50	3157.00	3287.50	3340.00	3392.50			
0505152130	0711	20100711	20150711	6	1950.83	1116.64	804.00	3230.00				812.85	874.80	936.75	999.90	1066.05	1132.20	1339.50	1735.00	2130.50	2484.00	2806.00	3128.00	3222.50	3226.00	3229.50			
0505152130	0712	20100712	20150712	6	1949.83	1145.87	805.00	3350.00				811.45	856.60	901.75	955.60	1031.20	1106.80	1319.50	1715.00	2110.50	2460.00	2775.00	3090.00	3222.50	3282.00	3341.50			
0505152130	0713	20100713	20150713	6	1982.33	1229.52	787.00	3680.00				792.50	831.00	869.50	921.30	1006.35	1091.40	1311.00	1710.00	2109.00	2446.00	2736.50	3027.00	3252.50	3452.00	3651.50			
0505152130	0714	20100714	20150714	6	2031.83	1284.52	767.00	3850.00				774.35	825.80	877.25	933.60	1002.20	1070.80	1320.00	1810.00	2300.00	2616.00	2801.50	2987.00	3242.50	3526.00	3809.50			
0505152130	0715	20100715	20150715	6	2069.00	1300.65	740.00	3900.00				751.70	833.60	915.50	988.60	1039.70	1090.80	1354.00	1900.00	2446.00	2744.00	2856.00	2968.00	3225.00	3540.00	3855.00			
0505152130	0716	20100716	20150716	6	2181.83	1425.96	721.00	4400.00				736.95	848.60	960.25	1060.00	1130.00	1200.00	1459.00	1970.00	2481.00	2758.00	2859.50	2961.00	3342.50	3836.00	4329.50			
0505152130	0717	20100717	20150717	6	2215.50	1538.25	707.00	4750.00				716.95	786.60	856.25	952.40	1114.80	1277.20	1554.50	1985.00	2415.50	2672.00	2798.00	2924.00	3407.50	4034.00	4660.50			
0505152130	0718	20100718	20150718	6	2163.00	1635.13	694.00	4950.00				697.00	718.00	739.00	803.60	977.20	1150.80	1425.50	1835.00	2244.50	2518.00	2689.50	2861.00	3420.00	4134.00	4848.00			
0505152130	0719	20100719	20150719	6	2062.83	1588.60	677.00	4750.00				677.15	678.20	679.25	725.00	882.50	1040.00	1301.00	1700.00	2099.00	2390.00	2600.00	2810.00	3340.00	3998.00	4656.00			
0505152130	0720	20100720	20150720	6	1963.83	1466.75	662.00	4360.00				662.45	665.60	668.75	709.90	846.05	982.20	1228.00	1620.00	2012.00	2314.00	2548.50	2783.00	3227.50	3756.00	4284.50			
0505152130	0721	20100721	20150721	6	1882.83	1360.19	578.00	4010.00				586.55	646.40	706.25	774.10	861.95	949.80	1169.50	1565.00	1960.50	2270.00	2515.00	2760.00	3125.00	3538.00	3951.00			
0505152130	0722	20100722	20150722	6	1789.50	1226.35	604.00	3580.00				614.75	690.00	765.25	822.50	834.75	847.00	1039.40	1472.00	1904.60	2230.00	2475.00	2720.00	2987.50	3264.00	3540.50			
0505152130	0723	20100723	20150723	6	1718.00	1154.90	620.00	3320.00				626.80	674.40	722.00	762.60	785.70	808.80	1004.70	1431.00	1857.30	2182.00	2430.50	2679.00	2892.50	3092.00	3291.50			
0505152130	0724	20100724	20150724	6	1657.83	1105.45	630.00	3330.00				635.20	671.60	708.00	749.90	805.55	861.20	1030.55	1351.50	1672.45	1958.00	2217.00	2476.00	2745.00	3018.00	3291.00			
0505152130	0725	20100725	20150725	6	1550.00	984.60	600.00	3010.00				605.20	641.60	678.00	729.20	817.40	905.60	1055.60	1288.00	1520.40	1778.00	2054.50	2331.00	2560.00	2770.00	2980.00			
0505152130	0726	20100726	20150726	6	1447.33	851.81	628.00	2510.00				631.20	653.60	676.00	711.20	778.40	845.60	985.40	1222.00	1458.60	1730.00	2027.50	2325.00	2435.00	2470.00	2505.00			
0505152130	0727	20100727	20150727	6	1442.50	907.96	584.00	2670.00				589.10	624.80	660.50	700.90	753.05	805.20	930.25	1152.50	1374.75	1658.00	1987.00	2316.00	2475.00	2566.00	2657.00			
0505152130	0728	20100728	20150728	6	1513.67	981.59	698.00	3020.00				698.50	702.00	705.50	720.80	765.60	810.40	925.10	1133.00	1340.90	1622.00	1958.00	2294.00	2547.50	2768.00	2988.50			
0505152130	0729	20100729	20150729	6	1568.17	1061.00	717.00	3320.00				718.45	728.60	738.75	757.00	795.50	834.00	939.10	1133.00	1326.90	1600.00	1932.50	2265.00	2600.00	2936.00	3272.00			
0505152130	0730	20100730	20150730	6	1571.83	1118.96	685.00	3480.00				686.30	695.40	704.50	725.40	775.80	826.20	935.25	1122.50	1309.75	1574.00	1896.00	2218.00	2602.50	3012.00	3421.50			
0505152130	0731	20100731	20150731	6	1500.83	1098.89	613.00	3470.00				617.50	649.00	680.50	718.60	773.20	827.80	928.15	1089.50	1250.85	1464.00	1716.00	1968.00	2397.50	2898.00	3398.50			
0505152130	0801	20100801	20150801	6	1552.50	1294.89	661.00	4050.00				662.20	670.60	679.00	706.40	781.30	856.20	947.15	1059.50	1171.85	1336.00	1539.00	1742.00	2362.50	3150.00	3937.50			
0505152130	0802	20100802	20150802	6	1651.00	1590.86	620.00	4800.00				623.40	647.20	671.00	714.00	805.00	896.00	978.30	1049.00	1119.70	1260.00	1452.50	1645.00	2475.00	3560.00	4645.00			
0505152130	0803	20100803	20150803	6	1831.33	2099.97	584.00	6050.00				588.80	622.40	656.00	707.40	803.30	899.20	972.90	1017.00	1061.10	1192.00	1388.00	1584.00	2742.50	4286.00	5829.50			
0505152130	0804	20100804	20150804	6	1815.00	2063.64	577.00	5960.00				580.80	607.40	634.00	689.70	818.15	946.60	1027.50	1045.00	1062.50	1178.00	1367.00	1556.00	2697.50	4220.00	5742.50			
0505152130	0805	20100805	20150805	6	1681.17	1744.04	556.00	5160.00				560.75	594.00	627.25	684.90	803.55	922.20	1012.50	1065.00	1117.50	1230.00	1387.50	1545.00	2482.50	3732.00	4981.50			
0505152130	0806	20100806	20150806	6	1484.33	1311.46	550.00	4050.00				552.65	571.20	589.75	642.00	778.50	915.00	1015.05	1066.50	1117.95	1226.00	1376.50	1527.00	2190.00	3058.00	3926.00			
0505152130	0807	20100807	20150807	6	1395.83	1096.23	567.00	3500.00				567.05	567.40	567.75	616.20	784.90	953.60	1063.50	1095.00	1126.50	1222.00	1365.50	1509.00	2037.50	2720.00	3402.50			
0505152130	0808	20100808	20150808	6	1408.83	1156.01	576.00	3660.00				576.05	576.40	576.75	621.30	776.35	931.40	1038.00	1080.00	1122.00	1208.00	1327.00	1446.00	2025.00	2788.00	3551.00			
0505152130	0809	20100809	20150809	6	1395.17	1160.13	563.00	3670.00				564.75	577.00	589.25	638.20	778.90	919.60	1019.50	1065.00	1110.50	1186.00	1284.00	1382.00	1975.00	2766.00	3557.00			
0505152130	0810	20100810	20150810	6	1343.17	1093.25	555.00	3480.00				555.20	556.60	558.00	601.60	750.70	899.80	1006.75	1057.50	1108.25	1174.00	1251.00	1328.00	1882.50	2628.00	3373.50			
0505152130	0811	20100811	20150811	6	1282.83	1020.14	513.00	3260.00				514.40	524.20	534.00	579.20	712.90	846.60	955.55	1031.50	1107.45	1176.00	1239.00	1302.00	1805.00	2484.00	3163.00			
0505152130	0812	20100812	20150812	6	1254.00	975.47	472.00	3110.00				475.05	496.40	517.75	564.60	675.20	785.80	900.15	1019.50	1138.85	1226.00	1289.00	1352.00	1805.00	2414.00	3023.00			
0505152130	0813	20100813	20150813	6	1265.17	969.29	449.00	3070.00				453.40	484.20	515.00	562.80	653.10	743.40	878.25	1072.50	1266.75	1358.00	1372.00	1386.00	1810.00	2398.00	2986.00			
0505152130	0814	20100814	20150814	6	1231.83	997.80	451.00	3050.00				452.05	459.40	466.75	484.60	528.70	572.80	704.80	954.00	1203.20	1350.00	1420.00	1490.00	1895.00	2434.00	2973.00			
0505152130	0815	20100815	20150815	6	1178.67	995.94	266.00	2950.00				275.25	340.00	404.75	467.40	524.80	582.20	708.75	927.50	1146.25	1302.00	1410.50	1519.00	1900.00	2390.00	2880.00			
0505152130	0816	20100816	20150816	6	1156.83	972.19	292.00	2900.00				300.65	361.20	421.75	476.90	518.55	560.20	673.40	882.00	1090.60	1248.00	1367.00	1486.00	1865.00	2348.00	2831.00			
0505152130	0817	20100817	20150817	6	1222.83	916.60	477.00	2910.00				481.35	511.80	542.25	574.20	609.90	645.60	756.60	968.00	1179.40	1306.00	1369.00	1432.00	1815.00	2326.00	2837.00			
0505152130	0818	20100818	20150818	6	1238.50	912.05	482.00	2940.00				485.85	512.80	539.75	581.10	658.45	735.80	859.50	1045.00	1230.50	1320.00	1337.50	1355.00	1755.00	2308.00	2861.00			
0505152130	0819	20100819	20150819	6	1188.33	881.42	475.00	2850.00				477.80	497.40	517.00	555.30	640.35	725.40	839.40	992.00	1144.60	1226.00	1254.00	1282.00	1680.00	2226.00	2772.00			
0505152130	0820	20100820	20150820	6	1152.83	843.37	469.00	2740.00				471.40	488.20	505.00	541.40	626.80	712.20	822.35	965.50	1108.65	1188.00	1219.50	1251.00	1630.00	2148.00	2666.00			
0505152130	0821	20100821	20150821	6	1130.00	833.88	462.00	2670.00				463.75	476.00	488.25	512.40	566.30	620.20	740.85	950.50	1160.15	1250.00	1250.00	1250.00	1605.00	2102.00	2599.00			
0505152130	0822	20100822	20150822	6	1100.67	844.34	416.00	2610.00				419.70	445.60	471.50	490.80	493.60	496.40	609.30	869.00	1128.70	1262.00	1300.50	1339.00	1665.00	2106.00	2547.00			
0505152130	0823	20100823	20150823	6	1082.50	843.57	390.00	2580.00				393.20	415.60	438.00	457.70	470.65	483.60	603.35	865.50	1127.65	1260.00	1295.00	1330.00	1650.00	2084.00	2518.00			
0505152130	0824	20100824	20150824	6	1074.67	837.73	363.00	2540.00				367.35	397.80	428.25	453.50	465.75	478.00	596.75	857.50	1118.25	1260.00	1312.50	1365.00	1670.00	2076.00	2482.00			
0505152130	0825	20100825	20150825	6	1056.67	827.68	322.00	2490.00				328.45	373.60	418.75	453.60	462.70	471.80	589.95	853.50	1117.05	1258.00	1307.00	1356.00	1650.00	2042.00	2434.00			
0505152130	0826	20100826	20150826	6	1018.00	836.68	276.00	2440.00				279.95	307.60	335.25	364.20	396.40	428.60	564.45	838.50	1112.55	1256.00	1301.50	1347.00	1630.00	2008.00	2386.00			
0505152130	0827	20100827	20150827	6	1010.00	845.28	255.00	2370.00				255.50	259.00	262.50	283.50	348.25	413.00	565.50	835.00	1104.50	1276.00	1374.00	1472.00	1717.50	2022.00	2326.50			
0505152130	0828	20100828	20150828	6	1055.00	884.71	251.00	2330.00				251.15	252.20	253.25	273.10	339.95	406.80	561.25	832.50	1103.75	1342.00	1555.50	1769.00	1955.00	2130.00	2305.00			
0505152130	0829	20100829	20150829	6	1076.00	918.53	253.00	2300.00				254.10	261.80	269.50	286.30	325.85	365.40	511.30	799.00	1086.70	1374.00	1661.00	1948.00	2097.50	2192.00	2286.50			
0505152130	0830	20100830	20150830	6	1079.83	944.17	249.00	2290.00				249.90	256.20	262.50	274.60	301.20	327.80	473.05	776.50	1079.95	1392.00	1710.50	2029.00	2162.50	2222.00	2281.50			
0505152130	0831	20100831	20150831	6	1106.67	944.93	265.00	2280.00				265.00	265.00	265.00	277.50	321.25	365.00	522.00	830.00	1138.00	1450.00	1765.00	2080.00	2197.50	2236.00	2274.50			
0505152130	0901	20100901	20150901	6	1109.83	941.34	264.00	2260.00				264.75	270.00	275.25	290.70	331.65	372.60	527.10	833.00	1138.90	1454.00	1776.00	2098.00	2207.50	2232.00	2256.50			
0505152130	0902	20100902	20150902	6	1118.33	942.32	279.00	2260.00				279.80	285.40	291.00	303.10	331.45	359.80	514.60	838.00	1161.40	1480.00	1795.00	2110.00	2215.00	2236.00	2257.00			
0505152130	0903	20100903	20150903	6	1135.17	956.06	276.00	2320.00				278.15	293.20	308.25	324.70	344.65	364.60	516.10	843.00	1169.90	1490.00	1805.00	2120.00	2237.50	2276.00	2314.50			
0505152130	0904	20100904	20150904	6	1142.00	965.55	278.00	2350.00				280.15	295.20	310.25	326.20	344.40	362.60	513.55	841.50	1169.45	1492.00	1810.50	2129.00	2252.50	2298.00	2343.50			
0505152130	0905	20100905	20150905	6	1087.83	899.43	279.00	2350.00				281.25	297.00	312.75	329.00	346.50	364.00	512.90	837.00	1161.10	1420.00	1630.00	1840.00	2012.50	2170.00	2327.50			
0505152130	0906	20100906	20150906	6	1057.67	860.76	257.00	2330.00				262.30	299.40	336.50	364.30	368.85	373.40	514.60	838.00	1161.40	1384.00	1531.00	1678.00	1872.50	2086.00	2299.50			
0505152130	0907	20100907	20150907	6	1052.50	867.38	225.00	2300.00				231.00	273.00	315.00	347.00	354.00	361.00	512.75	857.50	1202.25	1426.00	1559.00	1692.00	1872.50	2072.00	2271.50			
0505152130	0908	20100908	20150908	6	1044.17	864.98	197.00	2280.00				204.15	254.20	304.25	342.80	352.60	362.40	519.80	874.00	1228.20	1444.00	1556.00	1668.00	1845.00	2048.00	2251.00			
0505152130	0909	20100909	20150909	6	1051.00	856.85	205.00	2260.00				211.25	255.00	298.75	336.10	357.45	378.80	551.35	925.50	1299.65	1500.00	1570.00	1640.00	1810.00	2020.00	2230.00			
0505152130	0910	20100910	20150910	6	1098.00	854.51	218.00	2170.00				225.45	277.60	329.75	372.60	392.20	411.80	613.05	1056.50	1499.95	1696.00	1706.50	1717.00	1832.50	1990.00	2147.50			
0505152130	0911	20100911	20150911	6	1198.33	960.98	219.00	2380.00				227.60	287.80	348.00	392.90	399.55	406.20	618.50	1105.00	1591.50	1838.00	1904.50	1971.00	2087.50	2224.00	2360.50			
0505152130	0912	20100912	20150912	6	1270.17	1076.82	209.00	2880.00				218.20	282.60	347.00	399.60	422.70	445.80	660.15	1129.50	1598.85	1816.00	1844.00	1872.00	2130.00	2480.00	2830.00			
0505152130	0913	20100913	20150913	6	1288.67	1108.89	211.00	3020.00				219.95	282.60	345.25	400.10	435.45	470.80	684.35	1135.50	1586.65	1792.00	1813.00	1834.00	2135.00	2548.00	2961.00			
0505152130	0914	20100914	20150914	6	1231.50	1030.80	212.00	2820.00				220.90	283.20	345.50	401.70	442.65	483.60	675.45	1068.50	1461.55	1670.00	1740.00	1810.00	2077.50	2424.00	2770.50			
0505152130	0915	20100915	20150915	6	1154.33	904.91	213.00	2450.00				221.55	281.40	341.25	400.50	458.25	516.00	693.15	1029.50	1365.85	1572.00	1680.50	1789.00	1977.50	2198.00	2418.50			
0505152130	0916	20100916	20150916	6	1094.50	829.46	213.00	2170.00				221.70	282.60	343.50	399.00	441.00	483.00	652.95	993.50	1334.05	1546.00	1661.50	1777.00	1900.00	2026.00	2152.00			
0505152130	0917	20100917	20150917	6	1078.83	829.68	212.00	2150.00				220.45	279.60	338.75	388.90	416.55	444.20	611.50	965.00	1318.50	1536.00	1651.50	1767.00	1887.50	2010.00	2132.50			
0505152130	0918	20100918	20150918	6	1101.50	867.83	221.00	2290.00				229.05	285.40	341.75	388.40	410.80	433.20	598.10	953.00	1307.90	1530.00	1652.50	1775.00	1930.00	2098.00	2266.00			
0505152130	0919	20100919	20150919	6	1092.17	878.45	223.00	2300.00				230.25	281.00	331.75	371.40	383.30	395.20	559.20	926.00	1292.80	1522.00	1648.00	1774.00	1932.50	2104.00	2275.50			
0505152130	0920	20100920	20150920	6	1061.17	841.78	220.00	2200.00				227.55	280.40	333.25	374.50	386.75	399.00	552.10	893.00	1233.90	1462.00	1605.50	1749.00	1892.50	2036.00	2179.50			
0505152130	0921	20100921	20150921	6	1055.50	775.48	217.00	2080.00				226.20	290.60	355.00	416.40	470.30	524.20	668.25	932.50	1196.75	1402.00	1563.00	1724.00	1847.50	1956.00	2064.50			
0505152130	0922	20100922	20150922	6	1029.83	753.41	204.00	2000.00				212.85	274.80	336.75	400.30	467.85	535.40	676.90	917.00	1157.10	1360.00	1535.00	1710.00	1820.00	1904.00	1988.00			
0505152130	0923	20100923	20150923	6	1016.33	755.56	185.00	1990.00				193.80	255.40	317.00	382.10	455.95	529.80	672.20	906.00	1139.80	1342.00	1520.50	1699.00	1810.00	1894.00	1978.00			
0505152130	0924	20100924	20150924	6	1049.83	809.04	175.00	2150.00				184.55	251.40	318.25	387.20	461.40	535.60	674.30	899.00	1123.70	1338.00	1544.50	1751.00	1895.00	2014.00	2133.00			
0505152130	0925	20100925	20150925	6	1078.33	874.84	170.00	2370.00				179.70	247.60	315.50	383.20	450.40	517.60	652.60	878.00	1103.40	1322.00	1535.50	1749.00	1950.00	2146.00	2342.00			
0505152130	0926	20100926	20150926	6	1088.33	932.20	165.00	2540.00				174.80	243.40	312.00	373.30	416.35	459.40	591.40	842.00	1092.60	1316.00	1519.00	1722.00	1970.00	2236.00	2502.00			
0505152130	0927	20100927	20150927	6	1091.00	969.53	155.00	2660.00				165.25	237.00	308.75	369.10	400.95	432.80	561.85	820.50	1079.15	1298.00	1487.00	1676.00	1962.50	2288.00	2613.50			
0505152130	0928	20100928	20150928	6	1037.00	940.33	140.00	2670.00				150.70	225.60	300.50	365.40	405.30	445.20	574.80	824.00	1073.20	1226.00	1306.50	1387.00	1725.00	2166.00	2607.00			
0505152130	0929	20100929	20150929	6	950.17	887.23	115.00	2570.00				126.90	210.20	293.50	368.00	420.50	473.00	573.05	736.50	899.95	1014.00	1091.00	1168.00	1535.00	2018.00	2501.00			
0505152130	0930	20100930	20150930	6	888.50	851.72	105.00	2440.00				115.45	188.60	261.75	329.00	381.50	434.00	517.10	641.00	764.90	892.40	1022.60	1152.80	1502.50	1940.00	2377.50			
0505152130	1001	20091001	20151001	7	789.71	776.36	100.00	2370.00				135.80	207.40	279.00	334.20	389.40	422.00	432.00	442.00	577.20	712.40	852.00	996.00	1140.00	1632.00	2124.00			
0505152130	1002	20091002	20151002	7	817.00	754.71	95.00	2360.00				132.80	208.40	284.00	350.80	417.60	496.00	586.00	676.00	710.80	745.60	828.40	959.20	1090.00	1598.00	2106.00			
0505152130	1003	20091003	20151003	7	849.29	739.02	100.00	2320.00				136.60	209.80	283.00	344.20	405.40	505.80	645.40	785.00	855.40	925.80	980.80	1020.40	1060.00	1564.00	2068.00			
0505152130	1004	20091004	20151004	7	865.43	732.19	105.00	2280.00				142.00	216.00	290.00	342.00	394.00	492.60	637.80	783.00	901.80	1020.60	1084.00	1092.00	1100.00	1572.00	2044.00			
0505152130	1005	20091005	20151005	7	861.29	716.94	110.00	2260.00				146.20	218.60	291.00	365.40	439.80	535.80	653.40	771.00	870.60	970.20	1036.00	1068.00	1100.00	1564.00	2028.00			
0505152130	1006	20091006	20151006	7	857.57	685.40	111.00	2210.00				146.60	217.80	289.00	431.40	573.80	673.40	730.20	787.00	816.60	846.20	908.80	1004.40	1100.00	1544.00	1988.00			
0505152130	1007	20091007	20151007	7	916.29	691.23	113.00	2190.00				147.20	215.60	284.00	458.40	632.80	729.40	748.20	767.00	900.20	1033.40	1128.00	1184.00	1240.00	1620.00	2000.00			
0505152130	1008	20091008	20151008	7	951.00	729.21	114.00	2190.00				149.00	219.00	289.00	449.00	609.00	692.20	698.60	705.00	871.00	1037.00	1206.00	1378.00	1550.00	1806.00	2062.00			
0505152130	1009	20091009	20151009	7	902.57	692.47	118.00	2160.00				151.80	219.40	287.00	420.60	554.20	643.20	687.60	732.00	883.20	1034.40	1146.00	1218.00	1290.00	1638.00	1986.00			
0505152130	1010	20091010	20151010	7	828.00	622.23	120.00	1990.00				154.20	222.60	291.00	403.00	515.00	601.40	662.20	723.00	830.20	937.40	1014.80	1062.40	1110.00	1462.00	1814.00			
0505152130	1011	20091011	20151011	7	768.57	574.04	125.00	1850.00				155.60	216.80	278.00	383.20	488.40	575.00	643.00	711.00	744.60	778.20	852.00	966.00	1080.00	1388.00	1696.00			
0505152130	1012	20091012	20151012	7	740.00	557.78	145.00	1810.00				167.20	211.60	256.00	370.40	484.80	571.80	631.40	691.00	693.00	695.00	764.80	902.40	1040.00	1348.00	1656.00			
0505152130	1013	20091013	20151013	7	734.71	548.46	170.00	1800.00				187.60	222.80	258.00	369.60	481.20	557.60	598.80	640.00	675.20	710.40	784.40	897.20	1010.00	1326.00	1642.00			
0505152130	1014	20091014	20151014	7	733.43	533.91	181.00	1760.00				198.40	233.20	268.00	373.20	478.40	546.60	577.80	609.00	675.40	741.80	822.00	916.00	1010.00	1310.00	1610.00			
0505152130	1015	20091015	20151015	7	783.86	522.52	177.00	1730.00				193.80	227.40	261.00	398.60	536.20	639.80	709.40	779.00	842.20	905.40	949.20	973.60	998.00	1290.80	1583.60			
0505152130	1016	20091016	20151016	7	1001.57	764.45	182.00	2290.00				197.40	228.20	259.00	448.60	638.20	760.20	814.60	869.00	900.60	932.20	1104.40	1417.20	1730.00	1954.00	2178.00			
0505152130	1017	20091017	20151017	7	1088.14	853.28	181.00	2580.00				197.40	230.20	263.00	440.60	618.20	740.80	808.40	876.00	1037.60	1199.20	1370.00	1550.00	1730.00	2070.00	2410.00			
0505152130	1018	20091018	20151018	7	1032.29	744.89	197.00	2200.00				209.60	234.80	260.00	437.20	614.40	737.60	806.80	876.00	1029.60	1183.20	1354.00	1542.00	1730.00	1918.00	2106.00			
0505152130	1019	20091019	20151019	7	951.14	631.43	213.00	1790.00				223.20	243.60	264.00	441.60	619.20	743.00	813.00	883.00	961.80	1040.60	1208.00	1464.00	1720.00	1748.00	1776.00			
0505152130	1020	20091020	20151020	7	888.29	565.25	212.00	1680.00				221.20	239.60	258.00	450.00	642.00	766.00	822.00	878.00	895.60	913.20	1043.60	1286.80	1530.00	1590.00	1650.00			
0505152130	1021	20091021	20151021	7	870.14	541.30	211.00	1660.00				214.20	220.60	227.00	427.00	627.00	756.80	816.40	876.00	937.60	999.20	1096.00	1228.00	1360.00	1480.00	1600.00			
0505152130	1022	20091022	20151022	7	979.43	694.33	188.00	1990.00				191.00	197.00	203.00	394.20	585.40	719.60	796.80	874.00	1028.40	1182.80	1340.00	1500.00	1660.00	1792.00	1924.00			
0505152130	1023	20091023	20151023	7	1038.57	831.16	199.00	2520.00				199.80	201.40	203.00	386.60	570.20	704.80	790.40	876.00	993.60	1111.20	1264.00	1452.00	1640.00	1992.00	2344.00			
0505152130	1024	20091024	20151024	7	996.86	727.13	187.00	2130.00				199.40	224.20	249.00	395.80	542.60	662.00	754.00	846.00	1035.60	1225.20	1382.00	1506.00	1630.00	1830.00	2030.00			
0505152130	1025	20091025	20151025	7	895.14	611.91	171.00	1710.00				188.40	223.20	258.00	394.00	530.00	644.20	736.60	829.00	929.40	1029.80	1188.00	1404.00	1620.00	1656.00	1692.00			
0505152130	1026	20091026	20151026	7	850.00	577.78	167.00	1650.00				185.20	221.60	258.00	374.40	490.80	604.60	715.80	827.00	891.80	956.60	1093.20	1301.60	1510.00	1566.00	1622.00			
0505152130	1027	20091027	20151027	7	887.57	633.61	172.00	1940.00				191.00	229.00	267.00	371.80	476.60	590.20	712.60	835.00	945.00	1055.00	1160.00	1260.00	1360.00	1592.00	1824.00			
0505152130	1028	20091028	20151028	7	1033.57	964.62	195.00	3040.00				216.40	259.20	302.00	399.20	496.40	600.60	711.80	823.00	949.80	1076.60	1150.00	1170.00	1190.00	1930.00	2670.00			
0505152130	1029	20091029	20151029	7	1171.71	1339.50	193.00	4100.00				221.40	278.20	335.00	419.00	503.00	597.80	703.40	809.00	921.40	1033.80	1098.00	1114.00	1130.00	2318.00	3506.00			
0505152130	1030	20091030	20151030	7	1280.14	1461.51	195.00	4420.00				225.60	286.80	348.00	419.20	490.40	579.20	685.60	792.00	923.20	1054.40	1208.00	1384.00	1560.00	2704.00	3848.00			
0505152130	1031	20091031	20151031	7	1550.43	1678.34	193.00	4100.00				222.80	282.40	342.00	410.80	479.60	560.00	652.00	744.00	898.40	1052.80	1670.00	2750.00	3830.00	3938.00	4046.00			
0505152130	1101	20091101	20151101	7	1636.14	1877.74	189.00	5050.00				218.20	276.60	335.00	408.60	482.20	559.20	639.60	720.00	896.00	1072.00	1624.00	2552.00	3480.00	4108.00	4736.00			
0505152130	1102	20091102	20151102	7	1583.86	1836.11	191.00	5130.00				219.20	275.60	332.00	405.20	478.40	549.80	619.40	689.00	897.40	1105.80	1572.00	2296.00	3020.00	3864.00	4708.00			
0505152130	1103	20091103	20151103	7	1429.29	1573.63	193.00	4360.00				219.60	272.80	326.00	408.40	490.80	560.40	617.20	674.00	832.40	990.80	1426.00	2138.00	2850.00	3454.00	4058.00			
0505152130	1104	20091104	20151104	7	1255.86	1274.72	186.00	3350.00				213.80	269.40	325.00	410.20	495.40	565.00	619.00	673.00	771.40	869.80	1295.20	2047.60	2800.00	3020.00	3240.00			
0505152130	1105	20091105	20141105	6	1245.33	1076.64	175.00	2780.00				193.40	322.20	451.00	558.00	610.50	663.00	719.70	782.00	844.30	1178.80	1717.45	2256.10	2502.50	2632.00	2761.50			
0505152130	1106	20091106	20141106	6	1162.50	971.04	181.00	2740.00				200.95	340.60	480.25	593.20	639.40	685.60	728.50	767.00	805.50	1045.60	1436.90	1828.20	2140.00	2420.00	2700.00			
0505152130	1107	20091107	20141107	6	1110.00	942.33	176.00	2720.00				196.85	342.80	488.75	605.00	647.00	689.00	713.75	715.50	717.25	922.40	1280.10	1637.80	1985.00	2328.00	2671.00			
0505152130	1108	20091108	20141108	6	1085.00	926.85	173.00	2710.00				192.80	331.40	470.00	580.50	620.75	661.00	694.50	719.00	743.50	927.20	1230.30	1533.40	1892.50	2274.00	2655.50			
0505152130	1109	20091109	20141109	6	1075.00	913.31	165.00	2700.00				184.90	324.20	463.50	579.30	636.35	693.40	730.50	741.00	751.50	912.80	1187.20	1461.60	1830.00	2236.00	2642.00			
0505152130	1110	20091110	20141110	6	1062.00	894.00	169.00	2670.00				188.45	324.60	460.75	575.20	635.40	695.60	736.75	752.50	768.25	914.00	1157.25	1400.50	1770.00	2190.00	2610.00			
0505152130	1111	20091111	20141111	6	1050.50	879.10	166.00	2640.00				185.00	318.00	451.00	565.00	631.50	698.00	744.85	765.50	786.15	920.00	1138.75	1357.50	1725.00	2152.00	2579.00			
0505152130	1112	20091112	20141112	6	1020.67	879.08	135.00	2610.00				153.95	286.60	419.25	535.90	612.55	689.20	734.35	737.50	740.65	871.60	1098.40	1325.20	1695.00	2122.00	2549.00			
0505152130	1113	20091113	20141113	6	1042.17	872.72	101.00	2590.00				120.85	259.80	398.75	517.60	586.20	654.80	739.90	847.00	954.10	1074.00	1203.50	1333.00	1675.00	2102.00	2529.00			
0505152130	1114	20091114	20141114	6	1084.17	884.32	112.00	2570.00				131.00	264.00	397.00	501.90	536.55	571.20	707.85	980.50	1253.15	1370.00	1370.00	1370.00	1670.00	2090.00	2510.00			
0505152130	1115	20091115	20141115	6	964.33	876.67	150.00	2550.00				166.85	284.80	402.75	487.90	491.05	494.20	531.55	614.50	697.45	860.40	1083.35	1306.30	1665.00	2078.00	2491.00			
0505152130	1116	20091116	20141116	6	920.17	880.96	169.00	2520.00				181.70	270.60	359.50	429.30	451.35	473.40	497.55	524.50	551.45	722.40	1001.35	1280.30	1650.00	2056.00	2462.00			
0505152130	1117	20091117	20141117	6	898.83	871.76	152.00	2480.00				166.20	265.60	365.00	437.80	444.10	450.40	465.55	492.50	519.45	692.80	975.95	1259.10	1625.00	2024.00	2423.00			
0505152130	1118	20091118	20141118	6	897.83	856.96	170.00	2440.00				181.95	265.60	349.25	416.10	440.95	465.80	487.20	504.00	520.80	694.40	985.60	1276.80	1630.00	2008.00	2386.00			
0505152130	1119	20091119	20141119	6	883.00	835.96	159.00	2370.00				168.95	238.60	308.25	374.30	431.35	488.40	522.35	525.50	528.65	696.00	986.50	1277.00	1612.50	1966.00	2319.50			
0505152130	1120	20091120	20141120	6	855.67	779.96	152.00	2200.00				160.85	222.80	284.75	350.00	423.50	497.00	539.75	541.50	543.25	709.20	998.30	1287.40	1577.50	1868.00	2158.50			
0505152130	1121	20091121	20141121	6	862.17	756.95	150.00	2050.00				160.15	231.20	302.25	370.00	429.50	489.00	526.60	535.00	543.40	747.60	1098.65	1449.70	1675.00	1850.00	2025.00			
0505152130	1122	20091122	20141122	6	853.33	758.83	162.00	1840.00				172.65	247.20	321.75	377.20	384.90	392.60	419.35	471.50	523.65	796.80	1235.70	1674.60	1810.00	1824.00	1838.00			
0505152130	1123	20091123	20141123	6	852.83	785.01	119.00	1970.00				129.70	204.60	279.50	343.20	378.90	414.60	450.75	487.50	524.25	776.00	1189.00	1602.00	1782.50	1870.00	1957.50			
0505152130	1124	20091124	20141124	6	866.17	800.59	72.00	2000.00				88.35	202.80	317.25	404.00	421.50	439.00	460.70	488.00	515.30	771.60	1199.65	1627.70	1812.50	1900.00	1987.50			
0505152130	1125	20091125	20141125	6	902.50	800.36	78.00	1990.00				96.10	222.80	349.50	447.30	472.85	498.40	520.65	538.50	556.35	817.20	1260.30	1703.40	1870.00	1926.00	1982.00			
0505152130	1126	20091126	20141126	6	917.67	763.54	97.00	1890.00				113.30	227.40	341.50	436.50	483.75	531.00	577.50	623.00	668.50	920.40	1327.10	1733.80	1860.00	1874.00	1888.00			
0505152130	1127	20091127	20141127	6	909.50	741.39	126.00	1940.00				139.50	234.00	328.50	415.70	484.65	553.60	606.35	637.50	668.65	889.60	1252.90	1616.20	1775.00	1852.00	1929.00			
0505152130	1128	20091128	20141128	6	899.83	745.44	159.00	1990.00				170.30	249.40	328.50	405.50	477.25	549.00	592.25	597.50	602.75	818.00	1190.75	1563.50	1750.00	1862.00	1974.00			
0505152130	1129	20091129	20141129	6	897.50	743.07	181.00	2010.00				191.45	264.60	337.75	406.20	462.90	519.60	561.00	582.00	603.00	817.60	1177.40	1537.20	1732.50	1862.00	1991.50			
0505152130	1130	20091130	20141130	6	882.33	717.29	185.00	1940.00				195.95	272.60	349.25	417.20	463.40	509.60	546.95	572.50	598.05	811.20	1165.05	1518.90	1700.00	1812.00	1924.00			
