site_no	monthday	begin_dt	end_dt	count_nu	mean	std	min	max	p01	p05	p10	p15	p20	p25	p30	p35	p40	p45	p50	p55	p60	p65	p70	p75	p80	p85	p90	p95	p99
05470000	ALL	19201001	20160221	32655	191.32	427.26	0.00	12400.00	0.02	1.00	2.80	5.00	8.60	13.00	20.00	28.00	38.00	50.00	64.00	80.00	98.00	121.00	152.00	192.00	247.00	328.00	455.00	775.00	2000.00
05470000	0101	19210101	20160101	90	72.61	159.96	0.00	1140.00		0.50	1.21	2.40	3.28	5.50	7.84	9.97	14.00	18.85	24.00	30.00	38.20	51.30	57.40	68.25	84.00	112.85	151.70	350.25	
05470000	0102	19210102	20160102	90	69.68	130.86	0.00	830.00		0.63	1.52	2.92	3.70	5.80	7.06	10.00	12.80	16.00	22.50	29.20	37.00	52.30	55.70	66.25	94.60	128.00	151.80	440.10	
05470000	0103	19210103	20160103	90	65.56	110.53	0.00	612.00		0.60	1.61	2.76	3.60	5.97	7.26	10.00	12.60	16.00	22.50	31.15	38.40	51.15	60.00	75.50	93.00	124.70	146.90	384.75	
05470000	0104	19210104	20160104	90	62.93	101.75	0.00	590.00		0.51	1.51	2.46	3.30	5.42	9.44	11.00	15.00	18.95	24.50	31.15	42.00	52.15	69.70	87.50	98.60	107.15	139.90	382.90	
05470000	0105	19210105	20160105	90	62.42	94.29	0.00	565.00		0.48	1.61	2.10	3.50	5.30	10.00	12.00	15.40	20.00	25.00	32.25	41.20	53.45	75.40	87.50	96.60	127.45	149.10	328.25	
05470000	0106	19210106	20160106	90	69.63	136.73	0.00	1070.00		0.35	1.25	2.13	3.54	5.75	10.00	13.00	16.00	17.00	24.00	29.05	42.40	54.90	69.50	87.00	98.60	114.15	149.80	293.20	
05470000	0107	19210107	20160107	90	62.88	107.81	0.00	756.00		0.41	1.01	1.86	3.60	5.83	9.30	12.85	16.00	20.90	25.00	30.05	36.60	53.15	66.60	86.50	96.60	110.70	152.20	261.85	
05470000	0108	19210108	20160108	90	55.27	79.41	0.00	420.00		0.48	1.11	2.00	3.90	5.33	9.30	13.85	16.00	18.95	24.00	29.05	40.00	51.15	68.50	80.50	91.60	102.45	136.20	239.05	
05470000	0109	19210109	20160109	90	51.60	73.23	0.00	400.00		0.31	1.22	1.80	3.82	5.17	8.60	12.00	15.40	19.00	25.00	32.10	40.00	46.15	61.30	75.25	91.40	100.00	114.00	199.05	
05470000	0110	19210110	20160110	90	48.79	66.82	0.00	353.00		0.18	0.94	2.03	3.88	5.15	8.30	11.85	16.00	19.95	22.50	31.05	40.00	48.15	52.80	72.50	85.00	94.05	107.80	187.15	
05470000	0111	19210111	20160111	90	49.23	72.17	0.00	412.00		0.14	0.85	1.60	3.64	5.70	8.60	11.00	15.40	19.95	24.50	33.00	41.60	49.15	55.40	70.50	78.80	87.35	114.10	191.35	
05470000	0112	19210112	20160112	90	46.26	63.80	0.00	372.00		0.14	0.83	1.60	3.40	6.08	8.60	10.85	13.40	18.95	23.50	29.25	40.20	48.00	50.70	68.50	77.20	87.70	111.60	171.25	
05470000	0113	19210113	20160113	90	45.01	62.48	0.00	387.00		0.15	0.97	1.77	3.98	5.50	8.12	10.00	14.00	16.95	21.50	30.10	39.60	44.15	52.10	64.00	79.60	91.35	104.70	157.00	
05470000	0114	19210114	20160114	90	47.18	67.04	0.00	421.00		0.15	0.86	1.77	3.20	5.38	7.44	10.85	12.80	15.95	22.50	34.05	38.00	45.15	58.50	69.50	79.80	91.05	102.00	193.00	
05470000	0115	19210115	20160115	90	45.05	56.84	0.00	333.00		0.15	0.90	1.56	2.88	5.15	8.15	10.85	12.00	14.95	23.00	32.05	37.20	48.15	64.10	72.50	80.40	93.70	106.50	149.25	
05470000	0116	19210116	20160116	90	51.28	87.34	0.00	702.00		0.15	1.01	1.47	2.82	5.00	8.55	10.00	12.80	17.90	25.50	32.10	37.60	48.90	63.50	74.00	78.60	95.80	115.40	192.50	
05470000	0117	19210117	20160117	90	54.49	81.57	0.00	480.00		0.15	0.92	1.62	2.60	5.12	7.58	10.00	13.00	16.00	25.00	33.05	36.20	46.75	64.60	72.50	78.00	102.80	135.70	236.05	
05470000	0118	19210118	20160118	90	62.08	162.65	0.00	1480.00		0.15	1.00	1.56	2.74	4.88	6.72	10.00	14.40	16.95	22.50	31.05	34.80	38.00	57.50	70.50	79.00	98.20	153.70	209.60	
05470000	0119	19210119	20160119	90	63.04	157.22	0.00	1400.00		0.15	1.03	1.96	2.84	4.65	6.12	10.00	13.00	18.85	23.50	30.00	34.00	36.05	61.00	75.00	88.20	103.15	141.60	208.75	
05470000	0120	19210120	20160120	90	54.74	88.50	0.00	500.00		0.18	0.95	2.17	3.40	4.92	6.40	10.00	12.00	17.95	25.00	30.00	34.00	39.90	60.80	70.25	84.40	106.45	141.20	225.15	
05470000	0121	19210121	20160121	90	50.37	71.30	0.00	350.00		0.18	0.84	2.00	2.90	4.30	6.12	8.85	11.80	19.75	24.00	30.00	33.80	39.00	57.40	65.25	85.80	111.35	144.20	231.50	
05470000	0122	19210122	20160122	90	48.73	63.34	0.00	346.00		0.21	0.99	2.00	2.86	4.78	6.23	9.88	12.40	19.95	23.00	32.10	38.60	44.00	58.00	66.25	82.00	107.05	142.00	193.95	
05470000	0123	19210123	20160123	90	49.20	74.54	0.00	433.00		0.29	1.05	1.90	3.18	4.75	6.12	9.38	12.00	19.95	23.00	30.00	35.80	40.30	54.70	62.50	73.60	100.05	139.90	173.40	
05470000	0124	19210124	20160124	90	48.10	73.74	0.00	539.00		0.38	1.50	2.43	3.84	4.47	6.51	10.00	13.00	21.90	23.50	27.25	36.60	40.15	51.80	60.00	76.80	101.75	129.40	170.45	
05470000	0125	19210125	20160125	90	47.63	74.98	0.00	586.00		0.38	1.62	2.96	4.06	5.83	7.60	9.85	13.40	20.00	22.50	32.15	36.20	39.30	50.10	57.25	76.60	110.00	121.60	159.45	
05470000	0126	19210126	20160126	90	48.52	84.71	0.00	690.00		0.32	1.51	2.50	4.00	4.95	8.00	9.71	13.40	19.90	22.50	25.35	37.00	40.30	50.70	58.25	71.60	94.75	118.90	167.75	
05470000	0127	19210127	20160127	90	52.40	94.98	0.00	690.00		0.32	1.40	2.32	4.00	5.25	7.44	9.97	13.00	17.90	24.50	30.15	36.60	40.30	51.70	60.00	79.60	90.70	126.90	165.95	
05470000	0128	19210128	20160128	90	51.05	90.44	0.00	569.00		0.32	0.92	3.10	3.76	4.80	7.86	9.26	13.40	16.90	23.00	30.10	34.60	41.15	48.80	59.25	77.00	93.35	122.80	157.70	
05470000	0129	19210129	20160129	90	56.03	120.43	0.00	1000.00		0.27	1.14	2.90	4.00	5.55	7.38	10.85	14.00	17.95	24.00	31.00	34.60	37.45	49.70	60.50	78.00	95.05	137.10	178.95	
05470000	0130	19210130	20160130	90	57.65	114.72	0.00	880.00		0.27	1.11	2.50	3.76	4.67	7.06	11.70	14.00	20.00	22.50	27.15	32.60	40.60	51.40	59.25	76.40	93.70	147.50	238.25	
05470000	0131	19210131	20160131	90	54.08	86.45	0.00	430.00		0.27	1.10	2.15	3.76	4.95	7.18	10.85	15.80	20.00	23.00	28.05	31.00	42.15	56.00	61.75	74.80	97.90	138.90	281.75	
05470000	0201	19210201	20160201	90	65.62	161.77	0.00	1460.00		0.27	0.93	1.63	3.72	4.80	7.18	11.85	17.80	23.00	24.50	30.05	35.60	44.90	55.70	71.25	97.00	116.05	178.10	227.70	
05470000	0202	19210202	20160202	90	66.80	184.01	0.00	1700.00		0.25	0.80	1.96	3.74	4.92	7.30	12.85	17.80	22.00	27.00	30.15	37.00	46.60	56.00	66.50	88.20	112.75	151.80	205.10	
05470000	0203	19210203	20160203	90	62.42	153.58	0.00	1400.00		0.27	0.75	1.96	3.90	5.00	8.42	11.85	15.80	22.00	26.00	30.00	36.60	49.15	56.00	63.25	95.80	110.00	148.50	196.70	
05470000	0204	19210204	20160204	90	64.30	148.34	0.00	1300.00		0.27	0.81	1.93	4.02	5.38	8.70	12.00	17.20	22.00	26.00	30.10	36.00	47.20	59.70	67.25	90.00	101.40	147.70	216.30	
05470000	0205	19210205	20160205	90	97.86	244.80	0.00	1440.00		0.28	0.79	2.65	4.20	5.58	7.88	12.85	18.00	23.95	27.00	36.05	43.60	53.45	63.20	73.50	91.00	113.45	202.20	522.50	
05470000	0206	19210206	20160206	90	96.30	230.40	0.00	1440.00		0.26	0.71	2.90	4.50	5.92	11.30	13.85	17.00	22.90	26.00	35.05	43.80	57.45	70.00	82.50	95.80	112.40	179.50	571.65	
05470000	0207	19210207	20160207	90	69.21	103.70	0.00	630.00		0.23	0.84	3.18	4.90	6.00	11.60	14.85	18.40	23.00	27.50	34.00	42.60	57.35	72.00	96.25	110.80	130.00	188.90	315.55	
05470000	0208	19210208	20160208	90	70.27	103.10	0.00	547.00		0.20	0.88	3.50	5.22	6.35	10.60	14.85	18.00	22.95	25.00	37.20	48.80	58.90	75.70	89.75	109.80	146.10	190.70	304.50	
05470000	0209	19210209	20160209	90	82.26	181.18	0.00	1200.00		0.20	0.79	3.40	5.68	6.90	9.00	14.00	16.00	22.00	29.50	39.00	44.60	59.45	67.80	83.00	100.40	120.50	176.50	361.25	
05470000	0210	19210210	20160210	90	88.55	271.39	0.00	2510.00		0.20	0.97	3.50	6.06	7.30	12.30	14.85	20.40	27.80	33.00	36.05	43.80	58.45	67.70	94.50	100.00	119.90	162.70	322.50	
05470000	0211	19210211	20160211	90	83.19	259.10	0.00	2420.00		0.20	1.24	3.77	6.12	8.00	11.60	14.00	22.00	28.95	35.00	38.10	44.60	56.30	67.50	88.75	105.00	123.15	166.20	200.00	
05470000	0212	19210212	20160212	90	67.06	112.79	0.00	915.00		0.23	1.60	3.46	5.28	8.45	11.60	14.85	22.00	28.90	35.00	40.05	46.80	61.15	76.10	87.75	106.40	140.70	150.00	203.50	
05470000	0213	19210213	20160213	90	74.15	106.34	0.00	601.00		0.23	1.63	3.37	5.12	8.95	13.30	16.00	23.80	29.95	34.50	43.10	58.60	70.75	80.40	92.25	113.80	138.05	172.60	323.85	
05470000	0214	19210214	20160214	90	98.86	169.05	0.00	950.00		0.36	1.60	3.69	5.10	8.88	12.60	19.70	24.00	32.00	37.00	54.05	65.20	79.15	85.70	98.50	110.00	184.40	269.70	444.75	
05470000	0215	19210215	20160215	90	132.24	294.36	0.00	1700.00		0.49	1.51	3.50	5.64	9.97	12.30	17.70	24.00	30.95	34.00	55.05	64.00	70.30	81.00	92.75	130.00	214.70	296.90	749.05	
05470000	0216	19210216	20160216	90	139.30	311.60	0.00	1800.00		0.99	1.73	3.83	6.20	9.30	14.00	18.00	24.00	29.80	34.50	42.15	60.60	67.30	77.50	86.25	119.80	236.60	345.90	971.60	
05470000	0217	19210217	20160217	90	131.46	318.47	0.00	2450.00		1.31	2.50	3.83	7.68	12.75	17.30	20.00	23.00	29.95	34.50	44.45	57.20	64.15	75.70	91.75	144.80	219.70	290.20	642.10	
05470000	0218	19210218	20160218	90	133.16	266.13	0.00	1750.00		1.11	2.51	4.20	8.36	14.00	19.00	22.85	28.40	33.95	42.00	59.00	65.60	78.30	88.50	111.00	159.60	231.25	335.30	642.30	
05470000	0219	19210219	20160219	90	183.79	375.92	0.00	2000.00		1.08	2.95	5.01	9.20	14.75	19.30	23.00	29.20	43.65	54.00	62.15	83.60	96.60	119.10	150.00	183.00	302.85	592.50	845.00	
05470000	0220	19210220	20160220	90	217.42	483.76	0.00	3130.00		1.21	3.31	4.56	7.40	13.75	19.30	24.55	37.40	45.00	56.00	61.00	94.20	110.30	130.50	174.75	242.60	384.40	498.10	1428.50	
05470000	0221	19210221	20160221	90	203.64	391.48	0.00	2220.00		1.30	3.07	5.38	8.20	15.50	19.30	24.40	35.80	50.90	53.50	73.10	107.60	130.60	150.00	184.75	246.20	361.00	495.00	1139.50	
05470000	0222	19210222	20150222	89	166.24	253.38	0.00	1240.00		1.35	2.80	5.00	8.50	14.50	18.00	20.50	30.00	50.50	60.00	73.00	107.00	135.50	159.00	187.00	230.00	415.50	557.00	730.00	
05470000	0223	19210223	20150223	89	190.75	359.04	0.00	2420.00		1.40	2.50	4.95	11.00	18.00	19.00	25.50	32.00	48.50	59.00	76.00	106.00	139.50	163.00	196.50	290.00	371.00	450.00	907.50	
05470000	0224	19210224	20150224	89	174.44	282.18	0.10	1830.00		1.30	2.70	4.95	10.00	16.00	18.00	27.50	39.00	47.00	65.00	98.50	120.00	140.00	160.00	186.50	263.00	368.00	532.00	791.00	
05470000	0225	19210225	20150225	89	151.97	221.83	0.40	1270.00		1.80	2.50	6.05	8.40	13.50	20.00	31.00	39.00	51.00	60.00	76.50	100.00	128.50	152.00	183.00	250.00	338.50	450.00	599.00	
05470000	0226	19210226	20150226	89	146.81	227.20	0.50	1510.00		1.80	4.20	7.40	9.00	14.00	26.00	35.00	43.00	54.00	64.00	77.50	98.00	126.00	161.00	184.50	209.00	288.00	439.00	533.00	
05470000	0227	19210227	20150227	89	141.89	197.40	0.50	1260.00		2.50	4.30	7.45	9.00	16.00	33.00	37.50	47.00	57.50	78.00	87.50	110.00	135.00	156.00	179.00	232.00	304.00	341.00	483.50	
05470000	0228	19210228	20150228	89	136.13	166.82	0.50	956.00		2.80	5.00	8.50	14.00	19.50	30.00	39.00	44.00	60.50	76.00	96.00	114.00	134.00	152.00	187.50	239.00	265.00	404.00	495.50	
05470000	0229	19240229	20120229	20	148.31	217.94	0.60	865.00		0.62	1.20	3.45	6.32	12.20	27.80	33.40	37.60	41.80	48.50	54.10	58.60	83.10	188.10	246.75	321.00	382.20	427.80	843.35	
05470000	0301	19210301	20150301	89	174.73	333.09	0.80	2700.00		3.45	8.40	9.95	15.00	23.50	38.00	54.00	59.00	68.00	87.00	94.00	110.00	136.00	160.00	192.00	256.00	320.00	428.00	566.00	
05470000	0302	19210302	20150302	89	167.64	258.56	0.90	1450.00		2.75	4.20	11.00	16.00	23.50	40.00	53.00	65.00	71.00	86.00	120.00	129.00	143.00	167.00	178.00	250.00	276.50	388.00	553.00	
05470000	0303	19210303	20150303	89	199.61	277.47	1.20	1200.00		2.30	4.00	11.50	19.00	29.00	47.00	59.00	74.00	90.00	105.00	123.50	149.00	182.00	200.00	230.00	294.00	333.00	450.00	1043.50	
05470000	0304	19210304	20150304	89	235.99	348.80	0.90	1760.00		2.70	5.20	11.50	20.00	34.00	44.00	61.50	74.00	91.50	100.00	127.50	150.00	164.00	207.00	254.00	350.00	503.00	824.00	992.00	
05470000	0305	19210305	20150305	89	259.02	419.90	0.60	2790.00		3.50	6.50	12.00	18.00	35.50	52.00	59.00	79.00	85.00	100.00	120.50	147.00	162.50	221.00	280.00	354.00	565.00	662.00	1250.00	
05470000	0306	19210306	20150306	89	276.71	414.31	0.30	2000.00		3.50	7.20	11.50	20.00	36.00	46.00	55.50	73.00	81.00	92.00	113.00	151.00	180.50	203.00	254.00	455.00	727.00	918.00	1275.00	
05470000	0307	19210307	20150307	89	276.35	472.77	0.20	3000.00		3.45	8.70	12.50	24.00	41.00	50.00	55.00	67.00	82.50	87.00	102.00	147.00	173.00	210.00	285.50	394.00	520.00	900.00	1335.00	
05470000	0308	19210308	20150308	89	249.51	393.64	0.10	2120.00		3.40	8.80	13.00	35.00	46.50	50.00	61.00	72.00	83.00	97.00	123.50	167.00	183.00	218.00	250.50	281.00	418.50	849.00	1245.00	
05470000	0309	19210309	20150309	89	260.37	510.46	0.00	4040.00		5.95	11.00	22.50	45.00	53.50	62.00	75.50	80.00	89.50	103.00	127.00	150.00	166.50	210.00	242.50	336.00	459.00	603.00	970.00	
05470000	0310	19210310	20150310	89	284.31	454.26	0.00	2520.00		9.15	12.00	29.50	42.00	58.50	70.00	77.50	94.00	107.50	130.00	145.00	200.00	214.50	241.00	297.50	382.00	469.50	638.00	1350.00	
05470000	0311	19210311	20150311	89	322.40	541.13	0.00	4050.00		9.80	17.00	33.50	39.00	55.00	79.00	91.50	116.00	133.00	150.00	187.50	235.00	258.50	270.00	409.00	440.00	600.00	710.00	1285.00	
05470000	0312	19210312	20150312	89	362.64	648.68	0.00	5230.00		11.00	29.00	34.00	47.00	65.50	82.00	98.00	115.00	125.00	180.00	208.00	239.00	283.00	374.00	433.00	515.00	561.50	788.00	1295.00	
05470000	0313	19210313	20150313	89	426.15	777.62	0.00	5860.00		13.50	20.00	34.50	42.00	75.00	80.00	91.00	111.00	145.50	185.00	205.50	243.00	275.50	356.00	435.00	592.00	839.50	1150.00	1585.00	
05470000	0314	19210314	20150314	89	432.62	786.33	0.00	5490.00		11.50	25.00	31.50	40.00	66.00	76.00	103.50	116.00	155.00	169.00	196.50	230.00	302.50	377.00	495.00	540.00	700.00	880.00	2105.00	
05470000	0315	19210315	20150315	89	400.63	693.82	0.00	5340.00		13.50	22.00	33.50	48.00	66.00	81.00	112.50	127.00	153.50	174.00	229.50	258.00	328.50	353.00	432.50	537.00	710.50	944.00	1670.00	
05470000	0316	19210316	20150316	89	385.20	545.95	0.00	4100.00		11.50	20.00	36.00	49.00	71.00	90.00	110.50	133.00	154.50	177.00	227.50	300.00	338.50	432.00	555.50	686.00	799.00	955.00	1300.00	
05470000	0317	19210317	20150317	89	359.43	451.59	0.00	3040.00		12.50	19.00	38.50	63.00	81.00	96.00	111.50	125.00	153.50	179.00	209.00	315.00	368.00	438.00	505.00	596.00	752.50	900.00	1245.00	
05470000	0318	19210318	20150318	89	370.05	494.47	0.10	2360.00		11.00	24.00	42.50	74.00	83.00	96.00	118.50	125.00	166.00	184.00	227.00	281.00	302.00	363.00	410.00	505.00	727.00	852.00	1575.00	
05470000	0319	19210319	20150319	89	415.52	662.82	3.00	4450.00		11.00	24.00	40.00	77.00	80.50	100.00	115.00	145.00	158.00	183.00	244.00	280.00	327.00	354.00	443.00	502.00	603.00	1140.00	1890.00	
05470000	0320	19210320	20150320	89	406.90	634.94	5.00	3650.00		11.00	24.00	36.00	74.00	82.50	90.00	101.00	120.00	152.50	190.00	235.00	261.00	300.00	355.00	427.50	504.00	559.50	1100.00	1685.00	
05470000	0321	19210321	20150321	89	336.10	457.68	5.40	2960.00		12.00	23.00	34.00	67.00	76.00	87.00	103.00	125.00	142.00	168.00	226.00	239.00	268.00	344.00	425.50	480.00	585.50	900.00	1310.00	
05470000	0322	19210322	20150322	89	304.67	375.70	5.50	1910.00		11.00	27.00	38.00	56.00	74.00	86.00	93.50	118.00	146.00	191.00	205.00	228.00	288.00	373.00	411.50	495.00	514.50	707.00	1085.00	
05470000	0323	19210323	20150323	89	325.47	416.33	5.60	2240.00		11.00	29.00	34.00	62.00	71.50	84.00	101.00	124.00	161.50	192.00	215.50	321.00	353.50	381.00	415.50	458.00	527.50	620.00	1485.00	
05470000	0324	19210324	20150324	89	338.78	465.13	6.00	2360.00		12.50	29.00	36.50	51.00	75.50	81.00	98.50	119.00	144.00	176.00	279.50	300.00	327.00	360.00	411.50	469.00	566.50	706.00	1715.00	
05470000	0325	19210325	20150325	89	337.14	473.33	5.20	2690.00		9.60	26.00	39.00	51.00	69.00	86.00	99.00	111.00	134.50	178.00	243.00	282.00	306.00	395.00	442.50	463.00	560.00	695.00	1145.00	
05470000	0326	19210326	20150326	89	314.09	409.92	5.80	2930.00		9.10	32.00	39.00	57.00	71.00	86.00	97.00	106.00	123.00	193.00	231.00	268.00	308.00	360.00	402.00	446.00	618.50	840.00	1090.00	
05470000	0327	19210327	20150327	89	335.10	453.12	6.00	2850.00		11.55	25.00	42.00	57.00	66.50	82.00	101.50	114.00	127.00	167.00	211.50	237.00	278.50	320.00	358.00	592.00	709.50	876.00	1295.00	
05470000	0328	19210328	20150328	89	339.09	535.11	6.40	3710.00		8.50	28.00	43.00	60.00	69.50	90.00	100.00	113.00	135.50	161.00	193.50	229.00	298.00	319.00	390.00	490.00	607.00	755.00	1255.00	
05470000	0329	19210329	20150329	89	346.19	607.40	7.60	4600.00		8.95	23.00	47.00	61.00	78.00	91.00	101.50	110.00	122.00	161.00	176.00	210.00	253.00	316.00	411.50	450.00	519.00	793.00	1370.00	
05470000	0330	19210330	20150330	89	363.74	718.82	7.60	5300.00		10.10	23.00	51.00	65.00	82.00	95.00	100.50	110.00	123.50	156.00	171.50	211.00	261.00	300.00	352.50	415.00	473.00	615.00	1770.00	
05470000	0331	19210331	20150331	89	365.72	599.37	8.00	4060.00		10.50	26.00	52.50	61.00	83.50	89.00	100.00	127.00	141.00	157.00	223.50	247.00	294.00	303.00	394.00	416.00	586.50	990.00	1405.00	
05470000	0401	19210401	20150401	89	394.57	634.49	7.60	3090.00		13.50	23.00	44.50	59.00	80.50	86.00	101.50	113.00	137.50	162.00	217.00	264.00	300.50	332.00	362.50	436.00	611.50	1050.00	2160.00	
05470000	0402	19210402	20150402	89	335.95	496.99	7.80	2600.00		12.50	28.00	48.50	52.00	79.00	90.00	98.00	118.00	137.00	165.00	210.50	236.00	267.50	306.00	346.00	382.00	559.00	855.00	1670.00	
05470000	0403	19210403	20150403	89	309.75	407.83	7.50	2100.00		14.50	27.00	46.00	61.00	79.50	86.00	102.50	111.00	142.00	175.00	219.00	238.00	265.50	277.00	357.50	426.00	574.00	778.00	1200.00	
05470000	0404	19210404	20150404	89	311.75	392.35	6.70	2400.00		14.00	33.00	41.00	58.00	77.00	87.00	97.50	116.00	136.00	181.00	205.50	227.00	281.00	315.00	407.50	453.00	630.50	850.00	1109.00	
05470000	0405	19210405	20150405	89	302.71	434.04	6.30	3400.00		12.50	28.00	38.50	53.00	67.50	84.00	105.00	134.00	150.00	185.00	195.50	221.00	251.50	298.00	360.50	449.00	664.50	771.00	939.50	
05470000	0406	19210406	20150406	89	313.70	575.04	6.10	5150.00		14.50	28.00	37.00	51.00	66.50	82.00	101.00	133.00	155.50	186.00	197.00	222.00	285.00	318.00	401.50	494.00	581.00	654.00	861.50	
05470000	0407	19210407	20150407	89	288.33	415.81	6.10	3400.00		13.50	27.00	41.50	49.00	61.00	79.00	104.00	139.00	151.00	174.00	197.50	227.00	256.00	289.00	406.50	469.00	535.00	619.00	873.00	
05470000	0408	19210408	20150408	89	259.65	321.18	5.80	2500.00		14.00	21.00	38.00	51.00	60.00	75.00	104.50	135.00	151.00	174.00	187.00	210.00	236.00	319.00	369.00	446.00	536.00	578.00	753.00	
05470000	0409	19210409	20150409	89	271.76	362.87	5.20	2170.00		12.50	23.00	35.00	51.00	62.50	73.00	97.00	129.00	148.00	164.00	178.50	196.00	233.50	281.00	333.00	430.00	479.50	606.00	922.50	
05470000	0410	19210410	20150410	89	261.90	316.33	5.10	1840.00		12.50	20.00	37.00	54.00	66.00	80.00	105.50	127.00	148.50	162.00	179.00	190.00	219.50	258.00	333.50	421.00	470.50	615.00	900.50	
05470000	0411	19210411	20150411	89	262.85	289.75	4.90	1390.00		10.20	26.00	34.00	51.00	66.50	88.00	118.00	127.00	152.00	168.00	184.00	199.00	252.50	314.00	353.00	402.00	452.50	622.00	1105.00	
05470000	0412	19210412	20150412	89	310.64	356.90	4.50	1900.00		9.20	22.00	32.50	50.00	71.50	89.00	114.50	140.00	158.50	177.00	189.50	251.00	297.50	318.00	369.50	554.00	692.00	868.00	1025.00	
05470000	0413	19210413	20150413	89	324.97	447.28	4.30	2950.00		10.20	17.00	39.00	57.00	82.00	105.00	113.00	133.00	148.50	167.00	179.50	212.00	263.00	339.00	374.00	537.00	690.50	761.00	1100.00	
05470000	0414	19210414	20150414	89	308.04	449.63	3.90	2950.00		12.00	17.00	41.00	50.00	80.00	93.00	116.50	127.00	138.00	154.00	176.00	214.00	264.50	312.00	413.50	496.00	532.00	616.00	992.00	
05470000	0415	19210415	20150415	89	305.74	463.52	3.50	2990.00		12.00	20.00	38.00	51.00	76.00	100.00	118.50	129.00	144.00	168.00	186.00	202.00	279.50	346.00	393.00	457.00	510.00	540.00	944.50	
05470000	0416	19210416	20150416	89	304.18	438.79	3.50	3050.00		11.50	23.00	34.50	56.00	80.00	91.00	110.00	129.00	145.00	164.00	186.50	210.00	309.50	348.00	396.50	419.00	489.50	668.00	906.00	
05470000	0417	19210417	20150417	89	299.91	409.55	3.20	2990.00		12.50	16.00	33.50	57.00	81.00	98.00	108.50	128.00	137.00	157.00	191.00	253.00	306.50	342.00	370.50	396.00	546.00	669.00	1165.00	
05470000	0418	19210418	20150418	89	297.38	374.08	2.90	1970.00		12.00	17.00	31.50	54.00	80.50	99.00	103.00	127.00	134.50	171.00	205.50	257.00	290.00	317.00	336.00	416.00	551.00	714.00	1135.00	
05470000	0419	19210419	20150419	89	277.75	336.36	3.20	1800.00		10.00	19.00	29.50	51.00	79.00	87.00	104.00	119.00	132.50	150.00	200.50	259.00	286.50	308.00	338.50	411.00	509.50	673.00	1018.50	
05470000	0420	19210420	20150420	89	267.14	289.23	3.60	1560.00		9.50	19.00	33.00	46.00	75.50	85.00	98.50	114.00	134.00	169.00	205.00	252.00	290.50	341.00	382.00	411.00	500.00	569.00	980.00	
05470000	0421	19210421	20150421	89	279.32	291.54	3.60	1180.00		10.20	20.00	30.00	60.00	72.50	84.00	101.00	115.00	126.00	165.00	210.50	256.00	301.00	330.00	386.00	436.00	587.00	822.00	978.00	
05470000	0422	19210422	20150422	89	271.20	299.66	2.60	1410.00		10.50	19.00	33.50	56.00	69.00	87.00	98.50	112.00	124.50	162.00	203.00	226.00	273.50	302.00	351.50	406.00	609.00	678.00	908.50	
05470000	0423	19210423	20150423	89	259.11	286.81	2.40	1890.00		12.00	22.00	38.50	50.00	74.50	91.00	97.50	111.00	115.50	159.00	195.50	229.00	265.50	319.00	356.00	411.00	557.50	637.00	794.00	
05470000	0424	19210424	20150424	89	255.04	260.40	2.40	1410.00		9.95	22.00	39.00	51.00	77.50	90.00	98.50	114.00	151.50	177.00	184.00	237.00	272.50	294.00	347.00	467.00	514.50	610.00	784.00	
05470000	0425	19210425	20150425	89	295.88	446.26	2.40	3280.00		9.20	25.00	37.50	50.00	68.50	86.00	94.50	116.00	145.50	164.00	201.00	229.00	272.50	309.00	373.00	432.00	493.50	579.00	990.50	
05470000	0426	19210426	20150426	89	341.69	735.00	2.40	5960.00		10.20	24.00	37.50	56.00	69.00	83.00	98.50	124.00	144.00	155.00	199.00	214.00	270.00	341.00	370.50	407.00	493.00	604.00	964.50	
05470000	0427	19210427	20150427	89	328.75	585.63	4.20	3980.00		9.50	21.00	38.50	50.00	71.50	86.00	99.00	111.00	135.00	160.00	193.00	245.00	267.00	300.00	328.50	381.00	458.00	637.00	1460.00	
05470000	0428	19210428	20150428	89	306.70	480.86	4.40	3180.00		9.25	25.00	34.50	60.00	81.50	86.00	101.00	123.00	141.50	168.00	205.50	227.00	264.50	283.00	352.00	374.00	444.00	586.00	1280.00	
05470000	0429	19210429	20150429	89	287.76	373.61	4.00	2090.00		9.20	21.00	32.00	58.00	80.00	86.00	110.00	130.00	145.50	164.00	205.00	227.00	243.50	267.00	335.00	378.00	431.50	830.00	1120.00	
05470000	0430	19210430	20150430	89	289.44	357.17	4.00	1720.00		8.25	22.00	40.00	62.00	77.00	89.00	108.50	122.00	136.00	160.00	200.50	240.00	260.00	326.00	349.00	416.00	511.00	669.00	1180.00	
05470000	0501	19210501	20150501	89	306.25	355.45	4.00	1780.00		7.55	21.00	40.00	67.00	79.00	95.00	105.00	120.00	143.00	159.00	200.00	245.00	286.00	342.00	390.50	527.00	573.00	834.00	1185.00	
05470000	0502	19210502	20150502	89	299.93	351.90	4.00	2170.00		8.40	18.00	41.00	62.00	74.00	91.00	100.50	119.00	150.50	186.00	208.50	258.00	282.50	381.00	413.50	485.00	567.00	755.00	965.00	
05470000	0503	19210503	20150503	89	302.68	321.78	4.00	1630.00		7.90	17.00	39.50	61.00	73.00	92.00	101.00	133.00	157.00	186.00	230.50	274.00	331.50	359.00	399.50	480.00	622.50	786.00	1007.50	
05470000	0504	19210504	20150504	89	304.66	348.04	3.70	2180.00		8.20	15.00	42.00	62.00	76.50	90.00	103.00	123.00	172.00	182.00	251.50	276.00	303.00	326.00	374.00	468.00	647.00	828.00	1010.00	
05470000	0505	19210505	20150505	89	307.38	385.38	3.80	2360.00		10.45	16.00	44.50	59.00	80.50	94.00	105.50	136.00	167.50	195.00	228.00	255.00	278.50	311.00	357.00	504.00	626.00	720.00	1026.00	
05470000	0506	19210506	20150506	89	295.20	333.00	3.40	1710.00		9.80	15.00	41.50	59.00	77.00	96.00	114.50	164.00	179.50	197.00	204.00	237.00	275.50	320.00	376.50	480.00	583.00	664.00	1035.00	
05470000	0507	19210507	20150507	89	314.19	344.82	3.40	1620.00		9.20	15.00	38.00	55.00	73.00	90.00	117.00	150.00	164.00	185.00	223.50	254.00	309.50	353.00	402.50	483.00	657.50	900.00	1065.00	
05470000	0508	19210508	20150508	89	324.42	409.64	3.40	2250.00		8.65	14.00	36.00	58.00	78.50	83.00	112.00	142.00	162.00	191.00	219.00	254.00	297.00	330.00	391.00	427.00	663.00	820.00	1145.00	
05470000	0509	19210509	20150509	89	318.68	372.93	3.10	1790.00		9.40	14.00	33.50	56.00	81.00	108.00	121.50	141.00	156.00	188.00	225.00	254.00	270.50	319.00	360.50	515.00	641.50	877.00	1200.00	
05470000	0510	19210510	20150510	89	302.46	348.24	3.40	1540.00		7.35	13.00	33.00	52.00	73.50	96.00	126.50	136.00	178.00	197.00	215.50	228.00	268.00	295.00	342.00	456.00	616.00	840.00	1140.00	
05470000	0511	19210511	20150511	89	273.68	280.27	2.20	1420.00		8.35	19.00	30.50	51.00	72.00	97.00	120.50	133.00	166.00	199.00	204.00	244.00	268.50	310.00	381.00	503.00	547.00	645.00	828.50	
05470000	0512	19210512	20150512	89	294.20	326.23	1.60	1940.00		7.65	23.00	35.50	55.00	70.00	89.00	121.00	142.00	177.00	195.00	215.50	267.00	327.00	349.00	411.50	473.00	546.00	649.00	923.00	
05470000	0513	19210513	20150513	89	324.80	405.69	1.40	2060.00		7.90	22.00	41.00	58.00	80.00	110.00	134.00	159.00	175.00	190.00	228.50	258.00	308.50	351.00	421.00	462.00	504.50	718.00	1475.00	
05470000	0514	19210514	20150514	89	336.66	441.69	0.62	2930.00		7.80	25.00	44.50	56.00	72.00	94.00	125.50	139.00	168.00	180.00	239.50	259.00	302.00	361.00	448.50	482.00	644.50	813.00	1055.00	
05470000	0515	19210515	20150515	89	283.74	304.45	0.24	1640.00		7.00	24.00	42.00	53.00	72.00	90.00	116.00	136.00	151.50	175.00	223.50	259.00	292.00	342.00	388.00	455.00	521.50	630.00	1075.00	
05470000	0516	19210516	20150516	89	300.41	396.57	0.11	2720.00		6.20	21.00	34.50	48.00	64.50	85.00	111.00	130.00	140.50	175.00	216.00	261.00	289.00	321.00	398.00	431.00	508.50	759.00	1145.00	
05470000	0517	19210517	20150517	89	286.61	391.46	0.15	2820.00		6.20	16.00	32.00	49.00	67.50	81.00	104.00	122.00	130.00	183.00	207.00	247.00	279.00	300.00	371.50	414.00	477.50	582.00	959.00	
05470000	0518	19210518	20150518	89	280.75	413.60	0.09	3090.00		6.05	12.00	33.50	58.00	70.50	92.00	102.50	122.00	151.00	177.00	200.00	245.00	271.50	316.00	360.50	422.00	447.50	478.00	771.00	
05470000	0519	19210519	20150519	89	357.79	697.94	0.04	5080.00		7.85	18.00	38.00	58.00	73.00	88.00	105.50	119.00	149.00	165.00	224.00	243.00	292.00	317.00	342.00	400.00	436.00	571.00	1980.00	
05470000	0520	19210520	20150520	89	353.00	727.63	0.67	5650.00		6.60	12.00	31.00	55.00	67.00	80.00	104.50	120.00	152.50	200.00	223.00	243.00	272.00	309.00	338.00	379.00	428.50	573.00	1620.00	
05470000	0521	19210521	20150521	89	318.79	466.80	1.00	3180.00		5.75	12.00	30.00	55.00	66.50	80.00	101.00	115.00	141.50	206.00	223.00	250.00	283.00	315.00	356.50	386.00	509.00	715.00	1265.00	
05470000	0522	19210522	20150522	89	322.53	465.47	0.60	2330.00		4.40	12.00	29.00	51.00	65.50	88.00	99.00	118.00	156.00	197.00	209.00	241.00	289.50	300.00	322.50	355.00	463.00	1140.00	1600.00	
05470000	0523	19210523	20150523	89	314.70	410.18	0.13	2020.00		4.60	10.00	33.50	50.00	64.00	96.00	104.50	122.00	168.00	191.00	206.50	232.00	274.00	280.00	344.50	381.00	555.50	971.00	1340.00	
05470000	0524	19210524	20150524	89	319.32	400.82	0.00	1980.00		4.95	17.00	42.00	60.00	89.00	99.00	107.00	150.00	161.00	187.00	202.50	216.00	254.00	280.00	334.00	448.00	747.00	841.00	1400.00	
05470000	0525	19210525	20150525	89	336.09	448.08	0.00	2360.00		4.20	15.00	35.50	58.00	81.50	98.00	108.00	142.00	166.00	178.00	197.00	224.00	249.50	326.00	349.50	580.00	727.50	892.00	1330.00	
05470000	0526	19210526	20150526	89	361.30	500.85	0.00	2720.00		4.45	14.00	33.00	55.00	83.50	93.00	111.00	136.00	155.50	177.00	217.00	228.00	253.50	304.00	386.50	580.00	698.00	1070.00	1665.00	
05470000	0527	19210527	20150527	89	404.52	723.42	0.00	5390.00		5.00	22.00	35.50	53.00	85.00	96.00	113.50	133.00	149.50	163.00	188.00	218.00	234.00	315.00	397.00	520.00	819.50	1120.00	1345.00	
05470000	0528	19210528	20150528	89	393.58	685.09	0.00	5360.00		4.80	20.00	34.00	51.00	81.00	91.00	120.50	135.00	151.00	179.00	204.50	222.00	285.50	362.00	447.00	630.00	827.00	913.00	1195.00	
05470000	0529	19210529	20150529	89	365.35	491.93	0.00	3100.00		6.60	26.00	33.50	44.00	76.00	82.00	110.50	121.00	133.00	181.00	208.00	273.00	305.00	480.00	577.00	625.00	670.50	768.00	1520.00	
05470000	0530	19210530	20150530	89	443.20	986.99	0.00	8000.00		6.15	21.00	34.00	51.00	73.00	82.00	103.00	111.00	140.50	164.00	199.00	257.00	316.00	441.00	509.50	544.00	594.50	952.00	1370.00	
05470000	0531	19210531	20150531	89	382.32	764.82	0.00	6170.00		8.00	14.00	35.00	48.00	66.50	89.00	101.50	124.00	145.00	180.00	195.00	256.00	376.50	413.00	437.00	468.00	597.00	800.00	1160.00	
05470000	0601	19210601	20150601	89	383.33	568.17	0.00	2720.00		6.35	16.00	39.50	51.00	62.00	82.00	92.00	121.00	146.50	177.00	188.50	265.00	359.00	380.00	390.50	514.00	609.00	1070.00	2095.00	
05470000	0602	19210602	20150602	89	388.86	674.60	0.00	4360.00		4.85	20.00	41.50	54.00	68.50	79.00	105.50	129.00	167.50	189.00	226.00	291.00	334.50	354.00	370.50	459.00	510.00	755.00	1715.00	
05470000	0603	19210603	20150603	89	351.19	488.92	0.00	2530.00		4.10	17.00	44.00	64.00	72.50	86.00	111.50	138.00	170.00	213.00	234.50	311.00	325.00	347.00	390.00	466.00	533.00	842.00	1485.00	
05470000	0604	19210604	20150604	89	345.72	547.10	0.00	3680.00		3.50	21.00	39.50	62.00	67.50	80.00	94.00	133.00	159.50	183.00	223.50	264.00	306.50	335.00	382.00	434.00	509.50	694.00	1355.00	
05470000	0605	19210605	20150605	89	316.84	462.80	0.00	3040.00		4.30	20.00	43.00	58.00	62.50	77.00	91.00	125.00	145.50	171.00	204.00	267.00	293.50	312.00	334.50	433.00	508.50	813.00	1320.00	
05470000	0606	19210606	20150606	89	326.88	508.02	0.00	3630.00		3.55	20.00	41.50	54.00	71.00	77.00	95.00	118.00	154.00	175.00	207.50	236.00	261.00	286.00	353.00	402.00	580.50	840.00	1440.00	
05470000	0607	19210607	20150607	89	304.40	388.06	0.00	2660.00		3.60	26.00	42.00	52.00	70.00	78.00	101.50	124.00	152.50	199.00	231.50	247.00	267.50	311.00	372.00	504.00	595.00	827.00	948.50	
05470000	0608	19210608	20150608	89	331.43	456.75	0.00	2920.00		3.65	27.00	38.50	51.00	67.50	71.00	98.00	135.00	167.50	202.00	249.00	278.00	306.00	353.00	456.00	522.00	564.50	773.00	1105.00	
05470000	0609	19210609	20150609	89	423.57	1059.94	0.00	9540.00		3.10	23.00	34.50	45.00	61.50	70.00	106.00	146.00	170.00	194.00	230.00	300.00	321.50	393.00	450.00	484.00	650.50	715.00	1340.00	
05470000	0610	19210610	20150610	89	369.96	641.87	0.00	4870.00		2.70	25.00	33.50	42.00	62.50	77.00	118.00	148.00	163.00	195.00	250.00	303.00	324.00	351.00	425.50	532.00	571.00	666.00	1315.00	
05470000	0611	19210611	20150611	89	406.49	778.43	0.00	5760.00		2.55	25.00	35.50	51.00	64.00	87.00	110.50	123.00	150.50	192.00	241.00	272.00	312.50	384.00	414.50	469.00	576.50	757.00	1425.00	
05470000	0612	19210612	20150612	89	466.71	821.00	0.02	5490.00		2.50	26.00	32.00	48.00	60.50	81.00	101.50	122.00	146.50	188.00	214.50	246.00	335.00	383.00	415.50	529.00	852.50	1250.00	2365.00	
05470000	0613	19210613	20150613	89	550.24	947.23	0.02	5450.00		2.80	25.00	30.50	44.00	58.00	79.00	99.00	120.00	142.50	202.00	251.50	315.00	344.00	404.00	609.50	838.00	1020.00	1620.00	2095.00	
05470000	0614	19210614	20150614	89	516.18	751.81	0.02	3580.00		3.55	24.00	32.50	49.00	62.00	82.00	101.50	116.00	151.50	234.00	283.50	322.00	368.50	473.00	657.00	917.00	1039.00	1520.00	2280.00	
05470000	0615	19210615	20150615	89	462.54	594.24	0.02	2780.00		5.90	23.00	37.00	54.00	76.00	86.00	99.00	134.00	170.00	229.00	287.50	409.00	463.00	536.00	629.50	731.00	851.50	1220.00	2165.00	
05470000	0616	19210616	20150616	89	463.32	585.97	0.02	2550.00		9.70	24.00	36.00	57.00	79.50	96.00	117.00	132.00	181.00	240.00	308.50	377.00	445.00	495.00	590.00	640.00	900.00	1460.00	1945.00	
05470000	0617	19210617	20150617	89	493.17	795.16	0.03	5200.00		7.85	24.00	35.00	64.00	78.50	92.00	106.50	124.00	173.50	206.00	256.00	295.00	397.00	408.00	524.00	604.00	1045.00	1310.00	1725.00	
05470000	0618	19210618	20150618	89	509.80	855.33	0.03	5130.00		5.30	23.00	31.50	60.00	70.00	90.00	98.00	118.00	167.50	188.00	276.00	335.00	361.50	449.00	493.00	591.00	1065.00	1400.00	2385.00	
05470000	0619	19210619	20150619	89	539.98	907.75	0.04	5320.00		3.00	19.00	33.00	56.00	66.00	85.00	93.50	113.00	139.50	180.00	260.00	293.00	349.50	431.00	618.00	848.00	1130.00	1520.00	2600.00	
05470000	0620	19210620	20150620	89	444.92	695.41	0.00	4230.00		3.75	16.00	32.00	51.00	66.00	78.00	86.00	113.00	127.00	222.00	251.00	298.00	345.50	405.00	510.00	697.00	912.50	1140.00	1855.00	
05470000	0621	19210621	20150621	89	373.75	507.31	0.00	2820.00		6.10	16.00	31.00	47.00	53.50	73.00	89.00	114.00	150.00	202.00	236.00	316.00	358.00	398.00	475.00	628.00	749.00	958.00	1475.00	
05470000	0622	19210622	20150622	89	410.09	654.47	0.00	3880.00		6.85	17.00	29.00	42.00	48.00	64.00	88.50	106.00	130.50	206.00	240.00	299.00	323.00	342.00	424.00	485.00	632.00	1060.00	2045.00	
05470000	0623	19210623	20150623	89	442.17	829.80	0.00	5430.00		7.90	16.00	32.00	39.00	47.50	63.00	87.00	98.00	122.00	186.00	241.00	266.00	301.50	363.00	411.50	505.00	870.00	1140.00	1710.00	
05470000	0624	19210624	20150624	89	387.28	594.96	0.00	3300.00		8.25	19.00	33.00	40.00	46.50	74.00	84.50	97.00	165.00	198.00	233.50	267.00	317.50	331.00	398.00	482.00	820.50	1030.00	1690.00	
05470000	0625	19210625	20150625	89	447.79	717.83	0.00	4150.00		7.75	17.00	32.00	36.00	56.50	70.00	77.50	144.00	179.50	220.00	223.00	251.00	278.50	390.00	545.50	665.00	869.00	1090.00	2060.00	
05470000	0626	19210626	20150626	89	378.34	511.62	0.00	2580.00		6.75	21.00	28.50	36.00	51.00	65.00	92.50	143.00	186.50	191.00	211.50	240.00	336.50	403.00	498.00	616.00	719.50	967.00	1870.00	
05470000	0627	19210627	20150627	89	402.42	645.73	0.00	4340.00		6.00	17.00	29.50	44.00	60.00	70.00	99.50	136.00	150.00	174.00	201.50	251.00	339.50	394.00	484.50	569.00	708.00	1090.00	1610.00	
05470000	0628	19210628	20150628	89	411.12	706.21	0.00	4300.00		5.30	14.00	25.50	43.00	56.50	65.00	101.50	124.00	144.00	181.00	214.50	255.00	331.50	385.00	482.00	528.00	638.00	874.00	2025.00	
05470000	0629	19210629	20150629	89	363.27	502.58	0.00	2540.00		5.15	12.00	32.50	50.00	58.50	73.00	97.50	139.00	174.00	202.00	225.00	288.00	304.00	377.00	419.00	553.00	665.00	844.00	1725.00	
05470000	0630	19210630	20150630	89	416.81	700.41	0.00	3910.00		4.00	11.00	30.00	51.00	54.50	63.00	90.00	125.00	141.00	181.00	206.50	250.00	274.50	358.00	389.00	466.00	741.00	1310.00	1965.00	
05470000	0701	19210701	20150701	89	422.84	1002.65	0.00	8470.00		3.40	12.00	26.50	40.00	47.50	59.00	77.50	100.00	136.50	174.00	208.00	221.00	235.50	277.00	335.50	409.00	646.50	1060.00	2045.00	
05470000	0702	19210702	20150702	89	344.95	719.63	0.00	5980.00		2.95	11.00	24.50	36.00	49.00	62.00	73.00	115.00	133.00	152.00	181.00	206.00	220.00	247.00	304.50	379.00	622.00	902.00	1315.00	
05470000	0703	19210703	20150703	89	320.57	553.27	0.03	3860.00		3.50	11.00	25.00	30.00	45.00	57.00	96.00	105.00	123.00	148.00	168.00	192.00	214.00	267.00	348.00	455.00	651.00	851.00	1013.50	
05470000	0704	19210704	20150704	89	331.18	591.47	0.04	3790.00		3.70	10.00	21.00	31.00	48.50	66.00	89.50	98.00	108.50	135.00	150.50	187.00	209.50	275.00	368.00	408.00	533.00	730.00	1825.00	
05470000	0705	19210705	20150705	89	272.68	391.72	0.04	2050.00		3.30	10.00	20.00	31.00	44.50	62.00	80.50	87.00	99.50	121.00	142.50	169.00	202.00	255.00	328.00	460.00	581.00	611.00	1410.00	
05470000	0706	19210706	20150706	89	236.79	297.70	0.05	1460.00		3.05	10.00	22.50	32.00	47.00	62.00	76.50	80.00	107.00	128.00	143.50	162.00	210.50	292.00	331.50	385.00	476.50	602.00	908.50	
05470000	0707	19210707	20150707	89	227.58	279.55	0.02	1550.00		2.50	8.50	19.00	34.00	49.00	64.00	73.00	82.00	107.00	125.00	148.00	169.00	208.00	276.00	300.00	363.00	481.00	621.00	827.00	
05470000	0708	19210708	20150708	89	239.40	373.91	0.00	2660.00		1.85	8.00	15.50	25.00	42.00	58.00	67.00	77.00	102.50	118.00	144.00	167.00	198.00	236.00	263.50	313.00	423.00	663.00	871.50	
05470000	0709	19210709	20150709	89	329.53	1029.04	0.00	8980.00		1.90	7.50	11.00	21.00	45.00	58.00	65.00	90.00	101.50	127.00	137.50	170.00	203.50	225.00	241.00	281.00	405.50	532.00	1071.00	
05470000	0710	19210710	20150710	89	310.83	895.57	0.00	7430.00		2.40	7.00	10.50	15.00	36.50	49.00	59.50	79.00	99.00	122.00	136.50	155.00	194.50	217.00	257.50	332.00	376.00	567.00	708.50	
05470000	0711	19210711	20150711	89	308.14	789.06	0.00	6580.00		2.90	6.60	8.40	15.00	36.00	45.00	54.00	70.00	93.50	107.00	119.00	149.00	186.00	220.00	265.00	375.00	463.00	578.00	1319.50	
05470000	0712	19210712	20150712	89	301.86	737.42	0.02	6190.00		2.40	6.00	7.55	10.00	33.50	40.00	48.00	68.00	86.50	97.00	108.50	150.00	173.50	222.00	270.00	355.00	471.00	662.00	1120.00	
05470000	0713	19210713	20150713	89	256.23	577.81	0.00	4440.00		2.30	5.00	6.25	9.50	28.00	34.00	50.50	68.00	77.50	91.00	105.00	136.00	158.00	209.00	261.00	311.00	395.00	524.00	869.50	
05470000	0714	19210714	20150714	89	261.61	668.36	0.00	5560.00		2.05	3.30	6.65	13.00	26.00	31.00	55.50	64.00	73.50	88.00	103.50	131.00	183.50	208.00	248.50	315.00	346.00	519.00	937.00	
05470000	0715	19210715	20150715	89	230.82	496.77	0.00	3220.00		1.95	4.60	6.85	16.00	24.00	30.00	50.00	54.00	66.50	80.00	92.00	119.00	149.50	164.00	234.50	283.00	304.00	540.00	898.50	
05470000	0716	19210716	20150716	89	201.96	360.39	0.00	2010.00		1.45	4.50	7.60	15.00	21.50	33.00	42.00	49.00	63.00	76.00	92.00	119.00	139.50	168.00	235.50	249.00	340.00	615.00	820.50	
05470000	0717	19210717	20150717	89	225.64	598.31	0.00	5080.00		1.30	3.50	6.60	17.00	22.00	32.00	42.50	48.00	61.00	69.00	87.50	100.00	134.00	171.00	206.50	221.00	273.00	424.00	1210.00	
05470000	0718	19210718	20150718	89	267.97	809.16	0.00	6970.00		1.05	2.60	5.55	13.00	20.50	24.00	34.50	42.00	62.50	73.00	80.00	100.00	135.50	161.00	192.50	219.00	327.50	674.00	934.00	
05470000	0719	19210719	20150719	89	227.74	537.99	0.00	3450.00		0.90	2.30	4.70	11.00	17.50	23.00	32.50	36.00	57.00	72.00	86.00	117.00	128.50	169.00	181.00	212.00	328.50	440.00	976.00	
05470000	0720	19210720	20150720	89	203.43	386.90	0.00	1820.00		1.05	2.40	5.00	11.00	16.50	24.00	30.00	36.00	52.50	64.00	83.50	102.00	128.00	155.00	173.00	196.00	261.50	672.00	1385.00	
05470000	0721	19210721	20150721	89	170.08	311.23	0.00	1630.00		1.05	3.00	5.45	14.00	21.50	25.00	34.50	44.00	53.50	61.00	86.00	104.00	120.50	133.00	143.50	154.00	231.00	480.00	929.00	
05470000	0722	19210722	20150722	89	154.41	262.32	0.00	1520.00		1.08	2.40	4.95	10.00	19.00	22.00	33.50	46.00	59.50	74.00	87.00	98.00	108.00	117.00	136.00	161.00	306.00	410.00	766.50	
05470000	0723	19210723	20150723	89	172.45	490.83	0.00	4370.00		0.97	2.30	4.30	10.00	15.50	20.00	29.00	39.00	55.00	67.00	81.50	95.00	103.50	117.00	127.00	166.00	259.00	349.00	605.50	
05470000	0724	19210724	20150724	89	167.39	517.66	0.00	4720.00		0.91	2.00	3.80	10.00	15.00	18.00	26.00	33.00	52.00	58.00	72.50	84.00	93.00	107.00	132.00	173.00	262.00	336.00	576.00	
05470000	0725	19210725	20150725	89	148.27	364.36	0.00	3130.00		0.71	2.00	5.15	8.90	13.50	17.00	23.00	30.00	43.00	58.00	71.50	77.00	87.00	100.00	112.50	147.00	226.00	439.00	581.00	
05470000	0726	19210726	20150726	89	139.14	261.11	0.00	1950.00		0.71	2.00	4.75	8.00	12.00	16.00	24.00	34.00	45.00	52.00	68.50	76.00	84.50	107.00	126.50	150.00	299.50	442.00	613.00	
05470000	0727	19210727	20150727	89	157.74	340.55	0.00	2400.00		0.78	2.00	5.15	7.00	14.50	20.00	25.50	35.00	44.00	58.00	69.00	74.00	89.50	101.00	119.00	216.00	301.50	380.00	682.50	
05470000	0728	19210728	20150728	89	158.30	366.00	0.00	2550.00		0.84	2.00	4.50	9.40	17.00	23.00	25.50	39.00	49.00	57.00	64.00	79.00	84.00	102.00	123.00	202.00	233.50	326.00	708.50	
05470000	0729	19210729	20150729	89	153.84	374.99	0.00	3200.00		0.96	2.40	4.65	8.40	18.50	22.00	27.00	35.00	43.00	58.00	67.00	77.00	84.00	123.00	159.00	189.00	255.00	350.00	633.50	
05470000	0730	19210730	20150730	89	158.92	302.71	0.00	1980.00		0.67	2.00	4.90	7.70	15.00	18.00	25.00	30.00	43.00	53.00	60.50	68.00	79.50	118.00	146.00	178.00	305.50	436.00	813.00	
05470000	0731	19210731	20150731	89	161.87	353.88	0.00	2490.00		0.70	2.00	4.10	7.70	13.00	16.00	19.50	27.00	38.00	46.00	52.50	62.00	73.50	102.00	119.00	154.00	224.00	512.00	1009.00	
05470000	0801	19210801	20150801	89	160.78	408.87	0.00	3180.00		0.71	2.00	4.05	7.30	12.50	14.00	17.00	23.00	37.50	44.00	47.50	55.00	67.50	81.00	111.50	135.00	227.00	468.00	847.00	
05470000	0802	19210802	20150802	89	136.63	283.35	0.00	1420.00		0.57	2.10	4.05	6.70	11.00	15.00	16.50	20.00	30.50	40.00	44.50	48.00	63.50	79.00	102.50	123.00	207.50	406.00	866.50	
05470000	0803	19210803	20150803	89	123.52	268.66	0.00	1610.00		0.70	2.30	3.45	6.90	10.50	13.00	18.00	23.00	31.00	36.00	42.50	50.00	60.50	73.00	91.00	113.00	183.00	330.00	747.50	
05470000	0804	19210804	20150804	89	113.20	223.34	0.00	1470.00		0.94	2.30	3.45	6.50	8.60	10.00	16.50	25.00	30.50	33.00	39.00	46.00	55.50	74.00	112.00	154.00	203.00	295.00	605.00	
05470000	0805	19210805	20150805	89	101.99	175.28	0.00	994.00		0.81	2.30	3.40	5.70	7.20	9.80	17.00	25.00	27.00	32.00	36.00	45.00	53.50	82.00	99.50	141.00	208.50	358.00	500.50	
05470000	0806	19210806	20150806	89	101.57	218.67	0.00	1720.00		0.78	2.30	3.65	6.00	7.05	10.00	17.50	23.00	26.00	30.00	37.00	43.00	49.00	60.00	90.50	136.00	180.00	299.00	484.50	
05470000	0807	19210807	20150807	89	104.56	312.88	0.00	2830.00		0.64	2.10	3.20	5.90	8.25	10.00	17.00	24.00	27.00	34.00	37.50	41.00	45.50	66.00	98.50	131.00	164.00	222.00	363.00	
05470000	0808	19210808	20150808	89	107.23	292.93	0.00	2500.00		0.77	1.90	4.25	5.60	8.20	11.00	18.50	23.00	27.50	32.00	36.50	42.00	52.00	67.00	92.00	119.00	163.50	197.00	510.50	
05470000	0809	19210809	20150809	89	162.94	446.61	0.00	2720.00		0.82	1.80	3.45	5.40	7.50	13.00	17.00	22.00	26.50	30.00	36.50	44.00	58.50	80.00	101.00	135.00	167.00	257.00	1375.00	
05470000	0810	19210810	20150810	89	200.88	672.14	0.00	5530.00		0.62	1.60	2.70	6.00	7.85	12.00	17.00	22.00	24.50	27.00	36.50	43.00	56.00	76.00	91.00	126.00	161.00	404.00	1380.00	
05470000	0811	19210811	20150811	89	243.79	1326.58	0.00	12400.00		0.69	1.80	3.00	5.30	7.90	13.00	16.00	21.00	23.00	25.00	35.00	40.00	54.00	71.00	81.00	110.00	133.00	214.00	863.50	
05470000	0812	19210812	20150812	89	192.38	1021.66	0.00	9580.00		0.66	1.60	2.45	5.00	7.00	12.00	14.00	18.00	22.00	30.00	34.00	40.00	63.50	69.00	83.50	98.00	116.00	217.00	517.50	
05470000	0813	19210813	20150813	89	129.97	493.85	0.02	4520.00		0.81	1.60	2.90	5.00	9.00	10.00	15.50	18.00	21.50	28.00	32.00	51.00	55.00	65.00	76.50	87.00	142.00	280.00	446.50	
05470000	0814	19210814	20150814	89	112.36	315.90	0.02	2680.00		0.62	1.50	3.05	6.70	8.55	9.40	14.00	18.00	18.50	25.00	29.50	44.00	52.50	65.00	70.00	101.00	187.00	279.00	435.50	
05470000	0815	19210815	20150815	89	111.49	364.19	0.07	2870.00		0.57	1.20	3.05	5.00	7.55	9.80	12.00	17.00	19.50	24.00	27.00	40.00	50.50	61.00	76.50	116.00	176.50	238.00	275.00	
05470000	0816	19210816	20150816	89	194.84	913.23	0.11	7520.00		0.42	1.10	2.70	4.20	7.35	9.40	13.50	15.00	17.00	22.00	30.00	35.00	46.50	52.00	73.50	101.00	141.00	197.00	252.50	
05470000	0817	19210817	20150817	89	193.58	978.32	0.16	8360.00		0.56	1.20	2.35	5.30	7.10	9.00	12.50	15.00	17.00	20.00	27.00	36.00	46.50	53.00	73.50	86.00	105.50	158.00	239.50	
05470000	0818	19210818	20150818	89	113.95	428.43	0.11	3690.00		0.59	1.10	2.40	4.80	6.20	7.90	12.00	14.00	16.50	22.00	28.00	33.00	42.50	49.00	60.50	74.00	103.50	165.00	394.00	
05470000	0819	19210819	20150819	89	108.25	331.52	0.05	2510.00		0.60	1.20	2.20	5.00	6.30	8.00	10.00	15.00	16.50	23.00	28.00	34.00	38.00	46.00	53.50	77.00	113.50	194.00	699.00	
05470000	0820	19210820	20150820	89	110.87	295.82	0.01	2110.00		0.60	1.30	2.05	4.00	5.75	6.90	8.85	13.00	15.50	23.00	27.00	34.00	39.00	47.00	66.00	73.00	113.50	213.00	733.50	
05470000	0821	19210821	20150821	89	120.90	325.21	0.00	2170.00		0.43	1.30	2.60	3.00	5.00	6.70	9.20	13.00	17.00	21.00	28.00	33.00	42.50	51.00	68.00	90.00	143.50	234.00	811.00	
05470000	0822	19210822	20150822	89	109.57	244.66	0.00	1360.00		0.43	1.20	3.85	4.80	6.00	7.20	9.40	13.00	16.00	19.00	28.00	33.00	39.00	53.00	72.00	97.00	156.00	430.00	590.50	
05470000	0823	19210823	20150823	89	118.35	283.62	0.00	1720.00		0.32	1.90	3.30	4.80	6.40	8.20	10.50	13.00	15.50	21.00	26.00	34.00	39.50	48.00	64.00	124.00	191.50	291.00	922.50	
05470000	0824	19210824	20150824	89	118.06	308.97	0.00	1880.00		0.36	1.50	3.00	4.00	6.15	7.10	10.30	12.00	14.00	21.00	25.00	32.00	39.50	48.00	69.00	89.00	155.50	269.00	655.00	
05470000	0825	19210825	20150825	89	92.83	204.96	0.00	1080.00		0.26	1.90	3.00	4.10	5.65	7.40	8.95	10.00	13.50	17.00	21.50	33.00	37.50	42.00	58.00	96.00	137.00	309.00	525.50	
05470000	0826	19210826	20150826	89	110.57	279.57	0.00	2020.00		0.25	2.00	2.80	4.00	5.45	7.50	8.15	10.00	13.50	15.00	22.50	31.00	36.50	49.00	70.00	88.00	160.50	329.00	666.50	
05470000	0827	19210827	20150827	89	120.21	310.02	0.00	2120.00		0.28	1.80	2.95	4.50	5.45	6.90	8.40	10.00	11.00	18.00	22.50	32.00	39.50	46.00	68.00	122.00	197.00	359.00	585.50	
05470000	0828	19210828	20150828	89	133.78	306.94	0.00	1920.00		0.25	1.90	2.75	3.90	5.50	7.20	8.70	9.40	13.00	17.00	25.00	30.00	42.00	56.00	86.00	123.00	254.00	421.00	888.50	
05470000	0829	19210829	20150829	89	208.15	888.29	0.00	8160.00		0.15	1.50	3.00	4.90	5.30	6.50	7.85	9.20	13.00	22.00	26.00	32.00	40.00	68.00	112.00	153.00	251.00	454.00	689.50	
05470000	0830	19210830	20150830	89	204.81	909.56	0.00	8180.00		0.26	1.00	2.90	3.90	4.85	6.00	8.50	12.00	14.50	21.00	25.00	35.00	44.00	65.00	92.00	144.00	240.00	359.00	579.50	
05470000	0831	19210831	20150831	89	141.60	505.30	0.00	4070.00		0.26	0.92	2.15	3.60	4.70	6.60	8.25	10.00	14.50	20.00	26.00	32.00	42.00	73.00	112.00	138.00	193.50	258.00	423.00	
05470000	0901	19210901	20150901	89	119.51	342.44	0.00	2600.00		0.23	0.80	1.95	3.30	4.25	7.00	9.10	11.00	13.50	18.00	24.50	26.00	40.50	70.00	106.00	140.00	168.00	238.00	498.00	
05470000	0902	19210902	20150902	89	97.32	256.60	0.00	2000.00		0.22	0.84	2.10	3.30	5.10	6.50	8.70	11.00	15.00	16.00	22.50	25.00	52.50	74.00	102.00	136.00	155.50	204.00	359.50	
05470000	0903	19210903	20150903	89	92.35	229.57	0.10	1630.00		0.48	1.80	2.25	3.00	4.65	7.00	8.55	10.00	14.00	17.00	21.50	29.00	50.50	58.00	83.00	103.00	125.00	192.00	551.00	
05470000	0904	19210904	20150904	89	76.42	174.89	0.13	1230.00		0.39	1.80	1.95	2.90	4.90	6.80	7.90	9.50	14.00	18.00	29.50	37.00	47.00	65.00	76.00	88.00	108.00	165.00	342.00	
05470000	0905	19210905	20150905	89	66.46	137.78	0.12	957.00		0.60	1.40	2.25	3.30	5.50	6.20	6.90	11.00	13.00	18.00	30.00	37.00	47.00	55.00	74.00	93.00	114.00	149.00	275.00	
05470000	0906	19210906	20150906	89	68.23	133.91	0.12	777.00		0.40	1.00	2.20	3.40	5.10	5.60	6.65	11.00	11.50	18.00	24.00	35.00	45.00	58.00	73.00	82.00	104.50	183.00	313.50	
05470000	0907	19210907	20150907	89	72.84	154.27	0.10	1160.00		0.30	1.10	2.10	3.20	4.95	6.00	9.40	11.00	17.50	26.00	31.00	39.00	48.00	65.00	72.50	77.00	111.50	208.00	335.00	
05470000	0908	19210908	20150908	89	93.80	225.39	0.00	1290.00		0.38	1.00	2.30	3.10	4.95	6.60	9.05	13.00	20.00	22.00	29.50	42.00	50.00	60.00	66.50	78.00	143.50	241.00	475.00	
05470000	0909	19210909	20150909	89	81.94	181.33	0.00	1270.00		0.40	0.91	2.05	3.80	5.10	8.40	10.50	13.00	17.00	21.00	26.00	36.00	51.50	56.00	66.00	77.00	144.00	217.00	401.50	
05470000	0910	19210910	20150910	89	68.34	121.55	0.00	660.00		0.43	1.40	2.25	3.30	4.55	7.20	9.55	12.00	15.00	20.00	25.50	33.00	47.50	50.00	62.00	137.00	149.00	196.00	324.50	
05470000	0911	19210911	20150911	89	79.40	196.48	0.00	1660.00		0.55	1.30	2.45	3.40	4.70	7.20	9.55	12.00	15.00	18.00	24.50	35.00	41.50	54.00	66.50	122.00	143.00	194.00	329.50	
05470000	0912	19210912	20150912	89	86.38	255.51	0.00	2230.00		0.27	0.97	2.50	4.00	5.05	5.80	8.30	11.00	13.00	17.00	26.50	31.00	40.00	54.00	59.50	95.00	127.50	201.00	403.50	
05470000	0913	19210913	20150913	89	93.87	221.29	0.00	1520.00		0.18	1.50	2.10	3.30	4.60	5.60	8.45	11.00	12.50	20.00	25.00	37.00	45.00	54.00	63.00	97.00	149.00	217.00	466.00	
05470000	0914	19210914	20150914	89	118.10	318.46	0.00	2050.00		0.19	0.97	1.95	3.00	4.65	5.40	8.75	10.00	12.50	20.00	27.00	34.00	39.00	48.00	63.00	119.00	164.00	304.00	563.50	
05470000	0915	19210915	20150915	89	103.62	273.51	0.00	1850.00		0.23	0.80	2.10	3.70	4.10	5.90	8.50	9.60	13.00	19.00	26.00	32.00	42.50	49.00	73.50	113.00	165.00	224.00	544.00	
05470000	0916	19210916	20150916	89	98.42	243.50	0.00	1700.00		0.20	0.84	1.80	2.80	3.80	5.60	7.80	9.20	12.00	20.00	24.50	32.00	38.50	45.00	71.00	92.00	158.50	271.00	440.50	
05470000	0917	19210917	20150917	89	104.11	333.95	0.00	2910.00		0.21	0.82	1.90	2.50	3.65	5.20	6.05	8.60	14.00	20.00	28.50	32.00	40.00	52.00	60.50	97.00	137.00	231.00	514.00	
05470000	0918	19210918	20150918	89	101.01	270.35	0.00	2020.00		0.23	0.70	1.90	3.20	4.05	4.60	6.35	8.70	14.50	19.00	23.50	32.00	38.00	46.00	65.50	116.00	143.50	268.00	499.00	
05470000	0919	19210919	20150919	89	118.06	359.18	0.00	2850.00		0.21	0.70	1.65	3.40	3.85	4.70	6.20	8.00	14.50	18.00	24.50	28.00	41.00	59.00	72.50	96.00	135.00	255.00	573.50	
05470000	0920	19210920	20150920	89	150.32	409.74	0.00	2550.00		0.23	0.80	1.80	3.30	3.90	4.90	6.95	9.00	11.00	16.00	23.00	26.00	40.50	54.00	78.50	127.00	195.00	375.00	1030.00	
05470000	0921	19210921	20150921	89	150.44	391.17	0.05	2400.00		0.26	1.00	1.90	3.00	3.65	4.80	6.15	8.70	13.00	16.00	22.00	33.00	44.50	55.00	75.50	168.00	200.50	310.00	1340.00	
05470000	0922	19210922	20150922	89	125.79	298.68	0.00	2010.00		0.27	1.00	1.95	3.00	4.20	4.80	6.40	8.70	11.50	17.00	21.00	29.00	40.00	50.00	84.00	151.00	198.50	366.00	922.00	
05470000	0923	19210923	20150923	89	99.39	206.56	0.00	1210.00		0.25	0.60	1.60	2.70	3.65	4.30	8.10	9.00	12.50	17.00	23.00	31.00	42.00	50.00	78.50	135.00	171.50	298.00	628.00	
05470000	0924	19210924	20150924	89	95.19	192.05	0.04	1210.00		0.27	1.10	1.60	2.50	3.30	4.80	6.40	9.00	12.50	17.00	25.00	38.00	44.50	54.00	95.50	114.00	202.50	306.00	516.50	
05470000	0925	19210925	20150925	89	97.92	180.98	0.04	969.00		0.30	1.20	1.70	2.20	3.30	4.10	7.70	9.20	13.50	19.00	24.50	32.00	42.00	49.00	94.00	141.00	227.00	384.00	487.50	
05470000	0926	19210926	20150926	89	100.76	185.66	0.04	927.00		0.25	1.10	2.25	2.70	3.45	5.30	9.05	11.00	15.50	23.00	29.50	37.00	40.50	53.00	83.00	156.00	237.00	356.00	530.50	
05470000	0927	19210927	20150927	89	114.00	262.50	0.00	1990.00		0.37	1.30	1.95	2.70	4.05	6.30	8.65	11.00	15.50	19.00	26.50	36.00	40.00	73.00	117.50	148.00	238.50	314.00	508.00	
05470000	0928	19210928	20150928	90	107.08	230.01	0.00	1370.00		0.33	1.20	1.80	2.46	3.70	5.42	8.85	11.80	15.00	21.00	27.00	29.60	37.05	59.30	110.50	131.60	236.45	337.30	441.40	
05470000	0929	19210929	20150929	90	118.39	269.93	0.00	1730.00		0.37	0.92	1.73	2.22	2.98	5.56	8.85	13.00	17.95	23.00	26.00	35.60	40.30	64.70	90.25	133.40	240.05	303.90	760.55	
05470000	0930	19210930	20150930	90	129.01	275.54	0.00	1840.00		0.38	0.93	1.56	2.12	3.83	5.54	9.10	12.40	16.95	25.00	29.00	33.60	46.30	67.70	109.75	177.40	251.25	352.60	768.85	
05470000	1001	19201001	20151001	91	115.07	213.52	0.00	1150.00		0.30	0.66	1.30	2.00	4.20	7.90	10.00	15.20	21.40	24.00	28.20	35.40	44.60	68.40	123.00	171.20	244.60	358.40	565.60	
05470000	1002	19201002	20151002	91	102.99	172.26	0.00	840.00		0.27	0.55	1.18	1.72	3.80	8.02	10.04	14.80	20.00	24.00	28.80	39.40	48.80	76.00	128.00	189.20	245.60	362.00	544.60	
05470000	1003	19201003	20151003	91	95.59	143.99	0.00	651.00		0.31	0.60	1.00	1.58	3.60	7.66	10.00	12.80	19.40	24.00	34.40	42.40	66.00	92.00	123.00	198.60	252.60	314.20	463.40	
05470000	1004	19201004	20151004	90	105.32	182.14	0.00	1060.00		0.34	0.61	1.00	1.68	3.40	8.50	9.94	14.40	18.90	21.00	31.05	47.20	67.15	101.40	135.25	192.80	255.00	348.90	414.70	
05470000	1005	19201005	20151005	90	101.72	186.10	0.00	1370.00		0.40	0.59	0.97	1.44	3.98	6.46	10.00	12.00	16.95	23.00	31.25	47.60	73.30	97.50	126.25	205.40	228.45	296.30	389.00	
05470000	1006	19201006	20151006	90	88.67	135.44	0.10	866.00		0.35	0.60	0.88	1.34	3.67	9.69	12.00	15.80	19.95	26.50	38.10	56.80	81.75	92.10	111.50	176.80	205.80	248.60	339.20	
05470000	1007	19201007	20151007	90	87.52	128.98	0.10	658.00		0.37	0.60	0.93	1.98	3.55	7.79	10.84	16.40	20.00	29.50	48.00	64.60	81.15	86.70	115.25	171.80	208.00	237.80	378.10	
05470000	1008	19201008	20151008	90	91.34	132.44	0.10	560.00		0.36	0.70	1.06	1.90	4.72	8.14	12.70	16.40	21.00	30.50	45.10	62.80	79.15	87.80	144.75	171.00	197.25	262.70	450.25	
05470000	1009	19201009	20151009	90	104.28	207.57	0.00	1700.00		0.35	0.66	1.39	2.38	5.10	8.05	12.85	15.40	20.90	28.00	45.10	64.00	79.00	98.60	143.50	164.40	218.10	290.50	426.40	
05470000	1010	19201010	20151010	90	99.85	179.80	0.00	1350.00		0.28	0.70	1.26	2.30	5.88	7.65	11.00	14.00	21.00	26.50	46.20	66.60	77.60	93.00	125.50	155.80	213.70	286.90	388.50	
05470000	1011	19201011	20151011	90	113.94	257.35	0.00	2120.00		0.22	0.66	1.00	2.60	5.28	7.94	10.85	13.80	21.85	28.00	49.30	62.20	74.15	97.90	135.50	154.60	201.45	272.20	516.60	
05470000	1012	19201012	20151012	90	137.32	390.25	0.00	2790.00		0.17	0.51	1.06	2.84	4.83	7.50	9.32	13.00	21.95	31.50	46.25	66.60	75.00	95.10	121.25	154.80	204.65	281.80	488.65	
05470000	1013	19201013	20151013	90	125.47	351.92	0.00	2640.00		0.15	0.47	1.20	2.92	4.60	7.03	8.98	13.40	22.80	32.50	48.05	63.20	75.00	88.00	117.00	156.80	196.40	247.10	416.00	
05470000	1014	19201014	20151014	90	115.20	253.10	0.10	1660.00		0.40	0.53	1.46	2.92	4.20	5.79	9.27	11.40	22.75	33.50	48.00	63.80	74.00	80.40	109.25	143.20	205.75	231.60	532.70	
05470000	1015	19201015	20151015	90	122.39	284.13	0.10	1950.00		0.41	0.86	1.96	3.00	3.45	7.54	10.78	11.40	20.80	38.00	48.05	59.20	66.75	76.70	114.75	156.40	188.50	205.40	810.05	
05470000	1016	19201016	20151016	90	113.07	273.73	0.10	2230.00		0.41	1.06	2.00	3.20	3.98	6.30	10.78	11.80	21.70	39.00	47.15	55.20	62.00	76.10	114.50	158.80	189.50	231.70	581.75	
05470000	1017	19201017	20151017	90	102.79	223.95	0.10	1830.00		0.43	1.32	2.03	3.30	4.53	7.13	9.85	14.80	25.85	40.00	49.05	53.20	60.60	84.20	133.50	169.80	188.05	207.90	437.60	
05470000	1018	19201018	20151018	90	106.85	236.50	0.10	1760.00		0.40	1.41	2.37	3.20	4.33	8.21	9.85	16.00	24.00	38.00	46.00	51.80	64.35	94.20	126.25	154.20	170.75	201.90	456.40	
05470000	1019	19201019	20151019	90	109.90	267.77	0.10	2130.00		0.56	1.71	2.40	3.10	4.35	7.65	9.88	16.40	23.85	38.50	43.00	52.80	63.90	90.40	116.00	135.40	158.10	218.50	470.45	
05470000	1020	19201020	20151020	90	97.92	210.30	0.05	1660.00		0.70	1.07	2.27	3.48	4.75	7.30	9.98	16.00	23.80	36.00	39.20	57.20	67.15	89.70	112.25	131.80	159.20	236.00	428.60	
05470000	1021	19201021	20151021	90	91.70	157.43	0.10	1040.00		0.63	1.62	2.30	3.12	5.15	7.65	10.85	15.00	22.80	33.50	36.05	60.60	64.45	87.70	115.25	138.00	162.90	245.60	458.50	
05470000	1022	19201022	20151022	90	100.32	165.84	0.10	1030.00		0.54	1.82	2.46	2.90	5.38	7.12	12.00	15.40	22.85	30.00	39.10	57.20	68.10	102.70	124.75	149.40	234.45	338.70	394.55	
05470000	1023	19201023	20151023	90	115.04	211.31	0.10	1270.00		0.80	1.64	2.60	3.36	5.53	8.15	11.85	16.20	21.90	31.00	44.25	59.20	75.60	104.10	123.75	176.40	223.75	309.10	631.25	
05470000	1024	19201024	20151024	90	119.76	243.31	0.10	1760.00		1.01	1.64	2.96	4.52	7.33	8.74	11.85	15.80	19.95	31.00	43.15	60.00	74.20	106.20	144.00	196.80	238.05	325.60	506.30	
05470000	1025	19201025	20151025	90	103.49	169.70	0.10	1040.00		0.82	1.62	2.82	4.72	7.45	8.69	14.00	16.00	21.80	30.50	42.10	58.40	72.30	103.00	135.75	189.20	207.80	310.80	438.65	
05470000	1026	19201026	20151026	90	90.65	133.24	0.10	707.00		0.85	1.91	2.66	3.96	6.80	8.22	12.85	15.40	20.95	30.00	41.10	57.20	70.90	100.70	126.75	155.80	206.35	271.50	381.05	
05470000	1027	19201027	20151027	90	84.92	117.97	0.10	586.00		0.88	1.91	2.73	4.04	6.20	9.60	13.00	16.40	20.95	30.00	40.00	53.60	74.30	103.50	131.25	152.80	204.05	241.20	354.90	
05470000	1028	19201028	20151028	90	82.56	111.22	0.10	512.00		0.85	1.92	2.60	3.50	5.67	8.86	14.85	17.00	21.00	29.00	38.05	54.20	72.15	106.50	134.50	161.40	198.05	225.80	354.45	
05470000	1029	19201029	20151029	90	85.33	132.43	0.10	949.00		0.90	1.90	2.96	3.38	6.00	8.50	14.70	17.00	20.90	28.00	37.00	54.20	73.50	99.30	131.50	174.40	192.00	227.90	306.35	
05470000	1030	19201030	20151030	90	112.47	340.66	0.10	3180.00		0.82	2.25	2.80	3.84	6.10	9.25	14.85	18.00	21.00	30.00	46.15	57.60	77.75	110.70	137.00	173.00	189.60	233.00	321.35	
05470000	1031	19201031	20151031	90	132.45	383.86	0.10	3440.00		1.20	2.53	3.16	3.80	6.10	9.90	16.00	19.40	24.85	36.00	50.65	73.60	93.90	111.50	158.50	174.80	194.70	238.00	319.45	
05470000	1101	19201101	20151101	90	141.75	302.96	0.10	1940.00		1.16	2.00	2.80	4.14	7.83	11.00	17.70	22.40	31.95	47.50	65.10	84.00	105.05	134.80	154.75	175.60	201.35	268.80	705.50	
05470000	1102	19201102	20151102	90	134.98	256.99	0.10	1460.00		1.33	2.00	3.13	4.06	7.15	11.60	17.85	27.40	36.00	50.50	67.15	88.20	111.15	133.70	157.00	172.80	224.70	301.70	502.25	
05470000	1103	19201103	20151103	90	121.19	206.28	0.10	1280.00		0.91	2.25	3.19	5.00	7.92	11.60	25.40	28.80	38.90	46.00	67.10	83.20	99.80	129.50	146.75	169.40	218.30	299.40	496.70	
05470000	1104	19201104	20151104	90	108.84	159.40	0.10	866.00		0.91	2.40	3.43	5.12	7.72	12.60	27.55	33.80	40.95	52.00	63.10	74.00	91.20	121.20	140.25	169.80	209.50	278.20	428.35	
05470000	1105	19201105	20151105	90	104.97	145.76	0.10	731.00		0.89	2.40	3.80	5.92	8.00	12.60	24.85	31.80	41.85	50.50	60.15	78.20	99.05	121.10	152.50	180.40	214.55	267.70	356.15	
05470000	1106	19201106	20151106	90	111.16	165.99	0.10	1060.00		0.79	2.33	3.93	7.32	9.32	15.60	25.70	32.00	41.80	51.50	61.15	77.40	100.30	119.70	158.25	176.40	220.70	277.70	396.85	
05470000	1107	19201107	20151107	90	118.84	209.23	0.04	1500.00		0.82	2.20	4.08	6.60	9.30	16.00	24.70	32.60	39.00	50.50	58.40	72.60	98.00	118.70	143.25	162.60	204.00	258.10	534.90	
05470000	1108	19201108	20151108	90	110.64	207.89	0.08	1690.00		0.86	2.40	3.43	5.86	11.20	13.30	22.00	30.60	37.90	43.50	56.10	68.80	93.60	115.70	140.75	161.60	195.35	245.80	465.60	
05470000	1109	19201109	20151109	90	98.62	148.74	0.20	1050.00		0.96	2.40	4.07	5.68	10.75	16.00	24.40	31.00	37.90	39.50	54.10	68.40	87.65	114.70	139.50	157.20	194.55	236.70	414.75	
05470000	1110	19201110	20151110	90	96.67	142.39	0.20	932.00		1.13	2.28	3.46	6.34	9.95	14.30	24.40	28.80	33.95	40.00	58.10	68.60	87.40	114.40	135.25	151.00	206.75	240.40	366.75	
05470000	1111	19201111	20151111	90	96.60	139.24	0.20	932.00		1.39	2.63	3.30	6.08	9.60	15.00	22.25	29.40	35.00	40.00	60.15	74.60	100.00	114.70	132.50	150.80	205.35	227.10	384.90	
05470000	1112	19201112	20151112	90	110.98	238.01	0.20	2050.00		1.68	3.00	3.69	5.92	8.80	14.00	19.85	28.60	34.00	44.50	64.10	81.20	100.30	119.20	133.25	159.60	190.75	211.00	414.90	
05470000	1113	19201113	20151113	90	103.29	156.20	0.20	1080.00		1.80	3.02	3.43	5.74	8.82	13.00	23.10	26.80	34.95	52.00	63.40	92.80	105.45	124.40	143.00	163.00	180.75	220.30	405.25	
05470000	1114	19201114	20151114	90	101.91	144.83	0.20	813.00		1.81	3.00	3.83	5.74	8.68	12.90	21.40	29.80	34.90	43.00	67.00	93.40	105.45	127.40	141.25	166.00	184.70	198.80	429.10	
05470000	1115	19201115	20151115	90	96.73	125.66	0.20	581.00		2.17	2.90	4.39	5.88	9.62	11.90	17.85	28.20	36.95	54.00	63.30	83.00	98.60	123.40	137.00	162.00	172.05	216.70	415.60	
05470000	1116	19201116	20151116	90	97.16	124.17	0.10	578.00		1.80	3.23	5.39	6.78	9.18	13.20	19.70	27.20	37.90	59.00	71.15	91.20	95.30	106.50	131.25	163.00	179.15	243.30	417.40	
05470000	1117	19201117	20151117	90	107.60	193.10	0.10	1610.00		1.71	2.73	5.02	7.28	9.38	12.30	20.00	26.40	34.95	62.50	72.10	89.60	97.15	106.20	129.00	163.80	181.75	268.20	357.50	
05470000	1118	19201118	20151118	90	103.14	177.70	0.10	1470.00		1.42	2.81	4.46	7.06	10.75	15.90	20.00	27.40	34.00	59.00	71.15	88.40	96.30	112.20	128.50	158.00	175.00	283.00	329.35	
05470000	1119	19201119	20151119	90	101.78	151.57	0.10	897.00		1.31	3.27	5.00	8.20	9.88	15.30	21.85	28.60	34.95	52.50	74.10	86.20	98.15	111.40	143.25	162.00	170.10	248.20	343.75	
05470000	1120	19201120	20151120	90	103.22	158.88	0.10	1170.00		1.51	3.54	4.89	6.60	9.90	17.30	23.00	31.40	34.90	43.00	74.30	87.20	97.30	108.60	133.00	170.20	188.25	249.40	334.35	
05470000	1121	19201121	20151121	90	102.96	137.38	0.20	772.00		1.31	3.71	4.59	6.74	9.15	15.60	23.70	31.20	34.95	49.50	75.10	89.20	98.00	109.30	138.00	163.80	209.85	287.90	441.90	
05470000	1122	19201122	20151122	90	100.23	127.09	0.20	618.00		1.22	4.03	4.96	7.76	10.72	13.00	20.00	28.00	38.70	48.00	62.00	79.00	91.20	116.40	147.25	174.60	217.40	284.20	413.70	
05470000	1123	19201123	20151123	90	98.62	132.30	0.20	862.00		0.99	3.91	4.66	6.80	11.00	11.90	20.55	25.00	39.75	49.00	58.85	78.20	100.30	115.00	139.00	170.40	203.40	277.90	370.00	
05470000	1124	19201124	20151124	90	91.93	121.33	0.20	779.00		1.31	4.01	4.67	7.24	10.00	15.00	17.85	28.00	36.00	49.00	56.75	78.80	91.00	113.00	120.75	158.80	178.50	263.00	339.45	
05470000	1125	19201125	20151125	90	87.71	111.54	0.14	651.00		1.71	3.46	4.79	7.06	9.88	13.30	16.85	26.80	40.60	49.00	56.30	72.60	83.60	105.10	120.50	147.40	181.40	252.70	331.35	
05470000	1126	19201126	20151126	90	86.32	110.65	0.06	579.00		1.75	3.12	4.17	6.70	8.80	13.00	18.40	26.40	35.00	47.50	53.20	74.60	85.30	105.00	120.75	141.60	168.55	242.60	315.00	
05470000	1127	19201127	20151127	90	94.93	155.65	0.03	1210.00		1.85	3.41	4.22	6.50	8.68	13.00	18.70	26.60	34.90	47.00	60.15	72.60	84.45	107.00	117.75	157.60	184.85	236.30	312.40	
05470000	1128	19201128	20151128	90	96.98	144.27	0.01	917.00		1.34	3.12	4.33	6.00	8.07	12.30	16.55	28.80	34.85	50.00	57.20	67.80	88.35	103.70	141.25	171.60	191.85	237.10	348.75	
05470000	1129	19201129	20151129	90	95.84	138.27	0.00	783.00		1.35	3.00	4.20	5.80	7.97	13.00	15.00	26.00	34.95	41.50	58.00	68.20	84.80	103.40	131.75	162.80	199.40	252.20	352.50	
05470000	1130	19201130	20151130	90	93.45	130.38	0.00	653.00		1.44	2.80	4.17	4.84	7.85	12.60	15.85	27.40	34.75	46.00	56.40	68.40	88.30	104.40	112.25	151.60	196.35	241.40	390.30	
05470000	1201	19201201	20151201	90	90.75	129.17	0.00	797.00		0.71	2.32	4.13	4.76	7.50	13.60	21.55	26.40	33.95	48.50	56.10	67.20	80.00	97.10	113.50	145.00	189.35	229.30	379.90	
05470000	1202	19201202	20151202	90	85.46	121.61	0.00	775.00		1.13	2.41	4.35	5.48	7.40	14.30	22.00	28.00	33.90	40.50	50.10	61.20	75.60	98.00	103.00	142.00	178.70	203.60	330.25	
05470000	1203	19201203	20151203	90	82.00	107.90	0.00	640.00		1.51	2.45	4.86	6.16	9.57	13.60	21.00	24.80	35.75	41.50	51.35	65.60	80.90	90.70	99.00	139.20	174.00	208.50	304.10	
05470000	1204	19201204	20151204	90	78.34	97.71	0.00	570.00		1.60	2.60	4.52	6.44	9.25	13.90	21.70	27.80	32.90	48.00	55.05	66.60	80.15	91.10	102.75	141.40	160.65	187.40	264.25	
05470000	1205	19201205	20151205	90	79.09	98.97	0.00	532.00		1.71	2.43	4.00	5.62	7.50	11.60	19.55	29.20	35.00	44.50	59.15	68.60	80.15	92.10	115.25	134.80	147.60	200.60	277.40	
05470000	1206	19201206	20151206	90	88.19	168.10	0.00	1430.00		1.77	2.54	3.37	5.22	8.35	11.30	18.00	27.40	35.95	41.50	54.50	68.20	76.15	87.50	106.75	123.40	166.45	199.70	262.30	
05470000	1207	19201207	20151207	90	82.02	131.68	0.00	1030.00		1.68	2.42	3.53	6.20	8.38	10.30	18.70	25.80	36.80	47.00	56.10	65.00	72.30	83.70	96.50	138.00	159.35	200.90	249.65	
05470000	1208	19201208	20151208	90	77.07	108.74	0.00	742.00		1.63	2.30	3.27	5.76	8.38	10.60	19.85	26.00	35.90	40.50	50.40	64.00	75.00	85.00	92.75	130.00	160.05	193.20	251.35	
05470000	1209	19201209	20151209	90	73.17	95.49	0.00	560.00		1.32	2.42	3.33	5.06	7.85	10.83	18.40	26.20	33.95	39.00	45.15	60.80	76.15	82.40	90.00	131.20	149.70	213.10	233.35	
05470000	1210	19201210	20151210	90	68.84	89.58	0.00	475.00		1.20	2.42	3.27	5.00	7.78	11.13	17.85	30.00	33.00	37.50	42.00	55.40	64.15	75.40	87.75	109.40	140.70	180.90	276.55	
05470000	1211	19201211	20151211	90	66.62	85.09	0.00	400.00		1.12	2.13	3.17	4.44	7.60	8.90	17.70	27.40	31.95	38.50	41.15	52.80	62.00	72.00	79.25	115.20	134.45	178.50	294.05	
05470000	1212	19201212	20151212	90	72.94	103.98	0.00	556.00		0.86	2.03	3.10	4.48	6.58	8.30	16.70	27.40	32.00	38.50	41.05	49.20	62.20	76.70	86.75	108.60	142.55	211.60	312.00	
05470000	1213	19201213	20151213	90	90.55	196.23	0.00	1280.00		0.82	1.90	3.23	4.60	6.08	7.06	17.55	26.00	26.95	32.50	39.10	49.20	60.75	75.40	85.00	109.00	149.05	182.10	302.70	
05470000	1214	19201214	20151214	90	118.25	459.66	0.00	4290.00		0.78	1.90	3.26	4.16	5.40	7.06	18.85	24.00	28.95	33.00	36.20	51.00	67.45	78.00	87.75	125.00	140.00	173.90	286.35	
05470000	1215	19201215	20151215	90	136.41	619.95	0.00	5870.00		0.73	1.81	3.26	4.00	5.90	7.32	18.55	25.00	29.95	34.50	38.30	52.20	71.75	83.70	90.00	120.60	140.35	196.00	374.75	
05470000	1216	19201216	20151216	90	105.93	354.80	0.00	3290.00		0.61	1.90	3.19	3.56	4.97	8.83	18.55	24.00	25.95	32.00	45.05	53.00	69.60	76.70	96.25	115.40	135.35	183.10	364.15	
05470000	1217	19201217	20151217	90	89.98	234.53	0.00	2130.00		0.47	1.91	2.90	3.54	5.55	9.72	16.10	21.40	25.95	29.50	46.30	56.00	67.15	84.00	100.50	120.40	143.50	179.80	289.75	
05470000	1218	19201218	20151218	90	82.50	188.15	0.00	1680.00		0.42	1.82	2.70	3.28	5.30	9.02	13.00	21.00	28.00	34.00	46.00	54.20	62.30	78.70	100.25	110.80	145.70	200.50	260.45	
05470000	1219	19201219	20151219	90	77.67	154.75	0.00	1340.00		0.42	2.11	2.67	3.26	4.88	7.27	13.85	17.80	28.80	36.50	51.05	55.60	70.30	81.50	98.50	118.20	141.05	178.40	255.75	
05470000	1220	19201220	20151220	90	71.17	127.95	0.00	1080.00		0.42	2.02	2.53	3.16	5.60	7.41	13.70	18.40	25.80	37.50	48.00	57.40	67.35	77.00	93.75	103.80	140.35	157.90	231.80	
05470000	1221	19201221	20151221	90	68.88	116.45	0.00	943.00		0.46	1.71	2.63	3.12	4.55	7.96	12.85	17.80	25.00	37.00	40.10	49.20	62.15	78.50	95.25	108.60	133.40	166.00	246.35	
05470000	1222	19201222	20151222	90	67.97	105.56	0.00	797.00		0.45	1.72	2.40	3.36	4.40	8.15	12.00	17.00	24.85	39.00	42.00	48.00	62.90	75.70	93.75	112.80	138.50	172.60	226.70	
05470000	1223	19201223	20151223	90	68.15	105.04	0.00	751.00		0.34	1.92	2.37	3.26	4.62	8.77	12.00	16.00	22.95	35.50	41.05	46.20	55.45	68.70	90.00	126.40	150.35	180.90	217.65	
05470000	1224	19201224	20151224	90	70.44	123.32	0.00	940.00		0.42	2.00	2.33	2.88	3.77	8.72	12.00	16.80	21.00	33.50	38.05	44.40	54.15	62.00	67.00	119.60	153.50	183.60	260.60	
05470000	1225	19201225	20151225	90	79.55	159.61	0.00	1140.00		0.60	1.90	2.17	3.06	4.40	8.53	12.00	15.80	23.90	32.50	39.05	44.00	55.30	61.40	80.25	116.80	148.00	204.40	303.00	
05470000	1226	19201226	20151226	90	74.72	133.24	0.00	855.00		0.50	1.61	2.33	3.02	4.40	9.74	12.00	15.40	20.95	29.50	35.05	43.60	57.15	64.70	80.50	119.00	153.80	199.60	306.30	
05470000	1227	19201227	20151227	90	70.38	115.93	0.00	689.00		0.56	1.33	2.17	2.90	4.30	9.30	11.85	14.40	22.90	28.00	36.05	41.80	52.30	63.90	88.50	114.80	142.30	189.70	272.15	
05470000	1228	19201228	20151228	90	80.31	186.19	0.00	1570.00		0.48	1.43	2.29	2.92	6.40	9.58	11.85	13.00	20.95	26.00	30.15	39.40	54.15	66.40	82.75	121.20	165.70	187.60	266.30	
05470000	1229	19201229	20151229	90	80.05	177.20	0.00	1460.00		0.50	1.41	2.26	3.04	4.97	9.16	12.00	14.40	22.00	25.00	31.10	38.60	54.15	59.10	81.25	118.60	156.70	180.90	307.10	
05470000	1230	19201230	20151230	90	89.27	233.78	0.00	1960.00		0.61	1.43	2.20	2.90	5.67	9.45	11.00	15.00	20.00	27.50	33.10	41.00	54.15	64.70	81.00	115.20	156.70	186.00	293.05	
05470000	1231	19201231	20151231	90	80.94	210.45	0.00	1800.00		0.65	1.80	2.33	2.84	5.58	8.53	11.00	13.40	19.85	26.00	30.00	38.80	47.20	57.40	76.25	112.00	143.05	155.80	313.15	
