site_no	monthday	begin_dt	end_dt	count_nu	mean	std	min	max	p01	p05	p10	p15	p20	p25	p30	p35	p40	p45	p50	p55	p60	p65	p70	p75	p80	p85	p90	p95	p99
05471200	ALL	19581001	20160328	17346	220.19	495.56	0.01	12000.00	1.10	3.30	5.80	8.50	13.00	19.00	26.00	37.00	50.00	65.00	80.00	98.00	120.00	149.00	184.00	227.00	283.00	367.00	503.00	830.25	2290.00
05471200	0101	19590101	20160101	48	89.90	137.77	0.90	642.00		1.54	2.87	4.92	8.00	11.00	11.00	14.90	22.80	40.20	53.00	60.95	69.60	81.70	95.10	113.00	120.00	143.35	175.60	537.45	
05471200	0102	19590102	20160102	48	80.85	108.38	0.74	524.00		1.54	4.15	4.92	7.90	9.40	12.10	18.30	24.60	45.05	51.50	57.90	70.80	75.70	97.20	107.50	113.00	139.75	185.70	394.55	
05471200	0103	19590103	20160103	48	82.00	105.18	0.62	435.00		1.44	4.36	6.17	7.10	9.12	11.34	17.45	22.00	38.35	55.50	60.00	75.00	80.00	92.00	116.75	130.00	135.55	231.80	409.80	
05471200	0104	19590104	20160104	48	74.45	92.09	0.49	392.00		1.49	4.20	5.39	7.84	9.05	12.40	19.00	20.80	36.30	52.50	55.95	71.00	79.40	88.00	97.50	113.40	130.00	184.10	353.95	
05471200	0105	19590105	20160105	48	75.26	89.60	0.35	367.00		1.73	3.58	5.00	6.74	7.53	11.68	16.30	21.00	30.20	46.50	63.75	69.20	83.55	92.90	103.00	122.00	150.55	221.90	322.55	
05471200	0106	19590106	20160106	48	71.58	82.67	0.26	343.00		1.33	2.95	5.13	7.04	8.05	11.65	16.00	20.60	29.05	42.50	55.00	68.80	91.35	96.50	107.75	117.80	143.35	210.70	284.60	
05471200	0107	19590107	20160107	48	67.06	75.90	0.21	346.00		1.81	2.50	5.21	6.56	7.85	11.40	18.15	23.20	29.15	41.50	54.90	63.60	86.80	93.00	100.75	118.20	138.25	144.70	260.95	
05471200	0108	19590108	20160108	48	67.66	84.03	0.18	465.00		1.81	4.54	5.34	6.28	7.83	11.70	14.30	23.00	29.10	43.00	55.00	71.20	79.70	94.60	98.00	110.00	126.50	159.00	240.35	
05471200	0109	19590109	20160109	48	64.12	72.10	0.16	330.00		1.64	3.80	5.43	5.96	7.92	11.40	14.15	20.80	30.05	41.50	58.85	65.20	76.55	83.90	94.00	106.00	120.80	163.60	239.70	
05471200	0110	19590110	20160110	48	60.32	62.79	0.15	242.00		1.75	3.88	5.83	7.06	7.83	11.00	13.00	16.40	32.05	42.00	50.95	70.80	78.55	90.00	93.25	97.60	114.75	158.60	222.35	
05471200	0111	19590111	20160111	48	61.59	68.16	0.14	305.00		1.75	3.81	5.47	6.88	7.80	10.00	12.00	15.00	33.05	39.50	51.90	59.20	75.70	91.30	95.75	105.00	115.90	161.10	228.15	
05471200	0112	19590112	20160112	48	67.77	83.94	0.14	450.00		1.69	2.73	5.76	7.08	8.25	9.59	12.45	19.80	34.05	39.00	53.70	62.00	75.40	97.20	103.75	109.80	122.50	169.40	237.45	
05471200	0113	19590113	20160113	48	66.86	86.98	0.15	500.00		1.68	4.61	6.08	6.98	7.62	8.56	12.15	18.00	32.20	36.00	45.00	66.00	74.00	93.60	105.00	114.80	128.95	149.00	226.20	
05471200	0114	19590114	20160114	48	62.26	69.30	0.18	297.00		1.67	2.92	4.77	6.80	7.00	8.41	13.45	16.60	30.15	33.50	49.25	70.00	75.40	89.70	103.50	112.80	125.10	145.50	239.85	
05471200	0115	19590115	20160115	48	59.50	66.34	0.21	300.00		1.68	2.56	4.75	6.56	7.42	8.70	13.30	19.40	29.05	31.50	51.10	63.20	76.55	87.30	101.25	105.00	116.50	134.60	222.10	
05471200	0116	19590116	20160116	48	56.29	55.76	0.26	200.00		1.84	3.40	5.47	6.54	8.00	8.40	13.30	21.20	30.20	35.50	47.70	69.60	78.80	82.90	93.00	100.00	106.95	139.10	187.15	
05471200	0117	19590117	20160117	48	76.80	173.06	0.29	1200.00		1.58	3.24	4.70	6.16	6.62	8.98	12.00	25.60	31.05	33.00	39.90	64.40	84.25	88.60	93.75	99.80	116.85	142.80	169.25	
05471200	0118	19590118	20160118	48	82.20	215.69	0.31	1500.00		1.47	3.81	5.54	6.44	6.78	7.60	10.15	19.20	22.45	32.50	42.75	59.20	76.50	80.90	92.25	100.00	114.40	135.80	206.10	
05471200	0119	19590119	20160119	48	67.07	109.23	0.33	700.00		1.52	3.70	5.24	6.24	6.50	7.20	10.15	16.20	23.45	34.50	47.50	63.20	70.00	82.00	91.75	99.40	122.60	150.00	220.70	
05471200	0120	19590120	20160120	48	66.96	88.25	0.35	400.00		1.60	3.50	4.57	5.44	6.55	8.16	10.30	20.60	28.20	37.50	45.80	64.00	66.00	77.90	92.50	101.40	129.50	163.70	328.85	
05471200	0121	19590121	20160121	48	78.19	151.70	0.42	1000.00		1.25	2.39	3.78	5.80	7.00	8.00	10.45	21.40	33.10	37.00	41.90	60.80	63.70	75.30	88.00	104.80	147.20	155.60	279.55	
05471200	0122	19590122	20160122	48	66.20	85.63	0.80	500.00		2.39	3.34	4.48	5.34	7.00	10.68	14.00	29.80	34.00	43.00	51.90	64.00	71.70	74.00	93.25	111.20	126.50	157.90	213.30	
05471200	0123	19590123	20160123	48	64.81	74.28	0.74	370.00		2.44	3.25	5.07	5.78	6.58	11.20	15.90	30.20	35.00	37.00	46.00	67.40	68.00	74.50	96.50	111.00	138.25	165.50	224.65	
05471200	0124	19590124	20160124	48	64.06	75.93	0.68	334.00		2.62	4.46	5.54	5.96	7.70	12.10	18.30	27.80	34.05	40.50	53.50	64.00	65.70	71.20	84.75	101.00	133.00	151.20	281.85	
05471200	0125	19590125	20160125	48	61.06	70.88	0.64	309.00		2.65	3.93	5.22	6.00	7.12	11.44	18.75	28.20	35.05	39.50	46.95	62.00	63.70	69.90	78.00	94.40	119.15	157.30	259.95	
05471200	0126	19590126	20160126	48	63.19	76.82	1.10	400.00		2.50	3.55	4.50	5.40	6.05	10.89	21.30	29.20	34.10	41.50	54.45	60.80	64.85	70.60	75.75	90.20	123.90	181.70	226.15	
05471200	0127	19590127	20160127	48	67.34	99.34	2.50	600.00		2.63	3.10	4.54	4.78	6.65	15.20	18.45	26.80	31.10	40.50	47.80	66.00	67.70	69.30	77.25	86.20	116.80	184.60	251.35	
05471200	0128	19590128	20160128	48	56.86	64.18	2.60	255.00		3.00	3.19	4.67	5.64	9.20	14.20	18.15	19.60	32.00	37.00	43.95	58.80	63.70	66.30	78.75	82.20	105.15	158.60	241.00	
05471200	0129	19590129	20160129	48	55.42	65.72	2.50	300.00		3.18	4.40	5.61	7.68	8.30	9.88	15.45	21.40	28.15	34.00	43.80	58.00	60.00	68.00	69.00	77.20	94.25	145.10	239.15	
05471200	0130	19590130	20160130	48	60.32	86.51	2.40	500.00		3.13	4.40	5.94	8.40	9.55	12.40	15.45	21.60	26.15	35.00	47.80	54.40	56.85	62.60	67.25	75.60	97.90	170.60	242.85	
05471200	0131	19590131	20160131	48	70.58	117.20	2.30	700.00		2.94	4.32	4.64	5.62	7.28	10.52	15.15	25.00	28.10	36.50	51.70	54.80	59.40	65.30	69.25	92.80	114.90	185.90	319.40	
05471200	0201	19590201	20160201	48	105.06	304.50	2.60	2100.00		2.88	3.57	4.28	5.76	8.80	12.40	15.00	22.00	28.35	37.50	50.95	56.00	60.00	69.30	79.75	97.60	131.25	251.40	319.85	
05471200	0202	19590202	20160202	48	152.52	637.58	2.50	4450.00		3.19	3.48	4.40	6.04	9.32	10.70	15.15	24.80	27.40	44.50	51.90	60.40	65.70	71.90	78.50	102.00	130.00	212.10	296.10	
05471200	0203	19590203	20160203	48	80.74	181.27	2.50	1240.00		2.94	3.56	4.80	6.76	9.12	10.00	13.60	20.80	26.30	44.50	49.95	60.80	64.70	72.00	78.25	101.20	119.30	173.70	236.85	
05471200	0204	19590204	20160204	48	68.57	108.70	2.50	700.00		2.69	3.49	5.50	6.82	7.92	8.76	12.30	19.40	30.25	38.50	51.60	61.60	65.00	81.60	89.50	103.00	128.25	156.80	206.75	
05471200	0205	19590205	20160205	48	65.63	77.31	2.30	400.00		2.59	4.75	6.14	6.60	6.83	9.80	15.45	23.20	27.70	48.00	53.80	57.60	68.25	76.00	96.25	120.00	133.25	173.40	213.35	
05471200	0206	19590206	20160206	48	70.73	72.64	2.10	260.00		2.54	5.04	5.84	6.58	7.90	11.98	22.15	24.60	48.10	51.50	61.50	66.80	77.70	86.50	107.50	124.00	158.45	204.60	233.20	
05471200	0207	19590207	20160207	48	72.88	72.10	2.00	264.00		2.49	4.79	6.61	7.96	8.60	17.00	23.15	34.60	47.00	50.50	58.75	63.40	89.30	98.60	110.00	126.80	171.30	195.00	231.55	
05471200	0208	19590208	20160208	48	91.89	173.09	2.00	1180.00		2.44	5.11	7.27	7.74	8.68	15.70	20.30	45.40	48.05	55.00	63.80	81.40	89.70	92.00	98.50	132.00	154.75	175.70	249.40	
05471200	0209	19590209	20160209	48	109.86	278.10	2.10	1930.00		2.33	5.27	6.74	8.02	9.62	15.50	21.30	47.20	51.00	53.00	56.95	70.80	87.70	94.00	100.00	141.40	148.95	165.80	317.15	
05471200	0210	19590210	20160210	48	116.82	280.68	2.10	1940.00		2.44	5.42	6.80	8.30	10.50	18.80	24.75	40.40	49.05	60.00	67.80	76.40	91.70	106.00	128.50	148.40	155.30	202.40	340.15	
05471200	0211	19590211	20160211	48	95.17	173.76	2.10	1180.00		2.67	5.81	6.25	8.58	11.00	14.80	25.30	41.60	47.25	53.50	64.45	76.80	89.40	105.10	128.50	137.60	166.50	173.00	257.95	
05471200	0212	19590212	20160212	48	76.53	92.32	2.00	520.00		2.76	5.12	7.07	8.60	11.00	14.70	27.35	40.20	47.05	51.50	59.70	73.40	81.70	94.40	106.50	130.00	148.60	157.00	265.05	
05471200	0213	19590213	20160213	48	75.25	86.91	2.10	452.00		2.84	4.19	7.14	9.34	13.50	22.90	33.15	38.60	45.00	52.50	62.85	70.00	78.80	86.70	106.50	120.00	137.80	162.00	282.85	
05471200	0214	19590214	20160214	48	86.65	132.66	2.30	877.00		2.76	3.93	6.85	8.50	15.50	24.80	35.30	42.60	50.20	61.00	64.00	75.00	79.00	84.40	107.50	120.40	163.05	173.00	245.30	
05471200	0215	19590215	20160215	48	85.66	122.52	2.30	704.00		2.40	3.82	5.94	7.88	14.25	25.40	32.45	41.60	46.10	49.50	59.80	63.40	75.50	81.80	97.50	114.60	148.80	218.60	350.75	
05471200	0216	19590216	20160216	48	84.52	117.06	2.20	575.00		2.25	3.74	6.42	7.48	15.00	22.80	30.15	38.20	49.10	52.50	55.00	58.00	73.40	76.00	86.75	134.80	160.00	221.50	403.60	
05471200	0217	19590217	20160217	48	94.90	154.34	2.10	838.00		2.25	3.68	6.49	7.78	14.25	22.40	35.00	39.80	44.30	55.00	58.85	64.00	67.55	77.20	88.50	125.20	163.20	184.00	530.70	
05471200	0218	19590218	20160218	48	165.94	325.59	1.80	1870.00		2.25	3.57	7.34	13.80	16.25	19.00	37.20	45.80	55.05	59.00	67.80	74.40	86.80	111.20	140.25	212.60	319.50	404.60	956.80	
05471200	0219	19590219	20160219	48	262.48	581.47	1.90	3500.00		2.25	3.45	8.51	10.66	16.25	28.20	44.45	49.60	54.35	71.00	74.00	93.40	119.10	142.70	192.50	253.00	535.75	786.60	1459.50	
05471200	0220	19590220	20160220	48	269.05	629.64	2.00	4000.00		2.25	3.37	6.23	12.40	23.00	36.50	44.15	49.60	69.20	77.50	89.85	105.20	147.75	169.00	262.50	321.20	424.65	633.90	1373.00	
05471200	0221	19590221	20160221	48	222.04	400.61	1.70	2500.00		2.25	3.29	8.06	11.56	22.25	32.00	45.15	49.80	72.00	80.50	88.75	132.00	150.00	203.00	282.50	395.60	489.50	561.70	831.35	
05471200	0222	19590222	20160222	48	194.44	296.85	1.50	1500.00		2.25	3.20	9.04	12.34	19.50	30.50	45.15	49.00	68.10	70.50	84.45	134.00	144.25	180.00	255.50	303.80	397.40	505.60	969.50	
05471200	0223	19590223	20160223	48	191.69	345.87	1.40	2080.00		2.60	4.56	10.35	14.40	21.75	38.20	43.15	51.60	57.30	70.00	91.05	108.00	148.05	166.90	190.00	283.40	304.55	549.10	897.30	
05471200	0224	19590224	20160224	48	147.16	200.87	1.30	888.00		2.42	4.90	9.51	16.20	25.25	32.80	42.15	45.00	57.25	67.00	79.90	115.40	129.55	143.00	180.75	212.00	269.40	475.50	700.00	
05471200	0225	19590225	20160225	48	124.40	154.91	1.30	765.00		2.50	4.70	11.05	18.20	36.50	39.40	45.15	49.60	61.35	72.50	89.50	98.40	112.55	120.00	145.25	178.80	274.25	342.00	505.95	
05471200	0226	19590226	20160226	48	116.49	140.45	1.20	800.00		2.57	4.87	10.51	18.00	29.50	45.10	60.05	69.60	74.05	77.00	88.95	94.00	104.25	110.00	122.50	165.80	246.30	305.50	385.65	
05471200	0227	19590227	20160227	48	121.03	158.50	1.20	1000.00		2.68	4.77	11.70	18.00	28.50	43.40	53.05	61.20	67.35	80.50	86.95	91.40	114.35	131.10	176.00	203.60	224.95	280.00	332.60	
05471200	0228	19590228	20160228	48	131.15	160.15	1.20	900.00		2.75	6.49	13.70	30.20	33.25	37.40	47.45	59.20	70.45	87.50	93.95	100.00	117.55	152.10	173.00	217.60	241.25	316.00	455.90	
05471200	0229	19600229	20160229	12	151.43	184.00	1.20	580.00			6.54	18.11	21.40	24.75	29.30	31.65	34.00	37.25	46.00	66.90	122.80	173.30	222.40	277.00	333.60	396.65	522.10		
05471200	0301	19590301	20160301	48	172.69	252.83	1.40	1400.00		3.12	7.23	14.05	24.80	32.25	42.10	49.15	56.80	71.05	97.50	117.50	130.40	138.95	181.20	200.00	230.20	340.80	404.40	800.00	
05471200	0302	19590302	20160302	48	210.47	318.68	1.90	1880.00		3.67	6.35	12.70	25.40	30.75	44.70	47.75	63.20	95.25	100.00	114.75	125.00	157.00	187.30	246.50	408.40	487.75	546.00	757.20	
05471200	0303	19590303	20160303	48	209.68	323.62	2.80	1970.00		3.50	7.02	12.45	24.60	29.75	41.90	56.90	80.20	100.00	110.00	128.65	130.80	148.50	195.00	242.50	344.40	480.05	602.40	691.10	
05471200	0304	19590304	20160304	48	199.36	278.48	2.70	1630.00		3.58	7.18	11.29	27.20	32.00	38.20	61.05	70.00	89.40	106.50	121.90	148.80	187.60	221.70	245.50	318.80	397.55	546.00	692.35	
05471200	0305	19590305	20160305	48	205.10	273.04	3.00	1200.00		3.88	7.15	10.55	20.80	34.00	39.90	54.60	69.60	91.30	99.50	122.85	144.00	164.10	208.30	222.25	307.20	446.75	721.30	888.90	
05471200	0306	19590306	20160306	48	197.65	267.51	3.10	1400.00		4.45	7.49	16.45	26.40	33.00	47.80	49.45	67.20	82.35	95.00	123.75	143.80	151.70	188.70	223.50	302.20	469.55	584.20	761.15	
05471200	0307	19590307	20160307	48	210.57	306.35	3.20	1800.00		6.09	9.70	16.70	25.40	33.25	42.00	48.30	67.60	90.50	116.50	129.95	146.60	175.85	209.10	224.25	410.20	468.35	550.70	748.45	
05471200	0308	19590308	20160308	48	284.77	526.58	6.20	2970.00		10.90	16.80	23.05	29.80	45.50	47.70	55.15	65.60	100.00	109.00	159.20	188.20	218.50	251.30	333.50	370.20	438.90	618.40	1564.50	
05471200	0309	19590309	20160309	48	289.95	469.56	8.80	2610.00		16.35	20.80	30.00	45.60	53.50	66.80	91.90	100.00	110.65	131.00	149.80	202.00	219.20	277.60	326.75	412.00	488.00	736.20	1426.20	
05471200	0310	19590310	20160310	48	324.52	532.51	14.00	2680.00		16.90	22.70	32.10	44.20	55.25	76.00	90.00	96.80	129.30	149.50	172.85	223.40	286.25	320.70	350.00	398.00	473.15	587.10	1922.50	
05471200	0311	19590311	20160311	48	377.25	718.06	16.00	4610.00		17.45	19.90	39.15	46.60	59.00	71.00	83.05	119.60	141.00	171.00	197.65	242.20	277.00	367.90	389.50	512.20	577.25	838.30	1577.00	
05471200	0312	19590312	20160312	48	430.40	859.19	16.00	5520.00		18.00	29.90	45.00	52.40	65.50	72.80	78.45	121.80	148.45	171.00	215.90	237.80	320.05	343.00	463.25	510.40	772.30	914.80	1898.00	
05471200	0313	19590313	20160313	48	477.96	786.76	16.00	3950.00		17.90	31.40	45.70	59.60	66.50	73.10	82.15	137.60	174.30	189.00	204.75	237.40	283.65	347.90	464.50	616.00	921.30	1755.00	2520.00	
05471200	0314	19590314	20160314	48	443.88	611.04	16.00	2840.00		16.45	32.40	43.70	48.40	59.50	72.80	97.00	121.00	148.30	188.00	209.85	240.40	315.30	421.60	494.25	744.60	1147.50	1515.00	1776.00	
05471200	0315	19590315	20160315	48	370.94	470.16	15.00	2180.00		16.00	30.30	37.10	46.20	64.75	70.00	109.45	123.40	150.95	201.00	216.65	249.80	281.70	333.20	379.75	817.00	996.25	1172.00	1336.50	
05471200	0316	19590316	20160316	48	312.19	363.13	14.00	1520.00		15.00	21.40	36.15	54.80	70.00	77.60	103.75	116.40	150.30	158.50	216.05	238.20	267.65	310.70	348.75	659.40	693.00	870.60	1280.00	
05471200	0317	19590317	20160317	48	325.98	399.80	9.90	2300.00		13.00	17.70	35.80	62.20	71.75	90.40	104.20	125.60	156.85	196.50	233.60	253.60	284.70	391.40	519.00	587.80	614.30	716.30	1064.90	
05471200	0318	19590318	20160318	48	351.79	476.14	10.00	2500.00		12.45	15.80	35.45	56.00	67.25	79.50	101.30	129.00	145.35	210.50	220.90	244.40	272.55	325.60	495.00	574.20	634.65	1011.00	1506.00	
05471200	0319	19590319	20160319	48	364.50	533.52	11.00	3150.00		12.90	17.70	35.10	57.20	62.25	72.30	104.00	128.60	200.60	212.00	219.65	239.80	280.15	398.70	439.50	534.40	671.50	874.30	1441.50	
05471200	0320	19590320	20160320	48	396.46	621.87	9.90	2810.00		13.90	16.90	35.15	54.00	58.50	70.30	100.90	124.60	166.60	191.00	195.95	215.20	236.45	364.20	423.25	525.80	691.55	1123.00	2347.00	
05471200	0321	19590321	20160321	48	308.25	365.82	6.00	1320.00		12.35	16.00	33.75	54.40	59.25	76.70	96.80	108.80	137.30	189.00	192.95	219.40	253.55	320.80	432.50	527.20	605.10	1149.00	1256.50	
05471200	0322	19590322	20160322	48	283.21	324.60	6.90	1720.00		10.00	15.90	33.70	48.00	64.75	84.00	94.75	115.20	128.05	182.00	191.90	256.20	270.10	368.90	430.50	461.40	563.45	621.50	975.80	
05471200	0323	19590323	20160323	48	276.53	314.21	7.80	1770.00		10.34	15.90	33.35	41.00	65.75	86.30	93.60	129.60	155.50	175.50	211.35	238.80	327.60	374.10	405.25	464.20	529.25	649.70	849.65	
05471200	0324	19590324	20160324	48	292.33	370.46	9.40	1870.00		11.47	15.90	35.00	37.80	67.00	83.60	94.20	115.60	131.30	172.00	204.85	240.00	301.00	326.80	388.00	445.80	517.25	664.30	1315.50	
05471200	0325	19590325	20160325	48	318.33	431.52	5.70	2360.00		9.86	15.90	32.40	39.80	68.25	89.70	104.05	115.40	169.10	197.00	218.90	262.60	286.85	369.30	392.00	446.80	512.75	681.80	1351.00	
05471200	0326	19590326	20160326	48	307.40	414.23	4.50	2520.00		9.24	18.60	29.05	37.80	65.00	79.10	97.80	131.20	152.15	189.50	226.10	258.80	313.65	366.60	379.00	393.20	597.75	826.40	936.30	
05471200	0327	19590327	20160327	48	286.95	364.03	1.60	2080.00		10.59	16.70	30.70	44.20	70.25	76.70	94.00	126.60	148.70	174.00	213.55	245.80	287.75	333.30	363.00	449.00	528.45	643.40	1044.70	
05471200	0328	19590328	20160328	48	275.11	297.34	2.50	1770.00		10.59	17.70	32.75	62.20	76.25	91.70	108.20	145.00	181.00	196.50	209.00	258.60	319.05	330.20	421.75	465.60	535.40	598.00	690.50	
05471200	0329	19590329	20150329	47	288.61	436.26	2.90	2800.00		9.48	13.80	32.40	55.40	74.00	93.20	97.00	153.60	179.80	192.00	212.00	279.00	306.40	322.80	375.00	391.00	429.00	471.20	1024.40	
05471200	0330	19590330	20150330	47	354.03	776.19	3.10	5220.00		8.84	12.60	29.00	58.80	69.00	91.00	95.80	150.60	170.60	182.00	207.80	240.60	283.20	325.80	343.00	356.00	377.40	770.60	1284.00	
05471200	0331	19590331	20150331	47	445.15	895.59	2.40	4740.00		9.28	12.40	27.40	57.20	69.00	84.60	94.80	154.20	174.00	188.00	221.60	268.60	289.20	305.20	330.00	386.60	472.40	1011.60	3020.00	
05471200	0401	19590401	20150401	47	422.54	699.26	4.20	3380.00		8.58	13.00	27.80	55.60	71.00	82.40	93.20	144.40	157.60	180.00	218.80	262.00	275.40	297.80	400.00	530.80	721.80	1220.00	2520.00	
05471200	0402	19590402	20150402	47	332.79	465.09	3.70	2260.00		8.20	12.36	26.60	63.60	69.00	84.60	102.20	139.20	146.40	158.00	193.00	249.20	256.80	287.20	420.00	460.20	614.80	917.20	1654.00	
05471200	0403	19590403	20150403	47	272.66	301.02	2.40	1190.00		7.64	12.40	25.00	61.20	69.00	82.40	119.20	132.20	151.40	168.00	194.00	222.60	237.20	276.20	315.00	498.40	610.40	730.00	1108.00	
05471200	0404	19590404	20150404	47	268.00	296.48	2.90	1360.00		7.14	12.00	26.00	56.40	67.00	75.40	112.60	129.00	146.20	174.00	201.20	218.40	227.80	275.20	318.00	523.00	581.60	712.00	950.20	
05471200	0405	19590405	20150405	47	291.14	467.65	3.70	3030.00		6.54	11.80	26.40	51.80	61.00	73.00	92.80	118.60	145.00	169.00	193.80	202.00	221.00	254.00	387.00	498.00	528.40	594.80	892.00	
05471200	0406	19590406	20150406	47	309.43	600.39	4.00	4080.00		6.18	11.38	26.40	47.00	58.00	80.80	95.40	121.20	139.00	163.00	182.40	201.20	244.40	344.20	396.00	443.00	484.20	630.60	775.60	
05471200	0407	19590407	20150407	47	231.37	235.19	3.70	1160.00		5.54	12.28	29.00	45.20	57.00	74.80	95.60	114.40	134.20	162.00	171.60	192.20	271.40	288.20	375.00	405.40	450.20	515.80	735.00	
05471200	0408	19590408	20150408	47	218.51	217.82	2.20	990.00		6.90	12.94	28.20	45.60	54.00	69.20	105.20	124.40	130.60	155.00	166.00	186.60	243.20	278.20	335.00	372.20	406.20	482.80	789.80	
05471200	0409	19590409	20150409	47	240.56	237.13	1.80	970.00		7.20	13.14	24.80	42.80	56.00	85.00	110.60	117.00	129.00	149.00	183.60	242.00	272.20	298.20	352.00	412.20	511.60	599.80	833.00	
05471200	0410	19590410	20150410	47	225.94	205.95	2.00	728.00		6.78	12.88	23.60	42.00	49.00	82.00	112.00	125.00	140.20	146.00	171.00	208.80	266.00	320.40	370.00	380.60	451.80	589.40	696.60	
05471200	0411	19590411	20150411	47	238.84	224.33	3.10	851.00		6.14	12.70	23.00	39.20	45.00	78.80	108.40	126.00	139.20	157.00	202.20	243.80	292.20	337.20	383.00	389.40	461.20	600.40	777.00	
05471200	0412	19590412	20150412	47	275.33	293.15	5.30	1130.00		6.64	12.60	23.80	37.40	44.00	83.60	102.20	115.20	136.80	187.00	230.80	265.80	305.80	349.60	360.00	407.00	544.40	853.20	1028.80	
05471200	0413	19590413	20150413	47	274.73	315.71	6.00	1550.00		7.94	13.00	37.00	44.20	47.00	88.20	103.80	117.40	129.00	176.00	206.40	252.80	284.80	316.00	334.00	404.00	568.60	703.40	1024.40	
05471200	0414	19590414	20150414	47	277.47	369.64	5.80	2170.00		10.04	16.80	36.40	42.00	76.00	91.80	109.80	115.60	141.40	169.00	221.80	235.80	284.20	292.20	307.00	378.00	511.80	564.00	1076.80	
05471200	0415	19590415	20150415	47	303.84	413.70	5.20	2270.00		9.66	12.80	32.40	43.60	90.00	102.40	111.40	120.20	147.60	202.00	226.80	251.60	275.80	300.00	360.00	422.20	531.60	597.40	1396.00	
05471200	0416	19590416	20150416	47	291.38	407.11	5.60	2500.00		8.44	12.80	35.40	43.40	87.00	104.40	111.00	123.80	137.40	197.00	240.00	258.00	271.60	299.80	350.00	405.20	459.60	592.80	1072.80	
05471200	0417	19590417	20150417	47	290.71	378.19	5.10	2230.00		7.68	14.60	35.00	49.60	77.00	100.00	106.60	118.00	152.20	225.00	236.20	263.00	283.40	324.40	378.00	401.60	460.60	553.00	1070.80	
05471200	0418	19590418	20150418	47	297.76	348.00	5.30	1490.00		7.30	12.80	31.20	52.60	64.00	97.20	101.80	112.00	132.60	220.00	231.00	261.00	279.00	335.00	365.00	425.40	523.80	848.20	1302.00	
05471200	0419	19590419	20150419	47	292.26	349.43	4.90	1710.00		7.58	15.20	32.60	54.60	79.00	96.40	101.80	111.20	182.20	216.00	231.60	254.60	275.80	304.40	320.00	380.80	450.40	920.00	1136.00	
05471200	0420	19590420	20150420	47	280.01	279.51	4.90	1250.00		8.70	21.20	42.00	49.00	79.00	93.60	108.60	120.60	198.00	216.00	227.00	267.20	289.20	319.20	334.00	479.00	571.00	676.60	936.80	
05471200	0421	19590421	20150421	47	268.97	236.04	4.40	967.00		17.60	28.80	41.00	60.20	77.00	95.00	108.00	166.60	199.00	232.00	256.00	261.40	288.00	319.00	415.00	455.40	513.20	692.80	796.60	
05471200	0422	19590422	20150422	47	258.82	213.50	9.70	812.00		14.20	30.80	41.40	65.40	74.00	90.80	95.00	186.20	205.80	228.00	247.80	257.60	267.80	343.60	403.00	439.20	508.20	612.60	734.60	
05471200	0423	19590423	20150423	47	262.82	223.00	6.60	1010.00		11.00	30.40	59.60	72.20	87.00	91.20	94.60	182.00	215.60	230.00	238.80	257.60	319.60	339.60	370.00	412.80	450.00	561.20	790.20	
05471200	0424	19590424	20150424	47	269.41	225.88	5.50	1030.00		9.68	33.40	54.80	66.20	79.00	90.80	136.40	191.80	213.40	224.00	246.20	308.60	321.60	365.00	393.00	407.40	461.60	559.60	804.60	
05471200	0425	19590425	20150425	47	320.01	510.39	4.90	3420.00		8.44	31.80	48.80	65.00	80.00	88.40	133.40	181.60	198.00	209.00	220.00	274.80	304.60	323.60	362.00	381.00	484.60	654.80	893.60	
05471200	0426	19590426	20150426	47	375.65	780.09	5.10	5320.00		8.50	29.80	46.80	66.00	75.00	84.80	109.40	171.60	182.20	201.00	220.00	263.20	278.00	338.80	404.00	489.00	578.80	644.80	1111.60	
05471200	0427	19590427	20150427	47	422.57	720.24	5.80	3800.00		8.94	36.60	61.00	73.60	78.00	112.00	139.60	173.20	189.80	216.00	231.60	243.80	261.80	324.00	454.00	516.40	726.20	885.60	2478.00	
05471200	0428	19590428	20150428	47	406.74	533.67	7.40	2900.00		10.96	42.00	67.20	73.60	94.00	159.40	169.60	181.00	219.00	226.00	238.20	267.60	344.00	400.20	473.00	587.20	671.00	1076.00	1602.00	
05471200	0429	19590429	20150429	47	355.57	372.96	6.60	1590.00		17.18	43.40	67.00	72.40	115.00	150.00	171.60	185.40	212.40	224.00	261.00	274.00	327.80	380.20	449.00	539.40	726.60	941.00	1408.00	
05471200	0430	19590430	20150430	47	333.54	298.01	6.60	1430.00		15.00	41.20	69.40	97.40	131.00	161.40	178.40	198.60	222.00	228.00	265.00	318.00	348.40	365.80	463.00	547.40	656.80	727.40	1005.20	
05471200	0501	19590501	20150501	47	340.09	288.98	7.40	1160.00		12.08	36.00	71.00	95.60	137.00	153.00	159.60	181.80	203.60	214.00	235.20	332.20	416.20	451.80	520.00	602.00	705.20	821.80	920.20	
05471200	0502	19590502	20150502	47	305.94	246.38	5.90	913.00		9.84	34.40	68.60	89.60	138.00	160.00	171.00	178.60	191.80	198.00	216.60	306.00	381.60	427.80	455.00	485.60	589.60	702.20	886.20	
05471200	0503	19590503	20150503	47	285.76	210.20	5.50	900.00		8.98	37.80	67.80	84.80	126.00	148.80	170.60	191.20	205.40	233.00	294.60	336.40	351.80	368.80	400.00	440.20	509.80	577.60	741.00	
05471200	0504	19590504	20150504	47	292.75	256.85	5.90	1430.00		8.92	37.20	73.80	88.20	118.00	138.80	162.00	183.20	190.20	227.00	292.00	323.40	338.20	354.00	371.00	461.40	494.80	601.80	772.80	
05471200	0505	19590505	20150505	47	303.57	319.30	6.10	1860.00		8.34	52.80	71.60	94.20	118.00	132.00	159.40	178.60	186.00	219.00	257.60	294.00	300.60	324.40	360.00	447.60	502.60	608.00	968.00	
05471200	0506	19590506	20150506	47	343.69	460.63	6.90	2780.00		7.74	39.20	78.40	104.20	121.00	135.20	153.80	184.60	193.00	219.00	239.00	277.20	284.20	300.40	349.00	449.80	506.00	883.20	1248.00	
05471200	0507	19590507	20150507	47	443.56	825.79	7.20	5380.00		7.54	38.40	76.20	90.80	115.00	147.40	155.60	202.20	214.00	239.00	251.80	272.00	304.20	373.60	428.00	521.00	743.20	950.40	1694.00	
05471200	0508	19590508	20150508	47	443.27	635.22	6.60	3280.00		8.34	37.80	70.60	89.20	118.00	143.40	160.60	193.40	212.40	232.00	241.40	253.20	357.60	423.20	446.00	538.00	810.80	1124.00	2152.00	
05471200	0509	19590509	20150509	47	435.17	536.02	5.70	2250.00		8.44	37.40	84.40	100.00	142.00	152.60	170.20	206.80	217.60	224.00	240.20	273.00	347.00	377.40	428.00	575.80	1015.00	1294.00	1942.00	
05471200	0510	19590510	20150510	47	411.15	507.74	6.80	2590.00		8.32	36.80	78.80	99.20	136.00	150.40	171.40	192.80	217.80	235.00	276.40	305.40	338.20	352.00	476.00	582.20	852.00	956.00	1752.00	
05471200	0511	19590511	20150511	47	362.94	337.69	6.50	1520.00		8.22	66.00	92.00	125.60	146.00	158.80	168.80	202.60	222.40	252.00	288.80	312.00	427.40	445.80	534.00	565.20	688.80	722.60	1314.00	
05471200	0512	19590512	20150512	47	425.49	430.92	6.50	2290.00		9.02	63.40	88.80	130.80	144.00	183.20	202.40	230.80	246.20	302.00	329.40	398.60	442.00	460.20	533.00	577.20	878.20	1144.00	1210.00	
05471200	0513	19590513	20150513	47	513.90	631.69	6.90	3170.00		9.90	63.40	87.20	119.20	137.00	187.80	222.20	236.80	274.80	312.00	340.00	382.40	446.40	478.40	591.00	700.00	986.20	1392.00	2148.00	
05471200	0514	19590514	20150514	47	497.27	840.71	6.60	5570.00		8.32	64.00	79.20	120.40	135.00	177.80	223.00	236.40	254.60	275.00	299.40	327.80	383.60	399.00	482.00	726.60	880.00	958.80	1604.00	
05471200	0515	19590515	20150515	47	382.69	493.07	4.20	3200.00		7.90	61.00	76.60	120.80	151.00	163.20	202.20	215.40	236.20	245.00	263.00	302.80	342.60	389.60	408.00	600.60	719.60	808.20	977.20	
05471200	0516	19590516	20150516	47	383.24	393.14	4.20	1810.00		8.04	57.80	73.00	111.20	138.00	169.00	183.20	201.00	212.40	242.00	286.60	300.60	333.40	388.00	550.00	632.00	746.40	1080.00	1326.00	
05471200	0517	19590517	20150517	47	384.70	462.16	4.00	2290.00		7.90	55.20	76.40	106.60	126.00	164.40	183.60	198.60	214.20	236.00	277.40	299.40	316.00	365.60	451.00	592.80	655.20	733.40	1782.00	
05471200	0518	19590518	20150518	47	385.64	603.67	4.20	3880.00		11.80	53.00	94.00	110.00	140.00	155.60	180.40	200.60	236.20	259.00	262.00	279.40	298.60	344.20	410.00	530.20	549.20	631.20	1518.00	
05471200	0519	19590519	20150519	47	399.57	648.61	4.60	4280.00		14.00	50.20	87.60	105.80	128.00	148.40	169.20	199.20	230.60	241.00	257.20	271.40	290.00	383.80	468.00	494.60	524.80	818.80	1284.00	
05471200	0520	19590520	20150520	47	338.89	376.24	4.60	2010.00		14.20	48.80	88.00	101.00	143.00	155.60	186.60	202.60	220.00	243.00	256.60	288.20	309.00	388.00	434.00	452.20	510.60	642.20	1369.20	
05471200	0521	19590521	20150521	47	353.28	342.31	4.00	1420.00		11.40	47.20	87.40	93.80	124.00	149.40	193.00	212.20	225.40	243.00	256.00	282.60	317.20	384.20	412.00	522.60	772.20	970.40	1192.00	
05471200	0522	19590522	20150522	47	317.69	283.29	3.30	1150.00		10.40	57.40	82.20	89.00	109.00	143.20	187.60	196.60	211.60	232.00	259.60	286.40	354.00	377.80	386.00	443.00	641.00	732.20	1088.00	
05471200	0523	19590523	20150523	47	514.13	1281.33	3.00	8680.00		9.80	58.40	82.20	91.20	118.00	137.80	183.60	194.40	222.20	245.00	256.80	332.60	339.20	370.60	414.00	494.00	642.40	801.00	1898.80	
05471200	0524	19590524	20150524	47	571.03	1139.39	3.50	7040.00		9.20	73.80	100.00	120.00	154.00	183.20	190.00	235.20	242.40	292.00	307.40	332.20	360.80	419.00	556.00	650.60	687.20	789.20	3136.00	
05471200	0525	19590525	20150525	47	619.10	1013.42	3.00	5270.00		8.90	77.20	102.40	124.40	152.00	189.80	208.80	231.20	251.40	277.00	294.80	318.60	421.00	468.20	530.00	589.00	1129.60	1604.00	3454.00	
05471200	0526	19590526	20150526	47	561.31	860.13	2.60	4900.00		11.08	73.80	93.80	118.60	144.00	195.00	215.80	227.40	256.60	273.00	308.40	387.60	394.20	449.20	618.00	698.20	878.00	1392.00	2616.00	
05471200	0527	19590527	20150527	47	551.43	786.85	2.30	4590.00		16.40	60.80	86.00	130.60	146.00	204.80	220.20	258.40	296.00	304.00	323.20	362.00	437.40	522.80	628.00	856.80	927.20	1196.00	2372.00	
05471200	0528	19590528	20150528	47	543.42	844.68	4.80	5340.00		16.00	55.40	81.80	143.40	163.00	176.60	191.60	240.00	258.40	290.00	320.20	380.40	416.80	469.20	638.00	777.60	887.80	1266.00	1998.00	
05471200	0529	19590529	20150529	47	474.26	625.81	5.00	3530.00		16.00	51.00	77.00	132.80	139.00	157.40	201.60	223.00	256.60	283.00	315.60	369.80	419.80	497.80	557.00	686.20	782.40	1086.00	1960.00	
05471200	0530	19590530	20150530	47	556.68	1036.17	10.00	6410.00		15.20	46.20	72.20	117.20	120.00	144.80	195.40	220.20	259.00	298.00	331.40	398.40	433.80	539.80	548.00	660.20	771.40	937.60	2658.00	
05471200	0531	19590531	20150531	47	591.00	1153.47	8.80	6450.00		13.80	55.20	86.80	108.00	120.00	137.60	185.80	214.40	242.80	286.00	322.00	347.00	397.60	456.20	551.00	627.00	695.60	1076.80	3716.00	
05471200	0601	19590601	20150601	47	410.76	508.18	8.80	2810.00		12.60	60.80	89.00	99.60	116.00	132.80	179.00	193.40	227.60	260.00	299.80	317.80	351.60	474.60	545.00	576.40	590.00	895.60	1662.00	
05471200	0602	19590602	20150602	47	353.49	343.49	7.70	1570.00		9.66	55.00	78.60	87.80	96.00	121.40	168.80	190.20	238.60	263.00	286.00	304.00	364.40	440.20	482.00	536.40	690.60	819.60	1250.00	
05471200	0603	19590603	20150603	47	357.28	467.45	5.50	3050.00		20.82	59.00	73.20	88.00	93.00	122.80	159.20	185.00	240.00	266.00	284.20	310.20	355.60	423.60	444.00	469.20	520.20	715.00	1014.00	
05471200	0604	19590604	20150604	47	486.26	1215.58	4.20	8300.00		14.68	47.00	62.60	77.80	86.00	138.80	151.80	185.20	223.60	269.00	287.40	299.00	395.20	402.80	417.00	442.40	519.40	713.40	1680.80	
05471200	0605	19590605	20150605	47	559.77	1572.42	5.20	10800.00		13.80	44.20	60.00	80.60	104.00	136.20	151.00	186.40	224.00	244.00	263.20	316.20	356.20	384.60	440.00	516.80	700.40	793.20	1778.00	
05471200	0606	19590606	20150606	47	444.81	812.53	4.90	4170.00		21.20	41.40	73.20	80.40	126.00	136.40	174.80	200.20	223.80	258.00	287.40	326.00	363.20	388.40	410.00	482.20	529.20	651.00	2894.00	
05471200	0607	19590607	20150607	47	426.94	774.09	5.20	5140.00		20.40	40.00	75.20	88.20	127.00	143.00	174.00	197.40	237.20	276.00	305.40	335.80	348.40	370.20	394.00	448.60	493.00	865.60	1564.00	
05471200	0608	19590608	20150608	47	481.62	686.75	4.20	3600.00		19.60	42.00	73.40	111.60	125.00	185.00	191.60	211.00	258.40	283.00	300.60	317.00	335.80	370.40	380.00	478.00	825.80	1442.00	2244.00	
05471200	0609	19590609	20150609	47	569.44	979.40	3.90	5300.00		19.00	35.00	70.60	103.00	114.00	173.40	184.00	215.20	242.80	300.00	309.80	339.00	350.00	362.40	400.00	729.40	954.60	1288.00	3236.00	
05471200	0610	19590610	20150610	47	587.64	856.68	4.70	4550.00		17.18	32.00	67.00	97.00	112.00	163.40	172.00	210.80	257.40	287.00	289.60	329.40	364.40	539.60	578.00	925.60	1338.00	1590.00	2606.00	
05471200	0611	19590611	20150611	47	495.82	670.95	8.00	3560.00		15.90	34.00	66.40	103.20	118.00	149.40	162.40	196.80	230.00	257.00	276.00	305.80	343.20	500.60	534.00	604.40	1259.00	1510.00	1848.00	
05471200	0612	19590612	20150612	47	681.53	1099.06	8.00	6000.00		34.60	57.60	90.80	105.40	141.00	154.00	177.00	192.00	223.00	242.00	293.40	316.20	451.40	557.00	905.00	1020.00	1492.00	1696.00	3402.00	
05471200	0613	19590613	20150613	47	701.80	1051.64	6.70	4930.00		32.40	53.40	75.00	91.40	137.00	162.40	192.40	206.60	231.20	283.00	321.80	379.40	507.20	732.00	839.00	987.60	1534.00	1784.00	3794.00	
05471200	0614	19590614	20150614	47	592.69	720.16	5.20	3770.00		30.80	64.60	87.40	96.40	126.00	149.20	192.00	231.00	264.60	292.00	304.40	414.60	579.80	680.00	869.00	1062.00	1164.00	1492.00	2156.00	
05471200	0615	19590615	20150615	47	603.56	821.61	4.30	4600.00		29.40	62.60	81.40	100.40	120.00	156.20	195.80	243.00	268.00	308.00	337.20	397.40	517.00	720.20	755.00	889.00	1164.00	1426.00	2414.00	
05471200	0616	19590616	20150616	47	464.40	472.72	3.90	2090.00		28.40	65.40	75.60	92.40	115.00	130.80	165.60	213.00	270.40	290.00	298.80	379.20	454.40	576.20	775.00	821.00	1040.00	1190.00	1504.00	
05471200	0617	19590617	20150617	47	500.25	712.81	3.60	4500.00		27.60	66.80	81.00	87.80	106.00	130.60	170.40	225.80	251.00	300.00	325.00	386.60	483.20	555.40	634.00	804.60	883.40	1078.00	1600.00	
05471200	0618	19590618	20150618	47	555.01	943.36	3.60	5810.00		29.80	64.00	76.00	79.40	96.00	122.40	160.20	214.40	242.00	260.00	309.80	390.60	434.00	500.40	635.00	655.00	739.20	1488.00	2224.00	
05471200	0619	19590619	20150619	47	652.92	1073.78	3.40	4800.00		27.60	58.40	62.00	68.60	95.00	124.20	158.60	215.60	223.20	254.00	310.60	357.80	419.40	470.80	633.00	722.20	1063.80	2616.00	3812.00	
05471200	0620	19590620	20150620	47	642.33	1037.50	3.50	4570.00		24.20	53.00	61.60	70.80	90.00	113.80	147.20	198.20	219.60	230.00	273.40	320.40	368.60	490.40	560.00	767.80	1110.80	2386.00	3664.00	
05471200	0621	19590621	20150621	47	512.26	771.09	3.00	4570.00		19.80	48.60	66.00	79.00	100.00	120.40	175.60	192.80	229.20	272.00	319.20	333.80	350.60	458.00	537.00	744.00	925.60	1402.00	1932.00	
05471200	0622	19590622	20150622	47	576.83	800.55	2.80	3820.00		16.80	47.20	64.00	75.60	84.00	111.40	145.60	187.40	236.20	273.00	289.80	302.00	413.00	468.20	644.00	1108.00	1220.00	1672.00	2564.00	
05471200	0623	19590623	20150623	47	545.44	768.34	2.60	3400.00		14.80	48.00	55.20	67.20	71.00	103.20	130.80	182.40	224.40	250.00	270.20	382.40	449.40	521.00	852.00	881.40	1030.20	1230.00	2970.00	
05471200	0624	19590624	20150624	47	489.78	555.98	2.60	2170.00		14.20	43.20	51.20	63.60	77.00	107.40	154.20	186.00	209.20	243.00	314.80	394.20	494.80	670.40	717.00	764.60	1191.00	1480.00	1814.00	
05471200	0625	19590625	20150625	47	496.51	670.00	7.50	3940.00		20.16	46.40	50.60	63.00	100.00	137.00	163.60	186.80	216.60	250.00	329.00	365.00	503.60	576.80	659.00	782.40	996.00	1190.00	1734.00	
05471200	0626	19590626	20150626	47	499.77	586.89	8.40	2530.00		25.40	47.40	58.20	60.20	124.00	137.40	144.00	171.60	202.80	221.00	318.00	450.40	503.40	545.60	588.00	876.60	1056.00	1524.00	1962.00	
05471200	0627	19590627	20150627	47	521.38	757.56	6.70	3320.00		23.80	40.80	54.20	60.80	119.00	132.00	142.20	179.60	196.40	266.00	308.60	394.20	446.40	543.40	590.00	747.20	860.00	1114.00	3078.00	
05471200	0628	19590628	20150628	47	509.36	858.08	6.20	5190.00		19.88	41.20	51.40	71.20	124.00	148.60	175.60	188.80	234.60	267.00	320.00	353.80	388.80	480.60	516.00	617.00	824.00	976.80	2426.00	
05471200	0629	19590629	20150629	47	416.62	553.29	4.50	3510.00		18.28	37.80	46.20	85.40	118.00	163.20	166.00	220.40	237.60	263.00	312.20	344.20	389.40	454.20	543.00	617.80	775.40	870.40	1230.00	
05471200	0630	19590630	20150630	47	549.15	809.65	3.10	3390.00		16.88	40.80	48.00	106.80	134.00	139.60	149.60	202.00	209.40	230.00	272.00	306.80	345.20	393.00	523.00	745.40	1001.20	1784.00	3036.00	
05471200	0701	19590701	20150701	47	523.06	1054.82	2.50	6370.00		15.10	34.20	46.00	102.20	123.00	132.00	140.60	165.80	176.80	202.00	227.00	273.60	300.60	396.40	433.00	552.00	731.60	1200.00	2810.00	
05471200	0702	19590702	20150702	47	384.82	744.09	2.30	4960.00		13.26	32.80	46.40	84.40	110.00	122.00	134.00	154.20	162.00	182.00	204.40	248.20	269.20	320.20	355.00	464.20	593.60	841.20	1278.00	
05471200	0703	19590703	20150703	47	294.58	360.90	1.50	2010.00		11.54	41.00	51.20	81.40	101.00	119.40	128.80	150.80	160.60	180.00	209.20	229.40	256.40	261.00	311.00	404.00	508.00	814.80	1080.80	
05471200	0704	19590704	20150704	47	276.38	311.51	1.50	1400.00		10.38	36.60	49.00	61.20	93.00	113.60	134.00	142.80	157.80	180.00	197.40	223.40	250.40	277.40	309.00	387.60	452.40	711.40	1194.00	
05471200	0705	19590705	20150705	47	286.05	311.36	1.10	1550.00		9.18	31.60	41.20	53.40	94.00	118.00	130.80	145.20	168.80	189.00	208.60	249.80	281.20	295.80	330.00	444.00	609.00	690.40	1045.60	
05471200	0706	19590706	20150706	47	377.79	543.67	1.10	3080.00		8.08	28.00	43.80	72.40	100.00	110.00	119.60	130.00	153.40	192.00	216.20	228.00	259.20	373.60	473.00	628.20	698.80	859.00	1626.00	
05471200	0707	19590707	20150707	47	353.24	594.08	1.10	3780.00		7.92	25.60	41.20	66.20	92.00	111.00	132.20	148.00	164.80	174.00	200.00	212.80	248.00	364.40	405.00	459.40	535.60	794.40	1320.00	
05471200	0708	19590708	20150708	47	303.26	430.52	0.97	2410.00		7.06	23.60	39.20	79.20	95.00	101.20	105.60	122.00	124.80	172.00	186.80	233.40	264.00	309.80	320.00	349.80	509.80	731.60	1350.00	
05471200	0709	19590709	20150709	47	442.88	1249.21	1.20	8470.00		6.78	22.40	41.20	72.20	88.00	95.40	105.20	116.20	163.40	177.00	186.80	219.80	237.40	280.20	324.00	393.20	540.00	711.20	1723.60	
05471200	0710	19590710	20150710	47	516.36	1746.37	0.97	12000.00		8.00	21.20	41.80	68.20	76.00	82.00	105.20	138.40	158.20	164.00	188.80	203.40	238.40	264.80	326.00	374.00	493.40	796.00	1654.00	
05471200	0711	19590711	20150711	47	408.40	892.62	2.90	6000.00		7.94	24.80	40.40	59.80	70.00	80.40	92.60	113.00	144.40	150.00	164.00	197.40	230.60	349.40	508.00	564.00	712.40	930.40	1188.00	
05471200	0712	19590712	20150712	47	414.86	681.15	1.90	3040.00		7.26	22.20	42.80	52.20	61.00	74.60	82.00	91.40	128.00	132.00	155.00	180.20	262.60	364.00	404.00	582.40	946.20	1096.00	2572.00	
05471200	0713	19590713	20150713	47	437.07	916.84	1.20	4500.00		6.44	18.80	46.60	63.00	70.00	80.60	99.80	110.40	118.60	124.00	151.60	185.80	239.20	299.20	350.00	484.80	699.20	889.60	3354.00	
05471200	0714	19590714	20150714	47	358.86	850.53	0.81	5600.00		6.22	18.60	44.80	59.60	63.00	74.00	85.20	104.80	116.80	143.00	149.20	174.80	212.80	292.00	318.00	449.60	522.80	625.20	1589.60	
05471200	0715	19590715	20150715	47	310.82	660.22	1.20	4200.00		6.08	21.40	43.00	52.20	58.00	63.20	76.40	90.40	97.80	130.00	139.00	163.60	195.00	226.00	272.00	360.00	458.00	575.20	1504.00	
05471200	0716	19590716	20150716	47	261.53	544.69	1.00	3600.00		5.42	17.00	38.80	46.20	50.00	57.60	66.00	76.80	87.00	109.00	123.60	138.80	178.00	225.60	257.00	311.40	389.40	664.20	913.20	
05471200	0717	19590717	20150717	47	280.52	685.85	0.68	4700.00		5.54	16.60	38.00	41.60	48.00	57.40	61.80	82.80	104.00	121.00	134.60	159.20	190.40	237.00	249.00	310.00	398.80	590.00	727.00	
05471200	0718	19590718	20150718	47	333.96	1008.69	6.70	7000.00		9.30	28.00	35.20	39.60	50.00	59.80	72.60	92.40	105.80	146.00	152.60	194.00	227.00	264.00	308.00	340.40	389.80	570.20	640.60	
05471200	0719	19590719	20150719	47	271.79	629.76	4.20	4210.00		9.06	23.20	33.20	39.80	48.00	59.20	65.40	81.20	99.40	124.00	142.60	167.60	195.20	215.20	268.00	282.60	310.00	482.40	1065.20	
05471200	0720	19590720	20150720	47	252.25	456.58	4.10	2430.00		8.08	16.80	27.60	32.40	45.00	57.40	63.20	87.20	91.40	112.00	125.20	147.40	153.60	204.00	230.00	275.60	315.40	617.60	1544.00	
05471200	0721	19590721	20150721	47	209.30	342.89	3.40	1350.00		7.26	12.40	23.20	31.60	40.00	51.40	62.80	70.20	79.60	98.00	121.80	128.00	146.80	165.20	200.00	223.00	252.00	577.60	1306.00	
05471200	0722	19590722	20150722	47	169.22	260.35	2.90	1270.00		6.68	10.98	22.00	29.40	37.00	45.40	57.20	71.60	86.00	96.00	110.40	119.40	130.20	147.20	170.00	182.20	209.00	403.40	968.40	
05471200	0723	19590723	20150723	47	142.96	213.51	2.60	1210.00		5.46	10.10	20.20	27.60	36.00	44.00	53.20	73.00	78.20	81.00	92.40	104.80	113.00	121.80	148.00	158.80	185.60	382.80	652.60	
05471200	0724	19590724	20150724	47	134.67	188.91	2.40	1020.00		4.44	10.76	20.00	28.00	34.00	39.00	50.40	62.00	71.20	75.00	84.40	90.00	98.80	114.20	127.00	164.80	201.60	407.80	554.00	
05471200	0725	19590725	20150725	47	178.49	391.51	2.20	2310.00		3.80	10.80	16.80	23.00	29.00	36.80	43.80	54.00	59.60	69.00	71.00	81.60	93.40	120.00	142.00	209.60	249.00	366.80	1071.20	
05471200	0726	19590726	20150726	47	163.32	311.30	2.10	1760.00		3.16	11.90	18.00	21.80	33.00	40.40	49.60	52.80	60.00	65.00	68.20	76.20	91.60	109.20	135.00	167.20	274.00	393.60	959.80	
05471200	0727	19590727	20150727	47	202.63	419.35	2.00	2490.00		3.20	11.76	15.80	21.80	30.00	34.20	40.60	52.40	56.20	64.00	67.40	74.80	95.20	104.20	112.00	259.40	344.00	754.80	985.20	
05471200	0728	19590728	20150728	47	281.28	905.00	1.40	6090.00		4.10	10.52	15.00	18.40	26.00	31.80	41.60	52.20	53.60	64.00	69.40	77.40	85.20	94.20	192.00	246.40	370.60	557.60	1196.40	
05471200	0729	19590729	20150729	47	287.10	828.10	1.80	4720.00		4.86	10.78	14.40	21.00	25.00	28.00	36.60	43.80	51.20	55.00	61.60	66.60	71.60	83.40	157.00	221.80	310.00	461.60	2368.00	
05471200	0730	19590730	20150730	47	229.00	560.80	1.70	2940.00		4.88	11.00	13.00	19.60	26.00	28.80	32.60	36.60	46.60	50.00	58.00	62.60	66.40	79.60	115.00	230.80	305.40	443.20	1918.00	
05471200	0731	19590731	20150731	47	185.53	377.53	1.20	1830.00		3.66	9.56	11.00	17.60	25.00	26.40	29.80	37.00	39.60	47.00	51.40	55.80	63.40	76.00	152.00	204.00	245.00	624.00	1258.00	
05471200	0801	19590801	20150801	47	225.90	512.54	0.80	2600.00		2.90	9.16	11.00	16.00	21.00	23.40	26.00	31.20	40.20	43.00	47.20	59.00	66.80	88.80	179.00	222.00	302.00	772.80	1686.00	
05471200	0802	19590802	20150802	47	173.02	341.37	0.47	1720.00		2.32	8.48	10.72	15.60	18.00	22.00	22.00	24.40	37.20	39.00	42.40	49.60	59.40	96.20	142.00	156.00	311.00	751.20	1026.40	
05471200	0803	19590803	20150803	47	142.12	246.07	1.00	869.00		2.84	7.90	10.00	14.60	19.00	20.00	21.00	24.00	34.80	38.00	40.00	45.40	53.40	60.60	119.00	144.40	386.40	636.60	837.00	
05471200	0804	19590804	20150804	47	145.99	291.37	1.50	1660.00		3.86	7.86	9.92	14.80	17.00	18.40	21.60	29.60	34.00	36.00	38.40	49.00	72.00	96.20	105.00	121.00	310.40	606.80	669.40	
05471200	0805	19590805	20150805	47	139.77	226.46	1.80	947.00		4.52	7.94	10.40	14.60	16.00	18.80	22.80	27.20	32.20	34.00	63.00	71.00	83.40	91.40	120.00	176.00	378.40	554.40	757.60	
05471200	0806	19590806	20150806	47	150.82	264.40	1.10	1320.00		3.74	7.94	9.84	11.20	16.00	17.00	20.40	25.20	29.80	41.00	54.80	68.40	74.60	96.60	155.00	203.80	355.00	484.20	833.20	
05471200	0807	19590807	20150807	47	124.90	216.01	0.19	1260.00		3.48	7.34	8.04	11.60	14.00	18.40	20.00	25.80	33.20	42.00	55.00	60.80	66.00	82.80	142.00	239.40	283.40	371.40	513.40	
05471200	0808	19590808	20150808	47	122.49	217.38	0.15	1030.00		3.54	7.18	8.10	10.24	16.00	17.00	22.40	30.80	38.20	43.00	49.00	57.60	66.40	86.20	134.00	175.00	230.20	357.60	790.00	
05471200	0809	19590809	20150809	47	271.62	865.46	0.14	5190.00		3.04	6.98	8.22	9.92	14.00	16.80	20.80	30.60	35.00	39.00	42.60	49.20	68.60	94.40	115.00	187.40	255.00	400.40	2212.00	
05471200	0810	19590810	20150810	47	315.36	1016.55	0.10	6080.00		2.86	6.38	7.42	9.48	12.00	17.40	19.00	26.80	32.60	34.00	35.80	54.60	68.00	81.80	95.00	157.80	242.80	522.00	2706.00	
05471200	0811	19590811	20150811	47	302.03	1129.87	1.10	7600.00		2.80	5.68	7.78	9.44	13.00	15.60	20.60	24.00	29.20	33.00	53.40	56.60	59.40	74.20	111.00	121.80	338.60	612.40	1438.00	
05471200	0812	19590812	20150812	47	343.98	1469.49	0.27	10000.00		2.38	5.38	7.12	9.90	12.00	13.40	17.00	25.20	32.20	36.00	48.00	50.80	71.00	71.60	84.00	129.60	288.20	465.80	1438.00	
05471200	0813	19590813	20150813	47	261.85	1007.82	0.16	6880.00		2.30	5.52	6.32	9.26	12.00	14.40	16.00	23.40	29.00	42.00	44.00	47.00	57.20	62.40	101.00	243.60	328.00	467.20	896.40	
05471200	0814	19590814	20150814	47	188.59	464.74	0.45	2220.00		2.20	4.74	6.14	8.80	12.00	15.40	18.40	24.20	30.20	36.00	37.60	44.20	51.20	59.80	90.00	179.00	275.40	525.60	1708.00	
05471200	0815	19590815	20150815	47	169.70	431.99	0.30	2230.00		2.16	4.50	6.98	8.66	11.00	13.80	18.40	21.40	26.20	31.00	34.00	38.40	42.00	58.00	79.00	137.80	242.40	377.00	1502.00	
05471200	0816	19590816	20150816	47	169.69	544.59	0.11	3510.00		2.07	4.86	6.20	9.76	11.00	14.80	17.00	19.20	22.60	28.00	29.00	35.60	38.40	58.60	80.00	116.40	217.00	290.20	1063.20	
05471200	0817	19590817	20150817	47	180.70	689.18	0.05	4620.00		1.75	4.38	7.88	9.02	10.00	13.00	15.80	18.40	21.60	27.00	27.40	33.40	37.20	49.20	72.00	107.40	200.40	249.00	905.60	
05471200	0818	19590818	20150818	47	160.51	393.44	0.01	2090.00		1.86	4.08	6.02	7.78	9.90	12.40	17.00	21.00	25.00	30.00	33.40	36.00	42.20	65.20	76.00	149.40	189.20	404.20	1280.00	
05471200	0819	19590819	20150819	47	172.20	427.40	0.24	2190.00		2.42	4.06	5.46	6.50	9.50	10.80	19.40	22.20	23.60	30.00	32.80	34.80	41.60	57.80	66.00	140.00	164.40	615.00	1389.60	
05471200	0820	19590820	20150820	47	141.84	310.25	0.46	1380.00		1.96	4.02	4.58	6.46	9.00	10.44	18.80	21.40	25.60	30.00	31.40	34.60	40.60	53.40	91.00	111.40	193.40	595.80	1115.20	
05471200	0821	19590821	20150821	47	126.38	266.63	0.09	1030.00		1.65	3.86	4.46	7.24	9.20	14.40	17.00	22.00	25.40	28.00	32.00	37.20	45.40	53.80	70.00	115.40	162.60	509.20	977.00	
05471200	0822	19590822	20150822	47	116.64	284.94	0.06	1670.00		2.82	3.58	4.24	6.92	9.10	11.80	15.00	17.20	20.40	27.00	30.40	33.60	48.40	53.80	61.00	99.60	148.80	364.20	740.80	
05471200	0823	19590823	20150823	47	121.96	315.67	2.60	1660.00		3.08	4.12	5.04	8.52	9.00	10.34	13.40	15.20	20.80	29.00	29.40	39.20	43.20	48.80	77.00	89.80	112.40	288.60	1064.00	
05471200	0824	19590824	20150824	47	100.64	237.91	2.50	1160.00		3.08	3.80	4.52	7.42	9.10	10.40	12.80	15.20	19.20	25.00	25.80	29.80	40.40	44.20	74.00	88.40	113.60	243.20	876.00	
05471200	0825	19590825	20150825	47	97.81	209.25	1.20	937.00		1.92	2.98	3.98	6.92	8.20	10.80	13.80	14.20	17.40	21.00	23.80	25.00	32.20	41.20	69.00	82.80	109.60	465.00	712.00	
05471200	0826	19590826	20150826	47	180.82	679.25	0.87	4600.00		2.64	3.90	4.92	6.60	8.20	11.00	14.80	18.20	20.60	23.00	25.00	25.80	41.00	56.60	65.00	83.60	143.40	501.40	691.80	
05471200	0827	19590827	20150827	47	169.15	629.41	1.80	4280.00		2.62	3.62	5.24	5.74	9.00	11.00	13.60	14.40	18.60	21.00	25.00	36.60	45.60	53.80	63.00	127.40	154.20	391.00	596.80	
05471200	0828	19590828	20150828	47	122.47	371.07	1.00	2450.00		2.34	3.82	4.88	5.40	7.20	12.40	14.00	16.20	19.00	23.00	38.20	41.60	47.20	56.60	74.00	96.00	111.40	314.80	581.40	
05471200	0829	19590829	20150829	47	208.12	578.84	0.69	2980.00		2.26	3.00	3.94	5.40	6.70	10.34	12.80	17.00	19.20	24.00	35.60	42.40	57.60	66.60	88.00	142.40	228.20	412.80	2020.00	
05471200	0830	19590830	20150830	47	205.10	617.44	0.79	3600.00		2.18	2.46	3.54	4.80	8.20	10.56	15.60	17.40	21.20	29.00	32.40	38.60	51.60	64.60	81.00	103.80	216.80	387.40	1752.00	
05471200	0831	19590831	20150831	47	140.22	383.24	0.48	2120.00		2.04	2.44	3.80	5.12	6.90	9.60	15.60	17.40	23.20	25.00	32.40	34.80	43.60	49.40	72.00	84.80	170.00	243.00	1220.00	
05471200	0901	19590901	20150901	47	148.25	356.04	0.60	1410.00		2.00	2.16	3.44	5.30	5.60	7.28	13.20	15.60	19.60	21.00	28.80	31.80	40.20	43.40	56.00	72.40	114.00	836.20	1270.00	
05471200	0902	19590902	20150902	47	125.15	300.61	0.47	1200.00		1.14	2.16	3.62	4.50	5.20	8.22	12.60	15.00	18.60	20.00	25.80	28.00	33.60	44.40	52.00	60.80	73.20	678.00	1094.00	
05471200	0903	19590903	20150903	47	98.50	219.19	0.52	970.00		1.34	2.36	3.20	3.96	4.70	7.76	12.12	19.20	22.60	23.00	25.40	31.80	33.80	40.00	45.00	61.60	77.40	565.60	702.80	
05471200	0904	19590904	20150904	47	84.39	178.01	0.62	832.00		1.52	2.66	3.52	4.06	5.00	6.94	11.28	17.40	21.20	23.00	27.00	33.20	35.00	37.40	42.00	56.60	108.00	439.40	562.20	
05471200	0905	19590905	20150905	47	73.94	152.15	0.60	738.00		1.21	2.68	3.66	4.24	6.10	10.80	15.20	17.00	19.60	21.00	22.80	26.00	29.20	32.60	34.00	55.20	98.80	332.00	473.20	
05471200	0906	19590906	20150906	47	74.37	147.20	0.42	713.00		1.76	2.40	3.00	3.86	4.40	9.94	12.80	16.00	17.60	20.00	22.20	24.00	27.00	31.20	37.00	72.00	110.00	360.80	420.00	
05471200	0907	19590907	20150907	47	92.10	208.86	0.58	1210.00		1.74	2.66	3.74	4.76	8.00	12.20	14.00	15.20	17.60	19.00	22.20	27.20	33.60	54.40	72.00	79.00	122.00	305.20	556.40	
05471200	0908	19590908	20150908	47	111.20	259.30	0.22	1300.00		1.30	3.36	5.14	5.72	7.30	10.40	13.00	14.20	15.60	19.00	23.40	27.40	39.20	50.40	68.00	91.80	149.00	375.40	868.00	
05471200	0909	19590909	20150909	47	93.01	204.40	0.30	1040.00		1.18	2.82	3.54	4.52	7.00	9.82	12.80	14.20	17.60	22.00	23.00	29.00	41.40	51.40	70.00	73.80	105.00	336.80	668.40	
05471200	0910	19590910	20150910	47	83.51	160.81	0.30	601.00		1.12	2.38	3.24	3.66	6.20	9.14	11.80	14.40	16.00	18.00	24.40	28.80	40.00	44.00	59.00	71.00	99.40	414.60	571.00	
05471200	0911	19590911	20150911	47	79.22	144.08	0.23	619.00		1.03	2.36	2.92	3.94	5.30	8.92	11.00	12.20	16.20	20.00	24.20	28.80	33.20	40.60	56.00	66.40	247.00	318.00	467.40	
05471200	0912	19590912	20150912	47	81.69	155.45	0.27	736.00		1.00	1.98	2.72	3.80	6.10	8.78	10.80	12.40	16.60	20.00	21.40	30.00	33.40	38.20	50.00	61.80	232.20	353.80	437.20	
05471200	0913	19590913	20150913	47	83.47	145.54	0.22	584.00		1.03	1.84	2.86	3.54	7.50	9.28	10.80	12.40	14.60	16.00	22.00	27.80	30.60	40.60	46.00	128.00	230.00	387.20	449.60	
05471200	0914	19590914	20150914	47	79.77	143.72	0.24	709.00		0.81	2.12	2.74	4.10	7.70	8.02	9.44	12.40	16.00	21.00	24.80	27.80	31.20	37.40	62.00	113.60	213.40	333.00	383.40	
05471200	0915	19590915	20150915	47	70.81	115.43	0.41	545.00		0.61	1.86	2.42	4.08	6.40	7.48	9.50	11.00	14.20	21.00	24.00	25.80	30.80	42.40	69.00	144.00	194.60	269.80	312.80	
05471200	0916	19590916	20150916	47	63.06	102.70	0.45	462.00		0.89	1.76	2.50	2.96	5.10	7.34	7.94	10.20	12.60	20.00	23.40	24.80	31.60	36.20	61.00	105.40	202.00	227.60	298.80	
05471200	0917	19590917	20150917	47	61.42	99.99	0.45	422.00		0.72	1.64	2.50	3.84	5.60	6.80	8.80	11.40	14.00	21.00	22.40	24.80	28.60	33.20	70.00	99.80	173.60	192.60	347.00	
05471200	0918	19590918	20150918	47	62.97	102.89	0.46	399.00		0.65	1.46	2.82	3.12	5.80	6.08	10.34	13.00	17.00	21.00	23.00	23.80	28.40	37.00	69.00	97.80	155.80	217.60	364.20	
05471200	0919	19590919	20150919	47	67.48	116.58	0.83	525.00		1.24	1.86	2.80	5.14	5.80	6.86	10.34	12.20	16.40	20.00	20.40	23.60	29.00	40.40	58.00	105.40	161.00	272.20	373.60	
05471200	0920	19590920	20150920	47	97.61	278.13	1.10	1820.00		1.48	2.46	2.90	4.70	6.90	8.04	11.00	13.00	15.40	18.00	20.40	22.00	32.20	44.00	53.00	91.60	155.60	281.60	462.00	
05471200	0921	19590921	20150921	47	147.43	561.49	0.89	3810.00		1.18	2.12	2.84	4.54	6.40	7.48	10.78	12.00	14.60	18.00	20.20	27.00	30.60	44.60	52.00	100.80	165.40	283.80	589.80	
05471200	0922	19590922	20150922	47	122.70	328.25	0.83	1970.00		1.48	2.08	3.02	4.06	6.00	7.16	9.38	12.00	16.00	18.00	22.60	33.20	39.80	50.00	80.00	114.60	189.20	336.80	821.60	
05471200	0923	19590923	20150923	47	112.57	253.98	0.90	1290.00		1.04	2.30	3.42	4.60	5.00	6.78	9.56	12.40	14.60	16.00	23.40	30.80	35.60	65.80	86.00	124.40	166.20	334.20	859.60	
05471200	0924	19590924	20150924	47	103.56	235.90	0.81	1160.00		1.18	2.00	3.14	4.72	5.00	6.16	9.36	12.40	14.00	19.00	24.00	28.80	34.40	57.60	90.00	107.60	159.80	345.20	803.60	
05471200	0925	19590925	20150925	47	126.93	288.15	1.10	1270.00		1.14	2.06	2.66	3.38	4.70	5.62	9.08	11.20	12.60	15.00	21.40	28.00	54.40	78.40	85.00	130.80	198.60	352.00	1114.00	
05471200	0926	19590926	20150926	47	142.69	312.23	0.79	1600.00		1.01	1.76	2.42	4.10	5.10	6.94	8.78	9.88	13.60	15.00	28.40	38.00	58.00	73.60	138.00	175.40	232.40	464.60	1024.80	
05471200	0927	19590927	20150927	47	120.55	231.12	0.53	1030.00		0.97	1.78	2.50	3.60	5.00	7.52	9.02	12.20	13.60	16.00	29.40	32.60	60.00	93.40	132.00	148.00	261.40	407.00	837.80	
05471200	0928	19590928	20150928	47	110.78	199.85	0.97	811.00		1.08	1.82	2.24	3.40	4.80	7.50	10.56	13.00	14.60	16.00	27.40	30.60	58.40	95.40	125.00	164.80	249.00	382.40	723.20	
05471200	0929	19590929	20150929	47	131.04	306.84	1.00	1850.00		1.04	1.74	2.62	4.74	5.30	8.42	10.56	11.20	13.20	15.00	26.40	31.80	57.80	75.00	115.00	160.60	213.40	416.60	675.00	
05471200	0930	19590930	20150930	47	134.68	252.14	0.91	1160.00		1.12	1.80	2.34	4.32	5.00	8.08	8.86	11.40	14.00	15.00	25.40	30.20	56.40	102.00	132.00	193.80	274.80	590.00	793.00	
05471200	1001	19581001	20151001	48	146.61	325.82	0.82	1950.00		0.93	2.00	2.40	4.18	5.42	6.74	8.55	12.40	15.00	20.50	26.90	35.80	65.45	112.90	160.50	194.00	254.05	498.30	760.20	
05471200	1002	19581002	20151002	48	122.26	210.14	0.85	990.00		0.95	1.57	2.21	3.74	4.92	5.87	9.43	12.40	14.30	24.00	27.85	38.40	60.90	118.00	150.50	199.20	338.50	425.70	641.25	
05471200	1003	19581003	20151003	48	113.02	183.16	0.71	730.00		0.88	1.72	2.18	3.98	4.80	6.92	7.87	12.36	19.20	24.00	27.95	36.00	94.95	105.20	135.00	175.20	302.15	428.00	628.30	
05471200	1004	19581004	20151004	48	103.77	166.21	0.83	749.00		0.88	1.26	2.37	4.38	6.30	8.24	11.45	14.60	18.05	23.00	25.95	42.00	81.45	103.60	133.00	151.60	271.75	401.00	512.75	
05471200	1005	19581005	20151005	48	96.89	155.55	0.90	793.00		0.91	1.56	2.95	5.08	7.35	8.29	16.00	17.80	21.00	24.00	26.00	49.40	74.55	97.10	118.25	148.40	242.80	364.30	421.20	
05471200	1006	19581006	20151006	48	88.22	133.39	0.89	646.00		1.00	1.46	2.65	5.02	6.60	9.92	15.15	17.60	20.00	22.50	26.90	47.40	83.45	98.40	111.50	132.00	228.35	331.50	367.30	
05471200	1007	19581007	20151007	48	82.52	119.35	0.88	560.00		1.03	1.39	2.67	5.56	6.35	8.38	12.15	16.60	19.10	25.00	26.00	43.20	83.55	95.30	117.75	130.00	219.35	286.60	337.25	
05471200	1008	19581008	20151008	48	83.49	119.98	0.87	500.00		1.40	1.69	3.06	4.68	6.15	8.16	10.28	15.20	20.10	22.00	24.90	42.00	78.05	99.60	122.50	131.20	237.20	284.50	373.30	
05471200	1009	19581009	20151009	48	100.75	162.83	0.86	723.00		1.34	1.58	3.15	5.32	6.35	6.90	12.00	16.80	20.05	22.50	34.50	39.40	69.05	94.00	122.25	217.40	248.30	312.00	561.40	
05471200	1010	19581010	20151010	48	108.47	176.95	0.85	761.00		1.30	2.03	3.61	5.08	6.25	6.90	11.30	15.80	18.00	24.00	34.90	50.60	76.40	115.20	123.75	213.40	235.70	308.30	639.60	
05471200	1011	19581011	20151011	48	162.75	443.16	0.84	2900.00		1.11	1.57	3.69	5.06	6.20	7.68	10.37	15.00	16.10	23.50	27.90	45.80	83.40	101.40	115.25	183.80	207.05	549.40	759.05	
05471200	1012	19581012	20151012	48	189.00	521.50	0.82	2630.00		1.19	2.93	4.78	5.50	7.20	8.48	12.15	13.60	16.15	21.50	24.00	44.80	66.10	90.90	114.25	172.40	214.15	485.60	1703.50	
05471200	1013	19581013	20151013	48	142.37	311.18	0.80	1570.00		1.71	2.95	4.15	4.98	7.35	9.85	11.15	16.00	19.10	22.50	38.80	53.20	72.55	103.60	113.00	161.40	235.80	430.80	1065.25	
05471200	1014	19581014	20151014	48	141.00	269.71	0.80	1130.00		1.47	3.57	4.94	5.82	6.50	9.82	12.15	16.00	20.00	21.50	36.85	48.80	71.85	99.30	109.25	192.00	301.75	419.60	1039.15	
05471200	1015	19581015	20151015	48	147.59	294.96	0.80	1390.00		1.29	3.31	5.54	5.92	7.97	9.47	11.15	17.60	18.00	22.00	32.80	47.20	62.95	85.30	108.75	179.40	280.10	473.10	984.95	
05471200	1016	19581016	20151016	48	128.86	240.16	0.80	1170.00		1.60	4.87	5.11	6.20	7.55	8.98	12.00	16.60	18.10	21.00	31.00	38.80	62.90	79.60	113.50	187.80	261.55	474.60	731.45	
05471200	1017	19581017	20151017	48	110.51	185.01	0.80	771.00		1.78	3.82	4.74	6.68	7.15	7.97	11.30	15.60	19.10	24.50	29.90	41.60	54.95	85.80	117.75	174.80	244.05	438.50	602.85	
05471200	1018	19581018	20151018	48	102.96	157.40	0.80	613.00		1.58	3.37	4.47	6.04	7.75	10.46	13.15	16.20	18.05	21.00	28.75	42.00	58.85	103.00	148.25	187.20	220.60	400.10	527.45	
05471200	1019	19581019	20151019	48	107.56	164.88	0.80	747.00		1.58	3.42	4.60	5.94	7.85	9.70	13.00	16.20	17.05	18.50	29.60	42.00	54.55	103.10	175.75	216.20	287.80	382.90	478.80	
05471200	1020	19581020	20151020	48	101.05	148.52	0.90	566.00		1.81	4.22	4.74	5.58	6.80	8.87	13.00	14.60	18.15	22.00	29.00	42.80	58.65	109.90	152.00	180.60	278.85	367.40	478.25	
05471200	1021	19581021	20151021	48	91.64	128.01	1.00	463.00		1.94	4.37	4.63	5.18	6.45	8.77	12.15	14.60	18.05	22.00	28.85	41.20	87.50	112.60	141.75	166.20	255.95	331.40	409.50	
05471200	1022	19581022	20151022	48	93.34	123.01	1.20	433.00		1.69	3.58	4.80	5.10	7.80	8.55	12.15	14.60	19.05	20.00	26.80	58.00	100.20	112.00	152.50	168.80	290.15	312.70	373.20	
05471200	1023	19581023	20151023	48	139.00	281.22	1.30	1790.00		1.98	3.69	4.67	5.56	6.80	9.08	13.15	16.40	19.00	20.00	28.80	62.60	104.70	141.30	182.00	274.20	301.45	361.80	508.20	
05471200	1024	19581024	20151024	48	128.07	219.13	1.20	1250.00		1.62	3.50	5.04	6.26	6.75	9.95	14.15	17.00	18.05	20.00	26.75	69.20	102.45	134.70	190.50	246.40	298.30	339.40	538.75	
05471200	1025	19581025	20151025	48	114.09	168.98	1.00	810.00		1.78	3.66	5.50	6.48	7.40	12.80	15.30	17.00	19.05	20.00	25.75	57.00	95.30	129.10	177.25	247.40	284.90	343.90	493.95	
05471200	1026	19581026	20151026	48	104.53	147.62	0.96	623.00		1.54	3.50	5.64	6.66	7.88	12.10	17.15	18.60	21.00	23.00	32.60	53.80	98.45	132.20	151.25	221.00	260.75	309.10	494.15	
05471200	1027	19581027	20151027	48	97.52	131.31	0.97	531.00		1.97	4.66	5.34	6.50	9.43	15.10	17.15	19.00	20.00	23.00	38.35	47.80	97.05	138.20	163.75	200.80	246.45	268.60	438.60	
05471200	1028	19581028	20151028	48	91.81	118.77	1.10	475.00		1.75	4.38	5.78	6.50	8.28	12.80	16.15	18.60	19.05	22.00	33.75	48.80	95.85	119.40	175.00	195.20	227.30	265.70	380.85	
05471200	1029	19581029	20151029	48	93.77	130.65	1.30	680.00		1.98	4.23	5.37	7.38	8.32	12.04	16.00	18.60	19.05	24.00	37.80	63.40	98.25	122.30	164.00	206.60	219.65	248.30	352.65	
05471200	1030	19581030	20151030	48	125.19	313.23	1.60	2150.00		2.72	4.60	6.24	7.30	8.50	12.74	18.00	18.60	20.15	24.50	47.35	70.20	100.80	135.10	158.75	198.80	213.30	245.20	331.00	
05471200	1031	19581031	20151031	48	122.09	217.67	2.00	1340.00		3.23	5.00	5.92	7.82	11.00	13.70	17.00	17.60	23.00	48.50	57.95	89.20	99.85	143.10	160.00	202.80	218.45	300.20	499.15	
05471200	1101	19581101	20151101	48	125.63	196.04	1.70	896.00		3.76	5.47	7.94	10.80	14.00	17.10	19.15	24.60	33.05	56.00	65.75	90.40	94.55	150.40	168.50	191.20	205.25	276.60	754.60	
05471200	1102	19581102	20151102	48	124.22	173.51	3.00	846.00		4.21	5.29	7.42	9.64	14.00	15.40	22.30	37.20	57.00	66.00	85.20	92.00	122.30	153.80	176.50	197.00	210.30	299.90	609.80	
05471200	1103	19581103	20151103	48	117.19	163.16	3.00	792.00		4.16	5.77	7.66	9.88	13.25	16.10	23.05	39.80	49.05	54.00	74.85	83.40	100.95	131.60	158.00	178.80	207.60	345.40	561.25	
05471200	1104	19581104	20151104	48	118.24	153.33	1.80	650.00		3.93	5.74	7.45	10.70	13.25	15.40	23.95	42.40	46.10	57.00	80.70	94.20	117.75	145.70	155.25	181.40	202.25	357.80	524.65	
05471200	1105	19581105	20151105	48	106.78	124.44	1.90	566.00		4.26	6.01	7.33	8.98	12.25	14.70	24.50	42.60	45.45	66.00	78.90	90.20	116.15	148.30	154.75	186.20	211.50	261.10	416.50	
05471200	1106	19581106	20151106	48	108.27	130.31	1.50	533.00		4.26	6.03	6.81	9.32	11.75	15.00	24.75	40.20	45.10	67.50	75.95	86.20	119.10	139.70	147.00	180.60	194.55	314.70	465.90	
05471200	1107	19581107	20151107	48	115.19	173.35	1.10	892.00		4.15	6.06	7.54	9.48	14.25	17.40	24.45	37.80	44.05	65.50	72.85	87.20	110.80	126.90	147.00	162.20	177.00	291.90	575.60	
05471200	1108	19581108	20151108	48	106.09	153.58	1.80	762.00		4.12	6.19	6.94	9.72	12.25	15.00	26.15	34.60	44.00	62.00	69.85	80.20	96.10	114.60	140.00	156.00	177.25	267.30	522.55	
05471200	1109	19581109	20151109	48	98.71	132.12	2.00	638.00		3.70	6.44	7.94	9.80	13.00	18.60	27.75	33.80	40.05	64.50	69.00	81.20	88.00	111.30	137.00	156.20	169.90	256.00	455.85	
05471200	1110	19581110	20151110	48	96.25	121.17	1.60	612.00		4.26	6.02	7.61	9.90	13.00	17.50	27.45	34.00	41.85	63.50	66.95	80.00	90.10	118.70	144.00	163.60	183.70	230.90	394.90	
05471200	1111	19581111	20151111	48	92.45	114.90	2.50	600.00		4.49	6.02	6.89	8.04	13.25	18.10	28.30	36.20	38.25	57.50	63.90	81.20	85.00	117.20	148.25	154.00	176.15	220.90	359.35	
05471200	1112	19581112	20151112	48	93.41	110.83	3.70	557.00		5.80	6.61	8.10	10.74	14.00	20.00	26.30	33.20	43.50	58.00	78.65	83.00	100.55	120.80	138.75	162.00	169.25	218.30	361.50	
05471200	1113	19581113	20151113	48	100.78	123.98	3.50	533.00		5.33	6.20	8.36	11.00	14.50	20.00	24.15	30.60	41.75	63.00	65.95	80.80	105.70	132.90	142.75	155.00	192.65	242.50	476.85	
05471200	1114	19581114	20151114	48	100.05	130.18	3.50	567.00		5.25	6.08	7.27	10.30	14.50	20.00	20.60	26.60	39.05	55.50	69.90	80.00	109.10	128.20	136.50	147.60	195.95	222.00	510.05	
05471200	1115	19581115	20151115	48	97.58	123.54	3.50	540.00		4.99	5.98	7.00	10.44	16.50	18.70	24.15	29.00	42.35	53.50	65.75	77.60	102.70	123.20	128.75	138.40	192.30	230.70	463.65	
05471200	1116	19581116	20151116	48	99.54	129.47	3.10	538.00		4.74	6.37	7.82	12.00	17.25	18.70	22.20	30.00	41.40	52.50	57.90	83.40	112.25	116.30	124.50	139.60	187.75	224.40	497.15	
05471200	1117	19581117	20151117	48	102.21	139.23	3.20	705.00		4.33	6.34	9.53	13.80	16.25	20.70	28.15	35.40	48.15	52.00	55.95	74.00	105.10	116.30	120.25	135.40	193.85	265.10	472.45	
05471200	1118	19581118	20151118	48	101.69	125.72	3.30	520.00		4.26	6.16	8.63	11.38	17.00	24.80	27.00	36.80	49.10	57.50	60.90	90.20	107.25	119.00	121.75	143.00	193.00	281.80	463.80	
05471200	1119	19581119	20151119	48	100.00	118.98	3.40	487.00		4.62	5.80	7.83	9.32	16.75	20.40	23.05	36.60	52.15	57.00	78.00	94.00	109.25	118.30	125.25	146.80	188.35	263.40	434.15	
05471200	1120	19581120	20151120	48	101.31	111.74	3.70	456.00		4.20	5.94	6.67	7.46	16.75	20.40	23.30	33.80	52.10	58.00	79.35	95.80	102.85	123.50	161.25	183.80	227.45	254.80	371.45	
05471200	1121	19581121	20151121	48	105.37	120.47	3.80	481.00		4.12	4.95	6.40	7.58	16.50	20.40	22.00	35.60	48.10	62.50	73.85	94.20	97.70	120.70	160.25	188.20	251.20	304.00	395.10	
05471200	1122	19581122	20151122	48	102.85	114.59	3.90	420.00		4.08	6.18	6.61	11.90	17.25	20.70	26.15	36.40	49.05	53.00	76.35	91.40	101.95	130.50	154.75	184.60	246.60	285.40	404.05	
05471200	1123	19581123	20151123	48	97.32	106.45	4.10	440.00		4.14	5.94	6.47	12.60	16.25	22.50	32.45	42.60	45.05	49.00	74.75	90.20	105.05	126.60	148.50	177.00	197.95	268.00	362.55	
05471200	1124	19581124	20151124	48	95.10	101.10	4.10	395.00		4.47	6.15	6.63	13.00	15.75	21.10	32.30	38.20	48.00	54.00	75.95	85.20	91.85	116.50	143.50	183.20	199.95	266.30	337.80	
05471200	1125	19581125	20151125	48	97.98	108.81	3.50	413.00		4.33	5.96	6.80	14.60	15.75	22.70	28.35	36.60	42.00	49.50	76.00	80.00	90.55	108.60	143.50	206.80	239.10	263.20	377.05	
05471200	1126	19581126	20151126	48	96.13	109.83	3.60	468.00		4.24	5.78	7.12	13.00	16.75	21.70	24.35	34.60	42.10	47.00	79.60	86.60	91.70	100.60	110.00	203.40	227.65	262.40	345.95	
05471200	1127	19581127	20151127	48	104.70	144.43	3.30	814.00		4.78	6.17	8.44	13.00	15.00	19.50	26.30	28.60	35.55	48.50	76.95	89.00	96.80	106.30	135.00	196.20	217.80	251.30	395.60	
05471200	1128	19581128	20151128	48	104.20	129.50	3.00	686.00		4.39	6.28	8.05	12.60	15.25	22.40	24.90	31.20	43.10	48.50	72.05	91.00	98.55	129.40	154.25	195.20	227.80	265.40	359.65	
05471200	1129	19581129	20151129	48	112.87	146.23	2.70	675.00		3.89	5.81	8.21	12.40	16.25	19.80	22.00	28.60	37.40	49.00	72.25	82.00	92.55	121.60	181.00	221.60	241.50	299.80	471.15	
05471200	1130	19581130	20151130	48	109.05	135.59	2.80	578.00		3.33	5.13	7.22	10.70	14.50	19.70	23.45	28.60	37.15	55.00	74.70	79.60	92.80	114.80	170.00	216.20	246.90	284.80	447.50	
05471200	1201	19581201	20151201	48	107.77	140.50	2.40	739.00		3.49	5.13	7.13	10.64	14.50	20.70	24.15	31.60	36.45	54.00	69.70	77.60	93.35	144.20	163.75	198.60	232.60	264.20	408.40	
05471200	1202	19581202	20151202	48	101.80	124.91	2.10	657.00		3.55	5.53	7.55	9.80	15.00	20.00	27.30	32.40	35.45	64.50	76.60	88.20	92.55	135.90	154.50	195.60	203.55	247.70	366.00	
05471200	1203	19581203	20151203	48	92.94	107.63	2.30	518.00		3.67	5.26	7.57	9.40	18.25	19.00	27.15	31.80	33.20	65.00	73.65	84.20	86.00	109.50	137.25	180.60	189.50	244.90	330.10	
05471200	1204	19581204	20151204	48	89.08	98.80	2.60	439.00		3.54	4.89	7.98	9.16	15.25	18.40	27.00	28.60	38.00	57.00	66.95	77.20	88.65	117.00	128.75	172.00	187.90	277.10	283.55	
05471200	1205	19581205	20151205	48	85.50	99.90	2.50	434.00		3.31	4.50	5.46	9.06	16.25	17.00	21.60	26.00	36.10	46.00	65.95	74.00	78.70	108.90	115.75	159.80	176.50	241.00	334.45	
05471200	1206	19581206	20151206	48	80.83	90.49	2.60	366.00		3.39	4.49	5.53	9.22	13.50	16.40	20.30	24.20	34.00	47.50	64.75	70.00	91.55	109.60	120.00	146.40	172.65	204.50	311.45	
05471200	1207	19581207	20151207	48	78.83	84.19	2.20	340.00		3.43	4.60	6.35	9.38	11.50	13.70	18.30	25.00	29.05	47.00	63.40	86.00	96.85	109.30	133.50	148.40	155.85	211.80	279.05	
05471200	1208	19581208	20151208	48	77.20	80.59	3.20	322.00		4.74	5.10	6.67	8.92	11.25	15.40	16.75	25.00	32.00	50.00	62.95	88.80	100.95	105.30	124.75	135.20	145.20	223.70	266.15	
05471200	1209	19581209	20151209	48	75.16	75.85	3.50	300.00		3.78	4.50	6.74	8.40	10.50	13.70	22.45	26.60	30.30	51.00	63.95	87.40	103.05	108.60	117.75	125.60	138.95	211.00	246.05	
05471200	1210	19581210	20151210	48	71.92	70.98	3.00	285.00		3.38	4.80	5.87	8.64	11.00	13.40	21.30	26.20	31.05	50.00	67.75	81.60	94.55	108.90	120.00	126.40	130.00	185.50	228.05	
05471200	1211	19581211	20151211	48	70.71	68.92	2.00	267.00		3.13	4.31	5.85	8.24	12.25	14.70	20.00	28.00	34.20	54.00	61.80	82.60	89.40	106.40	118.25	121.80	131.25	180.60	230.25	
05471200	1212	19581212	20151212	48	75.72	71.91	2.60	250.00		3.04	4.39	5.42	8.26	12.00	17.70	19.30	26.60	29.65	60.50	67.70	85.40	108.50	120.60	122.75	132.60	157.00	194.40	228.25	
05471200	1213	19581213	20151213	48	122.26	314.82	2.20	2170.00		2.88	4.50	5.02	8.42	11.12	17.70	19.75	26.60	27.85	54.50	67.65	90.20	104.55	118.90	133.50	144.80	167.55	191.90	371.05	
05471200	1214	19581214	20151214	48	195.14	828.36	1.90	5790.00		2.86	4.72	5.21	8.00	10.18	17.10	20.60	27.40	29.85	52.00	69.50	87.40	99.40	116.00	132.00	151.00	171.30	198.30	298.50	
05471200	1215	19581215	20151215	48	216.96	921.37	1.70	6430.00		2.84	4.05	5.07	7.08	9.53	16.70	19.75	29.20	45.25	57.00	83.70	89.00	96.70	109.50	133.50	150.00	163.25	219.10	463.95	
05471200	1216	19581216	20151216	48	153.22	482.65	1.60	3340.00		2.74	3.98	5.74	6.64	9.88	15.70	18.45	23.60	37.80	56.00	76.00	97.40	103.55	117.10	130.00	134.60	157.60	183.10	532.55	
05471200	1217	19581217	20151217	48	116.90	281.03	1.60	1920.00		2.96	4.49	5.67	7.28	9.25	15.00	19.15	21.60	33.00	59.00	73.55	90.80	102.40	115.10	126.75	142.00	150.00	179.70	417.85	
05471200	1218	19581218	20151218	48	101.92	222.21	1.50	1520.00		2.94	4.30	6.00	6.20	9.38	14.00	19.45	22.60	28.35	55.50	71.45	89.00	103.50	109.30	126.25	134.80	149.75	165.50	305.45	
05471200	1219	19581219	20151219	48	91.35	184.22	1.50	1250.00		2.83	4.47	5.95	7.64	9.93	13.70	19.15	22.20	29.65	50.00	67.45	79.20	89.40	101.00	116.75	130.20	138.60	154.90	278.45	
05471200	1220	19581220	20151220	48	86.52	158.73	1.50	1070.00		2.73	4.29	5.49	7.24	8.97	12.70	18.45	25.60	32.50	50.50	69.65	79.40	84.25	94.00	111.50	127.00	142.55	162.00	252.70	
05471200	1221	19581221	20151221	48	86.11	145.06	1.40	961.00		2.73	4.19	4.81	6.84	9.10	11.70	16.75	28.60	37.05	51.00	64.00	74.00	88.95	103.50	117.50	132.60	154.55	181.00	246.15	
05471200	1222	19581222	20151222	48	87.14	136.08	1.40	843.00		2.37	4.36	4.80	7.16	9.40	11.40	16.75	23.60	42.05	53.00	65.60	73.60	83.70	92.20	109.75	131.00	160.65	186.80	323.95	
05471200	1223	19581223	20151223	48	89.04	151.72	1.30	949.00		2.13	3.99	4.41	7.00	9.70	11.00	18.15	20.60	40.20	52.00	59.80	71.60	82.70	90.30	108.00	137.00	149.30	179.50	354.80	
05471200	1224	19581224	20151224	48	94.02	190.40	1.30	1270.00		2.12	2.96	4.14	6.84	10.25	11.00	16.30	24.40	31.55	49.00	61.70	66.80	74.55	82.90	116.00	136.00	153.90	200.10	328.60	
05471200	1225	19581225	20151225	48	95.45	167.04	1.30	1020.00		1.87	2.86	4.70	6.90	11.00	11.70	15.30	24.60	28.35	47.00	59.75	66.00	76.40	88.30	114.00	131.00	165.90	240.60	401.40	
05471200	1226	19581226	20151226	48	93.56	151.08	1.40	864.00		1.83	3.37	5.00	7.10	10.25	11.70	15.15	22.60	35.05	46.00	67.30	72.20	79.55	86.60	123.75	130.80	164.55	221.10	436.75	
05471200	1227	19581227	20151227	48	92.45	135.95	1.50	786.00		1.80	4.15	4.83	7.48	10.00	12.70	16.75	24.60	44.00	49.00	58.75	71.20	78.95	106.00	123.75	132.80	196.35	263.80	340.00	
05471200	1228	19581228	20151228	48	90.45	129.77	1.60	720.00		1.65	4.06	5.04	7.48	10.50	13.70	17.30	25.20	40.10	49.50	66.90	75.00	76.00	100.70	120.25	141.60	188.10	229.40	367.15	
05471200	1229	19581229	20151229	48	93.84	141.66	1.30	700.00		1.58	4.06	4.91	7.90	9.93	13.00	15.45	20.80	44.05	52.00	65.45	72.40	80.85	96.00	119.00	144.40	177.55	220.50	490.50	
05471200	1230	19581230	20151230	48	135.00	404.83	1.20	2800.00		1.48	3.96	4.84	8.36	9.85	12.70	15.15	20.80	44.00	55.00	61.90	82.80	95.55	105.00	120.00	147.60	159.30	193.50	441.20	
05471200	1231	19581231	20151231	48	99.59	192.76	1.10	1250.00		1.44	3.87	4.85	7.38	9.95	12.00	13.75	19.60	42.00	54.00	67.50	82.60	87.70	109.30	123.75	132.00	147.80	164.60	412.35	
