site_no	monthday	begin_dt	end_dt	count_nu	mean	std	min	max	p01	p05	p10	p15	p20	p25	p30	p35	p40	p45	p50	p55	p60	p65	p70	p75	p80	p85	p90	p95	p99
06340500	ALL	19290401	20151013	30145	171.61	744.45	0.00	24000.00	3.00	7.00	10.00	13.00	15.00	18.00	20.00	23.00	26.00	30.00	34.00	39.00	45.00	54.00	67.00	85.00	113.00	161.00	260.00	595.70	2745.40
06340500	0101	19300101	20150101	82	20.53	15.35	2.00	90.00		5.00	6.86	8.78	10.00	10.00	12.90	14.00	14.00	15.00	17.00	19.00	20.00	20.95	24.10	26.00	27.40	30.00	35.70	52.55	
06340500	0102	19300102	20150102	82	20.26	15.25	2.00	89.00		5.00	7.13	8.31	10.00	10.00	12.00	13.00	14.00	14.35	17.00	18.65	20.00	20.95	23.10	25.00	27.00	30.00	35.70	51.00	
06340500	0103	19300103	20150103	82	20.09	15.02	2.00	88.00		5.00	7.43	8.00	9.64	10.00	12.00	12.05	14.00	15.35	17.00	18.65	20.00	20.00	23.00	25.00	26.80	30.00	36.00	51.85	
06340500	0104	19300104	20150104	82	19.89	14.89	2.00	87.00		5.00	7.22	8.00	10.00	10.00	11.90	12.05	13.20	14.00	16.00	18.00	19.80	20.00	23.00	25.00	27.40	30.00	36.00	51.85	
06340500	0105	19300105	20150105	82	19.57	14.82	2.00	86.00		5.00	7.03	7.89	9.50	10.00	11.00	12.00	14.00	14.00	16.00	17.00	18.00	20.00	22.10	25.00	26.40	30.00	36.00	51.70	
06340500	0106	19300106	20150106	82	19.48	15.08	2.00	85.00		5.00	6.93	7.14	9.42	10.00	11.00	12.00	13.00	14.00	16.00	16.65	17.80	18.95	22.00	24.25	26.00	30.00	37.40	51.85	
06340500	0107	19300107	20150107	82	20.12	16.78	2.00	90.00		5.00	7.00	7.10	9.00	10.00	10.90	12.00	13.00	15.00	15.50	17.00	18.00	19.90	22.00	24.25	26.80	30.00	37.10	59.65	
06340500	0108	19300108	20150108	82	20.03	16.83	1.50	90.00		5.00	6.59	7.04	8.92	10.00	10.00	12.00	12.40	15.00	16.00	17.00	18.00	19.95	21.20	25.00	26.00	29.55	37.80	60.50	
06340500	0109	19300109	20150109	82	21.51	28.45	1.50	240.00		5.00	6.50	7.67	8.30	10.00	10.90	12.00	12.00	14.00	15.00	16.65	18.00	20.00	21.00	23.50	26.00	29.10	37.10	57.65	
06340500	0110	19300110	20150110	82	22.31	36.22	1.00	320.00		5.00	6.59	7.62	8.76	10.00	10.90	12.00	12.00	13.35	15.00	16.65	17.80	19.00	21.10	23.00	26.00	29.10	37.10	50.00	
06340500	0111	19300111	20150111	82	20.98	26.44	1.00	220.00		5.00	6.55	7.00	8.00	10.00	10.00	12.00	12.00	13.35	14.50	16.00	18.00	19.00	21.10	22.25	26.00	30.55	36.40	49.70	
06340500	0112	19300112	20150112	82	19.38	16.79	1.00	100.00		5.00	6.12	7.00	8.00	9.82	10.90	12.00	12.20	13.00	14.00	16.00	18.00	19.00	21.10	22.00	26.00	31.10	35.00	50.70	
06340500	0113	19300113	20150113	82	19.27	17.35	0.60	110.00		5.00	6.00	7.00	8.00	9.78	10.00	11.00	12.00	13.00	14.50	16.00	17.80	19.00	21.00	22.25	25.40	32.10	35.00	50.70	
06340500	0114	19300114	20150114	82	19.66	20.31	0.40	150.00		5.00	6.00	6.95	8.00	8.97	10.00	11.00	12.00	13.00	15.00	16.00	17.80	19.95	21.00	22.25	25.40	31.00	35.00	51.55	
06340500	0115	19300115	20150115	82	19.33	18.80	0.40	130.00		5.00	6.09	6.95	7.92	8.45	10.00	11.00	12.00	13.00	14.50	16.00	17.80	19.95	20.10	22.25	25.40	30.55	34.70	49.85	
06340500	0116	19300116	20150116	82	18.86	18.14	0.20	120.00		5.00	6.09	6.95	7.18	8.60	10.00	11.00	12.00	12.00	14.00	15.65	17.00	18.95	20.10	22.00	25.00	30.55	34.70	48.85	
06340500	0117	19300117	20150117	82	18.91	17.24	0.20	100.00		4.15	6.00	6.89	7.00	8.15	10.00	11.00	12.00	12.00	14.50	16.00	17.00	19.00	20.10	22.00	25.00	31.55	35.00	49.85	
06340500	0118	19300118	20150118	82	22.38	35.37	0.00	300.00		4.15	5.30	6.95	7.00	8.45	9.90	11.00	12.00	13.00	15.00	16.00	18.00	18.95	21.00	22.25	25.40	32.55	36.40	66.80	
06340500	0119	19300119	20150119	82	22.38	35.39	0.00	300.00		4.15	5.30	6.42	7.00	7.80	10.00	11.00	12.00	13.35	15.00	15.00	17.60	18.00	21.10	22.50	27.60	32.00	35.70	68.00	
06340500	0120	19300120	20150120	82	25.29	56.49	0.00	500.00		4.00	5.30	6.33	7.00	7.15	10.00	11.00	11.20	13.35	14.00	15.00	17.00	18.00	22.00	22.75	27.60	32.00	35.00	70.00	
06340500	0121	19300121	20150121	82	30.30	99.51	0.00	900.00		4.00	5.00	6.00	7.00	7.83	10.00	11.00	12.00	13.00	14.00	15.00	16.80	18.00	21.00	23.50	26.00	31.00	35.70	70.10	
06340500	0122	19300122	20150122	82	27.71	78.01	0.00	700.00		4.00	5.00	5.95	7.00	7.85	10.00	11.00	12.00	13.00	14.00	15.00	16.80	18.00	20.10	23.25	26.00	31.00	35.70	71.05	
06340500	0123	19300123	20150123	82	23.52	46.12	0.00	400.00		3.15	4.30	5.41	7.00	7.85	10.00	11.00	12.00	13.00	14.00	15.00	16.80	18.95	21.00	24.25	26.40	31.10	35.00	70.40	
06340500	0124	19300124	20150124	82	22.34	34.83	0.00	275.00		3.15	4.30	5.32	7.00	7.35	10.00	11.00	12.00	12.35	14.00	15.00	17.00	19.90	21.10	25.25	28.40	32.55	35.70	71.95	
06340500	0125	19300125	20150125	82	27.71	71.63	0.00	610.00		3.15	4.15	5.22	7.00	7.67	10.00	11.00	12.00	12.35	14.00	15.00	16.00	18.95	21.00	26.25	28.80	31.10	34.70	72.65	
06340500	0126	19300126	20150126	82	35.23	133.91	0.00	1210.00		3.00	4.15	5.45	6.60	8.00	9.97	11.00	12.00	13.00	15.00	15.00	17.00	19.00	22.20	25.50	29.40	33.10	35.00	76.40	
06340500	0127	19300127	20150127	82	46.19	184.55	0.00	1610.00		3.00	4.00	5.45	6.60	7.97	9.79	11.00	12.00	12.35	15.00	15.00	16.80	20.00	20.20	25.25	30.00	34.00	35.00	133.50	
06340500	0128	19300128	20150128	82	51.33	189.13	0.00	1530.00		3.08	4.00	5.45	7.00	7.95	9.91	11.00	12.00	13.00	14.50	15.00	16.80	19.95	20.10	25.00	30.00	34.00	35.70	122.75	
06340500	0129	19300129	20150129	82	46.45	163.05	0.00	1340.00		2.50	4.30	5.45	7.00	8.00	9.98	11.00	12.00	13.00	14.00	15.00	15.80	19.00	21.00	24.00	30.00	34.55	39.10	129.75	
06340500	0130	19300130	20150130	82	44.52	139.25	0.00	969.00		2.08	4.30	5.45	7.00	8.00	10.00	12.00	12.00	13.00	14.00	15.00	15.00	19.00	21.10	23.25	30.00	34.65	40.00	127.65	
06340500	0131	19300131	20150131	82	41.27	115.79	0.00	668.00		2.08	4.30	6.00	7.00	8.00	10.00	11.00	12.00	13.00	14.00	15.00	16.00	19.00	22.00	22.25	30.00	34.55	42.80	142.50	
06340500	0201	19300201	20150201	82	44.11	105.07	0.00	551.00		1.91	4.12	6.83	7.18	8.75	10.00	11.05	12.00	13.00	14.50	16.65	18.80	20.00	21.10	25.00	30.00	35.75	47.90	420.00	
06340500	0202	19300202	20150202	82	46.14	119.93	0.00	800.00		1.98	4.00	6.13	7.72	8.38	10.00	11.00	13.00	13.35	15.00	16.00	19.00	20.95	22.10	25.00	29.40	35.75	48.50	337.20	
06340500	0203	19300203	20150203	82	44.69	117.52	0.00	850.00		1.98	4.00	6.00	7.18	8.88	9.98	11.00	12.00	13.35	15.00	17.00	19.00	21.00	23.00	25.00	29.00	40.75	78.00	250.00	
06340500	0204	19300204	20150204	82	47.85	125.72	0.00	800.00		1.98	4.00	6.00	7.12	9.00	9.96	11.05	13.00	13.35	15.50	17.65	19.00	21.00	24.10	26.00	28.40	40.40	72.40	219.20	
06340500	0205	19300205	20150205	82	44.91	118.96	0.00	850.00		1.98	4.00	6.45	7.12	9.00	10.00	11.00	13.00	14.35	15.50	18.00	19.80	21.95	24.10	26.25	29.80	41.65	65.20	189.90	
06340500	0206	19300206	20150206	82	44.43	127.16	0.00	1000.00		3.00	5.00	7.00	8.00	9.15	10.00	11.05	13.00	15.00	17.00	18.00	20.00	21.95	24.10	27.00	30.40	41.10	63.40	170.70	
06340500	0207	19300207	20150207	82	41.80	116.60	0.00	900.00		3.00	4.86	7.00	8.00	9.22	10.00	11.00	13.00	15.00	17.00	18.65	20.00	21.95	25.00	27.00	30.40	40.00	72.00	153.40	
06340500	0208	19300208	20150208	82	44.02	135.29	0.00	1100.00		3.00	5.02	7.00	8.00	9.00	9.95	11.00	12.00	14.35	17.00	19.65	20.80	23.00	25.00	26.00	30.40	37.65	56.10	150.00	
06340500	0209	19300209	20150209	82	43.15	134.82	0.00	1100.00		3.00	4.81	7.04	8.00	9.00	9.48	11.00	12.00	14.00	17.00	19.65	21.00	22.95	25.00	26.00	30.20	39.00	43.50	145.95	
06340500	0210	19300210	20150210	82	64.96	245.66	0.00	2000.00		3.00	4.67	7.00	8.00	9.00	9.47	11.00	12.00	13.35	17.00	20.00	22.00	22.95	25.00	26.50	30.80	38.20	66.30	187.80	
06340500	0211	19300211	20150211	82	71.39	270.68	0.00	2300.00		2.83	4.60	7.00	8.00	9.00	9.95	10.10	12.00	13.35	16.50	19.65	22.00	22.95	25.00	26.25	29.40	32.00	79.70	453.00	
06340500	0212	19300212	20150212	82	75.07	239.07	0.00	1800.00		3.13	5.30	6.41	8.00	9.00	10.00	11.05	12.00	14.00	17.00	18.00	21.00	22.95	24.10	26.25	29.40	31.55	93.40	485.00	
06340500	0213	19300213	20150213	82	76.73	235.44	0.00	1560.00		3.56	5.30	6.36	8.00	8.93	10.00	11.05	12.00	14.00	17.00	18.65	21.00	22.95	25.10	29.00	30.00	39.40	107.10	521.70	
06340500	0214	19300214	20150214	82	66.89	176.34	0.00	1100.00		3.83	5.30	6.89	8.00	8.95	10.00	10.10	12.00	13.35	17.00	18.65	21.00	22.00	25.00	28.00	30.80	52.35	154.00	517.20	
06340500	0215	19300215	20150215	82	60.83	137.04	0.00	700.00		3.83	5.30	7.00	8.00	8.88	10.00	11.05	12.00	13.00	16.50	19.65	20.00	21.95	25.00	27.25	30.20	54.40	190.00	468.85	
06340500	0216	19300216	20150216	82	56.35	117.25	0.00	600.00		3.83	5.00	6.72	8.00	8.88	10.00	11.00	12.00	12.35	16.00	19.65	20.80	22.00	25.00	28.00	32.80	81.10	176.90	374.00	
06340500	0217	19300217	20150217	82	67.84	144.03	0.00	750.00		3.83	5.30	6.56	8.00	9.00	10.00	11.00	12.00	13.35	16.00	19.00	20.00	22.00	25.10	27.00	33.80	99.95	268.60	447.45	
06340500	0218	19300218	20150218	82	90.31	237.17	0.00	1700.00		3.92	5.15	7.00	8.00	9.00	11.00	11.00	13.00	15.35	18.00	19.00	20.00	23.95	26.00	28.00	35.40	95.10	291.00	592.80	
06340500	0219	19300219	20150219	82	91.99	209.84	0.00	1200.00		3.92	5.30	7.04	8.00	9.75	11.00	11.00	13.00	16.00	19.00	20.00	22.00	24.95	27.10	33.25	52.00	111.00	382.40	670.85	
06340500	0220	19300220	20150220	82	93.21	227.33	0.00	1600.00		4.00	5.30	7.04	8.36	9.75	11.00	12.00	15.20	18.00	20.00	20.00	23.00	25.00	27.10	36.25	68.80	139.30	352.60	544.95	
06340500	0221	19300221	20150221	82	130.93	390.04	0.00	3070.00		4.00	5.30	7.00	8.68	10.75	11.00	12.00	16.20	18.35	20.00	22.65	25.00	26.95	30.20	47.75	84.60	183.80	419.70	717.30	
06340500	0222	19300222	20150222	82	180.20	642.58	0.00	5040.00		4.00	6.00	7.56	8.72	10.75	11.00	12.10	16.00	19.00	20.00	23.65	24.80	27.00	33.30	56.75	93.20	236.50	394.00	940.00	
06340500	0223	19300223	20150223	82	181.66	526.85	0.00	3480.00		4.00	6.30	7.89	9.20	11.00	12.00	15.05	18.00	19.00	22.50	24.00	25.00	27.90	54.10	62.50	111.80	277.50	406.50	1155.00	
06340500	0224	19300224	20150224	82	141.86	346.80	0.00	2000.00		3.12	6.30	7.54	9.20	11.00	13.00	15.00	16.20	19.00	20.00	24.00	25.00	30.95	50.50	68.75	174.00	264.40	371.00	700.00	
06340500	0225	19300225	20150225	82	137.51	299.12	0.00	1670.00		4.00	7.00	8.00	10.00	11.00	14.00	15.05	17.20	19.35	20.50	25.00	26.00	33.85	55.10	71.50	204.00	235.50	465.40	896.10	
06340500	0226	19300226	20150226	82	151.97	331.38	0.00	1840.00		4.00	7.09	8.45	10.00	11.75	14.90	16.05	19.00	20.35	23.50	25.00	31.60	44.75	60.20	104.50	174.00	200.00	600.00	1040.00	
06340500	0227	19300227	20150227	82	160.04	322.79	0.00	1900.00		4.08	7.12	8.00	10.00	12.00	14.90	19.00	20.00	21.35	25.00	29.30	35.00	50.00	79.30	142.50	180.00	336.50	626.60	795.50	
06340500	0228	19300228	20150228	82	201.31	454.57	0.00	2900.00		4.58	7.00	8.00	10.00	12.00	14.00	18.00	20.00	21.00	24.50	29.30	36.80	47.95	101.00	156.00	200.00	472.55	624.50	1143.50	
06340500	0229	19320229	20120229	20	132.09	207.39	4.00	900.00		4.19	7.82	8.00	8.60	12.75	18.30	20.75	25.60	28.90	32.50	59.20	85.60	127.70	156.40	212.50	262.00	271.70	297.20	870.00	
06340500	0301	19300301	20150301	82	265.66	706.69	0.00	5350.00		4.15	7.00	8.13	12.00	12.75	17.70	19.00	20.00	23.05	26.00	33.90	44.80	79.95	140.00	205.00	258.00	424.55	614.00	1655.00	
06340500	0302	19300302	20150302	82	321.94	863.56	0.00	6260.00		4.15	8.06	10.00	12.00	13.75	16.80	19.00	20.00	23.05	27.00	34.55	48.60	78.70	117.70	185.00	306.00	527.50	870.00	1725.50	
06340500	0303	19300303	20150303	82	362.82	1029.74	0.00	7390.00		4.15	8.15	10.00	12.60	14.00	19.00	20.00	22.00	25.00	30.00	37.65	48.00	70.00	115.80	192.50	240.00	500.00	1065.00	2200.00	
06340500	0304	19300304	20150304	82	337.81	1071.77	0.00	8520.00		4.30	8.09	10.00	13.60	14.75	18.00	20.00	24.20	26.05	31.00	35.65	47.80	69.50	113.60	157.50	256.60	422.00	783.00	2195.00	
06340500	0305	19300305	20150305	82	287.80	840.16	0.00	6810.00		6.15	8.60	11.00	14.00	16.00	19.90	20.05	25.20	30.70	36.00	43.25	58.00	83.60	145.50	186.00	288.00	369.25	700.00	1477.50	
06340500	0306	19300306	20150306	82	303.47	762.94	0.00	4500.00		7.09	10.00	11.00	15.00	18.75	20.00	20.25	30.00	30.35	36.00	46.95	68.00	107.60	160.00	187.00	270.80	466.00	798.00	1570.00	
06340500	0307	19300307	20150307	82	252.76	542.55	0.00	2650.00		7.00	10.00	11.90	16.00	20.00	20.00	26.05	30.80	35.35	40.00	47.90	79.40	139.50	170.00	182.50	225.20	375.25	874.00	1576.50	
06340500	0308	19300308	20150308	82	207.91	370.78	0.00	1700.00		7.04	10.30	13.45	16.00	20.00	22.00	26.20	36.20	38.70	59.50	86.50	99.20	129.95	161.00	192.50	232.00	350.00	645.00	1374.50	
06340500	0309	19300309	20150309	82	192.66	278.52	0.00	1150.00		8.30	11.30	15.45	20.00	20.75	25.00	30.05	38.20	50.00	82.00	113.25	120.00	169.40	205.50	252.50	302.00	350.00	505.00	1010.50	
06340500	0310	19300310	20150310	82	271.20	463.69	0.00	2900.00		8.72	14.30	15.45	20.00	24.75	30.00	35.05	50.00	76.40	106.50	113.60	164.00	214.75	251.00	318.75	400.00	500.00	700.00	1006.50	
06340500	0311	19300311	20150311	82	408.15	733.32	0.00	5000.00		9.06	14.00	15.45	20.00	25.75	33.70	36.25	51.20	96.75	105.50	174.65	212.00	250.00	344.00	475.00	738.00	898.20	1007.00	1970.00	
06340500	0312	19300312	20150312	82	562.71	1063.17	0.00	5400.00		8.81	13.30	15.45	20.00	25.75	34.70	41.25	60.00	95.10	110.00	166.50	198.00	259.50	442.50	541.25	746.00	1066.50	2020.00	3351.50	
06340500	0313	19300313	20150313	82	634.85	1288.97	0.00	7000.00		10.15	15.00	15.45	22.20	25.00	34.70	52.30	72.00	91.40	107.00	156.50	217.00	259.60	450.00	600.00	750.00	1086.50	2122.00	3300.00	
06340500	0314	19300314	20150314	82	690.94	1472.50	0.00	8000.00		11.00	15.00	17.80	24.20	29.00	36.00	66.35	81.00	96.75	116.50	156.50	200.00	308.35	440.10	512.50	920.00	1200.00	1943.00	4399.00	
06340500	0315	19300315	20150315	82	807.65	2118.15	0.00	15900.00		12.15	15.00	18.90	25.00	27.50	38.90	70.00	85.00	98.05	125.00	164.75	208.00	300.00	420.90	580.50	892.40	1350.00	1945.00	3971.00	
06340500	0316	19300316	20150316	82	803.55	2059.48	0.00	15500.00		12.30	15.30	20.90	25.00	34.75	47.60	66.10	80.40	100.00	135.00	183.00	228.80	270.00	401.00	525.00	944.00	1573.00	2168.00	3693.50	
06340500	0317	19300317	20150317	82	802.21	1875.90	0.00	13000.00		14.00	16.20	23.35	32.40	37.75	49.00	65.00	80.00	101.05	150.00	190.00	216.00	299.35	365.10	587.50	862.00	1743.50	2540.00	4085.50	
06340500	0318	19300318	20150318	82	707.30	1431.54	1.00	9100.00		15.00	19.30	25.90	37.00	50.00	64.80	75.15	91.60	115.25	165.00	196.50	246.00	312.35	400.80	667.00	788.00	1412.50	2282.00	3818.50	
06340500	0319	19300319	20150319	82	641.73	1155.03	3.00	7390.00		15.00	20.00	30.45	39.20	59.75	79.40	90.15	110.40	159.10	200.00	206.50	276.40	319.90	393.70	546.50	930.00	1655.00	2112.00	3076.00	
06340500	0320	19300320	20150320	82	610.20	980.89	10.00	4900.00		15.00	21.30	36.00	55.20	67.50	77.70	101.00	138.00	163.75	209.50	260.00	300.00	348.75	473.40	642.75	932.00	1436.50	1597.00	3140.00	
06340500	0321	19300321	20150321	82	724.20	1112.93	10.00	6200.00		16.60	25.00	46.90	55.60	70.00	90.90	131.00	181.40	203.95	226.00	250.00	342.00	427.00	585.00	1020.00	1172.00	1592.00	2266.00	3345.00	
06340500	0322	19300322	20150322	82	941.54	1829.49	10.00	12000.00		17.45	28.00	48.80	58.00	78.75	99.00	145.25	182.00	204.75	230.00	262.70	371.00	576.00	843.20	926.75	1352.00	1827.00	2910.00	3776.00	
06340500	0323	19300323	20150323	82	1365.90	3569.64	10.00	23100.00		20.00	30.90	50.45	58.00	85.00	129.10	150.20	181.20	204.25	242.00	313.65	373.60	640.80	702.80	872.00	1202.00	1559.50	4085.00	6293.50	
06340500	0324	19300324	20150324	82	1390.02	3518.11	10.00	24000.00		20.00	33.50	50.00	62.40	98.25	119.50	144.75	171.40	200.35	255.00	318.05	440.00	549.80	681.40	800.00	983.80	1533.00	4561.00	7209.50	
06340500	0325	19300325	20150325	82	1221.09	2512.37	10.00	13000.00		20.15	34.40	46.45	66.20	91.25	135.90	159.00	171.00	210.90	261.00	302.60	366.80	494.15	569.90	724.50	1168.00	2191.00	4607.00	7521.50	
06340500	0326	19300326	20150326	82	1177.85	2854.40	10.00	22000.00		22.45	40.90	46.35	77.60	112.25	144.80	160.20	183.60	207.40	256.00	300.65	381.20	462.80	576.40	743.50	1182.00	2242.00	3230.00	6319.00	
06340500	0327	19300327	20150327	82	1093.99	2843.14	10.00	22400.00		24.90	40.00	49.95	77.20	109.75	137.70	152.15	161.00	201.30	265.00	296.75	335.20	412.45	660.20	803.75	1140.00	1777.50	2170.00	6498.00	
06340500	0328	19300328	20150328	82	936.37	2179.00	10.00	15100.00		30.30	44.00	60.20	82.60	131.75	140.00	152.00	165.60	214.60	241.00	298.25	364.80	499.05	626.00	906.25	1116.00	1327.50	1807.00	5321.50	
06340500	0329	19300329	20150329	82	844.93	1804.82	10.00	12300.00		30.90	42.00	65.25	104.20	128.50	144.40	155.00	167.00	200.00	228.00	286.50	338.80	405.70	582.00	879.00	1001.60	1282.50	2281.00	3468.00	
06340500	0330	19300330	20150330	82	913.46	1931.17	10.00	9000.00		31.20	43.30	76.90	110.00	127.75	141.80	160.00	187.80	200.35	248.00	282.60	310.00	378.05	547.80	660.25	876.40	1182.00	2214.00	7770.00	
06340500	0331	19300331	20150331	82	878.77	1802.45	10.00	9500.00		31.05	41.30	74.80	104.60	122.00	134.70	145.20	172.80	244.50	275.00	300.00	352.00	428.65	470.00	498.50	765.80	1255.00	2406.00	6017.00	
06340500	0401	19290401	20150401	83	841.94	1612.39	10.00	8600.00		36.20	52.20	85.20	96.80	115.00	130.40	135.40	170.60	200.80	249.00	300.00	352.20	446.00	490.40	551.00	749.20	1164.00	2342.00	5444.00	
06340500	0402	19290402	20150402	83	786.37	1487.79	10.00	7190.00		34.40	50.00	81.80	105.00	122.00	128.00	137.40	167.20	198.20	250.00	281.80	335.20	392.40	437.80	495.00	670.40	1152.00	2774.00	4980.00	
06340500	0403	19290403	20150403	83	812.07	1635.48	22.00	9300.00		35.00	63.80	76.80	106.40	115.00	118.40	145.00	158.00	198.80	221.00	251.00	282.60	340.40	388.00	491.00	802.40	1366.00	2782.00	4800.00	
06340500	0404	19290404	20150404	83	896.36	1956.53	20.00	11400.00		33.20	57.00	78.80	102.20	110.00	122.20	132.40	158.60	177.00	193.00	223.80	258.20	285.80	351.60	418.00	603.20	1688.00	2604.00	6200.00	
06340500	0405	19290405	20150405	83	864.96	2084.77	18.00	12800.00		34.00	50.40	68.20	86.60	101.00	113.00	125.40	149.40	174.60	194.00	208.40	247.60	295.00	323.80	369.00	561.20	1324.00	2026.00	6466.00	
06340500	0406	19290406	20150406	83	845.93	2179.60	15.00	14300.00		33.20	54.60	64.80	88.00	98.00	105.40	129.40	138.20	160.80	175.00	224.20	239.80	279.00	314.00	400.00	755.00	1076.00	1814.00	6686.00	
06340500	0407	19290407	20150407	83	899.71	2467.91	15.00	17400.00		31.20	53.00	67.20	77.40	93.00	96.60	118.40	133.40	154.80	169.00	212.40	223.20	255.00	278.40	350.00	726.80	1080.00	1608.00	5396.00	
06340500	0408	19290408	20150408	83	855.08	2422.09	16.00	18200.00		29.00	52.80	62.80	71.00	88.00	100.40	114.40	128.60	144.00	170.00	197.60	211.80	244.00	266.60	410.00	544.20	997.00	1776.00	5682.00	
06340500	0409	19290409	20150409	83	713.42	1833.48	16.00	13400.00		27.20	50.40	63.60	67.80	84.00	100.60	110.60	118.80	135.40	152.00	187.00	211.00	242.80	344.20	447.00	601.20	830.00	1598.00	4728.00	
06340500	0410	19290410	20150410	83	655.08	1401.41	16.00	8800.00		27.20	50.00	57.20	64.80	77.00	95.40	101.40	115.20	134.20	141.00	182.20	195.40	217.00	343.00	505.00	613.20	842.00	2234.00	4066.00	
06340500	0411	19290411	20150411	83	523.64	972.41	16.00	4870.00		27.20	47.80	58.80	64.80	73.00	89.20	96.80	103.20	126.40	140.00	166.60	185.40	218.00	305.60	450.00	551.20	952.00	1644.00	3454.00	
06340500	0412	19290412	20150412	83	511.55	1071.41	20.00	7030.00		27.20	46.40	55.60	61.80	75.00	89.00	93.00	100.20	116.20	138.00	162.40	182.80	210.80	263.80	350.00	457.20	883.00	1618.00	2562.00	
06340500	0413	19290413	20150413	83	572.72	1654.88	25.00	13000.00		28.40	43.40	54.00	60.60	73.00	79.40	87.60	92.20	103.80	133.00	146.20	170.60	195.80	263.40	313.00	381.40	689.60	1256.00	2714.00	
06340500	0414	19290414	20150414	83	544.00	1658.01	24.00	13300.00		31.00	42.40	54.00	56.60	69.00	75.40	81.80	89.60	98.80	118.00	140.20	167.80	196.40	238.40	294.00	379.60	568.20	978.00	2490.00	
06340500	0415	19290415	20150415	83	493.29	1496.00	23.00	11900.00		31.60	43.60	50.00	54.20	67.00	71.60	81.80	85.00	99.00	110.00	134.00	160.00	184.20	224.00	303.00	392.20	445.80	814.60	2840.00	
06340500	0416	19290416	20150416	83	510.30	1708.58	22.00	12500.00		30.40	44.20	48.60	54.20	63.00	72.60	79.80	84.60	95.20	116.00	130.40	164.40	181.60	229.60	294.00	362.40	445.00	622.60	2282.00	
06340500	0417	19290417	20150417	83	567.94	2436.56	21.00	21800.00		30.00	42.40	46.00	49.00	61.00	69.60	76.80	81.00	97.60	112.00	128.00	150.60	174.60	205.80	249.00	328.00	442.20	966.40	2008.00	
06340500	0418	19290418	20150418	83	545.05	2127.09	21.00	18600.00		28.20	43.00	45.00	49.60	57.00	65.60	71.40	80.20	90.80	110.00	127.20	150.00	172.20	209.80	249.00	294.40	403.00	985.40	2258.00	
06340500	0419	19290419	20150419	83	443.67	1314.25	20.00	10400.00		28.60	41.00	43.00	53.80	58.00	66.20	69.00	82.00	90.00	104.00	122.40	147.60	160.80	191.00	243.00	301.60	435.00	853.00	2018.00	
06340500	0420	19290420	20150420	83	353.02	794.38	22.00	4460.00		28.40	35.60	42.60	51.00	60.00	63.20	76.40	85.00	97.80	110.00	129.20	145.60	158.40	198.80	246.00	274.80	389.40	710.80	2468.00	
06340500	0421	19290421	20150421	83	300.46	634.20	23.00	4300.00		24.00	33.00	40.60	50.80	53.00	59.00	73.40	88.60	102.40	113.00	127.20	133.20	166.80	191.60	235.00	273.40	415.60	627.80	1664.00	
06340500	0422	19290422	20150422	83	294.28	740.58	21.00	6100.00		23.40	31.60	39.60	47.60	50.00	58.80	69.60	81.60	100.60	111.00	120.20	132.40	165.20	180.60	213.00	274.60	380.00	578.20	1518.00	
06340500	0423	19290423	20150423	83	278.34	734.24	21.00	6400.00		24.40	31.20	40.80	45.80	50.00	62.20	67.00	81.00	93.60	109.00	122.60	137.00	159.20	174.80	198.00	251.40	325.40	703.20	1096.00	
06340500	0424	19290424	20150424	83	263.86	707.85	20.00	6250.00		25.40	32.20	40.20	44.80	50.00	57.40	64.40	77.20	93.80	106.00	116.40	139.00	161.20	180.80	200.00	257.20	360.20	589.00	946.00	
06340500	0425	19290425	20150425	83	231.51	529.48	20.00	4600.00		26.40	32.00	39.00	43.60	49.00	57.40	66.40	76.60	92.60	104.00	112.20	135.00	154.40	160.80	211.00	264.40	356.00	519.20	798.40	
06340500	0426	19290426	20150426	83	213.01	418.26	20.00	3400.00		26.20	33.00	38.60	46.80	50.00	56.20	65.40	77.00	91.20	98.00	109.20	124.40	146.00	154.20	187.00	220.40	289.80	442.20	817.40	
06340500	0427	19290427	20150427	83	190.14	338.48	20.00	2500.00		26.60	34.20	37.60	45.00	51.00	56.00	64.20	79.00	86.80	98.00	109.20	124.20	135.00	144.40	173.00	216.60	295.40	373.00	684.80	
06340500	0428	19290428	20150428	83	183.19	333.23	20.00	2450.00		26.80	33.00	36.00	45.60	51.00	55.80	73.40	78.00	85.40	103.00	107.20	117.80	131.40	144.60	166.00	235.20	261.40	344.60	594.00	
06340500	0429	19290429	20150429	83	226.33	665.40	20.00	5600.00		26.40	33.00	39.00	44.80	50.00	54.00	66.40	77.60	86.20	96.00	99.60	115.00	130.40	143.20	171.00	211.60	245.60	338.00	551.00	
06340500	0430	19290430	20150430	83	240.35	754.79	18.00	6400.00		26.20	32.40	36.80	43.60	48.00	59.00	64.40	75.80	79.80	90.00	98.60	107.80	132.20	154.00	173.00	214.60	252.20	383.60	538.40	
06340500	0501	19300501	20150501	82	234.44	708.85	16.00	6100.00		26.00	31.30	37.35	43.20	50.00	58.80	62.10	72.80	79.05	88.00	98.00	101.80	129.85	162.20	175.75	201.80	268.85	392.30	628.20	
06340500	0502	19300502	20150502	82	195.34	445.67	16.00	3750.00		25.00	31.00	38.90	43.60	55.75	59.00	66.15	71.20	79.35	86.00	95.65	104.40	125.60	160.60	182.00	193.40	272.10	397.00	594.10	
06340500	0503	19300503	20150503	82	169.82	243.17	16.00	1690.00		24.15	31.00	36.80	42.00	53.00	56.90	60.20	73.00	77.35	87.50	98.00	112.20	129.65	152.80	171.25	206.80	271.55	462.80	684.55	
06340500	0504	19300504	20150504	82	171.74	245.83	11.00	1370.00		20.45	31.00	32.45	40.20	49.75	53.00	59.00	68.20	74.35	83.50	98.60	114.40	123.95	155.00	158.50	179.20	264.55	500.10	742.60	
06340500	0505	19300505	20150505	82	174.18	268.18	16.00	1900.00		22.30	31.00	37.45	41.60	48.75	51.80	61.05	70.20	74.35	86.50	100.30	112.80	124.70	145.30	154.25	193.20	277.35	427.30	771.20	
06340500	0506	19300506	20150506	82	187.00	300.45	17.00	2100.00		21.30	31.00	35.90	40.60	46.00	49.80	56.05	66.20	74.00	82.50	102.60	117.60	136.85	148.10	165.00	220.40	346.65	445.10	857.95	
06340500	0507	19300507	20150507	82	185.04	297.58	17.00	1740.00		20.30	30.00	34.45	40.60	44.00	47.80	56.00	64.20	73.00	80.50	98.60	110.60	123.95	147.20	176.00	203.60	307.50	473.50	715.20	
06340500	0508	19300508	20150508	82	202.68	425.34	17.00	3360.00		19.45	29.90	33.45	40.00	45.25	48.00	54.00	63.60	74.35	78.50	87.30	107.60	112.90	129.20	176.75	204.00	293.55	449.00	938.70	
06340500	0509	19300509	20150509	82	247.32	683.20	18.00	5290.00		19.15	28.30	33.45	39.60	43.25	46.90	53.05	60.40	71.35	77.50	82.95	89.40	109.70	135.50	152.50	214.20	282.75	533.40	777.70	
06340500	0510	19300510	20150510	82	263.30	870.09	18.00	7610.00		20.30	27.30	32.25	36.60	40.00	45.80	55.00	57.00	64.35	69.00	74.65	97.20	112.95	131.00	139.50	185.00	300.05	622.90	939.85	
06340500	0511	19300511	20150511	82	256.67	908.25	19.00	8090.00		20.45	26.60	31.80	36.00	40.50	45.00	49.05	54.00	62.40	67.50	82.25	96.40	112.60	122.50	132.50	175.80	309.25	523.30	930.75	
06340500	0512	19300512	20150512	82	246.93	747.14	18.00	6540.00		21.30	25.20	30.90	34.60	41.00	44.90	50.05	56.20	64.00	68.50	88.20	96.60	101.95	130.30	137.00	166.20	340.50	692.70	940.50	
06340500	0513	19300513	20150513	82	218.43	464.16	18.00	3560.00		21.00	27.30	29.45	32.60	37.50	42.90	51.00	58.40	64.00	68.50	88.60	94.60	115.40	133.30	155.75	169.60	296.90	756.80	996.20	
06340500	0514	19300514	20150514	82	193.18	325.24	18.00	1810.00		20.00	26.30	28.00	33.20	39.50	46.90	53.00	58.00	63.35	72.00	82.65	92.80	119.25	131.90	155.25	181.80	297.90	702.10	880.00	
06340500	0515	19300515	20150515	82	168.67	252.78	18.00	1270.00		20.15	24.30	26.45	31.60	38.75	46.70	53.00	58.00	61.40	66.50	82.55	89.60	119.95	133.10	156.75	201.00	305.15	503.50	769.25	
06340500	0516	19300516	20150516	82	145.72	192.09	18.00	955.00		20.30	23.00	26.00	33.00	41.75	44.70	50.05	57.20	62.35	65.50	78.85	86.00	111.95	124.40	137.50	214.80	295.10	357.10	613.50	
06340500	0517	19300517	20150517	82	135.23	166.38	18.00	912.00		19.30	24.00	28.45	31.20	37.25	43.90	53.00	59.00	63.35	70.00	83.30	100.60	111.00	120.00	136.75	190.60	287.35	376.70	451.35	
06340500	0518	19300518	20150518	82	122.99	136.37	17.00	623.00		20.15	23.30	28.00	30.60	38.00	42.70	50.10	58.20	63.35	72.50	81.00	92.00	104.85	116.10	137.50	179.00	236.95	347.50	462.05	
06340500	0519	19300519	20150519	82	120.24	134.10	16.00	672.00		19.15	22.60	26.45	30.00	36.25	42.70	47.10	59.20	64.70	74.00	80.30	91.40	104.85	115.20	128.50	161.80	229.30	308.20	482.90	
06340500	0520	19300520	20150520	82	111.32	114.15	16.00	549.00		18.15	20.00	25.45	30.60	36.75	42.80	45.10	52.40	63.00	67.50	76.30	82.80	104.35	112.20	122.50	177.40	253.90	287.10	344.90	
06340500	0521	19300521	20150521	82	116.73	151.63	16.00	866.00		17.15	20.00	23.45	31.80	38.00	40.90	46.10	48.80	59.35	66.00	72.25	82.00	91.95	101.50	122.75	194.00	219.10	251.40	420.35	
06340500	0522	19300522	20150522	82	168.52	520.17	15.00	4470.00		17.15	21.00	23.00	30.80	38.50	40.90	47.00	50.20	58.00	63.50	69.95	80.20	90.60	99.50	118.00	163.00	204.65	231.30	436.65	
06340500	0523	19300523	20150523	82	161.12	480.12	15.00	4150.00		17.15	20.00	22.45	28.60	33.75	40.90	45.05	51.60	56.00	61.50	68.60	74.00	90.95	100.20	123.25	181.00	201.65	227.60	399.90	
06340500	0524	19300524	20150524	82	154.93	398.40	15.00	3410.00		16.30	19.00	21.90	27.60	33.00	40.90	46.05	51.20	53.35	59.50	69.30	74.00	86.95	92.20	108.50	164.20	199.50	304.30	594.05	
06340500	0525	19300525	20150525	82	145.87	338.18	15.00	2860.00		16.30	18.30	21.90	30.00	35.50	39.90	46.05	50.00	51.70	61.00	71.95	80.40	86.85	96.00	145.25	171.20	192.10	291.50	471.70	
06340500	0526	19300526	20150526	82	139.13	258.28	14.00	2060.00		16.15	19.00	23.70	30.60	36.75	39.90	46.05	50.00	54.35	61.00	69.65	79.20	89.80	100.30	154.00	182.80	235.85	301.80	611.65	
06340500	0527	19300527	20150527	82	144.73	261.01	13.00	1580.00		16.00	20.30	26.00	31.60	35.75	37.90	47.05	54.20	58.10	65.00	68.65	77.60	87.80	108.00	144.00	167.20	225.95	285.10	563.30	
06340500	0528	19300528	20150528	82	152.45	280.32	13.00	1810.00		15.15	21.00	23.90	34.60	36.00	40.00	46.15	54.20	57.00	64.50	71.95	77.60	89.80	103.60	135.75	161.40	217.95	287.70	991.10	
06340500	0529	19300529	20150529	82	149.28	254.63	13.00	1550.00		14.45	20.30	23.90	34.00	37.50	42.70	49.00	52.20	59.70	63.50	70.00	78.80	90.00	110.40	166.00	193.40	240.10	287.00	776.70	
06340500	0530	19300530	20150530	82	178.80	397.44	12.00	2690.00		15.30	20.30	29.00	34.60	36.75	43.80	48.05	53.40	59.70	63.50	71.65	78.60	90.95	110.70	140.00	175.40	229.50	309.70	751.35	
06340500	0531	19300531	20150531	82	203.32	504.26	11.00	3510.00		14.45	20.90	30.45	34.00	38.50	42.90	52.00	57.40	62.00	67.00	81.30	96.20	110.00	114.30	132.00	172.40	197.85	328.90	1181.85	
06340500	0601	19290601	20150601	83	229.71	527.39	9.80	3360.00		14.60	22.00	29.60	34.00	40.00	41.20	52.20	57.80	66.60	71.00	83.00	95.40	102.60	138.40	165.00	190.60	217.20	357.40	1818.00	
06340500	0602	19290602	20150602	83	248.90	635.12	9.90	4720.00		13.80	22.40	29.00	34.60	39.00	40.40	49.40	55.00	64.60	72.00	83.20	95.80	105.80	127.20	143.00	171.80	257.00	627.00	1202.00	
06340500	0603	19290603	20150603	83	253.00	600.38	10.00	4430.00		14.40	23.00	27.60	32.80	38.00	40.00	47.80	56.40	64.00	76.00	85.00	104.80	117.20	130.80	149.00	200.00	243.20	697.40	1490.00	
06340500	0604	19290604	20150604	83	214.07	424.98	9.40	2660.00		16.80	23.20	28.60	31.80	38.00	41.00	49.80	60.00	64.00	74.00	84.00	94.20	109.00	124.20	135.00	180.40	325.40	539.00	1286.00	
06340500	0605	19290605	20150605	83	219.71	392.85	8.70	1660.00		16.20	23.20	28.60	35.20	39.00	45.60	51.40	59.20	65.40	77.00	84.40	93.60	99.60	111.00	130.00	191.40	382.20	858.20	1498.00	
06340500	0606	19290606	20150606	83	247.98	510.09	8.10	3350.00		16.00	21.80	27.00	35.80	37.00	45.00	50.00	60.20	62.80	70.00	89.00	93.60	100.80	119.80	155.00	181.40	339.20	934.00	1228.00	
06340500	0607	19290607	20150607	83	264.93	547.37	7.70	2880.00		17.20	24.40	26.60	34.60	39.00	44.20	51.20	60.60	63.80	74.00	85.20	98.60	111.00	119.00	161.00	202.00	489.80	809.40	1434.00	
06340500	0608	19290608	20150608	83	274.31	594.97	7.70	3920.00		16.00	21.40	28.00	35.80	40.00	43.20	51.40	60.20	67.60	76.00	81.40	94.80	116.80	138.80	185.00	296.40	434.80	774.20	1188.00	
06340500	0609	19290609	20150609	83	283.65	596.80	7.70	3740.00		16.20	22.60	31.60	38.40	41.00	45.40	55.80	60.80	69.60	79.00	89.40	100.00	134.00	149.00	203.00	251.80	372.40	875.60	1804.00	
06340500	0610	19290610	20150610	83	260.67	513.20	9.00	3630.00		19.00	27.00	33.60	38.80	42.00	56.20	64.00	72.20	78.00	85.00	94.00	105.20	128.60	160.60	204.00	278.20	368.80	962.80	1046.00	
06340500	0611	19290611	20150611	83	226.84	484.21	8.10	3840.00		18.00	23.80	31.20	36.80	41.00	55.20	64.40	72.60	76.80	84.00	93.80	112.80	128.40	150.00	175.00	261.80	351.00	603.40	732.80	
06340500	0612	19290612	20150612	83	213.96	388.77	6.40	2430.00		17.20	22.80	30.60	39.00	44.00	56.00	64.40	69.00	75.20	85.00	92.20	106.80	119.60	143.40	201.00	247.40	459.20	514.40	860.00	
06340500	0613	19290613	20150613	83	246.69	416.87	6.30	2650.00		18.00	21.80	34.00	37.80	46.00	55.80	62.40	72.20	80.60	88.00	107.60	121.60	148.60	182.60	281.00	353.40	411.20	704.60	1170.00	
06340500	0614	19290614	20150614	83	243.75	406.97	7.40	2600.00		17.40	22.00	31.60	38.80	48.00	55.40	63.60	69.80	79.80	89.00	102.80	113.60	152.20	223.40	255.00	319.40	427.00	656.60	1204.00	
06340500	0615	19290615	20150615	83	206.72	284.04	8.00	1570.00		17.40	21.00	28.80	35.60	44.00	50.20	71.00	75.00	83.80	91.00	101.00	132.40	174.00	198.20	254.00	321.80	359.20	516.40	870.80	
06340500	0616	19290616	20150616	83	209.82	317.08	10.00	2040.00		19.00	22.20	29.20	35.00	44.00	54.40	67.00	71.20	79.80	85.00	106.00	143.20	169.80	185.00	230.00	297.00	379.40	513.00	945.60	
06340500	0617	19290617	20150617	83	190.39	253.11	15.00	1310.00		20.00	24.80	29.60	38.80	43.00	57.20	65.00	72.80	77.60	85.00	116.00	126.80	141.00	153.20	225.00	288.60	356.60	534.20	733.80	
06340500	0618	19290618	20150618	83	234.19	409.07	12.00	2680.00		19.20	23.00	29.20	34.80	42.00	56.20	63.40	72.40	79.00	88.00	104.00	120.40	144.40	202.20	241.00	330.80	411.40	502.80	1131.20	
06340500	0619	19290619	20150619	83	268.55	518.71	10.00	3100.00		20.00	21.40	29.60	36.00	50.00	57.40	63.00	71.20	76.80	89.00	100.00	105.80	137.00	163.00	217.00	299.20	383.00	716.40	1700.00	
06340500	0620	19290620	20150620	83	255.50	480.05	8.80	2820.00		18.20	22.40	28.60	37.60	51.00	53.20	62.40	67.20	75.80	82.00	89.60	98.00	117.40	157.40	195.00	315.40	426.00	700.00	1220.00	
06340500	0621	19290621	20150621	83	226.14	383.66	6.70	2090.00		17.20	21.80	27.40	36.80	41.00	48.20	57.40	65.20	69.00	80.00	86.00	90.40	119.60	143.00	182.00	332.20	437.00	628.80	1006.00	
06340500	0622	19290622	20150622	83	229.44	347.54	6.70	1670.00		17.00	21.40	26.80	32.80	44.00	48.00	58.40	62.60	71.80	82.00	90.40	100.40	109.80	172.00	215.00	391.80	542.80	724.20	1006.00	
06340500	0623	19290623	20150623	83	239.83	473.31	6.30	3760.00		15.20	19.40	26.60	32.00	41.00	49.00	57.40	62.00	66.80	72.00	84.00	95.40	135.80	167.00	208.00	357.00	505.60	672.60	854.00	
06340500	0624	19290624	20150624	83	314.64	892.93	5.90	6030.00		15.20	20.20	27.60	32.60	40.00	51.20	58.40	63.80	67.80	72.00	86.00	109.20	135.40	207.60	247.00	339.20	468.20	650.00	907.80	
06340500	0625	19290625	20150625	83	356.51	1203.21	5.50	9250.00		14.20	19.00	24.80	34.40	45.00	51.40	57.80	64.60	69.20	74.00	80.40	98.60	153.20	182.40	215.00	276.00	386.20	547.40	1181.40	
06340500	0626	19290626	20150626	83	225.50	579.29	5.90	4400.00		13.40	19.00	23.60	32.80	44.00	47.60	57.00	60.00	67.00	70.00	77.00	104.60	125.80	170.80	190.00	225.20	322.00	431.40	635.40	
06340500	0627	19290627	20150627	83	165.17	297.87	5.10	1980.00		13.20	17.60	23.00	32.60	41.00	45.20	50.60	60.80	70.40	78.00	89.80	107.00	123.60	149.60	176.00	186.40	236.40	337.40	654.00	
06340500	0628	19290628	20150628	83	167.27	314.99	4.80	2500.00		14.00	18.20	23.80	29.80	37.00	42.40	52.40	57.00	70.40	78.00	89.60	112.20	136.20	160.00	170.00	194.00	218.80	338.40	649.40	
06340500	0629	19290629	20150629	83	184.39	445.30	4.50	3160.00		12.20	20.40	27.20	32.20	35.00	42.00	50.80	65.80	75.40	78.00	100.40	109.60	121.60	138.80	149.00	166.60	241.80	327.60	584.80	
06340500	0630	19290630	20150630	83	180.54	452.16	6.70	3230.00		14.40	20.00	25.60	33.00	38.00	45.20	50.40	57.00	76.40	83.00	95.60	104.60	119.20	126.40	138.00	170.20	206.40	248.80	482.20	
06340500	0701	19290701	20150701	83	152.80	300.86	7.10	1970.00		15.20	19.40	24.20	31.80	36.00	43.20	48.20	59.80	69.80	77.00	84.20	104.80	121.20	129.20	142.00	153.60	163.20	232.00	658.40	
06340500	0702	19290702	20150702	83	137.51	201.09	9.00	1000.00		14.60	20.00	25.60	30.80	38.00	42.20	51.00	56.00	59.00	66.00	76.20	91.20	105.40	122.20	132.00	173.00	210.20	349.00	652.40	
06340500	0703	19290703	20150703	83	143.23	245.75	9.00	1570.00		14.60	22.80	27.20	33.60	37.00	40.20	47.80	52.00	58.20	68.00	71.60	94.00	101.60	114.00	120.00	161.00	210.00	319.60	675.60	
06340500	0704	19290704	20150704	83	156.94	302.96	9.00	2260.00		16.60	24.00	29.60	33.80	37.00	42.60	47.40	54.00	58.00	70.00	82.60	90.00	98.00	108.00	139.00	197.40	237.60	302.00	567.80	
06340500	0705	19290705	20150705	83	222.30	826.87	9.00	7420.00		15.60	24.40	27.80	32.60	36.00	41.20	44.20	50.20	54.80	65.00	78.40	89.20	98.60	109.20	141.00	188.60	213.20	326.20	806.20	
06340500	0706	19290706	20150706	83	205.13	774.35	11.00	6970.00		15.20	22.40	24.60	31.40	35.00	39.60	45.00	49.00	53.80	64.00	71.20	81.00	93.00	103.60	114.00	162.80	188.00	311.20	680.40	
06340500	0707	19290707	20150707	83	183.75	674.25	12.00	6100.00		14.80	22.40	24.00	28.80	35.00	36.20	43.80	51.00	52.80	60.00	65.80	81.20	90.00	98.00	126.00	168.60	197.40	280.60	526.80	
06340500	0708	19290708	20150708	83	130.58	251.46	11.00	1960.00		14.00	20.40	22.60	27.80	33.00	35.20	38.60	45.20	48.80	56.00	62.80	76.80	85.00	96.60	133.00	168.60	188.60	255.00	549.60	
06340500	0709	19290709	20150709	83	109.27	149.51	10.00	751.00		13.20	19.40	22.00	27.00	33.00	34.20	38.40	42.00	45.80	53.00	57.20	65.40	81.20	93.20	124.00	151.00	182.40	265.60	521.20	
06340500	0710	19290710	20150710	83	104.44	171.04	9.90	1330.00		13.20	18.20	21.00	25.20	32.00	35.60	40.00	42.20	46.80	52.00	57.20	60.40	75.60	83.20	107.00	141.20	165.20	233.60	401.80	
06340500	0711	19290711	20150711	83	118.75	206.47	9.00	1620.00		12.60	18.40	20.00	25.60	30.00	31.20	38.40	44.00	51.80	58.00	61.40	71.60	80.60	96.80	120.00	147.60	195.20	296.40	467.20	
06340500	0712	19290712	20150712	83	115.88	193.64	8.80	1510.00		11.60	18.00	20.60	24.80	27.00	32.20	40.00	43.60	45.80	52.00	66.20	70.80	84.80	94.00	124.00	174.00	190.80	266.60	418.00	
06340500	0713	19290713	20150713	83	102.01	131.43	9.00	853.00		11.20	17.40	19.00	22.80	26.00	32.00	36.20	46.00	51.00	57.00	61.40	76.80	91.80	106.80	132.00	151.20	171.20	250.00	345.00	
06340500	0714	19290714	20150714	83	95.75	122.27	8.00	831.00		10.20	16.00	18.60	21.80	24.00	26.00	39.80	48.00	55.40	60.00	67.00	78.00	84.60	103.40	114.00	139.40	156.80	211.00	336.60	
06340500	0715	19290715	20150715	83	89.21	103.67	7.10	664.00		10.40	14.80	16.60	20.80	23.00	25.00	40.00	46.60	50.80	59.00	67.20	74.40	84.40	88.00	114.00	139.40	162.00	178.20	300.20	
06340500	0716	19290716	20150716	83	87.71	109.67	6.70	694.00		10.04	14.80	16.00	20.00	23.00	24.80	34.40	41.60	47.00	54.00	58.40	73.40	76.20	86.40	96.00	140.80	159.00	176.00	364.80	
06340500	0717	19290717	20150717	83	104.22	182.12	5.90	1150.00		9.40	13.40	16.00	20.00	23.00	24.40	35.00	38.60	47.40	53.00	62.40	69.20	72.00	76.60	88.00	119.00	152.80	183.60	481.60	
06340500	0718	19290718	20150718	83	128.57	307.07	5.50	2540.00		8.96	12.40	15.00	19.00	22.00	26.20	35.40	38.00	42.80	50.00	54.20	65.00	73.40	76.00	90.00	118.80	139.20	370.20	542.60	
06340500	0719	19290719	20150719	83	125.63	292.88	5.10	2110.00		7.98	11.00	15.20	18.80	20.00	26.00	34.80	38.60	41.80	47.00	53.20	56.20	65.60	75.60	103.00	110.00	162.00	288.80	367.60	
06340500	0720	19290720	20150720	83	92.89	134.77	5.10	914.00		8.40	11.40	14.60	18.00	19.00	24.20	31.00	37.80	43.80	46.00	52.40	61.40	72.60	85.40	96.00	117.20	207.80	242.80	320.00	
06340500	0721	19290721	20150721	83	82.60	100.48	4.80	576.00		8.14	11.00	15.00	18.00	20.00	24.00	30.00	37.60	39.00	48.00	54.20	59.80	68.00	87.80	94.00	116.20	174.60	206.80	285.80	
06340500	0722	19290722	20150722	83	104.61	244.15	5.10	2050.00		7.52	9.70	15.00	17.00	19.00	23.20	27.40	35.20	39.80	42.00	51.00	55.60	71.20	80.00	85.00	110.20	150.20	193.80	454.00	
06340500	0723	19290723	20150723	83	120.92	383.41	4.80	3420.00		6.56	9.70	15.00	16.80	20.00	22.40	25.80	30.80	36.00	42.00	51.40	60.80	66.80	80.00	92.00	103.20	131.60	229.20	378.40	
06340500	0724	19290724	20150724	83	94.99	208.18	4.50	1700.00		8.30	10.96	14.60	15.80	19.00	20.60	24.00	29.60	32.60	43.00	50.40	56.00	65.00	72.00	86.00	99.20	126.20	207.60	322.80	
06340500	0725	19290725	20150725	83	89.49	210.96	4.20	1830.00		7.72	10.50	14.00	15.00	18.00	22.20	24.80	30.20	38.60	46.00	50.60	54.20	61.60	71.60	84.00	97.00	119.20	162.00	316.80	
06340500	0726	19290726	20150726	83	96.73	262.53	3.90	2310.00		6.26	9.02	13.60	16.00	19.00	20.20	24.00	29.60	36.00	41.00	44.40	53.40	63.20	75.80	87.00	94.00	120.40	162.80	376.40	
06340500	0727	19290727	20150727	83	102.23	345.67	4.20	3140.00		6.44	10.50	13.00	15.00	18.00	20.20	22.40	30.00	36.00	40.00	44.60	53.80	63.60	74.40	93.00	102.40	118.20	154.00	320.40	
06340500	0728	19290728	20150728	83	91.93	321.60	4.20	2940.00		7.32	9.16	13.00	15.80	18.00	20.00	21.80	27.60	32.80	38.00	47.20	53.40	67.00	70.80	81.00	93.60	111.60	128.60	190.40	
06340500	0729	19290729	20150729	83	79.48	183.91	4.40	1280.00		7.32	9.08	12.60	14.00	17.00	21.00	22.40	28.60	30.80	37.00	41.40	48.00	59.60	64.00	71.00	87.20	96.80	115.40	248.60	
06340500	0730	19290730	20150730	83	80.01	159.11	5.50	979.00		6.82	8.68	12.00	14.00	17.00	20.00	21.00	27.00	31.40	36.00	42.60	50.20	56.60	61.00	70.00	78.60	91.80	116.40	414.40	
06340500	0731	19290731	20150731	83	68.30	108.85	5.70	656.00		7.32	9.00	12.00	14.00	17.00	19.20	23.40	26.00	27.00	36.00	44.20	50.20	56.60	60.00	70.00	79.20	89.40	107.00	376.40	
06340500	0801	19290801	20150801	83	63.93	96.89	6.00	623.00		7.42	9.20	12.60	14.00	18.00	20.00	21.20	26.20	27.80	35.00	42.00	46.40	53.40	57.80	72.00	79.00	87.00	164.80	212.80	
06340500	0802	19290802	20150802	83	60.19	85.44	6.00	496.00		7.52	9.76	12.00	13.80	17.00	19.00	21.40	25.00	32.80	35.00	39.00	42.60	49.60	56.40	73.00	78.00	92.00	111.60	243.00	
06340500	0803	19290803	20150803	83	55.67	78.45	6.00	586.00		7.38	9.70	12.00	13.80	16.00	18.00	21.60	27.20	33.80	35.00	38.20	43.80	47.80	64.60	70.00	74.40	82.20	108.60	182.40	
06340500	0804	19290804	20150804	83	51.50	57.70	6.00	367.00		7.24	8.82	11.60	14.00	16.00	18.00	22.40	25.60	34.00	37.00	38.20	42.80	46.20	58.80	66.00	72.00	81.60	106.00	178.80	
06340500	0805	19290805	20150805	83	50.21	52.57	6.00	314.00		7.54	9.08	11.60	15.00	16.00	18.40	24.40	27.60	33.00	35.00	39.40	43.00	49.80	56.00	60.00	69.20	77.40	119.40	173.20	
06340500	0806	19290806	20150806	83	53.25	87.59	2.90	744.00		7.50	9.70	11.60	14.00	16.00	18.20	23.40	30.60	32.00	35.00	38.20	40.40	43.60	49.60	54.00	66.00	74.80	94.40	181.00	
06340500	0807	19290807	20150807	83	47.89	51.36	1.10	281.00		7.92	10.10	12.00	14.00	15.00	16.40	23.40	28.20	31.80	35.00	36.00	37.80	41.60	43.80	56.00	67.60	74.40	118.80	183.80	
06340500	0808	19290808	20150808	83	46.28	49.34	1.10	287.00		7.50	9.70	12.60	14.00	15.00	17.20	21.80	27.80	30.80	34.00	35.00	37.00	41.20	44.80	57.00	62.20	74.20	110.00	138.00	
06340500	0809	19290809	20150809	83	49.06	57.53	1.10	323.00		7.12	9.62	12.60	14.00	16.00	18.00	21.60	26.80	29.60	32.00	35.00	37.00	41.20	45.80	56.00	70.00	76.20	109.00	183.60	
06340500	0810	19290810	20150810	83	65.06	184.53	1.10	1640.00		6.74	9.54	12.00	13.80	15.00	16.20	22.40	24.00	27.80	31.00	32.20	36.40	39.20	49.20	54.00	65.80	81.00	95.40	135.40	
06340500	0811	19290811	20150811	83	48.92	68.07	1.10	504.00		7.60	9.64	11.00	13.00	15.00	16.20	18.80	21.60	27.80	32.00	33.20	36.00	43.40	47.80	54.00	73.20	80.20	93.60	150.00	
06340500	0812	19290812	20150812	83	60.13	127.37	1.10	1090.00		7.44	8.84	11.00	13.00	14.00	16.00	17.00	24.00	29.00	31.00	36.00	41.60	47.20	51.80	66.00	70.20	76.60	107.80	169.80	
06340500	0813	19290813	20150813	83	53.84	75.81	1.10	523.00		7.48	9.74	12.00	13.00	14.00	16.00	17.00	20.60	26.00	31.00	35.20	40.80	45.00	56.60	60.00	69.00	82.60	114.00	218.20	
06340500	0814	19290814	20150814	83	45.42	50.19	1.10	338.00		7.48	9.34	11.00	11.80	14.00	16.00	18.40	21.80	25.00	31.00	34.00	41.40	45.40	51.00	64.00	70.40	77.20	90.80	148.20	
06340500	0815	19290815	20150815	83	44.55	55.73	1.10	439.00		7.84	9.20	11.00	12.00	13.00	16.00	16.40	22.80	25.80	31.00	33.20	41.40	42.00	45.80	58.00	63.40	72.60	93.60	129.60	
06340500	0816	19290816	20150816	83	69.35	183.94	1.10	1400.00		7.68	8.56	10.00	12.00	14.00	16.40	19.40	23.00	28.40	30.00	34.00	39.00	40.60	44.80	54.00	59.60	69.40	93.00	180.20	
06340500	0817	19290817	20150817	83	100.61	469.79	1.10	4240.00		7.16	8.00	9.56	11.80	14.00	16.40	19.40	23.20	28.80	31.00	34.00	37.20	39.60	43.40	51.00	62.00	65.00	86.20	183.20	
06340500	0818	19290818	20150818	83	120.16	662.39	1.10	6030.00		6.08	7.40	8.76	11.80	14.00	16.20	18.40	25.00	28.00	30.00	32.40	36.00	39.00	47.60	54.00	59.00	63.60	82.40	186.80	
06340500	0819	19290819	20150819	83	109.78	617.39	1.10	5640.00		5.90	7.40	8.70	11.80	13.00	16.20	19.40	25.20	28.00	30.00	32.20	35.40	37.60	42.80	49.00	53.20	57.60	73.60	208.60	
06340500	0820	19290820	20150820	83	75.20	262.53	1.10	2250.00		6.22	7.34	8.70	11.80	15.00	16.00	18.40	22.80	25.80	28.00	31.00	35.40	38.60	42.80	48.00	51.20	58.40	69.20	219.80	
06340500	0821	19290821	20150821	83	58.24	151.56	1.10	1250.00		5.16	7.12	8.78	11.80	14.00	15.20	16.40	19.60	25.00	26.00	30.00	34.80	37.60	39.80	47.00	50.00	60.80	69.20	184.40	
06340500	0822	19290822	20150822	83	48.89	106.57	1.10	923.00		4.36	7.40	9.20	11.80	13.00	15.00	16.40	18.60	24.00	27.00	29.60	35.40	36.60	41.60	45.00	50.00	60.80	85.40	156.40	
06340500	0823	19290823	20150823	83	47.75	93.58	1.10	792.00		6.62	7.48	8.64	11.80	13.00	15.00	16.40	19.00	23.80	27.00	29.20	34.40	37.00	40.00	44.00	52.40	67.60	91.80	154.40	
06340500	0824	19290824	20150824	83	92.43	434.17	1.10	3940.00		5.98	7.50	8.98	12.00	14.00	15.00	18.00	21.60	24.60	28.00	29.20	34.80	36.60	41.80	49.00	52.80	69.40	88.00	207.00	
06340500	0825	19290825	20150825	83	113.96	560.95	1.10	5010.00		5.36	8.34	9.96	13.00	14.00	15.00	18.40	22.00	26.00	29.00	34.20	37.40	42.80	47.00	51.00	59.20	68.80	105.80	153.60	
06340500	0826	19290826	20150826	83	87.95	407.38	1.10	3730.00		5.40	8.40	10.00	12.00	14.00	15.40	18.80	22.80	27.60	30.00	34.00	37.40	42.60	48.60	58.00	73.60	88.60	111.40	131.20	
06340500	0827	19290827	20150827	83	65.96	233.51	1.10	2120.00		5.04	7.52	8.86	12.80	14.00	15.40	18.40	23.20	26.80	30.00	33.20	35.00	39.20	46.80	54.00	58.00	73.20	85.80	124.40	
06340500	0828	19290828	20150828	83	55.04	153.50	1.10	1360.00		5.64	7.16	9.00	12.80	14.00	17.00	18.40	22.60	27.60	30.00	34.20	35.40	39.00	42.80	49.00	54.60	58.40	69.20	91.60	
06340500	0829	19290829	20150829	83	58.38	139.14	1.10	1010.00		5.92	7.94	9.06	13.00	14.00	16.00	19.00	21.20	25.80	29.00	32.20	35.00	38.60	40.00	48.00	54.40	64.40	74.20	177.00	
06340500	0830	19290830	20150830	83	59.18	146.24	1.10	1080.00		5.04	7.14	9.20	13.00	14.00	17.00	20.00	21.60	23.80	28.00	31.20	34.00	37.60	39.80	48.00	52.80	69.80	106.60	152.40	
06340500	0831	19290831	20150831	83	58.39	122.67	1.10	693.00		5.04	6.34	9.38	12.80	14.00	18.00	20.00	22.00	24.80	26.00	30.00	33.40	36.60	38.80	45.00	50.20	67.20	89.60	359.80	
06340500	0901	19290901	20150901	84	46.16	86.63	0.50	634.00		4.53	6.65	8.75	12.00	14.00	16.00	18.00	21.00	22.50	26.00	29.75	33.00	35.25	38.50	42.75	48.00	61.25	77.50	123.00	
06340500	0902	19290902	20150902	84	43.32	74.99	0.50	625.00		5.22	7.10	9.38	12.00	14.25	17.00	18.75	20.00	24.00	27.00	29.00	32.00	35.00	38.00	42.00	49.00	62.75	69.50	163.75	
06340500	0903	19290903	20150903	84	42.15	73.26	0.50	624.00		4.38	7.00	9.22	11.00	14.25	18.00	18.00	21.00	24.00	27.00	29.75	33.00	35.00	37.50	44.00	48.00	58.00	71.50	156.25	
06340500	0904	19290904	20150904	84	51.05	157.89	0.50	1420.00		4.03	6.50	9.15	12.00	14.25	17.50	18.75	21.00	24.00	25.00	27.00	29.00	33.25	35.50	39.00	45.00	49.50	61.50	134.75	
06340500	0905	19290905	20150905	84	52.52	189.41	0.50	1740.00		4.40	6.00	8.68	12.00	15.00	17.50	19.75	21.00	23.00	24.50	26.00	28.00	31.50	36.50	39.00	44.00	48.50	63.00	118.50	
06340500	0906	19290906	20150906	84	46.75	120.41	0.50	1080.00		5.15	6.60	8.68	11.00	15.00	17.00	18.75	21.00	23.00	25.00	26.00	29.00	34.00	37.00	40.50	44.00	56.50	69.00	133.00	
06340500	0907	19290907	20150907	84	41.76	84.08	0.50	755.00		5.15	6.50	9.57	12.00	14.25	17.00	19.00	21.00	23.00	25.00	26.00	31.00	34.25	37.50	39.75	47.00	59.25	81.50	117.50	
06340500	0908	19290908	20150908	84	38.67	67.03	0.50	575.00		4.03	5.70	9.72	11.00	15.00	15.50	17.75	20.00	23.25	24.50	25.00	30.00	33.25	37.00	40.00	47.00	58.25	75.00	84.25	
06340500	0909	19290909	20150909	84	41.05	66.06	0.50	476.00		3.65	6.10	9.40	11.00	14.25	15.50	18.00	19.00	21.25	24.00	25.00	29.00	31.25	36.00	40.75	47.00	56.00	75.00	132.50	
06340500	0910	19290910	20150910	84	63.10	175.78	0.50	1130.00		3.90	6.00	9.50	11.00	14.25	15.00	18.00	20.00	21.25	23.50	26.00	28.00	31.25	33.00	37.75	45.00	51.50	85.00	250.50	
06340500	0911	19290911	20150911	84	63.30	183.95	0.50	1470.00		4.58	6.30	9.25	11.00	14.25	16.00	17.75	20.00	21.00	23.00	25.75	29.00	31.00	32.50	38.00	42.00	51.50	90.00	325.25	
06340500	0912	19290912	20150912	84	47.86	111.53	0.50	933.00		4.83	6.60	9.60	11.00	13.25	16.50	18.00	19.00	21.00	23.00	25.00	28.00	31.00	32.50	37.75	42.00	52.75	75.00	167.75	
06340500	0913	19290913	20150913	84	41.00	69.45	0.50	517.00		5.40	7.35	9.60	12.00	15.00	16.50	18.00	20.00	22.00	23.00	26.75	30.00	31.25	34.50	38.00	47.00	52.50	68.50	144.50	
06340500	0914	19290914	20150914	84	38.29	55.19	0.50	340.00		5.97	7.90	9.57	12.00	14.25	16.00	18.00	20.00	22.00	23.00	25.75	30.00	31.25	34.00	38.50	42.00	52.25	68.50	146.00	
06340500	0915	19290915	20150915	84	37.56	51.59	0.50	322.00		5.45	8.80	10.00	13.00	15.00	16.00	18.00	20.00	21.00	23.00	24.00	30.00	31.25	32.50	36.25	43.00	53.75	68.00	153.00	
06340500	0916	19290916	20150916	84	41.77	90.35	0.50	774.00		5.05	7.80	10.00	13.00	15.00	16.50	18.00	20.00	20.25	22.50	24.00	29.00	31.00	33.00	37.00	45.00	52.75	60.00	109.25	
06340500	0917	19290917	20150917	84	43.98	104.12	0.50	912.00		5.30	7.75	9.70	11.00	14.00	16.50	18.00	19.00	20.25	22.00	26.25	29.00	32.00	33.50	40.00	47.00	50.00	63.00	135.00	
06340500	0918	19290918	20150918	84	44.57	79.58	0.50	486.00		6.50	7.55	8.88	12.00	15.25	17.00	18.75	20.00	21.00	22.00	25.00	30.00	32.25	35.00	38.75	49.00	55.50	71.50	163.75	
06340500	0919	19290919	20150919	84	37.02	47.08	0.50	287.00		6.42	7.70	10.00	13.00	16.00	17.00	18.00	19.00	20.25	23.00	26.75	29.00	30.75	35.50	38.75	44.00	49.50	67.00	152.50	
06340500	0920	19290920	20150920	84	35.08	38.60	0.50	273.00		6.42	7.40	9.95	14.00	16.00	17.00	18.00	19.00	21.25	25.00	27.75	30.00	33.25	36.00	39.00	45.00	50.25	67.00	111.00	
06340500	0921	19290921	20150921	84	42.10	78.60	0.50	651.00		6.42	7.55	9.80	14.00	15.25	17.00	18.75	20.00	21.25	25.00	28.00	30.00	32.25	35.00	37.50	41.00	48.50	65.00	132.50	
06340500	0922	19290922	20150922	84	48.99	144.53	0.50	1320.00		7.10	8.00	13.75	15.00	16.00	17.00	18.00	20.00	22.00	26.00	28.00	32.00	34.00	36.50	38.75	44.00	52.50	64.50	95.00	
06340500	0923	19290923	20150923	84	36.67	46.85	0.50	340.00		6.53	8.35	11.50	14.00	16.00	16.00	18.00	21.00	22.25	25.50	28.00	30.00	33.00	34.50	40.00	43.00	59.25	68.00	87.00	
06340500	0924	19290924	20150924	84	35.91	41.16	0.50	249.00		6.25	9.10	11.50	14.00	16.00	17.50	19.00	21.00	25.00	25.50	27.75	29.00	32.00	33.00	39.50	45.00	50.75	67.50	126.25	
06340500	0925	19290925	20150925	84	39.55	56.54	0.50	405.00		6.62	10.00	12.00	15.00	16.00	18.00	20.00	21.00	22.25	25.00	26.75	29.00	31.25	33.00	41.00	47.00	54.25	65.50	118.50	
06340500	0926	19290926	20150926	84	39.91	59.53	0.50	464.00		7.47	10.00	11.00	15.00	17.00	18.00	20.00	22.00	24.00	25.50	28.00	29.00	31.00	32.50	41.00	46.00	51.25	64.00	148.00	
06340500	0927	19290927	20150927	84	38.86	53.77	0.50	404.00		8.00	9.95	11.75	14.00	17.00	19.00	19.00	21.00	24.00	25.00	27.75	29.00	31.00	32.00	40.50	45.00	57.00	63.50	134.75	
06340500	0928	19290928	20150928	84	40.99	62.79	0.50	462.00		8.00	9.75	12.00	16.00	17.25	19.00	19.00	20.00	23.25	25.00	26.75	29.00	31.00	35.50	39.50	44.00	51.75	66.50	189.75	
06340500	0929	19290929	20150929	84	41.34	72.94	0.50	601.00		6.88	9.45	12.00	15.00	17.00	18.00	18.75	20.00	22.25	24.00	26.00	29.00	32.25	34.00	36.75	43.00	52.25	64.50	151.75	
06340500	0930	19290930	20150930	84	39.05	61.12	0.50	500.00		7.25	9.20	12.75	15.00	16.25	18.00	19.00	20.00	22.00	24.00	26.00	29.00	33.00	34.50	40.25	44.00	50.25	70.00	108.25	
06340500	1001	19291001	20151001	83	37.51	48.16	3.60	308.00		6.70	10.04	13.60	15.00	16.00	17.00	18.00	19.60	21.80	23.00	27.00	28.80	33.60	34.00	39.00	44.20	48.80	76.60	114.00	
06340500	1002	19291002	20151002	83	36.31	47.67	3.00	349.00		6.76	9.24	13.00	15.00	16.00	17.00	18.00	19.00	21.00	24.00	27.20	28.00	32.20	36.60	39.00	45.20	49.20	67.00	99.20	
06340500	1003	19291003	20151003	83	36.81	53.90	3.10	363.00		6.62	9.30	12.60	14.00	16.00	17.00	18.00	20.00	21.80	25.00	27.00	29.00	31.60	34.80	40.00	45.40	50.40	57.60	89.60	
06340500	1004	19291004	20151004	83	37.38	57.39	2.80	407.00		6.36	9.52	12.60	14.80	15.00	17.00	18.00	20.00	22.00	25.00	26.00	29.40	31.60	36.00	40.00	47.00	50.20	54.00	87.60	
06340500	1005	19291005	20151005	83	36.81	46.51	2.60	358.00		6.82	10.16	12.60	14.80	16.00	18.00	21.00	22.00	24.00	26.00	27.20	30.00	32.00	35.00	41.00	46.20	50.80	67.80	87.40	
06340500	1006	19291006	20151006	83	37.33	43.42	3.60	323.00		8.48	11.40	12.00	14.80	16.00	18.20	21.40	22.60	25.00	28.00	29.00	30.00	32.20	34.00	39.00	47.20	54.40	71.00	92.60	
06340500	1007	19291007	20151007	83	40.00	49.65	4.70	329.00		8.40	12.00	13.00	14.80	16.00	19.20	21.00	23.00	25.80	28.00	30.00	31.00	32.60	37.80	43.00	49.20	57.20	77.80	103.60	
06340500	1008	19291008	20151008	83	41.10	48.60	3.80	291.00		8.32	11.40	13.60	15.80	17.00	19.00	20.00	21.00	24.80	28.00	29.20	32.00	34.60	38.00	43.00	49.20	60.20	90.80	117.00	
06340500	1009	19291009	20151009	83	42.04	51.33	4.00	328.00		8.00	11.00	14.00	14.80	17.00	18.00	19.00	20.60	23.80	27.00	30.20	33.00	35.60	37.80	43.00	48.00	63.40	95.80	161.20	
06340500	1010	19291010	20151010	83	48.10	91.79	4.20	768.00		8.04	12.00	14.00	14.80	17.00	18.00	19.00	20.00	24.00	27.00	30.20	32.80	36.00	37.80	42.00	49.20	61.20	93.20	114.80	
06340500	1011	19291011	20151011	83	53.98	140.69	5.20	1270.00		8.20	12.00	14.00	15.80	17.00	18.00	19.00	19.60	24.80	27.00	31.20	34.40	36.00	38.80	43.00	48.40	70.80	91.00	153.80	
06340500	1012	19291012	20151012	83	54.03	140.16	5.10	1260.00		8.60	12.00	13.00	15.80	17.00	18.00	19.00	21.00	24.00	27.00	32.00	34.40	36.00	38.00	43.00	48.40	63.80	88.00	169.40	
06340500	1013	19291013	20151013	83	49.86	99.16	6.70	824.00		8.68	12.00	13.00	15.00	17.00	18.00	19.00	20.60	24.00	27.00	31.20	35.00	36.00	38.60	43.00	49.20	63.40	86.00	148.40	
06340500	1014	19291014	20141014	82	48.81	91.92	6.00	648.00		7.81	12.00	13.45	15.60	17.00	18.00	19.05	21.20	23.70	27.50	31.00	33.80	35.00	37.20	42.25	48.60	63.20	82.30	120.20	
06340500	1015	19291015	20141015	82	47.15	90.05	6.20	724.00		8.94	12.00	13.90	16.00	17.75	18.00	19.05	21.00	23.70	27.50	30.65	33.00	35.00	39.00	42.50	49.60	59.75	74.40	102.05	
06340500	1016	19291016	20141016	82	48.87	110.14	6.50	966.00		8.92	12.30	14.45	16.60	18.00	18.90	20.05	22.20	24.00	27.50	31.65	33.00	36.95	40.00	42.50	47.60	59.95	71.00	101.30	
06340500	1017	19291017	20141017	82	53.00	146.18	7.50	1320.00		9.18	11.60	15.00	18.00	18.00	18.00	20.00	22.20	24.35	27.50	32.00	34.60	36.00	42.00	44.00	48.00	54.10	71.40	117.45	
06340500	1018	19291018	20141018	82	56.81	134.63	8.40	1060.00		9.49	11.60	14.00	18.00	18.75	19.00	20.05	22.00	24.35	28.00	31.65	33.80	37.00	40.20	44.25	49.60	61.10	80.40	170.90	
06340500	1019	19291019	20141019	82	67.65	212.41	8.00	1780.00		10.15	12.30	14.45	17.00	18.00	20.00	20.00	22.00	24.35	27.50	31.65	33.80	37.00	38.30	42.75	49.60	61.40	79.70	154.35	
06340500	1020	19291020	20141020	82	55.45	131.92	7.50	1070.00		10.00	12.00	15.45	16.60	17.75	20.00	21.00	22.00	25.35	28.00	32.00	34.80	37.00	38.10	42.50	49.20	60.75	79.10	130.85	
06340500	1021	19291021	20141021	82	48.14	87.42	7.10	674.00		9.81	12.30	15.00	16.60	18.00	19.90	21.00	22.00	25.70	29.50	32.65	34.00	37.00	41.00	42.00	46.40	60.10	72.30	126.05	
06340500	1022	19291022	20141022	82	42.63	57.89	6.70	382.00		10.15	12.30	15.00	16.00	17.75	19.90	21.00	24.00	25.35	28.50	31.65	34.00	38.00	39.10	43.25	44.80	56.10	66.10	117.45	
06340500	1023	19291023	20141023	82	40.36	45.39	6.10	277.00		9.89	12.00	15.00	15.60	18.00	18.90	21.10	24.00	26.00	28.00	32.00	34.00	37.00	40.10	44.00	45.80	52.55	68.80	108.55	
06340500	1024	19291024	20141024	82	39.11	39.69	5.10	240.00		10.15	13.00	14.45	17.00	17.00	19.00	22.05	23.40	25.35	27.50	32.65	34.00	38.95	40.10	44.00	46.60	52.10	65.70	108.70	
06340500	1025	19291025	20141025	82	37.90	35.71	5.10	214.00		11.15	13.00	14.45	16.60	18.00	19.90	22.00	23.20	26.00	29.50	30.00	34.00	37.95	41.00	44.25	45.40	52.65	60.10	116.75	
06340500	1026	19291026	20141026	82	37.13	33.74	4.80	202.00		10.00	13.00	14.45	15.60	18.00	19.90	22.00	25.20	26.35	29.00	31.65	34.00	37.95	41.10	43.25	45.40	51.55	57.70	109.75	
06340500	1027	19291027	20141027	82	36.78	32.07	4.50	199.00		10.00	13.00	14.45	15.60	18.75	20.00	22.00	25.20	28.00	29.00	30.65	34.00	37.95	41.00	43.00	45.80	53.10	56.70	95.70	
06340500	1028	19291028	20141028	82	36.74	32.56	4.20	200.00		10.30	13.00	15.00	16.00	18.75	20.00	22.00	25.00	27.00	28.00	31.95	34.80	36.00	40.20	42.25	45.80	53.10	56.00	114.60	
06340500	1029	19291029	20141029	82	41.09	59.98	3.90	507.00		12.00	14.00	15.00	16.60	18.00	19.90	22.00	24.20	26.35	28.00	31.95	34.00	36.95	41.00	43.00	45.00	51.10	57.70	114.70	
06340500	1030	19291030	20141030	82	49.40	129.70	3.60	1180.00		12.00	14.00	15.00	16.00	18.75	20.00	22.00	25.20	26.00	30.00	33.00	34.80	38.95	40.00	43.00	45.00	50.10	60.00	112.70	
06340500	1031	19291031	20141031	82	60.00	223.18	3.30	2040.00		12.00	14.00	15.00	16.60	18.75	20.00	22.00	25.00	26.35	30.00	33.65	36.80	38.00	40.00	43.25	46.40	50.00	59.50	108.85	
06340500	1101	19291101	20141101	82	53.03	160.85	3.30	1470.00		12.00	14.00	16.00	16.60	18.75	20.00	22.10	25.00	27.00	30.00	33.65	36.00	37.95	40.00	43.50	47.40	52.65	59.40	104.90	
06340500	1102	19291102	20141102	82	46.57	100.19	3.00	905.00		12.15	13.30	15.00	17.00	18.00	20.00	23.00	25.00	26.35	30.00	33.00	35.00	36.95	39.10	44.25	47.80	51.65	60.70	109.80	
06340500	1103	19291103	20141103	82	42.40	59.10	4.00	490.00		12.15	14.00	15.00	16.60	17.00	19.90	23.00	25.20	26.00	29.50	32.30	34.80	37.00	39.10	43.50	47.80	56.20	66.90	130.10	
06340500	1104	19291104	20141104	82	39.49	44.07	4.50	336.00		12.00	14.00	15.00	16.60	18.00	20.00	22.05	25.00	27.00	29.00	31.65	35.60	37.00	39.00	42.25	47.40	52.55	61.70	122.30	
06340500	1105	19291105	20141105	82	38.03	36.68	4.20	248.00		12.00	14.00	16.00	17.00	18.75	20.00	22.00	25.00	27.35	29.00	31.65	36.00	37.00	39.10	42.00	47.40	50.55	60.70	106.05	
06340500	1106	19291106	20141106	82	37.57	34.03	5.50	213.00		11.15	13.30	15.45	17.00	18.00	21.80	24.00	24.20	27.35	31.00	31.65	34.60	36.95	40.10	44.00	47.00	50.55	66.30	104.45	
06340500	1107	19291107	20141107	82	37.65	33.20	4.80	209.00		11.00	12.30	16.00	18.00	19.00	22.00	24.00	25.40	29.00	30.50	32.65	35.80	36.95	41.00	44.00	47.00	50.00	63.40	101.50	
06340500	1108	19291108	20141108	82	36.88	31.15	6.30	195.00		9.15	13.00	16.00	16.60	18.00	20.90	24.05	27.00	28.35	30.50	33.00	35.00	38.00	40.10	43.00	47.40	50.00	57.70	99.95	
06340500	1109	19291109	20141109	82	36.71	30.34	7.50	195.00		9.15	12.60	16.00	17.00	17.75	21.00	24.05	26.00	28.35	31.00	33.65	35.80	37.95	40.00	42.25	46.00	48.55	62.00	99.60	
06340500	1110	19291110	20141110	82	35.75	29.38	9.20	193.00		11.00	13.00	16.00	16.60	18.00	20.00	23.05	24.20	25.35	29.50	32.65	34.80	36.95	38.20	42.00	45.00	47.65	60.30	95.35	
06340500	1111	19291111	20141111	82	35.41	27.76	7.50	170.00		11.15	13.30	15.45	17.60	18.75	20.00	22.00	24.00	26.05	30.00	32.65	33.00	35.00	38.10	40.00	42.80	49.55	58.90	105.00	
06340500	1112	19291112	20141112	82	34.61	26.00	8.40	168.00		11.30	13.30	15.45	18.00	18.75	20.00	21.00	24.20	26.35	30.00	31.65	33.00	35.95	38.00	40.00	41.40	47.75	58.90	103.30	
06340500	1113	19291113	20141113	82	35.30	27.29	9.00	165.00		11.30	13.30	15.90	17.60	19.00	20.00	22.00	24.20	28.35	30.50	32.00	34.80	35.95	37.10	40.00	41.40	47.30	59.60	107.80	
06340500	1114	19291114	20141114	82	36.88	33.40	8.00	196.00		11.15	14.00	15.45	18.00	19.75	20.00	22.00	23.40	26.35	29.50	32.00	34.00	36.95	38.00	40.00	43.40	49.10	58.20	122.60	
06340500	1115	19291115	20141115	82	36.85	32.77	7.00	209.00		11.15	14.00	16.00	17.60	19.00	20.00	22.05	25.00	27.35	30.00	31.65	35.00	36.00	38.10	41.25	44.00	48.65	58.10	117.05	
06340500	1116	19291116	20141116	82	36.11	29.06	9.00	170.00		11.15	14.00	16.00	18.60	19.75	20.00	23.00	25.20	27.35	29.50	31.00	34.80	35.00	37.10	42.25	44.40	50.00	58.50	115.70	
06340500	1117	19291117	20141117	82	35.45	26.43	10.00	159.00		11.15	13.30	16.00	18.00	19.75	21.00	23.00	25.00	26.70	30.00	32.00	33.80	34.95	37.10	40.50	44.80	53.00	58.10	98.80	
06340500	1118	19291118	20141118	82	34.54	24.85	6.20	158.00		11.00	13.30	15.45	18.00	20.00	21.00	23.05	25.00	26.35	30.00	32.00	33.80	35.00	36.10	41.25	45.40	47.55	58.20	84.35	
06340500	1119	19291119	20141119	82	33.95	24.37	8.20	157.00		10.00	13.30	16.00	17.60	20.00	22.00	23.00	24.20	26.35	30.00	31.00	32.80	34.95	35.20	38.25	44.40	47.10	54.50	80.95	
06340500	1120	19291120	20141120	82	33.72	23.69	8.20	156.00		10.15	14.00	16.00	17.60	20.00	22.00	23.00	25.00	26.70	29.00	30.00	32.00	35.00	36.00	40.00	44.40	45.55	55.40	77.10	
06340500	1121	19291121	20141121	82	33.52	22.56	4.40	155.00		10.15	14.30	16.45	18.00	20.00	21.00	22.05	25.20	28.00	30.00	31.65	33.80	35.00	36.10	40.00	44.00	46.55	55.00	74.05	
06340500	1122	19291122	20141122	82	32.89	21.33	2.90	150.00		10.15	14.30	16.45	18.00	20.00	20.90	24.00	26.00	28.00	30.00	30.00	33.00	34.00	35.10	37.75	42.00	47.10	55.00	75.60	
06340500	1123	19291123	20141123	82	32.77	20.75	2.90	147.00		10.15	15.30	16.45	18.00	19.75	20.00	24.05	26.00	27.35	29.00	30.00	32.00	33.95	35.20	40.00	41.40	47.20	54.40	76.10	
06340500	1124	19291124	20141124	82	32.35	20.64	1.60	143.00		10.15	15.00	16.45	18.00	20.00	21.80	24.00	25.00	26.00	28.00	29.65	31.80	33.00	35.00	38.25	41.40	45.00	53.40	79.90	
06340500	1125	19291125	20141125	82	31.84	21.25	2.00	142.00		10.15	14.30	15.00	17.60	19.50	20.00	23.00	24.20	26.00	27.00	28.00	30.00	33.00	35.00	37.25	40.00	44.10	52.80	80.30	
06340500	1126	19291126	20141126	82	31.91	22.12	2.00	139.00		10.15	14.00	15.00	17.00	18.75	20.00	23.05	24.20	26.00	26.00	27.65	30.80	33.00	35.10	38.00	40.00	44.55	52.80	82.15	
06340500	1127	19291127	20141127	82	32.07	23.44	2.00	150.00		10.00	13.00	15.45	16.00	18.00	20.00	22.00	24.20	25.00	27.00	30.00	31.00	34.90	35.00	37.00	40.00	45.00	52.10	77.90	
06340500	1128	19291128	20141128	82	31.38	22.91	2.00	145.00		10.00	12.30	15.00	17.00	17.75	19.00	20.00	24.00	24.35	27.00	28.65	30.00	34.95	35.00	36.25	40.00	43.10	51.20	69.40	
06340500	1129	19291129	20141129	82	31.00	22.01	2.00	138.00		9.30	12.30	15.00	17.00	18.00	18.00	20.05	23.00	24.35	27.00	28.65	30.00	32.95	35.00	36.25	40.40	42.55	50.20	69.40	
06340500	1130	19291130	20141130	82	31.15	22.08	3.50	137.00		8.30	12.00	15.00	16.00	17.00	18.00	21.00	23.00	25.00	26.50	28.65	30.00	31.95	35.00	36.25	40.00	44.00	52.70	83.90	
06340500	1201	19291201	20141201	82	29.97	20.81	4.40	134.00		7.15	11.30	13.45	15.60	16.75	18.00	20.05	22.20	25.00	25.00	28.00	29.00	31.00	33.20	35.50	39.40	44.55	50.40	70.95	
06340500	1202	19291202	20141202	82	29.44	20.74	4.40	133.00		7.08	11.00	12.90	15.00	16.75	18.00	19.05	22.00	24.35	25.00	27.00	29.00	30.00	32.10	35.25	38.40	44.55	50.00	81.30	
06340500	1203	19291203	20141203	82	30.82	30.04	2.90	240.00		7.08	10.00	13.45	15.00	16.75	18.00	19.05	22.40	24.35	25.00	27.65	28.80	30.00	33.00	35.00	38.00	43.00	49.90	69.70	
06340500	1204	19291204	20141204	82	30.06	29.77	4.40	240.00		7.00	9.72	13.00	15.00	16.00	18.00	19.00	20.20	24.00	25.00	25.00	28.00	30.00	32.00	34.25	38.00	40.55	46.80	65.25	
06340500	1205	19291205	20141205	82	29.07	27.81	4.40	220.00		7.09	8.42	12.00	15.00	16.00	17.00	19.05	20.00	22.35	24.50	25.00	26.80	30.00	32.00	34.25	36.40	40.00	43.00	59.40	
06340500	1206	19291206	20141206	82	28.25	25.99	4.40	200.00		7.00	8.48	11.00	14.60	16.00	16.00	19.05	20.00	22.35	24.00	25.00	26.80	28.00	31.00	33.00	35.00	40.00	44.40	55.40	
06340500	1207	19291207	20141207	82	27.84	23.91	2.90	170.00		6.58	9.09	10.45	15.00	16.00	17.00	19.05	20.00	22.00	24.00	25.00	26.80	27.00	30.00	32.25	35.00	40.00	44.80	53.85	
06340500	1208	19291208	20141208	82	27.23	21.10	2.90	140.00		6.15	8.65	10.00	14.60	16.00	17.00	19.00	20.00	23.00	23.50	25.00	27.00	27.00	30.00	33.00	35.00	38.55	45.10	57.10	
06340500	1209	19291209	20141209	82	26.82	20.77	2.90	140.00		6.15	8.45	10.00	13.60	15.00	16.00	19.00	20.00	21.35	23.00	24.00	26.80	28.00	30.00	32.00	34.40	38.65	45.10	58.80	
06340500	1210	19291210	20141210	82	26.21	19.74	2.90	142.00		6.15	8.50	10.00	13.00	15.00	16.00	17.05	19.20	20.35	23.00	24.65	26.80	29.00	30.00	31.25	34.40	38.65	44.00	56.55	
06340500	1211	19291211	20141211	82	25.86	19.69	2.90	145.00		5.22	8.00	10.00	12.60	15.00	16.00	18.00	20.00	20.00	22.00	24.65	26.00	27.95	30.00	32.00	34.00	37.55	43.70	55.70	
06340500	1212	19291212	20141212	82	25.62	19.95	2.30	150.00		6.00	8.00	9.45	11.00	14.25	15.90	18.00	19.20	20.00	22.00	24.65	26.00	28.00	29.10	32.00	34.40	37.10	42.70	56.10	
06340500	1213	19291213	20141213	82	25.78	20.84	3.50	160.00		5.08	8.21	9.45	10.00	13.50	15.90	19.00	19.20	20.35	23.50	24.65	25.00	27.95	30.10	32.00	33.40	38.55	42.40	58.65	
06340500	1214	19291214	20141214	82	25.39	20.52	3.00	155.00		5.00	8.72	9.78	10.00	11.75	15.90	18.00	19.00	20.00	22.00	23.00	25.00	26.90	30.00	32.00	33.80	38.55	42.40	58.65	
06340500	1215	19291215	20141215	82	25.02	19.87	3.00	145.00		4.83	8.16	10.00	10.00	11.50	15.00	17.05	19.20	20.00	21.50	23.65	24.00	25.95	30.00	32.00	32.40	37.55	41.70	58.80	
06340500	1216	19291216	20141216	82	24.72	19.26	2.50	135.00		5.00	7.52	9.36	10.00	12.00	14.90	17.00	19.20	20.00	21.00	23.30	24.80	26.00	30.00	31.25	33.40	36.00	40.00	58.80	
06340500	1217	19291217	20141217	82	24.59	19.19	2.50	135.00		5.15	7.72	9.00	10.00	12.00	15.00	17.00	18.20	20.00	21.50	23.00	25.00	25.95	30.00	31.00	33.40	35.55	39.70	58.65	
06340500	1218	19291218	20141218	82	24.45	18.92	2.10	132.00		5.22	8.00	8.73	10.00	12.00	14.00	17.05	19.00	20.00	21.00	23.00	24.80	26.95	30.00	30.00	32.80	35.00	38.40	58.80	
06340500	1219	19291219	20141219	82	24.25	18.91	2.00	130.00		6.00	8.00	8.34	10.00	11.75	13.00	16.00	18.20	20.00	21.00	23.30	24.80	26.00	29.10	30.00	32.80	35.00	38.40	58.65	
06340500	1220	19291220	20141220	82	24.03	18.67	2.00	128.00		5.58	7.65	8.29	10.00	10.00	13.90	16.00	18.20	20.00	21.50	22.65	24.80	25.95	29.00	30.25	32.40	34.00	38.40	58.80	
06340500	1221	19291221	20141221	82	23.86	18.31	2.00	126.00		6.15	7.38	9.00	10.00	10.75	14.90	15.05	18.20	20.00	21.00	22.65	24.00	25.95	29.00	30.00	32.00	33.55	37.70	54.55	
06340500	1222	19291222	20141222	82	23.63	18.02	2.00	124.00		7.00	7.18	8.56	10.00	11.00	14.00	15.05	18.00	20.00	21.00	22.65	24.00	25.00	28.00	30.00	32.00	33.55	37.00	51.70	
06340500	1223	19291223	20141223	82	23.41	17.56	2.00	122.00		7.00	7.49	9.12	10.00	11.75	14.00	15.05	17.20	20.00	21.00	22.00	23.80	25.95	27.10	29.25	30.00	32.55	36.70	52.40	
06340500	1224	19291224	20141224	82	23.17	17.35	2.00	120.00		6.15	7.26	10.00	10.60	12.00	14.00	15.00	18.00	19.00	21.00	22.00	23.80	25.00	27.00	28.00	30.00	32.10	37.00	52.55	
06340500	1225	19291225	20141225	82	22.76	17.25	2.00	118.00		6.15	7.43	10.00	10.60	12.00	13.90	15.00	16.40	19.00	20.00	22.00	23.80	25.00	26.00	27.25	29.40	31.10	37.00	52.55	
06340500	1226	19291226	20141226	82	22.34	16.81	2.00	115.00		7.00	7.23	9.45	10.60	12.00	13.90	15.00	16.20	19.00	20.00	21.00	22.80	24.95	25.00	26.00	28.80	31.10	35.70	52.55	
06340500	1227	19291227	20141227	82	22.20	16.72	2.00	112.00		7.00	7.03	9.00	10.60	12.75	14.00	14.00	16.40	18.35	19.50	20.00	21.80	24.00	25.00	26.00	28.20	31.00	36.70	52.55	
06340500	1228	19291228	20141228	82	22.03	16.43	2.00	108.00		6.12	7.00	9.45	11.00	13.00	13.90	14.00	16.00	18.00	18.50	20.00	21.80	23.95	25.00	26.00	28.20	31.55	36.70	51.70	
06340500	1229	19291229	20141229	82	21.63	15.68	2.00	95.00		6.00	7.30	9.45	11.00	12.00	13.00	14.00	15.00	17.35	19.00	20.00	21.00	23.00	24.10	26.00	29.40	31.55	36.70	51.70	
06340500	1230	19291230	20141230	82	21.36	15.39	2.00	90.00		6.03	7.30	9.22	10.60	11.75	13.00	14.00	14.20	17.00	18.50	20.00	20.80	22.00	24.10	26.00	29.00	30.55	36.00	51.85	
06340500	1231	19291231	20141231	82	20.93	15.34	2.00	90.00		5.15	7.30	9.22	10.00	11.00	12.90	14.00	14.00	16.00	18.00	20.00	20.00	21.00	24.10	26.00	27.40	31.10	35.70	50.85	
