site_no	monthday	begin_dt	end_dt	count_nu	mean	std	min	max	p01	p05	p10	p15	p20	p25	p30	p35	p40	p45	p50	p55	p60	p65	p70	p75	p80	p85	p90	p95	p99
07216500	ALL	19150401	20151007	34183	32.77	68.05	0.00	1750.00	0.40	1.10	2.00	2.70	3.50	4.50	5.50	7.00	8.40	10.00	12.00	14.00	17.00	20.00	23.00	28.00	37.00	52.00	81.00	141.00	338.00
07216500	0101	19160101	20150101	92	10.41	7.75	0.80	32.00		2.17	2.56	3.28	4.00	4.42	4.78	5.00	5.84	6.84	7.85	9.15	10.00	11.45	13.00	15.00	18.00	20.00	22.40	26.05	
07216500	0102	19160102	20150102	92	10.24	7.56	0.80	32.00		2.06	2.53	3.38	4.12	4.53	4.89	5.05	6.02	6.90	7.60	9.00	10.00	11.00	12.10	14.75	18.80	20.00	22.00	25.35	
07216500	0103	19160103	20150103	92	10.15	7.25	0.80	30.00		2.06	2.56	3.50	4.00	4.83	5.00	5.41	6.20	6.90	7.50	8.00	9.80	12.00	13.10	14.00	18.40	20.00	20.00	25.00	
07216500	0104	19160104	20150104	92	10.50	7.72	0.60	35.00		2.06	2.58	3.49	4.00	5.00	5.20	5.71	6.16	7.00	7.60	8.09	9.80	12.00	13.00	15.00	19.40	20.00	22.40	26.00	
07216500	0105	19160105	20150105	92	10.92	8.59	0.60	44.00		2.06	2.26	3.10	3.80	4.90	5.00	5.75	6.14	7.07	8.00	9.06	10.80	12.00	13.10	15.00	20.00	20.05	23.00	28.05	
07216500	0106	19160106	20150106	92	10.85	8.04	0.60	36.00		1.96	2.65	3.10	4.30	4.70	5.00	5.67	6.50	7.34	8.00	9.04	11.00	12.00	13.10	16.00	20.00	20.00	22.70	25.70	
07216500	0107	19160107	20150107	92	10.81	8.00	1.00	35.00		2.17	2.62	3.19	4.30	4.65	5.00	6.00	6.50	7.00	8.00	9.00	11.00	12.00	13.10	15.75	19.40	20.00	21.70	29.00	
07216500	0108	19160108	20150108	92	10.70	7.62	1.50	35.00		2.20	2.83	3.10	4.42	4.83	5.19	6.11	7.00	7.60	8.00	8.57	10.80	12.00	12.10	15.75	19.40	20.00	22.00	26.70	
07216500	0109	19160109	20150109	92	10.97	8.53	0.90	53.00		2.20	2.76	3.10	3.80	4.35	5.00	6.25	7.52	7.99	8.35	9.07	10.80	12.00	13.10	16.00	19.00	20.00	22.70	25.70	
07216500	0110	19160110	20150110	92	10.68	8.33	0.60	48.00		2.20	2.65	3.00	3.78	4.35	5.00	6.11	6.92	7.58	8.05	10.00	10.00	11.00	12.10	15.00	18.40	20.00	21.40	28.00	
07216500	0111	19160111	20150111	92	10.84	7.84	0.90	34.00		2.27	2.65	3.19	3.56	4.50	5.00	5.96	6.52	7.34	8.00	10.00	11.80	12.00	14.10	16.75	18.40	21.00	22.00	27.35	
07216500	0112	19160112	20150112	92	10.95	7.89	0.90	35.00		2.20	2.50	3.00	3.96	4.50	5.00	6.00	7.00	7.50	8.65	10.00	11.00	12.45	14.10	16.75	19.40	20.05	22.00	26.05	
07216500	0113	19160113	20150113	92	11.00	8.18	0.90	41.00		2.20	2.53	3.40	3.50	4.42	5.00	5.67	6.84	7.20	8.00	9.15	11.00	12.45	14.10	18.00	19.40	20.05	22.70	25.70	
07216500	0114	19160114	20150114	92	10.71	7.66	0.60	31.00		2.17	2.53	3.29	3.46	4.67	5.00	5.55	6.54	7.08	8.00	9.00	11.80	12.00	13.20	17.00	19.00	20.00	21.70	25.35	
07216500	0115	19160115	20150115	92	10.59	7.18	0.50	29.00		2.23	2.53	3.38	4.36	4.85	5.00	5.81	7.00	7.42	8.25	10.00	11.00	12.45	14.00	16.00	19.00	20.00	21.00	23.70	
07216500	0116	19160116	20150116	92	10.77	7.38	0.50	32.00		2.30	2.60	3.29	3.80	4.80	5.00	5.67	6.12	7.92	9.00	11.00	11.80	13.00	15.00	16.00	18.40	20.00	21.00	24.35	
07216500	0117	19160117	20150117	92	10.82	7.57	0.50	30.00		2.17	2.53	2.98	4.00	4.50	5.00	5.37	6.12	7.50	10.00	10.15	12.00	12.00	14.10	16.00	19.00	20.00	21.70	25.70	
07216500	0118	19160118	20150118	92	11.10	7.81	0.40	31.00		2.10	2.53	2.99	4.00	4.65	5.00	6.00	6.32	7.29	10.00	11.00	12.00	13.00	15.00	16.75	19.40	20.00	22.40	27.05	
07216500	0119	19160119	20150119	92	11.17	8.63	0.40	53.00		2.17	2.60	2.90	3.86	4.62	5.00	5.28	6.42	7.49	10.00	11.00	12.00	13.00	15.00	15.75	18.00	20.00	22.00	27.35	
07216500	0120	19160120	20150120	92	10.89	8.28	0.40	50.00		2.20	2.53	3.00	4.00	4.30	4.95	6.00	6.72	7.97	9.00	10.00	12.00	12.45	14.10	15.00	17.40	19.05	21.40	26.05	
07216500	0121	19160121	20150121	92	11.07	8.25	0.40	45.00		2.17	2.50	3.00	3.76	4.22	4.99	6.28	7.00	8.17	9.00	10.00	11.00	12.00	15.00	16.50	18.00	20.00	22.70	28.00	
07216500	0122	19160122	20150122	92	10.96	8.08	0.40	38.00		2.19	2.53	3.20	3.92	4.12	5.00	6.05	6.92	8.00	8.70	10.00	11.00	12.00	13.10	15.00	19.00	20.10	23.00	28.35	
07216500	0123	19160123	20150123	92	11.25	8.42	0.40	38.00		2.26	2.56	3.29	3.92	4.20	5.00	5.88	7.08	7.87	9.00	10.15	12.00	12.00	15.00	15.00	18.80	22.00	24.40	29.35	
07216500	0124	19160124	20150124	92	11.23	8.15	0.40	39.00		2.19	2.63	3.10	3.78	4.42	4.99	5.67	6.92	7.50	9.00	11.00	12.80	14.00	15.00	15.75	19.40	20.10	22.00	26.05	
07216500	0125	19160125	20150125	92	11.65	8.55	0.40	40.00		2.23	2.69	3.00	3.76	4.20	5.00	6.28	7.02	7.92	9.80	11.00	12.00	14.00	15.00	18.00	20.00	21.05	23.00	28.70	
07216500	0126	19160126	20150126	92	11.45	8.20	0.40	32.00		2.17	2.50	3.19	3.66	4.28	4.96	6.32	7.10	7.50	9.65	11.00	12.00	13.00	15.00	18.00	20.00	22.05	24.70	27.35	
07216500	0127	19160127	20150127	92	11.22	7.85	0.40	31.00		2.13	2.43	3.00	4.00	4.42	5.09	6.22	7.04	7.58	9.05	11.00	12.00	13.45	15.00	17.75	20.00	21.00	23.00	25.35	
07216500	0128	19160128	20150128	92	11.21	8.10	0.40	34.00		2.19	2.52	3.00	3.68	4.50	5.00	5.87	6.86	7.49	9.00	9.83	11.00	13.00	15.00	17.00	20.00	22.00	23.70	26.00	
07216500	0129	19160129	20150129	92	11.33	8.67	0.40	50.00		2.00	2.70	3.00	3.68	4.92	5.28	5.88	7.00	7.74	8.25	10.00	11.80	13.00	15.00	18.00	20.00	21.00	23.00	26.35	
07216500	0130	19160130	20150130	92	11.24	8.30	0.40	36.00		2.00	2.60	3.00	3.50	4.50	5.09	6.00	7.32	8.00	8.55	9.13	12.00	13.00	15.00	17.75	20.00	21.00	24.00	27.00	
07216500	0131	19160131	20150131	92	10.94	7.87	0.40	32.00		2.10	2.50	2.89	3.50	4.42	4.96	5.88	7.00	7.96	8.35	9.40	11.00	13.00	15.00	18.00	19.00	21.00	23.00	25.35	
07216500	0201	19160201	20150201	92	10.84	7.99	0.50	34.00		2.13	2.56	2.99	3.00	4.10	4.50	5.22	6.72	7.74	8.90	9.83	10.80	12.00	15.00	17.00	19.00	21.05	23.70	25.35	
07216500	0202	19160202	20150202	92	10.96	8.18	0.60	36.00		2.13	2.60	2.99	3.48	4.00	4.50	5.75	6.76	7.40	8.10	10.00	11.00	12.45	14.10	17.00	19.00	21.05	23.00	25.35	
07216500	0203	19160203	20150203	92	10.81	8.00	0.40	34.00		2.06	2.56	3.00	3.80	4.10	4.50	5.80	6.80	7.00	8.00	10.00	10.00	12.00	15.00	16.00	19.00	20.00	22.70	27.35	
07216500	0204	19160204	20150204	92	11.21	8.64	0.40	43.00		2.17	2.70	3.10	3.68	4.12	4.87	5.73	6.56	7.40	8.05	9.56	10.80	12.45	15.00	17.75	19.40	21.05	24.00	28.00	
07216500	0205	19160205	20150205	92	10.79	7.93	0.40	41.00		2.06	2.56	3.10	3.72	4.00	4.89	5.86	6.24	7.57	8.00	9.57	11.00	12.45	15.10	17.00	18.00	20.05	22.00	24.35	
07216500	0206	19160206	20150206	92	10.32	7.21	0.40	26.00		2.06	2.70	3.00	3.56	4.03	4.58	5.78	7.00	7.49	8.00	9.23	10.00	12.00	14.00	15.75	18.40	21.00	22.00	24.00	
07216500	0207	19160207	20150207	92	10.30	7.14	0.50	29.00		2.00	2.70	3.10	3.50	3.75	4.67	5.86	6.84	7.50	8.00	10.00	10.80	12.00	14.00	15.75	17.80	20.00	22.00	22.70	
07216500	0208	19160208	20150208	92	10.16	6.98	0.80	25.00		1.90	2.70	3.19	3.50	3.77	4.77	5.78	6.50	7.25	8.20	9.00	10.80	12.00	15.00	15.00	18.40	20.00	21.00	23.35	
07216500	0209	19160209	20150209	92	10.27	7.18	0.70	25.00		1.96	2.50	3.00	3.46	3.85	4.48	5.05	6.34	7.47	8.45	9.57	10.80	12.00	14.00	15.75	19.00	20.05	21.70	24.00	
07216500	0210	19160210	20150210	92	10.39	7.16	0.60	28.00		2.00	2.39	2.98	3.50	3.77	4.96	5.75	7.32	8.19	9.00	9.66	10.80	12.00	13.10	15.00	17.40	20.00	22.00	24.35	
07216500	0211	19160211	20150211	92	10.45	7.16	0.60	27.00		1.96	2.23	2.79	3.06	4.00	5.00	6.38	7.30	8.26	8.85	9.83	11.00	12.45	14.00	15.00	17.40	20.00	22.00	24.35	
07216500	0212	19160212	20150212	92	10.47	7.32	0.60	27.00		1.86	2.03	2.50	3.14	4.03	4.60	5.86	7.30	8.17	9.05	10.15	11.00	12.45	14.00	15.00	18.00	20.00	22.00	24.00	
07216500	0213	19160213	20150213	92	10.28	7.16	0.50	26.00		1.69	2.33	2.89	3.26	4.00	4.60	5.66	6.92	7.38	8.70	9.66	10.80	12.00	14.10	15.75	18.00	20.00	21.70	23.70	
07216500	0214	19160214	20150214	92	10.77	8.26	0.60	49.00		1.56	2.43	3.00	3.68	4.03	4.50	5.96	6.80	7.47	9.05	10.00	11.00	12.00	14.00	15.75	17.40	20.00	22.70	24.00	
07216500	0215	19160215	20150215	92	10.65	7.60	0.60	35.00		1.63	2.25	3.00	3.80	4.03	5.00	6.05	6.46	7.55	8.45	9.83	11.80	13.00	14.10	15.00	17.00	20.00	22.70	25.00	
07216500	0216	19160216	20150216	92	10.38	6.98	0.70	24.00		1.77	2.39	3.00	3.62	4.03	5.51	6.25	6.92	7.74	8.20	9.26	11.00	14.00	14.10	15.75	18.00	20.00	21.70	24.00	
07216500	0217	19160217	20150217	92	10.23	6.94	0.80	25.00		1.77	2.43	3.00	3.52	4.15	4.89	6.00	6.52	7.50	8.25	9.15	10.80	13.00	15.00	15.00	16.40	19.05	21.70	24.00	
07216500	0218	19160218	20150218	92	10.18	6.93	0.70	28.00		1.70	2.16	2.69	3.52	3.85	4.98	5.87	7.00	7.75	8.60	10.00	12.00	13.00	14.00	15.00	16.40	18.00	20.00	24.00	
07216500	0219	19160219	20150219	92	10.11	6.95	0.60	30.00		1.56	2.06	2.69	3.50	3.85	4.92	6.00	7.00	7.64	8.90	10.00	11.00	13.00	14.00	15.00	16.00	17.10	20.00	23.70	
07216500	0220	19160220	20150220	92	10.30	7.25	0.30	34.00		1.73	2.33	2.69	3.46	3.83	4.96	5.91	7.00	7.77	8.95	10.00	11.80	12.45	13.10	15.00	16.00	18.00	20.70	24.70	
07216500	0221	19160221	20150221	92	10.22	7.54	0.10	34.00		1.33	2.30	2.88	3.32	3.65	4.78	5.64	6.80	7.10	9.05	10.00	11.00	12.00	13.10	14.75	15.00	19.00	21.40	27.35	
07216500	0222	19160222	20150222	92	10.07	7.74	0.50	36.00		1.29	2.10	2.69	3.12	3.92	4.59	5.52	6.00	6.96	9.00	10.00	11.00	12.00	12.10	14.00	15.00	17.05	21.00	28.70	
07216500	0223	19160223	20150223	92	10.05	7.76	0.50	37.00		1.56	2.03	2.98	3.26	4.03	4.49	5.62	6.20	6.96	8.45	10.00	11.00	11.00	12.10	14.00	15.00	18.00	21.70	25.35	
07216500	0224	19160224	20150224	92	9.79	7.35	0.40	36.00		1.52	2.28	2.89	3.32	3.83	4.29	5.05	5.60	6.92	8.50	10.00	11.00	11.45	12.10	14.00	16.00	18.00	19.40	24.35	
07216500	0225	19160225	20150225	92	9.94	7.44	0.50	32.00		1.46	2.53	2.70	3.18	3.65	4.20	4.91	5.84	7.00	8.10	9.74	11.00	12.00	13.00	14.75	16.00	17.00	21.10	25.35	
07216500	0226	19160226	20150226	92	10.02	7.45	0.40	34.00		1.56	2.43	2.80	3.32	3.83	4.49	4.96	6.84	7.72	8.30	9.40	10.80	12.00	13.00	13.00	15.00	18.05	20.70	27.00	
07216500	0227	19160227	20150227	92	9.79	7.21	0.40	34.00		1.73	2.33	2.70	3.22	3.52	4.37	5.46	6.84	7.66	8.30	8.91	10.00	12.00	12.10	13.00	15.00	18.00	20.70	26.00	
07216500	0228	19160228	20150228	92	9.98	7.25	0.40	34.00		1.67	2.50	2.69	3.50	3.73	4.28	5.69	6.42	7.57	8.85	9.91	11.00	12.00	13.00	13.00	15.00	18.00	21.00	25.35	
07216500	0229	19160229	20120229	23	11.10	8.89	1.10	32.00		1.22	1.98	2.82	3.42	4.00	4.40	6.44	7.40	7.92	8.90	10.00	10.40	11.60	14.40	15.00	16.80	22.80	28.80	31.60	
07216500	0301	19160301	20150301	92	9.69	6.75	1.10	30.00		1.70	2.43	2.89	3.50	3.70	4.10	5.40	6.52	7.66	8.40	9.81	10.80	12.00	13.00	13.00	15.00	18.00	19.70	23.05	
07216500	0302	19160302	20150302	92	9.72	6.92	0.90	29.00		1.60	2.43	2.79	3.36	3.75	3.99	5.16	6.28	7.92	8.80	9.02	9.96	11.00	12.10	14.00	15.00	18.00	20.00	24.70	
07216500	0303	19160303	20150303	92	9.79	7.02	0.80	29.00		1.73	2.33	2.79	3.46	3.70	4.29	5.40	6.84	7.70	8.35	9.33	9.98	11.00	13.00	14.75	15.00	18.00	20.70	25.70	
07216500	0304	19160304	20150304	92	9.79	7.32	0.50	35.00		1.73	2.13	2.98	3.26	3.70	4.39	4.96	5.96	7.18	8.15	8.80	9.70	11.00	13.00	14.75	15.00	18.00	21.70	25.35	
07216500	0305	19160305	20150305	92	10.00	10.15	0.60	81.00		1.63	2.00	2.40	3.30	3.73	4.29	4.75	5.52	6.92	7.85	8.38	9.38	11.00	12.00	13.00	15.00	17.00	21.00	26.00	
07216500	0306	19160306	20150306	92	9.90	9.13	0.70	67.00		1.63	1.90	2.50	3.10	3.70	4.09	4.80	5.30	6.49	7.55	8.24	10.76	11.00	13.00	14.75	15.00	17.00	20.00	25.00	
07216500	0307	19160307	20150307	92	9.49	7.42	0.70	30.00		1.60	2.00	2.59	3.10	3.50	3.80	4.41	5.10	6.08	7.40	8.04	9.58	11.00	12.10	14.75	15.40	18.10	21.40	25.35	
07216500	0308	19160308	20150308	92	9.45	7.24	0.60	29.00		1.56	1.86	2.69	2.90	3.38	3.99	4.41	5.22	6.83	8.00	8.91	9.68	10.00	12.00	13.00	16.40	18.10	21.40	25.00	
07216500	0309	19160309	20150309	92	9.83	8.00	0.40	34.00		1.56	2.09	2.50	2.86	3.40	4.08	4.30	5.42	6.25	7.90	8.57	9.88	10.00	12.00	14.00	16.80	20.05	23.70	24.70	
07216500	0310	19160310	20150310	93	9.65	7.86	0.40	36.00		1.67	1.90	2.50	2.88	3.20	3.92	4.19	5.12	6.00	7.30	8.85	9.76	10.00	12.00	14.00	18.00	20.00	22.00	25.00	
07216500	0311	19160311	20150311	93	9.70	8.24	0.40	42.00		1.47	1.94	2.50	2.88	3.30	3.60	4.19	5.10	5.70	7.00	7.70	9.32	11.00	12.00	14.50	17.00	19.90	23.00	25.00	
07216500	0312	19160312	20150312	93	9.98	8.59	0.40	42.00		1.14	1.94	2.41	3.00	3.40	3.70	4.09	5.32	5.93	7.00	7.67	10.00	12.00	13.00	15.50	17.20	19.90	21.60	27.30	
07216500	0313	19160313	20150313	93	9.93	8.47	0.40	39.00		1.17	1.54	2.32	2.86	3.35	3.90	4.74	5.16	5.73	7.00	7.90	9.62	11.00	13.80	15.00	18.00	19.00	22.00	27.90	
07216500	0314	19160314	20150314	93	10.06	8.79	0.40	39.00		1.10	1.50	2.24	2.78	3.30	3.56	4.77	5.24	6.06	7.00	8.48	9.80	11.10	12.00	15.00	17.00	20.90	22.00	29.30	
07216500	0315	19160315	20150315	93	10.57	9.44	0.40	45.00		1.07	1.38	2.21	2.68	3.40	3.80	4.59	5.82	6.86	7.60	8.30	9.56	12.00	13.00	15.00	18.00	21.90	24.00	29.90	
07216500	0316	19160316	20150316	93	11.42	9.87	0.40	46.00		1.00	1.50	1.93	3.08	4.00	4.68	5.10	6.88	8.00	9.00	9.91	11.40	12.00	14.00	16.50	18.40	21.90	24.60	30.90	
07216500	0317	19160317	20150317	93	12.25	10.88	0.20	55.00		1.04	1.74	2.62	3.20	4.55	5.62	6.39	7.22	8.20	9.30	11.00	12.00	13.00	14.00	17.00	20.00	22.00	24.60	36.50	
07216500	0318	19160318	20150318	93	12.27	11.21	0.20	72.00		1.34	1.90	2.80	3.46	4.60	5.22	6.54	7.18	8.83	9.40	10.00	12.40	14.00	15.00	17.50	20.20	21.00	22.60	35.30	
07216500	0319	19160319	20150319	93	12.40	12.48	0.40	90.00		1.34	1.90	2.40	3.20	3.75	5.02	6.19	7.30	8.63	9.10	10.70	12.00	13.00	15.00	17.00	19.00	22.00	24.60	32.50	
07216500	0320	19160320	20150320	93	12.07	10.64	0.80	63.00		1.47	2.04	2.64	3.10	4.45	5.14	6.00	7.00	8.39	9.40	11.00	12.00	13.10	14.80	17.00	19.00	20.00	25.60	30.00	
07216500	0321	19160321	20150321	93	12.44	13.93	0.80	109.00		1.37	2.20	2.53	3.20	3.75	4.92	5.99	7.00	8.40	9.70	10.70	12.00	13.00	14.00	16.00	18.00	21.00	24.20	34.30	
07216500	0322	19160322	20150322	93	13.32	17.60	0.60	149.00		0.90	1.76	2.52	3.20	4.55	5.24	5.60	6.62	7.25	8.50	11.00	11.40	14.00	15.00	17.00	21.20	22.90	27.80	39.20	
07216500	0323	19160323	20150323	93	13.36	17.49	0.30	139.00		1.24	2.00	2.73	3.18	3.60	4.58	5.18	6.46	7.03	8.40	10.70	12.00	13.00	15.60	17.50	19.00	22.00	29.20	40.30	
07216500	0324	19160324	20150324	93	14.89	22.90	0.40	172.00		1.31	2.14	2.64	3.46	3.75	4.72	5.09	5.72	7.75	8.50	9.94	12.00	13.00	14.80	18.00	20.40	24.80	32.20	42.40	
07216500	0325	19160325	20150325	93	15.66	25.38	0.40	172.00		1.17	2.30	2.73	3.20	3.85	4.56	5.28	5.62	8.20	8.70	10.00	11.00	12.00	13.80	19.00	22.20	27.00	32.60	40.20	
07216500	0326	19160326	20150326	93	14.63	21.08	0.40	167.00		1.00	1.46	2.70	3.16	4.05	4.82	5.29	6.46	7.83	9.10	9.94	11.00	12.10	15.80	19.00	21.20	28.00	32.00	36.00	
07216500	0327	19160327	20150327	93	14.54	19.56	0.30	138.00		1.00	1.54	2.62	3.00	3.60	4.22	5.49	6.06	6.83	7.90	9.91	11.00	13.10	18.00	19.00	21.00	28.80	32.00	37.60	
07216500	0328	19160328	20150328	93	14.64	18.74	0.40	121.00		1.00	1.62	2.52	2.96	3.60	4.70	5.09	5.96	6.38	7.80	10.00	12.00	13.10	17.60	19.50	22.40	29.60	32.00	42.00	
07216500	0329	19160329	20150329	93	15.43	20.79	0.40	124.00		0.94	1.58	2.16	3.08	3.65	4.52	5.38	6.12	6.76	7.10	10.00	12.00	15.00	17.00	19.00	23.40	27.00	33.60	55.90	
07216500	0330	19160330	20150330	93	17.05	25.97	0.40	169.00		0.77	1.34	2.71	3.08	3.35	4.30	4.98	5.62	6.83	8.20	10.67	13.00	15.10	18.00	20.00	26.20	29.70	34.60	54.10	
07216500	0331	19160331	20150331	93	16.93	26.00	0.40	160.00		0.57	1.44	2.31	2.96	3.55	4.18	5.36	5.96	7.12	8.20	10.00	13.40	15.20	17.00	19.50	24.20	32.50	37.00	50.40	
07216500	0401	19150401	20150401	95	18.29	27.21	0.10	167.00		0.80	1.26	2.14	2.52	3.00	4.34	5.26	5.60	7.00	8.20	10.80	15.00	16.40	19.00	23.00	28.60	36.20	41.20	55.80	
07216500	0402	19150402	20150402	95	18.56	27.99	0.10	168.00		0.78	1.28	1.90	2.50	2.80	3.74	5.06	6.08	7.42	8.20	11.00	13.00	16.00	18.20	24.00	28.40	34.20	41.80	62.00	
07216500	0403	19150403	20150403	95	18.58	27.68	0.10	162.00		0.80	1.00	1.84	2.32	2.80	3.94	4.94	6.34	7.10	8.40	11.00	15.60	18.00	19.20	23.00	26.00	35.40	41.20	70.20	
07216500	0404	19150404	20150404	95	19.61	29.83	0.10	177.00		0.80	1.10	1.74	2.40	2.60	3.64	5.10	6.24	7.70	9.40	12.60	15.00	17.40	20.20	24.00	28.80	35.20	42.40	87.40	
07216500	0405	19150405	20150405	95	20.97	33.83	0.10	199.00		0.68	1.46	1.74	2.22	2.70	3.82	5.00	7.08	8.00	9.40	11.00	13.00	16.40	19.00	23.00	29.60	37.40	51.80	106.20	
07216500	0406	19150406	20150406	95	24.16	42.17	0.20	250.00		0.98	1.52	1.94	2.22	3.20	3.90	5.10	6.68	7.92	9.40	11.00	14.60	17.00	19.20	23.00	32.00	38.00	58.80	127.00	
07216500	0407	19150407	20150407	95	23.82	38.57	0.20	215.00		1.02	1.26	1.74	2.14	2.70	3.78	4.40	6.74	7.40	8.50	11.80	13.00	17.00	20.00	24.00	34.60	45.00	65.20	117.40	
07216500	0408	19150408	20150408	95	23.98	40.65	0.40	217.00		0.60	1.32	1.64	2.06	2.80	3.24	4.06	5.14	7.00	8.30	10.80	13.00	16.00	19.20	23.00	34.40	44.60	66.80	117.00	
07216500	0409	19150409	20150409	95	22.28	34.45	0.40	154.00		0.60	1.00	1.42	2.20	2.70	3.10	3.78	5.04	7.02	8.20	9.84	12.00	15.40	19.20	24.00	33.40	49.20	63.60	115.20	
07216500	0410	19150410	20150410	95	24.99	42.99	0.20	270.00		0.68	1.06	1.44	2.40	2.80	3.20	3.76	4.24	6.84	7.40	8.80	12.20	15.00	19.40	27.00	37.60	46.60	77.00	124.20	
07216500	0411	19150411	20150411	95	28.28	49.62	0.10	305.00		0.68	1.36	1.60	2.20	2.50	2.88	3.68	4.68	5.88	7.10	10.00	14.00	16.40	18.80	31.00	38.80	51.20	94.20	151.20	
07216500	0412	19150412	20150412	95	30.55	53.34	0.10	305.00		0.85	1.20	1.54	2.02	2.40	2.88	3.96	4.74	5.24	7.00	9.78	14.00	16.80	23.80	34.00	43.60	64.80	105.80	149.60	
07216500	0413	19150413	20150413	95	35.00	73.21	0.10	520.00		0.77	1.26	1.80	2.02	2.50	3.26	3.76	4.94	5.96	7.00	11.00	14.60	20.00	25.40	32.00	44.60	64.60	106.40	168.40	
07216500	0414	19150414	20150414	95	40.58	95.56	0.20	650.00		0.91	1.30	1.68	1.96	2.50	2.90	4.24	4.90	6.04	7.30	10.80	12.60	20.40	27.20	32.00	48.80	70.80	110.40	172.00	
07216500	0415	19150415	20150415	95	43.91	106.89	0.20	840.00		0.92	1.30	1.54	1.92	2.50	3.28	4.50	5.14	6.68	9.00	11.00	14.60	24.80	29.20	33.00	50.00	74.40	102.40	192.00	
07216500	0416	19150416	20150416	95	48.52	130.65	0.20	1130.00		0.82	1.26	1.44	1.92	2.60	3.18	3.80	5.70	6.92	9.00	11.00	16.00	26.40	29.00	38.00	55.20	84.60	134.60	197.80	
07216500	0417	19150417	20150417	95	45.76	93.20	0.30	529.00		0.76	1.16	1.40	1.84	2.10	3.48	3.86	5.04	6.82	8.00	10.80	18.60	24.40	30.20	43.00	54.80	101.60	137.00	214.60	
07216500	0418	19150418	20150418	95	49.14	106.01	0.20	778.00		0.74	1.20	1.68	2.12	2.50	3.10	3.90	4.10	6.12	8.00	13.40	18.00	26.00	30.80	46.00	72.40	99.40	136.60	225.80	
07216500	0419	19150419	20150419	95	48.19	97.44	0.20	586.00		1.00	1.30	1.54	1.82	2.10	2.66	3.06	3.78	4.84	9.00	13.60	16.60	27.40	34.40	47.00	68.80	110.80	141.20	223.20	
07216500	0420	19150420	20150420	95	49.78	103.59	0.20	618.00		0.90	1.26	1.44	1.90	2.30	2.78	3.30	3.94	5.48	9.80	13.00	20.60	26.40	32.20	41.00	65.80	116.60	152.80	217.80	
07216500	0421	19150421	20150421	95	49.07	101.42	0.10	610.00		0.80	1.10	1.44	1.82	2.10	2.50	3.02	4.68	6.06	9.70	14.80	22.40	25.40	33.40	40.00	74.80	107.60	151.20	211.80	
07216500	0422	19150422	20150422	95	48.39	98.55	0.40	598.00		0.98	1.10	1.40	1.72	2.10	2.50	3.06	3.84	7.14	10.00	15.80	19.20	25.00	37.20	39.00	77.40	99.20	147.60	223.60	
07216500	0423	19150423	20150423	95	61.31	192.76	0.40	1750.00		0.91	1.06	1.40	1.62	1.90	2.46	2.86	3.78	4.96	11.00	15.00	18.00	24.00	35.00	48.00	77.60	112.80	142.80	236.80	
07216500	0424	19150424	20150424	95	54.82	130.22	0.20	1060.00		0.74	1.06	1.40	1.54	2.00	2.58	2.80	3.82	5.24	11.00	13.80	19.20	28.00	38.20	57.00	74.40	109.60	145.00	237.20	
07216500	0425	19150425	20150425	95	51.18	101.70	0.40	722.00		0.60	0.98	1.30	1.60	2.00	2.40	2.76	4.42	6.20	10.00	13.60	19.20	32.80	45.00	64.00	74.20	102.60	129.80	248.40	
07216500	0426	19150426	20150426	95	50.18	93.62	0.20	585.00		0.58	0.99	1.34	1.60	1.80	2.20	2.70	3.96	5.86	9.60	14.00	24.20	33.80	43.80	63.00	84.20	102.40	140.40	264.40	
07216500	0427	19150427	20150427	95	52.59	96.66	0.10	498.00		0.77	1.16	1.30	1.52	1.70	2.50	3.12	3.48	5.14	9.50	14.60	27.20	39.80	46.20	63.00	79.80	96.40	143.20	313.00	
07216500	0428	19150428	20150428	95	56.08	103.06	0.20	482.00		0.78	1.10	1.40	1.52	1.80	2.28	2.90	3.14	5.80	11.00	15.00	29.20	41.80	52.40	66.00	74.00	90.00	157.60	339.00	
07216500	0429	19150429	20150429	95	56.83	103.98	0.30	514.00		0.62	1.00	1.40	1.42	1.70	2.20	2.80	3.28	5.08	8.80	13.80	27.00	41.60	50.60	68.00	75.60	98.00	181.80	325.20	
07216500	0430	19150430	20150430	95	62.38	111.17	0.40	608.00		0.57	0.97	1.30	1.40	1.90	2.18	2.72	3.68	5.52	8.60	16.80	27.60	41.00	61.00	69.00	87.40	108.60	210.80	344.00	
07216500	0501	19150501	20150501	95	66.31	128.41	0.20	868.00		0.63	1.06	1.24	1.50	1.80	2.18	2.60	3.42	5.80	15.00	23.00	36.80	45.40	55.60	68.00	89.60	122.60	221.20	323.20	
07216500	0502	19150502	20150502	95	71.34	159.45	0.20	1290.00		0.68	1.16	1.30	1.50	1.80	2.28	2.70	3.50	8.22	11.00	26.40	39.00	45.80	62.40	74.00	86.20	122.60	206.40	333.60	
07216500	0503	19150503	20150503	95	68.81	130.19	0.20	911.00		0.69	1.12	1.30	1.52	1.70	2.16	2.80	4.02	5.52	9.80	31.40	39.00	51.40	69.20	74.00	96.80	128.80	205.20	373.20	
07216500	0504	19150504	20150504	95	66.84	121.36	0.00	832.00		0.76	1.20	1.40	1.52	2.00	2.38	3.06	4.24	6.38	13.00	23.60	35.60	56.60	65.20	78.00	105.80	122.20	199.00	326.60	
07216500	0505	19150505	20150505	95	64.15	109.23	0.00	704.00		0.77	1.26	1.54	1.72	2.10	2.62	3.90	5.52	9.52	17.00	28.00	41.00	47.80	64.00	80.00	92.80	128.40	208.00	311.40	
07216500	0506	19150506	20150506	95	66.55	112.73	0.00	679.00		0.77	1.20	1.54	1.74	2.50	2.70	3.74	5.72	9.24	16.00	29.00	42.00	53.80	66.40	78.00	106.00	132.40	214.40	320.40	
07216500	0507	19150507	20150507	95	69.28	115.79	0.00	704.00		0.88	1.26	1.44	1.86	2.80	3.00	3.60	4.74	13.00	18.00	25.00	41.60	56.80	70.80	84.00	115.00	159.60	208.60	312.80	
07216500	0508	19150508	20150508	95	71.41	121.22	0.00	729.00		0.85	1.26	1.40	1.82	2.30	2.90	4.16	5.50	14.20	21.00	23.80	37.00	52.40	69.20	90.00	116.20	178.60	225.20	285.80	
07216500	0509	19150509	20150509	95	72.17	118.95	0.50	704.00		0.83	1.16	1.40	1.50	2.10	2.90	4.76	6.08	15.60	20.00	28.80	41.20	54.80	63.80	94.00	113.00	199.60	218.00	284.20	
07216500	0510	19150510	20150510	95	73.89	117.49	0.50	679.00		0.80	1.16	1.40	1.62	2.30	2.80	4.22	8.86	20.40	27.00	36.00	42.60	62.20	70.80	98.00	125.40	170.60	217.20	316.40	
07216500	0511	19150511	20150511	95	84.97	131.70	0.00	679.00		0.79	1.16	1.54	2.10	2.20	2.82	4.72	11.48	19.00	30.00	36.80	48.40	63.80	84.20	131.00	145.20	200.00	239.80	428.00	
07216500	0512	19150512	20150512	95	81.43	123.50	0.40	679.00		0.88	1.30	1.52	2.02	2.30	2.58	4.98	13.40	16.00	24.00	34.60	47.60	64.40	91.40	119.00	155.00	183.60	236.80	382.00	
07216500	0513	19150513	20150513	95	78.97	121.13	0.40	679.00		0.84	1.22	1.64	2.00	2.30	3.08	4.26	12.80	19.60	30.00	36.00	42.80	67.60	93.00	115.00	145.20	170.00	212.00	396.00	
07216500	0514	19150514	20150514	95	77.52	120.94	0.50	704.00		0.79	1.16	1.48	1.82	2.20	3.18	5.04	10.40	17.40	29.00	38.40	52.60	66.20	84.80	106.00	139.40	167.00	191.00	365.00	
07216500	0515	19150515	20150515	95	79.09	118.82	0.00	654.00		0.77	1.10	1.52	2.02	2.20	3.50	5.44	10.16	16.20	35.00	37.00	46.20	75.60	82.40	123.00	139.40	162.40	228.80	365.80	
07216500	0516	19150516	20150516	95	80.73	115.02	0.00	605.00		0.79	1.06	1.44	1.74	2.20	3.62	6.54	10.40	20.60	38.00	42.60	52.20	72.40	86.20	129.00	151.80	177.60	244.00	340.60	
07216500	0517	19150517	20150517	95	83.20	114.79	0.00	545.00		0.62	1.16	1.34	1.92	2.50	4.12	7.28	11.00	26.40	36.00	42.80	56.20	71.20	96.40	139.00	152.80	176.40	269.60	365.00	
07216500	0518	19150518	20150518	95	86.16	129.57	0.00	793.00		0.77	1.20	1.50	1.92	2.50	4.06	7.36	10.34	19.80	35.00	45.20	57.20	78.20	97.80	126.00	150.60	183.60	268.40	359.20	
07216500	0519	19150519	20150519	95	95.31	179.31	0.00	1450.00		0.83	1.16	1.50	1.92	2.60	5.18	7.98	12.60	24.40	38.00	46.20	65.20	89.20	110.00	122.00	149.20	184.20	254.40	350.20	
07216500	0520	19150520	20150520	95	94.60	168.34	0.00	1250.00		0.82	1.22	1.74	2.00	3.40	3.88	8.36	11.40	23.20	38.00	48.00	64.80	87.60	103.40	119.00	153.20	170.20	238.20	345.60	
07216500	0521	19150521	20150521	95	95.98	141.77	0.10	908.00		0.82	1.20	1.70	2.20	2.60	4.30	7.62	14.20	31.40	44.00	55.80	68.20	84.60	107.20	140.00	170.80	219.20	262.80	423.60	
07216500	0522	19150522	20150522	95	108.36	172.40	0.56	906.00		0.83	1.20	1.64	2.12	2.80	4.50	7.96	17.20	37.00	47.00	54.60	66.60	85.20	108.80	125.00	185.80	230.60	298.00	490.40	
07216500	0523	19150523	20150523	95	102.92	145.62	0.30	782.00		0.86	1.30	2.00	2.42	3.80	7.30	11.72	26.40	39.80	49.00	58.40	74.00	90.40	115.00	141.00	181.60	212.20	288.40	413.60	
07216500	0524	19150524	20150524	95	102.70	137.36	0.58	729.00		0.93	1.48	2.00	2.30	3.80	6.34	8.88	27.40	37.20	48.00	60.00	69.60	83.60	130.00	165.00	199.40	227.20	298.00	379.00	
07216500	0525	19150525	20150525	95	100.62	134.01	0.36	729.00		0.99	1.82	2.04	2.72	3.80	5.12	7.96	22.00	36.20	44.00	60.80	70.60	89.40	131.40	158.00	190.60	246.20	301.20	362.20	
07216500	0526	19150526	20150526	95	97.29	133.91	0.36	703.00		0.98	1.40	1.74	2.16	3.10	4.06	6.84	20.00	35.40	43.00	57.00	65.60	94.80	122.80	143.00	193.60	226.40	295.80	333.40	
07216500	0527	19150527	20150527	95	95.86	140.88	0.32	926.00		0.92	1.36	1.74	2.24	3.10	3.90	7.96	23.20	34.20	46.00	59.00	68.00	95.00	113.20	144.00	177.80	208.00	256.40	307.60	
07216500	0528	19150528	20150528	95	88.35	112.84	0.24	569.00		0.99	1.66	1.94	2.84	4.00	5.76	16.80	24.80	32.40	39.00	55.00	73.60	86.20	109.60	141.00	164.20	199.60	249.20	295.60	
07216500	0529	19150529	20150529	95	91.22	112.44	0.16	545.00		0.95	1.60	1.92	2.20	3.90	5.88	18.40	24.80	33.40	50.00	64.60	83.00	103.20	114.80	147.00	165.40	196.80	253.20	341.20	
07216500	0530	19150530	20150530	95	89.12	109.67	0.16	539.00		0.82	1.28	1.70	2.20	4.00	6.48	20.80	28.40	41.40	48.00	63.80	83.60	98.80	109.00	135.00	164.80	189.00	231.00	320.00	
07216500	0531	19150531	20150531	95	92.08	116.03	0.00	688.00		0.82	1.40	1.90	2.22	4.30	8.48	18.00	30.40	46.40	51.00	62.40	78.00	95.60	122.00	151.00	173.80	191.60	214.40	341.20	
07216500	0601	19150601	20150601	95	89.86	106.12	0.00	486.00		0.83	1.58	2.10	3.04	4.70	8.76	16.20	28.80	44.20	51.00	62.60	70.60	93.40	119.60	146.00	177.60	198.20	228.40	344.00	
07216500	0602	19150602	20150602	95	88.03	104.73	0.00	463.00		0.78	1.50	2.00	2.92	4.60	10.56	18.80	27.40	43.20	51.00	61.80	70.00	86.20	107.60	136.00	166.60	195.20	238.80	327.20	
07216500	0603	19150603	20150603	95	84.85	102.06	0.00	452.00		0.71	1.50	2.04	2.32	5.90	9.00	19.60	30.00	40.00	51.00	60.40	68.20	81.00	101.80	124.00	155.80	184.60	216.20	341.60	
07216500	0604	19150604	20150604	95	84.83	104.88	0.00	533.00		0.67	1.40	2.00	2.72	6.20	9.92	21.20	33.00	42.60	49.00	59.60	70.20	86.40	98.20	123.00	149.20	176.00	226.40	319.40	
07216500	0605	19150605	20150605	95	81.32	102.34	0.00	498.00		0.90	1.32	2.00	2.60	3.60	7.88	21.20	34.00	40.40	46.00	54.00	65.40	77.00	94.40	111.00	133.40	185.40	223.60	296.40	
07216500	0606	19150606	20150606	95	79.53	100.23	0.00	498.00		0.90	1.36	1.94	2.30	3.00	8.30	19.40	27.80	36.20	40.00	50.40	59.40	78.80	96.20	109.00	137.60	182.00	213.20	320.00	
07216500	0607	19150607	20150607	95	77.12	97.96	0.00	474.00		0.77	1.10	1.94	2.34	5.80	7.66	15.60	21.40	31.40	36.00	52.00	57.60	72.20	92.40	111.00	140.20	174.80	204.20	297.20	
07216500	0608	19150608	20150608	95	78.27	106.71	0.00	557.00		0.77	1.10	1.84	2.04	5.90	9.70	15.00	25.40	31.20	39.00	49.40	57.80	64.00	90.40	112.00	136.60	168.80	200.80	299.40	
07216500	0609	19150609	20150609	95	79.71	115.32	0.00	652.00		0.72	1.00	1.32	1.92	4.00	7.80	14.00	28.00	34.60	39.00	49.40	59.80	74.40	84.60	102.00	129.20	157.80	201.20	336.00	
07216500	0610	19150610	20150610	95	75.52	94.53	0.00	434.00		0.72	0.92	1.50	1.90	4.10	8.44	21.60	30.40	36.00	47.00	51.80	59.20	69.20	90.00	114.00	130.80	162.80	195.60	284.80	
07216500	0611	19150611	20150611	95	73.38	88.63	0.10	375.00		0.69	0.89	1.54	1.92	3.30	7.84	21.60	29.40	39.20	42.00	50.80	59.60	71.20	86.40	101.00	135.20	161.60	199.80	281.20	
07216500	0612	19150612	20150612	95	72.77	83.50	0.10	351.00		0.72	0.89	1.58	2.02	2.80	8.26	20.00	28.00	38.20	41.00	54.80	67.20	74.80	87.00	102.00	138.00	160.60	206.80	257.60	
07216500	0613	19150613	20150613	95	71.06	81.87	0.20	363.00		0.73	0.90	1.58	1.92	4.20	7.52	20.00	27.00	32.20	42.00	53.80	62.60	75.00	85.60	114.00	137.80	159.60	180.20	250.80	
07216500	0614	19150614	20150614	95	68.07	76.50	0.20	328.00		0.68	1.05	1.64	1.74	4.60	11.80	17.20	25.40	31.60	43.00	52.40	59.60	70.00	88.40	102.00	129.80	157.20	177.40	242.20	
07216500	0615	19150615	20150615	95	69.34	90.06	0.10	602.00		0.67	0.96	1.64	2.10	4.20	11.80	20.00	23.80	30.20	37.00	41.00	53.20	65.40	84.20	116.00	132.40	157.80	175.80	225.80	
07216500	0616	19150616	20150616	95	65.18	80.51	0.10	431.00		0.70	0.96	1.62	2.34	5.30	11.80	17.00	22.60	28.20	33.00	39.80	47.80	61.40	74.00	105.00	133.60	142.20	173.60	235.60	
07216500	0617	19150617	20150617	95	68.74	94.87	0.10	649.00		0.74	1.10	1.54	2.14	5.50	10.60	15.80	23.40	26.20	34.00	39.80	50.00	62.40	86.00	108.00	118.80	131.60	189.80	245.00	
07216500	0618	19150618	20150618	95	70.16	118.25	0.00	734.00		0.79	1.00	1.50	2.70	4.40	7.16	11.20	18.40	23.20	25.00	33.80	41.20	56.40	80.00	99.00	107.80	141.60	186.00	229.00	
07216500	0619	19150619	20150619	95	77.48	164.82	0.00	1150.00		0.73	0.99	1.52	2.82	5.00	6.68	9.10	17.40	21.00	28.00	32.60	37.20	56.00	71.60	94.00	104.20	125.60	173.20	278.60	
07216500	0620	19150620	20150620	95	67.75	120.83	0.00	754.00		0.66	1.00	1.50	2.76	5.40	7.56	9.84	18.40	21.20	26.00	30.80	34.60	53.60	75.80	92.00	105.80	135.80	154.00	238.00	
07216500	0621	19150621	20150621	95	59.75	95.93	0.00	574.00		0.67	1.17	1.70	3.22	5.50	7.80	11.20	17.40	20.20	24.00	26.80	32.80	43.80	72.40	88.00	96.80	117.20	139.40	248.40	
07216500	0622	19150622	20150622	95	58.39	88.06	0.00	458.00		0.60	1.26	1.64	2.92	4.70	6.18	11.00	14.40	19.20	22.00	27.60	37.60	53.20	71.40	80.00	95.60	111.20	143.00	281.00	
07216500	0623	19150623	20150623	95	53.94	80.13	0.00	400.00		0.57	1.32	1.94	3.00	4.90	6.24	11.00	13.00	16.00	22.00	29.80	32.60	39.00	61.40	79.00	90.80	109.80	140.20	258.00	
07216500	0624	19150624	20150624	95	50.25	72.63	0.00	339.00		0.56	1.17	1.68	3.22	4.60	6.92	11.00	13.00	15.20	22.00	26.80	29.20	34.20	50.80	78.00	87.00	104.80	134.00	235.80	
07216500	0625	19150625	20150625	95	51.49	75.79	0.00	394.00		0.53	0.97	1.82	2.74	5.30	5.86	11.20	13.00	17.20	22.00	26.60	30.00	41.20	47.40	71.00	90.20	112.40	133.40	245.40	
07216500	0626	19150626	20150626	95	51.37	77.05	0.00	361.00		0.58	0.97	1.94	2.52	4.30	7.48	10.40	11.40	15.80	21.00	25.00	29.60	37.40	50.40	61.00	82.20	109.00	144.60	272.20	
07216500	0627	19150627	20150627	95	53.63	87.16	0.00	485.00		0.52	0.89	1.60	2.12	4.00	7.10	10.00	13.00	18.00	20.00	26.00	30.60	39.40	52.20	61.00	89.40	109.40	133.20	235.80	
07216500	0628	19150628	20150628	95	45.17	64.75	0.00	354.00		0.53	0.88	1.34	1.84	2.70	7.38	9.76	12.40	14.20	20.00	23.00	29.60	34.80	44.00	65.00	77.60	98.40	127.20	181.20	
07216500	0629	19150629	20150629	95	42.10	61.28	0.00	345.00		0.50	0.93	1.40	1.92	3.00	4.46	8.16	12.00	14.00	17.00	23.80	28.80	35.80	41.20	59.00	69.60	85.80	115.80	164.80	
07216500	0630	19150630	20150630	95	42.49	64.36	0.00	390.00		0.54	1.12	1.40	1.80	2.80	6.52	12.60	14.40	18.00	21.00	24.00	29.60	33.00	39.00	54.00	63.80	79.60	99.00	160.80	
07216500	0701	19150701	20150701	95	47.03	80.97	0.00	585.00		0.60	0.93	1.28	2.24	2.90	5.74	12.20	14.80	19.20	21.00	23.60	28.60	32.80	46.20	58.00	65.80	86.40	103.00	195.60	
07216500	0702	19150702	20150702	95	43.42	66.31	0.00	465.00		0.76	1.06	1.44	2.26	4.30	6.74	12.60	15.40	17.20	18.00	22.00	28.60	32.40	37.80	50.00	75.80	89.20	126.40	170.40	
07216500	0703	19150703	20150703	95	39.77	58.04	0.00	400.00		0.76	1.00	1.42	2.42	3.80	8.86	12.00	14.00	17.20	21.00	23.00	24.60	28.00	34.00	45.00	72.80	86.20	114.80	146.80	
07216500	0704	19150704	20150704	95	39.56	61.64	0.00	470.00		0.68	0.98	1.64	3.84	4.80	8.46	11.00	14.00	17.20	18.00	21.00	25.00	30.00	36.40	49.00	70.00	81.00	112.40	139.80	
07216500	0705	19150705	20150705	95	42.49	78.01	0.00	570.00		0.64	1.00	1.72	3.40	5.60	7.28	10.60	12.40	15.00	18.00	20.00	21.00	28.80	36.60	50.00	72.20	80.60	98.00	148.60	
07216500	0706	19150706	20150706	95	36.81	51.28	0.00	310.00		0.60	1.00	1.92	2.92	4.80	7.56	9.76	12.00	15.00	17.00	20.00	22.60	32.00	43.60	54.00	57.80	71.40	89.00	157.40	
07216500	0707	19150707	20150707	95	35.66	48.30	0.00	266.00		0.55	0.96	2.28	2.80	3.70	6.96	8.80	11.00	13.00	17.00	18.80	20.60	25.80	41.40	55.00	60.80	76.60	102.40	143.20	
07216500	0708	19150708	20150708	95	40.93	58.27	0.20	295.00		0.59	1.24	2.54	4.08	5.50	6.64	9.16	12.00	14.20	17.00	20.80	24.60	37.00	47.20	55.00	66.00	84.20	110.80	159.40	
07216500	0709	19150709	20150709	95	37.15	49.26	0.20	259.00		0.68	1.42	2.70	3.64	5.70	7.78	9.28	10.40	15.20	17.00	19.80	27.20	37.20	44.00	50.00	59.00	70.00	113.40	142.20	
07216500	0710	19150710	20150710	95	34.56	43.13	0.20	210.00		0.60	1.50	2.44	3.16	4.00	5.90	7.88	9.82	14.00	16.00	19.80	25.00	31.60	38.40	51.00	59.80	73.20	114.00	134.00	
07216500	0711	19150711	20150711	95	35.79	46.50	0.10	208.00		0.50	1.12	2.10	3.00	3.60	6.18	7.62	8.92	10.80	16.00	20.80	25.80	30.00	37.00	51.00	61.80	79.00	108.20	144.40	
07216500	0712	19150712	20150712	95	34.98	45.74	0.10	235.00		0.50	1.00	2.18	3.40	4.00	6.00	7.30	10.00	15.20	18.00	21.80	25.00	30.80	39.40	53.00	60.60	70.20	90.00	146.20	
07216500	0713	19150713	20150713	95	38.47	48.81	0.10	248.00		0.48	1.30	2.38	3.48	4.80	5.94	9.60	12.00	16.20	20.00	23.80	29.00	32.80	46.00	54.00	64.80	90.40	105.80	134.00	
07216500	0714	19150714	20150714	95	33.10	44.66	0.10	283.00		0.73	1.68	2.76	3.42	4.30	5.98	8.30	11.00	13.20	16.00	21.00	24.60	32.00	35.00	41.00	53.80	72.60	95.80	106.20	
07216500	0715	19150715	20150715	95	35.17	69.83	0.40	620.00		0.70	1.32	2.30	3.60	4.20	5.84	7.94	11.40	13.20	16.00	20.00	22.00	28.20	33.20	39.00	54.40	66.20	84.60	119.20	
07216500	0716	19150716	20150716	95	34.42	68.97	0.30	605.00		0.76	1.52	2.58	3.62	4.80	5.92	9.46	12.00	13.00	15.00	19.80	23.00	24.40	33.40	43.00	47.00	61.20	76.20	103.60	
07216500	0717	19150717	20150717	95	32.68	54.26	0.10	430.00		0.62	1.26	2.50	3.84	5.50	6.20	7.30	10.40	13.00	16.00	19.80	24.60	26.40	30.40	42.00	47.80	51.00	85.20	128.60	
07216500	0718	19150718	20150718	95	31.35	49.88	0.10	385.00		0.48	0.96	2.10	3.24	5.00	6.08	7.24	10.40	13.20	16.00	19.80	22.00	26.20	31.00	38.00	42.00	57.40	81.00	115.80	
07216500	0719	19150719	20150719	95	32.93	59.27	0.20	510.00		0.58	1.36	2.04	3.52	4.30	5.48	6.86	11.40	14.00	18.00	19.80	23.60	25.80	30.60	40.00	50.80	57.60	89.20	113.20	
07216500	0720	19150720	20150720	95	33.40	50.13	0.00	377.00		0.73	1.50	2.70	3.84	5.60	6.46	10.60	14.00	15.20	18.00	21.80	24.60	28.80	32.60	43.00	51.60	59.20	80.00	126.00	
07216500	0721	19150721	20150721	95	34.82	49.52	0.00	298.00		0.58	1.78	2.86	4.04	5.50	7.20	8.60	13.00	16.00	20.00	23.00	25.60	30.80	34.00	43.00	49.80	61.60	91.20	146.80	
07216500	0722	19150722	20150722	95	34.84	52.92	0.00	292.00		0.75	1.66	2.52	3.48	4.60	6.96	9.84	12.00	14.00	15.00	20.80	24.60	27.40	30.00	34.00	44.00	62.00	97.20	172.20	
07216500	0723	19150723	20150723	95	40.01	69.08	0.00	505.00		0.80	1.58	2.40	4.00	5.70	7.26	9.68	12.00	14.20	19.00	21.80	24.00	26.00	28.00	36.00	52.40	80.00	114.20	188.80	
07216500	0724	19150724	20150724	95	37.61	61.66	0.00	407.00		0.76	2.02	2.64	3.60	4.70	6.18	8.10	10.40	15.00	18.00	22.00	24.00	25.40	30.00	38.00	53.00	68.20	98.00	200.40	
07216500	0725	19150725	20150725	95	37.94	61.32	0.00	433.00		0.91	1.70	2.10	3.08	4.10	5.72	7.98	10.00	12.40	16.00	20.80	24.60	27.00	32.20	39.00	50.80	73.20	122.80	150.40	
07216500	0726	19150726	20150726	95	40.82	63.30	0.40	428.00		0.92	1.34	2.12	3.70	5.40	8.76	10.00	12.00	15.40	19.00	22.00	25.00	28.00	35.00	42.00	62.20	96.20	113.20	153.00	
07216500	0727	19150727	20150727	95	39.72	57.64	0.40	362.00		0.67	1.28	2.10	4.04	5.80	8.76	11.00	12.20	17.20	21.00	24.80	27.20	33.20	41.00	47.00	65.20	75.80	99.00	170.40	
07216500	0728	19150728	20150728	95	35.44	49.66	0.40	296.00		0.60	1.20	2.04	4.26	7.00	10.00	12.00	14.40	16.20	19.00	21.80	24.00	29.40	34.20	39.00	48.80	70.60	98.20	125.60	
07216500	0729	19150729	20150729	95	43.33	63.20	0.40	318.00		0.73	1.16	2.04	3.38	4.80	9.62	11.00	13.40	18.20	21.00	22.00	23.60	28.40	35.00	50.00	74.00	93.60	126.40	232.00	
07216500	0730	19150730	20150730	95	40.74	54.59	0.00	262.00		0.56	1.06	2.12	3.94	6.20	9.92	12.60	15.40	20.00	21.00	25.00	28.60	30.40	41.20	57.00	66.00	84.20	93.60	188.80	
07216500	0731	19150731	20150731	95	44.20	55.83	0.00	295.00		0.77	1.92	3.40	5.62	7.50	11.00	12.60	16.00	18.00	20.00	23.80	31.60	39.40	47.00	60.00	74.80	92.80	118.40	186.20	
07216500	0801	19150801	20150801	95	46.87	77.30	0.00	465.00		0.56	2.00	4.00	5.50	7.80	8.66	11.00	14.00	16.00	18.00	20.80	27.60	36.60	45.20	58.00	73.40	90.80	120.00	154.00	
07216500	0802	19150802	20150802	95	49.21	81.61	0.00	488.00		0.57	1.76	4.20	6.00	7.00	8.08	12.00	13.80	17.00	18.00	26.00	30.60	34.00	43.00	58.00	77.00	94.80	117.40	174.00	
07216500	0803	19150803	20150803	95	52.97	83.09	0.00	452.00		0.48	2.16	4.24	6.44	8.10	10.00	11.00	14.00	16.20	18.00	23.00	26.80	31.60	52.00	55.00	86.40	100.20	141.80	246.60	
07216500	0804	19150804	20150804	95	60.58	115.63	0.00	741.00		0.47	1.92	4.28	6.52	8.50	10.00	12.00	13.40	16.00	19.00	22.40	27.00	34.60	51.20	73.00	83.20	113.20	134.80	250.40	
07216500	0805	19150805	20150805	95	60.97	95.42	0.00	631.00		0.44	1.48	4.44	5.76	8.50	10.80	12.00	14.40	15.20	18.00	22.80	34.00	45.80	66.60	82.00	107.60	136.40	164.00	238.00	
07216500	0806	19150806	20150806	95	64.74	112.06	0.00	787.00		0.49	2.22	3.88	6.56	8.80	11.00	12.00	14.00	17.60	21.00	27.80	33.80	45.60	56.60	83.00	118.20	141.00	155.60	217.80	
07216500	0807	19150807	20150807	95	59.06	83.08	0.00	464.00		0.58	2.68	4.78	7.78	9.40	11.00	11.60	15.00	19.20	24.00	28.80	34.20	44.40	58.00	91.00	116.00	132.80	160.60	205.20	
07216500	0808	19150808	20150808	95	53.64	72.30	0.00	366.00		0.46	2.18	4.74	7.22	7.80	10.00	14.60	16.00	20.00	23.00	29.00	32.20	38.00	50.20	70.00	98.00	126.00	155.00	195.20	
07216500	0809	19150809	20150809	95	53.43	73.87	0.00	498.00		0.28	2.44	5.12	7.10	11.00	12.00	14.60	18.00	24.00	26.00	28.60	36.60	44.80	61.40	73.00	98.40	112.40	128.80	167.60	
07216500	0810	19150810	20150810	95	54.09	79.22	0.00	450.00		0.29	2.06	4.54	6.54	9.00	11.00	15.20	20.00	22.00	23.00	26.80	31.00	35.40	47.60	64.00	97.40	114.80	134.80	259.60	
07216500	0811	19150811	20150811	95	58.73	96.60	0.00	640.00		0.80	1.86	4.46	6.00	7.80	13.00	15.60	20.00	22.20	24.00	26.80	34.00	40.40	52.80	73.00	88.80	105.60	133.20	228.40	
07216500	0812	19150812	20150812	95	59.51	91.57	0.00	596.00		0.73	2.80	4.16	5.92	10.00	15.00	16.00	18.40	22.20	26.00	30.00	36.60	41.80	49.20	71.00	87.00	99.00	172.40	271.20	
07216500	0813	19150813	20150813	95	45.57	59.60	0.00	325.00		0.75	2.92	4.72	7.42	11.00	15.00	16.60	19.40	22.40	27.00	28.80	34.00	39.60	46.00	54.00	65.20	86.60	100.80	218.60	
07216500	0814	19150814	20150814	95	45.26	72.29	0.00	563.00		0.76	2.86	4.44	7.72	9.70	13.00	15.00	16.40	21.00	25.00	31.60	36.60	40.40	45.20	48.00	64.00	73.60	85.00	191.40	
07216500	0815	19150815	20150815	95	48.53	66.22	0.00	445.00		0.81	2.78	4.92	8.56	11.00	15.00	16.60	20.80	24.00	28.00	31.60	36.60	45.80	52.00	62.00	69.20	83.80	104.40	187.20	
07216500	0816	19150816	20150816	95	48.26	61.43	0.00	392.00		0.78	3.78	4.90	7.80	11.00	13.80	16.80	22.00	26.00	28.00	31.00	38.20	44.40	54.60	62.00	73.80	78.60	117.40	180.80	
07216500	0817	19150817	20150817	95	54.00	102.88	0.00	925.00		0.60	2.88	6.44	7.96	12.00	13.80	15.60	20.00	24.20	29.00	32.60	37.60	47.20	54.00	61.00	69.80	91.60	131.20	160.00	
07216500	0818	19150818	20150818	95	54.41	109.77	0.00	991.00		0.60	2.34	5.82	9.36	13.00	15.00	17.60	20.00	22.20	28.00	34.20	38.00	40.00	51.40	60.00	72.20	85.00	119.40	160.40	
07216500	0819	19150819	20150819	95	51.71	87.21	0.00	708.00		0.60	2.18	5.70	8.94	12.00	15.80	17.00	20.00	23.00	26.00	30.80	37.20	44.40	53.40	65.00	75.60	90.80	113.60	161.20	
07216500	0820	19150820	20150820	95	50.32	59.92	0.00	409.00		1.58	2.96	4.92	8.36	13.00	15.00	18.00	20.20	28.40	35.00	38.80	45.00	48.80	58.00	73.00	80.00	90.00	108.60	170.20	
07216500	0821	19150821	20150821	95	55.63	65.94	0.00	335.00		1.14	2.26	4.28	7.48	11.00	14.00	18.00	21.40	28.00	33.00	38.80	43.60	51.00	67.40	71.00	92.00	122.60	152.00	189.60	
07216500	0822	19150822	20150822	95	62.02	128.83	0.00	1160.00		1.02	2.64	5.46	9.34	12.00	15.00	18.00	22.40	27.60	33.00	38.00	43.60	48.80	61.60	69.00	85.00	94.80	124.60	191.00	
07216500	0823	19150823	20150823	95	54.07	75.99	0.00	562.00		1.02	2.64	4.18	7.62	11.00	13.80	17.60	19.00	24.00	31.00	37.00	44.20	53.20	60.80	75.00	85.80	101.20	110.80	194.20	
07216500	0824	19150824	20150824	95	50.78	69.83	0.00	538.00		0.78	2.70	4.34	7.60	8.40	11.80	15.60	18.00	25.20	35.00	41.80	49.60	53.00	63.60	73.00	86.00	97.60	107.40	124.20	
07216500	0825	19150825	20150825	95	49.43	72.16	0.00	602.00		0.63	2.44	4.12	7.08	9.70	11.00	14.60	18.80	24.40	34.00	41.60	46.00	47.40	53.80	69.00	75.40	86.40	104.20	150.80	
07216500	0826	19150826	20150826	95	44.06	60.49	0.00	514.00		0.56	2.72	5.32	7.02	8.70	13.00	15.00	17.40	23.00	30.00	37.40	42.60	46.00	55.40	61.00	68.80	82.80	101.20	117.40	
07216500	0827	19150827	20150827	95	42.82	54.81	0.00	412.00		0.54	2.70	5.40	6.84	10.00	13.00	15.60	16.00	20.20	26.00	29.00	38.60	46.40	60.00	64.00	66.80	77.20	86.40	113.00	
07216500	0828	19150828	20150828	95	48.55	64.39	0.00	367.00		0.67	2.64	6.20	7.80	9.60	13.00	14.60	16.00	18.20	25.00	33.40	38.00	48.80	55.20	65.00	78.60	94.40	116.20	175.80	
07216500	0829	19150829	20150829	95	42.06	49.38	0.00	272.00		0.59	3.26	6.12	8.02	11.00	12.00	14.00	15.00	19.00	21.00	31.20	36.20	48.80	53.00	57.00	64.80	77.40	103.40	138.60	
07216500	0830	19150830	20150830	95	41.85	55.31	0.00	400.00		0.67	3.28	5.66	7.16	9.00	11.80	13.00	15.00	18.20	22.00	31.40	39.00	46.00	49.40	52.00	61.00	73.20	101.20	119.60	
07216500	0831	19150831	20150831	95	39.79	48.51	0.00	330.00		0.65	3.14	6.40	8.80	9.60	11.00	14.00	16.00	20.00	26.00	30.80	37.00	42.00	46.00	48.00	56.20	75.60	93.20	128.40	
07216500	0901	19150901	20150901	95	53.99	102.19	0.30	869.00		0.77	3.96	5.52	8.20	9.50	12.00	14.00	17.40	21.00	26.00	31.80	38.20	41.80	46.80	60.00	69.00	96.40	124.40	180.00	
07216500	0902	19150902	20150902	95	42.93	51.29	0.30	294.00		0.76	3.52	5.52	7.60	8.20	10.68	14.60	19.40	21.00	25.00	29.00	36.00	39.20	43.60	56.00	66.00	85.60	114.80	154.80	
07216500	0903	19150903	20150903	95	38.90	47.15	0.40	287.00		1.60	4.06	5.58	7.14	8.80	10.66	14.20	17.00	20.00	22.00	27.80	32.20	36.40	39.60	53.00	60.60	74.20	88.00	132.80	
07216500	0904	19150904	20150904	95	38.18	51.54	0.50	372.00		1.60	4.28	5.10	6.72	8.60	11.00	13.60	17.00	20.00	22.00	24.80	30.00	36.00	39.20	48.00	59.60	69.20	83.60	133.60	
07216500	0905	19150905	20150905	95	35.95	41.77	0.51	240.00		1.66	3.24	5.10	7.32	8.90	11.00	15.00	17.40	20.20	24.00	27.80	29.60	33.00	39.80	46.00	53.40	66.80	86.00	118.00	
07216500	0906	19150906	20150906	95	32.82	40.71	0.50	270.00		2.12	3.32	6.04	7.44	8.00	10.64	13.00	15.00	17.00	21.00	24.00	26.60	30.00	34.60	40.00	51.00	58.00	79.20	104.20	
07216500	0907	19150907	20150907	95	32.25	35.10	0.51	200.00		1.64	4.44	6.76	7.84	9.00	11.00	14.60	16.00	17.00	21.00	24.00	28.00	33.00	38.00	44.00	47.80	54.20	80.80	101.80	
07216500	0908	19150908	20150908	95	30.41	30.38	0.57	128.00		1.31	4.28	5.54	6.84	9.00	10.00	13.00	15.40	16.20	20.00	24.00	26.00	30.40	36.00	42.00	44.80	64.80	76.80	106.60	
07216500	0909	19150909	20150909	95	29.11	30.07	0.80	145.00		1.58	3.80	5.08	6.00	9.30	10.80	12.60	15.00	16.00	18.00	21.00	24.60	29.40	35.00	40.00	45.00	54.20	68.80	102.40	
07216500	0910	19150910	20150910	95	34.85	67.17	0.50	629.00		2.22	4.54	5.46	7.44	9.60	11.00	13.60	15.00	16.40	19.00	24.80	26.60	32.40	35.40	38.00	44.60	59.20	70.40	104.80	
07216500	0911	19150911	20150911	95	31.72	45.67	0.40	366.00		2.88	4.96	5.10	7.10	8.60	10.80	13.00	14.00	16.40	19.00	21.80	25.00	27.40	33.00	36.00	40.80	56.00	66.20	105.40	
07216500	0912	19150912	20150912	95	34.85	51.41	0.20	312.00		3.06	4.96	5.40	6.76	8.90	11.00	13.00	15.00	16.00	18.00	21.00	25.00	29.80	32.20	35.00	40.00	58.20	86.80	126.60	
07216500	0913	19150913	20150913	95	33.11	48.97	0.10	364.00		2.82	4.06	5.16	6.72	10.00	12.00	13.60	14.00	16.00	19.00	20.80	24.60	28.00	33.00	35.00	39.00	56.60	72.40	114.60	
07216500	0914	19150914	20150914	95	30.85	43.73	0.10	264.00		2.06	3.92	5.64	9.08	11.00	12.00	13.00	14.40	16.00	18.00	21.00	25.00	26.40	29.20	32.00	36.40	49.00	57.00	100.60	
07216500	0915	19150915	20150915	95	30.35	41.66	0.00	253.00		1.66	3.92	5.00	6.74	10.00	12.00	13.00	15.00	16.00	18.00	20.80	24.00	26.00	29.00	31.00	35.60	45.40	67.60	112.20	
07216500	0916	19150916	20150916	95	30.12	35.20	0.00	158.00		1.46	3.68	5.40	8.86	9.40	10.00	13.00	15.00	18.00	19.00	20.00	24.60	26.40	29.20	33.00	36.80	50.00	76.40	132.80	
07216500	0917	19150917	20150917	95	29.29	37.01	0.00	248.00		1.60	4.36	5.48	7.16	9.00	10.80	12.60	15.00	16.00	17.00	19.00	24.00	26.00	28.00	30.00	34.80	53.00	77.40	108.00	
07216500	0918	19150918	20150918	95	26.45	28.12	0.00	137.00		1.62	3.84	4.62	6.26	8.60	10.80	12.60	14.00	15.20	17.00	19.60	23.60	25.40	27.00	30.00	37.00	53.00	69.20	102.20	
07216500	0919	19150919	20150919	95	26.40	28.33	0.10	139.00		2.04	3.88	5.34	7.06	9.70	12.00	13.00	15.00	15.20	18.00	19.00	21.00	24.00	26.20	30.00	34.40	46.80	58.40	110.40	
07216500	0920	19150920	20150920	95	26.98	28.13	0.10	146.00		1.96	3.96	5.70	7.40	11.00	12.00	13.00	15.00	16.00	17.00	20.00	22.00	25.40	27.00	29.00	38.80	49.60	62.20	99.20	
07216500	0921	19150921	20150921	95	28.07	28.76	0.00	121.00		1.86	3.24	6.08	7.28	9.50	11.00	12.60	14.00	15.00	18.00	20.80	23.60	25.00	26.40	34.00	41.00	56.80	78.40	103.20	
07216500	0922	19150922	20150922	95	29.74	45.75	0.00	393.00		1.64	3.46	5.34	6.72	7.00	11.00	12.60	14.00	15.00	17.00	20.80	22.60	25.00	27.20	34.00	42.00	52.60	67.40	99.20	
07216500	0923	19150923	20150923	95	36.62	93.67	0.10	688.00		1.74	2.96	5.42	6.42	7.90	9.94	11.60	13.00	14.20	16.00	19.60	22.60	24.40	26.20	32.00	40.00	45.00	54.00	95.40	
07216500	0924	19150924	20150924	95	28.69	44.75	0.10	332.00		1.90	3.48	5.74	6.72	8.60	11.00	12.00	13.00	14.20	16.00	17.00	21.00	24.00	25.00	28.00	38.60	44.00	52.20	105.20	
07216500	0925	19150925	20150925	95	24.53	28.16	0.10	167.00		1.88	3.16	5.54	7.54	9.00	11.00	12.00	13.00	13.20	16.00	18.00	20.60	22.00	23.20	28.00	34.80	42.00	49.80	86.00	
07216500	0926	19150926	20150926	95	22.73	24.11	0.10	130.00		1.64	3.16	5.40	6.52	9.40	10.80	11.60	13.00	14.00	15.00	18.00	20.00	22.40	24.00	26.00	31.60	36.60	45.40	79.20	
07216500	0927	19150927	20150927	95	21.68	21.87	0.10	115.00		1.50	3.28	4.54	5.40	7.90	10.00	11.60	12.40	14.20	15.00	17.00	20.00	21.40	24.00	28.00	30.40	36.20	45.20	70.20	
07216500	0928	19150928	20150928	95	21.06	20.65	0.10	107.00		1.48	3.18	4.04	6.02	7.70	9.78	11.00	11.40	14.00	15.00	17.00	20.00	22.40	24.00	26.00	29.80	34.60	43.20	68.60	
07216500	0929	19150929	20150929	95	25.22	46.18	0.10	418.00		1.34	3.12	4.30	6.72	7.40	9.66	10.00	11.40	15.00	16.00	17.00	18.00	20.40	25.00	27.00	30.60	35.00	43.80	83.80	
07216500	0930	19150930	20150930	95	22.91	28.21	0.10	208.00		1.26	3.00	4.48	6.30	8.20	9.70	11.00	11.00	15.00	16.00	17.00	18.60	20.00	25.20	27.00	28.80	38.00	45.40	80.40	
07216500	1001	19151001	20151001	94	23.64	32.53	0.10	250.00		1.55	2.95	4.45	6.00	7.72	9.25	11.00	12.00	13.00	15.00	17.00	18.00	20.75	24.00	26.25	30.00	36.75	49.00	80.50	
07216500	1002	19151002	20151002	94	24.56	52.86	0.10	500.00		1.75	3.00	4.00	5.90	7.50	9.20	10.00	12.00	13.75	15.00	16.00	18.00	20.00	23.00	26.00	27.00	31.50	45.50	70.50	
07216500	1003	19151003	20151003	93	20.62	24.99	0.20	156.00		1.93	3.00	4.12	5.48	7.65	9.32	10.00	11.60	12.30	15.00	15.00	17.40	18.10	23.00	25.00	27.00	29.90	42.00	66.40	
07216500	1004	19151004	20151004	93	20.34	23.39	0.10	178.00		1.51	3.00	4.32	5.98	7.90	10.00	12.80	13.00	14.00	15.00	16.00	17.00	19.10	22.00	25.00	27.40	29.90	37.60	62.10	
07216500	1005	19151005	20151005	93	18.43	17.58	0.00	122.00		1.50	3.00	4.71	5.62	7.75	9.76	11.00	13.00	13.30	15.00	16.00	17.00	18.10	20.80	23.00	26.20	30.00	35.80	56.30	
07216500	1006	19151006	20151006	93	19.29	19.24	0.00	101.00		1.67	3.00	4.53	5.68	7.20	9.34	10.90	12.00	13.30	15.00	16.00	17.00	18.00	20.80	22.50	26.00	29.00	47.00	58.60	
07216500	1007	19151007	20151007	93	19.20	18.99	0.10	108.00		1.55	3.08	4.32	5.60	7.25	9.14	10.90	12.00	12.30	15.00	16.00	17.40	19.10	21.80	25.00	25.40	29.90	40.40	60.00	
07216500	1008	19151008	20141008	92	24.60	59.70	0.10	566.00		1.56	2.93	4.08	4.92	7.12	9.50	11.00	12.00	13.00	14.50	16.00	17.80	20.00	21.10	24.00	29.00	31.00	42.20	64.80	
07216500	1009	19151009	20141009	92	21.34	33.39	0.10	298.00		1.40	2.79	3.96	5.52	6.83	9.43	11.00	11.20	13.00	15.00	16.00	18.80	20.00	21.10	24.00	26.40	31.00	40.40	65.25	
07216500	1010	19151010	20141010	92	20.32	23.89	0.10	177.00		1.52	2.65	3.87	5.40	7.45	9.95	11.55	12.00	13.00	14.00	15.30	17.80	19.00	22.10	23.75	26.00	31.15	43.00	65.40	
07216500	1011	19151011	20141011	92	19.98	21.20	0.10	116.00		1.52	2.58	3.98	4.90	6.38	8.50	10.00	11.20	13.00	14.00	15.00	16.80	20.00	22.10	25.50	27.00	31.20	43.70	67.10	
07216500	1012	19151012	20141012	92	21.03	23.32	0.10	148.00		1.40	2.32	4.18	4.82	7.75	8.98	11.00	12.00	13.00	14.00	15.00	16.80	20.45	25.00	27.75	30.00	34.20	45.70	68.35	
07216500	1013	19151013	20141013	92	18.75	17.23	0.10	80.00		1.40	2.65	4.00	4.66	7.10	8.98	9.91	11.00	12.00	14.00	15.00	16.80	19.45	22.10	24.75	27.80	33.10	46.20	57.85	
07216500	1014	19151014	20141014	92	20.06	22.67	0.10	156.00		1.53	2.86	4.08	5.40	7.03	8.50	9.91	11.00	12.00	13.50	15.00	16.80	19.00	21.10	25.50	29.40	34.10	43.10	61.75	
07216500	1015	19151015	20141015	92	18.98	18.77	0.10	100.00		1.67	2.42	3.89	4.52	6.50	7.97	9.65	11.00	12.00	13.50	15.00	17.00	19.00	21.10	24.00	28.00	35.00	43.40	64.05	
07216500	1016	19151016	20141016	92	18.46	17.53	0.10	84.00		1.67	2.63	3.69	5.06	5.45	8.14	9.55	10.20	11.85	13.50	15.15	16.00	18.00	20.00	23.75	27.80	34.30	44.70	61.40	
07216500	1017	19151017	20141017	92	20.07	23.61	0.20	130.00		1.77	2.59	3.79	4.16	4.95	7.02	8.81	10.20	11.00	13.00	14.15	16.80	17.45	19.10	22.75	30.20	37.10	48.70	61.75	
07216500	1018	19151018	20141018	92	18.82	22.38	0.40	157.00		1.86	2.52	3.59	3.92	4.90	6.80	8.21	9.32	10.85	13.00	14.15	16.00	17.45	20.10	24.00	26.80	34.05	43.10	58.00	
07216500	1019	19151019	20141019	92	21.05	39.04	0.30	349.00		1.80	2.63	3.50	4.02	5.50	5.70	7.40	8.68	9.88	12.50	14.00	15.80	18.00	20.00	22.00	29.40	34.05	45.80	57.35	
07216500	1020	19151020	20141020	92	23.06	58.58	0.10	558.00		1.80	2.69	3.50	4.72	5.70	7.66	8.91	9.72	11.00	12.00	14.15	15.00	18.90	22.00	23.50	29.00	34.15	44.20	52.70	
07216500	1021	19151021	20141021	92	18.58	23.29	0.20	181.00		2.02	2.76	3.10	4.44	5.62	7.05	7.91	9.28	10.00	12.50	13.00	15.00	18.00	20.00	23.00	31.00	33.00	42.90	50.40	
07216500	1022	19151022	20141022	92	20.29	38.41	0.20	341.00		1.66	2.36	3.10	4.34	5.20	6.37	7.09	8.18	9.72	10.00	12.00	14.00	17.00	18.10	21.75	26.60	35.10	41.80	57.90	
07216500	1023	19151023	20141023	92	19.30	29.10	0.20	232.00		1.75	2.52	3.19	4.26	5.20	6.13	6.90	8.06	9.72	11.50	12.15	14.00	17.45	20.00	23.00	25.80	35.00	40.40	60.45	
07216500	1024	19151024	20141024	92	19.92	31.73	0.30	226.00		1.79	2.93	3.49	4.36	5.25	5.99	7.46	8.42	10.00	11.50	13.00	14.00	16.00	20.10	22.75	25.00	32.05	39.40	54.25	
07216500	1025	19151025	20141025	92	19.29	34.67	0.30	290.00		1.66	2.73	3.10	4.34	5.53	6.46	7.22	8.10	9.69	11.00	12.00	13.00	14.45	18.00	21.75	25.40	30.05	38.10	51.50	
07216500	1026	19151026	20141026	92	17.98	26.68	0.40	206.00		1.59	2.48	3.19	3.96	5.22	6.18	7.11	8.20	9.40	11.00	12.00	12.80	16.00	18.20	22.00	24.80	29.05	34.80	52.45	
07216500	1027	19151027	20141027	92	18.79	26.51	0.40	173.00		1.66	2.22	3.10	4.30	5.12	6.19	6.96	7.48	8.86	11.00	12.00	14.80	16.00	19.00	21.75	25.40	30.05	40.10	78.15	
07216500	1028	19151028	20141028	92	17.90	23.01	0.40	156.00		1.66	2.25	3.00	4.42	5.22	5.90	6.81	7.48	8.98	11.00	13.00	14.80	16.45	19.00	22.00	25.00	30.15	37.70	64.80	
07216500	1029	19151029	20141029	92	17.31	22.94	0.40	173.00		1.59	2.26	3.10	4.18	4.88	5.67	6.81	8.12	9.46	12.00	13.00	14.00	16.45	18.20	22.50	24.00	28.10	38.40	48.00	
07216500	1030	19151030	20141030	92	17.16	24.13	0.40	196.00		1.59	2.26	3.00	3.82	4.60	5.79	6.71	7.92	9.25	12.00	13.00	14.00	16.00	18.00	21.75	23.00	25.20	40.00	49.10	
07216500	1031	19151031	20141031	92	20.29	42.04	0.40	353.00		1.59	2.23	3.00	4.04	4.55	5.67	6.58	7.70	9.05	11.50	12.15	13.80	15.45	17.10	20.50	22.40	24.25	43.00	54.40	
07216500	1101	19151101	20141101	92	16.64	22.61	0.60	159.00		1.77	2.00	2.80	3.32	4.33	4.87	6.56	7.44	8.62	11.00	12.00	14.80	16.00	17.10	19.00	21.00	26.10	40.40	51.70	
07216500	1102	19151102	20141102	92	15.85	19.91	0.60	146.00		1.59	2.03	2.80	3.22	3.92	4.59	7.02	8.02	8.88	9.95	11.15	13.00	14.45	18.10	20.00	22.00	25.15	39.70	49.40	
07216500	1103	19151103	20141103	92	15.99	19.24	0.80	135.00		1.63	2.39	2.80	3.10	4.33	5.10	7.21	8.02	8.79	9.55	12.00	13.00	15.45	18.10	21.75	22.40	29.15	37.10	45.70	
07216500	1104	19151104	20141104	92	15.71	19.10	0.80	129.00		1.77	2.36	2.80	3.30	4.53	5.63	6.72	7.38	8.53	9.80	11.15	13.00	14.00	17.10	20.75	22.00	25.05	37.40	53.05	
07216500	1105	19151105	20141105	92	14.83	18.69	0.60	123.00		1.86	2.60	2.90	3.76	4.60	5.57	6.60	7.30	8.19	9.20	10.15	11.80	14.00	15.10	18.75	21.00	23.05	34.80	39.40	
07216500	1106	19151106	20141106	92	14.49	17.32	0.50	118.00		2.06	2.66	3.00	4.18	4.83	5.67	6.20	7.00	8.53	9.30	11.00	12.00	14.45	16.00	17.75	21.00	22.10	34.40	40.10	
07216500	1107	19151107	20141107	92	14.39	16.17	0.50	111.00		2.06	2.53	3.29	4.50	4.75	5.79	6.55	7.56	8.80	9.45	10.15	11.80	13.45	15.20	18.75	20.00	23.10	33.70	41.45	
07216500	1108	19151108	20141108	92	13.77	15.08	0.50	100.00		2.00	2.63	2.90	3.86	4.50	5.69	6.31	7.50	8.26	9.05	9.74	11.00	13.45	15.10	17.75	20.40	22.00	33.50	42.10	
07216500	1109	19151109	20141109	92	13.34	14.84	0.40	95.00		2.00	2.62	3.00	3.52	4.50	4.96	5.60	6.36	7.64	8.50	10.00	12.00	12.45	14.10	15.75	20.00	22.00	33.20	42.00	
07216500	1110	19151110	20141110	92	13.32	14.62	0.30	94.00		1.82	2.52	3.09	3.40	4.42	4.70	5.91	6.62	7.38	9.55	10.00	11.80	12.00	14.00	16.75	19.00	21.15	33.80	40.35	
07216500	1111	19151111	20141111	92	13.29	14.56	0.20	93.00		1.73	2.70	2.90	3.72	4.50	4.98	5.75	6.52	7.38	9.00	10.00	11.80	13.00	14.10	16.75	18.00	22.05	32.10	42.15	
07216500	1112	19151112	20141112	92	13.55	14.57	0.20	89.00		1.86	2.66	3.00	3.62	4.42	4.97	5.90	6.50	7.51	8.95	9.83	11.80	13.45	15.00	17.00	19.40	23.00	33.80	48.40	
07216500	1113	19151113	20141113	92	13.56	14.08	0.20	88.00		1.70	2.60	3.19	3.56	4.30	4.50	6.16	6.50	7.99	9.50	11.00	11.80	14.00	16.10	18.00	19.40	22.05	31.50	41.70	
07216500	1114	19151114	20141114	92	13.17	13.58	0.20	85.00		1.77	2.63	3.28	3.56	4.03	4.39	5.72	6.84	8.10	9.45	10.00	11.00	12.00	15.10	18.75	20.00	24.00	27.70	40.35	
07216500	1115	19151115	20141115	92	12.95	13.07	0.20	81.00		1.70	2.53	3.00	3.58	3.88	4.60	6.05	6.86	7.40	9.25	11.00	11.00	12.45	14.10	17.75	21.00	24.00	26.70	40.35	
07216500	1116	19151116	20141116	92	12.94	13.29	0.20	80.00		1.59	2.50	3.00	3.40	3.83	4.78	5.78	6.84	8.12	9.40	10.15	11.00	12.90	14.00	17.75	20.00	23.00	27.40	43.00	
07216500	1117	19151117	20141117	92	12.77	12.91	0.40	77.00		1.47	2.53	2.70	3.26	3.95	4.79	6.00	7.24	8.09	9.65	10.00	10.80	12.00	14.00	15.75	20.00	23.05	27.70	44.75	
07216500	1118	19151118	20141118	92	12.47	12.62	0.50	77.00		1.47	2.70	2.90	3.46	4.05	4.79	5.75	6.78	8.05	8.90	10.00	11.00	12.00	13.10	15.00	19.40	22.05	27.10	43.10	
07216500	1119	19151119	20141119	92	12.04	11.88	0.40	75.00		1.66	2.63	2.80	3.36	4.60	5.10	5.72	6.32	7.49	8.55	9.66	11.00	12.00	13.10	14.75	19.40	21.00	24.10	38.05	
07216500	1120	19151120	20141120	92	11.61	10.48	0.40	58.00		1.47	2.50	3.10	3.52	4.22	4.96	5.61	7.00	7.29	8.95	9.83	11.00	12.00	13.00	15.75	18.40	20.05	25.10	36.35	
07216500	1121	19151121	20141121	92	11.65	10.65	0.40	59.00		1.53	2.39	3.29	3.36	3.92	5.00	6.00	6.82	8.05	9.00	9.57	10.00	12.00	12.10	14.75	18.40	20.05	23.70	35.05	
07216500	1122	19151122	20141122	92	11.99	11.72	0.70	74.00		1.60	2.22	3.08	3.30	3.83	4.96	5.26	6.76	8.04	9.30	10.00	11.00	12.00	13.00	14.00	17.80	22.00	25.40	35.40	
07216500	1123	19151123	20141123	92	11.43	10.17	0.40	56.00		1.56	2.03	2.90	3.30	3.80	4.59	5.16	6.80	8.03	8.90	9.63	10.00	11.00	13.00	16.00	19.00	21.05	25.70	32.70	
07216500	1124	19151124	20141124	92	11.78	10.25	0.40	50.00		1.59	2.19	3.00	3.44	4.05	4.78	5.31	6.12	7.75	9.00	10.00	10.80	12.00	15.00	16.00	18.80	24.05	26.70	36.35	
07216500	1125	19151125	20141125	92	12.17	11.16	0.20	60.00		1.59	2.16	3.00	3.42	4.00	4.79	5.51	6.60	7.99	8.85	9.71	11.80	12.45	14.00	16.00	19.00	24.05	26.40	37.75	
07216500	1126	19151126	20141126	92	11.68	11.07	0.20	60.00		1.43	2.19	2.90	3.38	3.90	4.59	5.16	6.02	7.37	8.50	9.33	11.00	12.00	14.00	15.75	18.00	22.05	24.70	37.05	
07216500	1127	19151127	20141127	92	11.55	11.40	0.20	66.00		1.36	2.35	3.00	3.56	4.12	4.60	5.38	6.02	7.34	8.00	8.83	11.00	12.00	13.00	15.75	17.00	21.00	23.70	36.70	
07216500	1128	19151128	20141128	92	11.47	10.44	0.20	57.00		1.27	2.49	3.00	3.56	3.95	4.77	5.37	6.06	6.97	8.00	9.66	10.80	13.00	14.00	15.75	17.00	20.10	24.00	36.05	
07216500	1129	19151129	20141129	92	11.49	10.57	0.30	60.00		1.62	2.36	2.90	3.76	4.00	4.89	5.21	5.62	7.25	8.35	9.12	11.00	12.00	14.00	15.00	18.00	21.00	25.70	34.70	
07216500	1130	19151130	20141130	92	11.31	10.10	0.40	54.00		1.69	2.29	2.79	3.46	4.00	4.49	5.00	5.58	6.25	8.20	10.00	11.80	12.00	14.00	15.00	18.80	22.00	23.70	34.35	
07216500	1201	19151201	20141201	92	11.58	10.31	0.30	57.00		1.77	2.22	2.80	3.30	3.88	4.85	5.31	6.34	7.18	8.00	10.00	11.00	12.00	14.10	15.75	19.00	22.00	24.00	34.35	
07216500	1202	19151202	20141202	92	11.43	10.15	0.30	55.00		1.56	2.43	2.80	3.32	3.92	4.68	5.31	6.12	7.18	7.90	8.66	10.80	12.45	14.00	15.75	19.40	22.05	24.70	33.00	
07216500	1203	19151203	20141203	92	11.05	9.61	0.40	55.00		1.62	2.36	2.79	3.26	3.92	4.48	5.16	6.04	7.75	8.00	9.57	11.00	12.00	13.10	15.00	18.00	20.10	23.70	33.00	
07216500	1204	19151204	20141204	92	10.91	9.71	0.40	57.00		1.59	2.50	2.99	3.36	3.73	4.28	4.66	6.00	7.90	8.00	9.00	10.00	12.00	13.00	14.75	18.00	21.00	22.70	32.35	
07216500	1205	19151205	20141205	92	10.77	9.66	0.30	51.00		1.59	2.53	3.00	3.46	3.80	4.00	4.81	5.92	7.00	8.05	8.35	9.80	11.00	13.10	15.00	17.00	20.05	22.00	33.00	
07216500	1206	19151206	20141206	92	10.67	9.44	0.20	51.00		1.72	2.60	3.00	3.26	3.75	4.00	4.60	5.38	6.96	7.35	8.00	9.24	11.45	14.00	15.75	18.00	20.05	22.00	30.35	
07216500	1207	19151207	20141207	92	10.59	9.11	0.20	45.00		1.59	2.50	2.99	3.68	4.00	4.48	4.50	5.46	6.37	8.00	8.20	9.48	11.45	13.10	15.00	17.00	20.05	22.70	30.70	
07216500	1208	19151208	20141208	92	10.62	9.27	0.20	43.00		1.47	2.50	2.90	3.28	4.12	4.20	4.50	5.40	7.04	7.90	8.03	10.00	12.00	13.00	15.00	17.00	19.05	22.00	34.00	
07216500	1209	19151209	20141209	92	10.49	9.27	0.30	44.00		1.66	2.60	3.00	3.40	4.00	4.48	4.71	5.52	5.88	7.05	8.03	9.00	10.90	13.00	14.75	17.00	21.00	22.00	32.00	
07216500	1210	19151210	20141210	92	10.62	9.38	0.40	44.00		1.66	2.46	3.19	3.80	4.03	4.59	5.26	5.84	6.10	7.00	8.52	9.00	12.00	12.00	13.75	17.00	19.00	23.70	31.70	
07216500	1211	19151211	20141211	92	10.54	9.09	0.40	43.00		1.73	2.53	3.10	3.52	4.30	4.59	5.16	6.00	6.29	7.55	8.39	9.16	11.00	12.10	13.75	17.00	20.00	23.40	32.00	
07216500	1212	19151212	20141212	92	10.29	8.86	0.40	44.00		1.93	2.50	3.00	3.50	4.12	4.88	5.05	5.40	6.58	7.85	8.21	9.00	11.00	12.00	13.00	16.40	19.00	22.70	30.70	
07216500	1213	19151213	20141213	92	10.43	8.73	0.40	41.00		2.00	2.50	3.00	3.36	4.03	4.30	5.05	5.82	6.84	8.00	9.06	10.00	11.00	12.10	15.00	16.00	18.05	22.70	33.35	
07216500	1214	19151214	20141214	92	10.53	8.62	0.40	40.00		1.93	2.46	3.00	3.46	3.92	4.30	5.00	5.60	6.99	7.90	8.30	11.00	12.45	13.00	14.75	16.40	18.00	23.10	30.70	
07216500	1215	19151215	20141215	92	10.50	8.63	0.40	38.00		1.90	2.53	3.19	3.50	3.92	4.39	5.17	6.00	6.96	7.85	8.14	10.00	12.00	12.10	14.00	16.40	19.05	24.00	32.05	
07216500	1216	19151216	20141216	92	10.72	8.87	0.40	40.00		1.93	2.53	3.00	3.40	3.92	4.93	6.00	6.60	7.00	8.00	8.91	10.00	11.00	13.00	14.00	17.00	19.05	23.70	32.40	
07216500	1217	19151217	20141217	92	10.84	9.13	0.70	42.00		1.80	2.63	3.00	3.46	4.03	5.18	5.67	6.72	7.44	8.00	8.83	9.96	11.00	12.00	14.75	17.00	21.05	24.70	32.40	
07216500	1218	19151218	20141218	92	11.01	9.32	0.70	46.00		1.80	2.39	3.10	3.50	3.85	4.68	6.00	6.52	7.90	8.00	8.80	10.00	11.00	12.00	14.75	17.00	22.00	24.40	34.05	
07216500	1219	19151219	20141219	92	10.68	8.70	0.70	36.00		1.77	2.42	3.10	3.46	3.90	4.94	5.81	6.12	7.46	8.00	8.23	10.00	11.00	12.10	14.75	16.80	20.10	24.10	33.35	
07216500	1220	19151220	20141220	92	10.60	8.71	0.70	38.00		2.06	2.50	3.19	3.62	4.15	4.96	5.46	6.00	6.84	8.00	8.03	9.96	11.00	12.00	14.00	16.80	20.00	24.40	30.70	
07216500	1221	19151221	20141221	92	10.94	9.01	0.80	37.00		1.67	2.60	3.00	3.56	4.05	4.78	5.61	6.40	7.00	7.60	9.00	9.96	11.00	13.10	15.00	20.00	22.00	24.00	32.00	
07216500	1222	19151222	20141222	92	11.04	9.27	0.70	38.00		1.80	2.43	2.79	3.46	3.85	4.99	5.71	6.32	7.00	8.00	9.06	10.00	11.00	13.00	15.00	17.80	22.05	25.00	33.70	
07216500	1223	19151223	20141223	92	10.73	8.89	0.70	35.00		1.86	2.50	3.00	3.56	4.03	4.39	5.55	5.84	6.69	8.00	9.07	10.00	11.00	12.10	14.00	18.20	21.00	24.70	32.00	
07216500	1224	19151224	20141224	92	11.12	9.20	0.60	36.00		1.93	2.46	3.00	3.80	4.15	4.50	5.20	5.84	6.69	8.00	9.11	10.00	11.00	12.00	14.75	20.40	22.05	28.00	31.00	
07216500	1225	19151225	20141225	92	10.77	8.66	0.60	37.00		2.13	2.53	2.90	3.84	4.42	4.78	5.60	6.42	6.97	8.00	9.02	10.00	11.00	12.00	14.00	19.40	22.05	25.00	29.00	
07216500	1226	19151226	20141226	92	10.64	8.46	0.60	35.00		2.06	2.53	3.00	3.80	4.15	4.60	5.16	6.00	6.99	7.80	9.02	10.00	10.45	12.00	14.75	18.40	22.00	25.00	28.70	
07216500	1227	19151227	20141227	92	10.91	8.60	0.80	35.00		1.96	2.43	3.00	3.56	4.53	5.00	5.46	6.14	7.27	8.00	9.03	10.00	10.45	12.10	15.75	20.00	22.05	25.00	30.00	
07216500	1228	19151228	20141228	92	11.91	11.71	0.80	87.00		1.80	2.30	2.99	3.74	4.72	5.00	5.72	7.12	7.49	8.05	10.00	10.80	11.00	13.00	16.50	20.80	23.00	25.70	31.00	
07216500	1229	19151229	20141229	92	11.61	9.46	0.80	47.00		1.77	2.36	2.99	3.72	4.35	5.00	5.87	6.54	7.99	8.60	10.00	11.00	12.00	13.00	17.75	20.00	23.10	26.70	29.35	
07216500	1230	19151230	20141230	92	11.05	8.60	0.80	35.00		2.00	2.50	2.99	3.72	4.53	4.98	5.20	6.20	7.75	8.00	9.00	10.80	12.00	12.10	16.75	20.00	23.05	25.70	28.35	
07216500	1231	19151231	20141231	92	10.77	8.32	0.80	32.00		2.10	2.50	3.00	3.76	4.35	4.87	5.20	6.12	6.97	8.00	9.21	10.00	11.45	13.00	15.75	20.00	21.00	23.70	28.70	
