site_no	monthday	begin_dt	end_dt	count_nu	mean	std	min	max	p01	p05	p10	p15	p20	p25	p30	p35	p40	p45	p50	p55	p60	p65	p70	p75	p80	p85	p90	p95	p99
07381600	ALL	19951001	20141020	6102	122711.73	65475.23	6320.00	487000.00	30603.00	39815.00	48700.00	56245.00	64500.00	71500.00	78390.00	86100.00	94000.00	103000.00	113000.00	122000.00	131000.00	140000.00	150000.00	163000.00	176000.00	189000.00	209000.00	241850.00	310970.00
07381600	0101	19960101	20140101	16	134425.00	61486.81	45700.00	269000.00			50460.00	66415.00	80040.00	87150.00	99660.00	110370.00	117400.00	119650.00	120500.00	123450.00	130600.00	142800.00	173400.00	195750.00	202000.00	202450.00	222800.00		
07381600	0102	19960102	20140102	16	135056.25	58393.32	46500.00	257000.00			50210.00	64615.00	84860.00	100375.00	103900.00	111550.00	116000.00	119600.00	123500.00	129150.00	135800.00	141000.00	175000.00	193250.00	198600.00	200350.00	218500.00		
07381600	0103	19960103	20140103	16	131643.75	60507.30	31100.00	252000.00			45240.00	56855.00	75600.00	97075.00	98940.00	110330.00	115000.00	121200.00	125500.00	127350.00	129400.00	137150.00	173700.00	190750.00	197400.00	200800.00	217700.00		
07381600	0104	19960104	20140104	16	132975.00	55994.14	45800.00	252000.00			58400.00	67100.00	81560.00	101400.00	108200.00	109900.00	114800.00	117300.00	119500.00	123800.00	130400.00	137750.00	167500.00	185250.00	191200.00	198300.00	219800.00		
07381600	0105	19960105	20140105	16	133250.00	54774.39	36500.00	239000.00			55050.00	64375.00	79700.00	103750.00	112400.00	115800.00	116800.00	118950.00	126500.00	134750.00	138200.00	140600.00	167800.00	181500.00	187400.00	197100.00	216600.00		
07381600	0106	19960106	20140106	16	134912.50	55321.16	33400.00	236000.00			49290.00	60500.00	82460.00	111000.00	114300.00	116850.00	120200.00	123600.00	128000.00	137300.00	149400.00	152000.00	169000.00	180000.00	184800.00	197250.00	218500.00		
07381600	0107	19960107	20140107	16	132043.75	55858.17	35400.00	224000.00			39460.00	52310.00	75920.00	100775.00	110000.00	110000.00	115600.00	128700.00	136500.00	142200.00	150800.00	154750.00	167500.00	174250.00	176600.00	195000.00	219100.00		
07381600	0108	19960108	20140108	16	132831.25	55284.33	30600.00	226000.00			42640.00	56105.00	78540.00	103250.00	107300.00	109850.00	110000.00	128200.00	142000.00	150550.00	159200.00	160500.00	169000.00	171500.00	175600.00	190600.00	212000.00		
07381600	0109	19960109	20140109	16	130725.00	52694.75	36100.00	218000.00			46880.00	52325.00	72600.00	102250.00	103300.00	105850.00	115600.00	132300.00	141000.00	146200.00	156000.00	164100.00	165800.00	168250.00	175600.00	184050.00	197700.00		
07381600	0110	19960110	20140110	16	131487.50	50148.59	42300.00	216000.00			47200.00	59145.00	81520.00	103250.00	104100.00	104950.00	117000.00	133000.00	140500.00	145900.00	156600.00	163150.00	165700.00	167500.00	175800.00	181900.00	192900.00		
07381600	0111	19960111	20140111	16	135131.25	46509.31	46900.00	212000.00			58450.00	68570.00	86880.00	108000.00	108900.00	116550.00	126600.00	138100.00	143000.00	145800.00	154200.00	167150.00	169700.00	173000.00	175800.00	178350.00	189600.00		
07381600	0112	19960112	20140112	16	133918.75	45345.07	53800.00	207000.00			54150.00	65905.00	84520.00	100650.00	109200.00	119400.00	130400.00	140800.00	147000.00	149700.00	154000.00	166000.00	166000.00	166000.00	167800.00	174400.00	188800.00		
07381600	0113	19960113	20140113	16	135525.00	40702.77	70900.00	201000.00			71810.00	73355.00	85380.00	103000.00	107500.00	120250.00	129800.00	139150.00	149500.00	156350.00	157200.00	158100.00	159800.00	162250.00	163000.00	174700.00	192600.00		
07381600	0114	19960114	20140114	16	135025.00	40748.65	68600.00	200000.00			72520.00	74750.00	83280.00	97300.00	105000.00	122000.00	140600.00	145650.00	147000.00	149750.00	153800.00	157100.00	158800.00	159750.00	161200.00	175050.00	193700.00		
07381600	0115	19960115	20140115	16	133668.75	41588.76	63400.00	203000.00			65780.00	73950.00	84560.00	95025.00	107400.00	127800.00	137800.00	140000.00	142500.00	145700.00	147600.00	150200.00	153600.00	163750.00	171800.00	178150.00	188300.00		
07381600	0116	19960116	20140116	16	133456.25	41581.08	61700.00	204000.00			72130.00	80560.00	86360.00	92900.00	103500.00	124750.00	130000.00	134900.00	140000.00	143700.00	145600.00	148150.00	150700.00	166000.00	175200.00	182500.00	192800.00		
07381600	0117	19960117	20140117	16	133518.75	41343.62	69200.00	206000.00			78860.00	84155.00	85380.00	88900.00	100980.00	124610.00	126000.00	132500.00	139000.00	143050.00	145600.00	148000.00	148000.00	158500.00	169800.00	186700.00	202500.00		
07381600	0118	19960118	20140118	16	134056.25	41170.51	70000.00	209000.00			77840.00	82795.00	86300.00	95450.00	113800.00	120600.00	129800.00	133950.00	136000.00	138750.00	142200.00	143100.00	144800.00	162250.00	168600.00	185650.00	206900.00		
07381600	0119	19960119	20140119	16	136737.50	43177.69	70200.00	220000.00			79580.00	84370.00	92600.00	107000.00	116200.00	117900.00	127600.00	130650.00	132000.00	136500.00	143400.00	145100.00	146800.00	159750.00	176000.00	197500.00	215800.00		
07381600	0120	19960120	20140120	16	134950.00	44762.62	73700.00	220000.00			79300.00	82305.00	90880.00	103000.00	103800.00	110600.00	123000.00	127300.00	128500.00	134600.00	145000.00	145100.00	146800.00	153000.00	177200.00	203250.00	217900.00		
07381600	0121	19960121	20140121	17	131200.00	49079.12	58900.00	230000.00			71380.00	77160.00	83940.00	95350.00	103400.00	104900.00	110000.00	122400.00	126000.00	133200.00	138000.00	145300.00	148000.00	150000.00	170400.00	204600.00	222000.00		
07381600	0122	19960122	20140122	17	131435.29	54233.22	49600.00	237000.00			64880.00	73040.00	78080.00	91600.00	103400.00	107000.00	115200.00	120300.00	123000.00	124800.00	137000.00	145600.00	148600.00	152500.00	180000.00	219000.00	228200.00		
07381600	0123	19960123	20140123	17	135058.82	57079.22	62000.00	253000.00			64480.00	73290.00	88980.00	99550.00	102800.00	108500.00	119200.00	120300.00	123000.00	129300.00	134000.00	137800.00	143800.00	150500.00	182800.00	231100.00	245000.00		
07381600	0124	19960124	20140124	17	137594.12	60571.01	59100.00	262000.00			66780.00	76400.00	86240.00	96800.00	103400.00	108200.00	119600.00	126200.00	128000.00	131600.00	134400.00	135700.00	143200.00	154000.00	188800.00	239500.00	258000.00		
07381600	0125	19960125	20140125	17	134576.47	63597.92	38200.00	260000.00			61960.00	73850.00	83900.00	91650.00	98640.00	106200.00	111400.00	121100.00	122000.00	122900.00	135000.00	139400.00	144800.00	156000.00	192400.00	241600.00	257600.00		
07381600	0126	19960126	20140126	17	136188.24	67343.38	35800.00	271000.00			60280.00	67170.00	79500.00	89250.00	96600.00	108300.00	116600.00	119600.00	125000.00	128600.00	132200.00	137900.00	150200.00	162500.00	198000.00	248400.00	263000.00		
07381600	0127	19960127	20140127	17	138964.71	69223.24	38400.00	287000.00			59120.00	74730.00	81180.00	90750.00	102200.00	111500.00	122000.00	122200.00	124000.00	127600.00	128800.00	136000.00	153400.00	165000.00	199000.00	252100.00	268600.00		
07381600	0128	19970128	20140128	16	139350.00	70453.71	54800.00	293000.00			59840.00	70250.00	78840.00	85000.00	96380.00	106410.00	115800.00	121250.00	124500.00	126700.00	130400.00	140550.00	149900.00	164500.00	215200.00	251400.00	268500.00		
07381600	0129	19970129	20140129	16	138618.75	71068.94	49100.00	295000.00			54210.00	68005.00	79660.00	89425.00	109400.00	112800.00	113000.00	114300.00	119000.00	125100.00	131200.00	140350.00	146300.00	159000.00	215800.00	252350.00	266300.00		
07381600	0130	19970130	20140130	16	138493.75	70459.86	46900.00	286000.00			54110.00	67210.00	78600.00	89300.00	107200.00	108900.00	112200.00	114950.00	120000.00	125050.00	130400.00	144450.00	152100.00	164250.00	218400.00	252900.00	263600.00		
07381600	0131	19970131	20140131	16	137543.75	71702.11	40900.00	287000.00			48110.00	64400.00	78440.00	85325.00	92030.00	97385.00	107540.00	123000.00	130000.00	130700.00	134600.00	145500.00	154000.00	169250.00	218400.00	248900.00	261100.00		
07381600	0201	19970201	20140201	16	138743.75	71031.89	43000.00	297000.00			49860.00	62755.00	75540.00	83800.00	89430.00	104135.00	106600.00	123900.00	135000.00	138400.00	143800.00	155250.00	159500.00	169000.00	211600.00	238000.00	255700.00		
07381600	0202	19970202	20140202	16	140162.50	69320.26	42000.00	291000.00			60970.00	71355.00	76880.00	84500.00	91660.00	98970.00	99640.00	124595.00	138500.00	141100.00	147600.00	158500.00	167000.00	171000.00	211000.00	237450.00	253900.00		
07381600	0203	19970203	20140203	16	141081.25	73565.81	38000.00	298000.00			50810.00	62460.00	72260.00	80125.00	83550.00	94175.00	102160.00	126750.00	143000.00	149450.00	156600.00	167350.00	173300.00	177000.00	211600.00	238500.00	260200.00		
07381600	0204	19970204	20140204	16	140412.50	72228.32	48300.00	299000.00			54600.00	62470.00	72620.00	81725.00	83020.00	88290.00	90360.00	117580.00	142500.00	154750.00	160200.00	169250.00	173500.00	186750.00	209000.00	226850.00	253500.00		
07381600	0205	19980205	20140205	15	142993.33	72719.92	49700.00	301000.00			52940.00	57980.00	65700.00	79300.00	86100.00	93740.00	106620.00	126400.00	152000.00	161600.00	165200.00	171600.00	183600.00	198000.00	202000.00	218600.00	257800.00		
07381600	0206	19980206	20140206	15	144173.33	73537.08	37700.00	304000.00			47960.00	56280.00	62580.00	78900.00	89940.00	103080.00	121200.00	140600.00	151000.00	156600.00	165200.00	175200.00	184600.00	191000.00	209400.00	218200.00	254200.00		
07381600	0207	19970207	20140207	16	145356.25	69759.36	37200.00	304000.00			59460.00	69440.00	74960.00	83200.00	85960.00	96670.00	130660.00	144200.00	151000.00	155350.00	159000.00	172050.00	189900.00	197250.00	202000.00	210300.00	243800.00		
07381600	0208	19970208	20140208	16	144218.75	72874.12	36800.00	302000.00			48280.00	54410.00	65880.00	83000.00	87710.00	92045.00	128860.00	141250.00	147500.00	157950.00	170000.00	174850.00	189300.00	200000.00	206600.00	213950.00	244600.00		
07381600	0209	19970209	20140209	16	143368.75	71545.42	39500.00	295000.00			46710.00	56620.00	69920.00	83725.00	90910.00	95245.00	127900.00	139250.00	143000.00	149200.00	160200.00	173350.00	179300.00	199500.00	207800.00	219800.00	251600.00		
07381600	0210	19970210	20140210	16	141681.25	69780.33	30900.00	286000.00			58830.00	71295.00	75860.00	83600.00	88520.00	92090.00	120860.00	133200.00	136500.00	137350.00	145000.00	173050.00	173900.00	198750.00	210000.00	224600.00	253800.00		
07381600	0211	19970211	20140211	16	142518.75	67800.20	36100.00	271000.00			51220.00	63145.00	75960.00	89275.00	91820.00	93690.00	125160.00	135600.00	142500.00	150100.00	156000.00	164950.00	181100.00	198000.00	207800.00	224500.00	250000.00		
07381600	0212	19980212	20140212	15	141813.33	65035.38	36900.00	258000.00			56640.00	70920.00	76520.00	92200.00	95000.00	101280.00	116600.00	136000.00	144000.00	148000.00	152000.00	162400.00	176800.00	184000.00	205600.00	232000.00	250800.00		
07381600	0213	19980213	20140213	15	141020.00	63846.49	23600.00	243000.00			47840.00	68600.00	79240.00	94200.00	101240.00	107800.00	118200.00	132800.00	148000.00	150400.00	156400.00	167200.00	180400.00	190000.00	204400.00	225400.00	239400.00		
07381600	0214	19970214	20140214	16	137262.50	66029.55	39400.00	246000.00			42130.00	55235.00	68640.00	80425.00	100060.00	105670.00	106000.00	119000.00	137500.00	149000.00	151800.00	164150.00	183700.00	189000.00	205600.00	225900.00	240400.00		
07381600	0215	19980215	20140215	15	143373.33	60988.97	30500.00	250000.00			55700.00	73740.00	81880.00	107000.00	108600.00	115000.00	119400.00	123000.00	135000.00	157400.00	166000.00	174800.00	186200.00	191000.00	203000.00	213800.00	231400.00		
07381600	0216	19980216	20140216	15	143813.33	58335.00	35500.00	254000.00			61900.00	82980.00	92560.00	110000.00	112400.00	114200.00	117000.00	120800.00	124000.00	153600.00	164000.00	175200.00	190400.00	196000.00	196000.00	204400.00	227600.00		
07381600	0217	19980217	20140217	15	144666.67	57992.16	34200.00	250000.00			60540.00	82340.00	91960.00	105000.00	112200.00	117600.00	120000.00	123400.00	137000.00	159400.00	166200.00	175400.00	189600.00	196000.00	196800.00	204800.00	226000.00		
07381600	0218	19980218	20140218	15	144560.00	56064.78	30300.00	249000.00			59640.00	83880.00	95120.00	112000.00	113600.00	118200.00	121400.00	128800.00	156000.00	156800.00	167200.00	178000.00	184400.00	186000.00	192400.00	197000.00	219000.00		
07381600	0219	19980219	20140219	15	145066.67	52329.32	45200.00	244000.00			65960.00	87080.00	98800.00	102000.00	110000.00	118000.00	123600.00	133800.00	165000.00	167400.00	171000.00	175400.00	179600.00	182000.00	188400.00	190000.00	211600.00		
07381600	0220	19970220	20140220	16	147368.75	56966.49	34300.00	243000.00			58030.00	84260.00	98440.00	102000.00	109200.00	119400.00	120800.00	148300.00	165000.00	170850.00	178200.00	179000.00	179000.00	185000.00	188200.00	204750.00	229700.00		
07381600	0221	19970221	20140221	16	146306.25	56861.35	30900.00	233000.00			56870.00	81640.00	94560.00	98400.00	104300.00	123850.00	129000.00	143000.00	160500.00	173800.00	179800.00	183000.00	183000.00	184500.00	186200.00	203650.00	226700.00		
07381600	0222	19970222	20140222	16	149906.25	55388.24	35500.00	235000.00			59160.00	83105.00	95960.00	103975.00	121300.00	123850.00	136800.00	154950.00	170000.00	178050.00	180400.00	182050.00	182900.00	183750.00	188200.00	204500.00	225200.00		
07381600	0223	19960223	20140223	17	147464.71	50537.00	40200.00	222000.00			56280.00	82070.00	97160.00	111500.00	128400.00	139200.00	143400.00	149900.00	158000.00	161600.00	169200.00	178700.00	183800.00	186500.00	191200.00	196900.00	203600.00		
07381600	0224	19960224	20140224	17	146194.12	53171.24	47300.00	215000.00			49620.00	71480.00	83960.00	101100.00	126800.00	143600.00	146000.00	150500.00	155000.00	156800.00	165800.00	179900.00	188000.00	190000.00	192800.00	200900.00	211000.00		
07381600	0225	19960225	20140225	18	148766.67	46643.54	53800.00	216000.00			71260.00	93260.00	100960.00	107250.00	130000.00	143550.00	146600.00	149750.00	152000.00	152450.00	158200.00	173350.00	187300.00	189000.00	192200.00	195850.00	212400.00		
07381600	0226	19960226	20140226	18	148888.89	44894.14	67200.00	207000.00			69360.00	92210.00	98440.00	108750.00	129500.00	142850.00	146600.00	148650.00	151000.00	154250.00	160600.00	172300.00	185800.00	191750.00	197600.00	200450.00	203400.00		
07381600	0227	19960227	20140227	18	150111.11	46480.85	55700.00	218000.00			87380.00	96340.00	97940.00	103275.00	129500.00	140000.00	141800.00	143550.00	149000.00	157150.00	164200.00	174600.00	188000.00	195000.00	196800.00	204450.00	208100.00		
07381600	0228	19960228	20140228	18	149283.33	46442.57	74500.00	210000.00			77650.00	87775.00	96460.00	99475.00	118870.00	131550.00	141800.00	148100.00	149000.00	156650.00	172400.00	183050.00	185600.00	190500.00	201200.00	202900.00	208200.00		
07381600	0229	19960229	20120229	5	149460.00	47298.60	85300.00	215000.00					95240.00	110150.00	125060.00	136000.00	139000.00	142000.00	145000.00	151600.00	158200.00	164800.00	176600.00	191000.00	205400.00				
07381600	0301	19960301	20140301	18	150161.11	44388.95	82500.00	217000.00			95100.00	97690.00	101180.00	102750.00	112100.00	127050.00	137200.00	140550.00	146000.00	154600.00	163800.00	176950.00	189200.00	192750.00	197200.00	206900.00	212500.00		
07381600	0302	19960302	20140302	18	150505.56	43789.74	89100.00	215000.00			96210.00	101250.00	102000.00	108000.00	117700.00	122300.00	132600.00	139550.00	140500.00	145500.00	162600.00	182100.00	187800.00	194250.00	202200.00	207900.00	213200.00		
07381600	0303	19960303	20140303	18	153922.22	44232.59	89300.00	225000.00			96500.00	103845.00	113800.00	117500.00	127800.00	133300.00	134600.00	135000.00	137000.00	141250.00	161200.00	187000.00	190000.00	197750.00	201200.00	208700.00	224100.00		
07381600	0304	19960304	20140304	18	153200.00	44453.97	98600.00	229000.00			99860.00	105950.00	115800.00	120250.00	123100.00	125300.00	128400.00	130550.00	131500.00	135150.00	156200.00	183050.00	191000.00	205000.00	205000.00	207250.00	220900.00		
07381600	0305	19960305	20140305	18	153544.44	45610.57	95800.00	230000.00			99580.00	111050.00	115400.00	117500.00	118700.00	123550.00	126600.00	128100.00	132500.00	139600.00	158400.00	182450.00	191500.00	202250.00	204400.00	212700.00	228200.00		
07381600	0306	19960306	20140306	18	158494.44	46088.41	98900.00	242000.00			107090.00	108000.00	111200.00	120250.00	125800.00	129600.00	131600.00	136400.00	148000.00	156450.00	165400.00	181500.00	188300.00	193250.00	209800.00	226050.00	233000.00		
07381600	0307	19960307	20140307	18	156372.22	47335.35	87000.00	255000.00			97530.00	108305.00	112400.00	119750.00	123400.00	125950.00	134800.00	141100.00	147000.00	153350.00	162600.00	175050.00	180600.00	195000.00	213800.00	217300.00	222600.00		
07381600	0308	19960308	20140308	18	157061.11	55977.85	73300.00	261000.00			88240.00	96700.00	111580.00	118000.00	121800.00	127550.00	131200.00	135850.00	141000.00	147950.00	160000.00	173550.00	184100.00	197000.00	225400.00	243450.00	247500.00		
07381600	0309	19960309	20140309	18	157894.44	57071.89	51100.00	264000.00			103210.00	109000.00	113000.00	117000.00	120100.00	128800.00	135400.00	139200.00	144500.00	150250.00	155800.00	166300.00	180700.00	198250.00	232400.00	236850.00	254100.00		
07381600	0310	19960310	20140310	19	159142.11	52320.01	81700.00	270000.00		81700.00	102000.00	107000.00	109000.00	120000.00	125000.00	135000.00	138000.00	140000.00	141000.00	154000.00	167000.00	169000.00	178000.00	191000.00	214000.00	234000.00	248000.00	270000.00	
07381600	0311	19960311	20140311	18	154944.44	50088.56	74800.00	272000.00			94150.00	99360.00	115980.00	120750.00	124500.00	132500.00	140200.00	143550.00	145000.00	149600.00	159200.00	168750.00	176500.00	187500.00	191000.00	205450.00	245000.00		
07381600	0312	19960312	20140312	18	155205.56	51849.86	78700.00	277000.00			99670.00	110500.00	112800.00	119750.00	123400.00	124650.00	128000.00	134400.00	141000.00	146250.00	157800.00	174500.00	181900.00	184000.00	189000.00	215150.00	252700.00		
07381600	0313	19960313	20140313	18	157305.56	51301.05	84500.00	281000.00			103850.00	114500.00	116800.00	121500.00	123700.00	129200.00	136200.00	140650.00	142500.00	143900.00	151000.00	167000.00	181800.00	186000.00	192200.00	221950.00	253100.00		
07381600	0314	19960314	20140314	18	159811.11	51755.11	87700.00	277000.00			96880.00	109885.00	116000.00	119250.00	127700.00	132300.00	133600.00	141150.00	148500.00	150450.00	163400.00	184100.00	188900.00	191000.00	196600.00	223350.00	250900.00		
07381600	0315	19960315	20140315	18	161127.78	53935.36	67300.00	278000.00			98530.00	112200.00	116400.00	123750.00	133000.00	136650.00	137000.00	141400.00	149000.00	153450.00	162000.00	180650.00	193900.00	196250.00	201200.00	223700.00	258200.00		
07381600	0316	19960316	20140316	17	163705.88	52734.91	71000.00	273000.00			102200.00	111400.00	113800.00	122000.00	130600.00	135400.00	142000.00	147300.00	159000.00	161700.00	176400.00	187700.00	195800.00	200500.00	206800.00	223600.00	251400.00		
07381600	0317	19960317	20140317	17	164335.29	50660.01	85700.00	269000.00			100340.00	108200.00	111200.00	122500.00	134200.00	138100.00	143200.00	146200.00	166000.00	166000.00	172400.00	188700.00	196200.00	199500.00	208800.00	224700.00	244200.00		
07381600	0318	19960318	20140318	18	161788.89	49695.36	81300.00	261000.00			95340.00	111435.00	117200.00	126250.00	131100.00	133300.00	137000.00	145600.00	156000.00	165050.00	170000.00	177000.00	191500.00	197750.00	210400.00	229200.00	238500.00		
07381600	0319	19960319	20140319	18	160883.33	51865.10	74300.00	249000.00			84470.00	108040.00	117600.00	124250.00	126000.00	129250.00	134600.00	143600.00	151500.00	163000.00	175200.00	184000.00	201800.00	213750.00	217200.00	223800.00	235500.00		
07381600	0320	19960320	20140320	17	166505.88	52522.38	74600.00	247000.00			105320.00	120000.00	124800.00	126500.00	127800.00	131100.00	137400.00	143100.00	144000.00	164700.00	171800.00	202400.00	216800.00	221500.00	228200.00	234200.00	239000.00		
07381600	0321	19960321	20140321	17	169294.12	45859.52	119000.00	238000.00			122200.00	125800.00	127600.00	128500.00	129800.00	131600.00	134800.00	143100.00	153000.00	154800.00	176600.00	205800.00	217800.00	221000.00	223400.00	227600.00	236400.00		
07381600	0322	19960322	20140322	17	169823.53	44239.74	120000.00	245000.00			125600.00	128400.00	129600.00	130500.00	132600.00	135600.00	137800.00	141400.00	145000.00	165700.00	181600.00	199700.00	209600.00	214500.00	218200.00	225700.00	240200.00		
07381600	0323	19960323	20140323	17	170470.59	44524.04	121000.00	252000.00			124200.00	125700.00	126600.00	127500.00	130400.00	137900.00	147400.00	149200.00	151000.00	169900.00	179200.00	190800.00	203400.00	212000.00	218600.00	229400.00	244000.00		
07381600	0324	19960324	20140324	17	173235.29	44797.50	121000.00	254000.00			121000.00	125900.00	130400.00	133500.00	135800.00	140300.00	149600.00	156100.00	157000.00	172300.00	183600.00	188800.00	200800.00	217500.00	227400.00	232500.00	245200.00		
07381600	0325	19960325	20140325	17	175705.88	42446.68	123000.00	252000.00			131000.00	135100.00	137200.00	140000.00	144000.00	148500.00	152200.00	153300.00	156000.00	174900.00	177800.00	185700.00	197400.00	215500.00	230800.00	238000.00	246400.00		
07381600	0326	19960326	20140326	17	176529.41	44500.17	112000.00	258000.00			123200.00	130200.00	136800.00	144500.00	150200.00	152300.00	153400.00	155600.00	161000.00	177200.00	183000.00	187500.00	193800.00	210000.00	229400.00	242900.00	253200.00		
07381600	0327	19960327	20140327	17	177294.12	45912.64	106000.00	262000.00			122800.00	129800.00	141200.00	148000.00	148400.00	151100.00	156400.00	159400.00	172000.00	174700.00	177400.00	180800.00	190400.00	214000.00	232800.00	241800.00	260400.00		
07381600	0328	19960328	20140328	17	180352.94	48565.60	109000.00	273000.00			122600.00	129500.00	138800.00	148500.00	154200.00	156300.00	157600.00	161000.00	170000.00	173600.00	178800.00	182800.00	196600.00	220500.00	238000.00	248800.00	268200.00		
07381600	0329	19960329	20140329	17	184000.00	49932.45	115000.00	281000.00			125400.00	128000.00	132200.00	144000.00	156600.00	162000.00	163800.00	171500.00	176000.00	176000.00	183200.00	189200.00	207200.00	226500.00	236200.00	248800.00	275400.00		
07381600	0330	19960330	20140330	17	182705.88	50900.35	119000.00	286000.00			120600.00	124500.00	135600.00	149000.00	157600.00	160300.00	161000.00	161100.00	162000.00	171000.00	180800.00	189300.00	206400.00	227000.00	238800.00	249300.00	274000.00		
07381600	0331	19960331	20140331	17	182529.41	48529.78	116000.00	279000.00			121600.00	127900.00	139600.00	152000.00	158000.00	158900.00	161600.00	164100.00	165000.00	166800.00	184600.00	196000.00	206800.00	220000.00	233600.00	249200.00	268600.00		
07381600	0401	19960401	20140401	17	183470.59	49357.27	121000.00	285000.00			123400.00	131000.00	140600.00	150000.00	155400.00	156000.00	157800.00	165100.00	166000.00	167800.00	184000.00	201300.00	212400.00	217000.00	228800.00	252500.00	273000.00		
07381600	0402	19960402	20140402	17	180941.18	52966.35	116000.00	289000.00			120800.00	124800.00	133200.00	142000.00	146400.00	148800.00	153600.00	156800.00	164000.00	171200.00	181600.00	199400.00	210200.00	217000.00	232600.00	256900.00	276200.00		
07381600	0403	19960403	20140403	17	180705.88	53300.76	108000.00	288000.00			113600.00	123400.00	134800.00	141500.00	144200.00	146600.00	151000.00	163700.00	170000.00	181700.00	184600.00	199700.00	207800.00	217500.00	233200.00	252100.00	274400.00		
07381600	0404	19960404	20140404	17	181882.35	55818.77	114000.00	303000.00			114800.00	127600.00	138400.00	142000.00	142000.00	142600.00	147800.00	163100.00	164000.00	181100.00	186200.00	197500.00	202600.00	217500.00	236000.00	253700.00	285400.00		
07381600	0405	19960405	20140405	17	184000.00	56665.69	115000.00	298000.00			117400.00	130600.00	136600.00	141000.00	145400.00	146900.00	152000.00	164500.00	169000.00	179800.00	188200.00	193500.00	196800.00	220000.00	247600.00	265900.00	290800.00		
07381600	0406	19960406	20140406	17	181294.12	59381.99	104000.00	298000.00			111200.00	124200.00	130800.00	134000.00	136400.00	141500.00	153800.00	162400.00	175000.00	182200.00	187800.00	190400.00	192800.00	219000.00	246400.00	263200.00	294800.00		
07381600	0407	19960407	20140407	16	173625.00	51926.71	115000.00	298000.00			115000.00	122150.00	130800.00	136000.00	139500.00	143750.00	146400.00	154150.00	160500.00	167550.00	177600.00	184250.00	188500.00	192750.00	225200.00	246450.00	262300.00		
07381600	0408	19960408	20140408	16	174687.50	50082.22	122000.00	304000.00			129700.00	134100.00	135400.00	136000.00	136900.00	144550.00	153000.00	155650.00	158000.00	163850.00	171800.00	175450.00	183100.00	194500.00	219600.00	241650.00	266900.00		
07381600	0409	19960409	20140409	16	174250.00	53717.16	113000.00	312000.00			124200.00	130650.00	133600.00	137000.00	140600.00	145700.00	148400.00	155500.00	160000.00	163450.00	168200.00	169500.00	178000.00	194750.00	216800.00	245550.00	280500.00		
07381600	0410	19960410	20140410	16	172562.50	55406.34	108000.00	304000.00			118500.00	124650.00	128800.00	134000.00	137400.00	140800.00	144200.00	156700.00	164500.00	166350.00	167600.00	170200.00	173600.00	192750.00	213400.00	249550.00	288600.00		
07381600	0411	19960411	20140411	16	173625.00	58814.82	101000.00	318000.00			114300.00	125500.00	130400.00	131000.00	131800.00	138600.00	147800.00	157800.00	165500.00	169700.00	171000.00	171300.00	176400.00	196500.00	213200.00	249250.00	294900.00		
07381600	0412	19960412	20140412	16	175312.50	59536.79	101000.00	325000.00			122700.00	132550.00	133400.00	135250.00	139700.00	145650.00	151600.00	156900.00	159500.00	160350.00	163000.00	171150.00	173700.00	198000.00	213800.00	251850.00	301900.00		
07381600	0413	19960413	20140413	16	175125.00	58571.75	98000.00	323000.00			123200.00	135100.00	136400.00	138500.00	143400.00	146800.00	150200.00	151000.00	156000.00	164150.00	170400.00	172050.00	172900.00	194750.00	208000.00	248000.00	301300.00		
07381600	0414	19960414	20140414	16	175550.00	57525.76	99800.00	324000.00			125840.00	137550.00	139200.00	141250.00	142500.00	146750.00	149400.00	153900.00	158000.00	162100.00	167400.00	173500.00	182000.00	195000.00	201400.00	242150.00	300200.00		
07381600	0415	19960415	20140415	16	177387.50	58873.90	88200.00	328000.00			120960.00	138300.00	142200.00	145750.00	151100.00	151950.00	155200.00	156650.00	162500.00	168000.00	169600.00	176400.00	183200.00	190750.00	198400.00	243850.00	304900.00		
07381600	0416	19960416	20140416	16	175206.25	60073.07	87300.00	330000.00			110890.00	134200.00	145400.00	146750.00	149400.00	152800.00	155400.00	156000.00	159000.00	164800.00	170400.00	172250.00	176500.00	183000.00	191600.00	241900.00	307600.00		
07381600	0417	19960417	20140417	16	175100.00	59909.71	97600.00	338000.00			116080.00	133350.00	143400.00	148250.00	152100.00	152950.00	157800.00	159650.00	162000.00	164350.00	165400.00	167400.00	174200.00	178750.00	181200.00	233750.00	309300.00		
07381600	0418	19960418	20140418	16	173056.25	58960.87	98900.00	332000.00			115770.00	131800.00	140600.00	143500.00	145300.00	147850.00	152800.00	155950.00	158500.00	161750.00	166200.00	171350.00	177300.00	179500.00	181200.00	231950.00	304700.00		
07381600	0419	19960419	20140419	16	171750.00	61003.28	102000.00	339000.00			107600.00	121550.00	133800.00	139000.00	142300.00	144850.00	148200.00	156150.00	160000.00	162100.00	166400.00	168650.00	179700.00	182500.00	184800.00	231900.00	303300.00		
07381600	0420	19960420	20140420	16	172437.50	61959.09	108000.00	345000.00			117100.00	122650.00	126400.00	130750.00	133700.00	139650.00	144000.00	151500.00	158500.00	162350.00	165200.00	174450.00	182100.00	192750.00	198400.00	236000.00	299500.00		
07381600	0421	19960421	20140421	16	170125.00	59953.18	111000.00	341000.00			114500.00	119850.00	123400.00	126500.00	134700.00	140650.00	145800.00	148950.00	152500.00	158500.00	167000.00	175300.00	180400.00	191500.00	197400.00	228700.00	287800.00		
07381600	0422	19960422	20140422	16	169000.00	58684.47	118000.00	338000.00			119400.00	120550.00	121800.00	124250.00	129100.00	138450.00	144600.00	146000.00	152500.00	161800.00	167600.00	170200.00	173600.00	191250.00	197600.00	225900.00	283400.00		
07381600	0423	19960423	20140423	16	170562.50	57046.14	118000.00	342000.00			119400.00	123300.00	126800.00	128500.00	132200.00	150900.00	153600.00	154650.00	155500.00	158100.00	163400.00	169450.00	177100.00	190000.00	194600.00	219750.00	277600.00		
07381600	0424	19960424	20140424	15	168933.33	60858.70	105000.00	348000.00			110400.00	117200.00	122400.00	124000.00	131200.00	137800.00	147000.00	156200.00	157000.00	164200.00	168400.00	172800.00	179000.00	187000.00	192600.00	221600.00	283200.00		
07381600	0425	19960425	20140425	16	167750.00	59120.78	102000.00	350000.00			109000.00	118600.00	126000.00	129250.00	131000.00	139500.00	148800.00	152300.00	155500.00	160450.00	168000.00	180200.00	183600.00	184000.00	185800.00	208600.00	269500.00		
07381600	0426	19960426	20140426	16	166300.00	57273.61	94800.00	346000.00			106140.00	119250.00	128800.00	134750.00	140500.00	144750.00	149000.00	151300.00	153500.00	157100.00	163800.00	175250.00	179500.00	180750.00	184600.00	203650.00	260600.00		
07381600	0427	19960427	20140427	16	163793.75	56455.18	94700.00	347000.00			107510.00	120150.00	126400.00	130000.00	139400.00	142800.00	150200.00	153950.00	155000.00	156400.00	159600.00	162700.00	174600.00	178250.00	183200.00	195450.00	249000.00		
07381600	0428	19960428	20140428	17	167547.06	56581.69	90300.00	336000.00			102060.00	117600.00	124200.00	132500.00	141600.00	144600.00	146400.00	149200.00	160000.00	163600.00	164800.00	174100.00	180400.00	194000.00	208800.00	216000.00	245600.00		
07381600	0429	19960429	20140429	16	165231.25	60859.62	68800.00	335000.00			84270.00	108555.00	125800.00	131250.00	135600.00	140700.00	145800.00	148950.00	155000.00	163150.00	171200.00	180100.00	181800.00	199250.00	207400.00	213050.00	253100.00		
07381600	0430	19960430	20140430	17	168835.29	55006.92	88200.00	333000.00			113640.00	122800.00	124000.00	130500.00	139400.00	144500.00	150000.00	158500.00	163000.00	166600.00	168600.00	176700.00	180600.00	191000.00	202200.00	211800.00	250600.00		
07381600	0501	19960501	20140501	17	166076.47	55060.64	89300.00	331000.00			105860.00	119100.00	125400.00	131000.00	137400.00	141300.00	144200.00	153500.00	158000.00	159800.00	162400.00	175600.00	182200.00	189000.00	200600.00	213200.00	244600.00		
07381600	0502	19960502	20140502	16	166156.25	57688.16	73500.00	325000.00			105350.00	120650.00	122400.00	125250.00	132900.00	140550.00	145800.00	147000.00	153000.00	161800.00	169400.00	179400.00	186200.00	193750.00	206800.00	219850.00	256400.00		
07381600	0503	19960503	20140503	16	167868.75	58890.48	79900.00	330000.00			104470.00	121050.00	126000.00	128250.00	135500.00	139750.00	140800.00	148800.00	156000.00	161800.00	167000.00	168250.00	189500.00	197250.00	214000.00	227600.00	261400.00		
07381600	0504	19960504	20140504	17	167152.94	57419.49	72600.00	322000.00			101720.00	113900.00	123200.00	133000.00	139200.00	141900.00	146000.00	154300.00	157000.00	158800.00	166200.00	177800.00	185600.00	195500.00	211800.00	228000.00	252400.00		
07381600	0505	19960505	20140505	17	167347.06	57130.12	71600.00	308000.00			91360.00	110090.00	122000.00	132500.00	139400.00	141500.00	145400.00	148000.00	157000.00	166900.00	181600.00	185700.00	186600.00	196500.00	216000.00	232500.00	250400.00		
07381600	0506	19960506	20140506	17	167458.82	57592.35	62800.00	297000.00			97360.00	109500.00	121800.00	130500.00	136400.00	143300.00	144000.00	145100.00	155000.00	163100.00	176000.00	190200.00	200400.00	204000.00	214800.00	235500.00	256200.00		
07381600	0507	19960507	20140507	17	167247.06	58403.66	59200.00	277000.00			93440.00	112500.00	122400.00	126500.00	132200.00	140000.00	140400.00	143200.00	154000.00	165700.00	179800.00	194900.00	200600.00	202000.00	219000.00	248700.00	265000.00		
07381600	0508	19960508	20140508	17	169823.53	56562.17	65000.00	272000.00			95400.00	116300.00	125000.00	133500.00	140400.00	141000.00	142800.00	150600.00	156000.00	169500.00	177400.00	195100.00	203200.00	204000.00	222000.00	252600.00	263200.00		
07381600	0509	19960509	20140509	17	172164.71	58086.02	83800.00	284000.00			101560.00	115800.00	127200.00	132500.00	135800.00	140300.00	141600.00	144500.00	149000.00	168800.00	180600.00	195600.00	202200.00	206000.00	227400.00	260100.00	274400.00		
07381600	0510	19960510	20140510	17	171917.65	64290.48	67600.00	300000.00			96720.00	109600.00	116800.00	121500.00	129800.00	140300.00	141000.00	141600.00	147000.00	174000.00	191400.00	202000.00	206800.00	209500.00	232200.00	264900.00	273600.00		
07381600	0511	19960511	20140511	16	171362.50	60919.80	69800.00	315000.00			102840.00	121400.00	127800.00	133250.00	137100.00	137950.00	138800.00	139650.00	142500.00	161450.00	194200.00	203200.00	206600.00	207750.00	217000.00	235600.00	270200.00		
07381600	0512	19960512	20140512	17	179347.06	61175.24	85900.00	331000.00			117980.00	128800.00	133000.00	136000.00	137400.00	138600.00	140000.00	140600.00	146000.00	192800.00	206800.00	211800.00	214800.00	218500.00	227800.00	240100.00	262200.00		
07381600	0513	19960513	20140513	17	181076.47	61770.74	96300.00	340000.00			119260.00	126400.00	127000.00	131000.00	136200.00	139200.00	142400.00	145200.00	156000.00	199200.00	212800.00	215700.00	217800.00	219500.00	226800.00	237000.00	257600.00		
07381600	0514	19960514	20140514	16	179150.00	67003.58	97400.00	356000.00			111120.00	119200.00	121800.00	124500.00	129900.00	137550.00	146800.00	149000.00	153500.00	168850.00	194200.00	215300.00	220400.00	227000.00	230200.00	236850.00	277600.00		
07381600	0515	19960515	20140515	16	189068.75	69530.30	99100.00	372000.00			108130.00	119150.00	125400.00	131000.00	146300.00	148850.00	149000.00	161350.00	181500.00	202000.00	215800.00	219450.00	227100.00	230250.00	234000.00	244550.00	290100.00		
07381600	0516	19960516	20140516	17	185764.71	71897.96	97000.00	383000.00			107400.00	114900.00	119400.00	125500.00	134000.00	143600.00	153400.00	159600.00	165000.00	188400.00	210200.00	219200.00	226400.00	233500.00	238200.00	243000.00	276600.00		
07381600	0517	19960517	20140517	17	186411.76	72915.24	101000.00	392000.00			107400.00	111100.00	120400.00	129500.00	137400.00	147000.00	155600.00	162000.00	162000.00	179100.00	206600.00	220000.00	227800.00	232500.00	238400.00	245600.00	276000.00		
07381600	0518	19960518	20140518	17	189764.71	73526.81	105000.00	398000.00			110600.00	114800.00	120200.00	127500.00	136800.00	150000.00	165000.00	169700.00	176000.00	183200.00	209600.00	221600.00	224000.00	225000.00	237600.00	255900.00	286000.00		
07381600	0519	19960519	20140519	17	181941.18	77581.79	92000.00	409000.00			103200.00	108800.00	110000.00	119500.00	129000.00	132300.00	145800.00	169700.00	176000.00	180500.00	185000.00	209100.00	223200.00	226000.00	227200.00	237100.00	286600.00		
07381600	0520	19960520	20140520	18	186622.22	81076.17	83200.00	418000.00			102820.00	105000.00	105000.00	120750.00	128100.00	134850.00	157200.00	172750.00	181000.00	187900.00	201000.00	220750.00	225800.00	230500.00	237800.00	261300.00	278500.00		
07381600	0521	19960521	20140521	18	187816.67	84415.86	87800.00	432000.00			95990.00	102085.00	107000.00	117000.00	125600.00	135800.00	158600.00	173750.00	183000.00	191350.00	203800.00	220350.00	221300.00	224500.00	239600.00	270000.00	286200.00		
07381600	0522	19960522	20140522	18	190872.22	88376.27	83500.00	452000.00			97630.00	104980.00	110000.00	118500.00	127300.00	136500.00	153800.00	173450.00	188500.00	197700.00	207400.00	217350.00	221000.00	232250.00	249600.00	269200.00	293600.00		
07381600	0523	19960523	20140523	18	188116.67	92284.34	69400.00	464000.00			85870.00	97305.00	104600.00	118000.00	131800.00	136650.00	147800.00	170400.00	186500.00	194050.00	203400.00	213850.00	224000.00	234750.00	247400.00	256600.00	295700.00		
07381600	0524	19960524	20140524	19	182321.05	95698.20	59300.00	467000.00		59300.00	78600.00	82700.00	86500.00	106000.00	126000.00	136000.00	137000.00	148000.00	189000.00	198000.00	206000.00	207000.00	222000.00	236000.00	248000.00	252000.00	279000.00	467000.00	
07381600	0525	19960525	20140525	18	187761.11	93171.84	54700.00	453000.00			82870.00	89400.00	110000.00	116500.00	128900.00	134650.00	144600.00	173000.00	192000.00	196600.00	203800.00	213600.00	230300.00	245250.00	246400.00	254000.00	304500.00		
07381600	0526	19960526	20140526	17	191188.24	95973.16	52200.00	453000.00			76520.00	88760.00	101360.00	119500.00	132200.00	139100.00	157600.00	185000.00	194000.00	195800.00	209600.00	217200.00	231000.00	245500.00	252400.00	266200.00	328200.00		
07381600	0527	19960527	20140527	18	185838.89	97100.17	56000.00	463000.00			78230.00	86990.00	93860.00	112325.00	124300.00	129600.00	137000.00	169050.00	193500.00	196350.00	206400.00	221450.00	226000.00	228750.00	239800.00	258500.00	317200.00		
07381600	0528	19960528	20140528	17	190711.76	99699.68	56500.00	468000.00			80980.00	89410.00	90820.00	108050.00	127400.00	132800.00	146600.00	186400.00	199000.00	208900.00	218000.00	220700.00	224000.00	230500.00	243000.00	270000.00	337600.00		
07381600	0529	19960529	20140529	17	190729.41	102605.05	59200.00	481000.00			77040.00	81640.00	95680.00	111000.00	122600.00	134000.00	147800.00	177500.00	200000.00	200000.00	216000.00	220000.00	225400.00	230000.00	242600.00	275000.00	344200.00		
07381600	0530	19960530	20140530	17	190776.47	103603.89	55000.00	487000.00			72840.00	88920.00	100560.00	112000.00	119400.00	128700.00	153600.00	174800.00	200000.00	200900.00	215400.00	222500.00	224600.00	225000.00	239000.00	275300.00	346200.00		
07381600	0531	19960531	20140531	18	186127.78	99614.18	53200.00	470000.00			65710.00	94215.00	102200.00	113500.00	121200.00	128200.00	140600.00	160750.00	183500.00	199500.00	209400.00	217400.00	220900.00	224750.00	237200.00	273050.00	328700.00		
07381600	0601	19960601	20140601	18	187172.22	98015.06	58800.00	469000.00			70050.00	95695.00	108800.00	112500.00	122800.00	134800.00	143200.00	158100.00	184500.00	202800.00	208200.00	213350.00	214600.00	221250.00	243800.00	276700.00	325000.00		
07381600	0602	19960602	20140602	18	186061.11	99605.32	51000.00	474000.00			63690.00	96465.00	108400.00	110000.00	124000.00	137800.00	145000.00	156350.00	182000.00	200900.00	204400.00	209750.00	213300.00	220000.00	244800.00	277250.00	323700.00		
07381600	0603	19960603	20140603	18	186705.56	98720.80	51700.00	469000.00			68170.00	95500.00	105600.00	107750.00	129700.00	140950.00	145000.00	159650.00	183000.00	198250.00	203800.00	208700.00	210900.00	221500.00	252400.00	279100.00	324100.00		
07381600	0604	19960604	20140604	18	184327.78	98105.13	51000.00	462000.00			69810.00	90685.00	99600.00	101750.00	125800.00	139900.00	143200.00	157200.00	177500.00	191050.00	200000.00	206000.00	213800.00	236250.00	253400.00	275200.00	315300.00		
07381600	0605	19960605	20140605	18	182127.78	95045.41	50000.00	447000.00			75740.00	83530.00	95520.00	105575.00	130400.00	140650.00	142800.00	156100.00	175000.00	189400.00	197200.00	200050.00	208900.00	231000.00	252800.00	272500.00	312900.00		
07381600	0606	19960606	20140606	17	181623.53	93469.69	51200.00	436000.00			79040.00	94610.00	98780.00	105050.00	121800.00	139500.00	143800.00	149000.00	167000.00	189500.00	197600.00	200400.00	213000.00	229000.00	248600.00	274700.00	323200.00		
07381600	0607	19960607	20140607	17	179011.76	90516.96	46100.00	417000.00			78420.00	89020.00	91540.00	99750.00	119000.00	140300.00	151400.00	165100.00	166000.00	178600.00	192000.00	198500.00	219800.00	233000.00	245400.00	269700.00	309800.00		
07381600	0608	19960608	20140608	17	180152.94	86546.25	47800.00	401000.00			81240.00	90720.00	100680.00	110000.00	119800.00	136600.00	154200.00	164800.00	181000.00	181000.00	187400.00	195300.00	215400.00	239000.00	257000.00	268700.00	300200.00		
07381600	0609	19960609	20140609	17	176335.29	83569.73	45900.00	384000.00			77260.00	89720.00	99080.00	108500.00	116600.00	132500.00	157200.00	160300.00	181000.00	181900.00	182800.00	192100.00	208000.00	231000.00	252400.00	264700.00	293600.00		
07381600	0610	19960610	20140610	17	170376.47	82111.65	44900.00	365000.00			67300.00	77590.00	95440.00	106500.00	108200.00	123800.00	156600.00	160400.00	173000.00	173900.00	181200.00	190000.00	198400.00	225500.00	251400.00	258600.00	286600.00		
07381600	0611	19960611	20140611	17	169994.12	77361.70	60400.00	348000.00			73280.00	77130.00	90720.00	100800.00	110800.00	133300.00	157800.00	169000.00	169000.00	173500.00	179600.00	189400.00	196000.00	224500.00	251800.00	254800.00	276800.00		
07381600	0612	19960612	20140612	18	162700.00	72539.48	55200.00	331000.00			64740.00	75405.00	93180.00	98025.00	113490.00	125200.00	141200.00	158250.00	171000.00	177000.00	178200.00	183500.00	190300.00	202250.00	236800.00	241500.00	258100.00		
07381600	0613	19960613	20140613	18	162561.11	68599.59	55800.00	315000.00			71730.00	75965.00	91840.00	98700.00	113910.00	138200.00	152200.00	158300.00	167500.00	177150.00	182200.00	184350.00	185300.00	197000.00	231800.00	240200.00	253800.00		
07381600	0614	19960614	20140614	18	158972.22	67310.96	50100.00	300000.00			70620.00	79020.00	83060.00	91900.00	112380.00	138200.00	149200.00	152750.00	162000.00	172600.00	179800.00	184350.00	187100.00	198250.00	219400.00	232750.00	258600.00		
07381600	0615	19960615	20140615	18	156894.44	66556.84	45200.00	287000.00			71930.00	77535.00	80160.00	90150.00	111290.00	138500.00	149600.00	151100.00	160000.00	172950.00	179000.00	179700.00	184000.00	196500.00	214200.00	225900.00	267200.00		
07381600	0616	19960616	20140616	18	152488.89	64865.38	39900.00	278000.00			69510.00	75010.00	79240.00	80425.00	111650.00	139300.00	148800.00	150550.00	160500.00	170900.00	173200.00	176050.00	178000.00	184250.00	204600.00	218050.00	260000.00		
07381600	0617	19980617	20140617	17	144811.76	58917.58	43200.00	266000.00			65360.00	75100.00	76960.00	77900.00	98480.00	133100.00	146000.00	150000.00	150000.00	166200.00	168800.00	173200.00	175600.00	179500.00	189000.00	200700.00	218800.00		
07381600	0618	19980618	20140618	17	144076.47	57576.22	29600.00	257000.00			66400.00	76930.00	80500.00	83300.00	103660.00	135700.00	143600.00	150100.00	151000.00	165400.00	167000.00	173300.00	177200.00	183000.00	189600.00	194100.00	210600.00		
07381600	0619	19980619	20140619	17	141682.35	54411.82	38100.00	249000.00			67700.00	78810.00	80640.00	83000.00	104720.00	134300.00	135600.00	139000.00	148000.00	160600.00	166800.00	170800.00	176800.00	182000.00	184800.00	188100.00	204200.00		
07381600	0620	19980620	20140620	17	141064.71	53486.45	34600.00	240000.00			65560.00	75610.00	79300.00	87300.00	110100.00	135300.00	136400.00	138800.00	146000.00	161300.00	169400.00	171700.00	177400.00	181000.00	182600.00	186800.00	200800.00		
07381600	0621	19980621	20140621	17	139841.18	51940.35	40700.00	232000.00			61500.00	73910.00	80480.00	88950.00	109460.00	132200.00	135600.00	138100.00	139000.00	163300.00	168400.00	171800.00	174800.00	178500.00	183000.00	186900.00	197600.00		
07381600	0622	19980622	20140622	17	138852.94	50458.85	33900.00	228000.00			60060.00	75000.00	85680.00	95700.00	112200.00	131700.00	138000.00	138100.00	139000.00	158800.00	167400.00	171100.00	172000.00	175000.00	178800.00	181800.00	194400.00		
07381600	0623	19980623	20140623	17	137829.41	50746.27	27000.00	225000.00			57000.00	78220.00	90400.00	95250.00	109140.00	129600.00	132400.00	138200.00	140000.00	160700.00	163800.00	167500.00	172600.00	176500.00	178400.00	181100.00	193800.00		
07381600	0624	19980624	20140624	17	137388.24	47916.62	39200.00	219000.00			57200.00	79900.00	89260.00	95000.00	111820.00	130900.00	133400.00	135800.00	143000.00	156500.00	159600.00	165600.00	169800.00	174000.00	177400.00	180100.00	191800.00		
07381600	0625	19980625	20140625	17	136823.53	47936.81	34400.00	214000.00			58960.00	77700.00	89280.00	99200.00	113800.00	127900.00	130200.00	132300.00	144000.00	153000.00	156400.00	165400.00	173800.00	177000.00	177800.00	181100.00	191600.00		
07381600	0626	19980626	20140626	17	135564.71	46567.83	31900.00	210000.00			61100.00	79390.00	91360.00	103100.00	115200.00	125100.00	130200.00	131500.00	136000.00	148600.00	153200.00	163800.00	172800.00	176000.00	176400.00	178800.00	188400.00		
07381600	0627	19980627	20140627	17	135223.53	44683.23	43900.00	202000.00			51340.00	76790.00	92840.00	109900.00	123400.00	124600.00	127000.00	132300.00	144000.00	146700.00	148600.00	159500.00	170600.00	175500.00	176400.00	177900.00	184400.00		
07381600	0628	19980628	20140628	17	134347.06	45711.88	32400.00	196000.00			50560.00	74840.00	89780.00	108050.00	124000.00	127600.00	129600.00	133100.00	143000.00	144800.00	157000.00	162100.00	167800.00	172000.00	175400.00	179000.00	182400.00		
07381600	0629	19980629	20140629	17	135058.82	44890.84	41700.00	190000.00			51860.00	72950.00	88160.00	107500.00	124400.00	129500.00	133200.00	134400.00	138000.00	142500.00	155800.00	167400.00	171000.00	172000.00	176600.00	182000.00	183600.00		
07381600	0630	19980630	20140630	17	133947.06	46441.03	27500.00	183000.00			47500.00	74480.00	91280.00	108100.00	121600.00	126400.00	132600.00	135500.00	140000.00	141800.00	153200.00	167200.00	173800.00	176000.00	178200.00	180300.00	181400.00		
07381600	0701	19980701	20140701	17	133776.47	45246.42	28000.00	186000.00			57680.00	78470.00	88820.00	104450.00	119400.00	125100.00	130600.00	133300.00	136000.00	143200.00	156800.00	166300.00	169600.00	173500.00	177400.00	179200.00	182800.00		
07381600	0702	19980702	20140702	17	134423.53	41300.31	41300.00	188000.00			74820.00	85930.00	87400.00	100800.00	118400.00	125600.00	127400.00	130200.00	141000.00	141900.00	152400.00	162700.00	167800.00	171000.00	174200.00	177500.00	182400.00		
07381600	0703	19960703	20140703	18	136100.00	44286.61	35900.00	207000.00			73070.00	81875.00	90140.00	106250.00	118000.00	122950.00	125800.00	131950.00	141000.00	148250.00	155800.00	163700.00	167100.00	172500.00	175200.00	180750.00	187200.00		
07381600	0704	19960704	20140704	18	133172.22	45156.05	35300.00	199000.00			70850.00	75225.00	78820.00	103175.00	113100.00	117900.00	125400.00	129550.00	139000.00	149350.00	154600.00	160350.00	163400.00	169500.00	172600.00	180650.00	190900.00		
07381600	0705	19960705	20140705	18	131144.44	43060.37	38200.00	188000.00			66010.00	78960.00	84620.00	103150.00	110400.00	115550.00	122200.00	126650.00	136500.00	147700.00	151400.00	152000.00	157100.00	169750.00	173600.00	181050.00	187100.00		
07381600	0706	19960706	20140706	18	130111.11	41512.24	41700.00	188000.00			70050.00	79490.00	85320.00	101875.00	107700.00	112550.00	121000.00	127750.00	135500.00	142800.00	146200.00	150800.00	159600.00	168250.00	171000.00	179300.00	181700.00		
07381600	0707	19960707	20140707	18	128738.89	41590.57	34400.00	185000.00			63200.00	85100.00	94320.00	96925.00	104790.00	112550.00	119200.00	128050.00	135500.00	140700.00	144000.00	148900.00	159800.00	164750.00	169000.00	177450.00	180500.00		
07381600	0708	19960708	20140708	18	128072.22	40519.11	43500.00	184000.00			62850.00	77750.00	91120.00	98400.00	105570.00	114500.00	119200.00	126050.00	133000.00	138150.00	143200.00	148850.00	158700.00	166000.00	169200.00	171500.00	180400.00		
07381600	0709	19960709	20140709	18	124272.22	40208.53	39500.00	179000.00			59570.00	68855.00	88900.00	96825.00	106370.00	113250.00	117400.00	119550.00	127500.00	137250.00	140400.00	145900.00	156200.00	159000.00	159800.00	165400.00	179000.00		
07381600	0710	19960710	20140710	18	124483.33	39913.85	39800.00	181000.00			60950.00	78515.00	90320.00	95000.00	105740.00	111950.00	114200.00	119400.00	127500.00	133350.00	136200.00	141850.00	151400.00	158250.00	164800.00	176150.00	177400.00		
07381600	0711	19980711	20140711	17	121352.94	41963.10	40100.00	181000.00			47140.00	70250.00	84920.00	95300.00	102400.00	105400.00	112000.00	117100.00	127000.00	130600.00	131000.00	134500.00	147400.00	158500.00	166800.00	174900.00	177800.00		
07381600	0712	19980712	20140712	16	120643.75	41756.76	41800.00	183000.00			53210.00	72290.00	86700.00	93075.00	99940.00	102830.00	103000.00	110800.00	117000.00	124950.00	136000.00	136850.00	151300.00	157500.00	166800.00	174250.00	178800.00		
07381600	0713	19980713	20140713	16	119962.50	39398.17	36300.00	178000.00			66120.00	82530.00	88140.00	93000.00	96020.00	98740.00	104580.00	109900.00	114000.00	122650.00	135400.00	137650.00	148700.00	154500.00	162600.00	170600.00	175900.00		
07381600	0714	19980714	20140714	16	118131.25	40386.69	43900.00	175000.00			60280.00	75550.00	82580.00	83650.00	86840.00	97380.00	106000.00	109300.00	112000.00	121700.00	136600.00	139400.00	146200.00	153000.00	165200.00	172900.00	174300.00		
07381600	0715	19980715	20140715	16	116331.25	40491.16	44500.00	174000.00			58500.00	67910.00	75660.00	85475.00	92830.00	94785.00	102980.00	105000.00	110000.00	121300.00	134200.00	139300.00	144400.00	151000.00	162000.00	170700.00	174000.00		
07381600	0716	19980716	20140716	16	115112.50	41113.84	42400.00	179000.00			53810.00	63595.00	75680.00	89200.00	93400.00	93400.00	97480.00	105975.00	112500.00	120600.00	132000.00	136000.00	136000.00	150250.00	161000.00	168600.00	174800.00		
07381600	0717	19980717	20140717	17	115152.94	40019.97	39900.00	178000.00			55740.00	64950.00	80580.00	89650.00	90200.00	91970.00	98160.00	112500.00	117000.00	126900.00	131200.00	133400.00	135200.00	145000.00	156800.00	164900.00	174800.00		
07381600	0718	19980718	20140718	17	114758.82	38918.86	43500.00	172000.00			52620.00	61760.00	80300.00	92200.00	94340.00	95540.00	98280.00	108500.00	122000.00	126500.00	129400.00	133500.00	135000.00	143000.00	155000.00	164300.00	172000.00		
07381600	0719	19980719	20140719	17	113564.71	39307.17	44900.00	171000.00			47860.00	56230.00	74080.00	86650.00	90260.00	92450.00	100920.00	125000.00	125000.00	127700.00	128800.00	133200.00	135600.00	143000.00	152000.00	157700.00	165400.00		
07381600	0720	19980720	20140720	17	110958.82	38752.29	36800.00	167000.00			46640.00	57850.00	71500.00	82000.00	89060.00	95660.00	103200.00	116600.00	122000.00	123800.00	124800.00	130600.00	134200.00	141500.00	148400.00	152900.00	163000.00		
07381600	0721	19980721	20140721	17	110141.18	35973.59	43900.00	165000.00			49740.00	68000.00	76040.00	77550.00	83860.00	94060.00	103080.00	119100.00	120000.00	120900.00	123400.00	127500.00	129600.00	135500.00	143400.00	150900.00	161000.00		
07381600	0722	19980722	20140722	17	109000.00	35900.91	35900.00	158000.00			46940.00	67410.00	75960.00	81750.00	87020.00	90950.00	103160.00	117100.00	118000.00	118900.00	124600.00	126000.00	133200.00	138000.00	140800.00	148600.00	157200.00		
07381600	0723	19980723	20140723	17	108800.00	34963.09	37000.00	157000.00			47000.00	69660.00	78900.00	79500.00	83340.00	92760.00	105000.00	117100.00	118000.00	121600.00	123600.00	130300.00	133600.00	136000.00	138800.00	143600.00	153000.00		
07381600	0724	19980724	20140724	16	107137.50	35715.93	39600.00	159000.00			44710.00	62080.00	75860.00	78300.00	80330.00	87385.00	101560.00	112150.00	117500.00	120050.00	123600.00	130150.00	132700.00	136000.00	138800.00	143150.00	150600.00		
07381600	0725	19980725	20140725	16	104143.75	37087.84	32900.00	152000.00			38360.00	55110.00	70940.00	77200.00	78520.00	84640.00	101800.00	108600.00	112500.00	116050.00	119600.00	126300.00	131400.00	134250.00	141600.00	146000.00	147800.00		
07381600	0726	19980726	20140726	16	100925.00	36324.95	33400.00	146000.00			37810.00	52460.00	67500.00	74950.00	77340.00	83630.00	94240.00	101480.00	104500.00	108850.00	118200.00	127050.00	127900.00	131750.00	139000.00	143900.00	145300.00		
07381600	0727	20000727	20140727	15	97480.00	31979.62	36200.00	144000.00			47540.00	61220.00	70860.00	72700.00	75580.00	81280.00	85800.00	89940.00	99300.00	102260.00	109000.00	118600.00	127200.00	128000.00	129600.00	133000.00	138600.00		
07381600	0728	20000728	20140728	15	97126.67	31320.09	44000.00	150000.00			49340.00	59580.00	70480.00	74000.00	74160.00	75580.00	84660.00	97320.00	99000.00	99640.00	108920.00	115400.00	117600.00	124000.00	129600.00	132800.00	140400.00		
07381600	0729	19980729	20140729	16	97706.25	30337.82	40900.00	144000.00			49790.00	61575.00	68300.00	71525.00	80490.00	82105.00	89560.00	96275.00	99100.00	104095.00	113200.00	114250.00	118500.00	121250.00	128600.00	133900.00	137700.00		
07381600	0730	19970730	20140730	17	94805.88	28932.26	39100.00	139000.00			47660.00	58760.00	68240.00	74400.00	77560.00	83140.00	93520.00	93630.00	93900.00	96420.00	105740.00	108700.00	112600.00	118000.00	125000.00	131300.00	133400.00		
07381600	0731	19970731	20140731	17	92329.41	27661.34	39700.00	133000.00			47700.00	54460.00	65020.00	73650.00	78760.00	84910.00	91900.00	92760.00	93300.00	93930.00	98560.00	101310.00	108000.00	115000.00	121600.00	128200.00	131400.00		
07381600	0801	19970801	20140801	17	90411.76	26849.25	36500.00	128000.00			46580.00	55400.00	64340.00	71650.00	78960.00	85530.00	87500.00	92400.00	93300.00	93840.00	94460.00	96560.00	106160.00	113500.00	119000.00	125600.00	127200.00		
07381600	0802	19970802	20140802	17	87964.71	25722.44	34200.00	126000.00			44360.00	53550.00	64560.00	71450.00	77700.00	85770.00	87920.00	88500.00	89400.00	90660.00	95120.00	96410.00	99800.00	108500.00	116200.00	118600.00	121200.00		
07381600	0803	19970803	20140803	17	84947.06	25999.76	30900.00	124000.00			40900.00	49280.00	56060.00	63450.00	74720.00	85310.00	86760.00	88020.00	90000.00	91980.00	96920.00	98240.00	98360.00	102700.00	108200.00	111200.00	116000.00		
07381600	0804	19970804	20140804	17	83247.06	25284.31	30700.00	123000.00			39820.00	48120.00	56880.00	62300.00	71400.00	83400.00	84840.00	87870.00	88500.00	91290.00	95600.00	96740.00	97280.00	100300.00	104600.00	107300.00	111000.00		
07381600	0805	19970805	20140805	17	83817.65	24451.03	36200.00	125000.00			42440.00	46870.00	56980.00	65450.00	73480.00	83470.00	87640.00	87900.00	88800.00	92760.00	93440.00	94060.00	94600.00	97400.00	103600.00	109300.00	113000.00		
07381600	0806	19970806	20140806	17	84458.82	26347.42	37600.00	127000.00			38880.00	43890.00	56460.00	65950.00	71160.00	77610.00	83760.00	87440.00	93200.00	93290.00	93700.00	94500.00	98520.00	103500.00	108400.00	112900.00	117400.00		
07381600	0807	19970807	20140807	16	80718.75	24863.02	38400.00	122000.00			41060.00	43300.00	52840.00	66800.00	69890.00	70655.00	78780.00	81450.00	82700.00	84160.00	86640.00	92460.00	93480.00	98400.00	103600.00	110050.00	117100.00		
07381600	0808	19970808	20140808	16	81512.50	23574.84	38200.00	117000.00			40860.00	44915.00	54820.00	68250.00	74990.00	77455.00	78960.00	82875.00	85100.00	87255.00	91020.00	92470.00	95360.00	97725.00	99180.00	106585.00	115600.00		
07381600	0809	19970809	20140809	16	80168.75	23577.55	40500.00	118000.00			42740.00	45240.00	51180.00	60825.00	69500.00	76300.00	78540.00	80365.00	82950.00	86235.00	90040.00	94615.00	94870.00	95200.00	96200.00	104990.00	115900.00		
07381600	0810	19970810	20140810	16	79912.50	24338.42	36900.00	115000.00			40610.00	44510.00	50320.00	58975.00	67670.00	70815.00	75800.00	82135.00	86700.00	89690.00	92380.00	94335.00	94930.00	98750.00	102400.00	105800.00	110100.00		
07381600	0811	19970811	20140811	16	79043.75	24269.57	37800.00	114000.00			42210.00	45475.00	48520.00	55575.00	68340.00	70380.00	71860.00	80715.00	86150.00	87560.00	88800.00	89860.00	94280.00	97725.00	102480.00	107700.00	111900.00		
07381600	0812	19980812	20140812	16	80631.25	25320.74	40600.00	118000.00			41720.00	43520.00	49200.00	58225.00	65390.00	72105.00	76100.00	79210.00	83750.00	87555.00	89840.00	95870.00	100460.00	103250.00	105800.00	108800.00	113100.00		
07381600	0813	19980813	20140813	16	79668.75	28352.98	34000.00	117000.00			35190.00	39385.00	48000.00	56700.00	58330.00	64535.00	74820.00	78730.00	83800.00	88275.00	89920.00	95690.00	104020.00	106500.00	110000.00	112900.00	114900.00		
07381600	0814	19970814	20140814	17	78500.00	27752.14	34500.00	118000.00			34900.00	43050.00	50040.00	53950.00	58140.00	65220.00	73240.00	76530.00	79500.00	79950.00	84000.00	93610.00	102520.00	108500.00	111000.00	111300.00	113200.00		
07381600	0815	19970815	20140815	17	76682.35	27381.27	34600.00	121000.00			38120.00	41380.00	48940.00	55300.00	58260.00	62040.00	67520.00	68450.00	76100.00	77990.00	84440.00	88030.00	96160.00	103000.00	107000.00	111800.00	117000.00		
07381600	0816	19970816	20140816	17	75100.00	27171.38	29200.00	121000.00			36480.00	39700.00	47380.00	55650.00	59680.00	61510.00	64760.00	68160.00	75000.00	80490.00	82620.00	86290.00	92620.00	99950.00	104400.00	107400.00	114600.00		
07381600	0817	19970817	20140817	17	75311.76	25309.33	35000.00	112000.00			35720.00	39890.00	48080.00	55550.00	60100.00	64000.00	68420.00	69950.00	75800.00	82550.00	84180.00	88390.00	94240.00	98200.00	100840.00	105700.00	112000.00		
07381600	0818	19970818	20140818	17	74400.00	26616.16	26500.00	114000.00			32100.00	34970.00	47300.00	57000.00	60580.00	63640.00	66320.00	72340.00	75400.00	78730.00	88940.00	93500.00	94940.00	96450.00	98960.00	102800.00	108400.00		
07381600	0819	19970819	20140819	17	74258.82	25403.50	33400.00	121000.00			34680.00	36680.00	48260.00	57750.00	60520.00	63340.00	68700.00	71220.00	72300.00	74190.00	87600.00	92090.00	92960.00	94800.00	96560.00	98660.00	106600.00		
07381600	0820	19970820	20140820	16	71556.25	20060.81	41100.00	101000.00			41520.00	45550.00	50620.00	54900.00	59360.00	61570.00	63460.00	67865.00	70550.00	72395.00	76160.00	82065.00	89970.00	91725.00	94640.00	96850.00	98480.00		
07381600	0821	19970821	20140821	16	72375.00	23100.49	36600.00	110000.00			40030.00	44030.00	49260.00	54225.00	54950.00	55375.00	62680.00	64695.00	72100.00	79575.00	81700.00	89005.00	90790.00	91150.00	94560.00	99590.00	105100.00		
07381600	0822	19970822	20140822	16	71912.50	24857.40	34600.00	118000.00			36770.00	39900.00	45220.00	52500.00	58600.00	59450.00	64860.00	66850.00	68050.00	71490.00	78560.00	87635.00	88230.00	88525.00	96640.00	103350.00	108900.00		
07381600	0823	19970823	20140823	16	70150.00	24318.00	35800.00	119000.00			36150.00	36465.00	43480.00	54250.00	56030.00	59685.00	61100.00	65235.00	69450.00	72720.00	75840.00	80150.00	82700.00	86225.00	94320.00	99900.00	106400.00		
07381600	0824	19970824	20140824	16	67787.50	23292.51	30400.00	117000.00			34810.00	36810.00	42740.00	51750.00	53150.00	58675.00	62360.00	65605.00	69250.00	72090.00	73420.00	75375.00	80050.00	84125.00	87820.00	92155.00	101880.00		
07381600	0825	19970825	20140825	16	66275.00	21284.78	31900.00	103000.00			32670.00	34870.00	41280.00	51325.00	59730.00	61685.00	62840.00	63360.00	65050.00	68665.00	72980.00	75085.00	78230.00	81900.00	87980.00	91930.00	95790.00		
07381600	0826	19970826	20140826	17	64188.24	20212.80	33200.00	95100.00			35120.00	36160.00	37840.00	47250.00	56860.00	58630.00	58860.00	59570.00	60200.00	67130.00	69900.00	74390.00	78980.00	82100.00	85660.00	89920.00	92300.00		
07381600	0827	19970827	20140827	17	64735.29	19162.82	31900.00	95600.00			36860.00	39920.00	44120.00	49550.00	52860.00	55350.00	60940.00	62480.00	64100.00	68510.00	69800.00	71680.00	78760.00	83950.00	85500.00	87270.00	90560.00		
07381600	0828	19970828	20140828	17	63917.65	17416.20	36800.00	90300.00			39040.00	40020.00	43080.00	49250.00	54740.00	56630.00	57400.00	60640.00	64600.00	66670.00	67300.00	72300.00	79560.00	83150.00	83460.00	83910.00	85580.00		
07381600	0829	19970829	20140829	17	62235.29	18903.90	16300.00	88300.00			34540.00	42950.00	48920.00	51850.00	52940.00	55160.00	57180.00	59500.00	63100.00	64090.00	64760.00	73580.00	78320.00	79600.00	80280.00	82260.00	86940.00		
07381600	0830	19970830	20140830	16	63337.50	16338.05	38400.00	89700.00			39240.00	42735.00	48340.00	52950.00	53270.00	54715.00	55600.00	55930.00	58650.00	65185.00	73040.00	75635.00	76230.00	76450.00	76980.00	82295.00	88790.00		
07381600	0831	19970831	20140831	17	63035.29	15924.23	38400.00	92900.00			41920.00	44060.00	45740.00	49150.00	52800.00	55140.00	57240.00	57890.00	58700.00	68870.00	71440.00	71800.00	72340.00	74600.00	76500.00	79770.00	88500.00		
07381600	0901	19970901	20140901	17	62794.12	15035.60	33600.00	87600.00			44960.00	47870.00	49040.00	50150.00	50820.00	51900.00	55220.00	63050.00	64400.00	64850.00	67140.00	69800.00	74180.00	76700.00	76980.00	79350.00	85200.00		
07381600	0902	19970902	20140902	18	62250.00	14214.17	31100.00	83600.00			43340.00	44870.00	49860.00	51625.00	51870.00	55280.00	59200.00	63075.00	65500.00	66350.00	67700.00	69075.00	70780.00	74125.00	75100.00	78100.00	81710.00		
07381600	0903	19970903	20140903	17	64194.12	16864.18	33500.00	88000.00			38540.00	42180.00	45480.00	48700.00	53760.00	59250.00	61280.00	65490.00	68100.00	68910.00	70360.00	71050.00	71500.00	76850.00	83200.00	85720.00	87520.00		
07381600	0904	19970904	20140904	18	65083.33	20223.12	32700.00	120000.00			36030.00	42690.00	46760.00	53050.00	56230.00	58880.00	60180.00	62885.00	65150.00	66965.00	69040.00	69660.00	71060.00	73500.00	79120.00	83150.00	90660.00		
07381600	0905	19970905	20140905	18	69450.00	21410.04	32000.00	123000.00			41180.00	51295.00	56740.00	58000.00	59080.00	60085.00	61300.00	64320.00	66550.00	69500.00	73960.00	75805.00	76060.00	76500.00	78160.00	85520.00	111300.00		
07381600	0906	19970906	20140906	16	68056.25	21235.41	29100.00	123000.00			42890.00	52045.00	55500.00	57425.00	59820.00	61690.00	61800.00	61995.00	63300.00	65340.00	67120.00	68275.00	72950.00	75825.00	79120.00	89890.00	107600.00		
07381600	0907	19970907	20140907	17	65323.53	20687.48	27700.00	114000.00			29540.00	43300.00	53800.00	57800.00	58840.00	59200.00	59700.00	61810.00	62800.00	64960.00	68480.00	71400.00	72360.00	73300.00	78560.00	87410.00	97040.00		
07381600	0908	19970908	20140908	17	64111.76	18125.22	27400.00	109000.00			43640.00	49800.00	50940.00	52250.00	54600.00	56520.00	56880.00	57710.00	62300.00	65090.00	66600.00	69630.00	71220.00	74500.00	79220.00	82460.00	89000.00		
07381600	0909	19970909	20140909	17	64264.71	19264.28	33400.00	113000.00			38920.00	42540.00	44100.00	48550.00	53200.00	55840.00	60820.00	64610.00	65600.00	67130.00	67460.00	68620.00	74380.00	78050.00	79080.00	80490.00	87160.00		
07381600	0910	19970910	20140910	17	64717.65	19626.74	31100.00	110000.00			36060.00	45070.00	48580.00	49150.00	51040.00	54970.00	59940.00	63360.00	63900.00	67680.00	71780.00	73190.00	73640.00	75450.00	77780.00	82670.00	95360.00		
07381600	0911	19970911	20140911	17	64400.00	16247.96	36500.00	97900.00			42340.00	46250.00	49820.00	52000.00	53060.00	54500.00	56940.00	61610.00	66200.00	67550.00	68100.00	71910.00	74940.00	76500.00	78300.00	81780.00	88140.00		
07381600	0912	19970912	20140912	17	57930.59	18279.96	6320.00	80200.00			30864.00	40080.00	45360.00	48100.00	48440.00	52610.00	61560.00	61900.00	62800.00	65500.00	66360.00	66500.00	66560.00	67850.00	72300.00	77130.00	77800.00		
07381600	0913	19970913	20140913	17	61929.41	16069.88	39100.00	94400.00			41420.00	44800.00	46060.00	46850.00	49000.00	51730.00	54420.00	59420.00	60500.00	64190.00	67000.00	68020.00	70060.00	73550.00	78520.00	82840.00	85600.00		
07381600	0914	19970914	20140914	17	65941.18	26410.08	30700.00	140000.00			40700.00	46070.00	47360.00	48250.00	50020.00	52930.00	56540.00	57060.00	60300.00	61380.00	65180.00	66590.00	68480.00	72450.00	81620.00	96170.00	114400.00		
07381600	0915	19970915	20140915	18	67038.89	27027.72	37000.00	143000.00			38080.00	38285.00	41740.00	48675.00	54130.00	56900.00	57720.00	59450.00	61650.00	64795.00	68480.00	70220.00	71960.00	74925.00	79460.00	92665.00	116900.00		
07381600	0916	19970916	20140916	17	63594.12	25533.54	30400.00	132000.00			37120.00	39920.00	42200.00	45800.00	49960.00	52810.00	54100.00	57540.00	59700.00	60510.00	62280.00	66550.00	69340.00	73100.00	76580.00	87110.00	114400.00		
07381600	0917	19970917	20140917	17	63335.29	24634.25	33500.00	124000.00			34460.00	37150.00	40480.00	44450.00	47500.00	49660.00	53500.00	57430.00	60400.00	63280.00	65360.00	69720.00	71760.00	73500.00	79040.00	91370.00	109600.00		
07381600	0918	19970918	20140918	17	61676.47	25218.46	32100.00	120000.00			32500.00	35960.00	38720.00	40600.00	43640.00	47240.00	48960.00	51570.00	58500.00	62910.00	67000.00	69160.00	72760.00	76250.00	77900.00	87440.00	111200.00		
07381600	0919	19970919	20140919	17	61535.29	25015.29	26400.00	122000.00			35040.00	37620.00	38460.00	39750.00	40800.00	45450.00	55960.00	57870.00	62100.00	63180.00	65780.00	68220.00	70380.00	73200.00	75420.00	84930.00	109200.00		
07381600	0920	19970920	20140920	16	61325.00	23492.03	29500.00	117000.00			32720.00	36850.00	40020.00	42100.00	44450.00	46575.00	51020.00	56520.00	61350.00	64255.00	65660.00	68070.00	70960.00	74150.00	76360.00	86470.00	103560.00		
07381600	0921	19970921	20140921	15	60046.67	21369.30	33700.00	117000.00			37840.00	40880.00	41420.00	41900.00	43180.00	47520.00	51200.00	53640.00	57400.00	58120.00	64120.00	68200.00	68900.00	70500.00	73700.00	79360.00	96360.00		
07381600	0922	19970922	20140922	16	61118.75	20176.46	35400.00	115000.00			38690.00	40595.00	41840.00	45450.00	52630.00	53735.00	54040.00	56830.00	58350.00	58645.00	60180.00	64740.00	68820.00	70050.00	71320.00	80550.00	98200.00		
07381600	0923	19970923	20140923	16	58000.00	25191.40	10600.00	116000.00			27960.00	37710.00	40800.00	43025.00	44430.00	45535.00	45600.00	50410.00	53900.00	55955.00	60220.00	68730.00	69240.00	70050.00	74200.00	86025.00	102910.00		
07381600	0924	19970924	20140924	15	64173.33	22112.36	39700.00	122000.00			40780.00	42540.00	45240.00	49800.00	50200.00	52400.00	54840.00	57080.00	59800.00	60920.00	61560.00	63480.00	69000.00	81000.00	85800.00	87720.00	101720.00		
07381600	0925	19970925	20140925	16	69481.25	28964.65	29200.00	133000.00			29270.00	37220.00	48180.00	55275.00	56430.00	56685.00	57660.00	60110.00	63600.00	66705.00	68580.00	70675.00	80450.00	86325.00	90720.00	106280.00	126000.00		
07381600	0926	19970926	20140926	15	66586.67	29747.55	24700.00	138000.00			31540.00	39300.00	44660.00	46900.00	48420.00	49220.00	51740.00	55360.00	56400.00	62560.00	64520.00	71920.00	84620.00	92700.00	94860.00	97920.00	114960.00		
07381600	0927	19970927	20140927	16	65893.75	28493.87	28700.00	142000.00			34020.00	38995.00	42440.00	44675.00	46360.00	51120.00	52760.00	56350.00	59650.00	65015.00	72120.00	72215.00	72470.00	82850.00	89900.00	94325.00	110360.00		
07381600	0928	19970928	20140928	16	63350.00	29464.03	30100.00	139000.00			32620.00	33865.00	37880.00	44725.00	47890.00	48655.00	50620.00	53440.00	56700.00	58805.00	59820.00	63130.00	63640.00	80425.00	89780.00	99365.00	117300.00		
07381600	0929	19970929	20140929	17	66158.82	27245.25	36300.00	137000.00			38380.00	40930.00	42100.00	44900.00	48700.00	51430.00	54080.00	56410.00	60100.00	64780.00	65540.00	66230.00	68900.00	79150.00	91880.00	100700.00	113000.00		
07381600	0930	19970930	20140930	17	64164.71	30032.42	23100.00	139000.00			32380.00	37570.00	39580.00	40950.00	44200.00	49360.00	53060.00	53400.00	54300.00	59880.00	64260.00	67720.00	71080.00	83350.00	94340.00	98990.00	115000.00		
07381600	1001	19951001	20141001	16	71637.50	29866.39	36100.00	147000.00			36310.00	39370.00	43360.00	48050.00	55350.00	57475.00	58800.00	64755.00	68650.00	70340.00	73520.00	80035.00	80630.00	84675.00	90500.00	104525.00	126700.00		
07381600	1002	19951002	20141002	16	68637.50	29353.84	34500.00	141000.00			36880.00	39990.00	44700.00	49450.00	50440.00	52480.00	55080.00	58885.00	62550.00	65235.00	67800.00	72850.00	77100.00	80900.00	85900.00	104025.00	128400.00		
07381600	1003	19951003	20141003	16	68175.00	33386.27	19600.00	136000.00			29050.00	34145.00	38720.00	44650.00	45810.00	46745.00	52800.00	54950.00	63100.00	71285.00	72120.00	73110.00	81780.00	89250.00	98960.00	114350.00	129700.00		
07381600	1004	19951004	20141004	16	71312.50	34434.61	16600.00	137000.00			23810.00	31080.00	37940.00	44950.00	50760.00	52970.00	54860.00	66935.00	73400.00	74195.00	76620.00	82550.00	93600.00	97975.00	99060.00	111655.00	130000.00		
07381600	1005	19951005	20131005	15	70646.67	34393.81	19400.00	125000.00			22100.00	29340.00	38620.00	43100.00	50300.00	52280.00	53600.00	58960.00	73200.00	75200.00	76540.00	82700.00	91240.00	91800.00	112760.00	121600.00	124400.00		
07381600	1006	19951006	20131006	15	75706.67	26137.21	32700.00	115000.00			37800.00	45360.00	52160.00	54400.00	60000.00	64220.00	67020.00	69200.00	72400.00	74320.00	80020.00	85540.00	90780.00	99500.00	108700.00	113400.00	115000.00		
07381600	1007	19951007	20141007	16	71306.25	27493.53	20000.00	115000.00			26370.00	37680.00	46900.00	51400.00	55430.00	59085.00	65780.00	71365.00	75050.00	76915.00	78220.00	81320.00	85060.00	89625.00	97600.00	106950.00	113600.00		
07381600	1008	19951008	20141008	16	67256.25	25809.30	18900.00	117000.00			33740.00	41310.00	43300.00	45825.00	49120.00	50990.00	64140.00	70390.00	72250.00	73200.00	74820.00	76160.00	77180.00	77525.00	80600.00	96280.00	114200.00		
07381600	1009	19951009	20141009	17	67800.00	22851.97	42200.00	114000.00			42360.00	43170.00	45240.00	49100.00	52200.00	54330.00	58040.00	58880.00	61400.00	65450.00	67260.00	69280.00	79720.00	86400.00	91280.00	100910.00	108400.00		
07381600	1010	19951010	20141010	17	69411.76	26394.72	35400.00	133000.00			36760.00	39900.00	43980.00	49850.00	54520.00	56830.00	59800.00	60560.00	63800.00	67040.00	70600.00	74550.00	82860.00	88850.00	91720.00	98200.00	113000.00		
07381600	1011	19951011	20141011	15	72240.00	27886.63	38300.00	128000.00			38540.00	39820.00	44140.00	54700.00	55900.00	56440.00	57520.00	60640.00	67600.00	68160.00	74900.00	82260.00	87800.00	92200.00	95720.00	110640.00	123200.00		
07381600	1012	19951012	20141012	15	72066.67	25995.57	38800.00	123000.00			39220.00	39500.00	42660.00	55300.00	56340.00	60800.00	64160.00	66300.00	71500.00	72140.00	74580.00	78020.00	82560.00	89200.00	89600.00	107880.00	121200.00		
07381600	1013	19951013	20141013	16	65987.50	28293.98	31000.00	124000.00			31140.00	32795.00	36340.00	40025.00	41680.00	47460.00	51000.00	59795.00	66400.00	71430.00	77260.00	80415.00	82370.00	84325.00	87420.00	98055.00	113500.00		
07381600	1014	19951014	20141014	16	72006.25	26862.20	32800.00	126000.00			35250.00	37675.00	42320.00	48250.00	50590.00	53905.00	70820.00	75130.00	75700.00	76690.00	78440.00	81800.00	81800.00	92150.00	96500.00	101105.00	112000.00		
07381600	1015	19951015	20141015	16	68118.75	27227.98	30600.00	132000.00			33540.00	38760.00	42240.00	43975.00	48810.00	54845.00	56320.00	62125.00	66650.00	68375.00	70700.00	79035.00	84730.00	86975.00	92900.00	97130.00	108130.00		
07381600	1016	19951016	20141016	16	69312.50	30948.21	29100.00	152000.00			29730.00	33465.00	37380.00	41175.00	48240.00	52830.00	63900.00	70435.00	73450.00	76185.00	79840.00	81205.00	81290.00	82575.00	86780.00	91415.00	111400.00		
07381600	1017	19951017	20141017	16	70800.00	31866.89	20900.00	160000.00			26570.00	37195.00	46060.00	50575.00	54620.00	56490.00	67880.00	71415.00	73350.00	75005.00	75340.00	76155.00	80490.00	81225.00	86460.00	93545.00	116600.00		
07381600	1018	19951018	20141018	16	71362.50	30801.66	38800.00	160000.00			40760.00	42040.00	43520.00	47000.00	52410.00	52495.00	61140.00	64535.00	66700.00	69005.00	71200.00	74180.00	77240.00	88325.00	92680.00	98510.00	121500.00		
07381600	1019	19951019	20141019	17	73164.71	31107.80	42500.00	168000.00			43220.00	47600.00	51320.00	53400.00	54720.00	55560.00	57480.00	64790.00	66500.00	66680.00	67660.00	73850.00	76520.00	84700.00	96880.00	104500.00	120000.00		
07381600	1020	19951020	20141020	16	75587.50	36877.98	36700.00	182000.00			39500.00	41470.00	43020.00	44575.00	46430.00	57735.00	62640.00	69420.00	72950.00	73400.00	73640.00	75090.00	83420.00	99100.00	104600.00	106800.00	130900.00		
07381600	1021	19951021	20131021	15	71133.33	35841.29	31900.00	179000.00			35680.00	40480.00	44140.00	45100.00	45500.00	55080.00	63120.00	66320.00	68800.00	70000.00	72220.00	73660.00	74840.00	78600.00	83000.00	97840.00	135800.00		
07381600	1022	19951022	20131022	15	70900.00	34828.54	30700.00	170000.00			32860.00	36940.00	41460.00	43700.00	48500.00	56660.00	62300.00	64360.00	66600.00	68040.00	73260.00	77100.00	79300.00	84500.00	85780.00	99840.00	133400.00		
07381600	1023	19951023	20131023	15	69266.67	38192.38	31000.00	190000.00			32320.00	34840.00	38660.00	44100.00	51860.00	57220.00	59980.00	60820.00	61300.00	65300.00	67140.00	70540.00	76280.00	82200.00	87240.00	88560.00	129160.00		
07381600	1024	19951024	20131024	15	71306.67	40202.73	28600.00	200000.00			31780.00	39620.00	49180.00	53100.00	53740.00	55400.00	56760.00	57900.00	60300.00	63260.00	66100.00	72660.00	81160.00	84200.00	85560.00	91900.00	137540.00		
07381600	1025	19951025	20131025	15	68120.00	41053.30	34300.00	201000.00			34300.00	36180.00	39260.00	40300.00	46540.00	50020.00	52660.00	54960.00	56000.00	63200.00	67100.00	70860.00	74780.00	76300.00	85500.00	89600.00	134880.00		
07381600	1026	19951026	20131026	15	70533.33	40673.77	31300.00	200000.00			36280.00	39800.00	40740.00	43300.00	50020.00	54220.00	55980.00	56640.00	58800.00	63920.00	65860.00	71140.00	80060.00	86700.00	90140.00	92560.00	136160.00		
07381600	1027	19951027	20131027	16	70981.25	37378.05	25800.00	194000.00			37420.00	42400.00	45000.00	50650.00	56370.00	60365.00	61000.00	61295.00	63450.00	65535.00	66620.00	71000.00	76100.00	77825.00	87080.00	93225.00	123650.00		
07381600	1028	19951028	20131028	15	76246.67	39395.45	30200.00	196000.00			36140.00	41340.00	45240.00	53400.00	56200.00	57860.00	61140.00	65600.00	67600.00	72560.00	76560.00	84080.00	92720.00	93200.00	95760.00	97540.00	137380.00		
07381600	1029	19951029	20131029	16	69918.75	37275.97	25600.00	188000.00			32460.00	37050.00	40880.00	46000.00	50890.00	56755.00	59100.00	61680.00	65300.00	68080.00	69260.00	72125.00	75950.00	85025.00	88140.00	91810.00	123670.00		
07381600	1030	19951030	20131030	15	69926.67	39978.73	23000.00	190000.00			25520.00	30680.00	37840.00	45600.00	52000.00	54620.00	56460.00	59620.00	65300.00	69860.00	72020.00	75420.00	79740.00	80700.00	89820.00	96120.00	135280.00		
07381600	1031	19951031	20131031	15	71780.00	41139.28	17200.00	202000.00			27460.00	37100.00	44000.00	54800.00	55920.00	57760.00	59520.00	62400.00	69600.00	72000.00	75660.00	78380.00	79660.00	80700.00	81580.00	86540.00	134620.00		
07381600	1101	19951101	20131101	15	74793.33	37079.33	34900.00	196000.00			44740.00	52420.00	54540.00	56300.00	56380.00	56820.00	57340.00	58760.00	63000.00	73080.00	75960.00	77680.00	80960.00	85200.00	86160.00	89640.00	133480.00		
07381600	1102	19951102	20131102	16	75168.75	39162.31	28600.00	196000.00			31960.00	42420.00	49880.00	50300.00	51220.00	51390.00	61640.00	64785.00	70000.00	76930.00	80800.00	81310.00	83180.00	85200.00	96120.00	103450.00	131600.00		
07381600	1103	19951103	20131103	16	74331.25	40779.97	22300.00	198000.00			33360.00	38485.00	39680.00	43725.00	52150.00	54275.00	62080.00	64520.00	65650.00	71820.00	82640.00	86520.00	88560.00	90150.00	96240.00	100900.00	130800.00		
07381600	1104	19951104	20131104	16	75150.00	41076.55	31300.00	199000.00			35290.00	37660.00	39480.00	43300.00	49540.00	54130.00	57040.00	63680.00	70500.00	75570.00	79980.00	86845.00	89310.00	90425.00	90940.00	102755.00	141600.00		
07381600	1105	19951105	20131105	16	72831.25	41463.20	34800.00	205000.00			35920.00	36895.00	41100.00	46850.00	47300.00	49850.00	52080.00	55395.00	63600.00	73625.00	80440.00	83075.00	84350.00	87275.00	88500.00	95585.00	134300.00		
07381600	1106	19951106	20131106	16	77368.75	42842.03	34400.00	211000.00			36010.00	41540.00	47140.00	50350.00	52640.00	52980.00	55880.00	58290.00	65750.00	76115.00	83220.00	83675.00	90050.00	92975.00	102280.00	108000.00	138900.00		
07381600	1107	19951107	20131107	16	80618.75	42975.93	40600.00	218000.00			44800.00	46600.00	47560.00	50325.00	54360.00	54870.00	63620.00	69505.00	72300.00	73205.00	76400.00	88515.00	90470.00	98425.00	101600.00	107400.00	145200.00		
07381600	1108	19951108	20131108	16	75487.50	47212.92	34100.00	225000.00			35080.00	35665.00	40160.00	47050.00	48270.00	49715.00	53400.00	56900.00	61900.00	67145.00	72220.00	80800.00	89300.00	91500.00	100360.00	110500.00	148700.00		
07381600	1109	19951109	20131109	16	71516.88	48751.45	7170.00	226000.00			26441.00	36460.00	39700.00	43525.00	46990.00	47755.00	57000.00	60405.00	63900.00	67185.00	68140.00	69850.00	82600.00	85450.00	87940.00	102215.00	150400.00		
07381600	1110	19951110	20131110	16	75425.00	45423.28	31200.00	224000.00			33930.00	39940.00	46860.00	51825.00	53430.00	53685.00	54900.00	62090.00	66050.00	67070.00	70640.00	79325.00	81450.00	87550.00	91600.00	102900.00	147700.00		
07381600	1111	19951111	20131111	16	75237.50	48737.24	20500.00	225000.00			30230.00	38800.00	43200.00	45125.00	47430.00	48535.00	52600.00	55030.00	60200.00	67995.00	74500.00	75815.00	84570.00	97900.00	106200.00	114400.00	152200.00		
07381600	1112	19951112	20131112	16	78725.00	46267.32	34400.00	228000.00			43290.00	47100.00	48940.00	52225.00	54080.00	56460.00	56760.00	58945.00	64400.00	69505.00	72340.00	77955.00	82290.00	90300.00	101920.00	114750.00	154500.00		
07381600	1113	19951113	20131113	16	77331.25	48755.22	36600.00	239000.00			39050.00	40815.00	45240.00	51600.00	53850.00	57675.00	60220.00	61450.00	64350.00	67600.00	69620.00	72700.00	76100.00	84150.00	93960.00	110590.00	159200.00		
07381600	1114	19951114	20131114	16	77368.75	50353.55	28400.00	241000.00			37500.00	46515.00	50820.00	51350.00	52450.00	52875.00	53940.00	54395.00	56150.00	60110.00	68540.00	85275.00	88250.00	89125.00	94640.00	111610.00	161900.00		
07381600	1115	19951115	20131115	17	82847.06	50623.74	31600.00	244000.00			36240.00	43420.00	49600.00	52150.00	52900.00	54040.00	55980.00	61980.00	66300.00	72510.00	82560.00	92390.00	97160.00	101600.00	112200.00	124800.00	152000.00		
07381600	1116	19951116	20131116	16	83618.75	52577.70	35200.00	243000.00			39190.00	42055.00	46840.00	52925.00	54120.00	55990.00	56580.00	57350.00	58100.00	61580.00	74240.00	102150.00	104700.00	112500.00	118000.00	124950.00	164600.00		
07381600	1117	19951117	20131117	17	83458.82	53085.57	36100.00	248000.00			37860.00	41100.00	43680.00	45800.00	49080.00	52890.00	54520.00	55790.00	66500.00	68840.00	83900.00	96980.00	103400.00	108000.00	116200.00	127900.00	159200.00		
07381600	1118	19951118	20131118	17	82405.88	51972.92	37200.00	240000.00			40400.00	43090.00	44380.00	45350.00	47440.00	50350.00	53520.00	59220.00	59400.00	63000.00	80040.00	95960.00	101600.00	104000.00	115600.00	133300.00	160800.00		
07381600	1119	19951119	20131119	18	84322.22	50408.71	35600.00	229000.00			41360.00	43190.00	45800.00	47525.00	48180.00	48820.00	49640.00	55830.00	71300.00	83575.00	88740.00	95630.00	99580.00	102250.00	115400.00	143100.00	162400.00		
07381600	1120	19951120	20131120	18	82172.22	48550.78	36900.00	219000.00			37440.00	39625.00	40720.00	43750.00	48270.00	50710.00	51440.00	58530.00	66700.00	73520.00	85560.00	96715.00	100820.00	107500.00	117200.00	139050.00	152400.00		
07381600	1121	19951121	20131121	18	82077.78	47702.91	34700.00	210000.00			38480.00	40090.00	44780.00	46875.00	47970.00	49340.00	50560.00	55235.00	66250.00	74790.00	80680.00	91655.00	103500.00	114250.00	118800.00	136850.00	158700.00		
07381600	1122	19951122	20131122	18	82144.44	49506.27	33500.00	207000.00			41150.00	42085.00	42580.00	42925.00	44470.00	45360.00	47540.00	51705.00	62200.00	77690.00	87480.00	94120.00	104900.00	108750.00	117800.00	138700.00	174600.00		
07381600	1123	19951123	20131123	18	83488.89	48557.52	37300.00	206000.00			40540.00	41920.00	42900.00	43400.00	46720.00	48295.00	51700.00	63965.00	72800.00	75785.00	82460.00	91950.00	100870.00	108000.00	119600.00	136900.00	179000.00		
07381600	1124	19951124	20131124	18	84527.78	46769.94	35300.00	202000.00			40520.00	46030.00	47700.00	48275.00	48400.00	48530.00	51540.00	59770.00	69650.00	80610.00	92880.00	99935.00	100300.00	107000.00	126400.00	136800.00	167800.00		
07381600	1125	19951125	20131125	17	76964.71	42790.64	34700.00	192000.00			35500.00	39270.00	42000.00	44000.00	47000.00	50180.00	52040.00	55680.00	61800.00	76470.00	83220.00	88420.00	92020.00	96350.00	101640.00	118200.00	157600.00		
07381600	1126	19951126	20131126	17	79976.47	41929.86	32500.00	189000.00			35540.00	41620.00	44800.00	46500.00	49360.00	53980.00	59660.00	64370.00	68600.00	69770.00	87500.00	94070.00	99200.00	102000.00	108000.00	125100.00	153000.00		
07381600	1127	19951127	20131127	18	86550.00	40719.66	34000.00	188000.00			40750.00	46005.00	50240.00	54400.00	57320.00	58750.00	63360.00	67795.00	79600.00	92485.00	98840.00	104000.00	104900.00	108500.00	117400.00	135750.00	144800.00		
07381600	1128	19951128	20131128	18	89333.33	44035.72	38600.00	186000.00			39590.00	44715.00	46480.00	48650.00	51400.00	58800.00	68300.00	73235.00	79900.00	87870.00	96240.00	106050.00	111000.00	124250.00	143200.00	144450.00	150900.00		
07381600	1129	19951129	20131129	18	91572.22	41289.38	39500.00	184000.00			41030.00	45195.00	51580.00	54575.00	63990.00	70985.00	77200.00	82125.00	83700.00	84960.00	93900.00	107450.00	112300.00	116750.00	130000.00	141150.00	161500.00		
07381600	1130	19951130	20131130	18	93555.56	40484.98	37500.00	185000.00			42360.00	55735.00	60000.00	67175.00	70380.00	71190.00	75960.00	81200.00	83750.00	85625.00	93800.00	104000.00	105200.00	113250.00	132400.00	148700.00	166100.00		
07381600	1201	19951201	20131201	17	93858.82	43566.95	29500.00	188000.00			36380.00	46780.00	56560.00	63050.00	65580.00	69120.00	77680.00	80430.00	84300.00	87000.00	106260.00	111700.00	113800.00	120500.00	134000.00	149900.00	164800.00		
07381600	1202	19951202	20131202	17	84000.00	40191.11	18700.00	176000.00			36060.00	46000.00	50920.00	53550.00	57140.00	61130.00	64280.00	76600.00	76600.00	81820.00	88080.00	98250.00	103800.00	109000.00	119000.00	132200.00	148800.00		
07381600	1203	19951203	20131203	17	85182.35	42896.03	25400.00	180000.00			31960.00	35420.00	38840.00	49150.00	58620.00	61110.00	66020.00	75550.00	77800.00	91300.00	100960.00	105100.00	107200.00	109500.00	118600.00	135100.00	153600.00		
07381600	1204	19951204	20131204	18	84894.44	41883.75	23800.00	180000.00			33340.00	41710.00	47960.00	54600.00	57520.00	62030.00	68640.00	74185.00	77900.00	80490.00	87820.00	98400.00	103400.00	109750.00	117000.00	139550.00	156600.00		
07381600	1205	19951205	20131205	17	92741.18	40084.77	45500.00	175000.00			46460.00	48520.00	49600.00	51200.00	57600.00	67650.00	76160.00	86900.00	91400.00	94820.00	100640.00	109000.00	113800.00	118500.00	127600.00	142900.00	162200.00		
07381600	1206	19951206	20131206	17	92529.41	44334.20	30200.00	171000.00			35400.00	42580.00	47740.00	53450.00	59680.00	66160.00	74000.00	77410.00	82900.00	99190.00	105800.00	111200.00	117200.00	128500.00	139400.00	149900.00	167000.00		
07381600	1207	19951207	20131207	17	93294.12	45680.01	31900.00	179000.00			39660.00	44820.00	48000.00	51950.00	57340.00	63910.00	70980.00	75930.00	85200.00	100320.00	103600.00	104700.00	120600.00	133500.00	139600.00	152200.00	171000.00		
07381600	1208	19951208	20131208	18	91983.33	48365.83	30400.00	196000.00			38410.00	40575.00	48480.00	52125.00	57320.00	65865.00	69880.00	74380.00	79300.00	87280.00	95680.00	98360.00	112200.00	136750.00	139800.00	148100.00	178900.00		
07381600	1209	19951209	20131209	17	95047.06	52346.99	27500.00	198000.00			33500.00	39340.00	42460.00	48400.00	57460.00	65980.00	72920.00	77570.00	86300.00	94490.00	96360.00	104580.00	121200.00	138000.00	152800.00	168100.00	183600.00		
07381600	1210	19951210	20131210	17	100670.59	47987.39	45600.00	196000.00			46240.00	51650.00	57020.00	62400.00	68940.00	74040.00	74800.00	76860.00	88200.00	90720.00	91400.00	110050.00	129400.00	145500.00	158400.00	168300.00	180000.00		
07381600	1211	19951211	20131211	17	99517.65	50498.78	38100.00	208000.00			41220.00	52150.00	57100.00	58250.00	64200.00	74280.00	79980.00	81740.00	83900.00	86510.00	89280.00	101170.00	120400.00	145000.00	163200.00	169500.00	180000.00		
07381600	1212	19951212	20131212	17	100735.29	53570.28	28300.00	227000.00			36860.00	49570.00	58000.00	61150.00	63980.00	68300.00	74620.00	91600.00	92500.00	94840.00	98140.00	102470.00	116000.00	142000.00	163200.00	168600.00	181400.00		
07381600	1213	19951213	20131213	18	102833.33	51321.15	33000.00	227000.00			48210.00	56955.00	58200.00	63900.00	67760.00	69965.00	75800.00	88165.00	97400.00	99435.00	100160.00	105900.00	118300.00	135000.00	163600.00	170300.00	177500.00		
07381600	1214	19951214	20131214	17	105235.29	52923.62	35000.00	223000.00			39560.00	48750.00	58140.00	64900.00	70580.00	76640.00	82780.00	91250.00	92600.00	102860.00	105600.00	111600.00	124800.00	147500.00	166600.00	173800.00	187000.00		
07381600	1215	19951215	20131215	18	108733.33	49923.31	34200.00	226000.00			56070.00	61985.00	67080.00	76600.00	84090.00	86555.00	86920.00	91455.00	96700.00	99065.00	101200.00	107900.00	120000.00	137750.00	171400.00	177600.00	185500.00		
07381600	1216	19951216	20131216	18	107561.11	50905.48	39500.00	223000.00			41210.00	57635.00	66260.00	74825.00	78880.00	81940.00	87280.00	91980.00	96150.00	98700.00	100820.00	108900.00	122200.00	142250.00	173200.00	175200.00	186100.00		
07381600	1217	19951217	20131217	18	104922.22	53640.61	38800.00	226000.00			50860.00	61125.00	63580.00	67100.00	69670.00	70430.00	73620.00	79660.00	87650.00	94065.00	96460.00	105750.00	123200.00	139250.00	179600.00	182150.00	187300.00		
07381600	1218	19951218	20131218	18	105788.89	52313.09	49500.00	226000.00			51660.00	62270.00	64820.00	68525.00	72570.00	73995.00	75720.00	81585.00	89450.00	93850.00	99040.00	107750.00	112500.00	131750.00	179600.00	182600.00	190000.00		
07381600	1219	19951219	20131219	18	106372.22	55061.26	33500.00	238000.00			43940.00	64990.00	69540.00	71225.00	74920.00	77340.00	78320.00	82560.00	86100.00	86715.00	95460.00	111500.00	120100.00	139000.00	181000.00	181300.00	188500.00		
07381600	1220	19951220	20131220	18	109033.33	57307.66	19700.00	249000.00			60200.00	74050.00	76580.00	77625.00	78460.00	80390.00	81600.00	82295.00	83700.00	85105.00	92960.00	106100.00	115100.00	141500.00	185800.00	189000.00	195000.00		
07381600	1221	19951221	20131221	17	112205.88	57744.80	37300.00	248000.00			54340.00	68960.00	73880.00	75350.00	77340.00	79020.00	82160.00	91160.00	94400.00	96560.00	98480.00	100370.00	116600.00	157000.00	188200.00	191500.00	205600.00		
07381600	1222	19951222	20131222	18	114727.78	52331.90	55200.00	236000.00			64020.00	74945.00	78060.00	78400.00	86310.00	90220.00	90920.00	91640.00	93650.00	97280.00	100620.00	103050.00	113100.00	146000.00	188400.00	191500.00	203600.00		
07381600	1223	19951223	20131223	18	118022.22	55443.89	54700.00	246000.00			64780.00	73550.00	77380.00	79950.00	83120.00	86670.00	88360.00	89865.00	95250.00	103830.00	113800.00	121350.00	122300.00	139000.00	189200.00	200250.00	216300.00		
07381600	1224	19951224	20131224	18	119355.56	55437.94	45700.00	241000.00			65500.00	74415.00	78080.00	79825.00	82300.00	88920.00	93140.00	96925.00	104200.00	112600.00	117800.00	119350.00	121200.00	137750.00	182400.00	200650.00	228400.00		
07381600	1225	19951225	20131225	17	123117.65	59688.85	42800.00	246000.00			56800.00	61490.00	75080.00	83800.00	85640.00	91850.00	100520.00	103600.00	109000.00	111700.00	116000.00	122600.00	133400.00	166000.00	195000.00	207600.00	233200.00		
07381600	1226	19951226	20131226	17	127429.41	57796.46	49800.00	248000.00			70040.00	75730.00	80320.00	88850.00	96180.00	99990.00	103400.00	105300.00	108000.00	108000.00	116800.00	123200.00	136400.00	168500.00	195400.00	210400.00	239200.00		
07381600	1227	19951227	20131227	17	128447.06	61181.28	47500.00	247000.00			57500.00	70360.00	76540.00	82050.00	90720.00	98940.00	103400.00	105100.00	106000.00	115900.00	121800.00	134900.00	149600.00	176000.00	198000.00	214500.00	246200.00		
07381600	1228	19951228	20131228	17	129364.71	62329.02	55500.00	252000.00			64220.00	68780.00	76040.00	80950.00	86340.00	94500.00	98640.00	104300.00	107000.00	116000.00	122600.00	133800.00	150600.00	179500.00	202800.00	219000.00	248000.00		
07381600	1229	19951229	20131229	16	130218.75	63961.17	50100.00	254000.00			55490.00	63960.00	71520.00	77050.00	84270.00	101015.00	102800.00	107550.00	114000.00	118700.00	124200.00	141900.00	157200.00	187500.00	201200.00	220650.00	244900.00		
07381600	1230	19951230	20131230	16	128775.00	64536.82	52000.00	265000.00			56340.00	62985.00	69900.00	75550.00	79190.00	80805.00	105780.00	112000.00	114500.00	117700.00	122800.00	139100.00	157800.00	187000.00	200800.00	213900.00	237700.00		
07381600	1231	19951231	20131231	16	129787.50	63278.81	52400.00	265000.00			53730.00	56280.00	62220.00	72600.00	86670.00	106815.00	111200.00	112650.00	118000.00	123700.00	127400.00	138250.00	159500.00	189750.00	202000.00	207150.00	227200.00		
