site_no	monthday	begin_dt	end_dt	count_nu	mean	std	min	max	p01	p05	p10	p15	p20	p25	p30	p35	p40	p45	p50	p55	p60	p65	p70	p75	p80	p85	p90	p95	p99
08080700	ALL	19390621	20151001	17696	2.39	43.86	0.00	3710.00	0.00	0.00	0.00	0.00	0.00	0.00	0.00	0.00	0.00	0.00	0.00	0.00	0.00	0.00	0.00	0.00	0.00	0.00	0.20	1.60	31.00
08080700	0101	19400101	20150101	48	0.01	0.07	0.00	0.50		0.00	0.00	0.00	0.00	0.00	0.00	0.00	0.00	0.00	0.00	0.00	0.00	0.00	0.00	0.00	0.00	0.00	0.00	0.06	
08080700	0102	19400102	20150102	48	0.03	0.15	0.00	0.88		0.00	0.00	0.00	0.00	0.00	0.00	0.00	0.00	0.00	0.00	0.00	0.00	0.00	0.00	0.00	0.00	0.00	0.00	0.32	
08080700	0103	19400103	20150103	48	0.01	0.04	0.00	0.21		0.00	0.00	0.00	0.00	0.00	0.00	0.00	0.00	0.00	0.00	0.00	0.00	0.00	0.00	0.00	0.00	0.00	0.00	0.15	
08080700	0104	19400104	20150104	48	0.00	0.01	0.00	0.10		0.00	0.00	0.00	0.00	0.00	0.00	0.00	0.00	0.00	0.00	0.00	0.00	0.00	0.00	0.00	0.00	0.00	0.00	0.00	
08080700	0105	19400105	20150105	48	0.07	0.46	0.00	3.20		0.00	0.00	0.00	0.00	0.00	0.00	0.00	0.00	0.00	0.00	0.00	0.00	0.00	0.00	0.00	0.00	0.00	0.00	0.06	
08080700	0106	19400106	20150106	48	0.01	0.02	0.00	0.10		0.00	0.00	0.00	0.00	0.00	0.00	0.00	0.00	0.00	0.00	0.00	0.00	0.00	0.00	0.00	0.00	0.00	0.00	0.10	
08080700	0107	19400107	20150107	48	0.03	0.10	0.00	0.50		0.00	0.00	0.00	0.00	0.00	0.00	0.00	0.00	0.00	0.00	0.00	0.00	0.00	0.00	0.00	0.00	0.00	0.02	0.31	
08080700	0108	19400108	20150108	48	0.02	0.08	0.00	0.50		0.00	0.00	0.00	0.00	0.00	0.00	0.00	0.00	0.00	0.00	0.00	0.00	0.00	0.00	0.00	0.00	0.00	0.00	0.20	
08080700	0109	19400109	20150109	48	0.06	0.22	0.00	1.40		0.00	0.00	0.00	0.00	0.00	0.00	0.00	0.00	0.00	0.00	0.00	0.00	0.00	0.00	0.00	0.00	0.00	0.20	0.41	
08080700	0110	19400110	20150110	48	0.07	0.38	0.00	2.60		0.00	0.00	0.00	0.00	0.00	0.00	0.00	0.00	0.00	0.00	0.00	0.00	0.00	0.00	0.00	0.00	0.00	0.00	0.31	
08080700	0111	19400111	20150111	48	0.01	0.05	0.00	0.30		0.00	0.00	0.00	0.00	0.00	0.00	0.00	0.00	0.00	0.00	0.00	0.00	0.00	0.00	0.00	0.00	0.00	0.00	0.11	
08080700	0112	19400112	20150112	48	0.01	0.03	0.00	0.20		0.00	0.00	0.00	0.00	0.00	0.00	0.00	0.00	0.00	0.00	0.00	0.00	0.00	0.00	0.00	0.00	0.00	0.00	0.10	
08080700	0113	19400113	20150113	48	0.09	0.35	0.00	2.10		0.00	0.00	0.00	0.00	0.00	0.00	0.00	0.00	0.00	0.00	0.00	0.00	0.00	0.00	0.00	0.00	0.00	0.10	0.93	
08080700	0114	19400114	20150114	48	0.07	0.29	0.00	1.60		0.00	0.00	0.00	0.00	0.00	0.00	0.00	0.00	0.00	0.00	0.00	0.00	0.00	0.00	0.00	0.00	0.00	0.03	0.91	
08080700	0115	19400115	20150115	48	0.03	0.14	0.00	0.80		0.00	0.00	0.00	0.00	0.00	0.00	0.00	0.00	0.00	0.00	0.00	0.00	0.00	0.00	0.00	0.00	0.00	0.00	0.36	
08080700	0116	19400116	20150116	48	0.01	0.07	0.00	0.50		0.00	0.00	0.00	0.00	0.00	0.00	0.00	0.00	0.00	0.00	0.00	0.00	0.00	0.00	0.00	0.00	0.00	0.00	0.00	
08080700	0117	19400117	20150117	48	0.19	1.21	0.00	8.40		0.00	0.00	0.00	0.00	0.00	0.00	0.00	0.00	0.00	0.00	0.00	0.00	0.00	0.00	0.00	0.00	0.00	0.00	0.27	
08080700	0118	19400118	20150118	48	0.03	0.17	0.00	1.10		0.00	0.00	0.00	0.00	0.00	0.00	0.00	0.00	0.00	0.00	0.00	0.00	0.00	0.00	0.00	0.00	0.00	0.00	0.26	
08080700	0119	19400119	20150119	48	0.01	0.03	0.00	0.20		0.00	0.00	0.00	0.00	0.00	0.00	0.00	0.00	0.00	0.00	0.00	0.00	0.00	0.00	0.00	0.00	0.00	0.00	0.05	
08080700	0120	19400120	20150120	48	0.00	0.02	0.00	0.12		0.00	0.00	0.00	0.00	0.00	0.00	0.00	0.00	0.00	0.00	0.00	0.00	0.00	0.00	0.00	0.00	0.00	0.00	0.05	
08080700	0121	19400121	20150121	48	0.05	0.30	0.00	2.10		0.00	0.00	0.00	0.00	0.00	0.00	0.00	0.00	0.00	0.00	0.00	0.00	0.00	0.00	0.00	0.00	0.00	0.00	0.12	
08080700	0122	19400122	20150122	48	0.04	0.18	0.00	1.10		0.00	0.00	0.00	0.00	0.00	0.00	0.00	0.00	0.00	0.00	0.00	0.00	0.00	0.00	0.00	0.00	0.00	0.01	0.38	
08080700	0123	19400123	20150123	48	0.03	0.12	0.00	0.59		0.00	0.00	0.00	0.00	0.00	0.00	0.00	0.00	0.00	0.00	0.00	0.00	0.00	0.00	0.00	0.00	0.00	0.08	0.44	
08080700	0124	19400124	20150124	48	0.04	0.25	0.00	1.70		0.00	0.00	0.00	0.00	0.00	0.00	0.00	0.00	0.00	0.00	0.00	0.00	0.00	0.00	0.00	0.00	0.00	0.00	0.05	
08080700	0125	19400125	20150125	48	0.03	0.17	0.00	1.20		0.00	0.00	0.00	0.00	0.00	0.00	0.00	0.00	0.00	0.00	0.00	0.00	0.00	0.00	0.00	0.00	0.00	0.00	0.06	
08080700	0126	19400126	20150126	48	0.01	0.09	0.00	0.60		0.00	0.00	0.00	0.00	0.00	0.00	0.00	0.00	0.00	0.00	0.00	0.00	0.00	0.00	0.00	0.00	0.00	0.00	0.05	
08080700	0127	19400127	20150127	48	0.06	0.24	0.00	1.30		0.00	0.00	0.00	0.00	0.00	0.00	0.00	0.00	0.00	0.00	0.00	0.00	0.00	0.00	0.00	0.00	0.00	0.11	0.69	
08080700	0128	19400128	20150128	48	0.24	1.08	0.00	5.50		0.00	0.00	0.00	0.00	0.00	0.00	0.00	0.00	0.00	0.00	0.00	0.00	0.00	0.00	0.00	0.00	0.00	0.01	3.22	
08080700	0129	19400129	20150129	48	0.03	0.19	0.00	1.30		0.00	0.00	0.00	0.00	0.00	0.00	0.00	0.00	0.00	0.00	0.00	0.00	0.00	0.00	0.00	0.00	0.00	0.00	0.12	
08080700	0130	19400130	20150130	48	0.07	0.37	0.00	2.50		0.00	0.00	0.00	0.00	0.00	0.00	0.00	0.00	0.00	0.00	0.00	0.00	0.00	0.00	0.00	0.00	0.00	0.00	0.53	
08080700	0131	19400131	20150131	48	0.17	0.81	0.00	5.10		0.00	0.00	0.00	0.00	0.00	0.00	0.00	0.00	0.00	0.00	0.00	0.00	0.00	0.00	0.00	0.00	0.00	0.10	1.59	
08080700	0201	19400201	20150201	48	0.07	0.24	0.00	1.20		0.00	0.00	0.00	0.00	0.00	0.00	0.00	0.00	0.00	0.00	0.00	0.00	0.00	0.00	0.00	0.00	0.03	0.12	0.81	
08080700	0202	19400202	20150202	48	0.11	0.42	0.00	2.60		0.00	0.00	0.00	0.00	0.00	0.00	0.00	0.00	0.00	0.00	0.00	0.00	0.00	0.00	0.00	0.00	0.01	0.10	0.90	
08080700	0203	19400203	20150203	48	0.25	1.11	0.00	7.50		0.00	0.00	0.00	0.00	0.00	0.00	0.00	0.00	0.00	0.00	0.00	0.00	0.00	0.00	0.00	0.00	0.00	0.91	1.27	
08080700	0204	19400204	20150204	48	0.19	0.75	0.00	4.80		0.00	0.00	0.00	0.00	0.00	0.00	0.00	0.00	0.00	0.00	0.00	0.00	0.00	0.00	0.00	0.00	0.00	0.53	1.48	
08080700	0205	19400205	20150205	48	0.08	0.38	0.00	2.50		0.00	0.00	0.00	0.00	0.00	0.00	0.00	0.00	0.00	0.00	0.00	0.00	0.00	0.00	0.00	0.00	0.01	0.20	0.56	
08080700	0206	19400206	20150206	48	0.20	1.30	0.00	9.00		0.00	0.00	0.00	0.00	0.00	0.00	0.00	0.00	0.00	0.00	0.00	0.00	0.00	0.00	0.00	0.00	0.00	0.01	0.36	
08080700	0207	19400207	20150207	48	0.01	0.04	0.00	0.27		0.00	0.00	0.00	0.00	0.00	0.00	0.00	0.00	0.00	0.00	0.00	0.00	0.00	0.00	0.00	0.00	0.00	0.00	0.05	
08080700	0208	19400208	20150208	48	0.00	0.03	0.00	0.21		0.00	0.00	0.00	0.00	0.00	0.00	0.00	0.00	0.00	0.00	0.00	0.00	0.00	0.00	0.00	0.00	0.00	0.00	0.00	
08080700	0209	19400209	20150209	48	0.03	0.17	0.00	1.00		0.00	0.00	0.00	0.00	0.00	0.00	0.00	0.00	0.00	0.00	0.00	0.00	0.00	0.00	0.00	0.00	0.00	0.00	0.32	
08080700	0210	19400210	20150210	48	0.00	0.01	0.00	0.10		0.00	0.00	0.00	0.00	0.00	0.00	0.00	0.00	0.00	0.00	0.00	0.00	0.00	0.00	0.00	0.00	0.00	0.00	0.02	
08080700	0211	19400211	20150211	48	0.01	0.04	0.00	0.30		0.00	0.00	0.00	0.00	0.00	0.00	0.00	0.00	0.00	0.00	0.00	0.00	0.00	0.00	0.00	0.00	0.00	0.00	0.05	
08080700	0212	19400212	20150212	48	0.02	0.09	0.00	0.50		0.00	0.00	0.00	0.00	0.00	0.00	0.00	0.00	0.00	0.00	0.00	0.00	0.00	0.00	0.00	0.00	0.00	0.01	0.22	
08080700	0213	19400213	20150213	48	0.02	0.07	0.00	0.40		0.00	0.00	0.00	0.00	0.00	0.00	0.00	0.00	0.00	0.00	0.00	0.00	0.00	0.00	0.00	0.00	0.00	0.06	0.21	
08080700	0214	19400214	20150214	48	0.04	0.26	0.00	1.80		0.00	0.00	0.00	0.00	0.00	0.00	0.00	0.00	0.00	0.00	0.00	0.00	0.00	0.00	0.00	0.00	0.00	0.00	0.18	
08080700	0215	19400215	20150215	48	0.01	0.03	0.00	0.20		0.00	0.00	0.00	0.00	0.00	0.00	0.00	0.00	0.00	0.00	0.00	0.00	0.00	0.00	0.00	0.00	0.00	0.00	0.09	
08080700	0216	19400216	20150216	48	0.02	0.09	0.00	0.64		0.00	0.00	0.00	0.00	0.00	0.00	0.00	0.00	0.00	0.00	0.00	0.00	0.00	0.00	0.00	0.00	0.00	0.06	0.10	
08080700	0217	19400217	20150217	48	0.04	0.22	0.00	1.50		0.00	0.00	0.00	0.00	0.00	0.00	0.00	0.00	0.00	0.00	0.00	0.00	0.00	0.00	0.00	0.00	0.00	0.00	0.09	
08080700	0218	19400218	20150218	48	0.05	0.32	0.00	2.20		0.00	0.00	0.00	0.00	0.00	0.00	0.00	0.00	0.00	0.00	0.00	0.00	0.00	0.00	0.00	0.00	0.00	0.00	0.04	
08080700	0219	19400219	20150219	48	0.01	0.06	0.00	0.40		0.00	0.00	0.00	0.00	0.00	0.00	0.00	0.00	0.00	0.00	0.00	0.00	0.00	0.00	0.00	0.00	0.00	0.00	0.00	
08080700	0220	19400220	20150220	48	0.02	0.09	0.00	0.59		0.00	0.00	0.00	0.00	0.00	0.00	0.00	0.00	0.00	0.00	0.00	0.00	0.00	0.00	0.00	0.00	0.00	0.00	0.09	
08080700	0221	19400221	20150221	48	0.08	0.47	0.00	3.20		0.00	0.00	0.00	0.00	0.00	0.00	0.00	0.00	0.00	0.00	0.00	0.00	0.00	0.00	0.00	0.00	0.00	0.03	0.37	
08080700	0222	19400222	20150222	48	0.19	0.81	0.00	5.40		0.00	0.00	0.00	0.00	0.00	0.00	0.00	0.00	0.00	0.00	0.00	0.00	0.00	0.00	0.00	0.00	0.06	0.30	1.25	
08080700	0223	19400223	20150223	48	0.09	0.33	0.00	1.90		0.00	0.00	0.00	0.00	0.00	0.00	0.00	0.00	0.00	0.00	0.00	0.00	0.00	0.00	0.00	0.00	0.06	0.14	0.92	
08080700	0224	19400224	20150224	48	0.09	0.52	0.00	3.60		0.00	0.00	0.00	0.00	0.00	0.00	0.00	0.00	0.00	0.00	0.00	0.00	0.00	0.00	0.00	0.00	0.00	0.05	0.20	
08080700	0225	19400225	20150225	48	0.05	0.23	0.00	1.20		0.00	0.00	0.00	0.00	0.00	0.00	0.00	0.00	0.00	0.00	0.00	0.00	0.00	0.00	0.00	0.00	0.00	0.00	0.69	
08080700	0226	19400226	20150226	48	0.10	0.64	0.00	4.40		0.00	0.00	0.00	0.00	0.00	0.00	0.00	0.00	0.00	0.00	0.00	0.00	0.00	0.00	0.00	0.00	0.00	0.02	0.21	
08080700	0227	19400227	20150227	48	0.08	0.48	0.00	3.30		0.00	0.00	0.00	0.00	0.00	0.00	0.00	0.00	0.00	0.00	0.00	0.00	0.00	0.00	0.00	0.00	0.00	0.01	0.14	
08080700	0228	19400228	20150228	48	0.00	0.02	0.00	0.09		0.00	0.00	0.00	0.00	0.00	0.00	0.00	0.00	0.00	0.00	0.00	0.00	0.00	0.00	0.00	0.00	0.00	0.00	0.07	
08080700	0229	19400229	20120229	12	0.70	2.42	0.00	8.40			0.00	0.00	0.00	0.00	0.00	0.00	0.00	0.00	0.00	0.00	0.00	0.00	0.00	0.00	0.00	0.42	5.88		
08080700	0301	19400301	20150301	49	0.02	0.08	0.00	0.45		0.00	0.00	0.00	0.00	0.00	0.00	0.00	0.00	0.00	0.00	0.00	0.00	0.00	0.00	0.00	0.00	0.00	0.00	0.18	
08080700	0302	19400302	20150302	49	0.06	0.24	0.00	1.40		0.00	0.00	0.00	0.00	0.00	0.00	0.00	0.00	0.00	0.00	0.00	0.00	0.00	0.00	0.00	0.00	0.00	0.10	0.60	
08080700	0303	19400303	20150303	49	0.09	0.43	0.00	2.80		0.00	0.00	0.00	0.00	0.00	0.00	0.00	0.00	0.00	0.00	0.00	0.00	0.00	0.00	0.00	0.00	0.00	0.05	0.80	
08080700	0304	19400304	20150304	49	0.47	2.73	0.00	19.00		0.00	0.00	0.00	0.00	0.00	0.00	0.00	0.00	0.00	0.00	0.00	0.00	0.00	0.00	0.00	0.00	0.00	0.10	1.85	
08080700	0305	19400305	20150305	49	0.13	0.53	0.00	3.20		0.00	0.00	0.00	0.00	0.00	0.00	0.00	0.00	0.00	0.00	0.00	0.00	0.00	0.00	0.00	0.00	0.00	0.10	1.40	
08080700	0306	19400306	20150306	49	0.08	0.32	0.00	1.80		0.00	0.00	0.00	0.00	0.00	0.00	0.00	0.00	0.00	0.00	0.00	0.00	0.00	0.00	0.00	0.00	0.00	0.04	0.97	
08080700	0307	19400307	20150307	49	0.04	0.23	0.00	1.60		0.00	0.00	0.00	0.00	0.00	0.00	0.00	0.00	0.00	0.00	0.00	0.00	0.00	0.00	0.00	0.00	0.00	0.00	0.18	
08080700	0308	19400308	20150308	49	0.08	0.32	0.00	2.00		0.00	0.00	0.00	0.00	0.00	0.00	0.00	0.00	0.00	0.00	0.00	0.00	0.00	0.00	0.00	0.00	0.00	0.00	0.77	
08080700	0309	19400309	20150309	49	0.06	0.21	0.00	1.00		0.00	0.00	0.00	0.00	0.00	0.00	0.00	0.00	0.00	0.00	0.00	0.00	0.00	0.00	0.00	0.00	0.00	0.00	0.68	
08080700	0310	19400310	20150310	49	0.42	2.08	0.00	14.00		0.00	0.00	0.00	0.00	0.00	0.00	0.00	0.00	0.00	0.00	0.00	0.00	0.00	0.00	0.00	0.00	0.00	0.20	2.80	
08080700	0311	19400311	20150311	49	0.18	0.75	0.00	4.90		0.00	0.00	0.00	0.00	0.00	0.00	0.00	0.00	0.00	0.00	0.00	0.00	0.00	0.00	0.00	0.00	0.01	0.20	1.45	
08080700	0312	19400312	20150312	49	0.08	0.30	0.00	1.50		0.00	0.00	0.00	0.00	0.00	0.00	0.00	0.00	0.00	0.00	0.00	0.00	0.00	0.00	0.00	0.00	0.01	0.03	1.10	
08080700	0313	19400313	20150313	49	0.05	0.22	0.00	1.20		0.00	0.00	0.00	0.00	0.00	0.00	0.00	0.00	0.00	0.00	0.00	0.00	0.00	0.00	0.00	0.00	0.00	0.00	0.51	
08080700	0314	19400314	20150314	49	0.02	0.14	0.00	1.00		0.00	0.00	0.00	0.00	0.00	0.00	0.00	0.00	0.00	0.00	0.00	0.00	0.00	0.00	0.00	0.00	0.00	0.00	0.00	
08080700	0315	19400315	20150315	49	0.50	2.42	0.00	14.00		0.00	0.00	0.00	0.00	0.00	0.00	0.00	0.00	0.00	0.00	0.00	0.00	0.00	0.00	0.00	0.00	0.00	0.00	5.25	
08080700	0316	19400316	20150316	49	0.39	1.50	0.00	7.00		0.00	0.00	0.00	0.00	0.00	0.00	0.00	0.00	0.00	0.00	0.00	0.00	0.00	0.00	0.00	0.00	0.00	0.10	5.75	
08080700	0317	19400317	20150317	49	0.09	0.31	0.00	1.40		0.00	0.00	0.00	0.00	0.00	0.00	0.00	0.00	0.00	0.00	0.00	0.00	0.00	0.00	0.00	0.00	0.00	0.21	1.11	
08080700	0318	19400318	20150318	49	0.01	0.04	0.00	0.26		0.00	0.00	0.00	0.00	0.00	0.00	0.00	0.00	0.00	0.00	0.00	0.00	0.00	0.00	0.00	0.00	0.00	0.00	0.00	
08080700	0319	19400319	20150319	49	0.22	0.69	0.00	3.00		0.00	0.00	0.00	0.00	0.00	0.00	0.00	0.00	0.00	0.00	0.00	0.00	0.00	0.00	0.00	0.00	0.03	0.65	2.55	
08080700	0320	19400320	20150320	49	0.25	1.08	0.00	7.40		0.00	0.00	0.00	0.00	0.00	0.00	0.00	0.00	0.00	0.00	0.00	0.00	0.00	0.00	0.00	0.00	0.13	0.79	1.10	
08080700	0321	19400321	20150321	49	0.03	0.11	0.00	0.60		0.00	0.00	0.00	0.00	0.00	0.00	0.00	0.00	0.00	0.00	0.00	0.00	0.00	0.00	0.00	0.00	0.00	0.01	0.38	
08080700	0322	19400322	20150322	49	0.09	0.39	0.00	2.20		0.00	0.00	0.00	0.00	0.00	0.00	0.00	0.00	0.00	0.00	0.00	0.00	0.00	0.00	0.00	0.00	0.00	0.00	1.14	
08080700	0323	19400323	20150323	49	0.03	0.16	0.00	1.10		0.00	0.00	0.00	0.00	0.00	0.00	0.00	0.00	0.00	0.00	0.00	0.00	0.00	0.00	0.00	0.00	0.00	0.00	0.07	
08080700	0324	19400324	20150324	49	0.16	0.90	0.00	6.20		0.00	0.00	0.00	0.00	0.00	0.00	0.00	0.00	0.00	0.00	0.00	0.00	0.00	0.00	0.00	0.00	0.00	0.00	0.90	
08080700	0325	19400325	20150325	49	0.10	0.38	0.00	2.30		0.00	0.00	0.00	0.00	0.00	0.00	0.00	0.00	0.00	0.00	0.00	0.00	0.00	0.00	0.00	0.00	0.00	0.20	0.95	
08080700	0326	19400326	20150326	49	0.09	0.51	0.00	3.50		0.00	0.00	0.00	0.00	0.00	0.00	0.00	0.00	0.00	0.00	0.00	0.00	0.00	0.00	0.00	0.00	0.00	0.01	0.50	
08080700	0327	19400327	20150327	49	0.04	0.22	0.00	1.50		0.00	0.00	0.00	0.00	0.00	0.00	0.00	0.00	0.00	0.00	0.00	0.00	0.00	0.00	0.00	0.00	0.00	0.00	0.21	
08080700	0328	19400328	20150328	49	0.12	0.81	0.00	5.70		0.00	0.00	0.00	0.00	0.00	0.00	0.00	0.00	0.00	0.00	0.00	0.00	0.00	0.00	0.00	0.00	0.00	0.00	0.06	
08080700	0329	19400329	20150329	49	0.15	0.82	0.00	5.60		0.00	0.00	0.00	0.00	0.00	0.00	0.00	0.00	0.00	0.00	0.00	0.00	0.00	0.00	0.00	0.00	0.00	0.00	0.85	
08080700	0330	19400330	20150330	49	0.15	0.72	0.00	4.00		0.00	0.00	0.00	0.00	0.00	0.00	0.00	0.00	0.00	0.00	0.00	0.00	0.00	0.00	0.00	0.00	0.00	0.00	1.70	
08080700	0331	19400331	20150331	49	0.02	0.07	0.00	0.40		0.00	0.00	0.00	0.00	0.00	0.00	0.00	0.00	0.00	0.00	0.00	0.00	0.00	0.00	0.00	0.00	0.00	0.00	0.17	
08080700	0401	19400401	20150401	49	0.09	0.52	0.00	3.60		0.00	0.00	0.00	0.00	0.00	0.00	0.00	0.00	0.00	0.00	0.00	0.00	0.00	0.00	0.00	0.00	0.00	0.00	0.30	
08080700	0402	19400402	20150402	49	0.08	0.41	0.00	2.60		0.00	0.00	0.00	0.00	0.00	0.00	0.00	0.00	0.00	0.00	0.00	0.00	0.00	0.00	0.00	0.00	0.00	0.00	0.65	
08080700	0403	19400403	20150403	49	0.03	0.15	0.00	1.00		0.00	0.00	0.00	0.00	0.00	0.00	0.00	0.00	0.00	0.00	0.00	0.00	0.00	0.00	0.00	0.00	0.00	0.00	0.18	
08080700	0404	19400404	20150404	49	0.09	0.63	0.00	4.40		0.00	0.00	0.00	0.00	0.00	0.00	0.00	0.00	0.00	0.00	0.00	0.00	0.00	0.00	0.00	0.00	0.00	0.00	0.01	
08080700	0405	19400405	20150405	49	0.06	0.24	0.00	1.20		0.00	0.00	0.00	0.00	0.00	0.00	0.00	0.00	0.00	0.00	0.00	0.00	0.00	0.00	0.00	0.00	0.00	0.00	0.85	
08080700	0406	19400406	20150406	49	0.06	0.28	0.00	1.80		0.00	0.00	0.00	0.00	0.00	0.00	0.00	0.00	0.00	0.00	0.00	0.00	0.00	0.00	0.00	0.00	0.00	0.00	0.45	
08080700	0407	19400407	20150407	49	0.04	0.25	0.00	1.70		0.00	0.00	0.00	0.00	0.00	0.00	0.00	0.00	0.00	0.00	0.00	0.00	0.00	0.00	0.00	0.00	0.00	0.00	0.19	
08080700	0408	19400408	20150408	49	0.07	0.31	0.00	2.10		0.00	0.00	0.00	0.00	0.00	0.00	0.00	0.00	0.00	0.00	0.00	0.00	0.00	0.00	0.00	0.00	0.01	0.10	0.46	
08080700	0409	19400409	20150409	49	0.41	2.57	0.00	18.00		0.00	0.00	0.00	0.00	0.00	0.00	0.00	0.00	0.00	0.00	0.00	0.00	0.00	0.00	0.00	0.00	0.00	0.00	1.04	
08080700	0410	19400410	20150410	49	0.29	1.72	0.00	12.00		0.00	0.00	0.00	0.00	0.00	0.00	0.00	0.00	0.00	0.00	0.00	0.00	0.00	0.00	0.00	0.00	0.00	0.00	1.04	
08080700	0411	19400411	20150411	49	0.08	0.38	0.00	2.30		0.00	0.00	0.00	0.00	0.00	0.00	0.00	0.00	0.00	0.00	0.00	0.00	0.00	0.00	0.00	0.00	0.00	0.08	0.82	
08080700	0412	19400412	20150412	49	0.05	0.21	0.00	1.20		0.00	0.00	0.00	0.00	0.00	0.00	0.00	0.00	0.00	0.00	0.00	0.00	0.00	0.00	0.00	0.00	0.00	0.02	0.59	
08080700	0413	19400413	20150413	49	0.08	0.33	0.00	2.10		0.00	0.00	0.00	0.00	0.00	0.00	0.00	0.00	0.00	0.00	0.00	0.00	0.00	0.00	0.00	0.00	0.01	0.10	0.64	
08080700	0414	19400414	20150414	49	0.05	0.18	0.00	1.10		0.00	0.00	0.00	0.00	0.00	0.00	0.00	0.00	0.00	0.00	0.00	0.00	0.00	0.00	0.00	0.00	0.04	0.10	0.48	
08080700	0415	19400415	20150415	49	0.33	1.12	0.00	5.10		0.00	0.00	0.00	0.00	0.00	0.00	0.00	0.00	0.00	0.00	0.00	0.00	0.00	0.00	0.00	0.00	0.01	1.20	4.15	
08080700	0416	19400416	20150416	49	1.45	6.59	0.00	41.00		0.00	0.00	0.00	0.00	0.00	0.00	0.00	0.00	0.00	0.00	0.00	0.00	0.00	0.00	0.00	0.00	0.07	1.00	12.85	
08080700	0417	19400417	20150417	49	0.75	3.40	0.00	23.00		0.00	0.00	0.00	0.00	0.00	0.00	0.00	0.00	0.00	0.00	0.00	0.00	0.00	0.00	0.00	0.00	0.03	1.20	4.35	
08080700	0418	19400418	20150418	49	2.51	14.83	0.00	103.00		0.00	0.00	0.00	0.00	0.00	0.00	0.00	0.00	0.00	0.00	0.00	0.00	0.00	0.00	0.00	0.00	0.07	0.80	8.80	
08080700	0419	19400419	20150419	49	0.51	2.49	0.00	17.00		0.00	0.00	0.00	0.00	0.00	0.00	0.00	0.00	0.00	0.00	0.00	0.00	0.00	0.00	0.00	0.00	0.11	0.70	2.90	
08080700	0420	19400420	20150420	49	0.81	3.36	0.00	22.00		0.00	0.00	0.00	0.00	0.00	0.00	0.00	0.00	0.00	0.00	0.00	0.00	0.00	0.00	0.00	0.10	0.25	0.77	6.15	
08080700	0421	19400421	20150421	49	0.19	0.70	0.00	4.30		0.00	0.00	0.00	0.00	0.00	0.00	0.00	0.00	0.00	0.00	0.00	0.00	0.00	0.00	0.00	0.00	0.05	0.25	1.60	
08080700	0422	19400422	20150422	49	0.17	0.62	0.00	3.10		0.00	0.00	0.00	0.00	0.00	0.00	0.00	0.00	0.00	0.00	0.00	0.00	0.00	0.00	0.00	0.00	0.00	0.12	2.20	
08080700	0423	19400423	20150423	49	0.10	0.33	0.00	1.70		0.00	0.00	0.00	0.00	0.00	0.00	0.00	0.00	0.00	0.00	0.00	0.00	0.00	0.00	0.00	0.00	0.00	0.30	1.10	
08080700	0424	19400424	20150424	49	0.08	0.37	0.00	2.30		0.00	0.00	0.00	0.00	0.00	0.00	0.00	0.00	0.00	0.00	0.00	0.00	0.00	0.00	0.00	0.00	0.00	0.07	0.68	
08080700	0425	19400425	20150425	49	0.41	2.43	0.00	17.00		0.00	0.00	0.00	0.00	0.00	0.00	0.00	0.00	0.00	0.00	0.00	0.00	0.00	0.00	0.00	0.00	0.00	0.05	1.30	
08080700	0426	19400426	20150426	49	0.14	0.69	0.00	4.60		0.00	0.00	0.00	0.00	0.00	0.00	0.00	0.00	0.00	0.00	0.00	0.00	0.00	0.00	0.00	0.00	0.00	0.02	1.00	
08080700	0427	19400427	20150427	49	0.39	2.43	0.00	17.00		0.00	0.00	0.00	0.00	0.00	0.00	0.00	0.00	0.00	0.00	0.00	0.00	0.00	0.00	0.00	0.00	0.06	0.20	0.60	
08080700	0428	19400428	20150428	49	0.20	0.70	0.00	3.70		0.00	0.00	0.00	0.00	0.00	0.00	0.00	0.00	0.00	0.00	0.00	0.00	0.00	0.00	0.00	0.00	0.08	0.70	2.15	
08080700	0429	19400429	20150429	49	0.14	0.58	0.00	3.80		0.00	0.00	0.00	0.00	0.00	0.00	0.00	0.00	0.00	0.00	0.00	0.00	0.00	0.00	0.00	0.00	0.00	0.45	0.92	
08080700	0430	19400430	20150430	49	0.05	0.23	0.00	1.50		0.00	0.00	0.00	0.00	0.00	0.00	0.00	0.00	0.00	0.00	0.00	0.00	0.00	0.00	0.00	0.00	0.00	0.07	0.39	
08080700	0501	19400501	20150501	48	0.07	0.42	0.00	2.90		0.00	0.00	0.00	0.00	0.00	0.00	0.00	0.00	0.00	0.00	0.00	0.00	0.00	0.00	0.00	0.00	0.00	0.02	0.21	
08080700	0502	19400502	20150502	48	0.35	1.50	0.00	9.00		0.00	0.00	0.00	0.00	0.00	0.00	0.00	0.00	0.00	0.00	0.00	0.00	0.00	0.00	0.00	0.00	0.00	0.11	3.82	
08080700	0503	19400503	20150503	48	0.17	0.87	0.00	5.60		0.00	0.00	0.00	0.00	0.00	0.00	0.00	0.00	0.00	0.00	0.00	0.00	0.00	0.00	0.00	0.00	0.00	0.01	1.44	
08080700	0504	19400504	20150504	48	0.33	1.20	0.00	6.40		0.00	0.00	0.00	0.00	0.00	0.00	0.00	0.00	0.00	0.00	0.00	0.00	0.00	0.00	0.00	0.00	0.00	0.76	3.85	
08080700	0505	19400505	20150505	48	2.57	15.32	0.00	106.00		0.00	0.00	0.00	0.00	0.00	0.00	0.00	0.00	0.00	0.00	0.00	0.00	0.00	0.00	0.00	0.01	0.29	1.11	7.21	
08080700	0506	19400506	20150506	48	3.80	12.93	0.00	65.00		0.00	0.00	0.00	0.00	0.00	0.00	0.00	0.00	0.00	0.00	0.00	0.00	0.00	0.00	0.00	0.02	1.21	8.80	44.95	
08080700	0507	19400507	20150507	48	12.81	57.84	0.00	379.00		0.00	0.00	0.00	0.00	0.00	0.00	0.00	0.00	0.00	0.00	0.00	0.00	0.00	0.00	0.00	0.01	1.33	13.10	102.30	
08080700	0508	19400508	20150508	48	21.15	121.71	0.00	836.00		0.00	0.00	0.00	0.00	0.00	0.00	0.00	0.00	0.00	0.00	0.00	0.00	0.00	0.00	0.00	0.61	4.18	7.28	80.65	
08080700	0509	19400509	20150509	48	10.77	63.88	0.00	441.00		0.00	0.00	0.00	0.00	0.00	0.00	0.00	0.00	0.00	0.00	0.00	0.00	0.00	0.00	0.00	0.10	0.46	4.16	33.55	
08080700	0510	19400510	20150510	48	2.32	12.63	0.00	87.00		0.00	0.00	0.00	0.00	0.00	0.00	0.00	0.00	0.00	0.00	0.00	0.00	0.00	0.00	0.00	0.08	0.28	1.66	9.37	
08080700	0511	19400511	20150511	48	5.79	33.47	0.00	231.00		0.00	0.00	0.00	0.00	0.00	0.00	0.00	0.00	0.00	0.00	0.00	0.00	0.00	0.00	0.00	0.03	0.19	0.85	21.10	
08080700	0512	19400512	20150512	48	2.27	10.48	0.00	69.00		0.00	0.00	0.00	0.00	0.00	0.00	0.00	0.00	0.00	0.00	0.00	0.00	0.00	0.00	0.00	0.20	0.20	2.65	15.94	
08080700	0513	19400513	20150513	48	1.46	5.11	0.00	25.00		0.00	0.00	0.00	0.00	0.00	0.00	0.00	0.00	0.00	0.00	0.00	0.00	0.00	0.00	0.01	0.11	0.62	3.01	18.05	
08080700	0514	19400514	20150514	48	1.43	5.08	0.00	26.00		0.00	0.00	0.00	0.00	0.00	0.00	0.00	0.00	0.00	0.00	0.00	0.00	0.00	0.00	0.00	0.51	0.90	2.83	16.66	
08080700	0515	19400515	20150515	48	2.26	11.18	0.00	76.00		0.00	0.00	0.00	0.00	0.00	0.00	0.00	0.00	0.00	0.00	0.00	0.00	0.00	0.00	0.00	0.40	0.47	3.06	11.60	
08080700	0516	19400516	20150516	48	1.99	8.03	0.00	45.00		0.00	0.00	0.00	0.00	0.00	0.00	0.00	0.00	0.00	0.00	0.00	0.00	0.00	0.00	0.00	0.02	0.49	2.51	22.47	
08080700	0517	19400517	20150517	48	33.21	144.02	0.00	866.00		0.00	0.00	0.00	0.00	0.00	0.00	0.00	0.00	0.00	0.00	0.00	0.00	0.00	0.00	0.00	0.02	0.64	3.55	367.35	
08080700	0518	19400518	20150518	48	17.31	109.11	0.00	756.00		0.00	0.00	0.00	0.00	0.00	0.00	0.00	0.00	0.00	0.00	0.00	0.00	0.00	0.00	0.00	0.01	0.11	2.62	34.15	
08080700	0519	19400519	20150519	48	9.58	57.28	0.00	396.00		0.00	0.00	0.00	0.00	0.00	0.00	0.00	0.00	0.00	0.00	0.00	0.00	0.00	0.00	0.00	0.04	1.62	4.01	26.73	
08080700	0520	19400520	20150520	48	8.68	46.80	0.00	317.00		0.00	0.00	0.00	0.00	0.00	0.00	0.00	0.00	0.00	0.00	0.00	0.00	0.00	0.00	0.00	0.00	0.00	0.62	51.50	
08080700	0521	19400521	20150521	48	4.85	31.15	0.00	216.00		0.00	0.00	0.00	0.00	0.00	0.00	0.00	0.00	0.00	0.00	0.00	0.00	0.00	0.00	0.00	0.01	0.08	2.27	5.10	
08080700	0522	19400522	20150522	48	2.38	11.89	0.00	82.00		0.00	0.00	0.00	0.00	0.00	0.00	0.00	0.00	0.00	0.00	0.00	0.00	0.00	0.00	0.00	0.62	2.13	3.62	7.94	
08080700	0523	19400523	20150523	48	1.41	7.02	0.00	48.00		0.00	0.00	0.00	0.00	0.00	0.00	0.00	0.00	0.00	0.00	0.00	0.00	0.00	0.02	0.10	0.20	0.26	0.98	6.98	
08080700	0524	19400524	20150524	48	1.01	3.26	0.00	20.00		0.00	0.00	0.00	0.00	0.00	0.00	0.00	0.00	0.00	0.00	0.00	0.00	0.00	0.02	0.06	0.21	0.85	5.01	6.31	
08080700	0525	19400525	20150525	48	11.11	48.52	0.00	278.00		0.00	0.00	0.00	0.00	0.00	0.00	0.00	0.00	0.00	0.00	0.00	0.00	0.00	0.00	0.02	0.42	2.42	4.58	124.25	
08080700	0526	19400526	20150526	48	14.66	59.57	0.00	351.00		0.00	0.00	0.00	0.00	0.00	0.00	0.00	0.00	0.00	0.00	0.00	0.00	0.00	0.00	0.10	0.44	1.77	7.03	157.60	
08080700	0527	19400527	20150527	48	13.54	74.53	0.00	515.00		0.00	0.00	0.00	0.00	0.00	0.00	0.00	0.00	0.00	0.00	0.00	0.00	0.00	0.04	0.34	1.26	3.23	11.80	45.25	
08080700	0528	19400528	20150528	48	9.09	50.73	0.00	349.00		0.00	0.00	0.00	0.00	0.00	0.00	0.00	0.00	0.00	0.00	0.00	0.00	0.00	0.00	0.15	0.77	1.96	4.42	36.35	
08080700	0529	19400529	20150529	48	1.66	7.21	0.00	46.00		0.00	0.00	0.00	0.00	0.00	0.00	0.00	0.00	0.00	0.00	0.00	0.00	0.00	0.00	0.01	0.14	0.47	2.33	14.20	
08080700	0530	19400530	20150530	48	1.60	5.94	0.00	32.00		0.00	0.00	0.00	0.00	0.00	0.00	0.00	0.00	0.00	0.00	0.00	0.00	0.00	0.00	0.00	0.28	0.50	2.03	18.25	
08080700	0531	19400531	20150531	48	7.55	44.87	0.00	311.00		0.00	0.00	0.00	0.00	0.00	0.00	0.00	0.00	0.00	0.00	0.00	0.00	0.00	0.00	0.00	0.36	1.86	3.79	15.85	
08080700	0601	19400601	20150601	48	18.28	70.42	0.00	345.00		0.00	0.00	0.00	0.00	0.00	0.00	0.00	0.00	0.00	0.00	0.00	0.00	0.00	0.02	0.13	0.48	1.40	11.19	227.45	
08080700	0602	19400602	20150602	48	19.17	82.34	0.00	440.00		0.00	0.00	0.00	0.00	0.00	0.00	0.00	0.00	0.00	0.00	0.00	0.00	0.00	0.04	0.30	0.94	3.10	15.60	229.00	
08080700	0603	19400603	20150603	48	13.35	37.95	0.00	184.00		0.00	0.00	0.00	0.00	0.00	0.00	0.00	0.00	0.00	0.00	0.00	0.00	0.00	0.00	0.28	2.88	20.30	44.30	121.10	
08080700	0604	19400604	20150604	48	36.39	192.77	0.00	1300.00		0.00	0.00	0.00	0.00	0.00	0.00	0.00	0.00	0.00	0.00	0.00	0.00	0.00	0.07	0.17	1.82	9.29	11.40	208.00	
08080700	0605	19400605	20150605	48	17.61	54.72	0.00	239.00		0.00	0.00	0.00	0.00	0.00	0.00	0.00	0.00	0.00	0.00	0.00	0.00	0.00	0.02	0.61	2.52	11.88	51.00	207.10	
08080700	0606	19400606	20150606	48	86.62	535.51	0.00	3710.00		0.00	0.00	0.00	0.00	0.00	0.00	0.00	0.00	0.00	0.00	0.00	0.00	0.00	0.00	0.39	2.10	7.41	32.80	168.25	
08080700	0607	19400607	20150607	48	57.76	369.32	0.00	2560.00		0.00	0.00	0.00	0.00	0.00	0.00	0.00	0.00	0.00	0.00	0.00	0.00	0.00	0.00	0.42	0.86	2.77	14.10	83.85	
08080700	0608	19400608	20150608	48	28.22	162.85	0.00	1120.00		0.00	0.00	0.00	0.00	0.00	0.00	0.00	0.00	0.00	0.00	0.00	0.00	0.00	0.00	0.20	1.02	2.75	5.80	109.25	
08080700	0609	19400609	20150609	48	11.73	67.12	0.00	464.00		0.00	0.00	0.00	0.00	0.00	0.00	0.00	0.00	0.00	0.00	0.00	0.00	0.00	0.00	0.39	1.18	2.12	4.94	38.60	
08080700	0610	19400610	20150610	48	14.42	65.78	0.00	380.00		0.00	0.00	0.00	0.00	0.00	0.00	0.00	0.00	0.00	0.00	0.00	0.00	0.01	0.04	0.55	1.40	3.09	3.98	156.15	
08080700	0611	19400611	20150611	48	37.24	199.58	0.00	1360.00		0.00	0.00	0.00	0.00	0.00	0.00	0.00	0.00	0.00	0.00	0.00	0.00	0.01	0.11	0.44	0.86	1.30	17.30	193.10	
08080700	0612	19400612	20150612	48	30.57	172.48	0.00	1190.00		0.00	0.00	0.00	0.00	0.00	0.00	0.00	0.00	0.00	0.00	0.00	0.00	0.00	0.00	0.09	0.51	3.92	15.70	113.70	
08080700	0613	19400613	20150613	48	9.29	30.05	0.00	187.00		0.00	0.00	0.00	0.00	0.00	0.00	0.00	0.00	0.00	0.00	0.00	0.00	0.00	0.01	0.17	1.34	16.30	31.90	60.40	
08080700	0614	19400614	20150614	48	15.73	48.46	0.00	246.00		0.00	0.00	0.00	0.00	0.00	0.00	0.00	0.00	0.00	0.00	0.00	0.04	0.19	0.53	1.52	2.04	4.63	46.30	141.55	
08080700	0615	19400615	20150615	48	5.18	16.33	0.00	102.00		0.00	0.00	0.00	0.00	0.00	0.00	0.00	0.00	0.00	0.00	0.00	0.00	0.09	0.14	0.60	3.18	6.75	21.50	32.20	
08080700	0616	19400616	20150616	48	7.00	27.87	0.00	148.00		0.00	0.00	0.00	0.00	0.00	0.00	0.00	0.00	0.00	0.00	0.00	0.00	0.00	0.02	0.17	2.70	4.33	8.94	77.15	
08080700	0617	19400617	20150617	48	7.05	26.81	0.00	132.00		0.00	0.00	0.00	0.00	0.00	0.00	0.00	0.00	0.00	0.00	0.00	0.00	0.00	0.00	0.37	0.81	1.50	4.70	94.55	
08080700	0618	19400618	20150618	48	8.93	46.07	0.00	311.00		0.00	0.00	0.00	0.00	0.00	0.00	0.00	0.00	0.00	0.00	0.00	0.00	0.00	0.00	0.04	0.58	2.50	5.96	50.85	
08080700	0619	19400619	20150619	48	6.77	22.51	0.00	102.00		0.00	0.00	0.00	0.00	0.00	0.00	0.00	0.00	0.00	0.00	0.00	0.00	0.00	0.09	0.30	1.94	2.96	8.84	86.05	
08080700	0620	19400620	20150620	48	4.00	14.21	0.00	82.00		0.00	0.00	0.00	0.00	0.00	0.00	0.00	0.00	0.00	0.00	0.00	0.00	0.00	0.00	0.16	1.20	2.69	7.40	41.30	
08080700	0621	19390621	20150621	49	2.58	8.36	0.00	42.00		0.00	0.00	0.00	0.00	0.00	0.00	0.00	0.00	0.00	0.00	0.00	0.00	0.00	0.00	0.07	0.10	0.35	9.70	27.00	
08080700	0622	19390622	20150622	49	5.03	23.91	0.00	165.00		0.00	0.00	0.00	0.00	0.00	0.00	0.00	0.00	0.00	0.00	0.00	0.00	0.00	0.01	0.09	0.10	3.15	6.40	22.50	
08080700	0623	19390623	20150623	49	2.08	7.75	0.00	43.00		0.00	0.00	0.00	0.00	0.00	0.00	0.00	0.00	0.00	0.00	0.00	0.00	0.00	0.00	0.09	0.10	0.28	3.10	22.50	
08080700	0624	19390624	20150624	49	1.72	4.66	0.00	20.00		0.00	0.00	0.00	0.00	0.00	0.00	0.00	0.00	0.00	0.00	0.00	0.00	0.00	0.00	0.07	0.20	1.54	11.00	15.50	
08080700	0625	19390625	20150625	49	2.44	12.78	0.00	89.00		0.00	0.00	0.00	0.00	0.00	0.00	0.00	0.00	0.00	0.00	0.00	0.00	0.00	0.00	0.20	0.60	0.84	2.80	8.80	
08080700	0626	19390626	20150626	49	3.65	16.99	0.00	103.00		0.00	0.00	0.00	0.00	0.00	0.00	0.00	0.00	0.00	0.00	0.00	0.00	0.00	0.00	0.00	0.20	0.77	1.50	34.50	
08080700	0627	19390627	20150627	49	1.65	6.68	0.00	41.00		0.00	0.00	0.00	0.00	0.00	0.00	0.00	0.00	0.00	0.00	0.00	0.00	0.00	0.00	0.00	0.08	0.62	1.50	17.00	
08080700	0628	19390628	20150628	49	1.22	4.23	0.00	24.00		0.00	0.00	0.00	0.00	0.00	0.00	0.00	0.00	0.00	0.00	0.00	0.00	0.00	0.00	0.00	0.00	0.25	3.60	11.50	
08080700	0629	19390629	20150629	49	1.58	5.51	0.00	27.00		0.00	0.00	0.00	0.00	0.00	0.00	0.00	0.00	0.00	0.00	0.00	0.00	0.00	0.00	0.05	0.29	0.40	3.30	19.50	
08080700	0630	19390630	20150630	49	4.84	20.97	0.00	117.00		0.00	0.00	0.00	0.00	0.00	0.00	0.00	0.00	0.00	0.00	0.00	0.00	0.00	0.00	0.05	0.20	0.54	3.60	52.50	
08080700	0701	19390701	20150701	49	3.30	13.32	0.00	72.00		0.00	0.00	0.00	0.00	0.00	0.00	0.00	0.00	0.00	0.00	0.00	0.00	0.00	0.00	0.01	0.10	0.28	7.40	35.50	
08080700	0702	19390702	20150702	49	1.33	4.36	0.00	22.00		0.00	0.00	0.00	0.00	0.00	0.00	0.00	0.00	0.00	0.00	0.00	0.00	0.00	0.00	0.06	0.20	0.80	3.10	15.00	
08080700	0703	19390703	20150703	49	1.71	6.72	0.00	34.00		0.00	0.00	0.00	0.00	0.00	0.00	0.00	0.00	0.00	0.00	0.00	0.00	0.00	0.00	0.05	0.10	0.79	2.60	19.40	
08080700	0704	19390704	20150704	49	1.26	3.89	0.00	18.00		0.00	0.00	0.00	0.00	0.00	0.00	0.00	0.00	0.00	0.00	0.00	0.00	0.00	0.00	0.00	0.10	0.58	3.60	14.00	
08080700	0705	19390705	20150705	49	1.72	6.93	0.00	40.00		0.00	0.00	0.00	0.00	0.00	0.00	0.00	0.00	0.00	0.00	0.00	0.00	0.00	0.00	0.00	0.10	0.65	3.40	16.55	
08080700	0706	19390706	20150706	49	2.08	7.80	0.00	47.00		0.00	0.00	0.00	0.00	0.00	0.00	0.00	0.00	0.00	0.00	0.00	0.00	0.00	0.00	0.01	0.07	0.89	2.10	18.50	
08080700	0707	19390707	20150707	49	1.16	3.54	0.00	18.00		0.00	0.00	0.00	0.00	0.00	0.00	0.00	0.00	0.00	0.00	0.00	0.00	0.00	0.00	0.05	0.30	1.02	5.40	10.75	
08080700	0708	19390708	20150708	49	0.92	3.28	0.00	19.00		0.00	0.00	0.00	0.00	0.00	0.00	0.00	0.00	0.00	0.00	0.00	0.00	0.00	0.00	0.00	0.30	0.51	1.80	9.55	
08080700	0709	19390709	20150709	49	4.20	15.29	0.00	86.00		0.00	0.00	0.00	0.00	0.00	0.00	0.00	0.00	0.00	0.00	0.00	0.00	0.00	0.00	0.05	0.11	0.90	6.70	45.50	
08080700	0710	19390710	20150710	49	1.47	4.48	0.00	27.00		0.00	0.00	0.00	0.00	0.00	0.00	0.00	0.00	0.00	0.00	0.00	0.00	0.00	0.00	0.09	0.77	3.10	5.00	11.00	
08080700	0711	19390711	20150711	49	1.31	7.31	0.00	51.00		0.00	0.00	0.00	0.00	0.00	0.00	0.00	0.00	0.00	0.00	0.00	0.00	0.00	0.00	0.00	0.10	0.46	0.95	4.50	
08080700	0712	19390712	20150712	49	3.71	24.41	0.00	171.00		0.00	0.00	0.00	0.00	0.00	0.00	0.00	0.00	0.00	0.00	0.00	0.00	0.00	0.00	0.00	0.00	0.10	1.30	3.35	
08080700	0713	19390713	20150713	49	3.46	17.01	0.00	116.00		0.00	0.00	0.00	0.00	0.00	0.00	0.00	0.00	0.00	0.00	0.00	0.00	0.00	0.00	0.00	0.20	0.85	2.20	20.00	
08080700	0714	19390714	20150714	49	3.91	18.33	0.00	119.00		0.00	0.00	0.00	0.00	0.00	0.00	0.00	0.00	0.00	0.00	0.00	0.00	0.00	0.00	0.00	0.10	0.23	1.30	31.50	
08080700	0715	19390715	20150715	49	4.27	18.62	0.00	114.00		0.00	0.00	0.00	0.00	0.00	0.00	0.00	0.00	0.00	0.00	0.00	0.00	0.00	0.00	0.00	0.06	0.48	4.60	42.00	
08080700	0716	19390716	20150716	49	1.85	6.47	0.00	37.00		0.00	0.00	0.00	0.00	0.00	0.00	0.00	0.00	0.00	0.00	0.00	0.00	0.00	0.00	0.08	0.20	0.45	2.20	18.00	
08080700	0717	19390717	20150717	49	8.45	39.92	0.00	245.00		0.00	0.00	0.00	0.00	0.00	0.00	0.00	0.00	0.00	0.00	0.00	0.00	0.00	0.00	0.00	0.10	0.25	2.10	78.50	
08080700	0718	19390718	20150718	49	1.52	5.88	0.00	37.00		0.00	0.00	0.00	0.00	0.00	0.00	0.00	0.00	0.00	0.00	0.00	0.00	0.00	0.00	0.00	0.00	0.40	3.30	13.00	
08080700	0719	19390719	20150719	49	1.19	6.49	0.00	45.00		0.00	0.00	0.00	0.00	0.00	0.00	0.00	0.00	0.00	0.00	0.00	0.00	0.00	0.00	0.00	0.00	0.01	0.74	5.65	
08080700	0720	19390720	20150720	49	0.17	0.66	0.00	3.20		0.00	0.00	0.00	0.00	0.00	0.00	0.00	0.00	0.00	0.00	0.00	0.00	0.00	0.00	0.00	0.00	0.00	0.01	2.25	
08080700	0721	19390721	20150721	49	0.91	3.00	0.00	14.00		0.00	0.00	0.00	0.00	0.00	0.00	0.00	0.00	0.00	0.00	0.00	0.00	0.00	0.00	0.00	0.00	0.12	1.80	11.05	
08080700	0722	19390722	20150722	49	3.90	17.89	0.00	102.00		0.00	0.00	0.00	0.00	0.00	0.00	0.00	0.00	0.00	0.00	0.00	0.00	0.00	0.00	0.00	0.01	0.60	1.00	41.35	
08080700	0723	19390723	20150723	49	1.34	5.64	0.00	31.00		0.00	0.00	0.00	0.00	0.00	0.00	0.00	0.00	0.00	0.00	0.00	0.00	0.00	0.00	0.00	0.10	0.40	1.10	14.85	
08080700	0724	19390724	20150724	49	0.46	1.46	0.00	7.00		0.00	0.00	0.00	0.00	0.00	0.00	0.00	0.00	0.00	0.00	0.00	0.00	0.00	0.00	0.02	0.10	0.55	0.72	5.45	
08080700	0725	19390725	20150725	49	0.09	0.35	0.00	2.20		0.00	0.00	0.00	0.00	0.00	0.00	0.00	0.00	0.00	0.00	0.00	0.00	0.00	0.00	0.00	0.00	0.01	0.39	0.70	
08080700	0726	19390726	20150726	49	3.12	21.71	0.00	152.00		0.00	0.00	0.00	0.00	0.00	0.00	0.00	0.00	0.00	0.00	0.00	0.00	0.00	0.00	0.00	0.00	0.04	0.10	0.30	
08080700	0727	19390727	20150727	49	1.07	7.43	0.00	52.00		0.00	0.00	0.00	0.00	0.00	0.00	0.00	0.00	0.00	0.00	0.00	0.00	0.00	0.00	0.00	0.00	0.00	0.00	0.10	
08080700	0728	19390728	20150728	49	1.19	4.31	0.00	24.00		0.00	0.00	0.00	0.00	0.00	0.00	0.00	0.00	0.00	0.00	0.00	0.00	0.00	0.00	0.00	0.00	0.21	2.10	13.50	
08080700	0729	19390729	20150729	49	0.95	3.25	0.00	18.00		0.00	0.00	0.00	0.00	0.00	0.00	0.00	0.00	0.00	0.00	0.00	0.00	0.00	0.00	0.00	0.00	0.13	1.50	9.40	
08080700	0730	19390730	20150730	49	0.20	1.06	0.00	7.20		0.00	0.00	0.00	0.00	0.00	0.00	0.00	0.00	0.00	0.00	0.00	0.00	0.00	0.00	0.00	0.00	0.00	0.10	1.10	
08080700	0731	19390731	20150731	49	0.16	0.74	0.00	5.00		0.00	0.00	0.00	0.00	0.00	0.00	0.00	0.00	0.00	0.00	0.00	0.00	0.00	0.00	0.00	0.00	0.00	0.00	1.05	
08080700	0801	19390801	20150801	49	0.16	0.40	0.00	2.00		0.00	0.00	0.00	0.00	0.00	0.00	0.00	0.00	0.00	0.00	0.00	0.00	0.00	0.00	0.00	0.10	0.32	0.75	1.20	
08080700	0802	19390802	20150802	49	0.11	0.54	0.00	3.60		0.00	0.00	0.00	0.00	0.00	0.00	0.00	0.00	0.00	0.00	0.00	0.00	0.00	0.00	0.00	0.00	0.01	0.19	0.75	
08080700	0803	19390803	20150803	49	0.14	0.46	0.00	2.60		0.00	0.00	0.00	0.00	0.00	0.00	0.00	0.00	0.00	0.00	0.00	0.00	0.00	0.00	0.00	0.00	0.07	0.40	1.30	
08080700	0804	19390804	20150804	49	1.01	7.00	0.00	49.00		0.00	0.00	0.00	0.00	0.00	0.00	0.00	0.00	0.00	0.00	0.00	0.00	0.00	0.00	0.00	0.00	0.00	0.01	0.15	
08080700	0805	19390805	20150805	49	2.78	19.14	0.00	134.00		0.00	0.00	0.00	0.00	0.00	0.00	0.00	0.00	0.00	0.00	0.00	0.00	0.00	0.00	0.00	0.00	0.00	0.30	0.80	
08080700	0806	19390806	20150806	49	1.07	4.08	0.00	24.00		0.00	0.00	0.00	0.00	0.00	0.00	0.00	0.00	0.00	0.00	0.00	0.00	0.00	0.00	0.00	0.09	0.16	1.20	11.30	
08080700	0807	19390807	20150807	49	0.46	1.97	0.00	12.00		0.00	0.00	0.00	0.00	0.00	0.00	0.00	0.00	0.00	0.00	0.00	0.00	0.00	0.00	0.00	0.00	0.01	0.15	4.85	
08080700	0808	19390808	20150808	49	0.19	0.63	0.00	3.50		0.00	0.00	0.00	0.00	0.00	0.00	0.00	0.00	0.00	0.00	0.00	0.00	0.00	0.00	0.00	0.02	0.10	0.37	1.85	
08080700	0809	19390809	20150809	49	0.29	1.20	0.00	8.00		0.00	0.00	0.00	0.00	0.00	0.00	0.00	0.00	0.00	0.00	0.00	0.00	0.00	0.00	0.00	0.00	0.30	0.80	1.70	
08080700	0810	19390810	20150810	49	0.04	0.16	0.00	1.10		0.00	0.00	0.00	0.00	0.00	0.00	0.00	0.00	0.00	0.00	0.00	0.00	0.00	0.00	0.00	0.00	0.04	0.17	0.20	
08080700	0811	19390811	20150811	49	0.64	2.84	0.00	16.00		0.00	0.00	0.00	0.00	0.00	0.00	0.00	0.00	0.00	0.00	0.00	0.00	0.00	0.00	0.00	0.00	0.01	0.20	7.40	
08080700	0812	19390812	20150812	49	0.12	0.52	0.00	3.10		0.00	0.00	0.00	0.00	0.00	0.00	0.00	0.00	0.00	0.00	0.00	0.00	0.00	0.00	0.00	0.00	0.09	0.10	1.22	
08080700	0813	19390813	20150813	49	0.21	0.88	0.00	5.30		0.00	0.00	0.00	0.00	0.00	0.00	0.00	0.00	0.00	0.00	0.00	0.00	0.00	0.00	0.00	0.00	0.05	0.20	2.15	
08080700	0814	19390814	20150814	49	0.42	1.43	0.00	7.00		0.00	0.00	0.00	0.00	0.00	0.00	0.00	0.00	0.00	0.00	0.00	0.00	0.00	0.00	0.00	0.07	0.36	0.60	5.25	
08080700	0815	19390815	20150815	49	0.91	3.34	0.00	16.00		0.00	0.00	0.00	0.00	0.00	0.00	0.00	0.00	0.00	0.00	0.00	0.00	0.00	0.00	0.00	0.00	0.14	0.50	11.95	
08080700	0816	19390816	20150816	49	0.36	1.37	0.00	7.30		0.00	0.00	0.00	0.00	0.00	0.00	0.00	0.00	0.00	0.00	0.00	0.00	0.00	0.00	0.00	0.00	0.08	0.36	4.40	
08080700	0817	19390817	20150817	49	0.27	1.20	0.00	6.70		0.00	0.00	0.00	0.00	0.00	0.00	0.00	0.00	0.00	0.00	0.00	0.00	0.00	0.00	0.00	0.00	0.00	0.10	3.15	
08080700	0818	19390818	20150818	49	0.06	0.23	0.00	1.40		0.00	0.00	0.00	0.00	0.00	0.00	0.00	0.00	0.00	0.00	0.00	0.00	0.00	0.00	0.00	0.00	0.03	0.10	0.50	
08080700	0819	19390819	20150819	49	0.04	0.16	0.00	1.10		0.00	0.00	0.00	0.00	0.00	0.00	0.00	0.00	0.00	0.00	0.00	0.00	0.00	0.00	0.00	0.00	0.00	0.10	0.18	
08080700	0820	19390820	20150820	49	0.23	0.90	0.00	5.10		0.00	0.00	0.00	0.00	0.00	0.00	0.00	0.00	0.00	0.00	0.00	0.00	0.00	0.00	0.00	0.10	0.20	0.40	2.25	
08080700	0821	19390821	20150821	49	0.92	4.59	0.00	31.00		0.00	0.00	0.00	0.00	0.00	0.00	0.00	0.00	0.00	0.00	0.00	0.00	0.00	0.00	0.00	0.00	0.16	0.38	5.60	
08080700	0822	19390822	20150822	49	0.48	1.34	0.00	6.40		0.00	0.00	0.00	0.00	0.00	0.00	0.00	0.00	0.00	0.00	0.00	0.00	0.00	0.00	0.05	0.10	0.38	2.90	4.10	
08080700	0823	19390823	20150823	49	0.98	5.39	0.00	37.00		0.00	0.00	0.00	0.00	0.00	0.00	0.00	0.00	0.00	0.00	0.00	0.00	0.00	0.00	0.00	0.10	0.17	0.30	4.62	
08080700	0824	19390824	20150824	49	4.76	24.55	0.00	159.00		0.00	0.00	0.00	0.00	0.00	0.00	0.00	0.00	0.00	0.00	0.00	0.00	0.00	0.00	0.00	0.00	0.50	0.74	35.30	
08080700	0825	19390825	20150825	49	1.36	5.78	0.00	31.00		0.00	0.00	0.00	0.00	0.00	0.00	0.00	0.00	0.00	0.00	0.00	0.00	0.00	0.00	0.00	0.00	0.01	0.40	16.55	
08080700	0826	19390826	20150826	49	0.48	1.75	0.00	10.00		0.00	0.00	0.00	0.00	0.00	0.00	0.00	0.00	0.00	0.00	0.00	0.00	0.00	0.00	0.00	0.00	0.10	0.88	4.95	
08080700	0827	19390827	20150827	49	0.32	1.59	0.00	11.00		0.00	0.00	0.00	0.00	0.00	0.00	0.00	0.00	0.00	0.00	0.00	0.00	0.00	0.00	0.00	0.00	0.10	0.52	1.35	
08080700	0828	19390828	20150828	49	0.15	0.50	0.00	2.40		0.00	0.00	0.00	0.00	0.00	0.00	0.00	0.00	0.00	0.00	0.00	0.00	0.00	0.00	0.00	0.00	0.10	0.40	1.75	
08080700	0829	19390829	20150829	49	0.25	0.97	0.00	5.30		0.00	0.00	0.00	0.00	0.00	0.00	0.00	0.00	0.00	0.00	0.00	0.00	0.00	0.00	0.00	0.00	0.20	0.45	2.55	
08080700	0830	19390830	20150830	49	0.50	1.83	0.00	8.10		0.00	0.00	0.00	0.00	0.00	0.00	0.00	0.00	0.00	0.00	0.00	0.00	0.00	0.00	0.00	0.00	0.00	0.30	7.20	
08080700	0831	19390831	20150831	49	0.28	0.96	0.00	5.30		0.00	0.00	0.00	0.00	0.00	0.00	0.00	0.00	0.00	0.00	0.00	0.00	0.00	0.00	0.00	0.00	0.00	0.86	2.90	
08080700	0901	19390901	20150901	49	0.52	2.07	0.00	11.00		0.00	0.00	0.00	0.00	0.00	0.00	0.00	0.00	0.00	0.00	0.00	0.00	0.00	0.00	0.00	0.10	0.21	0.70	5.75	
08080700	0902	19390902	20150902	49	0.73	3.76	0.00	25.00		0.00	0.00	0.00	0.00	0.00	0.00	0.00	0.00	0.00	0.00	0.00	0.00	0.00	0.00	0.00	0.00	0.05	0.20	4.95	
08080700	0903	19390903	20150903	49	0.42	2.32	0.00	16.00		0.00	0.00	0.00	0.00	0.00	0.00	0.00	0.00	0.00	0.00	0.00	0.00	0.00	0.00	0.00	0.00	0.01	0.10	2.10	
08080700	0904	19390904	20150904	49	0.54	1.96	0.00	11.00		0.00	0.00	0.00	0.00	0.00	0.00	0.00	0.00	0.00	0.00	0.00	0.00	0.00	0.00	0.00	0.00	0.00	0.60	5.60	
08080700	0905	19390905	20150905	49	0.18	0.76	0.00	5.00		0.00	0.00	0.00	0.00	0.00	0.00	0.00	0.00	0.00	0.00	0.00	0.00	0.00	0.00	0.00	0.00	0.05	0.40	1.30	
08080700	0906	19390906	20150906	49	0.51	1.74	0.00	9.10		0.00	0.00	0.00	0.00	0.00	0.00	0.00	0.00	0.00	0.00	0.00	0.00	0.00	0.00	0.00	0.00	0.22	1.30	5.70	
08080700	0907	19390907	20150907	49	0.44	1.65	0.00	7.30		0.00	0.00	0.00	0.00	0.00	0.00	0.00	0.00	0.00	0.00	0.00	0.00	0.00	0.00	0.00	0.00	0.00	0.20	6.50	
08080700	0908	19390908	20150908	49	0.41	1.40	0.00	8.00		0.00	0.00	0.00	0.00	0.00	0.00	0.00	0.00	0.00	0.00	0.00	0.00	0.00	0.00	0.00	0.10	0.23	1.40	3.75	
08080700	0909	19390909	20150909	49	0.33	1.37	0.00	7.60		0.00	0.00	0.00	0.00	0.00	0.00	0.00	0.00	0.00	0.00	0.00	0.00	0.00	0.00	0.00	0.00	0.05	0.70	3.46	
08080700	0910	19390910	20150910	49	0.10	0.47	0.00	3.00		0.00	0.00	0.00	0.00	0.00	0.00	0.00	0.00	0.00	0.00	0.00	0.00	0.00	0.00	0.00	0.00	0.01	0.10	0.85	
08080700	0911	19390911	20150911	49	0.26	0.92	0.00	5.50		0.00	0.00	0.00	0.00	0.00	0.00	0.00	0.00	0.00	0.00	0.00	0.00	0.00	0.00	0.00	0.00	0.05	1.00	2.20	
08080700	0912	19390912	20150912	49	0.12	0.34	0.00	1.70		0.00	0.00	0.00	0.00	0.00	0.00	0.00	0.00	0.00	0.00	0.00	0.00	0.00	0.00	0.00	0.00	0.15	0.50	1.03	
08080700	0913	19390913	20150913	49	0.26	1.08	0.00	7.00		0.00	0.00	0.00	0.00	0.00	0.00	0.00	0.00	0.00	0.00	0.00	0.00	0.00	0.00	0.00	0.00	0.00	0.50	2.00	
08080700	0914	19390914	20150914	49	0.04	0.12	0.00	0.53		0.00	0.00	0.00	0.00	0.00	0.00	0.00	0.00	0.00	0.00	0.00	0.00	0.00	0.00	0.00	0.00	0.05	0.12	0.41	
08080700	0915	19390915	20150915	49	0.44	1.96	0.00	13.00		0.00	0.00	0.00	0.00	0.00	0.00	0.00	0.00	0.00	0.00	0.00	0.00	0.00	0.00	0.00	0.00	0.00	0.30	3.15	
08080700	0916	19390916	20150916	49	0.23	1.14	0.00	7.70		0.00	0.00	0.00	0.00	0.00	0.00	0.00	0.00	0.00	0.00	0.00	0.00	0.00	0.00	0.00	0.04	0.07	0.11	1.39	
08080700	0917	19390917	20150917	49	0.24	1.24	0.00	8.60		0.00	0.00	0.00	0.00	0.00	0.00	0.00	0.00	0.00	0.00	0.00	0.00	0.00	0.00	0.00	0.00	0.12	0.20	1.05	
08080700	0918	19390918	20150918	49	1.29	5.36	0.00	35.00		0.00	0.00	0.00	0.00	0.00	0.00	0.00	0.00	0.00	0.00	0.00	0.00	0.00	0.00	0.00	0.00	0.42	1.80	10.50	
08080700	0919	19390919	20150919	49	0.72	3.62	0.00	25.00		0.00	0.00	0.00	0.00	0.00	0.00	0.00	0.00	0.00	0.00	0.00	0.00	0.00	0.00	0.00	0.10	0.27	0.52	3.75	
08080700	0920	19390920	20150920	49	0.14	0.48	0.00	2.80		0.00	0.00	0.00	0.00	0.00	0.00	0.00	0.00	0.00	0.00	0.00	0.00	0.00	0.00	0.00	0.00	0.15	0.50	1.27	
08080700	0921	19390921	20150921	49	0.29	1.38	0.00	9.10		0.00	0.00	0.00	0.00	0.00	0.00	0.00	0.00	0.00	0.00	0.00	0.00	0.00	0.00	0.00	0.00	0.10	0.20	2.16	
08080700	0922	19390922	20150922	49	0.14	0.43	0.00	2.30		0.00	0.00	0.00	0.00	0.00	0.00	0.00	0.00	0.00	0.00	0.00	0.00	0.00	0.00	0.00	0.00	0.10	0.67	1.25	
08080700	0923	19390923	20150923	49	0.60	3.08	0.00	21.00		0.00	0.00	0.00	0.00	0.00	0.00	0.00	0.00	0.00	0.00	0.00	0.00	0.00	0.00	0.00	0.00	0.00	0.20	3.90	
08080700	0924	19390924	20150924	49	3.74	20.95	0.00	145.00		0.00	0.00	0.00	0.00	0.00	0.00	0.00	0.00	0.00	0.00	0.00	0.00	0.00	0.00	0.00	0.00	0.00	0.20	16.95	
08080700	0925	19390925	20150925	49	2.45	14.44	0.00	101.00		0.00	0.00	0.00	0.00	0.00	0.00	0.00	0.00	0.00	0.00	0.00	0.00	0.00	0.00	0.00	0.00	0.12	0.80	6.50	
08080700	0926	19390926	20150926	49	0.89	4.32	0.00	26.00		0.00	0.00	0.00	0.00	0.00	0.00	0.00	0.00	0.00	0.00	0.00	0.00	0.00	0.00	0.00	0.00	0.00	0.20	8.45	
08080700	0927	19390927	20150927	49	0.61	2.26	0.00	13.00		0.00	0.00	0.00	0.00	0.00	0.00	0.00	0.00	0.00	0.00	0.00	0.00	0.00	0.00	0.00	0.00	0.04	1.00	6.40	
08080700	0928	19390928	20150928	49	0.11	0.41	0.00	2.60		0.00	0.00	0.00	0.00	0.00	0.00	0.00	0.00	0.00	0.00	0.00	0.00	0.00	0.00	0.00	0.00	0.10	0.30	0.82	
08080700	0929	19390929	20150929	49	0.08	0.44	0.00	3.00		0.00	0.00	0.00	0.00	0.00	0.00	0.00	0.00	0.00	0.00	0.00	0.00	0.00	0.00	0.00	0.00	0.00	0.00	0.40	
08080700	0930	19390930	20150930	49	0.13	0.89	0.00	6.20		0.00	0.00	0.00	0.00	0.00	0.00	0.00	0.00	0.00	0.00	0.00	0.00	0.00	0.00	0.00	0.00	0.00	0.00	0.12	
08080700	1001	19391001	20151001	49	0.01	0.05	0.00	0.30		0.00	0.00	0.00	0.00	0.00	0.00	0.00	0.00	0.00	0.00	0.00	0.00	0.00	0.00	0.00	0.00	0.00	0.00	0.07	
08080700	1002	19391002	20141002	48	0.02	0.14	0.00	1.00		0.00	0.00	0.00	0.00	0.00	0.00	0.00	0.00	0.00	0.00	0.00	0.00	0.00	0.00	0.00	0.00	0.00	0.00	0.05	
08080700	1003	19391003	20141003	48	0.05	0.24	0.00	1.50		0.00	0.00	0.00	0.00	0.00	0.00	0.00	0.00	0.00	0.00	0.00	0.00	0.00	0.00	0.00	0.00	0.00	0.00	0.38	
08080700	1004	19391004	20141004	48	0.07	0.30	0.00	1.50		0.00	0.00	0.00	0.00	0.00	0.00	0.00	0.00	0.00	0.00	0.00	0.00	0.00	0.00	0.00	0.00	0.00	0.00	0.95	
08080700	1005	19391005	20141005	48	10.86	72.14	0.00	500.00		0.00	0.00	0.00	0.00	0.00	0.00	0.00	0.00	0.00	0.00	0.00	0.00	0.00	0.00	0.00	0.02	0.14	0.61	10.23	
08080700	1006	19391006	20141006	48	4.63	23.83	0.00	156.00		0.00	0.00	0.00	0.00	0.00	0.00	0.00	0.00	0.00	0.00	0.00	0.00	0.00	0.00	0.00	0.00	0.08	0.99	33.88	
08080700	1007	19391007	20141007	48	5.69	25.69	0.00	139.00		0.00	0.00	0.00	0.00	0.00	0.00	0.00	0.00	0.00	0.00	0.00	0.00	0.00	0.00	0.00	0.00	0.03	0.72	69.90	
08080700	1008	19391008	20141008	48	1.93	9.19	0.00	47.00		0.00	0.00	0.00	0.00	0.00	0.00	0.00	0.00	0.00	0.00	0.00	0.00	0.00	0.00	0.00	0.00	0.00	0.24	24.64	
08080700	1009	19391009	20141009	48	5.35	35.07	0.00	243.00		0.00	0.00	0.00	0.00	0.00	0.00	0.00	0.00	0.00	0.00	0.00	0.00	0.00	0.00	0.00	0.00	0.10	0.32	6.90	
08080700	1010	19391010	20141010	48	1.88	10.84	0.00	75.00		0.00	0.00	0.00	0.00	0.00	0.00	0.00	0.00	0.00	0.00	0.00	0.00	0.00	0.00	0.00	0.00	0.35	1.05	5.62	
08080700	1011	19391011	20141011	48	1.27	8.23	0.00	57.00		0.00	0.00	0.00	0.00	0.00	0.00	0.00	0.00	0.00	0.00	0.00	0.00	0.00	0.00	0.00	0.00	0.00	0.10	1.92	
08080700	1012	19391012	20141012	48	0.27	1.15	0.00	7.40		0.00	0.00	0.00	0.00	0.00	0.00	0.00	0.00	0.00	0.00	0.00	0.00	0.00	0.00	0.00	0.00	0.01	0.44	2.24	
08080700	1013	19391013	20141013	48	0.55	2.14	0.00	12.00		0.00	0.00	0.00	0.00	0.00	0.00	0.00	0.00	0.00	0.00	0.00	0.00	0.00	0.00	0.00	0.01	0.17	0.84	5.86	
08080700	1014	19391014	20141014	48	0.34	1.25	0.00	7.60		0.00	0.00	0.00	0.00	0.00	0.00	0.00	0.00	0.00	0.00	0.00	0.00	0.00	0.00	0.00	0.03	0.17	0.65	3.02	
08080700	1015	19391015	20141015	48	0.62	2.54	0.00	14.00		0.00	0.00	0.00	0.00	0.00	0.00	0.00	0.00	0.00	0.00	0.00	0.00	0.00	0.00	0.00	0.00	0.20	0.96	6.72	
08080700	1016	19391016	20141016	48	0.45	1.67	0.00	9.10		0.00	0.00	0.00	0.00	0.00	0.00	0.00	0.00	0.00	0.00	0.00	0.00	0.00	0.00	0.00	0.00	0.02	0.30	5.17	
08080700	1017	19391017	20141017	48	0.35	1.14	0.00	5.10		0.00	0.00	0.00	0.00	0.00	0.00	0.00	0.00	0.00	0.00	0.00	0.00	0.00	0.00	0.00	0.00	0.00	1.81	4.12	
08080700	1018	19391018	20141018	48	0.24	1.09	0.00	6.60		0.00	0.00	0.00	0.00	0.00	0.00	0.00	0.00	0.00	0.00	0.00	0.00	0.00	0.00	0.00	0.00	0.00	0.07	2.57	
08080700	1019	19391019	20141019	48	0.78	4.65	0.00	32.00		0.00	0.00	0.00	0.00	0.00	0.00	0.00	0.00	0.00	0.00	0.00	0.00	0.00	0.00	0.00	0.00	0.02	0.10	2.81	
08080700	1020	19391020	20141020	48	0.80	3.90	0.00	26.00		0.00	0.00	0.00	0.00	0.00	0.00	0.00	0.00	0.00	0.00	0.00	0.00	0.00	0.00	0.00	0.00	0.09	0.67	5.20	
08080700	1021	19391021	20141021	48	0.41	1.46	0.00	9.10		0.00	0.00	0.00	0.00	0.00	0.00	0.00	0.00	0.00	0.00	0.00	0.00	0.00	0.00	0.01	0.10	0.17	0.99	3.12	
08080700	1022	19391022	20141022	48	0.94	3.73	0.00	23.00		0.00	0.00	0.00	0.00	0.00	0.00	0.00	0.00	0.00	0.00	0.00	0.00	0.00	0.00	0.00	0.01	0.08	1.81	8.97	
08080700	1023	19391023	20141023	48	3.76	23.55	0.00	163.00		0.00	0.00	0.00	0.00	0.00	0.00	0.00	0.00	0.00	0.00	0.00	0.00	0.00	0.00	0.00	0.00	0.01	0.12	8.80	
08080700	1024	19391024	20141024	48	6.64	43.42	0.00	301.00		0.00	0.00	0.00	0.00	0.00	0.00	0.00	0.00	0.00	0.00	0.00	0.00	0.00	0.00	0.00	0.00	0.00	0.91	7.80	
08080700	1025	19391025	20141025	48	7.95	54.40	0.00	377.00		0.00	0.00	0.00	0.00	0.00	0.00	0.00	0.00	0.00	0.00	0.00	0.00	0.00	0.00	0.00	0.00	0.00	0.77	1.44	
08080700	1026	19391026	20141026	48	14.83	102.03	0.00	707.00		0.00	0.00	0.00	0.00	0.00	0.00	0.00	0.00	0.00	0.00	0.00	0.00	0.00	0.00	0.00	0.00	0.25	0.56	1.34	
08080700	1027	19391027	20141027	48	4.11	23.75	0.00	164.00		0.00	0.00	0.00	0.00	0.00	0.00	0.00	0.00	0.00	0.00	0.00	0.00	0.00	0.00	0.00	0.03	0.15	1.60	14.18	
08080700	1028	19391028	20141028	48	1.26	7.50	0.00	52.00		0.00	0.00	0.00	0.00	0.00	0.00	0.00	0.00	0.00	0.00	0.00	0.00	0.00	0.00	0.00	0.02	0.42	0.83	2.62	
08080700	1029	19391029	20141029	48	0.59	3.75	0.00	26.00		0.00	0.00	0.00	0.00	0.00	0.00	0.00	0.00	0.00	0.00	0.00	0.00	0.00	0.00	0.00	0.00	0.06	0.44	0.68	
08080700	1030	19391030	20141030	48	0.55	3.47	0.00	24.00		0.00	0.00	0.00	0.00	0.00	0.00	0.00	0.00	0.00	0.00	0.00	0.00	0.00	0.00	0.00	0.00	0.00	0.02	1.26	
08080700	1031	19391031	20141031	48	1.28	8.22	0.00	57.00		0.00	0.00	0.00	0.00	0.00	0.00	0.00	0.00	0.00	0.00	0.00	0.00	0.00	0.00	0.00	0.00	0.00	0.11	2.12	
08080700	1101	19391101	20141101	48	0.85	4.49	0.00	31.00		0.00	0.00	0.00	0.00	0.00	0.00	0.00	0.00	0.00	0.00	0.00	0.00	0.00	0.00	0.00	0.00	0.31	1.32	3.05	
08080700	1102	19391102	20141102	48	0.67	2.47	0.00	15.00		0.00	0.00	0.00	0.00	0.00	0.00	0.00	0.00	0.00	0.00	0.00	0.00	0.00	0.00	0.00	0.00	0.08	2.56	5.48	
08080700	1103	19391103	20141103	48	0.31	1.49	0.00	10.00		0.00	0.00	0.00	0.00	0.00	0.00	0.00	0.00	0.00	0.00	0.00	0.00	0.00	0.00	0.00	0.00	0.01	0.16	1.87	
08080700	1104	19391104	20141104	48	0.60	3.05	0.00	20.00		0.00	0.00	0.00	0.00	0.00	0.00	0.00	0.00	0.00	0.00	0.00	0.00	0.00	0.00	0.00	0.00	0.00	0.00	4.59	
08080700	1105	19391105	20141105	48	0.28	1.47	0.00	10.00		0.00	0.00	0.00	0.00	0.00	0.00	0.00	0.00	0.00	0.00	0.00	0.00	0.00	0.00	0.00	0.00	0.00	0.02	1.57	
08080700	1106	19391106	20141106	48	0.16	0.97	0.00	6.70		0.00	0.00	0.00	0.00	0.00	0.00	0.00	0.00	0.00	0.00	0.00	0.00	0.00	0.00	0.00	0.00	0.00	0.07	0.53	
08080700	1107	19391107	20141107	48	0.13	0.65	0.00	4.30		0.00	0.00	0.00	0.00	0.00	0.00	0.00	0.00	0.00	0.00	0.00	0.00	0.00	0.00	0.00	0.00	0.00	0.02	0.91	
08080700	1108	19391108	20141108	48	0.08	0.41	0.00	2.80		0.00	0.00	0.00	0.00	0.00	0.00	0.00	0.00	0.00	0.00	0.00	0.00	0.00	0.00	0.00	0.00	0.00	0.00	0.47	
08080700	1109	19391109	20141109	48	0.06	0.31	0.00	2.10		0.00	0.00	0.00	0.00	0.00	0.00	0.00	0.00	0.00	0.00	0.00	0.00	0.00	0.00	0.00	0.00	0.00	0.01	0.34	
08080700	1110	19391110	20141110	48	0.04	0.23	0.00	1.60		0.00	0.00	0.00	0.00	0.00	0.00	0.00	0.00	0.00	0.00	0.00	0.00	0.00	0.00	0.00	0.00	0.00	0.00	0.05	
08080700	1111	19391111	20141111	48	0.03	0.18	0.00	1.20		0.00	0.00	0.00	0.00	0.00	0.00	0.00	0.00	0.00	0.00	0.00	0.00	0.00	0.00	0.00	0.00	0.00	0.00	0.12	
08080700	1112	19391112	20141112	48	0.10	0.57	0.00	3.90		0.00	0.00	0.00	0.00	0.00	0.00	0.00	0.00	0.00	0.00	0.00	0.00	0.00	0.00	0.00	0.00	0.00	0.00	0.43	
08080700	1113	19391113	20141113	48	0.14	0.88	0.00	6.10		0.00	0.00	0.00	0.00	0.00	0.00	0.00	0.00	0.00	0.00	0.00	0.00	0.00	0.00	0.00	0.00	0.00	0.00	0.31	
08080700	1114	19391114	20141114	48	0.23	1.21	0.00	8.20		0.00	0.00	0.00	0.00	0.00	0.00	0.00	0.00	0.00	0.00	0.00	0.00	0.00	0.00	0.00	0.00	0.00	0.01	1.38	
08080700	1115	19391115	20141115	48	0.48	3.03	0.00	21.00		0.00	0.00	0.00	0.00	0.00	0.00	0.00	0.00	0.00	0.00	0.00	0.00	0.00	0.00	0.00	0.00	0.00	0.00	0.99	
08080700	1116	19391116	20141116	48	0.55	3.75	0.00	26.00		0.00	0.00	0.00	0.00	0.00	0.00	0.00	0.00	0.00	0.00	0.00	0.00	0.00	0.00	0.00	0.00	0.00	0.00	0.10	
08080700	1117	19391117	20141117	48	0.69	4.47	0.00	31.00		0.00	0.00	0.00	0.00	0.00	0.00	0.00	0.00	0.00	0.00	0.00	0.00	0.00	0.00	0.00	0.00	0.01	0.30	0.72	
08080700	1118	19391118	20141118	48	0.13	0.57	0.00	3.70		0.00	0.00	0.00	0.00	0.00	0.00	0.00	0.00	0.00	0.00	0.00	0.00	0.00	0.00	0.00	0.00	0.02	0.13	1.02	
08080700	1119	19391119	20141119	48	0.17	1.05	0.00	7.30		0.00	0.00	0.00	0.00	0.00	0.00	0.00	0.00	0.00	0.00	0.00	0.00	0.00	0.00	0.00	0.00	0.00	0.02	0.41	
08080700	1120	19391120	20141120	48	0.01	0.07	0.00	0.50		0.00	0.00	0.00	0.00	0.00	0.00	0.00	0.00	0.00	0.00	0.00	0.00	0.00	0.00	0.00	0.00	0.00	0.00	0.01	
08080700	1121	19391121	20141121	48	0.00	0.02	0.00	0.11		0.00	0.00	0.00	0.00	0.00	0.00	0.00	0.00	0.00	0.00	0.00	0.00	0.00	0.00	0.00	0.00	0.00	0.00	0.00	
08080700	1122	19391122	20141122	48	0.01	0.07	0.00	0.50		0.00	0.00	0.00	0.00	0.00	0.00	0.00	0.00	0.00	0.00	0.00	0.00	0.00	0.00	0.00	0.00	0.00	0.00	0.01	
08080700	1123	19391123	20141123	48	0.07	0.43	0.00	3.00		0.00	0.00	0.00	0.00	0.00	0.00	0.00	0.00	0.00	0.00	0.00	0.00	0.00	0.00	0.00	0.00	0.00	0.01	0.10	
08080700	1124	19391124	20141124	48	0.18	1.13	0.00	7.80		0.00	0.00	0.00	0.00	0.00	0.00	0.00	0.00	0.00	0.00	0.00	0.00	0.00	0.00	0.00	0.00	0.00	0.00	0.43	
08080700	1125	19391125	20141125	48	0.07	0.26	0.00	1.30		0.00	0.00	0.00	0.00	0.00	0.00	0.00	0.00	0.00	0.00	0.00	0.00	0.00	0.00	0.00	0.00	0.00	0.00	0.95	
08080700	1126	19391126	20141126	48	0.11	0.61	0.00	4.20		0.00	0.00	0.00	0.00	0.00	0.00	0.00	0.00	0.00	0.00	0.00	0.00	0.00	0.00	0.00	0.00	0.00	0.01	0.58	
08080700	1127	19391127	20141127	48	0.01	0.03	0.00	0.20		0.00	0.00	0.00	0.00	0.00	0.00	0.00	0.00	0.00	0.00	0.00	0.00	0.00	0.00	0.00	0.00	0.00	0.00	0.07	
08080700	1128	19391128	20141128	48	0.00	0.01	0.00	0.10		0.00	0.00	0.00	0.00	0.00	0.00	0.00	0.00	0.00	0.00	0.00	0.00	0.00	0.00	0.00	0.00	0.00	0.00	0.00	
08080700	1129	19391129	20141129	48	0.00		0.00	0.00		0.00	0.00	0.00	0.00	0.00	0.00	0.00	0.00	0.00	0.00	0.00	0.00	0.00	0.00	0.00	0.00	0.00	0.00	0.00	
08080700	1130	19391130	20141130	48	0.00		0.00	0.00		0.00	0.00	0.00	0.00	0.00	0.00	0.00	0.00	0.00	0.00	0.00	0.00	0.00	0.00	0.00	0.00	0.00	0.00	0.00	
08080700	1201	19391201	20141201	48	0.05	0.35	0.00	2.40		0.00	0.00	0.00	0.00	0.00	0.00	0.00	0.00	0.00	0.00	0.00	0.00	0.00	0.00	0.00	0.00	0.00	0.00	0.11	
08080700	1202	19391202	20141202	48	0.05	0.21	0.00	1.10		0.00	0.00	0.00	0.00	0.00	0.00	0.00	0.00	0.00	0.00	0.00	0.00	0.00	0.00	0.00	0.00	0.00	0.00	0.64	
08080700	1203	19391203	20141203	48	0.07	0.24	0.00	1.00		0.00	0.00	0.00	0.00	0.00	0.00	0.00	0.00	0.00	0.00	0.00	0.00	0.00	0.00	0.00	0.00	0.00	0.11	0.97	
08080700	1204	19391204	20141204	48	0.04	0.16	0.00	0.70		0.00	0.00	0.00	0.00	0.00	0.00	0.00	0.00	0.00	0.00	0.00	0.00	0.00	0.00	0.00	0.00	0.00	0.04	0.60	
08080700	1205	19391205	20141205	48	0.05	0.30	0.00	2.10		0.00	0.00	0.00	0.00	0.00	0.00	0.00	0.00	0.00	0.00	0.00	0.00	0.00	0.00	0.00	0.00	0.00	0.00	0.19	
08080700	1206	19391206	20141206	48	0.02	0.08	0.00	0.52		0.00	0.00	0.00	0.00	0.00	0.00	0.00	0.00	0.00	0.00	0.00	0.00	0.00	0.00	0.00	0.00	0.00	0.00	0.17	
08080700	1207	19391207	20141207	48	0.00	0.03	0.00	0.21		0.00	0.00	0.00	0.00	0.00	0.00	0.00	0.00	0.00	0.00	0.00	0.00	0.00	0.00	0.00	0.00	0.00	0.00	0.00	
08080700	1208	19391208	20141208	48	0.00	0.03	0.00	0.20		0.00	0.00	0.00	0.00	0.00	0.00	0.00	0.00	0.00	0.00	0.00	0.00	0.00	0.00	0.00	0.00	0.00	0.00	0.00	
08080700	1209	19391209	20141209	48	0.01	0.04	0.00	0.30		0.00	0.00	0.00	0.00	0.00	0.00	0.00	0.00	0.00	0.00	0.00	0.00	0.00	0.00	0.00	0.00	0.00	0.00	0.00	
08080700	1210	19391210	20141210	48	0.06	0.40	0.00	2.80		0.00	0.00	0.00	0.00	0.00	0.00	0.00	0.00	0.00	0.00	0.00	0.00	0.00	0.00	0.00	0.00	0.00	0.00	0.11	
08080700	1211	19391211	20141211	48	1.37	9.24	0.00	64.00		0.00	0.00	0.00	0.00	0.00	0.00	0.00	0.00	0.00	0.00	0.00	0.00	0.00	0.00	0.00	0.00	0.00	0.00	0.93	
08080700	1212	19391212	20141212	48	5.73	39.55	0.00	274.00		0.00	0.00	0.00	0.00	0.00	0.00	0.00	0.00	0.00	0.00	0.00	0.00	0.00	0.00	0.00	0.00	0.00	0.00	0.45	
08080700	1213	19391213	20141213	48	0.13	0.84	0.00	5.80		0.00	0.00	0.00	0.00	0.00	0.00	0.00	0.00	0.00	0.00	0.00	0.00	0.00	0.00	0.00	0.00	0.00	0.00	0.22	
08080700	1214	19391214	20141214	48	0.34	2.31	0.00	16.00		0.00	0.00	0.00	0.00	0.00	0.00	0.00	0.00	0.00	0.00	0.00	0.00	0.00	0.00	0.00	0.00	0.00	0.00	0.16	
08080700	1215	19391215	20141215	48	0.04	0.21	0.00	1.40		0.00	0.00	0.00	0.00	0.00	0.00	0.00	0.00	0.00	0.00	0.00	0.00	0.00	0.00	0.00	0.00	0.00	0.00	0.18	
08080700	1216	19391216	20141216	48	0.04	0.30	0.00	2.10		0.00	0.00	0.00	0.00	0.00	0.00	0.00	0.00	0.00	0.00	0.00	0.00	0.00	0.00	0.00	0.00	0.00	0.00	0.01	
08080700	1217	19391217	20141217	48	0.02	0.10	0.00	0.66		0.00	0.00	0.00	0.00	0.00	0.00	0.00	0.00	0.00	0.00	0.00	0.00	0.00	0.00	0.00	0.00	0.00	0.00	0.15	
08080700	1218	19391218	20141218	48	0.00	0.02	0.00	0.10		0.00	0.00	0.00	0.00	0.00	0.00	0.00	0.00	0.00	0.00	0.00	0.00	0.00	0.00	0.00	0.00	0.00	0.00	0.05	
08080700	1219	19391219	20141219	48	0.10	0.47	0.00	3.10		0.00	0.00	0.00	0.00	0.00	0.00	0.00	0.00	0.00	0.00	0.00	0.00	0.00	0.00	0.00	0.00	0.00	0.03	0.70	
08080700	1220	19391220	20141220	48	0.10	0.60	0.00	4.10		0.00	0.00	0.00	0.00	0.00	0.00	0.00	0.00	0.00	0.00	0.00	0.00	0.00	0.00	0.00	0.00	0.00	0.00	0.35	
08080700	1221	19391221	20141221	48	0.06	0.36	0.00	2.50		0.00	0.00	0.00	0.00	0.00	0.00	0.00	0.00	0.00	0.00	0.00	0.00	0.00	0.00	0.00	0.00	0.00	0.00	0.10	
08080700	1222	19391222	20141222	48	0.01	0.03	0.00	0.20		0.00	0.00	0.00	0.00	0.00	0.00	0.00	0.00	0.00	0.00	0.00	0.00	0.00	0.00	0.00	0.00	0.00	0.00	0.10	
08080700	1223	19391223	20141223	48	0.01	0.03	0.00	0.20		0.00	0.00	0.00	0.00	0.00	0.00	0.00	0.00	0.00	0.00	0.00	0.00	0.00	0.00	0.00	0.00	0.00	0.00	0.08	
08080700	1224	19391224	20141224	48	0.04	0.14	0.00	0.70		0.00	0.00	0.00	0.00	0.00	0.00	0.00	0.00	0.00	0.00	0.00	0.00	0.00	0.00	0.00	0.00	0.00	0.01	0.52	
08080700	1225	19391225	20141225	48	0.10	0.45	0.00	2.90		0.00	0.00	0.00	0.00	0.00	0.00	0.00	0.00	0.00	0.00	0.00	0.00	0.00	0.00	0.00	0.00	0.00	0.01	0.82	
08080700	1226	19391226	20141226	48	0.07	0.37	0.00	2.50		0.00	0.00	0.00	0.00	0.00	0.00	0.00	0.00	0.00	0.00	0.00	0.00	0.00	0.00	0.00	0.00	0.00	0.03	0.40	
08080700	1227	19391227	20141227	48	0.02	0.16	0.00	1.10		0.00	0.00	0.00	0.00	0.00	0.00	0.00	0.00	0.00	0.00	0.00	0.00	0.00	0.00	0.00	0.00	0.00	0.00	0.00	
08080700	1228	19391228	20141228	48	0.00		0.00	0.00		0.00	0.00	0.00	0.00	0.00	0.00	0.00	0.00	0.00	0.00	0.00	0.00	0.00	0.00	0.00	0.00	0.00	0.00	0.00	
08080700	1229	19391229	20141229	48	0.08	0.52	0.00	3.60		0.00	0.00	0.00	0.00	0.00	0.00	0.00	0.00	0.00	0.00	0.00	0.00	0.00	0.00	0.00	0.00	0.00	0.00	0.08	
08080700	1230	19391230	20141230	48	0.04	0.21	0.00	1.40		0.00	0.00	0.00	0.00	0.00	0.00	0.00	0.00	0.00	0.00	0.00	0.00	0.00	0.00	0.00	0.00	0.00	0.04	0.20	
08080700	1231	19391231	20141231	48	0.04	0.13	0.00	0.75		0.00	0.00	0.00	0.00	0.00	0.00	0.00	0.00	0.00	0.00	0.00	0.00	0.00	0.00	0.00	0.00	0.00	0.10	0.38	
