site_no	monthday	begin_dt	end_dt	count_nu	mean	std	min	max	p01	p05	p10	p15	p20	p25	p30	p35	p40	p45	p50	p55	p60	p65	p70	p75	p80	p85	p90	p95	p99
08178000	ALL	19261001	20160329	24215	48.96	85.90	0.06	2690.00	4.60	7.80	10.00	12.00	13.00	14.00	15.00	17.00	19.00	21.00	23.00	26.00	29.00	35.00	42.00	52.00	67.00	86.00	111.00	164.00	355.68
08178000	0101	19270101	20160101	65	48.55	44.58	0.56	186.00		6.89	8.54	13.00	13.20	15.00	16.00	19.00	23.40	24.70	31.00	34.00	45.40	50.90	59.80	74.00	88.20	100.00	115.40	143.40	
08178000	0102	19270102	20160102	65	50.03	43.90	2.40	195.00		7.82	9.20	13.00	15.00	16.00	19.00	19.10	23.40	26.70	35.00	39.30	49.40	58.60	65.20	76.00	90.40	96.40	111.60	136.80	
08178000	0103	19270103	20160103	65	46.68	43.62	5.60	217.00		8.76	12.20	14.00	15.00	15.00	16.00	20.10	21.80	23.70	24.00	34.30	38.60	52.90	56.60	70.00	81.00	94.10	98.40	130.70	
08178000	0104	19270104	20160104	65	47.56	42.80	5.00	191.00		8.25	10.00	13.90	14.00	15.50	17.80	19.00	20.40	23.70	31.00	33.60	41.20	51.80	67.20	77.00	87.00	94.10	101.00	132.60	
08178000	0105	19270105	20160105	65	49.36	47.01	3.00	211.00		7.39	10.52	12.00	14.20	16.50	17.00	18.10	20.80	22.70	29.00	35.30	43.60	48.80	68.00	77.00	87.00	97.40	116.20	168.30	
08178000	0106	19270106	20160106	65	46.42	43.22	5.60	186.00		6.58	10.60	12.90	14.00	15.00	17.00	19.00	19.40	23.00	25.00	30.60	38.60	47.50	60.60	73.50	88.60	95.10	104.20	139.10	
08178000	0107	19270107	20160107	65	43.15	42.70	5.00	192.00		7.83	10.48	13.00	14.00	15.50	16.00	17.00	18.40	20.00	23.00	24.30	29.60	37.60	49.40	62.50	81.80	92.30	106.00	131.90	
08178000	0108	19270108	20160108	65	43.46	40.20	1.40	184.00		7.87	11.60	14.00	15.00	15.50	16.00	18.00	18.40	20.00	25.00	31.30	34.60	46.10	54.20	61.00	79.80	93.20	98.20	135.00	
08178000	0109	19270109	20160109	65	49.46	44.71	4.40	189.00		11.30	13.00	14.90	16.00	17.00	18.80	20.00	22.00	23.00	28.00	34.10	42.80	46.80	64.40	77.50	86.80	95.10	121.40	152.50	
08178000	0110	19270110	20160110	65	47.54	54.12	4.60	319.00		8.47	12.00	14.00	15.00	16.00	17.80	19.00	20.00	21.00	22.00	25.30	29.60	40.80	48.20	65.00	83.60	94.10	116.00	166.60	
08178000	0111	19270111	20160111	65	45.45	50.04	2.90	257.00		5.27	8.42	9.96	13.20	15.00	16.00	18.00	20.00	21.00	24.00	26.00	29.60	41.30	45.40	61.00	79.80	100.20	119.00	164.50	
08178000	0112	19270112	20160112	65	48.74	54.07	2.70	250.00		4.37	8.24	11.80	14.00	15.00	16.00	17.10	19.00	22.00	25.00	27.00	30.60	43.00	55.20	71.00	84.80	99.10	133.00	167.50	
08178000	0113	19270113	20160113	65	45.50	48.32	1.30	284.00		4.43	8.46	12.70	14.20	15.00	16.00	18.10	21.00	23.40	25.00	29.60	32.00	42.80	56.00	64.50	81.00	94.10	101.40	131.60	
08178000	0114	19270114	20160114	65	44.24	42.71	2.60	177.00		4.30	11.00	12.90	14.00	16.50	17.80	18.10	20.40	22.00	24.00	25.00	28.60	36.70	55.60	67.50	81.80	94.30	116.60	133.70	
08178000	0115	19270115	20160115	65	43.25	41.36	4.10	187.00		6.28	10.00	12.90	14.00	16.00	18.00	18.10	20.00	21.00	24.00	25.00	32.00	39.80	52.20	66.00	81.00	91.10	98.80	130.60	
08178000	0116	19270116	20160116	65	44.35	41.45	5.30	184.00		6.47	9.68	12.00	14.00	15.50	17.80	20.00	22.20	24.00	25.00	27.60	33.00	43.00	53.60	65.50	79.80	90.20	102.60	137.90	
08178000	0117	19270117	20160117	65	48.35	46.73	5.90	187.00		6.53	10.36	12.90	16.00	17.00	18.00	20.00	23.00	24.40	25.00	29.30	32.60	45.60	55.40	71.00	84.00	101.70	129.60	164.20	
08178000	0118	19270118	20160118	65	86.23	198.43	6.20	1300.00		9.39	11.60	13.00	14.20	17.50	19.00	21.00	22.00	23.70	25.00	27.40	37.40	48.40	57.40	73.00	96.20	109.50	153.40	522.50	
08178000	0119	19270119	20160119	65	57.62	91.31	4.60	650.00		7.42	8.60	11.90	13.20	17.50	18.00	22.00	22.40	23.70	25.00	28.00	33.60	42.60	55.60	65.50	84.80	99.50	126.80	186.60	
08178000	0120	19270120	20160120	65	65.81	167.54	0.43	1350.00		6.72	9.22	12.90	14.00	15.00	17.00	18.00	21.00	23.00	24.00	27.00	36.40	42.50	62.00	78.00	89.80	96.50	120.80	166.80	
08178000	0121	19270121	20160121	65	54.38	75.15	0.98	538.00		6.39	7.70	11.00	14.00	15.50	17.80	20.10	22.00	23.00	24.00	33.60	37.20	49.80	60.00	79.50	89.80	99.90	123.40	165.20	
08178000	0122	19270122	20160122	65	49.60	54.88	0.97	319.00		7.36	9.88	12.00	13.20	16.50	17.80	19.00	20.40	22.70	24.00	27.00	37.60	48.10	56.00	81.00	88.80	96.40	121.20	134.20	
08178000	0123	19270123	20160123	65	47.73	55.01	0.87	363.00		8.95	11.00	12.00	14.40	17.50	18.80	21.00	22.00	23.00	24.00	29.30	34.20	39.90	48.60	63.00	85.40	92.50	118.40	134.60	
08178000	0124	19270124	20160124	65	45.49	44.16	2.20	195.00		6.53	11.20	12.00	14.20	16.00	18.00	18.00	21.40	22.00	23.00	29.20	36.80	40.90	56.20	71.00	78.00	89.00	104.80	160.60	
08178000	0125	19270125	20160125	65	47.08	46.09	5.80	201.00		7.41	10.60	12.90	14.00	15.00	17.00	17.10	18.80	21.70	24.00	31.30	38.00	43.00	50.00	70.00	85.80	111.20	122.00	149.10	
08178000	0126	19270126	20160126	65	56.48	99.84	5.60	763.00		7.12	10.00	12.80	14.00	16.00	17.00	18.10	20.00	21.70	25.00	29.20	36.40	39.90	48.60	63.00	85.60	102.30	121.40	174.30	
08178000	0127	19270127	20160127	65	53.56	90.31	7.00	688.00		7.91	10.60	12.00	13.20	14.50	18.00	19.00	21.00	22.70	24.00	31.30	33.60	40.90	50.00	60.50	83.80	88.60	120.60	159.00	
08178000	0128	19270128	20160128	65	42.92	42.16	6.60	202.00		7.49	9.96	11.90	13.00	14.50	16.80	17.10	18.00	20.40	24.00	29.30	33.00	38.80	44.40	54.00	81.80	94.10	119.20	134.10	
08178000	0129	19270129	20160129	65	46.96	49.99	2.70	243.00		7.00	10.00	11.00	13.00	14.00	16.80	18.00	20.00	21.70	24.00	27.00	32.20	41.00	51.20	66.50	80.80	98.10	122.80	158.30	
08178000	0130	19270130	20160130	65	50.00	59.38	3.70	354.00		6.26	7.12	11.90	13.20	14.00	16.80	18.00	21.00	23.70	25.00	31.30	33.60	44.20	51.20	71.50	84.60	98.80	120.00	158.00	
08178000	0131	19270131	20160131	65	46.25	47.05	6.60	232.00		7.49	10.60	11.90	12.00	14.50	16.80	18.00	21.40	24.00	30.00	31.30	34.60	39.80	47.80	59.50	80.80	88.70	119.80	156.30	
08178000	0201	19270201	20160201	65	46.96	46.58	7.00	232.00		8.37	10.60	12.00	14.00	17.50	18.00	20.00	21.80	23.70	29.00	32.30	33.60	38.90	44.40	67.00	85.80	92.40	124.00	147.10	
08178000	0202	19270202	20160202	65	55.88	87.74	6.40	601.00		9.44	11.60	13.00	14.20	17.00	18.00	19.00	20.00	23.10	27.00	28.60	34.20	42.70	44.20	57.00	79.80	94.30	123.80	211.20	
08178000	0203	19270203	20160203	65	64.41	105.32	0.56	575.00		6.17	8.92	11.00	13.20	14.00	16.00	18.10	20.00	23.10	28.00	30.90	36.00	43.00	48.80	73.00	87.40	115.20	132.40	299.80	
08178000	0204	19270204	20160204	65	79.34	132.43	1.20	818.00		6.56	10.60	14.00	15.00	17.00	18.00	20.00	23.00	26.40	30.00	37.00	41.00	54.80	73.40	83.00	111.60	127.40	204.60	367.90	
08178000	0205	19270205	20160205	65	61.63	74.35	5.30	350.00		7.03	11.00	12.90	15.20	17.00	18.00	20.00	25.00	26.70	30.00	35.20	39.60	42.90	54.00	77.00	107.40	132.40	167.60	243.70	
08178000	0206	19270206	20160206	65	48.69	50.62	6.80	223.00		7.85	10.60	12.90	14.20	16.00	18.00	18.20	22.00	26.00	28.00	33.60	38.00	41.90	47.00	57.50	76.20	101.80	134.20	164.90	
08178000	0207	19270207	20160207	65	46.83	50.88	6.40	223.00		8.28	9.92	12.00	13.20	15.00	17.00	18.00	20.00	23.40	27.00	30.00	33.80	37.00	40.20	51.50	82.80	94.40	132.20	188.20	
08178000	0208	19270208	20160208	65	46.16	47.37	7.00	237.00		8.72	11.60	12.00	14.00	15.00	17.00	19.00	20.40	23.00	26.00	27.60	35.00	39.00	55.40	60.00	75.60	93.40	112.60	156.00	
08178000	0209	19270209	20160209	65	54.53	65.35	7.30	371.00		8.41	10.24	12.90	15.00	17.00	18.80	21.00	22.40	25.40	26.00	35.60	38.60	47.00	55.20	66.50	89.60	108.00	125.60	210.10	
08178000	0210	19270210	20160210	65	49.87	66.54	4.60	450.00		8.36	10.60	13.00	16.00	18.00	19.00	20.00	21.00	23.00	26.00	27.30	33.60	36.80	43.60	58.00	78.00	96.00	112.40	147.50	
08178000	0211	19270211	20160211	66	47.45	49.05	4.40	254.00		7.47	11.40	15.05	16.00	17.75	18.00	19.45	20.80	22.15	24.00	27.70	34.60	41.20	57.30	64.00	80.00	93.75	111.70	160.25	
08178000	0212	19270212	20160212	66	52.70	70.67	5.00	482.00		6.53	12.70	15.00	16.40	18.00	19.10	20.45	22.00	23.15	25.00	29.70	37.20	42.55	50.30	63.50	74.20	95.90	120.20	176.50	
08178000	0213	19270213	20160213	66	46.27	46.01	3.60	198.00		5.75	8.91	13.05	15.00	15.75	17.10	18.90	21.00	23.00	25.00	28.00	33.00	39.65	50.80	69.50	80.80	96.85	113.30	164.80	
08178000	0214	19270214	20160214	66	49.42	50.41	2.10	202.00		6.47	8.49	11.00	15.40	16.00	19.00	20.45	22.60	25.00	26.00	30.85	35.40	44.40	49.90	72.25	87.20	104.95	127.20	178.40	
08178000	0215	19270215	20160215	66	49.77	47.98	1.10	200.00		6.84	9.48	13.05	16.00	17.00	19.00	20.00	23.80	25.15	27.00	30.70	37.60	42.55	51.70	77.75	91.40	105.00	125.30	162.75	
08178000	0216	19270216	20160216	66	47.80	49.28	0.07	214.00		6.21	8.85	11.05	14.00	15.00	19.00	20.45	22.60	25.00	26.00	27.85	33.20	38.10	48.70	69.00	80.80	102.00	120.00	173.15	
08178000	0217	19270217	20160217	66	48.03	47.77	0.20	218.00		7.98	10.70	13.00	15.00	16.00	18.00	19.00	22.80	24.15	26.50	29.00	36.00	41.55	48.50	75.25	85.80	99.00	117.80	160.80	
08178000	0218	19270218	20160218	66	54.35	64.43	3.80	383.00		6.74	11.70	14.05	15.40	16.00	18.00	19.00	19.80	24.00	26.50	28.85	36.80	43.55	51.60	79.50	91.20	108.85	136.30	180.25	
08178000	0219	19270219	20160219	66	47.33	46.27	5.00	220.00		8.37	11.00	14.00	14.40	16.75	18.00	19.00	20.00	24.00	26.00	28.70	35.20	44.20	55.20	75.00	83.20	98.65	112.60	157.30	
08178000	0220	19270220	20160220	66	47.85	45.89	5.90	214.00		9.35	13.00	14.05	16.40	17.75	19.00	20.45	22.00	24.00	25.00	29.70	34.40	44.40	55.90	68.25	82.00	96.80	117.70	160.50	
08178000	0221	19270221	20160221	66	55.72	63.32	4.20	360.00		7.91	9.82	13.05	14.40	16.75	18.10	21.00	23.60	27.15	30.00	35.70	40.80	48.00	51.90	75.00	90.40	109.60	155.40	189.90	
08178000	0222	19270222	20160222	66	58.89	89.45	0.70	640.00		8.24	10.00	12.00	14.40	15.75	19.00	20.00	21.80	23.15	26.50	33.55	36.40	44.00	59.70	74.00	90.60	105.90	127.90	202.70	
08178000	0223	19270223	20160223	66	54.24	56.07	0.58	302.00		7.38	9.91	12.05	15.40	17.50	19.10	22.45	24.00	27.15	30.00	34.85	39.60	50.10	71.40	83.75	89.80	109.60	129.60	166.55	
08178000	0224	19270224	20160224	66	54.54	74.02	6.60	501.00		8.41	11.70	14.00	15.00	16.00	19.00	21.00	22.00	25.00	26.50	34.00	36.00	39.00	52.00	63.50	79.80	103.60	131.30	196.95	
08178000	0225	19270225	20160225	66	55.11	62.78	1.80	262.00		6.20	10.40	13.00	14.00	16.00	18.00	19.90	23.80	28.30	30.50	32.00	37.20	40.65	57.90	66.50	86.00	100.95	159.40	237.15	
08178000	0226	19270226	20160226	66	48.44	51.59	5.00	283.00		7.18	11.70	13.10	16.00	17.00	18.00	20.35	23.80	25.15	27.00	30.00	32.60	40.55	45.80	64.00	86.20	95.85	112.30	156.90	
08178000	0227	19270227	20160227	66	45.46	44.70	5.30	201.00		6.97	9.82	12.10	14.40	16.00	17.00	18.00	20.00	25.15	28.50	31.85	34.00	37.55	44.80	65.00	79.60	97.75	114.20	155.50	
08178000	0228	19270228	20160228	66	46.73	47.53	6.20	216.00		6.43	8.28	11.10	14.00	16.00	18.00	19.00	23.40	26.15	27.50	29.70	34.00	41.10	50.50	69.75	76.60	95.45	110.20	165.00	
08178000	0229	19280229	20160229	18	34.42	37.39	6.20	169.00			7.28	10.46	13.40	15.50	16.70	18.30	19.00	22.85	26.00	26.45	27.00	28.05	31.50	37.25	46.80	59.50	78.10		
08178000	0301	19270301	20160301	67	50.03	54.34	5.60	300.00		7.70	9.16	11.60	14.60	16.00	18.00	20.00	23.20	25.60	28.00	29.40	37.60	40.20	53.20	70.00	87.00	100.20	120.00	175.00	
08178000	0302	19270302	20160302	67	45.12	44.99	5.60	189.00		7.12	9.58	13.20	14.60	16.00	18.00	19.00	23.00	24.60	27.00	29.00	33.40	40.20	46.40	56.00	72.40	97.40	112.00	166.60	
08178000	0303	19270303	20160303	67	48.42	65.26	0.69	449.00		7.12	10.66	14.00	15.00	16.00	18.00	19.80	22.20	24.60	27.00	29.00	33.40	38.40	42.60	48.00	70.00	90.80	111.20	153.20	
08178000	0304	19270304	20160304	67	58.01	141.19	5.00	1150.00		6.28	9.80	12.20	14.00	16.00	17.40	18.80	24.00	25.00	26.00	30.20	35.60	38.40	42.60	48.00	70.40	83.00	107.60	160.60	
08178000	0305	19270305	20160305	67	53.63	110.41	3.30	885.00		6.36	10.60	12.00	14.00	16.00	18.00	19.00	21.40	24.60	27.00	28.40	33.80	38.40	43.00	50.00	71.20	82.00	106.00	160.20	
08178000	0306	19270306	20160306	67	50.35	63.17	2.60	394.00		6.68	9.00	12.20	14.00	16.00	18.00	19.80	21.20	24.00	25.00	29.60	37.00	42.00	46.00	58.00	76.20	103.20	112.20	181.80	
08178000	0307	19270307	20160307	67	45.64	43.94	6.00	179.00		6.54	8.52	10.12	13.60	16.00	18.00	18.80	24.00	25.60	27.00	30.00	37.80	40.00	47.80	62.00	80.60	100.20	112.60	159.00	
08178000	0308	19270308	20160308	67	44.17	44.67	5.20	199.00		7.00	8.82	12.00	14.00	16.00	17.00	18.00	20.40	23.60	26.00	28.60	36.80	39.60	43.60	56.00	73.00	95.60	104.00	158.60	
08178000	0309	19270309	20160309	67	44.33	44.36	5.80	202.00		6.60	8.96	11.20	12.60	15.00	16.40	18.00	20.20	23.00	24.00	33.20	37.80	40.20	44.20	63.00	73.40	88.80	110.80	155.80	
08178000	0310	19270310	20160310	67	43.21	44.58	3.90	202.00		7.28	9.70	12.00	14.00	15.00	15.40	18.00	21.00	22.20	25.00	28.80	34.80	41.20	44.20	52.00	65.20	93.40	109.20	155.80	
08178000	0311	19270311	20160311	67	44.58	45.14	5.60	195.00		7.38	12.00	14.00	15.00	17.00	18.00	20.00	20.00	20.60	25.00	26.40	35.00	38.40	45.40	54.00	70.40	93.60	117.00	155.60	
08178000	0312	19270312	20160312	67	47.73	52.76	5.50	314.00		6.82	10.80	14.00	15.00	16.00	17.80	20.80	23.00	24.00	26.00	32.20	36.00	41.40	46.20	63.00	71.60	93.80	112.80	163.60	
08178000	0313	19270313	20160313	67	47.56	48.93	4.40	239.00		8.86	12.00	14.20	16.00	16.00	18.00	20.80	24.20	25.00	27.00	32.00	34.00	43.00	47.20	53.00	76.40	93.60	115.40	173.40	
08178000	0314	19270314	20160314	67	56.54	93.63	5.30	631.00		9.64	10.00	12.00	13.60	15.00	16.40	17.00	21.20	23.60	25.00	29.80	34.80	39.40	48.20	60.00	72.00	96.40	131.20	185.80	
08178000	0315	19270315	20160315	67	59.62	77.68	6.20	515.00		8.28	10.80	13.00	14.60	16.00	18.80	21.00	24.20	26.00	27.00	34.80	40.00	50.80	56.60	66.00	96.80	117.40	168.00	191.40	
08178000	0316	19270316	20160316	67	49.82	60.55	6.20	387.00		8.88	11.80	12.00	15.00	16.00	17.40	20.00	20.20	24.00	25.00	26.80	34.80	41.00	47.20	62.00	76.00	96.60	123.40	173.80	
08178000	0317	19270317	20160317	67	48.86	51.19	4.10	226.00		7.94	10.00	11.20	12.60	14.00	16.00	17.00	21.00	22.60	25.00	29.00	33.60	41.00	54.60	63.00	83.00	109.00	139.20	167.40	
08178000	0318	19270318	20160318	67	45.94	45.82	5.90	186.00		8.60	13.00	13.20	15.20	17.00	17.00	19.00	20.00	22.00	24.00	27.20	33.00	39.00	45.00	58.00	76.60	99.80	120.60	161.60	
08178000	0319	19270319	20160319	67	45.44	44.52	5.60	191.00		9.02	11.00	14.00	15.60	17.00	18.40	19.80	21.20	22.60	27.00	30.00	35.60	40.20	47.40	58.00	69.40	92.40	108.00	168.80	
08178000	0320	19270320	20160320	67	44.31	41.24	6.20	194.00		11.00	11.80	15.00	16.00	18.00	20.00	20.00	22.00	24.80	28.00	31.00	37.80	41.20	46.60	56.00	67.00	91.20	101.20	151.80	
08178000	0321	19270321	20160321	67	44.11	43.11	0.53	193.00		9.40	10.80	13.00	14.60	16.00	18.00	19.00	21.20	24.20	26.00	31.40	37.00	39.40	47.60	55.00	62.20	90.80	101.20	165.80	
08178000	0322	19270322	20160322	68	43.73	47.32	4.40	222.00		7.71	10.90	11.35	13.00	16.00	17.00	18.00	18.60	20.05	25.50	27.95	32.40	36.00	39.60	50.50	65.40	89.90	109.40	165.15	
08178000	0323	19270323	20160323	68	46.40	60.35	3.40	422.00		6.75	9.90	12.00	13.00	15.25	16.00	17.15	18.60	20.15	25.50	28.95	34.40	37.70	43.40	54.75	73.00	92.30	102.60	155.85	
08178000	0324	19270324	20160324	68	43.34	41.89	6.20	173.00		8.04	9.90	11.00	12.00	15.25	16.00	17.00	18.60	20.15	24.50	29.95	33.00	36.85	45.60	56.00	84.60	95.30	107.40	144.75	
08178000	0325	19270325	20160325	68	42.23	41.69	3.90	175.00		6.70	11.00	12.00	13.00	15.25	17.00	17.00	18.00	20.00	23.00	25.00	29.00	35.25	48.90	62.25	72.60	88.65	106.30	150.50	
08178000	0326	19270326	20160326	68	47.81	49.54	1.40	236.00		6.47	10.00	12.00	12.80	16.25	17.70	18.30	20.60	22.05	25.50	29.90	35.00	37.00	49.70	70.00	87.80	95.25	120.20	162.65	
08178000	0327	19270327	20160327	68	50.13	60.31	4.10	317.00		8.35	12.00	13.35	15.00	16.00	16.70	18.00	20.60	24.05	26.50	28.00	34.40	40.40	50.60	66.75	85.20	94.65	107.70	175.00	
08178000	0328	19270328	20160328	68	45.18	46.35	3.80	266.00		6.96	10.90	13.00	14.80	16.00	16.70	18.00	19.60	24.10	28.00	33.95	38.40	40.85	48.00	58.50	72.80	86.65	101.50	144.05	
08178000	0329	19270329	20160329	68	43.98	57.79	0.45	405.00		5.62	10.00	12.00	13.80	15.00	16.70	17.15	19.00	21.00	24.00	27.00	31.00	35.70	40.70	49.00	71.40	81.95	102.50	146.75	
08178000	0330	19270330	20150330	67	53.88	82.78	0.60	462.00		5.92	9.94	12.00	12.00	13.00	16.00	17.80	18.20	21.00	23.00	27.00	33.00	38.20	44.20	51.00	79.40	89.00	130.20	208.60	
08178000	0331	19270331	20150331	67	43.83	42.93	4.00	172.00		7.84	10.74	12.00	12.60	15.00	16.00	17.80	20.80	25.00	26.00	30.00	33.80	38.40	44.80	49.00	80.20	92.60	118.00	155.80	
08178000	0401	19270401	20150401	67	44.29	47.14	5.60	282.00		9.86	12.00	13.00	14.60	16.00	17.40	18.80	22.20	24.00	27.00	30.40	33.80	37.20	45.60	57.00	67.80	82.40	98.20	154.80	
08178000	0402	19270402	20150402	67	41.67	43.00	5.70	193.00		7.58	9.86	12.00	13.00	15.00	16.00	17.00	18.20	22.20	25.00	28.00	32.60	36.20	41.00	46.00	61.00	84.80	104.20	153.20	
08178000	0403	19270403	20150403	67	39.64	40.66	4.70	183.00		7.56	11.60	12.00	13.00	14.00	16.00	16.80	18.00	22.00	23.00	25.40	28.80	33.00	37.40	46.00	66.80	83.20	90.00	151.20	
08178000	0404	19270404	20150404	67	44.21	52.04	0.71	293.00		7.24	9.74	12.20	13.60	15.00	16.00	16.80	19.20	23.00	24.00	26.40	29.80	32.20	41.40	47.00	65.60	85.20	116.40	167.40	
08178000	0405	19270405	20150405	67	60.65	132.85	4.60	972.00		6.80	8.56	12.00	13.60	15.00	16.40	19.60	21.00	22.00	24.00	27.40	30.60	34.20	41.80	55.00	71.80	88.60	111.40	182.40	
08178000	0406	19270406	20150406	67	54.44	103.22	2.00	803.00		7.44	8.96	12.00	13.00	15.00	17.40	18.00	20.20	22.60	24.00	27.40	32.20	38.20	40.60	46.00	79.00	96.80	121.80	167.00	
08178000	0407	19270407	20150407	67	51.46	85.58	5.20	626.00		7.34	9.10	12.00	13.00	16.00	17.00	18.80	21.00	23.00	24.00	27.00	28.00	33.40	36.60	48.00	82.00	90.60	112.60	170.00	
08178000	0408	19270408	20150408	67	44.47	51.29	5.30	230.00		7.40	9.04	11.40	13.60	16.00	16.00	17.00	18.00	21.20	24.00	25.00	28.40	33.00	35.00	40.00	75.60	98.20	123.00	166.60	
08178000	0409	19270409	20150409	67	40.31	39.68	0.97	170.00		7.96	10.00	11.20	12.60	16.00	16.00	17.00	21.00	23.00	24.00	26.40	32.40	35.00	38.60	48.00	67.00	87.00	92.60	149.20	
08178000	0410	19270410	20150410	67	44.73	52.19	5.60	313.00		6.52	9.88	13.00	14.00	15.00	16.40	18.80	22.20	23.00	25.00	27.00	29.00	33.00	38.60	43.00	78.00	88.40	120.80	157.20	
08178000	0411	19270411	20150411	67	40.19	43.17	0.23	196.00		6.28	9.54	11.00	12.00	15.00	16.00	17.80	18.00	21.60	24.00	25.40	28.60	31.40	33.60	40.00	65.60	79.00	98.00	156.80	
08178000	0412	19270412	20140412	66	39.55	39.53	6.20	165.00		7.00	8.14	11.05	12.40	13.75	16.00	16.90	18.00	21.15	23.50	25.85	29.00	31.10	34.00	52.50	73.00	82.00	91.40	148.85	
08178000	0413	19270413	20150413	67	41.32	40.73	6.20	183.00		7.32	8.38	12.00	13.60	15.00	16.00	19.00	21.00	22.60	26.00	27.40	30.80	34.00	38.40	53.00	78.40	83.80	96.60	148.40	
08178000	0414	19270414	20150414	67	41.96	45.98	4.40	248.00		7.84	10.46	12.20	13.00	16.00	17.40	18.00	21.00	22.00	23.00	28.80	30.00	34.40	37.00	46.00	61.60	82.00	98.40	157.80	
08178000	0415	19270415	20150415	67	51.36	86.63	4.70	640.00		7.20	11.00	12.20	14.00	15.00	16.00	17.00	19.40	22.60	25.00	26.20	28.00	34.00	37.80	58.00	74.40	90.00	109.80	161.00	
08178000	0416	19270416	20150416	67	51.60	82.92	6.60	486.00		8.30	9.26	12.00	13.60	15.00	16.00	16.80	18.00	20.20	23.00	25.40	28.80	34.00	47.60	52.00	71.80	94.60	112.60	156.00	
08178000	0417	19270417	20150417	67	53.49	93.49	5.60	676.00		7.72	9.78	12.00	13.00	15.00	16.00	17.00	18.00	20.60	25.00	28.40	31.80	38.00	49.80	58.00	68.20	85.60	105.60	178.80	
08178000	0418	19270418	20150418	67	44.39	53.00	6.40	265.00		7.38	9.00	11.00	12.00	14.00	15.00	18.00	19.00	20.60	23.00	26.40	29.80	34.20	39.20	48.00	66.40	87.00	113.60	188.80	
08178000	0419	19270419	20150419	67	52.73	73.03	3.70	384.00		6.96	8.44	11.20	12.00	15.00	15.40	17.60	20.00	21.00	27.00	28.00	30.80	37.60	51.80	68.00	76.40	89.80	133.80	199.80	
08178000	0420	19270420	20150420	67	55.89	143.68	6.20	1170.00		8.38	9.74	12.00	13.00	14.00	14.40	16.00	18.20	21.00	23.00	26.40	28.00	29.00	42.00	56.00	67.40	83.60	102.00	155.20	
08178000	0421	19270421	20150421	67	53.37	101.90	6.60	672.00		8.24	9.82	11.00	12.60	14.00	16.00	16.00	20.20	21.60	23.00	25.00	25.00	29.40	40.20	51.00	66.20	89.60	101.80	163.80	
08178000	0422	19270422	20140422	66	48.27	57.65	4.70	315.00		8.44	11.00	12.00	13.00	14.00	15.10	16.00	19.60	22.30	24.00	26.00	26.20	38.00	44.40	60.25	87.60	95.95	132.20	175.55	
08178000	0423	19270423	20150423	67	51.80	62.60	7.30	335.00		8.10	10.76	12.00	13.00	15.00	16.40	17.80	19.20	21.60	24.00	28.00	34.00	40.40	50.60	58.00	78.60	105.20	150.00	205.40	
08178000	0424	19270424	20140424	66	47.52	52.61	5.60	223.00		8.10	11.00	12.00	12.80	15.75	16.00	18.00	20.00	22.00	23.50	25.85	27.80	36.55	46.30	62.25	82.60	94.70	132.00	175.15	
08178000	0425	19270425	20140425	66	60.41	76.14	7.00	362.00		8.24	9.70	12.00	13.80	16.00	17.00	19.00	20.80	24.00	26.50	33.00	39.00	52.10	61.80	68.50	98.60	119.60	152.20	274.55	
08178000	0426	19270426	20150426	67	65.95	125.96	1.40	910.00		7.86	10.54	11.40	13.00	16.00	17.40	19.80	22.20	23.60	26.00	30.00	33.80	39.40	47.80	60.00	84.20	125.20	149.00	224.20	
08178000	0427	19270427	20150427	67	62.25	95.55	0.38	527.00		7.08	9.90	12.20	13.60	15.00	17.00	20.00	21.20	23.20	27.00	29.20	37.00	46.20	52.80	68.00	78.40	110.00	156.20	240.60	
08178000	0428	19270428	20150428	67	56.67	87.48	0.70	597.00		9.76	12.00	13.00	14.60	17.00	19.00	21.80	22.00	23.60	25.00	26.00	27.80	33.60	44.00	54.00	76.40	118.20	145.00	221.20	
08178000	0429	19270429	20150429	67	58.78	86.51	4.70	505.00		9.78	12.00	13.00	13.60	14.00	15.40	20.80	22.00	23.60	24.00	27.40	29.80	39.20	49.00	65.00	80.80	119.00	142.40	246.40	
08178000	0430	19270430	20150430	67	53.20	61.16	8.70	298.00		10.00	11.00	12.20	14.20	16.00	18.20	22.00	23.20	24.60	26.00	31.40	35.80	44.20	48.60	62.00	74.20	115.00	140.40	217.40	
08178000	0501	19270501	20150501	67	54.67	73.73	6.40	492.00		9.00	11.60	12.00	14.60	16.00	17.40	19.80	22.00	22.60	25.00	26.00	29.00	37.40	50.60	66.00	86.20	117.80	139.20	176.20	
08178000	0502	19270502	20150502	67	55.62	79.46	8.70	547.00		9.62	10.80	12.00	13.00	15.00	17.00	18.80	21.00	23.60	25.00	28.60	34.60	44.60	51.60	64.00	83.20	112.20	136.60	203.20	
08178000	0503	19270503	20150503	67	67.46	103.73	6.60	600.00		9.00	10.80	12.00	12.00	15.00	16.00	17.60	21.20	24.60	25.00	26.40	34.80	49.40	55.20	77.00	85.80	119.80	193.40	313.00	
08178000	0504	19270504	20150504	67	54.99	68.24	8.30	362.00		9.68	10.80	12.00	13.00	14.00	17.00	18.80	21.20	22.00	25.00	26.00	29.80	46.60	53.00	66.00	86.20	105.80	144.40	221.20	
08178000	0505	19270505	20150505	67	68.28	189.95	0.86	1550.00		8.64	11.00	12.00	13.00	15.00	16.40	19.00	21.20	24.00	26.00	27.00	32.00	44.20	51.20	61.00	79.80	95.60	136.20	192.40	
08178000	0506	19270506	20150506	67	93.86	260.92	3.10	1840.00		8.78	9.66	11.20	12.60	15.00	17.40	20.60	22.20	24.00	26.00	28.00	34.40	43.80	59.80	78.00	87.40	109.20	164.40	282.20	
08178000	0507	19270507	20150507	67	113.34	289.41	1.40	1510.00		7.50	9.96	11.00	12.00	13.00	17.40	19.00	20.20	21.00	24.00	24.40	26.80	45.20	52.60	66.00	85.40	148.00	178.00	1006.00	
08178000	0508	19270508	20150508	67	82.49	155.42	5.60	997.00		8.82	11.00	12.20	14.80	17.00	18.00	20.00	21.20	23.00	25.00	27.00	36.00	52.20	56.80	76.00	88.00	144.20	209.40	405.00	
08178000	0509	19270509	20150509	67	61.94	121.36	0.41	930.00		7.20	10.00	11.00	14.20	17.00	18.20	20.80	21.20	23.00	24.00	31.40	33.80	40.00	52.20	63.00	81.40	98.00	149.40	203.20	
08178000	0510	19270510	20150510	67	55.00	71.47	5.90	422.00		8.72	11.00	11.20	13.00	16.00	17.00	17.80	20.00	21.00	22.00	23.40	31.00	37.80	57.00	72.00	83.80	129.60	156.60	177.80	
08178000	0511	19270511	20150511	67	56.05	59.99	5.90	238.00		9.74	11.80	14.00	15.60	17.00	18.00	18.80	20.00	21.00	24.00	32.80	43.40	55.00	69.60	75.00	87.80	125.20	152.80	215.20	
08178000	0512	19270512	20150512	67	59.20	85.53	5.60	579.00		8.24	9.78	13.00	13.60	16.00	16.40	17.80	20.00	22.60	26.00	31.00	41.80	47.00	53.60	68.00	93.20	120.80	147.40	200.40	
08178000	0513	19270513	20150513	67	61.25	87.60	0.28	623.00		6.50	9.74	12.20	13.00	15.00	16.00	17.80	19.20	22.60	27.00	34.60	44.60	57.60	67.40	82.00	97.20	129.60	151.00	185.00	
08178000	0514	19270514	20150514	67	53.94	61.99	1.40	353.00		7.24	9.70	11.20	14.20	16.00	18.80	21.00	22.00	24.00	26.00	30.00	35.00	52.00	59.20	69.00	85.00	99.60	149.00	188.20	
08178000	0515	19270515	20150515	67	61.08	70.72	1.60	397.00		9.30	10.00	12.20	14.00	17.00	19.00	20.00	22.20	24.60	27.00	35.00	49.80	60.40	71.00	82.00	90.40	130.20	153.40	225.20	
08178000	0516	19270516	20150516	67	56.55	63.31	0.47	296.00		8.86	9.68	11.00	14.20	15.00	17.00	20.00	21.00	23.00	24.00	27.00	29.80	57.00	64.60	79.00	92.80	138.80	158.20	203.60	
08178000	0517	19270517	20150517	67	60.18	76.64	2.70	419.00		9.14	9.60	11.00	12.60	16.00	19.00	22.60	24.00	25.60	28.00	30.00	44.60	57.40	62.80	75.00	80.80	120.40	150.20	241.60	
08178000	0518	19270518	20150518	67	65.53	146.35	6.00	1190.00		8.22	11.00	13.00	15.00	17.00	20.00	21.80	24.00	25.20	28.00	40.60	47.00	49.40	54.00	67.00	78.40	102.20	140.40	168.60	
08178000	0519	19270519	20150519	67	83.24	161.60	6.10	976.00		7.70	9.30	11.20	12.60	15.00	17.00	19.60	23.20	24.60	28.00	35.80	48.40	52.40	68.20	74.00	106.80	144.00	169.60	413.40	
08178000	0520	19270520	20150520	67	63.29	101.15	4.60	730.00		9.62	13.00	13.40	15.00	17.00	18.40	20.00	22.20	23.00	26.00	32.60	41.80	51.20	65.40	70.00	87.00	101.60	145.00	217.40	
08178000	0521	19270521	20150521	67	73.99	171.55	0.38	1350.00		8.28	12.00	14.00	16.00	17.00	18.40	21.00	21.20	24.20	25.00	29.00	36.20	50.20	58.60	67.00	82.60	117.00	154.80	253.20	
08178000	0522	19270522	20150522	67	62.28	114.61	6.20	849.00		9.32	12.00	12.20	13.60	17.00	19.40	20.00	23.00	23.60	25.00	30.00	43.60	49.20	57.20	63.00	67.80	98.60	121.80	254.00	
08178000	0523	19270523	20150523	67	60.98	123.12	0.06	943.00		6.46	8.46	11.00	14.20	16.00	17.00	20.80	21.00	23.00	25.00	28.40	35.60	45.60	53.00	59.00	65.00	81.80	149.80	226.60	
08178000	0524	19270524	20150524	67	69.73	96.73	2.70	575.00		6.02	9.40	12.40	16.00	18.00	20.40	23.40	25.00	26.00	34.00	41.40	47.00	56.00	62.00	74.00	109.40	144.40	187.00	225.20	
08178000	0525	19270525	20150525	67	50.00	51.51	3.70	219.00		6.52	10.66	12.00	15.00	16.00	17.00	18.80	20.20	23.60	26.00	37.60	44.80	47.20	52.60	56.00	72.80	108.80	142.40	181.80	
08178000	0526	19270526	20150526	67	64.19	113.08	0.64	806.00		6.80	9.94	11.20	12.60	14.00	18.40	20.00	20.20	22.60	26.00	31.40	35.80	43.20	50.80	62.00	87.80	124.60	156.20	269.20	
08178000	0527	19270527	20150527	67	85.57	196.49	1.70	1510.00		8.06	11.00	13.00	14.80	18.00	19.00	20.00	21.40	24.80	30.00	34.80	41.00	43.20	53.20	66.00	103.40	150.80	205.60	342.00	
08178000	0528	19270528	20150528	67	66.21	112.26	0.30	611.00		5.12	9.96	11.20	12.60	15.00	16.00	17.80	20.00	23.60	27.00	33.00	37.60	40.60	55.20	66.00	80.40	103.80	139.60	334.40	
08178000	0529	19270529	20150529	67	65.42	103.52	2.30	715.00		7.04	10.72	13.00	13.60	17.00	19.00	21.60	25.20	27.60	31.00	33.00	36.00	39.40	51.40	73.00	99.20	117.80	161.20	260.40	
08178000	0530	19270530	20150530	67	79.03	139.93	5.60	719.00		8.82	10.80	13.00	15.00	17.00	19.00	20.00	22.00	24.00	26.00	28.40	32.00	38.80	54.20	73.00	97.60	131.20	213.80	496.40	
08178000	0531	19270531	20150531	67	60.38	89.76	5.60	491.00		7.66	10.80	13.00	14.00	14.00	16.40	18.80	21.00	23.00	25.00	27.00	29.80	36.80	51.60	73.00	92.00	118.80	147.80	226.00	
08178000	0601	19270601	20150601	67	71.87	153.87	6.20	1060.00		9.10	11.80	13.00	13.60	15.00	16.00	17.00	20.00	22.20	24.00	26.00	30.00	35.40	42.60	67.00	87.80	113.60	169.80	252.40	
08178000	0602	19270602	20150602	67	85.43	199.44	6.40	1090.00		8.74	11.00	12.00	13.00	14.00	15.40	16.00	19.20	21.60	24.00	26.00	29.60	34.20	41.20	57.00	81.20	124.20	163.40	551.20	
08178000	0603	19270603	20150603	67	70.93	129.85	4.40	769.00		8.60	9.80	11.20	13.00	14.00	14.80	18.00	19.20	22.00	24.00	26.00	27.80	35.20	43.60	62.00	88.20	124.60	166.00	388.40	
08178000	0604	19270604	20150604	67	89.41	287.27	5.60	2260.00		9.08	10.00	10.20	12.00	13.00	15.40	17.80	20.00	21.00	24.00	26.00	27.80	38.20	45.20	59.00	76.00	102.00	135.40	303.40	
08178000	0605	19270605	20150605	67	72.42	154.91	0.92	972.00		7.78	9.74	11.00	12.00	13.00	15.80	19.60	21.00	23.60	26.00	29.40	33.40	40.40	50.20	80.00	84.60	110.60	123.40	290.60	
08178000	0606	19270606	20150606	67	55.33	79.87	5.90	500.00		8.26	10.00	12.00	13.00	15.00	17.40	18.00	19.00	20.60	24.00	27.00	30.60	34.80	46.60	58.00	83.40	117.40	138.20	234.00	
08178000	0607	19270607	20150607	67	52.04	80.30	5.90	533.00		9.46	10.00	11.20	12.00	15.00	16.40	18.00	19.40	22.80	25.00	26.00	30.20	33.20	36.40	47.00	72.20	111.80	133.20	206.40	
08178000	0608	19270608	20150608	67	44.61	59.28	0.90	289.00		7.98	9.86	10.00	11.00	14.00	15.00	16.00	17.20	20.20	23.00	24.40	26.80	31.20	33.00	36.00	59.80	83.40	128.00	189.40	
08178000	0609	19270609	20150609	67	53.21	119.04	6.20	949.00		9.38	10.80	11.20	13.00	14.00	16.40	18.00	21.00	22.00	24.00	25.00	27.00	31.00	32.00	46.00	64.60	87.20	120.60	162.60	
08178000	0610	19270610	20150610	67	59.96	131.25	2.40	766.00		7.34	9.88	12.00	13.00	14.00	16.00	18.00	20.00	21.00	22.00	23.00	26.00	29.20	31.20	33.00	57.40	66.40	121.60	306.80	
08178000	0611	19270611	20150611	67	75.55	142.92	6.60	914.00		7.50	9.22	10.00	12.00	13.00	16.40	18.00	20.00	22.00	23.00	25.80	27.80	33.80	47.20	58.00	85.20	135.20	216.80	407.40	
08178000	0612	19270612	20150612	67	71.96	145.92	3.40	808.00		6.88	8.68	10.00	12.00	15.00	16.40	18.00	19.20	22.00	25.00	27.00	28.80	32.80	48.20	55.00	68.20	107.20	153.40	406.60	
08178000	0613	19270613	20150613	67	62.49	114.98	3.50	609.00		6.00	9.04	10.00	11.60	14.00	15.00	16.00	19.00	20.60	24.00	25.00	25.80	29.40	36.60	53.00	66.80	92.00	146.40	355.00	
08178000	0614	19270614	20140614	66	65.76	132.76	7.60	875.00		8.37	9.88	11.05	12.00	13.75	15.00	16.00	18.00	19.15	21.00	23.70	26.00	33.75	40.80	55.25	69.40	109.75	161.80	312.80	
08178000	0615	19270615	20150615	67	43.86	50.21	5.40	272.00		8.04	9.20	9.84	11.00	14.00	15.00	17.80	19.20	21.60	23.00	24.00	26.60	38.00	44.80	56.00	72.80	88.40	111.20	164.00	
08178000	0616	19270616	20150616	67	65.39	153.92	3.80	1200.00		7.08	8.84	9.68	10.60	11.00	12.40	14.80	16.20	18.60	21.00	22.00	24.80	35.00	44.20	57.00	84.80	108.60	173.20	228.40	
08178000	0617	19270617	20140617	66	49.16	65.93	1.90	286.00		6.72	9.30	9.86	11.40	13.00	14.00	14.45	16.80	18.30	21.50	22.85	25.00	28.65	42.70	55.00	66.80	104.95	147.20	233.00	
08178000	0618	19270618	20150618	67	56.71	98.53	2.40	530.00		7.98	8.88	9.80	10.60	13.00	14.00	16.80	18.00	20.00	21.00	24.00	29.80	34.20	39.60	46.00	63.60	103.60	158.20	242.80	
08178000	0619	19270619	20150619	67	56.64	96.46	7.00	711.00		8.78	9.94	12.00	13.00	14.00	16.00	18.80	21.20	22.00	24.00	30.20	36.80	38.40	48.80	54.00	77.60	102.60	130.40	195.40	
08178000	0620	19270620	20150620	67	43.91	56.30	5.40	270.00		8.00	9.34	11.00	11.60	14.00	14.00	15.00	17.00	19.00	21.00	22.40	27.40	30.40	40.60	48.00	63.80	80.80	107.20	210.40	
08178000	0621	19270621	20150621	67	52.18	77.48	0.88	480.00		5.38	8.24	10.20	11.60	12.00	13.40	15.00	16.20	18.60	21.00	23.20	30.40	33.20	47.40	70.00	83.20	96.80	136.40	228.60	
08178000	0622	19270622	20150622	67	54.60	87.43	0.11	602.00		8.02	8.78	9.72	10.60	12.00	13.00	14.80	18.00	20.20	22.00	28.00	28.80	39.60	52.20	62.00	84.40	96.60	129.40	225.80	
08178000	0623	19270623	20150623	67	53.10	99.45	3.10	700.00		7.60	8.74	9.22	9.56	12.00	12.00	14.80	15.20	17.00	18.00	21.00	25.80	35.60	40.60	54.00	65.80	85.40	126.60	230.40	
08178000	0624	19270624	20150624	67	42.47	49.94	5.30	248.00		7.44	7.78	11.00	12.00	13.00	15.00	15.00	16.00	17.60	21.00	23.40	30.00	37.00	39.00	50.00	60.80	83.80	106.00	177.20	
08178000	0625	19270625	20150625	67	54.71	82.11	5.80	516.00		8.14	9.94	11.20	12.60	15.00	16.00	17.80	19.00	19.60	24.00	27.40	32.00	38.00	49.60	58.00	78.80	85.00	124.00	253.60	
08178000	0626	19270626	20150626	67	57.91	96.77	0.25	600.00		7.52	9.96	11.20	12.00	13.00	14.40	15.00	18.00	20.20	21.00	25.40	26.80	35.60	44.80	53.00	74.00	110.40	151.00	254.60	
08178000	0627	19270627	20150627	67	40.69	54.91	4.50	350.00		8.50	9.32	10.20	11.00	13.00	13.40	15.80	17.20	19.00	21.00	23.40	24.80	31.60	38.80	47.00	53.00	73.40	96.60	143.40	
08178000	0628	19270628	20150628	67	37.65	43.36	5.60	224.00		7.38	9.64	12.00	12.00	13.00	15.00	15.80	17.00	18.80	22.00	25.40	29.80	33.20	36.60	42.00	52.00	65.00	76.60	142.20	
08178000	0629	19270629	20150629	67	56.42	116.81	0.76	867.00		5.94	9.36	10.00	12.00	13.00	13.40	15.00	18.00	21.00	22.00	25.20	30.40	33.20	39.00	45.00	66.00	91.60	133.60	246.00	
08178000	0630	19270630	20150630	67	38.90	41.43	4.80	195.00		7.34	9.28	12.00	12.00	13.00	14.00	15.00	17.20	21.00	24.00	26.80	30.00	34.00	35.60	40.00	57.00	79.20	106.60	147.20	
08178000	0701	19270701	20150701	67	33.32	39.56	7.00	226.00		8.72	9.54	11.20	12.00	13.00	13.00	14.00	16.00	16.60	18.00	21.00	22.00	26.20	32.60	33.00	38.60	56.20	74.60	134.40	
08178000	0702	19270702	20150702	67	32.80	39.61	2.30	217.00		6.10	10.30	11.00	12.00	12.00	13.00	14.00	16.00	16.60	18.00	19.00	20.80	23.40	30.40	34.00	38.60	54.00	81.40	130.00	
08178000	0703	19270703	20150703	67	41.60	65.94	2.00	468.00		6.12	9.56	12.00	12.00	12.00	13.00	14.00	16.00	17.00	20.00	22.00	23.80	32.20	35.60	42.00	45.40	69.80	112.80	144.00	
08178000	0704	19270704	20150704	67	47.15	99.48	3.90	768.00		6.34	8.86	9.90	11.00	11.00	12.00	12.00	15.00	16.00	20.00	20.40	28.80	31.40	36.00	40.00	55.80	69.00	119.60	184.00	
08178000	0705	19270705	20150705	67	44.42	65.00	5.20	383.00		6.72	10.00	11.00	11.60	13.00	13.40	14.80	15.20	18.20	20.00	21.80	26.60	31.20	35.60	41.00	65.40	73.60	122.60	189.00	
08178000	0706	19270706	20150706	67	37.91	43.48	6.20	223.00		9.58	11.00	11.20	13.00	13.00	14.40	16.00	17.00	19.00	23.00	25.00	28.00	32.00	36.60	39.00	46.80	64.00	106.40	133.80	
08178000	0707	19270707	20150707	67	39.20	49.23	4.30	253.00		6.56	11.00	12.00	12.00	13.00	13.00	14.00	16.00	16.00	18.00	23.40	24.80	29.00	34.20	38.00	45.20	82.60	113.60	157.60	
08178000	0708	19270708	20150708	67	47.19	84.18	0.58	546.00		4.52	8.60	10.20	11.00	12.00	12.40	14.60	15.20	17.00	18.00	21.00	23.80	28.20	35.60	41.00	57.00	76.80	109.20	193.80	
08178000	0709	19270709	20150709	67	38.36	54.47	5.30	367.00		8.68	11.00	12.00	12.00	13.00	13.40	14.00	15.00	16.60	19.00	21.40	25.60	28.40	33.00	39.00	43.00	59.20	102.60	127.80	
08178000	0710	19270710	20150710	67	40.56	59.04	5.00	389.00		6.78	9.90	11.20	12.00	13.00	14.00	14.00	16.00	17.00	20.00	21.40	23.80	28.20	33.60	38.00	54.20	72.20	102.60	169.20	
08178000	0711	19270711	20150711	67	40.33	48.83	4.40	260.00		5.96	9.84	11.00	12.00	13.00	13.40	14.00	15.00	17.00	18.00	21.20	25.00	29.20	34.60	39.00	62.40	98.60	117.20	139.60	
08178000	0712	19270712	20150712	67	35.72	35.28	4.30	193.00		8.84	11.00	12.00	13.00	13.00	13.00	14.00	16.00	17.60	22.00	24.00	27.80	33.20	36.80	45.00	54.40	66.20	97.60	111.60	
08178000	0713	19270713	20150713	67	35.89	38.18	4.30	191.00		6.18	8.76	12.00	12.00	13.00	14.00	14.80	15.20	18.00	19.00	22.40	25.80	29.60	33.60	43.00	51.20	69.40	101.00	123.20	
08178000	0714	19270714	20150714	67	34.06	34.91	4.10	187.00		6.16	9.80	12.00	12.60	13.00	13.40	14.00	15.00	16.20	18.00	22.00	23.60	27.20	37.00	46.00	57.20	63.60	87.00	114.00	
08178000	0715	19270715	20150715	67	47.12	90.33	4.30	692.00		6.84	9.86	11.20	12.00	13.00	13.00	14.00	15.00	17.20	20.00	25.40	28.00	31.00	37.40	47.00	59.80	77.20	96.00	184.60	
08178000	0716	19270716	20150716	67	59.49	163.92	2.60	1260.00		6.78	9.38	11.00	12.00	13.00	14.00	14.00	16.00	18.60	23.00	24.00	26.00	31.00	39.80	47.00	56.00	69.60	108.80	164.80	
08178000	0717	19270717	20150717	67	49.54	122.58	2.40	974.00		4.42	9.86	11.20	12.00	12.00	13.00	14.00	15.00	15.60	17.00	21.00	24.00	26.00	31.60	46.00	50.80	80.20	101.00	169.00	
08178000	0718	19270718	20150718	67	41.32	57.79	4.20	356.00		6.58	9.62	10.00	11.60	13.00	14.00	15.00	16.00	17.00	19.00	20.20	23.80	26.20	37.60	46.00	57.20	81.60	97.80	161.60	
08178000	0719	19270719	20150719	67	33.98	37.69	4.00	216.00		5.34	9.88	11.00	11.60	12.00	13.40	14.00	15.00	16.00	18.00	19.40	21.80	24.20	31.40	43.00	50.20	69.40	86.40	120.20	
08178000	0720	19270720	20150720	67	35.63	40.16	2.10	231.00		5.54	9.28	11.00	11.00	12.00	12.00	13.00	14.20	15.60	20.00	21.00	24.00	26.20	33.00	47.00	60.00	75.60	90.40	120.80	
08178000	0721	19270721	20150721	67	40.15	69.17	3.30	511.00		5.24	9.28	11.00	12.00	13.00	13.40	14.80	16.00	18.00	19.00	22.00	23.00	26.00	33.60	38.00	50.00	71.80	85.00	128.60	
08178000	0722	19270722	20150722	67	39.01	61.27	3.60	439.00		4.98	9.34	11.00	12.00	12.00	13.00	14.00	15.00	17.20	19.00	20.40	22.00	24.00	32.00	41.00	54.00	73.80	85.00	128.40	
08178000	0723	19270723	20150723	67	38.49	68.99	1.70	517.00		4.14	9.60	10.00	11.00	12.00	13.00	13.00	14.00	15.60	18.00	21.00	23.80	25.40	30.60	36.00	47.40	65.60	78.20	127.80	
08178000	0724	19270724	20150724	67	34.31	40.80	4.10	214.00		6.86	9.30	11.00	11.00	12.00	12.40	13.80	15.00	16.00	18.00	21.00	23.80	27.40	34.40	44.00	50.00	64.60	73.20	125.60	
08178000	0725	19270725	20150725	67	33.44	35.09	4.40	214.00		7.86	10.00	11.00	11.00	12.00	13.00	13.80	15.20	18.00	20.00	22.00	23.80	29.00	37.00	44.00	52.80	66.00	76.20	107.80	
08178000	0726	19270726	20150726	67	32.96	37.60	0.36	214.00		5.32	8.76	9.96	11.00	12.00	13.00	13.80	14.00	15.00	17.00	20.00	24.00	25.40	32.00	39.00	51.00	63.80	73.40	130.20	
08178000	0727	19270727	20150727	67	33.50	39.57	0.09	208.00		6.82	9.10	11.00	12.00	12.00	12.40	13.00	15.00	16.00	18.00	19.40	22.60	25.40	29.00	39.00	48.20	61.60	77.40	125.20	
08178000	0728	19270728	20150728	67	31.31	33.75	6.70	211.00		7.94	9.62	11.00	11.60	12.00	13.00	14.00	15.00	16.00	19.00	21.40	24.00	25.20	28.80	34.00	44.60	57.80	70.40	105.40	
08178000	0729	19270729	20150729	67	29.38	32.21	6.90	206.00		7.98	10.72	11.00	12.00	12.00	13.00	13.80	15.00	16.00	18.00	18.40	20.00	24.00	25.00	30.00	43.60	52.60	66.00	97.00	
08178000	0730	19270730	20150730	67	28.90	32.08	7.00	204.00		8.46	9.96	11.00	11.00	12.00	12.00	12.00	14.00	14.00	16.00	19.40	21.00	24.00	26.60	30.00	42.00	46.80	66.20	99.40	
08178000	0731	19270731	20150731	67	31.38	33.25	5.80	202.00		10.00	10.80	11.00	12.00	12.00	13.40	14.80	15.00	16.80	19.00	21.40	24.00	24.20	27.00	38.00	46.40	57.60	66.60	114.60	
08178000	0801	19270801	20150801	67	39.18	80.86	4.50	634.00		7.82	9.70	10.20	11.00	12.00	12.40	13.00	14.00	15.60	19.00	23.40	24.00	26.00	31.40	38.00	41.00	53.40	75.20	133.00	
08178000	0802	19270802	20150802	67	35.65	49.14	4.40	310.00		7.58	10.00	11.00	11.60	12.00	12.40	13.00	15.00	15.00	19.00	22.00	23.60	25.00	30.20	42.00	48.20	53.00	75.20	146.60	
08178000	0803	19270803	20150803	67	49.09	104.50	4.30	727.00		8.78	9.74	10.20	11.00	12.00	13.00	13.80	15.20	16.00	20.00	24.00	25.00	27.00	36.60	43.00	50.60	56.60	86.60	222.00	
08178000	0804	19270804	20150804	67	33.16	35.71	0.25	190.00		7.50	9.40	11.00	12.00	13.00	13.00	14.00	16.00	17.20	20.00	23.40	24.80	26.00	34.80	42.00	44.00	54.40	81.80	114.80	
08178000	0805	19270805	20150805	67	31.33	32.96	3.70	214.00		6.38	8.94	9.68	11.00	12.00	12.40	14.00	15.00	16.00	19.00	22.40	23.80	25.20	34.60	40.00	48.40	58.80	77.40	89.20	
08178000	0806	19270806	20150806	67	30.70	33.30	3.90	216.00		8.50	9.52	10.20	11.00	12.00	12.40	14.00	15.00	16.00	20.00	21.80	24.00	27.20	31.60	36.00	42.40	49.40	76.60	97.80	
08178000	0807	19270807	20150807	67	36.98	61.00	1.40	458.00		6.08	8.60	9.76	11.00	12.00	14.00	15.80	17.00	18.60	22.00	24.00	25.80	30.00	33.00	38.00	45.80	56.80	73.60	101.60	
08178000	0808	19270808	20150808	67	43.47	106.84	4.50	858.00		6.24	7.70	9.04	9.88	12.00	13.40	14.00	16.00	18.60	22.00	24.40	25.80	26.40	31.60	35.00	45.00	54.40	77.20	137.00	
08178000	0809	19270809	20150809	67	35.89	65.72	4.70	502.00		5.96	7.90	8.82	9.88	11.00	12.00	13.00	15.00	15.60	20.00	22.40	23.80	26.40	29.20	36.00	40.80	52.20	76.60	94.40	
08178000	0810	19270810	20150810	67	30.14	39.33	5.00	240.00		7.04	7.90	8.54	9.58	11.00	13.00	13.80	15.00	15.60	18.00	19.40	22.00	24.20	27.60	33.00	36.20	46.80	67.80	90.00	
08178000	0811	19270811	20150811	67	30.50	33.59	0.44	212.00		6.30	7.96	8.92	9.70	11.00	11.00	14.00	15.20	18.00	20.00	23.00	24.00	29.00	32.00	34.00	42.20	46.60	81.20	97.00	
08178000	0812	19270812	20150812	67	32.41	38.90	2.10	224.00		5.76	8.94	10.00	11.60	13.00	14.00	15.00	16.20	20.60	22.00	23.40	26.00	27.00	28.60	31.00	39.00	47.00	76.80	135.80	
08178000	0813	19270813	20150813	67	30.58	38.96	6.80	236.00		8.10	9.98	11.00	11.60	12.00	14.00	15.80	16.00	18.00	20.00	21.00	23.80	25.00	27.60	29.00	35.60	45.80	55.60	79.60	
08178000	0814	19270814	20150814	67	27.13	29.26	6.40	213.00		6.92	8.68	9.64	11.20	12.00	13.00	13.80	14.20	17.60	19.00	21.40	23.00	24.40	27.60	28.00	36.40	44.60	55.40	78.80	
08178000	0815	19270815	20150815	67	35.45	67.04	0.84	505.00		7.24	7.78	9.64	10.60	12.00	13.00	14.80	17.20	18.60	20.00	21.40	23.80	25.20	27.60	30.00	34.00	42.20	68.20	132.80	
08178000	0816	19270816	20150816	67	27.92	32.58	4.10	228.00		6.72	9.18	9.84	11.00	12.00	13.00	14.00	15.20	16.60	19.00	20.00	22.00	23.20	25.00	29.00	32.60	41.60	70.20	78.40	
08178000	0817	19270817	20150817	67	24.80	29.12	4.90	219.00		5.40	7.38	9.26	10.52	12.00	13.00	13.00	15.00	16.00	17.00	18.40	20.80	24.00	25.00	28.00	29.00	35.00	42.80	75.80	
08178000	0818	19270818	20150818	67	28.89	30.55	4.10	214.00		5.78	8.20	9.20	12.00	13.00	14.00	15.00	16.00	17.00	17.00	22.00	23.80	26.40	29.60	35.00	39.80	46.80	72.20	77.20	
08178000	0819	19270819	20150819	67	31.20	40.87	3.20	243.00		5.04	8.14	9.66	11.60	12.00	14.00	15.00	16.00	16.60	19.00	21.00	24.00	25.00	26.80	29.00	35.20	51.20	68.20	100.60	
08178000	0820	19270820	20150820	67	28.18	33.28	4.60	215.00		5.10	8.90	9.74	11.00	13.00	13.00	14.00	16.00	16.00	18.00	20.40	23.00	24.20	27.20	30.00	33.00	37.80	58.00	96.60	
08178000	0821	19270821	20150821	67	24.12	27.49	4.80	213.00		7.34	8.90	10.04	11.60	12.00	12.00	13.00	15.00	15.00	17.00	19.40	21.80	23.00	24.00	26.00	30.40	33.80	37.80	70.00	
08178000	0822	19270822	20150822	67	26.84	30.15	4.60	211.00		6.36	8.66	10.00	11.00	12.00	13.00	13.80	14.00	16.60	19.00	21.40	22.80	24.00	25.20	29.00	31.40	41.40	53.20	70.60	
08178000	0823	19270823	20150823	67	30.86	44.31	5.20	303.00		7.16	9.08	10.20	12.00	12.00	13.00	14.80	15.00	16.60	20.00	20.40	23.00	25.00	27.80	32.00	35.80	42.00	58.00	90.80	
08178000	0824	19270824	20150824	67	31.57	34.49	5.40	205.00		6.86	9.14	11.20	12.60	13.00	14.00	14.80	17.00	20.00	21.00	23.00	23.80	26.20	28.00	34.00	42.00	47.60	65.20	121.60	
08178000	0825	19270825	20150825	67	32.44	34.92	4.70	204.00		5.98	9.10	12.00	13.00	13.00	15.00	16.00	18.00	19.00	21.00	23.40	25.00	27.20	29.60	37.00	41.40	51.40	69.60	120.40	
08178000	0826	19270826	20150826	67	38.59	99.70	4.90	807.00		5.76	7.24	8.34	10.00	12.00	12.40	13.80	14.00	15.60	18.00	20.40	23.00	25.00	26.00	33.00	37.80	46.80	62.00	96.60	
08178000	0827	19270827	20150827	67	31.85	40.50	2.40	237.00		5.70	7.20	9.92	11.00	11.00	12.00	13.00	15.00	16.20	20.00	22.20	24.00	27.20	29.00	37.00	40.00	48.80	74.60	121.00	
08178000	0828	19270828	20150828	67	32.06	37.18	5.60	194.00		7.74	10.00	12.00	12.00	13.00	13.40	14.00	15.00	17.00	18.00	21.40	23.00	26.20	29.20	37.00	41.40	43.00	71.00	133.40	
08178000	0829	19270829	20150829	67	28.71	30.12	5.20	193.00		6.40	10.74	11.00	12.00	13.00	13.00	14.00	15.00	17.00	19.00	21.40	23.00	25.00	27.60	36.00	40.80	48.40	53.40	75.60	
08178000	0830	19270830	20150830	67	41.83	103.03	5.20	836.00		7.56	9.70	11.00	11.00	12.00	13.00	14.00	16.00	17.00	19.00	21.40	23.00	25.40	30.20	36.00	44.80	61.80	76.80	98.00	
08178000	0831	19270831	20150831	67	38.33	51.96	5.10	311.00		7.48	9.94	11.00	13.00	13.00	14.00	15.00	20.00	20.00	22.00	23.00	24.00	26.40	33.60	41.00	47.20	62.80	80.20	173.60	
08178000	0901	19270901	20150901	67	32.99	34.92	0.32	188.00		6.80	8.00	11.00	12.60	14.00	14.00	15.00	16.20	19.20	22.00	23.40	24.00	27.60	33.00	42.00	48.40	57.60	79.20	97.80	
08178000	0902	19270902	20150902	67	31.53	33.71	0.42	185.00		5.50	7.66	10.20	12.00	13.00	14.00	14.80	16.20	18.60	21.00	22.00	23.80	25.40	32.40	38.00	42.40	51.00	73.60	101.40	
08178000	0903	19270903	20150903	67	45.85	118.75	1.90	954.00		5.68	7.94	11.00	12.00	13.00	14.00	15.00	16.20	17.60	21.00	22.40	24.00	25.60	31.60	36.00	45.00	62.80	75.60	144.00	
08178000	0904	19270904	20150904	67	41.54	79.15	6.20	555.00		8.58	10.80	12.00	13.00	13.00	13.00	14.80	16.00	18.00	21.00	23.00	26.40	28.00	29.60	33.00	42.80	47.00	69.20	178.00	
08178000	0905	19270905	20150905	67	35.24	42.07	0.27	251.00		5.20	8.38	11.00	12.00	13.00	13.00	13.80	16.40	20.60	22.00	23.00	28.00	30.00	32.20	40.00	44.40	58.00	78.60	134.20	
08178000	0906	19270906	20150906	67	38.84	46.16	4.90	255.00		7.08	9.46	9.84	11.00	12.00	13.00	14.00	17.00	21.00	22.00	23.40	29.00	33.40	36.00	42.00	49.80	63.80	108.00	155.80	
08178000	0907	19270907	20150907	67	50.43	85.03	0.56	416.00		6.22	7.66	9.88	11.60	13.00	14.00	14.00	16.20	18.00	21.00	24.00	26.80	31.00	34.20	39.00	47.60	65.00	130.00	316.00	
08178000	0908	19270908	20150908	67	60.90	97.98	2.30	560.00		5.80	8.38	11.20	12.00	13.00	15.00	17.80	20.20	21.60	24.00	27.80	32.60	36.60	47.80	54.00	63.60	109.80	174.80	293.40	
08178000	0909	19270909	20150909	67	41.29	44.31	2.40	211.00		6.16	8.34	11.20	12.00	14.00	14.40	16.00	20.20	22.00	23.00	27.00	30.80	33.40	41.60	59.00	69.00	76.80	89.60	161.20	
08178000	0910	19270910	20150910	67	35.14	36.87	0.42	199.00		5.18	8.04	9.22	10.60	12.00	13.40	14.00	17.00	19.00	21.00	24.40	29.00	32.40	37.40	42.00	59.40	67.60	80.20	107.20	
08178000	0911	19270911	20150911	67	40.72	67.83	0.96	364.00		2.92	8.78	10.20	11.00	12.00	13.00	13.00	15.00	16.00	20.00	21.40	26.60	28.20	33.00	38.00	45.20	62.20	86.40	231.80	
08178000	0912	19270912	20150912	67	36.37	40.37	4.70	195.00		7.44	10.00	11.00	11.00	13.00	14.00	15.80	18.00	18.60	22.00	24.40	26.80	29.20	35.60	42.00	47.40	66.80	86.20	147.60	
08178000	0913	19270913	20150913	67	62.82	155.19	5.10	1160.00		6.12	8.66	9.54	11.00	12.00	12.00	13.80	15.60	19.60	22.00	24.80	28.60	33.20	42.80	52.00	70.80	98.20	119.00	171.20	
08178000	0914	19270914	20150914	67	43.41	95.27	0.45	757.00		5.22	7.10	8.88	10.00	11.00	12.00	12.80	15.40	20.00	22.00	22.80	24.80	29.40	33.60	38.00	45.80	63.40	88.80	141.60	
08178000	0915	19270915	20150915	67	45.36	80.33	3.40	560.00		5.40	7.88	11.00	12.00	12.00	13.00	14.00	16.20	18.60	20.00	24.00	25.00	27.00	34.40	45.00	58.00	76.80	90.40	197.20	
08178000	0916	19270916	20150916	67	47.09	83.75	0.42	624.00		5.40	7.22	8.64	11.60	13.00	14.00	15.80	16.20	19.60	23.00	24.00	27.80	33.40	43.00	56.00	61.60	72.60	100.40	163.20	
08178000	0917	19270917	20150917	67	42.91	70.66	0.59	411.00		6.80	9.06	9.76	11.00	12.00	14.00	15.80	19.00	21.00	23.00	24.00	25.80	30.20	34.00	43.00	57.80	67.40	82.60	150.00	
08178000	0918	19270918	20150918	67	42.10	73.11	3.50	566.00		5.92	7.70	9.70	11.00	13.00	14.00	15.00	17.20	20.60	23.00	25.00	27.60	31.00	36.00	44.00	58.00	74.40	89.80	117.20	
08178000	0919	19270919	20150919	67	37.27	45.40	0.17	231.00		5.96	7.60	8.62	10.60	12.00	13.40	15.80	17.00	18.00	21.00	22.40	23.80	27.40	34.80	43.00	51.00	72.40	94.00	166.20	
08178000	0920	19270920	20150920	67	52.54	112.25	1.10	866.00		7.16	9.12	11.00	12.00	13.00	14.00	15.00	17.00	18.80	22.00	23.00	24.00	30.40	38.20	43.00	67.00	81.20	108.20	201.20	
08178000	0921	19270921	20150921	67	50.92	111.00	1.70	812.00		7.56	8.82	9.72	11.00	12.00	14.00	15.80	17.00	18.00	21.00	24.00	25.00	28.00	33.60	43.00	61.20	68.00	102.60	169.00	
08178000	0922	19270922	20150922	67	55.57	116.04	7.30	840.00		8.50	8.98	12.00	13.00	15.00	16.00	16.80	20.00	21.00	23.00	26.00	29.00	33.00	37.00	45.00	66.80	83.40	103.20	166.00	
08178000	0923	19270923	20150923	67	56.10	114.39	3.50	795.00		6.64	8.38	11.00	12.00	14.00	15.40	18.00	20.20	22.60	25.00	26.00	30.00	36.20	40.60	48.00	66.40	83.20	103.80	177.60	
08178000	0924	19270924	20150924	67	35.46	33.45	1.80	175.00		6.52	9.20	12.00	13.60	15.00	16.00	18.00	20.00	21.60	23.00	25.00	25.80	28.20	31.80	46.00	63.20	69.00	85.60	100.60	
08178000	0925	19270925	20150925	67	43.43	52.25	4.40	267.00		6.08	8.88	11.20	13.00	14.00	14.00	15.00	18.00	20.60	22.00	25.00	27.00	31.20	37.60	46.00	63.40	88.80	138.20	171.20	
08178000	0926	19270926	20150926	67	53.45	103.13	1.30	734.00		6.64	7.92	10.20	11.00	13.00	14.00	15.00	17.00	19.80	24.00	27.80	30.00	31.20	35.60	40.00	64.40	81.20	117.60	242.00	
08178000	0927	19270927	20150927	67	102.04	402.20	2.20	2690.00		6.80	10.46	11.20	12.00	13.00	15.00	16.80	19.00	20.60	22.00	23.40	26.00	29.20	34.00	41.00	56.00	71.60	89.20	160.40	
08178000	0928	19270928	20150928	67	69.42	206.36	5.00	1370.00		7.58	9.84	11.20	12.00	13.00	14.00	15.00	15.20	17.60	20.00	24.00	25.00	31.00	33.20	38.00	53.00	70.80	93.40	235.60	
08178000	0929	19270929	20150929	67	41.66	65.64	5.20	423.00		6.56	9.12	11.00	12.00	13.00	14.40	15.00	17.00	17.00	20.00	22.80	24.80	29.60	33.60	39.00	48.20	66.20	89.00	173.20	
08178000	0930	19270930	20150930	67	32.70	37.38	0.67	181.00		5.42	9.28	11.00	11.00	13.00	13.40	14.00	15.00	17.00	21.00	22.00	23.80	25.20	28.60	33.00	36.60	60.40	87.00	141.60	
08178000	1001	19261001	20151001	66	33.45	37.34	6.30	182.00		7.44	9.76	11.00	12.00	13.00	14.00	15.00	15.00	16.15	19.50	21.85	23.20	26.10	30.90	35.50	48.00	58.75	76.90	146.60	
08178000	1002	19261002	20151002	66	33.77	37.24	4.00	179.00		8.14	9.27	10.05	13.00	13.00	14.00	15.00	15.00	17.00	18.00	22.00	24.20	26.55	29.80	36.25	45.00	63.65	88.00	138.25	
08178000	1003	19261003	20151003	66	34.83	36.92	5.20	174.00		7.34	8.87	12.00	12.40	13.00	15.00	15.45	16.00	20.15	21.50	23.85	27.60	31.55	35.90	38.25	45.40	52.90	86.20	149.10	
08178000	1004	19261004	20151004	66	59.98	124.60	5.30	709.00		7.51	9.91	11.05	12.40	13.00	15.00	16.00	19.80	22.00	23.50	25.85	29.20	33.10	38.90	44.25	51.20	76.65	160.20	237.65	
08178000	1005	19261005	20151005	66	57.82	99.91	2.20	606.00		8.37	11.00	12.05	13.00	14.75	15.00	16.45	19.60	20.00	22.50	27.00	30.40	33.65	41.80	45.50	62.40	104.85	142.10	297.20	
08178000	1006	19261006	20151006	65	42.46	51.31	1.70	285.00		8.06	11.00	11.90	12.00	13.00	14.80	16.00	19.00	20.70	23.00	27.00	28.00	31.00	41.20	47.00	52.60	72.80	121.40	163.70	
08178000	1007	19261007	20151007	66	67.46	188.00	4.60	1490.00		8.02	9.57	12.00	12.40	14.00	14.10	16.00	18.60	21.00	22.50	26.85	29.20	34.65	41.00	45.75	66.80	89.65	143.10	194.60	
08178000	1008	19261008	20151008	66	67.04	183.25	6.10	1280.00		8.00	9.74	10.10	12.40	13.00	13.20	15.00	17.60	20.00	23.00	26.00	28.20	30.00	39.50	46.50	53.40	79.75	118.50	184.35	
08178000	1009	19261009	20151009	66	50.16	80.95	0.78	475.00		5.45	9.21	11.05	13.00	13.75	15.10	16.00	18.80	21.15	24.00	26.85	29.00	34.10	41.80	46.50	61.20	90.40	121.90	166.55	
08178000	1010	19261010	20151010	66	36.14	38.96	1.70	175.00		5.49	7.98	9.20	12.00	13.00	14.00	15.45	16.00	18.00	19.00	23.85	27.00	28.55	31.80	41.50	55.20	73.80	108.80	139.45	
08178000	1011	19261011	20151011	66	51.60	91.75	0.29	587.00		4.84	10.70	13.00	13.00	13.75	16.00	16.00	16.80	18.00	20.50	24.85	27.00	29.10	39.40	42.75	61.80	76.80	128.80	259.80	
08178000	1012	19261012	20151012	66	49.48	86.09	0.68	580.00		9.07	10.70	12.00	13.00	14.00	15.00	15.45	17.00	19.45	22.50	24.00	26.00	38.55	40.90	47.00	59.20	71.70	116.40	182.10	
08178000	1013	19261013	20151013	66	42.17	58.82	6.40	410.00		7.62	10.58	12.05	13.00	13.75	15.00	15.45	17.00	20.00	22.00	23.85	27.00	37.00	39.00	42.50	55.00	68.00	115.80	144.55	
08178000	1014	19261014	20151014	66	38.66	45.80	4.60	238.00		8.07	11.00	11.05	12.40	14.00	15.00	15.45	17.00	18.45	22.00	23.85	26.20	29.65	34.90	40.50	51.00	67.85	105.90	143.85	
08178000	1015	19261015	20151015	66	50.79	72.90	7.70	351.00		9.54	11.00	12.05	13.00	14.00	14.00	14.45	17.00	19.30	21.50	24.70	27.00	37.10	41.80	50.00	68.20	86.95	136.10	272.85	
08178000	1016	19261016	20151016	66	46.32	69.20	0.34	385.00		7.97	10.70	11.05	13.00	13.00	14.00	15.00	17.80	21.00	22.50	27.00	28.00	37.20	40.80	46.00	54.20	62.85	117.30	235.80	
08178000	1017	19261017	20151017	66	41.42	50.47	2.30	283.00		7.46	9.47	11.00	13.00	14.00	15.00	16.00	16.80	21.15	23.50	25.70	27.00	34.65	39.90	44.25	61.20	73.85	102.90	150.90	
08178000	1018	19261018	20151018	66	55.75	102.72	7.70	693.00		8.41	9.88	11.05	12.40	13.75	15.10	16.00	20.80	22.30	26.00	27.00	35.20	38.55	42.80	50.75	68.00	78.80	112.00	196.80	
08178000	1019	19261019	20151019	66	60.03	96.26	5.60	470.00		7.74	9.82	12.05	13.40	14.00	15.10	16.00	20.40	23.15	25.00	26.85	35.00	38.55	40.90	55.00	63.40	75.50	168.30	356.75	
08178000	1020	19261020	20151020	66	55.69	111.88	2.70	704.00		6.40	9.58	11.00	12.00	13.00	14.00	14.00	14.00	16.15	21.00	23.85	25.20	30.20	37.90	40.25	60.00	74.70	135.10	210.65	
08178000	1021	19261021	20151021	66	43.08	46.69	4.20	217.00		7.05	9.91	11.05	13.40	14.00	15.10	16.00	19.00	23.15	24.50	28.00	30.20	33.65	37.90	55.25	61.80	105.35	121.60	153.80	
08178000	1022	19261022	20151022	66	57.74	92.10	6.80	549.00		7.93	10.00	11.10	13.40	14.75	15.00	16.00	19.00	21.15	23.00	26.00	28.40	32.00	36.90	55.00	73.80	111.95	154.90	265.55	
08178000	1023	19261023	20151023	66	45.02	53.84	1.50	246.00		6.32	10.70	13.00	15.00	15.00	16.00	16.00	18.60	21.00	24.00	28.70	30.20	33.65	39.80	46.50	52.40	103.55	123.70	194.95	
08178000	1024	19261024	20141024	65	53.74	75.76	5.60	380.00		8.65	12.00	13.00	14.00	14.50	15.00	17.10	18.80	23.00	24.00	29.00	30.60	32.00	41.20	47.00	65.80	95.70	157.00	255.40	
08178000	1025	19261025	20151025	66	67.33	135.07	5.00	921.00		7.89	11.40	12.00	13.00	14.00	15.00	16.45	18.80	20.00	22.50	24.85	29.00	37.55	46.70	53.00	81.00	121.35	142.90	327.75	
08178000	1026	19261026	20151026	66	50.48	56.22	2.00	267.00		7.10	9.97	12.00	13.00	15.00	15.00	16.45	20.00	24.00	24.50	30.85	37.00	42.00	47.90	70.25	85.40	113.30	138.20	192.40	
08178000	1027	19261027	20151027	66	41.43	47.04	7.40	274.00		8.63	11.40	12.00	13.00	15.00	16.00	17.45	18.80	21.00	23.50	25.85	27.00	33.55	37.90	46.75	61.20	81.50	97.00	144.95	
08178000	1028	19261028	20151028	65	42.54	49.68	6.50	244.00		8.20	9.96	12.00	13.00	14.00	15.00	16.10	18.00	19.00	22.00	24.00	25.60	32.80	37.40	48.00	66.40	81.80	109.00	175.00	
08178000	1029	19261029	20151029	65	55.24	100.35	6.40	742.00		7.36	9.12	11.00	12.20	13.50	15.00	17.00	18.40	21.00	22.00	26.00	29.60	36.70	43.00	55.50	75.20	96.60	134.80	204.20	
08178000	1030	19261030	20151030	65	48.33	61.06	5.00	308.00		8.11	10.00	12.00	13.00	13.50	15.00	16.00	17.40	19.70	24.00	25.00	31.20	38.00	43.40	49.50	73.40	84.70	137.60	205.60	
08178000	1031	19261031	20151031	64	51.36	65.30	6.90	335.00		8.03	9.00	12.00	13.00	13.25	14.50	16.75	20.00	21.25	25.50	28.00	37.00	41.00	46.50	50.75	70.00	98.25	150.50	200.75	
08178000	1101	19261101	20151101	65	63.84	168.13	1.70	1330.00		7.16	9.80	11.90	13.00	13.50	15.00	15.00	16.00	19.40	21.00	26.60	30.00	34.80	39.20	51.00	77.00	96.20	127.40	197.20	
08178000	1102	19261102	20151102	65	51.28	77.98	6.60	539.00		8.01	12.00	13.00	14.00	15.00	15.00	16.00	16.00	20.00	24.00	25.30	29.60	39.70	44.40	50.50	76.00	83.40	140.00	187.40	
08178000	1103	19261103	20151103	65	41.60	45.57	6.60	203.00		7.66	11.60	13.00	13.20	14.00	15.00	15.10	17.00	19.70	21.00	23.60	26.00	33.80	39.20	48.50	64.40	86.50	102.20	169.60	
08178000	1104	19261104	20151104	65	51.97	88.86	5.20	662.00		7.81	11.60	12.90	13.20	14.50	15.80	16.00	17.80	20.70	24.00	25.90	30.60	36.70	44.80	53.00	76.20	92.10	121.60	180.80	
08178000	1105	19261105	20151105	65	50.62	57.33	5.60	286.00		9.29	12.00	12.90	14.00	15.00	15.80	16.10	20.00	21.40	25.00	27.00	30.60	37.00	53.40	69.00	91.00	100.50	132.00	184.10	
08178000	1106	19261106	20151106	65	42.08	51.71	0.59	266.00		5.67	9.92	11.00	13.00	14.00	15.00	15.10	16.00	18.00	20.00	21.00	24.00	30.60	38.20	47.50	64.40	80.10	112.20	177.30	
08178000	1107	19261107	20151107	65	40.22	44.22	6.60	182.00		10.00	11.00	12.00	13.00	14.00	14.00	15.00	16.00	17.70	20.00	22.30	28.20	30.90	39.40	45.50	59.80	80.00	120.80	166.20	
08178000	1108	19261108	20151108	65	52.37	64.10	4.90	346.00		8.23	10.00	12.00	13.00	14.50	15.80	16.30	20.00	22.40	24.00	27.00	34.60	40.90	51.00	56.00	87.20	107.40	166.00	180.80	
08178000	1109	19261109	20151109	65	45.45	50.89	3.30	247.00		7.73	9.88	13.00	13.00	14.50	15.00	16.00	18.40	20.70	24.00	26.00	34.20	37.90	44.00	50.50	75.80	97.70	113.80	176.00	
08178000	1110	19261110	20151110	65	50.22	77.99	8.10	559.00		10.09	12.00	12.90	13.00	15.00	15.00	16.00	16.00	18.70	23.00	26.00	27.80	34.80	40.80	53.00	78.20	94.90	128.40	170.80	
08178000	1111	19261111	20151111	65	42.27	43.71	7.20	171.00		8.69	10.60	12.00	13.00	15.00	15.80	16.10	17.40	20.00	23.00	26.00	27.80	35.80	42.20	51.00	75.60	93.20	107.00	165.50	
08178000	1112	19261112	20151112	65	41.10	44.25	6.80	182.00		8.83	10.00	12.00	12.20	13.50	15.00	16.00	17.00	20.00	22.00	24.60	26.00	33.00	41.00	46.50	60.00	82.50	107.80	167.00	
08178000	1113	19261113	20151113	65	45.53	51.04	5.30	219.00		8.79	11.00	12.90	14.00	14.00	15.00	17.00	18.00	20.00	21.00	25.30	27.80	36.90	41.00	52.50	79.40	97.50	124.00	188.00	
08178000	1114	19261114	20151114	65	42.26	44.80	7.70	185.00		8.84	11.60	12.90	13.00	13.50	14.00	15.00	16.00	17.70	21.00	23.30	26.60	37.40	41.60	59.00	74.60	83.50	110.80	161.70	
08178000	1115	19261115	20151115	65	44.60	44.94	5.00	174.00		9.74	12.00	13.00	14.00	15.00	15.80	17.10	18.80	22.40	24.00	26.00	31.00	40.00	46.20	60.00	76.80	90.20	111.40	167.10	
08178000	1116	19261116	20151116	65	49.20	55.18	7.30	247.00		10.00	11.60	12.90	14.00	14.00	15.80	17.00	18.00	20.70	23.00	25.00	30.40	38.70	44.00	61.50	85.00	105.90	160.80	179.60	
08178000	1117	19261117	20151117	65	44.49	46.98	7.70	232.00		9.70	11.60	13.90	14.20	15.00	16.60	18.00	19.00	20.70	24.00	25.30	33.00	35.90	44.20	51.50	79.00	95.60	109.00	163.20	
08178000	1118	19261118	20151118	65	54.39	98.67	8.00	757.00		9.58	11.60	12.00	14.00	15.00	15.80	17.10	19.00	20.70	22.00	25.30	33.00	40.00	46.40	62.50	76.60	91.00	115.60	172.40	
08178000	1119	19261119	20151119	65	53.43	108.04	6.70	802.00		8.90	11.60	13.00	14.00	14.00	15.00	16.10	18.00	20.70	22.00	24.00	27.20	31.00	36.40	44.00	70.80	82.60	113.00	176.30	
08178000	1120	19261120	20151120	65	43.83	57.53	6.20	361.00		7.72	10.60	11.90	13.00	14.00	14.80	16.00	17.00	18.00	20.00	22.00	26.00	31.90	36.40	50.50	67.60	88.40	111.80	172.10	
08178000	1121	19261121	20151121	65	41.43	45.32	6.60	185.00		8.37	10.60	12.90	13.20	14.00	14.00	15.00	16.00	17.70	20.00	24.30	27.20	31.80	36.40	46.00	74.40	88.00	114.80	169.80	
08178000	1122	19261122	20151122	65	45.19	47.89	4.80	200.00		8.21	10.00	13.90	14.00	15.00	16.00	17.00	18.00	20.70	23.00	26.60	34.80	37.90	40.40	54.50	70.00	101.30	127.60	164.70	
08178000	1123	19261123	20151123	65	44.84	45.49	7.20	182.00		9.51	12.20	13.90	15.00	15.00	16.00	17.10	19.80	22.00	24.00	26.30	31.20	39.80	44.80	57.00	78.00	88.50	112.20	169.20	
08178000	1124	19261124	20151124	65	61.41	93.14	1.70	682.00		8.38	12.60	13.00	14.00	15.00	15.80	18.00	20.40	23.70	26.00	35.80	40.60	52.00	61.40	82.50	101.60	117.40	162.00	177.70	
08178000	1125	19261125	20151125	65	52.44	62.35	0.40	341.00		8.02	10.60	12.00	13.00	14.50	16.00	18.00	18.40	21.40	26.00	27.30	36.60	41.90	53.40	65.00	85.60	116.80	140.00	184.20	
08178000	1126	19261126	20151126	65	51.14	63.10	1.20	335.00		9.21	9.96	12.90	13.20	14.50	16.80	18.00	20.40	21.70	26.00	29.00	37.20	42.00	49.20	57.00	76.80	98.10	133.20	182.30	
08178000	1127	19261127	20151127	65	54.35	61.10	5.00	341.00		8.46	11.60	14.00	15.00	15.00	16.00	18.10	21.00	22.70	25.00	36.20	42.60	51.40	59.80	71.50	87.80	107.60	146.40	182.90	
08178000	1128	19261128	20151128	65	45.90	45.17	0.42	185.00		7.97	11.80	13.00	14.20	15.00	17.80	19.10	21.40	24.00	25.00	30.20	38.80	41.90	47.20	61.00	67.20	91.70	122.20	161.30	
08178000	1129	19261129	20151129	65	42.48	44.12	6.20	185.00		9.79	11.00	12.00	14.00	15.00	15.80	18.00	18.40	21.00	23.00	24.00	26.60	33.50	43.80	54.50	66.60	85.30	113.40	160.50	
08178000	1130	19261130	20151130	65	45.33	48.60	9.00	214.00		9.86	11.00	12.00	13.00	14.00	15.00	18.00	18.40	21.70	23.00	24.00	28.40	36.50	46.00	56.50	76.40	105.00	117.40	169.60	
08178000	1201	19261201	20151201	65	45.12	44.14	6.30	185.00		8.31	10.00	12.90	13.20	15.00	16.80	18.00	20.00	23.00	24.00	26.90	32.20	39.60	49.80	62.50	83.40	92.00	119.80	152.30	
08178000	1202	19261202	20151202	65	50.31	51.67	6.10	198.00		8.55	11.00	12.00	14.00	14.50	16.80	18.00	21.40	23.70	27.00	32.90	37.60	43.90	50.00	64.50	87.80	103.70	150.80	178.20	
08178000	1203	19261203	20151203	65	45.80	51.79	6.00	281.00		7.95	12.00	12.00	13.00	14.00	15.00	17.10	18.40	20.70	23.00	27.30	31.40	35.80	45.60	58.00	74.00	92.80	108.20	173.40	
08178000	1204	19261204	20151204	65	44.58	52.74	4.40	287.00		9.16	11.00	11.90	13.00	14.00	14.80	16.10	18.40	19.00	22.00	24.00	28.00	31.70	42.20	55.50	73.60	91.00	118.20	173.90	
08178000	1205	19261205	20151205	65	55.39	75.96	6.60	382.00		9.79	11.00	12.90	14.00	14.50	16.00	17.10	19.00	21.70	24.00	27.00	30.60	37.80	44.20	65.00	85.00	101.20	146.60	278.70	
08178000	1206	19261206	20151206	65	44.35	45.85	6.30	233.00		9.36	11.00	12.00	14.20	15.00	16.00	18.00	19.00	21.00	24.00	26.00	33.00	38.90	42.80	64.00	79.60	98.00	104.00	150.50	
08178000	1207	19261207	20151207	65	43.26	45.23	6.00	184.00		8.93	10.00	12.00	14.00	14.00	15.00	16.00	16.80	18.70	22.00	24.30	28.40	37.90	49.20	54.50	71.80	89.00	112.40	165.30	
08178000	1208	19261208	20151208	65	42.11	44.04	4.70	180.00		8.43	10.60	11.90	13.00	14.50	15.00	16.10	18.00	19.00	23.00	25.00	28.40	34.80	39.40	54.50	79.00	90.10	110.80	163.80	
08178000	1209	19261209	20151209	65	43.17	44.37	3.10	185.00		8.22	10.60	12.00	14.00	15.00	15.80	16.20	18.00	19.70	24.00	26.00	31.00	37.80	41.20	60.00	79.20	86.30	112.00	161.00	
08178000	1210	19261210	20151210	65	43.58	43.51	2.00	181.00		8.86	12.00	13.00	14.00	14.50	15.00	16.10	18.00	20.00	25.00	28.30	35.80	38.00	43.00	55.00	78.60	101.10	113.20	152.20	
08178000	1211	19261211	20151211	65	43.09	45.73	3.80	189.00		7.78	11.60	12.00	14.00	15.00	15.00	17.10	18.00	19.70	23.00	26.00	27.00	30.60	41.60	54.50	76.80	91.90	111.40	167.40	
08178000	1212	19261212	20151212	65	43.62	45.76	5.60	230.00		6.87	10.00	14.00	14.20	15.00	16.00	18.00	20.00	20.70	22.00	26.00	28.20	34.90	42.40	57.00	77.00	89.00	110.40	147.40	
08178000	1213	19261213	20151213	65	46.89	49.59	5.00	214.00		8.74	11.08	13.80	14.00	14.00	15.00	17.10	18.40	20.40	23.00	25.30	33.60	40.90	47.40	63.00	84.60	98.80	126.80	166.70	
08178000	1214	19261214	20151214	65	44.45	45.30	4.70	205.00		8.56	9.66	11.90	14.00	14.00	14.80	17.10	19.00	21.40	26.00	28.30	31.60	40.70	45.60	63.00	80.20	91.70	113.40	138.00	
08178000	1215	19261215	20151215	65	54.63	72.34	5.00	500.00		8.35	9.66	13.00	14.00	15.00	15.00	18.00	19.40	22.70	25.00	29.50	41.80	50.60	60.00	74.50	84.00	103.80	136.20	167.40	
08178000	1216	19261216	20151216	65	44.24	45.47	5.90	190.00		7.02	9.56	10.90	13.20	14.50	15.00	18.10	19.00	21.70	24.00	25.30	27.60	37.80	47.00	63.00	81.20	89.90	118.20	155.60	
08178000	1217	19261217	20151217	65	43.49	42.51	5.90	187.00		8.23	11.00	12.90	14.20	16.00	17.80	19.10	21.40	23.00	24.00	28.30	32.20	36.90	46.00	52.50	72.60	85.50	116.40	135.70	
08178000	1218	19261218	20151218	65	45.82	45.60	4.10	189.00		7.45	10.60	12.90	15.00	16.00	18.00	19.00	21.00	22.70	25.00	26.30	35.80	39.00	47.60	59.00	79.60	98.30	120.40	163.20	
08178000	1219	19261219	20151219	65	67.68	184.85	3.90	1480.00		7.02	11.00	13.70	14.00	15.00	16.00	18.00	20.00	21.70	25.00	27.00	30.60	40.10	48.20	60.00	81.00	91.40	128.80	194.50	
08178000	1220	19261220	20151220	65	55.25	113.16	6.20	887.00		7.40	9.76	12.00	13.20	14.50	16.00	19.00	20.00	21.70	24.00	27.00	29.60	35.60	47.00	58.50	69.60	91.70	120.00	173.10	
08178000	1221	19261221	20151221	65	59.39	142.91	6.20	1140.00		7.77	9.88	12.90	14.00	14.00	15.00	16.00	19.40	21.00	23.00	27.00	30.60	37.60	47.60	58.00	75.80	92.40	115.80	178.60	
08178000	1222	19261222	20151222	65	70.59	165.56	6.20	1110.00		7.31	9.66	11.00	14.00	15.00	16.00	17.10	19.40	20.70	25.00	25.60	30.80	46.90	54.80	61.50	81.40	102.30	128.40	186.40	
08178000	1223	19261223	20151223	65	56.17	91.04	6.20	583.00		7.55	8.94	11.90	13.20	15.00	15.80	18.10	20.40	23.00	24.00	25.60	27.60	37.80	51.00	66.00	81.80	97.50	128.60	186.40	
08178000	1224	19261224	20151224	65	47.86	50.29	5.30	232.00		7.20	10.20	12.00	14.00	15.00	16.80	18.10	19.80	21.70	23.00	27.30	30.80	45.20	52.80	68.50	81.80	100.10	128.60	176.60	
08178000	1225	19261225	20151225	65	44.70	43.55	3.80	200.00		7.69	8.72	12.00	14.00	15.50	17.00	19.10	21.40	23.00	25.00	27.00	30.00	50.50	55.40	59.00	75.80	93.90	108.60	132.70	
08178000	1226	19261226	20151226	65	44.98	45.67	3.60	189.00		7.49	8.68	12.90	14.00	15.50	17.00	17.10	18.00	20.40	23.00	27.00	30.00	32.00	54.00	61.50	86.60	96.60	115.80	156.50	
08178000	1227	19261227	20151227	65	46.48	42.79	5.00	189.00		8.30	10.60	13.00	15.20	16.00	16.80	19.00	19.80	23.40	28.00	31.30	36.80	51.50	58.40	72.00	74.60	96.40	104.00	140.10	
08178000	1228	19261228	20151228	65	50.91	58.29	5.60	343.00		8.08	9.26	13.90	15.20	16.00	17.00	19.00	20.00	21.00	24.00	29.30	34.20	46.00	56.40	73.50	87.20	97.10	128.40	183.40	
08178000	1229	19261229	20151229	65	47.40	46.75	5.30	196.00		7.83	9.14	12.90	15.00	16.00	17.00	19.00	20.40	22.00	24.00	29.30	35.60	49.70	54.00	65.50	84.80	100.40	122.00	169.10	
08178000	1230	19261230	20151230	65	47.96	44.36	5.30	185.00		7.04	9.66	14.00	15.00	15.50	17.00	18.10	21.40	23.00	27.00	31.30	41.20	49.70	57.40	78.00	89.20	100.10	114.00	138.70	
08178000	1231	19261231	20151231	65	53.21	55.30	4.10	261.00		7.79	9.32	13.00	15.00	16.00	17.00	20.10	23.40	24.70	28.00	32.20	44.00	49.70	55.20	81.00	95.80	109.70	134.80	176.40	
