site_no	monthday	begin_dt	end_dt	count_nu	mean	std	min	max	p01	p05	p10	p15	p20	p25	p30	p35	p40	p45	p50	p55	p60	p65	p70	p75	p80	p85	p90	p95	p99
09384000	ALL	19401001	20151013	27406	20.49	55.94	0.00	1660.00	0.00	0.45	1.10	1.80	2.30	2.90	3.40	4.00	4.70	5.40	6.30	7.20	8.30	10.00	12.00	15.00	19.00	27.00	41.00	80.00	277.93
09384000	0101	19410101	20150101	75	11.29	14.57	1.50	65.00		2.00	2.70	3.00	3.42	4.00	4.36	4.96	5.14	6.00	6.20	7.00	7.30	8.32	9.52	11.00	13.00	15.20	26.00	60.20	
09384000	0102	19410102	20150102	75	10.09	10.68	1.70	47.00		2.20	2.74	3.00	3.74	4.00	4.50	5.00	5.18	5.52	6.00	7.00	7.00	8.00	9.52	11.00	12.00	15.60	29.20	40.40	
09384000	0103	19410103	20150103	75	9.58	9.21	1.70	40.00		2.16	2.74	3.14	3.52	4.00	4.78	5.12	5.50	6.00	6.00	6.90	7.00	8.12	9.52	10.00	11.80	15.60	27.20	35.00	
09384000	0104	19410104	20150104	75	9.57	8.77	1.70	36.00		2.20	2.74	3.10	3.32	4.00	4.50	5.26	5.50	5.92	6.00	7.00	8.00	8.50	10.00	11.00	12.80	15.80	25.80	34.20	
09384000	0105	19410105	20150105	75	9.24	7.93	1.70	37.00		2.08	2.90	3.12	3.44	4.00	4.54	5.38	5.68	6.00	6.40	7.00	7.92	8.50	9.76	11.00	13.00	14.60	21.20	30.20	
09384000	0106	19410106	20150106	75	9.14	7.75	1.70	39.00		2.28	3.00	3.24	3.74	4.10	4.18	5.16	5.70	6.00	6.50	7.00	7.40	8.20	9.08	11.00	14.00	15.60	20.00	30.00	
09384000	0107	19410107	20150107	75	9.10	8.06	1.70	43.00		2.58	3.06	3.20	3.62	4.00	4.16	5.00	5.44	6.00	6.10	7.00	7.12	8.00	8.84	12.00	13.00	14.00	20.00	30.40	
09384000	0108	19410108	20150108	75	9.60	9.15	1.70	45.00		2.50	2.96	3.14	3.50	4.10	4.50	5.00	5.28	5.58	6.00	7.00	7.00	8.12	9.00	11.00	13.80	16.00	21.60	36.00	
09384000	0109	19410109	20150109	75	9.94	10.04	1.80	59.00		2.50	2.96	3.18	3.32	4.10	4.66	5.00	5.44	5.90	6.40	6.98	7.60	8.80	9.92	12.00	14.00	16.60	22.00	34.40	
09384000	0110	19410110	20150110	75	9.47	8.61	2.20	41.00		2.44	2.80	2.94	3.24	3.80	4.84	5.00	5.64	6.00	6.80	7.00	7.68	8.20	9.00	12.00	14.60	15.60	21.40	31.20	
09384000	0111	19410111	20150111	75	9.34	8.13	2.20	41.00		2.54	2.80	2.90	3.24	3.70	4.56	5.00	5.18	6.00	6.30	7.00	8.00	8.50	10.00	12.00	15.00	15.60	21.40	25.80	
09384000	0112	19410112	20150112	75	9.11	7.80	2.00	39.00		2.48	2.66	2.90	3.12	3.80	4.48	5.00	5.24	5.84	6.00	6.74	7.12	8.88	10.20	13.00	14.80	16.00	20.00	25.80	
09384000	0113	19410113	20150113	75	9.00	7.81	1.90	42.00		2.36	2.66	2.94	3.04	3.40	3.96	5.00	5.30	5.84	7.00	7.00	7.06	8.46	10.20	13.00	13.80	15.60	18.60	26.00	
09384000	0114	19410114	20150114	75	9.28	8.40	2.00	46.00		2.28	2.50	2.84	3.12	3.40	4.30	5.00	5.18	6.00	6.40	7.00	7.30	8.00	10.00	13.00	14.00	15.60	20.20	29.20	
09384000	0115	19410115	20150115	75	9.29	7.88	2.00	45.00		2.48	2.60	2.84	3.00	3.40	4.50	5.00	5.70	6.50	6.90	7.00	7.24	9.40	10.00	13.00	14.80	16.60	22.00	25.40	
09384000	0116	19410116	20150116	75	9.62	8.58	1.90	45.00		2.36	2.60	2.80	3.02	3.30	4.78	5.16	5.84	6.16	7.00	7.16	8.00	8.88	11.00	12.00	15.00	15.60	22.00	26.00	
09384000	0117	19410117	20150117	75	9.47	8.19	1.90	45.00		2.36	2.66	2.90	3.12	3.30	4.68	5.30	6.00	6.92	7.00	7.48	8.00	9.00	10.12	12.00	15.00	16.60	20.40	24.20	
09384000	0118	19410118	20150118	75	9.92	9.19	1.80	46.00		2.54	2.70	2.94	3.22	3.50	4.66	5.30	6.30	7.00	7.00	7.18	7.76	8.84	9.40	12.00	15.80	19.00	20.00	28.60	
09384000	0119	19410119	20150119	75	12.23	23.21	1.80	194.00		2.50	2.66	2.84	3.22	3.40	4.08	4.94	5.78	6.84	7.00	7.38	7.76	8.74	9.88	12.00	16.00	18.80	20.80	43.00	
09384000	0120	19410120	20150120	75	10.30	10.84	2.00	70.00		2.50	2.80	2.84	3.14	3.40	3.74	4.68	6.00	6.84	7.20	7.78	8.00	9.04	10.00	12.00	14.80	18.80	22.80	36.00	
09384000	0121	19410121	20150121	75	9.47	7.86	2.00	42.00		2.28	2.66	2.90	3.10	3.50	4.50	5.06	5.50	7.00	7.50	7.96	8.40	9.76	10.20	11.00	13.80	18.40	20.80	24.20	
09384000	0122	19410122	20150122	75	9.28	7.34	1.80	42.00		2.66	2.96	3.08	3.20	3.90	4.18	5.24	6.00	7.00	7.70	8.00	8.12	9.24	10.20	12.00	13.80	16.00	19.40	22.20	
09384000	0123	19410123	20150123	75	9.19	7.17	1.80	42.00		2.60	2.82	3.28	3.52	4.00	4.28	5.10	6.50	7.00	7.50	8.00	8.12	8.88	10.20	12.00	13.00	16.00	19.00	24.80	
09384000	0124	19410124	20150124	75	9.16	7.28	1.80	41.00		2.62	2.92	3.50	3.70	3.80	4.46	5.80	6.10	7.02	7.50	7.98	8.18	9.00	9.68	11.00	13.00	15.60	18.00	22.60	
09384000	0125	19410125	20150125	75	9.38	7.46	2.00	41.00		2.78	3.06	3.54	3.82	4.00	4.50	5.48	6.16	7.00	7.40	7.82	8.06	9.00	10.20	12.00	13.00	16.00	17.80	26.20	
09384000	0126	19410126	20150126	75	9.63	7.85	2.00	39.00		2.58	3.06	3.50	3.92	4.20	4.50	5.48	6.48	7.00	7.30	8.00	8.50	9.00	9.28	12.00	13.00	15.60	21.40	27.40	
09384000	0127	19410127	20150127	75	9.60	7.98	1.80	43.00		2.56	3.26	3.64	3.92	4.20	4.58	5.66	6.48	6.84	7.00	7.50	8.00	8.94	10.20	12.00	13.80	15.00	20.00	27.60	
09384000	0128	19410128	20150128	75	10.16	9.85	2.00	62.00		2.58	2.86	3.44	3.84	4.00	4.54	5.42	6.28	6.64	7.30	7.80	8.30	9.94	10.20	13.00	15.00	15.00	19.40	32.20	
09384000	0129	19410129	20150129	75	11.24	16.10	2.20	132.00		2.50	2.76	3.42	3.80	4.20	5.08	5.76	6.00	7.04	7.30	7.80	8.56	10.00	11.00	12.00	14.80	17.60	20.40	31.80	
09384000	0130	19410130	20150130	75	9.85	9.12	2.40	60.00		2.60	2.76	3.14	4.02	4.30	4.48	5.24	6.00	7.00	7.50	8.00	8.56	9.00	10.00	12.00	14.40	16.60	20.40	30.20	
09384000	0131	19410131	20150131	75	9.59	6.91	2.40	37.00		2.50	2.86	3.32	4.10	4.40	5.30	6.00	6.44	7.44	7.80	8.00	9.00	9.68	10.20	12.00	14.60	17.60	20.40	22.00	
09384000	0201	19410201	20150201	75	9.93	7.03	2.40	36.00		2.60	2.96	3.58	4.32	4.80	5.24	6.00	6.94	7.24	8.10	8.66	9.18	9.94	11.00	13.00	16.60	18.60	20.00	22.20	
09384000	0202	19410202	20150202	75	10.05	6.98	2.40	33.00		2.58	2.96	3.64	4.36	4.90	5.16	6.36	6.94	7.00	8.10	8.98	9.60	10.40	12.00	14.00	14.80	18.20	20.40	24.20	
09384000	0203	19410203	20150203	75	9.92	6.72	2.50	32.00		2.60	2.96	3.54	4.02	4.70	5.24	6.00	6.88	7.04	7.80	9.00	9.48	10.40	12.20	14.00	15.00	16.60	20.00	24.00	
09384000	0204	19410204	20150204	75	10.33	7.25	2.20	32.00		2.60	2.92	3.62	4.02	4.50	5.30	6.60	7.04	7.42	7.70	8.98	9.84	11.00	13.20	14.00	14.80	17.60	22.40	28.20	
09384000	0205	19410205	20150205	75	10.59	7.58	2.20	32.00		2.70	3.10	3.52	4.00	4.30	5.68	6.34	6.88	7.66	8.80	9.52	10.00	11.00	12.20	14.00	16.00	18.00	23.00	29.20	
09384000	0206	19410206	20150206	75	10.31	7.12	2.20	30.00		2.58	3.10	3.58	3.90	4.60	5.36	6.22	7.00	7.34	8.50	8.98	10.60	11.00	12.00	14.00	15.80	18.60	21.60	27.20	
09384000	0207	19410207	20150207	75	10.46	6.87	2.20	29.00		2.86	3.06	3.74	4.20	4.50	6.00	6.50	7.00	7.36	8.10	9.52	10.60	11.40	13.00	14.00	17.00	18.60	20.80	25.40	
09384000	0208	19410208	20150208	75	10.63	6.93	2.20	29.00		3.00	3.32	3.98	4.22	4.80	6.00	6.32	6.84	7.02	8.00	9.48	10.00	13.00	13.00	15.00	18.00	20.00	22.00	23.40	
09384000	0209	19410209	20150209	75	10.29	6.57	2.20	28.00		2.98	3.40	3.98	4.50	4.70	5.08	6.32	6.80	7.00	8.10	8.94	10.00	12.00	14.00	15.00	17.80	19.20	20.40	23.20	
09384000	0210	19410210	20150210	75	10.97	9.76	2.20	75.00		2.98	3.46	3.74	4.14	4.60	5.20	6.36	6.94	7.12	9.00	9.92	11.00	12.00	12.20	14.00	17.80	18.60	20.40	22.20	
09384000	0211	19410211	20150211	75	10.77	7.69	2.20	48.00		2.98	3.66	4.04	4.50	5.20	5.38	6.20	6.90	7.52	9.20	9.60	10.00	11.00	12.20	16.00	18.00	19.00	20.00	23.40	
09384000	0212	19410212	20150212	75	11.04	9.19	2.00	68.00		3.06	3.60	4.32	5.00	5.50	5.60	6.20	7.00	7.60	8.70	9.60	11.00	12.00	12.20	15.00	16.80	19.00	20.00	21.80	
09384000	0213	19410213	20150213	75	11.41	10.91	2.80	85.00		3.18	3.62	4.14	4.84	5.40	5.78	6.22	7.00	7.52	8.50	9.92	11.00	11.40	12.00	15.00	17.40	19.60	21.00	22.60	
09384000	0214	19410214	20150214	75	11.58	10.58	2.70	79.00		3.36	3.70	4.34	5.06	5.50	6.00	6.86	7.00	7.84	8.40	9.52	10.00	11.00	13.00	15.00	16.00	20.00	22.40	26.00	
09384000	0215	19410215	20150215	75	11.90	11.11	2.80	79.00		3.20	3.66	4.28	4.74	5.40	6.28	6.86	7.08	8.10	8.90	9.46	10.00	11.00	12.20	15.00	17.80	20.00	22.00	33.40	
09384000	0216	19410216	20150216	75	12.60	12.82	2.90	91.00		3.18	3.68	4.22	4.86	5.50	6.50	7.00	7.44	8.00	8.80	9.70	10.60	12.00	13.20	14.00	16.80	20.00	25.00	40.20	
09384000	0217	19410217	20150217	75	12.63	12.61	2.80	84.00		3.30	3.62	3.88	5.04	5.50	6.46	7.12	7.84	8.02	8.80	9.00	9.84	12.00	14.00	15.00	16.00	20.60	25.60	36.80	
09384000	0218	19410218	20150218	75	12.27	10.96	2.80	71.00		3.28	3.76	4.32	5.26	5.70	6.26	7.00	7.74	8.04	8.50	9.16	10.00	12.00	14.00	15.00	16.00	20.60	25.40	35.60	
09384000	0219	19410219	20150219	75	12.20	10.34	3.00	59.00		3.54	3.80	4.24	4.64	5.00	6.36	7.06	7.74	8.00	8.80	9.92	11.00	12.00	13.00	14.00	17.00	20.00	25.40	36.60	
09384000	0220	19410220	20150220	75	12.57	11.26	2.80	58.00		3.08	3.42	4.02	4.62	5.10	6.00	6.98	7.84	8.00	8.80	9.66	11.00	11.40	13.00	15.00	18.00	21.80	29.40	36.00	
09384000	0221	19410221	20150221	75	13.14	12.91	2.40	70.00		3.16	3.46	4.18	4.92	5.40	6.36	6.98	7.82	8.10	8.40	9.16	11.00	11.00	12.40	15.00	17.60	22.20	31.00	42.40	
09384000	0222	19410222	20150222	75	12.67	11.35	2.20	57.00		2.98	3.42	4.30	5.10	5.40	6.40	6.92	7.72	8.00	8.30	9.16	10.00	11.00	12.20	16.00	18.80	23.00	29.40	41.40	
09384000	0223	19410223	20150223	75	12.43	10.57	2.10	51.00		2.98	3.26	3.88	5.02	5.50	6.32	7.16	7.64	8.24	9.00	9.28	9.88	11.40	13.00	14.00	17.80	22.60	29.40	39.00	
09384000	0224	19410224	20150224	75	12.21	10.14	2.00	45.00		3.06	3.40	3.70	5.32	5.60	5.70	7.00	8.00	8.46	8.80	9.16	9.72	11.00	12.00	16.00	17.80	21.60	30.80	35.80	
09384000	0225	19410225	20150225	75	12.30	10.26	1.80	47.00		2.98	3.40	3.70	4.60	5.20	6.02	7.10	8.38	8.84	9.20	9.68	10.00	11.00	12.00	15.00	19.60	21.00	29.40	39.60	
09384000	0226	19410226	20150226	75	12.92	11.29	2.20	63.00		3.08	3.46	4.08	4.76	5.30	5.58	6.18	7.52	8.26	9.00	9.44	9.92	11.40	14.00	17.00	20.80	25.20	30.20	36.60	
09384000	0227	19410227	20150227	75	13.26	11.92	2.20	64.00		3.10	3.36	4.14	4.58	5.10	5.50	6.18	7.32	8.00	8.90	9.16	9.66	10.40	13.20	20.00	24.40	29.20	32.40	36.20	
09384000	0228	19410228	20150228	75	13.80	13.01	2.20	67.00		3.00	3.26	4.08	4.72	5.20	5.66	6.44	7.80	8.00	8.80	9.52	9.76	10.00	14.00	19.00	23.20	32.00	34.40	40.40	
09384000	0229	19440229	20120229	18	16.03	12.57	3.40	39.00			5.29	5.50	6.06	6.58	6.77	7.19	7.76	8.49	9.05	10.46	13.60	17.40	23.00	30.75	33.40	35.15	36.30		
09384000	0301	19410301	20150301	75	15.00	14.82	2.10	65.00		2.96	3.40	4.24	5.00	5.10	5.46	6.30	7.34	8.00	8.50	9.20	10.00	12.40	15.20	20.00	29.60	33.60	36.20	52.00	
09384000	0302	19410302	20150302	75	15.90	15.85	2.00	65.00		2.76	3.26	3.54	4.06	4.90	5.16	6.52	7.08	8.00	8.50	9.16	11.00	12.40	17.40	28.00	31.80	35.00	39.40	54.00	
09384000	0303	19410303	20150303	75	15.77	16.02	1.80	68.00		2.68	3.12	3.48	4.02	4.80	5.58	6.40	7.00	7.28	8.00	8.88	11.60	13.00	17.20	25.00	28.60	34.80	42.40	50.40	
09384000	0304	19410304	20150304	75	16.01	16.54	2.00	73.00		2.52	2.96	3.80	4.40	5.20	5.46	6.00	6.84	8.00	8.50	9.52	11.00	15.00	17.20	21.00	28.20	35.60	41.00	54.80	
09384000	0305	19410305	20150305	75	16.01	17.03	1.80	79.00		2.28	3.10	4.16	4.90	5.10	5.96	6.40	6.80	8.00	8.60	9.48	11.00	15.00	16.20	19.00	28.20	34.00	40.80	57.80	
09384000	0306	19410306	20150306	75	16.46	18.46	1.40	90.00		2.28	3.36	4.20	4.90	5.10	5.50	6.00	7.40	8.00	8.40	9.00	12.80	14.40	17.00	20.00	25.60	32.80	40.40	61.80	
09384000	0307	19410307	20150307	75	17.06	19.07	1.40	107.00		2.52	3.60	4.44	4.90	5.20	5.90	6.92	7.88	8.50	9.00	9.84	12.60	15.00	17.20	20.00	29.40	33.60	38.80	62.60	
09384000	0308	19410308	20150308	75	17.78	19.59	1.40	105.00		2.60	3.42	4.14	4.46	5.00	5.74	6.92	7.48	8.08	9.00	9.96	11.00	15.40	18.20	24.00	33.20	37.20	43.40	65.40	
09384000	0309	19410309	20150309	75	19.18	21.16	1.40	99.00		2.54	3.36	4.00	4.40	5.20	6.18	7.00	7.50	7.84	9.00	9.94	11.00	16.00	20.40	28.00	34.00	47.00	56.00	65.20	
09384000	0310	19410310	20150310	75	20.34	21.99	1.40	89.00		2.40	3.92	4.14	4.62	5.50	6.42	6.60	7.54	8.00	9.80	11.00	13.00	17.00	22.20	32.00	35.80	46.20	60.80	71.20	
09384000	0311	19410311	20150311	75	21.74	24.63	2.20	111.00		2.36	3.48	4.18	4.82	5.20	6.08	7.00	7.34	8.00	9.40	10.00	13.60	18.40	23.60	36.00	41.40	50.00	57.20	77.00	
09384000	0312	19410312	20150312	75	24.26	33.14	2.00	230.00		2.62	3.22	4.38	4.70	5.00	6.00	6.96	7.52	8.26	9.40	12.00	16.20	22.40	28.20	37.00	44.40	50.00	60.40	79.60	
09384000	0313	19410313	20150313	75	29.61	60.91	2.00	506.00		2.20	3.48	4.40	4.94	5.50	6.32	7.34	8.00	8.36	9.40	12.60	18.20	23.40	32.00	39.00	47.60	54.80	65.40	81.40	
09384000	0314	19410314	20150314	75	30.12	53.09	2.30	418.00		2.40	3.82	4.34	5.20	6.60	6.96	7.68	8.00	8.54	9.00	13.60	18.20	22.40	32.20	39.00	48.20	65.60	71.40	97.40	
09384000	0315	19410315	20150315	75	30.75	49.89	1.90	364.00		2.40	3.84	4.64	5.20	5.90	6.80	7.06	7.40	8.26	10.00	13.80	16.00	21.40	33.80	39.00	49.00	63.80	79.60	107.40	
09384000	0316	19410316	20150316	75	29.86	45.01	1.70	305.00		2.40	3.24	4.54	5.00	5.80	6.74	7.28	7.82	8.52	9.60	13.80	16.00	22.80	30.60	38.00	46.80	67.40	83.40	117.20	
09384000	0317	19410317	20150317	75	30.09	43.34	1.70	281.00		2.44	3.18	4.62	5.00	5.20	6.64	7.20	8.38	9.48	11.00	14.80	18.00	25.00	37.20	40.00	53.60	63.80	78.80	109.20	
09384000	0318	19410318	20150318	75	31.37	42.78	1.80	258.00		2.94	3.48	4.68	5.02	6.00	7.00	7.76	8.88	9.36	11.00	15.80	21.80	32.80	36.00	39.00	56.40	67.80	81.60	101.00	
09384000	0319	19410319	20150319	75	33.06	44.01	1.70	231.00		2.72	3.90	4.42	5.04	6.00	6.58	8.00	9.00	10.00	11.00	14.80	22.20	32.80	37.00	44.00	54.00	71.40	83.60	122.80	
09384000	0320	19410320	20150320	75	34.65	44.51	1.80	212.00		2.68	3.78	4.10	5.00	5.50	6.98	8.48	9.04	10.00	14.00	19.80	25.60	33.80	38.20	45.00	59.00	72.80	93.00	143.20	
09384000	0321	19410321	20150321	75	35.73	45.66	1.80	212.00		2.80	3.72	3.94	4.40	5.50	7.20	8.00	8.92	11.00	14.00	19.00	27.60	33.40	40.20	41.00	68.20	79.20	102.20	148.20	
09384000	0322	19410322	20150322	75	37.31	47.78	1.80	214.00		3.08	3.66	4.16	4.62	6.00	6.28	7.64	8.80	10.00	15.00	27.80	28.60	33.40	39.60	44.00	62.80	83.40	104.60	154.00	
09384000	0323	19410323	20150323	75	38.68	47.54	1.80	207.00		2.68	3.26	3.94	4.76	5.80	7.66	8.36	9.76	11.00	21.00	26.80	30.60	35.40	45.80	51.00	64.00	81.60	115.00	160.40	
09384000	0324	19410324	20150324	75	39.77	47.59	1.60	203.00		2.34	2.88	4.40	5.20	7.00	8.00	9.16	10.40	14.00	20.00	22.00	29.20	37.80	45.80	65.00	73.40	83.40	113.40	166.80	
09384000	0325	19410325	20150325	75	39.79	48.12	1.30	199.00		2.06	2.58	4.30	5.34	7.40	7.96	8.06	10.40	13.20	19.00	23.80	29.80	39.40	48.40	61.00	66.80	81.80	105.40	157.20	
09384000	0326	19410326	20150326	75	41.98	53.70	1.90	225.00		2.08	3.06	4.28	5.50	7.00	7.88	9.00	11.00	13.00	17.00	25.40	33.00	40.60	48.20	57.00	69.80	81.00	121.20	185.80	
09384000	0327	19410327	20150327	75	44.32	58.20	1.00	238.00		1.86	3.00	4.08	5.50	7.50	7.96	9.00	12.40	15.00	16.00	24.40	36.40	43.40	51.00	57.00	73.00	88.20	121.00	221.00	
09384000	0328	19410328	20150328	75	45.49	60.41	1.50	277.00		1.68	3.06	4.04	6.52	7.00	7.96	9.26	11.80	15.20	21.00	25.00	37.20	45.20	50.20	54.00	72.20	88.60	130.00	208.20	
09384000	0329	19410329	20150329	75	46.25	60.40	1.00	277.00		1.70	2.76	3.68	5.92	7.50	8.94	10.00	13.00	16.40	21.00	24.00	36.60	44.20	55.40	62.00	73.00	92.60	120.40	217.80	
09384000	0330	19410330	20150330	75	47.70	60.20	0.60	273.00		1.68	2.88	4.22	6.68	7.10	8.48	14.00	15.40	19.00	21.00	27.80	36.60	43.40	53.20	66.00	77.00	101.60	124.00	214.60	
09384000	0331	19410331	20150331	75	50.98	64.77	0.30	286.00		1.76	2.48	4.22	5.90	9.00	11.80	15.00	17.00	18.40	23.00	29.60	35.20	43.00	60.40	65.00	86.80	105.80	134.80	239.20	
09384000	0401	19410401	20150401	75	53.19	68.80	0.90	360.00		1.96	2.30	3.90	4.56	9.60	13.00	14.60	17.20	20.60	29.00	33.00	36.20	45.20	59.00	62.00	95.20	100.60	167.00	219.00	
09384000	0402	19410402	20150402	75	56.02	72.69	1.00	427.00		2.00	2.16	3.46	4.88	9.60	12.80	15.20	20.00	26.40	29.00	32.60	42.20	53.40	58.00	74.00	93.80	107.40	169.80	202.00	
09384000	0403	19410403	20150403	75	58.53	79.54	1.30	522.00		1.76	2.18	3.36	5.74	9.60	11.80	13.60	21.40	24.60	32.00	37.00	50.00	53.20	67.80	73.00	94.20	119.60	162.40	210.00	
09384000	0404	19410404	20150404	75	61.78	85.83	1.30	567.00		1.80	2.88	3.88	6.14	8.30	11.80	16.80	22.40	26.00	30.00	41.80	46.60	60.40	68.40	84.00	101.40	115.20	166.20	205.20	
09384000	0405	19410405	20150405	75	62.81	79.81	1.60	445.00		1.80	2.76	3.44	5.84	6.60	12.40	15.20	24.00	28.00	34.00	41.80	51.80	60.20	73.00	95.00	113.60	126.60	158.00	216.00	
09384000	0406	19410406	20150406	75	65.79	82.19	1.50	428.00		1.76	2.76	4.24	5.92	8.20	13.00	15.00	22.00	25.00	35.00	45.80	54.00	60.20	73.60	101.00	129.40	136.20	152.40	242.20	
09384000	0407	19410407	20150407	75	67.97	84.25	1.30	452.00		1.60	2.96	4.82	5.60	7.40	12.60	16.60	21.00	24.20	40.00	43.80	54.00	66.00	87.20	110.00	121.40	136.40	170.60	258.20	
09384000	0408	19410408	20150408	75	71.58	89.37	1.30	413.00		1.74	2.48	3.98	5.24	7.80	13.00	16.20	20.40	25.00	35.00	48.00	52.60	66.80	93.80	108.00	120.00	150.00	193.60	254.20	
09384000	0409	19410409	20150409	75	72.99	88.33	1.20	382.00		1.58	2.30	4.00	5.08	7.00	13.00	15.60	18.00	25.80	41.00	49.00	59.00	71.40	104.00	111.00	125.60	161.60	207.40	282.60	
09384000	0410	19410410	20150410	75	76.23	90.84	1.00	360.00		1.50	2.52	3.88	5.86	7.40	13.00	16.20	20.80	33.80	41.00	50.00	62.40	74.40	97.20	113.00	131.40	166.60	213.80	297.80	
09384000	0411	19410411	20150411	75	81.10	100.63	1.00	480.00		1.48	2.92	3.94	5.18	9.40	13.00	17.60	21.00	33.40	42.00	48.60	61.00	82.80	96.20	100.00	142.40	199.80	240.80	295.80	
09384000	0412	19410412	20150412	75	86.84	112.62	0.80	532.00		1.60	2.36	3.36	5.12	6.30	12.40	15.60	18.80	28.60	41.00	53.60	72.80	85.40	92.20	109.00	139.80	202.60	284.80	337.40	
09384000	0413	19410413	20150413	75	88.86	116.70	0.70	574.00		1.58	1.92	3.08	4.92	6.60	13.00	15.60	18.00	29.00	40.00	50.80	71.80	88.40	100.40	110.00	158.20	193.80	283.20	346.00	
09384000	0414	19410414	20150414	75	90.27	121.95	0.70	613.00		1.46	2.00	2.88	4.84	5.50	13.00	14.60	19.60	25.00	38.00	50.60	64.40	90.20	102.40	131.00	149.80	188.40	294.80	384.80	
09384000	0415	19410415	20150415	75	91.34	130.71	0.70	610.00		1.38	2.00	2.80	4.60	6.10	10.00	12.60	17.40	22.20	36.00	47.80	58.00	75.60	96.00	121.00	152.00	209.60	309.40	388.00	
09384000	0416	19410416	20150416	75	98.02	163.05	0.40	900.00		1.16	1.52	2.18	4.28	6.50	8.18	10.60	13.40	17.80	36.00	43.60	56.00	71.20	88.00	111.00	136.40	201.60	325.20	504.40	
09384000	0417	19410417	20150417	75	98.88	164.86	0.10	800.00		1.00	1.46	2.14	3.22	5.10	6.46	10.00	13.40	15.80	33.00	38.60	54.00	74.20	94.60	115.00	151.40	188.40	318.80	581.20	
09384000	0418	19410418	20150418	75	103.18	170.29	0.00	768.00		1.00	1.52	2.08	2.52	3.60	6.10	9.16	11.40	26.20	34.00	39.40	48.40	60.40	79.80	128.00	169.80	221.00	352.00	549.80	
09384000	0419	19410419	20150419	75	103.99	169.72	0.40	863.00		0.88	1.54	2.18	2.62	5.00	6.54	8.46	10.00	21.80	31.00	36.60	52.60	58.40	83.20	108.00	179.00	292.20	356.60	467.20	
09384000	0420	19410420	20150420	75	102.01	163.90	0.45	841.00		1.14	1.48	2.34	2.62	3.00	5.54	7.58	9.64	15.60	28.00	35.80	48.00	64.20	86.60	123.00	177.00	296.60	364.40	420.00	
09384000	0421	19410421	20150421	75	98.45	152.92	0.40	604.00		0.89	1.54	2.14	2.80	3.80	5.00	6.96	9.04	12.00	30.00	31.80	40.20	61.20	96.80	124.00	180.60	282.00	378.80	468.20	
09384000	0422	19410422	20150422	75	96.69	159.11	0.37	730.00		0.72	1.30	2.12	2.72	3.60	4.96	6.30	8.12	9.20	20.00	26.80	35.60	53.60	99.80	120.00	163.40	239.20	358.60	487.60	
09384000	0423	19410423	20150423	75	99.41	171.55	0.31	883.00		0.74	1.22	1.88	2.32	3.00	4.18	5.76	7.22	10.00	18.00	25.00	34.60	47.80	94.40	115.00	187.20	244.20	340.80	468.00	
09384000	0424	19410424	20150424	75	93.04	151.98	0.29	683.00		0.72	1.24	1.90	2.42	3.00	4.46	5.10	6.40	10.40	13.00	22.00	28.00	39.60	81.80	115.00	199.40	227.80	366.00	454.40	
09384000	0425	19410425	20150425	75	89.86	145.98	0.30	585.00		0.96	1.56	1.94	2.40	2.60	4.16	4.96	5.70	10.40	14.00	19.60	25.80	36.00	63.00	129.00	195.60	249.00	352.40	436.80	
09384000	0426	19410426	20150426	75	92.78	162.68	0.28	814.00		0.90	1.40	1.64	2.00	2.70	3.66	4.66	5.20	9.60	11.00	19.00	23.80	34.00	55.20	102.00	179.00	223.40	335.60	487.60	
09384000	0427	19410427	20150427	75	91.32	166.38	0.26	892.00		0.92	1.26	1.64	2.04	3.00	4.16	5.12	6.10	8.82	10.00	13.60	21.20	29.60	53.80	86.00	184.00	222.00	356.00	468.80	
09384000	0428	19410428	20150428	75	85.08	159.40	0.25	899.00		0.81	1.16	1.74	2.42	3.00	3.44	4.72	6.50	8.14	9.70	13.80	15.60	23.40	51.20	90.00	158.00	211.00	307.20	441.60	
09384000	0429	19410429	20150429	75	81.75	159.25	0.23	913.00		0.89	1.16	1.78	2.10	2.80	3.38	4.60	6.12	8.04	9.10	11.00	15.40	21.60	43.00	101.00	148.80	182.20	253.20	466.00	
09384000	0430	19410430	20150430	75	77.16	142.32	0.20	610.00		0.95	1.26	1.84	2.22	2.60	3.08	3.82	6.08	7.08	8.30	10.80	15.00	20.80	37.00	92.00	136.40	177.80	289.40	465.60	
09384000	0501	19410501	20150501	75	69.58	125.14	0.21	552.00		0.92	1.26	1.90	2.22	2.60	3.78	4.30	5.40	6.84	8.30	10.80	15.60	22.00	32.00	85.00	119.60	177.60	277.00	400.40	
09384000	0502	19410502	20150502	75	60.61	107.98	0.21	516.00		0.86	1.30	1.74	2.02	2.80	3.72	4.84	6.00	7.16	8.70	11.00	15.80	20.40	25.40	61.00	106.20	162.60	241.60	322.80	
09384000	0503	19410503	20150503	75	53.88	95.94	0.21	482.00		0.90	1.36	1.50	2.06	2.80	4.04	4.92	5.64	7.76	9.50	12.00	15.60	17.00	25.00	51.00	95.00	148.60	208.80	264.00	
09384000	0504	19410504	20150504	75	54.91	104.21	0.23	579.00		0.90	1.40	1.54	2.00	2.80	3.92	5.66	7.00	8.24	9.80	11.80	14.60	17.80	28.00	43.00	97.00	142.20	194.00	279.20	
09384000	0505	19410505	20150505	75	55.99	122.21	0.46	806.00		0.86	1.16	1.54	1.84	2.50	4.00	4.96	7.94	9.16	11.00	13.00	13.60	17.80	25.40	34.00	87.60	138.60	162.40	286.20	
09384000	0506	19410506	20150506	75	57.93	154.10	0.44	1140.00		0.88	1.10	1.48	1.84	2.40	4.10	5.24	7.36	8.76	10.00	13.00	16.00	19.20	24.20	52.00	74.80	113.60	139.20	257.60	
09384000	0507	19410507	20150507	75	52.43	151.35	0.54	1220.00		0.88	1.16	1.48	2.00	2.40	3.68	4.54	6.76	7.30	9.00	13.00	16.60	20.40	22.40	43.00	72.80	95.20	115.00	233.60	
09384000	0508	19410508	20150508	75	47.47	125.09	0.46	988.00		0.88	1.16	1.62	2.00	2.50	2.76	4.92	5.04	7.06	8.40	11.80	16.20	20.40	25.20	42.00	65.60	92.40	111.80	237.20	
09384000	0509	19410509	20150509	75	43.59	104.48	0.42	781.00		0.78	1.06	1.64	2.30	2.60	3.16	4.12	6.00	7.00	8.50	10.00	16.20	19.40	26.20	38.00	56.80	77.60	103.20	238.80	
09384000	0510	19410510	20150510	75	40.06	95.13	0.43	688.00		0.88	1.06	1.54	2.32	2.60	3.60	4.46	5.32	5.76	7.60	10.76	14.60	18.40	25.40	38.00	53.60	66.60	91.40	206.20	
09384000	0511	19410511	20150511	75	36.06	83.69	0.41	593.00		0.88	0.98	1.60	2.02	2.90	4.00	4.80	5.08	6.38	8.10	11.00	14.00	19.40	25.20	28.00	50.80	63.00	83.20	168.80	
09384000	0512	19410512	20150512	75	32.37	74.13	0.48	534.00		0.74	0.84	1.50	2.04	3.20	4.08	4.30	5.74	7.48	8.30	11.00	16.20	18.00	19.20	23.00	35.80	67.00	79.40	128.00	
09384000	0513	19410513	20150513	75	30.25	67.50	0.51	482.00		0.70	0.93	1.60	2.24	3.00	3.80	4.68	5.60	7.88	9.80	12.60	15.00	17.40	20.00	24.00	31.00	65.00	74.80	105.40	
09384000	0514	19410514	20150514	75	28.16	60.63	0.49	382.00		0.80	1.00	1.54	2.28	3.00	3.56	4.48	5.50	7.02	9.40	10.80	16.40	18.00	19.60	25.00	33.20	59.20	64.80	91.60	
09384000	0515	19410515	20150515	75	28.50	70.97	0.44	538.00		0.71	1.30	1.50	1.94	3.00	3.50	3.96	5.04	7.00	8.20	9.96	14.00	16.40	20.20	29.00	36.60	51.20	59.40	92.00	
09384000	0516	19410516	20150516	75	27.10	70.54	0.41	560.00		0.68	1.16	1.84	2.46	2.90	3.16	4.30	5.00	6.52	9.10	11.80	14.00	16.40	18.20	23.00	34.80	45.00	57.00	81.40	
09384000	0517	19410517	20150517	75	23.61	52.05	0.24	386.00		0.68	1.00	1.88	2.42	2.90	3.50	5.00	5.40	6.64	7.90	11.00	13.00	14.40	17.20	20.00	30.40	40.00	50.20	83.40	
09384000	0518	19410518	20150518	75	21.41	43.81	0.28	322.00		0.55	0.92	2.00	2.28	3.30	3.92	4.90	5.48	6.14	7.80	11.00	12.00	14.40	16.40	19.00	28.80	35.60	49.00	87.40	
09384000	0519	19410519	20150519	75	19.78	37.94	0.20	280.00		0.66	0.96	1.64	2.26	3.30	4.00	4.68	5.00	6.02	9.30	11.00	12.00	14.40	16.00	21.00	26.60	29.60	47.60	78.20	
09384000	0520	19410520	20150520	75	19.76	36.66	0.45	262.00		0.56	0.86	1.42	2.56	3.10	3.76	4.18	5.54	7.36	9.40	9.96	12.60	14.00	18.00	18.00	25.80	33.60	50.00	88.40	
09384000	0521	19410521	20150521	75	19.24	35.41	0.30	250.00		0.42	0.80	1.14	2.26	2.70	3.08	4.88	5.10	6.96	8.10	9.50	12.20	14.40	18.20	20.00	25.60	32.40	45.00	85.40	
09384000	0522	19410522	20150522	75	18.74	32.63	0.30	229.00		0.36	0.68	1.14	1.70	2.60	3.00	4.14	5.20	7.42	7.90	9.52	13.60	15.40	17.00	21.00	27.00	35.00	40.20	78.20	
09384000	0523	19410523	20150523	75	17.60	28.82	0.20	202.00		0.36	0.81	0.96	2.12	2.50	3.08	4.10	5.24	7.24	7.80	9.12	13.20	15.00	17.20	23.00	27.80	31.80	40.40	71.60	
09384000	0524	19410524	20150524	75	16.56	27.69	0.20	182.00		0.32	0.61	0.85	2.00	2.40	2.86	4.00	6.24	6.92	7.40	8.96	10.00	12.40	15.20	22.00	25.80	30.60	36.40	70.40	
09384000	0525	19410525	20150525	75	16.55	29.38	0.20	172.00		0.30	0.66	1.14	1.72	2.10	2.74	4.16	5.74	6.36	8.90	9.68	10.00	13.00	14.20	20.00	24.00	27.20	33.40	66.60	
09384000	0526	19410526	20150526	75	15.94	27.97	0.17	172.00		0.30	0.46	0.85	1.40	1.90	2.96	4.36	5.22	6.62	7.00	9.66	10.00	12.00	15.00	16.00	21.60	29.00	36.40	60.80	
09384000	0527	19410527	20150527	75	16.43	32.97	0.10	241.00		0.28	0.54	0.76	1.32	2.00	2.58	4.18	5.28	6.14	8.40	9.08	11.00	12.40	15.00	16.00	18.80	29.40	35.80	58.20	
09384000	0528	19410528	20150528	75	16.64	36.70	0.00	285.00		0.28	0.40	1.04	1.48	1.90	2.34	4.14	5.00	6.06	7.20	8.98	10.00	12.40	15.00	16.00	18.00	26.40	35.60	56.80	
09384000	0529	19410529	20150529	75	15.34	28.91	0.00	202.00		0.27	0.46	1.12	1.44	2.10	2.74	4.00	5.16	5.86	6.20	7.80	10.00	11.00	12.20	15.00	18.80	26.40	36.80	54.80	
09384000	0530	19410530	20150530	75	14.90	27.14	0.00	174.00		0.26	0.50	1.04	1.40	1.80	2.64	3.96	4.14	5.02	5.30	6.90	8.20	9.20	11.00	14.00	17.00	32.20	39.80	56.20	
09384000	0531	19410531	20150531	75	14.72	26.07	0.00	154.00		0.21	0.45	1.14	1.52	2.60	3.20	3.46	3.94	4.64	6.60	7.50	8.22	8.68	11.00	13.00	17.60	29.80	42.80	57.00	
09384000	0601	19410601	20150601	75	14.02	23.98	0.00	146.00		0.21	0.39	1.18	1.62	2.10	2.68	3.60	4.60	5.76	7.00	7.58	8.00	9.22	12.00	13.00	19.00	28.60	35.00	50.00	
09384000	0602	19410602	20150602	75	14.13	25.54	0.00	150.00		0.22	0.39	1.04	1.60	2.20	2.88	4.00	4.58	6.02	6.80	7.48	8.00	9.04	12.00	15.00	17.80	26.20	39.20	45.20	
09384000	0603	19410603	20150603	75	14.48	27.57	0.00	175.00		0.19	0.42	1.03	1.52	2.00	2.86	3.36	4.04	5.46	6.60	7.50	8.00	9.42	11.20	16.00	20.40	24.80	35.20	48.20	
09384000	0604	19410604	20150604	75	13.96	27.23	0.00	172.00		0.13	0.35	0.79	1.42	1.60	2.50	2.96	3.70	5.38	6.00	6.48	6.84	9.00	11.20	16.00	20.80	23.60	32.80	46.80	
09384000	0605	19410605	20150605	75	13.18	25.97	0.07	158.00		0.10	0.40	0.68	1.30	1.50	2.26	2.74	3.64	5.00	5.30	5.96	7.12	8.16	10.00	16.00	18.00	23.20	30.40	45.00	
09384000	0606	19410606	20150606	75	12.05	22.09	0.05	134.00		0.10	0.34	0.71	1.22	1.40	1.70	2.10	3.00	4.12	5.30	6.64	7.00	7.30	9.00	12.00	19.40	23.20	29.00	44.20	
09384000	0607	19410607	20150607	75	11.76	21.85	0.00	133.00		0.06	0.22	0.63	1.00	1.10	1.54	2.26	3.20	5.12	6.00	6.18	6.36	6.62	8.10	10.00	16.00	22.20	32.60	44.20	
09384000	0608	19410608	20150608	75	11.38	20.87	0.00	128.00		0.09	0.21	0.58	0.82	1.00	1.78	2.06	2.70	4.20	5.00	5.30	6.88	7.64	9.64	11.00	16.80	19.80	32.40	39.20	
09384000	0609	19410609	20150609	75	11.24	21.47	0.00	146.00		0.09	0.20	0.34	0.74	1.20	1.58	2.00	2.28	3.78	4.60	5.32	6.92	8.16	10.00	12.00	15.80	22.60	29.20	36.20	
09384000	0610	19410610	20150610	75	10.64	19.27	0.00	119.00		0.09	0.26	0.34	0.72	1.00	1.56	2.00	2.64	3.62	4.60	5.84	6.92	7.36	9.88	12.00	14.80	20.00	27.40	35.80	
09384000	0611	19410611	20150611	75	9.90	17.27	0.00	102.00		0.09	0.20	0.33	0.71	1.20	1.64	2.06	2.44	3.56	4.80	5.58	6.38	6.98	9.76	12.00	13.80	18.00	24.40	34.00	
09384000	0612	19410612	20150612	75	9.59	17.62	0.00	126.00		0.11	0.26	0.44	0.62	1.10	1.66	2.00	2.94	3.62	4.50	5.00	6.18	7.60	8.64	12.00	14.00	16.00	20.00	33.20	
09384000	0613	19410613	20150613	75	9.12	19.15	0.03	147.00		0.10	0.19	0.49	0.71	1.20	1.60	1.92	2.56	3.42	4.00	4.38	5.76	6.50	7.64	11.00	12.00	15.60	18.00	33.40	
09384000	0614	19410614	20150614	75	8.82	21.12	0.00	170.00		0.09	0.10	0.30	0.55	1.20	1.46	1.86	2.54	3.00	3.40	4.08	5.00	5.80	6.84	9.00	11.60	13.00	16.40	35.20	
09384000	0615	19410615	20150615	75	8.02	17.73	0.00	138.00		0.04	0.10	0.36	0.52	0.80	1.08	1.56	2.08	2.64	3.20	3.74	4.42	6.00	6.76	9.00	11.00	13.00	15.40	33.20	
09384000	0616	19410616	20150616	75	7.31	14.65	0.00	108.00		0.02	0.10	0.46	0.60	0.70	1.05	1.60	2.14	2.50	3.10	3.58	4.00	5.22	7.80	8.20	10.80	12.00	14.40	30.40	
09384000	0617	19410617	20150617	75	7.30	13.55	0.00	96.00		0.01	0.10	0.36	0.55	0.60	0.98	1.36	2.00	2.58	3.40	4.00	4.84	5.84	7.06	8.90	10.00	11.00	14.80	32.60	
09384000	0618	19410618	20150618	75	6.79	11.77	0.00	77.00		0.02	0.10	0.38	0.50	0.60	0.92	1.36	1.84	2.44	3.00	3.48	4.18	5.72	6.76	8.10	8.98	11.60	16.20	36.00	
09384000	0619	19410619	20150619	75	6.39	10.94	0.00	72.00		0.02	0.10	0.24	0.60	0.78	1.00	1.30	1.54	2.36	3.20	3.60	4.92	5.24	6.00	7.00	8.98	11.60	13.40	35.20	
09384000	0620	19410620	20150620	75	6.29	10.93	0.00	74.00		0.00	0.07	0.23	0.47	0.60	0.96	1.12	1.82	2.80	3.00	3.38	4.88	5.30	6.48	7.10	8.22	9.72	13.00	30.60	
09384000	0621	19410621	20150621	75	6.47	11.36	0.00	71.00		0.00	0.04	0.20	0.39	0.67	0.96	1.16	1.80	2.42	3.10	3.86	4.56	5.40	6.60	7.00	7.36	9.92	12.80	33.20	
09384000	0622	19410622	20150622	75	6.35	10.95	0.00	68.00		0.00	0.03	0.20	0.44	0.65	0.91	1.10	1.90	2.30	3.10	3.72	4.00	5.06	6.02	7.40	8.48	9.80	14.80	35.20	
09384000	0623	19410623	20150623	75	5.97	9.72	0.00	51.00		0.00	0.04	0.19	0.50	0.60	0.85	1.20	1.58	2.42	3.00	3.20	4.06	5.12	6.64	7.40	8.04	8.80	12.80	34.40	
09384000	0624	19410624	20150624	75	5.84	9.09	0.00	42.00		0.00	0.04	0.10	0.50	0.52	0.60	1.00	1.36	2.62	3.20	3.96	5.00	5.34	6.24	7.20	7.96	9.42	12.80	37.00	
09384000	0625	19410625	20150625	75	5.65	9.69	0.00	62.00		0.00	0.02	0.09	0.20	0.43	0.57	1.06	1.50	2.34	3.10	3.52	4.64	5.34	5.92	6.50	8.06	8.96	10.80	32.00	
09384000	0626	19410626	20150626	75	5.43	8.39	0.00	51.00		0.00	0.01	0.08	0.25	0.40	0.60	1.12	1.80	2.20	2.80	3.16	4.18	5.16	5.92	6.60	8.56	10.00	13.20	21.60	
09384000	0627	19410627	20150627	75	5.06	7.55	0.00	40.00		0.00	0.01	0.10	0.28	0.40	0.59	1.04	1.52	2.00	2.40	2.76	3.76	4.70	5.44	6.00	6.84	10.60	13.40	23.00	
09384000	0628	19410628	20150628	75	4.65	6.57	0.00	31.00		0.00	0.02	0.08	0.20	0.46	0.73	1.42	1.82	2.00	2.30	2.64	3.24	4.08	4.76	5.10	6.88	9.18	12.80	22.60	
09384000	0629	19410629	20150629	75	4.21	5.45	0.00	24.00		0.00	0.01	0.07	0.12	0.37	0.58	0.86	1.80	2.00	2.40	2.66	3.40	4.08	5.00	5.60	6.16	8.94	11.80	19.00	
09384000	0630	19410630	20150630	75	4.49	5.59	0.00	21.00		0.00	0.02	0.08	0.11	0.29	0.47	0.66	1.80	2.00	2.20	2.76	3.28	4.52	5.24	6.20	7.78	10.60	13.40	19.20	
09384000	0701	19410701	20150701	75	4.30	5.36	0.00	23.00		0.00	0.01	0.04	0.10	0.42	0.55	0.65	1.34	1.82	2.00	2.98	3.36	3.92	5.16	6.00	8.70	9.96	12.00	17.40	
09384000	0702	19410702	20150702	75	4.48	5.32	0.00	20.00		0.00	0.01	0.06	0.11	0.20	0.59	0.81	1.24	2.00	2.40	3.00	3.90	4.54	6.02	8.00	8.20	9.68	13.40	17.60	
09384000	0703	19410703	20150703	75	4.68	5.45	0.00	22.00		0.00	0.03	0.08	0.14	0.31	0.60	0.95	1.50	2.16	2.70	3.48	4.30	5.30	6.16	7.60	8.42	9.84	13.00	18.40	
09384000	0704	19410704	20150704	75	4.58	5.54	0.00	23.00		0.00	0.02	0.04	0.17	0.32	0.56	0.97	1.32	2.04	2.40	3.30	4.00	4.40	5.30	7.20	8.26	10.44	14.00	17.40	
09384000	0705	19410705	20150705	75	4.55	6.14	0.00	29.00		0.00	0.01	0.04	0.12	0.26	0.59	0.85	1.20	1.80	2.40	3.00	3.58	4.14	5.00	7.00	7.28	9.08	13.40	19.00	
09384000	0706	19410706	20150706	75	4.72	6.80	0.00	39.00		0.00	0.02	0.10	0.16	0.31	0.49	1.00	1.30	1.84	2.20	2.38	3.46	4.24	4.90	7.00	8.32	9.28	11.00	22.20	
09384000	0707	19410707	20150707	75	5.23	7.08	0.00	44.00		0.00	0.03	0.10	0.20	0.40	0.99	1.38	2.00	2.22	2.90	3.24	4.76	5.44	7.00	8.10	8.38	9.46	12.20	18.60	
09384000	0708	19410708	20150708	75	7.80	19.02	0.00	155.00		0.00	0.05	0.10	0.20	0.40	0.77	1.36	2.04	2.40	2.70	3.60	5.00	5.80	7.06	8.10	9.10	13.60	17.40	27.00	
09384000	0709	19410709	20150709	75	6.38	10.37	0.00	61.00		0.00	0.03	0.11	0.22	0.40	0.76	1.40	1.88	2.52	3.20	4.04	5.18	5.40	6.12	8.20	8.60	12.16	16.80	22.20	
09384000	0710	19410710	20150710	75	7.63	14.49	0.00	94.00		0.01	0.09	0.22	0.41	0.60	1.00	1.56	1.74	2.08	3.40	3.88	4.92	5.82	6.54	8.90	10.00	15.00	19.40	25.40	
09384000	0711	19410711	20150711	75	9.25	19.10	0.00	134.00		0.01	0.08	0.26	0.51	0.68	1.24	1.76	2.00	2.12	3.10	3.98	4.80	5.66	7.34	8.30	14.00	18.00	20.80	39.00	
09384000	0712	19410712	20150712	75	9.64	17.19	0.00	83.00		0.01	0.07	0.22	0.45	0.80	1.16	1.50	1.64	2.00	2.60	3.76	4.56	5.22	7.42	12.00	14.00	15.60	27.60	59.40	
09384000	0713	19410713	20150713	75	6.22	9.64	0.00	55.00		0.00	0.05	0.24	0.41	0.60	0.98	1.36	1.80	2.20	2.80	3.24	4.12	4.72	5.22	8.10	10.72	13.20	15.40	26.40	
09384000	0714	19410714	20150714	75	7.03	16.15	0.00	125.00		0.00	0.05	0.18	0.48	0.60	0.70	1.18	1.54	2.00	2.10	2.64	3.68	4.00	5.38	7.10	9.62	14.20	16.40	25.60	
09384000	0715	19410715	20150715	75	6.72	10.21	0.00	58.00		0.01	0.08	0.29	0.53	0.70	0.88	1.00	1.34	1.60	2.10	2.96	3.84	4.64	5.86	7.30	13.60	16.20	20.80	29.20	
09384000	0716	19410716	20150716	75	6.50	8.52	0.00	45.00		0.01	0.09	0.24	0.61	0.82	1.00	1.30	1.94	2.10	2.70	4.00	4.70	6.32	7.32	9.00	11.80	15.00	19.40	27.40	
09384000	0717	19410717	20150717	75	10.22	22.73	0.00	135.00		0.01	0.06	0.30	0.63	0.82	1.00	1.42	1.74	2.00	2.60	4.16	5.30	7.06	8.40	11.00	12.80	15.00	19.40	50.40	
09384000	0718	19410718	20150718	75	11.94	24.39	0.00	157.00		0.01	0.08	0.32	0.59	1.00	1.10	1.50	1.80	2.12	3.10	3.60	5.00	6.84	9.52	12.00	14.80	18.40	37.80	64.20	
09384000	0719	19410719	20150719	75	7.94	12.22	0.00	55.00		0.01	0.08	0.22	0.52	1.00	1.30	1.50	2.00	2.30	3.20	4.24	5.06	6.12	6.72	8.80	10.74	16.20	24.20	41.20	
09384000	0720	19410720	20150720	75	11.23	21.97	0.00	158.00		0.01	0.09	0.28	0.81	1.10	1.48	1.98	2.64	3.00	3.40	3.60	4.82	6.34	8.00	9.80	17.60	25.20	35.40	50.20	
09384000	0721	19410721	20150721	75	14.28	26.96	0.00	168.00		0.01	0.23	0.64	0.94	1.30	1.50	1.86	2.14	2.56	3.00	3.98	5.16	7.24	9.96	16.00	18.80	32.60	44.00	69.00	
09384000	0722	19410722	20150722	75	11.76	19.73	0.00	111.00		0.01	0.15	0.50	0.82	1.00	1.28	1.66	2.04	3.00	3.40	5.40	6.44	7.68	11.40	14.00	17.80	27.60	32.20	48.40	
09384000	0723	19410723	20150723	75	11.04	23.06	0.00	150.00		0.02	0.11	0.53	0.77	1.00	1.48	1.86	2.24	3.00	3.40	4.10	5.06	6.34	7.10	12.00	13.80	18.20	28.00	43.60	
09384000	0724	19410724	20150724	75	12.63	27.18	0.00	191.00		0.03	0.12	0.41	0.70	1.00	1.48	1.80	2.54	3.04	3.90	5.18	7.00	7.52	11.00	13.00	15.00	22.00	31.20	49.60	
09384000	0725	19410725	20150725	75	10.42	14.00	0.00	65.00		0.03	0.23	0.72	0.92	1.00	1.48	2.00	2.94	3.76	4.70	6.38	7.14	9.82	12.00	14.00	17.80	20.00	30.00	41.80	
09384000	0726	19410726	20150726	75	14.33	23.33	0.00	131.00		0.09	0.37	0.62	0.92	1.20	2.06	2.72	3.14	3.60	5.00	5.98	8.00	10.40	12.40	16.00	18.80	31.40	45.80	66.20	
09384000	0727	19410727	20150727	75	21.06	62.48	0.00	520.00		0.20	0.50	0.81	0.94	1.30	1.92	2.52	3.04	4.14	5.40	7.54	9.76	12.00	14.20	16.00	18.80	33.60	42.60	89.60	
09384000	0728	19410728	20150728	75	20.61	52.14	0.00	370.00		0.19	0.63	0.90	1.06	1.40	1.98	2.72	3.12	5.24	6.30	7.52	10.00	12.40	14.20	16.00	17.80	38.60	46.40	69.40	
09384000	0729	19410729	20150729	75	16.65	31.89	0.00	208.00		0.18	0.52	1.00	1.12	1.30	1.38	1.96	2.94	5.60	7.60	8.44	10.00	12.00	13.00	14.00	16.80	26.80	44.60	87.80	
09384000	0730	19410730	20150730	75	16.32	32.49	0.00	215.00		0.12	0.55	0.90	1.00	1.40	1.94	2.40	2.82	4.62	5.60	8.08	9.62	12.40	13.20	15.00	18.00	26.20	46.60	68.00	
09384000	0731	19410731	20150731	75	15.21	24.18	0.00	140.00		0.10	0.55	0.81	1.00	1.30	1.76	2.56	3.60	5.00	7.00	9.06	10.56	12.40	15.00	18.00	19.80	25.60	41.80	82.40	
09384000	0801	19410801	20150801	75	19.82	36.59	0.00	244.00		0.11	0.67	0.86	1.04	1.80	2.44	3.50	4.70	5.26	7.30	9.52	9.96	14.00	15.20	20.00	24.80	35.20	54.60	106.80	
09384000	0802	19410802	20150802	75	23.66	49.44	0.00	315.00		0.17	0.55	0.78	1.04	1.50	3.32	3.86	5.44	6.22	8.00	8.38	11.00	13.40	16.40	22.00	27.60	38.00	61.20	101.20	
09384000	0803	19410803	20150803	75	28.50	80.18	0.00	640.00		0.18	0.58	0.81	1.12	2.00	3.32	4.76	5.66	6.12	7.80	9.14	11.20	15.40	17.20	19.00	27.40	42.60	58.60	158.40	
09384000	0804	19410804	20150804	75	31.57	92.40	0.08	748.00		0.27	0.78	1.08	2.12	3.30	3.56	4.64	5.94	6.96	8.50	9.68	13.60	16.00	16.00	22.00	27.80	38.20	64.60	160.20	
09384000	0805	19410805	20150805	75	19.89	32.37	0.11	168.00		0.38	0.86	1.34	1.70	2.90	4.60	5.42	6.72	7.84	9.70	12.80	14.60	16.00	18.00	21.00	24.80	29.20	41.20	108.40	
09384000	0806	19410806	20150806	75	16.65	20.53	0.19	100.00		0.49	0.90	1.30	1.80	2.50	3.30	4.80	5.32	6.54	8.50	9.44	11.00	14.40	20.00	24.00	30.80	36.60	47.80	62.20	
09384000	0807	19410807	20150807	75	22.91	55.15	0.18	453.00		0.48	0.75	1.24	1.72	2.90	3.92	5.06	6.64	8.02	8.40	9.92	12.00	14.00	16.00	19.00	26.60	40.20	61.20	84.40	
09384000	0808	19410808	20150808	75	17.25	27.35	0.21	169.00		0.70	0.81	1.10	1.68	2.60	3.24	3.66	4.66	7.10	7.90	8.68	10.00	13.40	16.20	20.00	22.80	29.20	51.60	81.40	
09384000	0809	19410809	20150809	75	19.12	31.27	0.30	189.00		0.65	0.93	1.40	2.00	2.20	2.98	4.54	6.10	6.96	8.00	10.00	12.20	13.80	16.20	22.00	24.00	33.00	52.40	84.60	
09384000	0810	19410810	20150810	75	22.30	35.29	0.30	145.00		0.58	0.88	1.20	1.92	2.00	3.20	4.88	5.62	6.14	7.00	9.90	12.60	14.40	17.20	21.00	33.60	46.80	68.40	128.00	
09384000	0811	19410811	20150811	75	25.75	49.66	0.30	358.00		0.52	0.83	1.62	2.06	2.60	3.52	5.92	7.28	9.68	10.00	12.00	14.20	19.00	21.20	25.00	34.00	43.00	55.80	133.80	
09384000	0812	19410812	20150812	75	24.95	48.39	0.26	375.00		0.58	0.95	1.14	2.00	2.30	3.54	6.02	7.24	8.76	11.00	12.80	15.60	17.40	20.40	28.00	36.60	50.00	65.20	75.40	
09384000	0813	19410813	20150813	75	22.56	51.19	0.13	433.00		0.68	1.06	1.60	2.14	2.80	4.06	4.88	7.22	8.84	9.80	10.80	16.00	17.00	23.00	27.00	35.20	43.80	50.20	59.20	
09384000	0814	19410814	20150814	75	20.41	38.63	0.30	308.00		0.46	1.30	1.72	2.04	3.60	4.88	6.46	7.28	8.38	9.60	10.80	13.60	16.40	20.00	23.00	27.80	36.80	43.80	69.00	
09384000	0815	19410815	20150815	75	22.79	42.88	0.20	247.00		0.47	1.56	1.84	2.88	3.50	4.64	6.42	8.00	8.68	9.80	10.00	12.60	15.40	17.20	23.00	29.60	38.60	49.00	89.20	
09384000	0816	19410816	20150816	75	22.46	43.31	0.10	274.00		0.29	0.98	2.14	2.68	3.20	3.88	4.88	6.24	7.36	8.60	10.00	11.60	15.80	20.00	22.00	28.60	44.20	47.80	88.20	
09384000	0817	19410817	20150817	75	17.39	26.20	0.10	199.00		0.22	0.84	1.96	2.48	3.60	4.56	5.24	6.48	7.42	9.20	9.98	15.00	16.00	18.00	26.00	29.80	32.80	38.40	52.80	
09384000	0818	19410818	20150818	75	20.69	37.91	0.00	260.00		0.21	1.26	2.28	2.84	3.50	3.90	5.00	6.22	7.42	8.80	10.80	13.60	14.40	18.00	21.00	34.00	37.60	45.40	79.20	
09384000	0819	19410819	20150819	75	23.17	64.31	0.00	544.00		0.22	1.20	1.88	2.30	3.00	4.26	6.32	7.02	9.14	10.00	11.80	13.20	15.40	16.20	21.00	30.80	37.80	42.40	51.60	
09384000	0820	19410820	20150820	75	19.86	39.56	0.00	303.00		0.20	1.00	2.12	3.00	3.40	5.08	6.72	8.08	8.48	9.20	11.00	13.60	14.40	17.20	20.00	22.60	32.20	37.40	70.20	
09384000	0821	19410821	20150821	75	29.29	103.33	0.06	893.00		0.60	0.96	2.36	3.70	4.60	5.00	5.40	7.28	8.18	11.00	12.80	14.00	18.00	21.40	24.00	29.40	36.20	43.60	80.20	
09384000	0822	19410822	20150822	75	23.61	40.19	0.22	226.00		0.41	1.00	2.10	3.84	5.00	5.28	5.84	7.74	8.60	11.00	13.60	16.00	18.00	20.00	25.00	27.00	32.80	51.80	113.40	
09384000	0823	19410823	20150823	75	28.49	67.91	0.12	535.00		0.37	1.46	2.60	3.16	4.50	5.38	6.36	7.38	8.52	11.00	12.00	15.20	17.00	18.00	19.00	27.00	45.80	78.40	100.60	
09384000	0824	19410824	20150824	75	28.11	58.24	0.09	398.00		0.37	1.72	2.20	2.84	4.00	5.08	5.46	6.64	8.96	10.00	12.80	14.60	17.40	20.40	30.00	33.80	50.40	62.20	124.00	
09384000	0825	19410825	20150825	75	25.27	51.24	0.08	373.00		0.39	1.26	2.20	2.74	3.80	4.56	5.58	6.48	8.44	10.00	12.00	14.60	17.00	20.20	26.00	29.80	36.00	61.60	133.80	
09384000	0826	19410826	20150826	75	22.91	41.44	0.03	315.00		0.52	1.06	1.84	2.44	3.50	3.98	6.08	6.76	8.00	9.60	12.00	13.60	15.40	20.20	28.00	32.80	37.00	66.60	84.00	
09384000	0827	19410827	20150827	75	28.00	62.27	0.05	495.00		0.27	1.10	2.14	2.42	3.20	4.08	5.88	7.00	8.14	11.00	13.00	16.00	20.20	26.40	30.00	32.60	45.60	61.80	99.80	
09384000	0828	19410828	20150828	75	23.77	32.99	0.00	141.00		0.34	1.16	2.08	3.00	3.50	4.46	6.12	6.50	9.04	12.00	13.00	16.00	18.40	23.20	26.00	30.80	53.00	68.20	117.40	
09384000	0829	19410829	20150829	75	21.91	27.33	0.00	132.00		0.26	1.26	2.00	2.56	3.00	5.38	6.12	7.54	9.64	11.00	13.60	16.60	20.00	26.20	32.00	36.60	47.20	57.00	80.40	
09384000	0830	19410830	20150830	75	19.07	21.49	0.00	101.00		0.10	1.14	2.08	2.82	3.00	4.96	5.22	5.94	8.14	11.00	13.00	14.60	17.00	22.00	30.00	38.20	47.00	48.40	68.00	
09384000	0831	19410831	20150831	75	19.67	27.29	0.00	132.00		0.10	0.92	1.62	2.80	3.10	3.94	4.98	5.50	7.54	10.00	13.00	14.00	15.40	20.20	24.00	27.00	34.80	53.60	91.80	
09384000	0901	19410901	20150901	75	20.35	41.52	0.00	305.00		0.11	0.72	1.60	1.94	2.90	4.16	4.42	5.48	6.80	9.00	10.80	13.00	14.40	19.20	21.00	24.80	30.60	41.60	78.00	
09384000	0902	19410902	20150902	75	20.07	38.65	0.00	271.00		0.10	0.98	1.50	2.00	2.30	3.92	4.80	5.84	6.54	8.40	9.92	11.60	14.80	18.00	20.00	22.00	30.80	44.80	92.60	
09384000	0903	19410903	20150903	75	24.24	62.96	0.00	485.00		0.09	1.12	1.50	1.96	2.70	4.62	5.70	6.38	7.30	9.60	12.00	13.00	16.40	17.00	19.00	23.60	31.60	35.00	102.00	
09384000	0904	19410904	20150904	75	22.98	53.74	0.00	407.00		0.10	1.04	1.34	1.84	2.30	4.12	5.18	5.74	6.40	8.50	10.00	11.60	14.00	17.20	20.00	26.00	32.20	53.40	93.40	
09384000	0905	19410905	20150905	75	18.20	28.65	0.00	153.00		0.08	0.92	1.52	2.12	2.40	3.96	4.72	5.94	7.22	8.90	9.60	10.00	11.40	17.00	19.00	25.00	32.40	47.40	92.60	
09384000	0906	19410906	20150906	75	14.29	20.70	0.00	130.00		0.08	0.91	1.62	2.00	2.60	3.64	4.66	5.00	6.08	7.00	8.08	10.00	12.40	16.20	19.00	20.00	23.60	35.60	54.20	
09384000	0907	19410907	20150907	75	13.89	19.14	0.00	113.00		0.20	0.72	1.08	1.72	2.50	2.80	4.16	4.90	5.20	6.50	8.72	9.60	11.40	15.20	19.00	21.00	25.60	38.20	52.20	
09384000	0908	19410908	20150908	75	13.42	17.69	0.10	86.00		0.18	0.78	1.14	1.82	3.10	3.40	3.92	4.24	5.00	5.70	8.00	10.00	10.80	14.20	18.00	21.00	26.00	36.40	56.20	
09384000	0909	19410909	20150909	75	16.71	24.04	0.00	134.00		0.26	0.61	1.00	1.42	2.40	3.16	3.96	4.88	5.42	7.10	9.94	11.00	12.40	16.00	19.00	22.60	33.00	56.40	71.60	
09384000	0910	19410910	20150910	75	15.81	21.47	0.00	116.00		0.00	0.38	0.88	1.24	1.70	2.84	3.80	4.58	6.00	7.00	9.60	12.00	14.40	17.00	18.00	22.20	38.60	49.60	62.80	
09384000	0911	19410911	20150911	75	17.21	23.20	0.00	112.00		0.08	0.56	1.10	1.32	1.80	2.96	4.40	6.40	7.52	10.00	11.60	13.00	15.40	17.00	20.00	23.80	34.20	57.20	64.20	
09384000	0912	19410912	20150912	75	17.63	29.67	0.00	202.00		0.00	0.49	1.00	1.22	1.60	2.98	4.06	5.20	6.90	8.70	10.00	12.00	12.80	15.00	16.00	21.80	36.60	52.80	67.00	
09384000	0913	19410913	20150913	75	14.53	20.80	0.00	103.00		0.00	0.51	0.83	1.28	2.00	3.32	4.06	5.88	7.20	8.00	8.98	10.00	11.00	13.00	14.00	18.40	23.20	51.20	64.60	
09384000	0914	19410914	20150914	75	16.88	35.59	0.00	278.00		0.06	0.34	1.08	1.44	2.00	2.78	3.92	6.60	7.62	8.00	8.50	10.00	12.00	14.20	17.00	17.00	20.00	44.20	67.40	
09384000	0915	19410915	20150915	75	18.55	37.49	0.00	219.00		0.00	0.27	0.94	1.44	2.00	2.76	4.06	5.66	6.14	7.60	9.72	10.60	12.00	14.00	16.00	19.60	30.80	49.60	70.80	
09384000	0916	19410916	20150916	75	14.84	30.01	0.00	231.00		0.08	0.30	0.94	1.60	2.00	2.86	4.00	4.68	5.34	7.60	8.00	9.82	10.00	11.40	13.00	15.00	22.60	35.80	57.20	
09384000	0917	19410917	20150917	75	12.50	23.95	0.00	170.00		0.00	0.40	1.18	2.00	2.30	3.16	3.96	4.44	4.92	5.40	5.70	6.36	7.68	9.04	10.00	11.80	18.20	36.20	56.20	
09384000	0918	19410918	20150918	75	11.10	19.43	0.00	113.00		0.00	0.45	1.16	2.00	2.30	2.48	3.08	3.60	4.00	4.80	5.26	5.82	7.08	7.66	9.00	11.00	20.60	31.20	54.80	
09384000	0919	19410919	20150919	75	15.72	50.69	0.00	422.00		0.00	0.65	1.10	1.28	1.80	2.08	2.66	3.30	3.74	4.30	4.58	5.26	6.10	6.70	8.00	10.80	22.40	35.00	63.40	
09384000	0920	19410920	20150920	75	14.06	51.51	0.00	441.00		0.00	0.62	0.94	1.26	1.60	1.96	2.66	3.18	3.52	4.20	4.68	5.16	5.64	6.34	8.00	9.80	16.80	32.00	48.00	
09384000	0921	19410921	20150921	75	9.43	20.91	0.00	161.00		0.10	0.47	0.74	1.00	1.20	1.98	2.38	3.14	3.50	4.00	4.10	4.90	5.28	6.10	7.30	9.92	14.00	25.20	44.60	
09384000	0922	19410922	20150922	75	8.43	17.36	0.00	129.00		0.18	0.64	0.80	1.02	1.50	1.96	2.50	3.04	3.40	4.00	4.18	4.60	5.70	6.00	6.40	8.18	11.00	21.20	42.00	
09384000	0923	19410923	20150923	75	8.09	15.59	0.00	116.00		0.24	0.59	0.73	1.10	1.50	1.96	2.26	2.94	3.40	3.60	4.16	5.00	5.28	5.50	6.10	8.34	13.60	23.40	33.20	
09384000	0924	19410924	20150924	75	7.67	14.21	0.00	99.00		0.32	0.67	1.00	1.30	1.60	2.00	2.22	3.00	3.32	3.70	3.98	4.12	4.82	5.40	6.10	6.72	12.40	20.40	35.80	
09384000	0925	19410925	20150925	75	8.24	16.62	0.00	100.00		0.24	0.55	0.74	1.26	1.60	1.78	2.00	2.80	3.04	3.40	3.60	4.06	4.60	5.00	5.80	7.70	14.60	17.40	37.20	
09384000	0926	19410926	20150926	75	7.76	15.39	0.00	92.00		0.24	0.49	0.63	1.22	1.60	1.88	2.16	2.74	3.00	3.30	3.68	4.06	4.76	5.42	6.80	9.84	12.00	17.00	29.60	
09384000	0927	19410927	20150927	75	6.89	12.19	0.00	89.00		0.16	0.49	0.70	1.24	1.60	1.96	2.06	2.48	3.00	3.20	3.66	3.96	4.18	5.00	5.80	9.24	12.60	18.80	25.40	
09384000	0928	19410928	20150928	75	7.01	12.19	0.00	83.00		0.08	0.45	0.68	1.00	1.60	1.78	2.00	2.00	2.62	2.90	3.20	4.22	4.64	4.92	6.20	9.00	13.80	19.40	25.60	
09384000	0929	19410929	20150929	75	7.22	12.41	0.00	80.00		0.08	0.37	0.60	0.83	1.40	1.84	1.96	2.04	2.42	2.60	3.28	3.80	4.60	5.00	8.10	10.80	12.60	19.40	32.20	
09384000	0930	19410930	20150930	75	8.08	18.65	0.00	140.00		0.08	0.32	0.61	1.00	1.10	1.68	1.90	1.94	2.12	2.80	3.46	3.90	4.88	5.14	7.80	10.00	13.60	17.40	26.00	
09384000	1001	19401001	20151001	76	11.44	49.15	0.00	426.00		0.18	0.34	0.57	0.94	1.50	1.70	1.90	2.00	2.63	3.25	3.90	4.84	5.00	5.99	7.00	8.60	12.45	15.00	20.75	
09384000	1002	19401002	20151002	76	27.39	189.99	0.00	1660.00		0.09	0.52	0.70	0.91	1.50	1.62	1.90	2.44	2.96	3.35	3.87	4.74	5.20	5.66	7.17	8.60	11.00	12.60	18.30	
09384000	1003	19401003	20151003	76	20.08	126.98	0.00	1110.00		0.00	0.53	0.77	1.04	1.20	1.60	1.70	2.74	3.06	3.30	4.20	5.10	5.71	6.28	6.95	8.80	9.62	12.60	18.00	
09384000	1004	19401004	20151004	76	10.86	47.15	0.00	410.00		0.18	0.58	0.79	1.00	1.23	1.71	2.00	2.50	3.00	3.55	4.04	4.48	5.00	5.47	6.50	7.98	9.90	13.30	22.45	
09384000	1005	19401005	20151005	76	8.81	30.05	0.00	258.00		0.20	0.64	0.82	1.04	1.52	1.82	2.19	2.58	3.19	3.60	4.13	4.64	5.60	5.89	6.38	7.76	9.45	12.30	20.45	
09384000	1006	19401006	20151006	76	8.70	26.89	0.00	230.00		0.18	0.66	0.84	1.14	1.52	1.91	2.29	2.48	2.77	3.95	4.41	4.62	5.81	6.10	7.78	8.96	11.00	12.30	22.15	
09384000	1007	19401007	20151007	76	8.35	23.64	0.00	200.00		0.10	0.50	0.93	1.28	1.60	2.00	2.19	2.46	2.96	3.80	4.40	5.04	5.52	6.09	7.67	8.64	9.69	11.60	24.50	
09384000	1008	19401008	20151008	76	7.84	22.28	0.00	190.00		0.18	0.53	1.01	1.28	1.80	2.00	2.10	2.58	3.06	3.30	4.11	4.84	6.03	6.79	7.00	8.46	9.67	11.00	22.15	
09384000	1009	19401009	20151009	76	7.11	17.86	0.00	150.00		0.28	0.76	0.95	1.34	1.80	2.00	2.19	2.60	3.23	3.65	4.54	4.64	5.30	5.99	6.97	7.32	9.00	10.30	22.15	
09384000	1010	19401010	20151010	76	6.28	13.69	0.00	112.00		0.10	0.82	1.11	1.50	1.80	1.82	2.10	2.50	3.27	3.60	4.13	4.60	5.00	5.79	6.70	7.38	8.49	9.15	13.65	
09384000	1011	19401011	20151011	76	6.20	12.18	0.00	99.00		0.26	0.87	1.31	1.58	1.82	2.01	2.29	2.76	2.96	3.30	4.00	4.60	5.13	6.35	6.90	7.84	8.59	9.88	14.50	
09384000	1012	19401012	20151012	76	6.08	10.88	0.00	88.00		0.28	0.97	1.16	1.54	1.90	2.00	2.19	2.50	3.06	3.45	4.04	4.24	5.03	5.99	6.62	7.66	8.89	11.30	20.45	
09384000	1013	19401013	20151013	76	5.84	10.32	0.00	84.00		0.17	0.75	1.16	1.50	1.73	2.00	2.20	2.60	2.96	3.30	3.87	4.22	5.00	5.60	6.55	7.62	8.49	9.93	18.15	
09384000	1014	19401014	20141014	75	5.60	10.47	0.00	85.00		0.18	0.90	1.20	1.30	1.80	1.98	2.16	2.80	3.00	3.00	3.26	3.64	4.38	5.22	5.80	6.58	8.00	9.92	20.20	
09384000	1015	19401015	20141015	75	5.48	10.15	0.00	83.00		0.18	0.80	1.00	1.32	1.70	2.00	2.06	2.80	2.90	3.10	3.70	4.00	4.10	4.80	5.30	6.36	8.00	9.80	16.60	
09384000	1016	19401016	20141016	75	5.60	9.90	0.00	80.00		0.44	0.76	1.14	1.52	1.60	1.96	2.26	2.50	2.90	3.30	3.80	4.00	4.10	4.72	5.50	6.10	8.60	12.40	19.40	
09384000	1017	19401017	20141017	75	5.75	9.67	0.00	78.00		0.47	0.70	1.48	1.72	1.90	2.00	2.36	2.74	3.02	3.40	3.68	4.06	4.34	4.74	5.80	7.12	9.00	13.40	19.20	
09384000	1018	19401018	20141018	75	5.67	9.29	0.00	76.00		0.55	0.80	1.44	1.72	2.00	2.38	2.50	2.84	3.10	3.40	3.68	4.00	4.68	5.04	5.70	7.46	9.00	11.40	16.60	
09384000	1019	19401019	20141019	75	5.73	9.36	0.00	77.00		0.47	0.92	1.44	1.90	2.00	2.28	2.46	2.82	3.30	3.40	3.58	3.86	4.30	6.02	6.80	7.28	9.16	12.00	15.60	
09384000	1020	19401020	20141020	75	8.48	23.74	0.00	157.00		0.68	0.92	1.28	1.70	2.00	2.18	2.36	2.80	3.30	3.50	3.60	4.00	4.26	5.18	6.70	8.06	9.84	12.00	19.20	
09384000	1021	19401021	20141021	75	8.81	26.23	0.00	180.00		0.50	0.92	1.44	1.72	1.90	2.10	2.72	3.08	3.22	3.50	3.70	3.96	4.18	5.08	6.70	7.36	9.42	11.40	19.00	
09384000	1022	19401022	20141022	75	6.94	15.18	0.00	111.00		0.51	0.98	1.34	1.62	2.00	2.38	3.00	3.04	3.22	3.60	3.90	4.42	4.78	5.06	5.80	7.08	8.44	11.00	19.20	
09384000	1023	19401023	20141023	75	6.72	12.51	0.00	94.00		0.44	1.02	1.48	1.82	2.00	2.08	2.80	3.00	3.16	3.80	4.00	4.32	4.74	5.36	6.90	8.00	9.66	11.00	19.60	
09384000	1024	19401024	20141024	75	6.48	11.15	0.00	85.00		0.51	0.80	1.40	1.62	1.90	2.00	2.68	3.00	3.24	3.80	4.00	4.28	5.00	5.42	7.00	7.98	9.54	12.40	22.40	
09384000	1025	19401025	20141025	75	6.57	10.93	0.00	81.00		0.44	0.88	1.34	1.80	2.00	2.08	2.72	3.00	3.60	3.60	3.98	4.10	4.88	5.64	6.90	8.68	10.00	14.40	20.60	
09384000	1026	19401026	20141026	75	6.91	11.60	0.00	77.00		0.67	0.92	1.48	1.84	2.00	2.30	2.90	3.00	3.30	3.60	3.88	4.06	5.00	5.34	6.90	8.68	9.84	14.80	25.20	
09384000	1027	19401027	20141027	75	6.98	11.49	0.00	75.00		0.69	0.86	1.32	1.82	2.10	2.28	2.76	3.08	3.60	4.00	4.18	4.62	5.00	5.42	6.90	8.36	10.00	13.80	30.80	
09384000	1028	19401028	20141028	75	7.05	11.18	0.20	72.00		0.66	0.98	1.48	1.82	2.00	2.48	2.80	3.36	3.92	4.10	4.38	4.74	5.34	6.10	6.80	8.04	9.88	13.00	36.20	
09384000	1029	19401029	20141029	75	7.20	10.96	0.30	72.00		0.68	1.36	1.94	2.00	2.40	2.58	3.00	3.22	3.82	4.20	4.48	4.92	5.24	6.02	7.40	8.98	11.00	12.40	34.00	
09384000	1030	19401030	20141030	75	7.21	10.62	0.30	70.00		0.70	1.46	1.82	2.02	2.40	2.80	3.06	3.34	3.80	4.00	4.50	4.70	5.36	6.24	7.80	8.94	11.00	12.80	30.00	
09384000	1031	19401031	20141031	75	7.28	10.36	0.30	70.00		0.68	1.50	2.00	2.12	2.50	2.78	3.20	3.60	3.84	4.10	4.56	5.00	5.60	6.44	7.80	8.76	11.00	15.60	27.40	
09384000	1101	19401101	20141101	75	7.12	9.60	0.30	65.00		0.94	1.46	1.84	2.14	2.40	2.80	3.00	3.50	3.92	4.10	4.56	5.00	5.58	6.50	8.10	8.82	10.60	15.20	26.00	
09384000	1102	19401102	20141102	75	7.02	8.66	0.30	58.00		0.78	1.46	1.88	2.02	2.40	2.96	3.34	3.90	4.02	4.40	4.88	5.00	5.64	6.60	7.80	9.18	13.20	15.00	24.20	
09384000	1103	19401103	20141103	75	7.00	8.72	0.44	56.00		0.70	1.40	1.94	2.10	2.20	2.68	3.00	3.48	4.02	4.20	4.78	5.06	5.94	6.72	8.00	9.16	11.60	15.40	26.00	
09384000	1104	19401104	20141104	75	7.08	8.75	0.43	50.00		0.68	1.46	1.78	2.00	2.20	2.56	3.00	3.50	4.22	4.50	4.98	5.42	6.40	7.08	8.00	8.98	11.00	15.00	27.20	
09384000	1105	19401105	20141105	75	6.69	7.57	0.50	42.00		0.68	1.46	1.70	2.00	2.20	2.60	2.90	3.60	4.02	4.50	4.78	5.22	6.26	6.92	8.00	9.80	11.00	14.40	26.60	
09384000	1106	19401106	20141106	75	6.55	7.15	0.40	40.00		0.78	1.56	1.80	2.00	2.30	2.76	3.06	3.44	3.76	4.30	4.78	5.42	5.94	6.60	8.00	10.00	11.00	12.40	25.20	
09384000	1107	19401107	20141107	75	6.69	7.18	0.40	36.00		0.89	1.70	1.90	2.00	2.30	2.90	3.00	3.54	3.92	4.40	4.86	5.22	5.98	6.78	8.00	9.60	11.00	13.60	25.60	
09384000	1108	19401108	20141108	75	6.84	7.09	0.40	34.00		0.88	1.66	1.84	2.10	2.30	2.88	3.12	3.40	3.84	4.30	4.78	5.26	6.06	8.00	8.40	9.84	11.00	15.40	25.00	
09384000	1109	19401109	20141109	75	6.89	7.20	0.30	35.00		0.78	1.60	1.74	2.00	2.40	2.86	3.26	3.54	3.92	4.30	4.86	5.34	6.84	8.00	8.60	9.86	11.00	15.00	26.40	
09384000	1110	19401110	20141110	75	6.73	6.77	0.30	35.00		0.84	1.32	1.74	2.12	2.60	3.00	3.12	3.78	4.14	4.40	4.78	5.34	6.16	7.32	8.80	10.00	11.60	15.00	23.20	
09384000	1111	19401111	20141111	75	6.47	6.52	0.30	36.00		0.94	1.32	1.74	2.04	2.80	2.98	3.24	3.84	4.30	4.40	4.70	5.32	5.80	6.72	8.00	9.44	10.60	14.40	22.40	
09384000	1112	19401112	20141112	75	7.77	14.40	0.30	119.00		0.94	1.40	1.74	2.06	2.60	2.88	3.26	3.60	4.00	4.40	4.90	5.42	6.18	6.82	8.00	8.90	11.00	15.40	25.20	
09384000	1113	19401113	20141113	75	8.80	23.95	0.40	207.00		0.92	1.50	1.74	2.06	2.60	3.00	3.26	3.54	3.84	4.20	4.86	5.18	6.10	6.70	8.00	8.78	9.96	14.80	24.80	
09384000	1114	19401114	20141114	75	7.37	12.67	0.30	104.00		0.93	1.56	1.94	2.08	2.80	2.98	3.32	3.74	4.22	4.40	4.80	5.54	6.10	6.50	7.20	8.52	9.88	14.20	24.00	
09384000	1115	19401115	20141115	75	6.86	8.44	0.30	62.00		0.93	1.50	1.88	2.52	2.90	3.00	3.36	3.80	4.14	4.60	5.00	5.58	5.94	7.40	8.00	8.90	9.84	13.60	22.80	
09384000	1116	19401116	20141116	75	6.84	7.50	0.30	47.00		0.94	1.50	1.80	2.28	2.90	3.00	3.56	3.80	4.02	4.40	5.00	5.74	6.12	7.80	8.20	8.88	10.60	13.00	25.60	
09384000	1117	19401117	20141117	75	7.03	7.46	0.20	44.00		1.10	1.50	1.94	2.24	2.70	2.98	3.62	3.80	4.20	4.60	5.08	6.00	6.38	8.00	8.20	9.20	11.00	13.60	27.20	
09384000	1118	19401118	20141118	75	6.99	7.37	0.20	40.00		0.96	1.50	2.00	2.20	2.60	2.98	3.50	3.72	4.10	4.80	5.30	6.12	6.80	7.68	8.20	9.48	11.00	13.80	26.20	
09384000	1119	19401119	20141119	75	7.73	12.35	0.10	98.00		0.96	1.56	2.00	2.14	2.40	2.90	3.32	3.68	4.12	4.80	5.38	6.00	6.48	7.56	8.80	9.48	10.60	13.60	27.20	
09384000	1120	19401120	20141120	75	7.69	13.04	0.10	107.00		0.96	1.62	2.00	2.02	2.40	2.96	3.58	3.90	4.22	4.80	5.30	5.84	6.28	7.32	8.00	9.00	11.00	13.20	25.80	
09384000	1121	19401121	20141121	75	7.57	11.49	0.10	91.00		0.96	1.62	1.94	2.20	2.40	3.00	3.30	4.00	4.20	4.70	5.16	6.06	6.84	7.84	8.00	9.40	10.60	14.40	25.20	
09384000	1122	19401122	20141122	75	7.47	10.23	0.10	79.00		1.04	1.50	1.84	2.10	2.80	3.18	3.56	4.00	4.12	4.80	5.16	6.00	6.90	7.44	8.80	9.84	11.00	14.40	24.40	
09384000	1123	19401123	20141123	75	7.27	8.33	0.10	59.00		1.20	1.66	2.00	2.12	2.60	2.98	3.68	4.04	4.22	4.90	5.26	5.92	6.78	8.00	8.80	10.00	11.60	15.20	24.20	
09384000	1124	19401124	20141124	75	7.31	7.52	0.10	42.00		1.28	1.60	2.04	2.26	2.70	3.08	3.76	4.00	4.12	4.70	5.42	6.16	6.70	7.16	8.00	10.00	11.60	19.40	24.60	
09384000	1125	19401125	20141125	75	8.00	8.41	0.10	40.00		1.12	1.76	2.10	2.32	3.00	3.18	3.76	4.00	4.48	5.30	6.00	6.40	7.00	7.52	8.90	11.00	14.60	21.40	27.60	
09384000	1126	19401126	20141126	75	8.09	9.02	0.20	46.00		1.32	1.70	2.04	2.60	2.60	3.00	3.82	4.00	4.12	4.80	5.08	6.06	6.94	7.56	8.20	11.80	14.60	23.00	31.00	
09384000	1127	19401127	20141127	75	7.75	8.39	0.20	49.00		1.34	1.86	2.14	2.44	2.70	3.00	3.46	4.00	4.32	5.00	5.26	5.92	6.94	7.16	9.00	11.00	14.60	20.40	24.00	
09384000	1128	19401128	20141128	75	7.56	7.60	0.20	37.00		1.34	1.76	2.02	2.32	2.70	3.00	3.62	4.00	4.44	4.80	5.24	6.42	7.00	7.80	8.80	10.64	14.60	18.00	24.60	
09384000	1129	19401129	20141129	75	7.37	7.14	0.30	34.00		1.42	1.86	2.00	2.44	3.00	3.00	3.42	4.20	4.50	4.60	5.08	6.80	7.00	7.56	8.20	10.72	13.60	18.40	23.60	
09384000	1130	19401130	20141130	75	7.32	6.65	0.30	33.00		1.46	2.08	2.34	2.80	3.00	3.00	3.30	4.00	4.42	4.70	5.28	6.92	7.44	8.00	8.70	10.00	14.20	17.40	24.00	
09384000	1201	19401201	20141201	75	7.26	6.33	0.30	30.00		1.50	2.20	2.60	2.84	3.00	3.08	3.66	4.08	4.72	5.00	5.80	6.80	7.24	7.80	8.00	9.92	14.20	17.00	22.20	
09384000	1202	19401202	20141202	75	7.28	6.18	0.40	35.00		1.48	2.20	2.48	2.82	3.10	3.46	3.80	4.28	4.70	4.70	5.70	7.00	7.68	8.00	8.80	10.80	13.20	17.00	20.20	
09384000	1203	19401203	20141203	75	7.60	6.85	0.40	41.00		1.70	2.26	2.60	2.84	3.30	3.66	4.00	4.44	5.02	5.30	5.96	7.00	7.14	8.20	10.00	11.00	12.00	17.00	23.20	
09384000	1204	19401204	20141204	75	7.68	7.11	0.50	43.00		1.84	2.36	2.64	2.84	3.40	3.78	4.12	4.54	5.02	5.60	6.00	6.54	7.24	7.92	9.00	11.00	12.00	16.40	24.00	
09384000	1205	19401205	20141205	75	7.63	6.81	0.50	38.00		1.96	2.36	2.70	2.92	3.10	3.88	4.46	4.50	5.00	5.30	5.64	6.48	7.16	8.00	8.50	11.00	14.60	17.00	23.00	
09384000	1206	19401206	20141206	75	7.41	6.02	0.50	29.00		1.96	2.20	2.50	2.90	3.20	3.50	4.00	4.54	5.10	5.60	5.98	6.90	7.44	8.00	8.50	10.80	13.60	16.00	22.40	
09384000	1207	19401207	20141207	75	7.73	6.56	0.50	33.00		1.88	2.46	2.84	3.10	3.30	3.90	4.24	4.66	5.08	5.60	6.18	7.34	8.00	8.00	8.60	10.80	13.60	16.20	24.60	
09384000	1208	19401208	20141208	75	7.83	6.96	0.10	34.00		1.56	2.46	2.90	3.00	3.30	3.86	4.06	4.44	5.30	5.60	6.46	7.00	7.42	8.00	8.50	12.00	13.60	15.80	27.80	
09384000	1209	19401209	20141209	75	7.51	6.28	0.10	32.00		1.48	2.46	2.94	3.12	3.70	3.98	4.16	4.50	5.00	5.60	6.00	7.00	7.48	8.00	9.60	11.80	12.60	15.00	25.20	
09384000	1210	19401210	20141210	75	7.75	6.37	0.20	31.00		1.94	2.42	3.00	3.14	3.50	3.68	4.20	4.44	5.22	5.60	5.98	7.00	7.84	8.34	9.60	11.00	13.60	16.80	22.60	
09384000	1211	19401211	20141211	75	7.63	5.93	0.60	29.00		1.66	2.42	3.04	3.42	3.60	3.98	4.40	5.00	5.14	5.60	6.32	7.12	7.62	9.02	10.00	10.80	12.00	16.40	20.60	
09384000	1212	19401212	20141212	75	7.60	6.08	0.70	30.00		1.48	2.46	3.00	3.42	3.60	4.00	4.36	4.74	5.00	5.40	6.38	6.78	7.76	8.64	9.00	10.00	12.00	17.80	21.20	
09384000	1213	19401213	20141213	75	7.63	5.99	0.70	28.00		1.66	2.52	3.12	3.52	3.80	4.00	4.40	5.00	5.00	5.50	6.36	6.88	7.34	8.00	9.00	10.80	12.60	18.00	20.60	
09384000	1214	19401214	20141214	75	7.62	6.34	1.00	31.00		2.28	2.66	3.08	3.50	3.70	4.00	4.36	4.54	5.00	5.30	6.24	6.62	7.00	8.00	8.80	9.84	12.60	17.00	22.40	
09384000	1215	19401215	20141215	75	7.49	6.30	1.00	30.00		2.32	2.72	3.00	3.20	3.50	4.00	4.22	4.50	5.02	5.30	5.50	6.00	7.00	8.00	8.80	9.96	12.00	16.00	25.20	
09384000	1216	19401216	20141216	75	7.69	6.73	1.10	34.00		2.22	2.88	3.04	3.32	3.80	3.98	4.18	4.74	5.00	5.30	5.50	6.48	7.16	8.06	9.00	10.00	11.60	16.00	25.60	
09384000	1217	19401217	20141217	75	8.13	6.93	1.10	33.00		2.20	2.60	3.08	3.52	3.80	4.08	4.42	4.76	5.04	5.50	5.96	6.76	8.00	8.64	10.00	11.00	13.00	18.80	25.60	
09384000	1218	19401218	20141218	75	11.44	28.81	1.10	250.00		2.28	2.66	3.08	3.50	3.90	4.00	4.42	5.00	5.30	5.70	6.80	7.12	8.00	9.00	10.00	12.00	14.00	19.20	28.20	
09384000	1219	19401219	20141219	75	10.75	23.19	0.80	200.00		2.06	2.80	3.00	3.60	4.00	4.10	4.56	5.00	5.30	5.60	6.18	7.48	8.04	9.00	10.00	12.00	14.60	18.80	28.80	
09384000	1220	19401220	20141220	75	10.04	17.79	1.10	150.00		2.04	2.60	3.08	3.60	4.00	4.08	4.52	4.78	5.22	5.60	6.08	7.00	8.00	9.10	10.00	12.00	14.00	17.60	28.80	
09384000	1221	19401221	20141221	75	9.66	14.80	1.40	121.00		2.12	2.80	3.00	3.64	4.00	4.20	4.56	5.00	5.06	5.60	6.42	7.00	8.00	8.60	10.00	11.80	13.00	19.40	29.80	
09384000	1222	19401222	20141222	75	9.63	13.59	1.40	107.00		1.96	2.86	3.04	3.64	4.00	4.28	4.50	5.00	5.34	5.80	6.16	7.12	8.00	8.44	10.00	12.00	13.60	19.00	33.00	
09384000	1223	19401223	20141223	75	9.51	12.48	1.10	92.00		1.66	2.86	3.00	3.52	3.80	4.10	4.50	4.88	5.50	5.50	6.00	7.36	8.00	8.68	10.00	12.00	13.60	17.60	30.80	
09384000	1224	19401224	20141224	75	9.73	12.31	1.00	71.00		1.50	2.78	3.12	3.52	3.70	4.08	4.30	4.82	5.00	5.50	6.00	7.00	8.00	9.52	10.00	12.00	15.00	20.00	42.60	
09384000	1225	19401225	20141225	75	10.07	13.23	1.00	75.00		1.94	2.56	3.00	3.60	4.00	4.10	4.38	5.00	5.50	5.90	6.00	7.00	7.54	9.10	10.00	12.00	14.20	21.20	43.00	
09384000	1226	19401226	20141226	75	10.42	14.13	1.00	79.00		2.02	2.56	3.00	3.44	4.00	4.28	4.52	5.08	5.50	5.80	6.00	7.00	7.88	9.20	10.00	11.80	15.00	22.80	41.80	
09384000	1227	19401227	20141227	75	10.56	16.18	1.00	110.00		1.98	2.68	3.00	3.42	3.80	4.08	4.56	5.08	5.56	6.00	6.60	7.00	8.12	8.74	10.00	11.80	13.20	20.40	40.20	
09384000	1228	19401228	20141228	75	11.64	21.03	1.10	147.00		2.04	2.56	3.08	3.32	4.00	4.30	4.60	5.32	5.68	6.00	6.86	7.00	7.34	8.64	10.00	12.00	12.60	20.00	55.20	
09384000	1229	19401229	20141229	75	11.49	18.29	1.10	121.00		2.10	2.68	3.04	3.50	4.00	4.40	4.76	5.32	6.00	6.00	6.94	7.06	8.00	9.00	9.70	11.80	13.60	23.80	54.00	
09384000	1230	19401230	20141230	75	11.93	17.02	1.40	95.00		2.08	3.00	3.00	3.50	4.20	4.58	4.92	5.08	6.00	6.40	6.98	7.06	8.00	8.92	10.00	13.80	18.00	27.00	61.20	
09384000	1231	19401231	20141231	75	11.71	15.78	1.60	75.00		2.16	2.78	3.04	3.34	4.00	4.20	5.00	5.50	5.82	6.00	6.94	7.42	8.04	9.20	11.00	13.80	16.60	25.60	63.00	
