site_no	monthday	begin_dt	end_dt	count_nu	mean	std	min	max	p01	p05	p10	p15	p20	p25	p30	p35	p40	p45	p50	p55	p60	p65	p70	p75	p80	p85	p90	p95	p99
11274500	ALL	19320401	20151006	30504	16.52	108.75	0.00	4550.00	0.00	0.00	0.00	0.00	0.00	0.00	0.00	0.00	0.00	0.00	0.00	0.00	0.00	0.00	0.00	0.20	2.00	6.40	18.00	55.00	360.95
11274500	0101	19330101	20150101	83	31.83	149.79	0.00	1330.00		0.00	0.00	0.00	0.00	0.00	0.00	0.00	0.00	0.00	0.00	0.00	0.00	0.00	0.00	3.10	15.40	36.80	74.00	152.00	
11274500	0102	19330102	20150102	83	43.56	222.29	0.00	1940.00		0.00	0.00	0.00	0.00	0.00	0.00	0.00	0.00	0.00	0.00	0.00	0.00	0.00	1.07	7.80	16.60	42.00	59.60	120.00	
11274500	0103	19330103	20150103	83	28.60	108.59	0.00	857.00		0.00	0.00	0.00	0.00	0.00	0.00	0.00	0.00	0.00	0.00	0.00	0.00	0.00	0.83	10.00	18.00	22.20	39.00	223.40	
11274500	0104	19330104	20150104	83	26.11	112.94	0.00	983.00		0.00	0.00	0.00	0.00	0.00	0.00	0.00	0.00	0.00	0.00	0.00	0.00	0.00	2.60	8.20	12.60	24.40	75.80	101.00	
11274500	0105	19330105	20150105	83	37.58	213.64	0.00	1930.00		0.00	0.00	0.00	0.00	0.00	0.00	0.00	0.00	0.00	0.00	0.00	0.00	0.00	3.70	8.10	11.40	36.40	49.60	124.40	
11274500	0106	19330106	20150106	83	18.20	54.17	0.00	359.00		0.00	0.00	0.00	0.00	0.00	0.00	0.00	0.00	0.00	0.00	0.00	0.00	0.00	1.42	6.80	11.00	26.80	33.20	159.60	
11274500	0107	19330107	20150107	83	19.55	58.27	0.00	334.00		0.00	0.00	0.00	0.00	0.00	0.00	0.00	0.00	0.00	0.00	0.00	0.00	0.00	2.31	7.60	13.40	16.40	62.00	165.00	
11274500	0108	19330108	20150108	83	21.20	73.07	0.00	546.00		0.00	0.00	0.00	0.00	0.00	0.00	0.00	0.00	0.00	0.00	0.00	0.00	0.04	2.58	7.00	12.20	21.80	45.60	126.20	
11274500	0109	19330109	20150109	83	18.99	63.90	0.00	515.00		0.00	0.00	0.00	0.00	0.00	0.00	0.00	0.00	0.00	0.00	0.00	0.00	0.20	5.48	8.20	11.20	25.20	64.80	108.00	
11274500	0110	19330110	20150110	83	30.99	119.35	0.00	952.00		0.00	0.00	0.00	0.00	0.00	0.00	0.00	0.00	0.00	0.00	0.00	0.00	2.82	5.48	8.70	19.00	41.00	55.00	173.20	
11274500	0111	19330111	20150111	83	29.66	100.08	0.00	526.00		0.00	0.00	0.00	0.00	0.00	0.00	0.00	0.00	0.00	0.00	0.00	0.00	2.36	4.90	7.20	15.00	38.40	49.60	272.60	
11274500	0112	19330112	20150112	83	37.48	170.34	0.00	1450.00		0.00	0.00	0.00	0.00	0.00	0.00	0.00	0.00	0.00	0.00	0.00	0.00	0.66	4.76	7.10	17.20	31.80	51.00	253.80	
11274500	0113	19330113	20150113	83	48.09	231.68	0.00	1990.00		0.00	0.00	0.00	0.00	0.00	0.00	0.00	0.00	0.00	0.00	0.00	0.00	0.36	3.92	6.00	15.80	33.00	48.00	245.60	
11274500	0114	19330114	20150114	83	47.68	189.20	0.00	1160.00		0.00	0.00	0.00	0.00	0.00	0.00	0.00	0.00	0.00	0.00	0.00	0.00	0.86	4.04	7.10	19.00	30.80	67.20	194.80	
11274500	0115	19330115	20150115	83	40.82	149.86	0.00	949.00		0.00	0.00	0.00	0.00	0.00	0.00	0.00	0.00	0.00	0.00	0.00	0.00	1.80	4.06	7.20	20.40	28.00	82.00	281.20	
11274500	0116	19330116	20150116	83	46.40	174.56	0.00	1400.00		0.00	0.00	0.00	0.00	0.00	0.00	0.00	0.00	0.00	0.00	0.00	0.00	1.58	4.30	8.00	14.80	43.40	82.00	369.60	
11274500	0117	19330117	20150117	83	45.91	188.74	0.00	1510.00		0.00	0.00	0.00	0.00	0.00	0.00	0.00	0.00	0.00	0.00	0.00	0.00	1.62	4.04	7.00	16.20	33.80	66.60	327.80	
11274500	0118	19330118	20150118	83	24.35	74.42	0.00	539.00		0.00	0.00	0.00	0.00	0.00	0.00	0.00	0.00	0.00	0.00	0.00	0.00	1.68	4.48	8.70	18.20	26.80	68.60	174.80	
11274500	0119	19330119	20150119	83	41.85	155.54	0.00	1220.00		0.00	0.00	0.00	0.00	0.00	0.00	0.00	0.00	0.00	0.00	0.00	0.88	2.70	5.94	11.00	21.20	48.40	75.00	241.60	
11274500	0120	19330120	20150120	83	43.23	184.37	0.00	1520.00		0.00	0.00	0.00	0.00	0.00	0.00	0.00	0.00	0.00	0.00	0.00	0.68	2.88	5.78	16.00	23.20	53.00	72.60	148.00	
11274500	0121	19330121	20150121	83	52.61	177.60	0.00	1010.00		0.00	0.00	0.00	0.00	0.00	0.00	0.00	0.00	0.00	0.00	0.00	0.60	2.82	7.90	14.00	24.60	51.40	94.20	278.60	
11274500	0122	19330122	20150122	83	70.38	208.28	0.00	1050.00		0.00	0.00	0.00	0.00	0.00	0.00	0.00	0.00	0.00	0.00	0.17	2.04	4.28	9.90	14.00	28.40	55.20	225.20	717.80	
11274500	0123	19330123	20150123	83	55.13	211.94	0.00	1770.00		0.00	0.00	0.00	0.00	0.00	0.00	0.00	0.00	0.00	0.00	0.22	1.90	5.40	9.74	14.00	25.60	52.60	136.20	360.00	
11274500	0124	19330124	20150124	83	85.18	328.34	0.00	2460.00		0.00	0.00	0.00	0.00	0.00	0.00	0.00	0.00	0.00	0.00	0.08	1.27	5.06	9.78	15.00	24.80	99.80	195.20	435.60	
11274500	0125	19330125	20150125	83	100.86	313.17	0.00	2060.00		0.00	0.00	0.00	0.00	0.00	0.00	0.00	0.00	0.00	0.00	0.77	3.14	7.72	9.40	13.00	36.20	114.40	335.60	643.20	
11274500	0126	19330126	20150126	83	79.84	252.25	0.00	1540.00		0.00	0.00	0.00	0.00	0.00	0.00	0.00	0.00	0.00	0.00	0.82	3.80	7.04	8.36	14.00	41.40	119.40	236.20	389.40	
11274500	0127	19330127	20150127	83	67.81	236.60	0.00	1870.00		0.00	0.00	0.00	0.00	0.00	0.00	0.00	0.00	0.00	0.00	0.31	2.32	6.00	7.98	14.00	43.60	90.80	172.80	427.20	
11274500	0128	19330128	20150128	83	40.15	107.62	0.00	655.00		0.00	0.00	0.00	0.00	0.00	0.00	0.00	0.00	0.00	0.00	0.36	1.84	5.42	7.18	13.00	29.20	54.40	135.20	322.80	
11274500	0129	19330129	20150129	83	31.41	80.39	0.00	601.00		0.00	0.00	0.00	0.00	0.00	0.00	0.00	0.00	0.00	0.00	0.68	3.10	6.28	12.40	17.00	44.80	79.00	103.00	185.40	
11274500	0130	19330130	20150130	83	38.90	124.71	0.00	800.00		0.00	0.00	0.00	0.00	0.00	0.00	0.00	0.00	0.00	0.00	1.50	3.34	6.00	9.92	19.00	36.20	61.40	100.60	143.40	
11274500	0131	19330131	20150131	83	48.47	169.82	0.00	1330.00		0.00	0.00	0.00	0.00	0.00	0.00	0.00	0.00	0.00	0.32	3.12	5.44	8.06	10.80	19.00	46.00	61.60	76.20	283.00	
11274500	0201	19330201	20150201	83	60.69	243.58	0.00	2090.00		0.00	0.00	0.00	0.00	0.00	0.00	0.00	0.00	0.00	0.40	3.12	5.38	7.96	13.20	21.00	48.00	56.80	138.40	318.60	
11274500	0202	19330202	20150202	83	75.80	345.01	0.00	2550.00		0.00	0.00	0.00	0.00	0.00	0.00	0.00	0.00	0.00	0.99	2.60	4.92	7.04	13.40	22.00	44.20	59.20	95.60	236.40	
11274500	0203	19330203	20150203	83	96.24	520.52	0.00	4550.00		0.00	0.00	0.00	0.00	0.00	0.00	0.00	0.00	0.00	1.00	3.02	4.70	7.36	11.00	27.00	46.80	61.20	102.60	175.40	
11274500	0204	19330204	20150204	83	44.70	139.81	0.00	828.00		0.00	0.00	0.00	0.00	0.00	0.00	0.00	0.00	0.00	2.30	3.98	5.50	8.48	13.20	21.00	44.00	56.00	93.00	188.00	
11274500	0205	19330205	20150205	83	37.97	99.74	0.00	697.00		0.00	0.00	0.00	0.00	0.00	0.00	0.00	0.00	0.78	2.50	5.16	7.32	11.68	19.40	28.00	41.00	62.00	98.00	224.40	
11274500	0206	19330206	20150206	83	53.23	138.57	0.00	686.00		0.00	0.00	0.00	0.00	0.00	0.00	0.00	0.00	0.70	2.20	4.40	6.44	13.00	20.80	28.00	42.40	64.00	144.80	457.40	
11274500	0207	19330207	20150207	83	73.47	290.31	0.00	2440.00		0.00	0.00	0.00	0.00	0.00	0.00	0.00	0.00	0.70	2.00	4.00	6.54	8.00	16.60	30.00	36.20	48.20	175.20	398.20	
11274500	0208	19330208	20150208	83	71.21	254.21	0.00	1880.00		0.00	0.00	0.00	0.00	0.00	0.00	0.00	0.00	1.26	2.30	3.68	5.82	13.60	20.80	29.00	34.00	57.00	168.60	451.60	
11274500	0209	19330209	20150209	83	83.19	258.33	0.00	1740.00		0.00	0.00	0.00	0.00	0.00	0.00	0.00	0.41	1.68	3.10	5.86	10.80	17.20	24.00	30.00	49.20	121.60	176.20	425.00	
11274500	0210	19330210	20150210	83	67.54	174.46	0.00	1100.00		0.00	0.00	0.00	0.00	0.00	0.00	0.00	0.33	1.36	2.90	5.82	11.00	14.60	19.80	28.00	51.40	124.20	231.20	435.60	
11274500	0211	19330211	20150211	83	67.75	237.19	0.00	1780.00		0.00	0.00	0.00	0.00	0.00	0.00	0.00	0.45	1.46	2.70	6.86	9.34	15.00	18.40	26.00	35.80	59.40	148.60	320.00	
11274500	0212	19330212	20150212	83	57.77	143.93	0.00	770.00		0.00	0.00	0.00	0.00	0.00	0.00	0.38	2.06	3.72	6.40	8.74	13.00	15.20	22.40	28.00	42.60	76.80	212.60	399.00	
11274500	0213	19330213	20150213	83	73.06	155.58	0.00	630.00		0.00	0.00	0.00	0.00	0.00	0.00	0.62	1.84	3.52	6.30	8.46	11.40	15.20	20.40	28.00	69.20	171.20	384.20	488.80	
11274500	0214	19330214	20150214	83	91.64	250.78	0.00	1470.00		0.00	0.00	0.00	0.00	0.00	0.00	0.24	2.72	3.38	4.80	8.80	10.00	13.60	18.80	27.00	45.20	172.20	279.20	713.60	
11274500	0215	19330215	20150215	83	82.18	203.87	0.00	1080.00		0.00	0.00	0.00	0.00	0.00	0.00	0.75	2.28	3.14	6.80	9.84	11.40	16.60	25.80	34.00	77.20	126.60	307.00	485.80	
11274500	0216	19330216	20150216	83	112.46	311.08	0.00	1930.00		0.00	0.00	0.00	0.00	0.00	0.00	0.18	1.74	3.84	5.80	8.36	11.00	13.80	19.80	39.00	83.20	172.80	384.60	690.60	
11274500	0217	19330217	20150217	83	88.29	295.60	0.00	1860.00		0.00	0.00	0.00	0.00	0.00	0.00	0.88	2.52	4.04	5.50	9.52	12.00	13.00	20.80	39.00	62.60	128.80	202.40	420.20	
11274500	0218	19330218	20150218	83	105.88	370.64	0.00	2720.00		0.00	0.00	0.00	0.00	0.00	0.00	0.61	2.88	4.10	5.00	8.24	11.40	13.60	23.20	38.00	95.00	145.40	244.00	449.40	
11274500	0219	19330219	20150219	83	152.63	470.13	0.00	2790.00		0.00	0.00	0.00	0.00	0.00	0.00	0.29	3.04	3.50	5.00	9.04	11.40	15.20	20.40	37.00	75.20	164.00	294.80	1414.60	
11274500	0220	19330220	20150220	83	89.75	241.19	0.00	1350.00		0.00	0.00	0.00	0.00	0.00	0.00	2.20	2.96	3.68	4.50	8.68	12.00	16.60	21.80	24.00	60.20	107.40	269.00	689.60	
11274500	0221	19330221	20150221	83	100.96	295.50	0.00	2070.00		0.00	0.00	0.00	0.00	0.00	0.00	1.76	2.72	3.50	4.50	8.56	12.00	16.60	21.60	36.00	67.00	129.20	346.60	725.60	
11274500	0222	19330222	20150222	83	73.55	168.83	0.00	895.00		0.00	0.00	0.00	0.00	0.00	0.00	0.90	2.30	3.10	4.00	8.12	13.40	16.60	19.80	34.00	59.80	141.20	323.60	505.00	
11274500	0223	19330223	20150223	83	64.46	141.86	0.00	826.00		0.00	0.00	0.00	0.00	0.00	0.00	1.08	2.44	3.38	4.80	8.60	11.40	16.80	28.80	34.00	57.60	177.80	250.00	349.80	
11274500	0224	19330224	20150224	83	68.87	188.77	0.00	1530.00		0.00	0.00	0.00	0.00	0.00	0.00	1.12	2.06	3.34	4.50	9.28	15.60	25.00	37.20	68.00	104.20	156.20	203.80	228.00	
11274500	0225	19330225	20150225	83	79.04	174.60	0.00	1060.00		0.00	0.00	0.00	0.00	0.00	0.00	0.96	1.66	3.36	6.10	9.60	17.80	24.00	46.60	76.00	102.20	164.20	208.80	500.00	
11274500	0226	19330226	20150226	83	63.06	138.83	0.00	818.00		0.00	0.00	0.00	0.00	0.00	0.00	1.00	1.66	3.34	5.80	10.24	15.00	21.00	38.80	58.00	70.20	116.00	223.20	454.80	
11274500	0227	19330227	20150227	83	57.83	122.56	0.00	740.00		0.00	0.00	0.00	0.00	0.00	0.00	0.86	2.18	3.30	6.40	8.86	14.40	19.60	30.40	55.00	79.00	109.00	217.00	355.20	
11274500	0228	19330228	20150228	83	77.68	236.37	0.00	1610.00		0.00	0.00	0.00	0.00	0.00	0.00	1.02	2.78	3.66	6.80	9.46	13.40	19.00	27.00	44.00	67.60	94.60	196.00	453.40	
11274500	0229	19360229	20120229	20	111.31	266.05	0.00	910.00		0.00	0.00	0.00	0.00	0.00	0.00	0.24	2.02	4.63	8.70	23.00	38.60	44.30	47.10	72.75	91.40	94.85	779.90	907.30	
11274500	0301	19330301	20150301	83	83.25	298.14	0.00	2560.00		0.00	0.00	0.00	0.00	0.00	0.01	1.12	2.56	4.78	5.80	9.84	12.00	21.60	32.80	46.00	69.40	110.20	205.80	340.80	
11274500	0302	19330302	20150302	83	82.61	276.00	0.00	1990.00		0.00	0.00	0.00	0.00	0.00	0.03	0.71	2.12	4.94	5.50	8.86	15.80	24.80	27.00	34.00	61.20	123.60	168.40	345.60	
11274500	0303	19330303	20150303	83	63.46	170.32	0.00	1170.00		0.00	0.00	0.00	0.00	0.00	0.08	1.00	2.10	4.68	6.00	9.20	15.00	19.60	26.60	42.00	76.80	122.00	134.80	435.40	
11274500	0304	19330304	20150304	83	65.53	163.44	0.00	985.00		0.00	0.00	0.00	0.00	0.00	0.02	0.72	2.10	3.88	7.10	10.40	15.80	22.20	32.60	45.00	97.60	129.20	183.00	340.20	
11274500	0305	19330305	20150305	83	67.11	168.90	0.00	1230.00		0.00	0.00	0.00	0.00	0.00	0.08	1.28	2.02	4.24	7.50	10.00	16.00	20.20	30.60	50.00	92.60	120.00	203.40	368.80	
11274500	0306	19330306	20150306	83	45.86	90.28	0.00	596.00		0.00	0.00	0.00	0.00	0.00	0.12	1.30	2.58	4.28	6.90	9.48	16.00	22.00	33.00	61.00	73.80	110.80	157.80	204.80	
11274500	0307	19330307	20150307	83	39.85	66.48	0.00	332.00		0.00	0.00	0.00	0.00	0.00	0.44	1.86	3.30	4.10	6.20	14.00	16.60	25.00	36.00	55.00	70.80	105.60	131.40	187.80	
11274500	0308	19330308	20150308	83	43.06	91.04	0.00	527.00		0.00	0.00	0.00	0.00	0.00	0.42	1.30	2.80	4.28	6.00	12.20	14.00	20.40	33.60	49.00	58.80	86.80	133.60	208.80	
11274500	0309	19330309	20150309	83	39.82	86.29	0.00	619.00		0.00	0.00	0.00	0.00	0.00	0.48	1.22	2.92	4.82	6.20	11.40	16.80	25.20	36.40	42.00	48.60	71.00	108.00	192.00	
11274500	0310	19330310	20150310	83	88.31	474.17	0.00	4260.00		0.00	0.00	0.00	0.00	0.00	0.46	1.22	2.84	4.10	5.20	9.60	15.40	21.80	32.00	38.00	42.80	61.40	107.20	200.80	
11274500	0311	19330311	20150311	83	46.99	174.45	0.00	1490.00		0.00	0.00	0.00	0.00	0.00	0.57	1.44	2.40	3.64	5.50	8.20	14.40	20.00	24.40	30.00	40.40	52.00	89.20	152.20	
11274500	0312	19330312	20150312	83	43.84	110.66	0.00	712.00		0.00	0.00	0.00	0.00	0.00	0.56	1.18	2.06	3.84	7.00	10.00	14.40	19.60	29.20	38.00	43.60	70.40	116.80	193.40	
11274500	0313	19330313	20150313	83	44.13	114.82	0.00	873.00		0.00	0.00	0.00	0.00	0.00	0.44	1.10	2.18	4.28	6.00	8.40	14.40	18.60	30.00	36.00	41.20	70.40	98.80	284.60	
11274500	0314	19330314	20150314	83	36.22	72.65	0.00	467.00		0.00	0.00	0.00	0.00	0.00	0.40	1.10	1.74	2.96	6.20	8.12	13.40	16.60	27.80	31.00	54.20	81.80	114.00	199.40	
11274500	0315	19330315	20150315	83	46.23	134.41	0.00	1070.00		0.00	0.00	0.00	0.00	0.00	0.32	1.30	2.10	3.90	5.50	7.74	12.00	14.00	22.20	35.00	53.40	67.20	118.20	262.80	
11274500	0316	19330316	20150316	83	54.33	151.20	0.00	994.00		0.00	0.00	0.00	0.00	0.00	0.12	0.98	2.02	4.22	5.60	7.70	10.62	14.60	22.00	32.00	52.20	67.60	133.00	365.80	
11274500	0317	19330317	20150317	83	35.11	69.28	0.00	339.00		0.00	0.00	0.00	0.00	0.00	0.16	0.80	1.62	3.08	5.00	7.12	11.00	14.20	19.20	34.00	55.00	83.00	118.20	207.80	
11274500	0318	19330318	20150318	83	30.72	55.15	0.00	253.00		0.00	0.00	0.00	0.00	0.00	0.40	1.24	2.06	3.08	4.70	6.80	10.00	14.00	21.40	35.00	50.20	64.00	122.40	169.80	
11274500	0319	19330319	20150319	83	24.96	42.82	0.00	216.00		0.00	0.00	0.00	0.00	0.00	0.22	1.00	1.88	3.52	5.90	7.00	9.70	15.60	21.00	29.00	42.40	56.00	95.00	128.20	
11274500	0320	19330320	20150320	83	43.37	184.16	0.00	1660.00		0.00	0.00	0.00	0.00	0.00	0.10	0.89	1.36	3.48	5.50	6.86	9.24	13.60	18.80	34.00	40.60	65.40	93.20	143.80	
11274500	0321	19330321	20150321	83	36.59	90.59	0.00	600.00		0.00	0.00	0.00	0.00	0.00	0.12	0.52	1.66	3.26	4.80	6.54	9.06	14.80	22.20	32.00	49.00	57.00	93.00	202.20	
11274500	0322	19330322	20150322	83	46.28	123.00	0.00	768.00		0.00	0.00	0.00	0.00	0.00	0.11	0.55	2.00	2.80	4.40	7.24	8.70	13.48	22.60	38.00	54.40	70.40	102.20	226.80	
11274500	0323	19330323	20150323	83	41.60	133.53	0.00	1130.00		0.00	0.00	0.00	0.00	0.00	0.00	0.47	1.82	2.84	4.40	7.60	8.80	16.00	23.80	31.00	41.00	59.00	89.60	225.80	
11274500	0324	19330324	20150324	83	37.11	93.44	0.00	637.00		0.00	0.00	0.00	0.00	0.00	0.00	0.39	1.94	3.06	5.20	7.54	11.16	19.00	24.80	31.00	42.00	61.20	82.60	232.20	
11274500	0325	19330325	20150325	83	46.38	165.98	0.00	1410.00		0.00	0.00	0.00	0.00	0.00	0.00	0.31	1.76	2.80	4.90	6.74	11.80	17.20	20.80	33.00	39.40	60.80	70.60	243.20	
11274500	0326	19330326	20150326	83	33.69	75.60	0.00	458.00		0.00	0.00	0.00	0.00	0.00	0.00	0.35	1.34	2.60	4.60	6.52	12.00	16.60	21.80	36.00	48.40	61.40	72.20	205.60	
11274500	0327	19330327	20150327	83	28.59	61.10	0.00	384.00		0.00	0.00	0.00	0.00	0.00	0.02	0.50	1.54	2.08	4.40	7.34	12.00	15.60	22.00	31.00	36.20	51.20	65.00	186.40	
11274500	0328	19330328	20150328	83	24.92	44.59	0.00	232.00		0.00	0.00	0.00	0.00	0.00	0.02	0.40	1.06	1.70	4.30	7.00	11.80	18.80	25.40	31.00	38.20	57.40	79.60	126.60	
11274500	0329	19330329	20150329	83	23.94	47.55	0.00	325.00		0.00	0.00	0.00	0.00	0.00	0.00	0.30	1.01	1.64	4.30	6.44	10.80	16.20	24.00	29.00	32.60	52.80	69.40	124.00	
11274500	0330	19330330	20150330	83	21.89	40.37	0.00	234.00		0.00	0.00	0.00	0.00	0.00	0.00	0.23	0.72	1.26	4.10	5.96	11.00	12.60	19.80	27.00	33.80	50.80	60.00	110.20	
11274500	0331	19330331	20150331	83	37.12	119.35	0.00	904.00		0.00	0.00	0.00	0.00	0.00	0.00	0.18	0.91	1.18	4.30	5.42	9.62	14.40	23.00	26.00	35.60	50.60	77.20	147.60	
11274500	0401	19320401	20150401	84	41.68	144.64	0.00	997.00		0.00	0.00	0.00	0.00	0.00	0.00	0.10	0.81	1.75	4.30	5.97	7.30	11.00	17.50	25.75	41.00	47.00	64.50	115.25	
11274500	0402	19320402	20150402	84	44.76	210.66	0.00	1890.00		0.00	0.00	0.00	0.00	0.00	0.00	0.01	0.66	1.40	3.80	4.83	7.90	11.25	17.00	23.00	30.00	48.75	65.50	135.00	
11274500	0403	19320403	20150403	84	56.72	330.30	0.00	3010.00		0.00	0.00	0.00	0.00	0.00	0.00	0.00	0.51	2.00	3.65	4.67	6.40	11.00	14.50	21.75	28.00	40.00	54.50	153.25	
11274500	0404	19320404	20150404	84	44.13	152.77	0.00	969.00		0.00	0.00	0.00	0.00	0.00	0.00	0.00	0.43	2.00	3.40	4.22	7.10	10.50	20.00	24.50	27.00	42.25	57.00	292.75	
11274500	0405	19320405	20150405	84	37.54	124.98	0.00	836.00		0.00	0.00	0.00	0.00	0.00	0.00	0.00	0.44	1.55	2.85	3.98	5.80	8.32	19.00	23.00	29.00	39.50	54.00	212.00	
11274500	0406	19320406	20150406	84	30.16	99.40	0.00	773.00		0.00	0.00	0.00	0.00	0.00	0.00	0.00	0.48	1.05	2.20	3.85	5.50	9.90	21.00	24.75	30.00	38.25	43.50	169.75	
11274500	0407	19320407	20150407	84	27.60	76.60	0.00	551.00		0.00	0.00	0.00	0.00	0.00	0.00	0.00	0.33	0.99	1.80	3.50	5.80	10.60	18.00	25.00	30.00	36.25	60.50	150.50	
11274500	0408	19320408	20150408	84	27.86	83.32	0.00	634.00		0.00	0.00	0.00	0.00	0.00	0.00	0.00	0.29	1.02	1.45	3.58	4.70	9.18	16.00	23.00	29.00	35.75	63.00	129.25	
11274500	0409	19320409	20150409	84	18.89	42.23	0.00	260.00		0.00	0.00	0.00	0.00	0.00	0.00	0.00	0.27	0.93	1.60	3.00	5.60	9.22	15.00	20.50	28.00	31.00	56.00	101.75	
11274500	0410	19320410	20150410	84	20.77	48.32	0.00	284.00		0.00	0.00	0.00	0.00	0.00	0.00	0.00	0.23	0.78	1.50	3.00	4.90	10.10	15.00	18.75	26.00	36.75	59.00	130.75	
11274500	0411	19320411	20150411	84	34.02	157.24	0.00	1400.00		0.00	0.00	0.00	0.00	0.00	0.00	0.00	0.11	0.69	1.50	2.77	4.50	9.72	13.50	17.00	24.00	32.50	49.00	120.50	
11274500	0412	19320412	20150412	84	20.41	57.73	0.00	451.00		0.00	0.00	0.00	0.00	0.00	0.00	0.00	0.11	0.55	1.30	2.52	4.00	10.50	15.50	20.50	22.00	32.25	47.50	77.50	
11274500	0413	19320413	20150413	84	16.71	40.26	0.00	277.00		0.00	0.00	0.00	0.00	0.00	0.00	0.00	0.11	0.42	1.15	2.35	3.30	8.80	13.50	17.50	20.00	29.75	47.00	72.50	
11274500	0414	19320414	20150414	84	15.12	33.54	0.00	212.00		0.00	0.00	0.00	0.00	0.00	0.00	0.00	0.30	0.47	1.20	2.48	3.00	7.90	13.00	16.75	22.00	29.75	45.00	74.75	
11274500	0415	19320415	20150415	84	14.26	30.11	0.00	171.00		0.00	0.00	0.00	0.00	0.00	0.00	0.00	0.25	0.71	1.10	2.08	4.20	7.25	13.00	15.50	23.00	27.00	36.50	94.00	
11274500	0416	19320416	20150416	84	13.42	26.53	0.00	141.00		0.00	0.00	0.00	0.00	0.00	0.00	0.00	0.18	0.67	0.99	1.68	3.90	8.65	13.00	15.00	21.00	26.50	42.50	72.50	
11274500	0417	19320417	20150417	84	11.87	22.98	0.00	121.00		0.00	0.00	0.00	0.00	0.00	0.00	0.00	0.13	0.42	0.74	1.57	4.00	8.53	12.00	14.00	21.00	24.25	36.50	57.25	
11274500	0418	19320418	20150418	84	11.31	22.00	0.00	112.00		0.00	0.00	0.00	0.00	0.00	0.00	0.00	0.12	0.38	0.69	1.48	3.20	7.65	11.00	13.00	18.00	22.25	32.50	71.75	
11274500	0419	19320419	20150419	84	10.37	20.58	0.00	105.00		0.00	0.00	0.00	0.00	0.00	0.00	0.00	0.08	0.30	0.61	1.25	2.90	7.45	9.55	11.75	15.00	20.25	30.00	65.50	
11274500	0420	19320420	20150420	84	10.16	20.78	0.00	102.00		0.00	0.00	0.00	0.00	0.00	0.00	0.00	0.00	0.23	0.48	1.29	3.20	6.22	8.60	11.00	13.00	19.25	28.50	65.75	
11274500	0421	19320421	20150421	84	10.91	26.53	0.00	184.00		0.00	0.00	0.00	0.00	0.00	0.00	0.00	0.07	0.30	0.36	0.96	3.10	5.72	7.85	10.70	13.00	18.25	27.50	72.00	
11274500	0422	19320422	20150422	84	10.72	29.99	0.00	239.00		0.00	0.00	0.00	0.00	0.00	0.00	0.00	0.00	0.29	0.41	0.86	2.20	4.97	7.50	10.00	11.00	17.25	26.50	61.75	
11274500	0423	19320423	20150423	84	9.41	24.00	0.00	180.00		0.00	0.00	0.00	0.00	0.00	0.00	0.00	0.00	0.22	0.35	0.73	1.60	4.45	7.35	8.75	11.00	16.25	24.50	50.25	
11274500	0424	19320424	20150424	84	9.20	23.83	0.00	180.00		0.00	0.00	0.00	0.00	0.00	0.00	0.00	0.00	0.21	0.33	0.68	1.40	4.03	5.85	8.00	12.00	15.50	23.00	55.50	
11274500	0425	19320425	20150425	84	8.26	19.13	0.00	128.00		0.00	0.00	0.00	0.00	0.00	0.00	0.00	0.00	0.12	0.25	0.65	1.30	3.90	4.95	8.18	11.00	15.50	26.00	53.50	
11274500	0426	19320426	20150426	84	7.73	16.72	0.00	102.00		0.00	0.00	0.00	0.00	0.00	0.00	0.00	0.00	0.12	0.30	0.48	1.20	3.75	5.15	7.92	10.00	15.25	25.00	47.25	
11274500	0427	19320427	20150427	84	7.15	14.99	0.00	86.00		0.00	0.00	0.00	0.00	0.00	0.00	0.00	0.00	0.12	0.35	0.48	1.00	3.95	4.85	7.55	9.90	15.00	24.00	45.50	
11274500	0428	19320428	20150428	84	9.11	29.72	0.00	252.00		0.00	0.00	0.00	0.00	0.00	0.00	0.00	0.00	0.12	0.25	0.59	1.60	3.50	4.90	7.45	9.50	14.50	21.00	45.00	
11274500	0429	19320429	20150429	84	8.75	29.17	0.00	250.00		0.00	0.00	0.00	0.00	0.00	0.00	0.00	0.00	0.11	0.25	0.49	1.60	3.02	4.45	7.28	8.70	13.75	22.00	41.50	
11274500	0430	19320430	20150430	84	7.59	22.02	0.00	179.00		0.00	0.00	0.00	0.00	0.00	0.00	0.00	0.00	0.08	0.25	0.40	1.40	2.70	4.30	6.75	7.90	13.25	22.50	39.50	
11274500	0501	19320501	20150501	84	6.58	17.47	0.00	133.00		0.00	0.00	0.00	0.00	0.00	0.00	0.00	0.00	0.06	0.20	0.41	0.90	2.40	4.15	6.12	7.30	10.00	22.50	36.25	
11274500	0502	19320502	20150502	84	5.91	14.78	0.00	107.00		0.00	0.00	0.00	0.00	0.00	0.00	0.00	0.00	0.04	0.20	0.41	0.80	2.40	3.75	5.67	6.60	9.28	22.00	33.75	
11274500	0503	19320503	20150503	84	5.34	12.96	0.00	88.00		0.00	0.00	0.00	0.00	0.00	0.00	0.00	0.00	0.10	0.20	0.45	0.90	2.12	3.30	5.12	5.80	7.65	19.00	31.75	
11274500	0504	19320504	20150504	84	4.99	11.77	0.00	77.00		0.00	0.00	0.00	0.00	0.00	0.00	0.00	0.00	0.10	0.16	0.48	0.81	2.02	3.00	4.88	5.80	7.10	16.50	31.50	
11274500	0505	19320505	20150505	84	5.00	11.74	0.00	70.00		0.00	0.00	0.00	0.00	0.00	0.00	0.00	0.00	0.01	0.15	0.38	0.88	1.75	3.25	4.67	5.80	7.08	15.00	29.25	
11274500	0506	19320506	20150506	84	4.59	10.71	0.00	67.00		0.00	0.00	0.00	0.00	0.00	0.00	0.00	0.00	0.00	0.15	0.35	0.80	1.52	2.75	4.30	5.30	6.92	14.50	28.00	
11274500	0507	19320507	20150507	84	4.16	9.66	0.00	61.00		0.00	0.00	0.00	0.00	0.00	0.00	0.00	0.00	0.00	0.10	0.28	0.80	1.45	2.05	4.00	5.10	6.12	14.50	26.75	
11274500	0508	19320508	20150508	84	3.93	9.11	0.00	57.00		0.00	0.00	0.00	0.00	0.00	0.00	0.00	0.00	0.00	0.10	0.20	0.75	1.12	1.70	3.62	4.80	6.75	13.50	24.75	
11274500	0509	19320509	20150509	84	3.78	8.63	0.00	52.00		0.00	0.00	0.00	0.00	0.00	0.00	0.00	0.00	0.00	0.03	0.20	0.58	1.00	1.70	3.45	4.80	7.12	13.00	22.00	
11274500	0510	19320510	20150510	84	3.71	8.39	0.00	49.00		0.00	0.00	0.00	0.00	0.00	0.00	0.00	0.00	0.00	0.03	0.17	0.45	1.02	1.80	3.52	4.50	6.95	12.00	24.25	
11274500	0511	19320511	20150511	84	3.44	7.76	0.00	46.00		0.00	0.00	0.00	0.00	0.00	0.00	0.00	0.00	0.00	0.00	0.17	0.36	1.02	1.55	3.23	4.60	5.92	12.00	21.75	
11274500	0512	19320512	20150512	84	3.43	8.10	0.00	45.00		0.00	0.00	0.00	0.00	0.00	0.00	0.00	0.00	0.00	0.00	0.10	0.30	0.88	1.20	2.80	4.40	5.95	12.00	20.00	
11274500	0513	19320513	20150513	84	3.37	8.32	0.00	45.00		0.00	0.00	0.00	0.00	0.00	0.00	0.00	0.00	0.00	0.00	0.09	0.24	0.62	1.15	2.38	4.00	5.85	12.00	17.25	
11274500	0514	19320514	20150514	84	3.09	7.54	0.00	43.00		0.00	0.00	0.00	0.00	0.00	0.00	0.00	0.00	0.00	0.00	0.10	0.20	0.53	1.01	2.17	3.60	5.55	12.00	15.50	
11274500	0515	19320515	20150515	84	2.79	6.89	0.00	41.00		0.00	0.00	0.00	0.00	0.00	0.00	0.00	0.00	0.00	0.00	0.10	0.17	0.39	0.85	1.90	3.40	4.92	11.00	14.50	
11274500	0516	19320516	20150516	84	2.76	6.62	0.00	40.00		0.00	0.00	0.00	0.00	0.00	0.00	0.00	0.00	0.00	0.00	0.07	0.10	0.39	0.80	1.62	3.30	5.20	11.00	19.00	
11274500	0517	19320517	20150517	84	2.60	6.35	0.00	38.00		0.00	0.00	0.00	0.00	0.00	0.00	0.00	0.00	0.00	0.00	0.04	0.10	0.31	0.70	1.40	3.10	5.08	10.50	18.75	
11274500	0518	19320518	20150518	84	2.38	5.83	0.00	37.00		0.00	0.00	0.00	0.00	0.00	0.00	0.00	0.00	0.00	0.00	0.00	0.10	0.30	0.45	1.25	3.00	5.80	9.20	14.00	
11274500	0519	19320519	20150519	84	2.09	5.32	0.00	35.00		0.00	0.00	0.00	0.00	0.00	0.00	0.00	0.00	0.00	0.00	0.00	0.10	0.19	0.38	1.01	2.90	5.28	7.85	9.82	
11274500	0520	19320520	20150520	84	1.86	4.80	0.00	31.00		0.00	0.00	0.00	0.00	0.00	0.00	0.00	0.00	0.00	0.00	0.00	0.00	0.12	0.33	0.84	2.80	3.70	7.20	8.88	
11274500	0521	19320521	20150521	84	1.71	4.44	0.00	29.00		0.00	0.00	0.00	0.00	0.00	0.00	0.00	0.00	0.00	0.00	0.00	0.00	0.12	0.30	1.10	2.30	3.60	5.95	8.43	
11274500	0522	19320522	20150522	84	1.67	4.33	0.00	28.00		0.00	0.00	0.00	0.00	0.00	0.00	0.00	0.00	0.00	0.00	0.00	0.00	0.12	0.31	0.92	2.10	3.50	5.70	10.30	
11274500	0523	19320523	20150523	84	1.70	4.48	0.00	27.00		0.00	0.00	0.00	0.00	0.00	0.00	0.00	0.00	0.00	0.00	0.00	0.00	0.20	0.28	0.67	2.20	3.08	5.30	12.47	
11274500	0524	19320524	20150524	84	1.57	4.25	0.00	28.00		0.00	0.00	0.00	0.00	0.00	0.00	0.00	0.00	0.00	0.00	0.00	0.00	0.12	0.28	0.51	1.80	2.92	5.00	11.38	
11274500	0525	19320525	20150525	84	1.48	4.16	0.00	28.00		0.00	0.00	0.00	0.00	0.00	0.00	0.00	0.00	0.00	0.00	0.00	0.00	0.11	0.22	0.60	1.20	2.73	5.05	9.32	
11274500	0526	19320526	20150526	84	1.43	4.16	0.00	29.00		0.00	0.00	0.00	0.00	0.00	0.00	0.00	0.00	0.00	0.00	0.00	0.00	0.10	0.16	0.43	1.10	2.45	4.50	9.15	
11274500	0527	19320527	20150527	84	1.35	4.00	0.00	27.00		0.00	0.00	0.00	0.00	0.00	0.00	0.00	0.00	0.00	0.00	0.00	0.00	0.03	0.10	0.34	1.10	2.62	4.00	8.95	
11274500	0528	19320528	20150528	84	1.29	3.89	0.00	26.00		0.00	0.00	0.00	0.00	0.00	0.00	0.00	0.00	0.00	0.00	0.00	0.00	0.03	0.14	0.28	1.00	2.17	3.85	8.32	
11274500	0529	19320529	20150529	84	1.23	3.71	0.00	24.00		0.00	0.00	0.00	0.00	0.00	0.00	0.00	0.00	0.00	0.00	0.00	0.00	0.00	0.12	0.25	1.00	2.00	3.65	7.53	
11274500	0530	19320530	20150530	84	1.18	3.71	0.00	24.00		0.00	0.00	0.00	0.00	0.00	0.00	0.00	0.00	0.00	0.00	0.00	0.00	0.00	0.10	0.25	0.77	1.73	3.05	6.80	
11274500	0531	19320531	20150531	84	1.10	3.52	0.00	23.00		0.00	0.00	0.00	0.00	0.00	0.00	0.00	0.00	0.00	0.00	0.00	0.00	0.00	0.10	0.25	0.70	1.50	2.95	5.80	
11274500	0601	19320601	20150601	84	1.06	3.48	0.00	23.00		0.00	0.00	0.00	0.00	0.00	0.00	0.00	0.00	0.00	0.00	0.00	0.00	0.00	0.00	0.25	0.70	1.35	3.05	6.08	
11274500	0602	19320602	20150602	84	1.04	3.47	0.00	23.00		0.00	0.00	0.00	0.00	0.00	0.00	0.00	0.00	0.00	0.00	0.00	0.00	0.00	0.00	0.23	0.79	1.04	2.70	5.90	
11274500	0603	19320603	20150603	84	1.01	3.55	0.00	25.00		0.00	0.00	0.00	0.00	0.00	0.00	0.00	0.00	0.00	0.00	0.00	0.00	0.00	0.00	0.19	0.66	0.80	2.50	6.38	
11274500	0604	19320604	20150604	84	1.02	3.58	0.00	25.00		0.00	0.00	0.00	0.00	0.00	0.00	0.00	0.00	0.00	0.00	0.00	0.00	0.00	0.00	0.17	0.55	0.80	2.30	6.58	
11274500	0605	19320605	20150605	84	1.06	3.65	0.00	25.00		0.00	0.00	0.00	0.00	0.00	0.00	0.00	0.00	0.00	0.00	0.00	0.00	0.00	0.00	0.14	0.47	0.72	1.90	9.35	
11274500	0606	19320606	20150606	84	0.96	3.28	0.00	22.00		0.00	0.00	0.00	0.00	0.00	0.00	0.00	0.00	0.00	0.00	0.00	0.00	0.00	0.00	0.11	0.37	0.70	1.80	8.12	
11274500	0607	19320607	20150607	84	0.97	3.49	0.00	25.00		0.00	0.00	0.00	0.00	0.00	0.00	0.00	0.00	0.00	0.00	0.00	0.00	0.00	0.00	0.09	0.32	0.70	1.50	7.58	
11274500	0608	19320608	20150608	84	0.94	3.38	0.00	24.00		0.00	0.00	0.00	0.00	0.00	0.00	0.00	0.00	0.00	0.00	0.00	0.00	0.00	0.00	0.07	0.27	0.62	1.40	8.22	
11274500	0609	19320609	20150609	84	0.86	3.18	0.00	23.00		0.00	0.00	0.00	0.00	0.00	0.00	0.00	0.00	0.00	0.00	0.00	0.00	0.00	0.00	0.04	0.20	0.53	1.30	7.40	
11274500	0610	19320610	20150610	84	0.77	2.84	0.00	20.00		0.00	0.00	0.00	0.00	0.00	0.00	0.00	0.00	0.00	0.00	0.00	0.00	0.00	0.00	0.00	0.26	0.56	1.11	6.85	
11274500	0611	19320611	20150611	84	0.71	2.62	0.00	18.00		0.00	0.00	0.00	0.00	0.00	0.00	0.00	0.00	0.00	0.00	0.00	0.00	0.00	0.00	0.00	0.26	0.49	1.00	6.10	
11274500	0612	19320612	20150612	84	0.60	2.13	0.00	13.00		0.00	0.00	0.00	0.00	0.00	0.00	0.00	0.00	0.00	0.00	0.00	0.00	0.00	0.00	0.00	0.21	0.42	0.90	4.88	
11274500	0613	19320613	20150613	84	0.53	1.88	0.00	11.00		0.00	0.00	0.00	0.00	0.00	0.00	0.00	0.00	0.00	0.00	0.00	0.00	0.00	0.00	0.00	0.17	0.34	0.85	3.90	
11274500	0614	19320614	20150614	84	0.48	1.73	0.00	11.00		0.00	0.00	0.00	0.00	0.00	0.00	0.00	0.00	0.00	0.00	0.00	0.00	0.00	0.00	0.00	0.11	0.34	0.74	3.38	
11274500	0615	19320615	20150615	84	0.43	1.60	0.00	11.00		0.00	0.00	0.00	0.00	0.00	0.00	0.00	0.00	0.00	0.00	0.00	0.00	0.00	0.00	0.00	0.00	0.29	0.60	3.30	
11274500	0616	19320616	20150616	84	0.38	1.53	0.00	11.00		0.00	0.00	0.00	0.00	0.00	0.00	0.00	0.00	0.00	0.00	0.00	0.00	0.00	0.00	0.00	0.00	0.20	0.50	2.95	
11274500	0617	19320617	20150617	84	0.36	1.54	0.00	12.00		0.00	0.00	0.00	0.00	0.00	0.00	0.00	0.00	0.00	0.00	0.00	0.00	0.00	0.00	0.00	0.00	0.14	0.50	2.67	
11274500	0618	19320618	20150618	84	0.34	1.50	0.00	12.00		0.00	0.00	0.00	0.00	0.00	0.00	0.00	0.00	0.00	0.00	0.00	0.00	0.00	0.00	0.00	0.00	0.10	0.40	2.65	
11274500	0619	19320619	20150619	84	0.33	1.58	0.00	13.00		0.00	0.00	0.00	0.00	0.00	0.00	0.00	0.00	0.00	0.00	0.00	0.00	0.00	0.00	0.00	0.00	0.09	0.35	2.45	
11274500	0620	19320620	20150620	84	0.34	1.68	0.00	14.00		0.00	0.00	0.00	0.00	0.00	0.00	0.00	0.00	0.00	0.00	0.00	0.00	0.00	0.00	0.00	0.00	0.04	0.30	2.40	
11274500	0621	19320621	20150621	84	0.33	1.68	0.00	14.00		0.00	0.00	0.00	0.00	0.00	0.00	0.00	0.00	0.00	0.00	0.00	0.00	0.00	0.00	0.00	0.00	0.01	0.25	2.15	
11274500	0622	19320622	20150622	84	0.32	1.67	0.00	14.00		0.00	0.00	0.00	0.00	0.00	0.00	0.00	0.00	0.00	0.00	0.00	0.00	0.00	0.00	0.00	0.00	0.00	0.21	2.10	
11274500	0623	19320623	20150623	84	0.33	1.77	0.00	15.00		0.00	0.00	0.00	0.00	0.00	0.00	0.00	0.00	0.00	0.00	0.00	0.00	0.00	0.00	0.00	0.00	0.00	0.10	2.10	
11274500	0624	19320624	20150624	84	0.32	1.77	0.00	15.00		0.00	0.00	0.00	0.00	0.00	0.00	0.00	0.00	0.00	0.00	0.00	0.00	0.00	0.00	0.00	0.00	0.00	0.10	2.10	
11274500	0625	19320625	20150625	84	0.34	1.97	0.00	17.00		0.00	0.00	0.00	0.00	0.00	0.00	0.00	0.00	0.00	0.00	0.00	0.00	0.00	0.00	0.00	0.00	0.00	0.07	1.80	
11274500	0626	19320626	20150626	84	0.35	2.07	0.00	18.00		0.00	0.00	0.00	0.00	0.00	0.00	0.00	0.00	0.00	0.00	0.00	0.00	0.00	0.00	0.00	0.00	0.00	0.07	1.65	
11274500	0627	19320627	20150627	84	0.46	3.11	0.00	28.00		0.00	0.00	0.00	0.00	0.00	0.00	0.00	0.00	0.00	0.00	0.00	0.00	0.00	0.00	0.00	0.00	0.00	0.07	1.48	
11274500	0628	19320628	20150628	84	0.38	2.47	0.00	22.00		0.00	0.00	0.00	0.00	0.00	0.00	0.00	0.00	0.00	0.00	0.00	0.00	0.00	0.00	0.00	0.00	0.00	0.06	1.43	
11274500	0629	19320629	20150629	84	0.35	2.15	0.00	19.00		0.00	0.00	0.00	0.00	0.00	0.00	0.00	0.00	0.00	0.00	0.00	0.00	0.00	0.00	0.00	0.00	0.00	0.10	1.48	
11274500	0630	19320630	20150630	84	0.31	1.94	0.00	17.00		0.00	0.00	0.00	0.00	0.00	0.00	0.00	0.00	0.00	0.00	0.00	0.00	0.00	0.00	0.00	0.00	0.00	0.07	1.27	
11274500	0701	19320701	20150701	84	0.27	1.63	0.00	14.00		0.00	0.00	0.00	0.00	0.00	0.00	0.00	0.00	0.00	0.00	0.00	0.00	0.00	0.00	0.00	0.00	0.00	0.00	1.27	
11274500	0702	19320702	20150702	84	0.27	1.62	0.00	14.00		0.00	0.00	0.00	0.00	0.00	0.00	0.00	0.00	0.00	0.00	0.00	0.00	0.00	0.00	0.00	0.00	0.00	0.00	1.27	
11274500	0703	19320703	20150703	84	0.25	1.43	0.00	12.00		0.00	0.00	0.00	0.00	0.00	0.00	0.00	0.00	0.00	0.00	0.00	0.00	0.00	0.00	0.00	0.00	0.00	0.00	1.27	
11274500	0704	19320704	20150704	84	0.25	1.43	0.00	12.00		0.00	0.00	0.00	0.00	0.00	0.00	0.00	0.00	0.00	0.00	0.00	0.00	0.00	0.00	0.00	0.00	0.00	0.00	1.20	
11274500	0705	19320705	20150705	84	0.21	1.20	0.00	10.00		0.00	0.00	0.00	0.00	0.00	0.00	0.00	0.00	0.00	0.00	0.00	0.00	0.00	0.00	0.00	0.00	0.00	0.00	1.12	
11274500	0706	19320706	20150706	84	0.21	1.19	0.00	10.00		0.00	0.00	0.00	0.00	0.00	0.00	0.00	0.00	0.00	0.00	0.00	0.00	0.00	0.00	0.00	0.00	0.00	0.00	1.10	
11274500	0707	19320707	20150707	84	0.18	1.01	0.00	8.50		0.00	0.00	0.00	0.00	0.00	0.00	0.00	0.00	0.00	0.00	0.00	0.00	0.00	0.00	0.00	0.00	0.00	0.00	1.02	
11274500	0708	19320708	20150708	84	0.17	0.94	0.00	8.00		0.00	0.00	0.00	0.00	0.00	0.00	0.00	0.00	0.00	0.00	0.00	0.00	0.00	0.00	0.00	0.00	0.00	0.00	1.02	
11274500	0709	19320709	20150709	84	0.14	0.82	0.00	7.00		0.00	0.00	0.00	0.00	0.00	0.00	0.00	0.00	0.00	0.00	0.00	0.00	0.00	0.00	0.00	0.00	0.00	0.00	0.52	
11274500	0710	19320710	20150710	84	0.12	0.76	0.00	6.50		0.00	0.00	0.00	0.00	0.00	0.00	0.00	0.00	0.00	0.00	0.00	0.00	0.00	0.00	0.00	0.00	0.00	0.00	0.30	
11274500	0711	19320711	20150711	84	0.11	0.64	0.00	5.50		0.00	0.00	0.00	0.00	0.00	0.00	0.00	0.00	0.00	0.00	0.00	0.00	0.00	0.00	0.00	0.00	0.00	0.00	0.27	
11274500	0712	19320712	20150712	84	0.11	0.63	0.00	5.50		0.00	0.00	0.00	0.00	0.00	0.00	0.00	0.00	0.00	0.00	0.00	0.00	0.00	0.00	0.00	0.00	0.00	0.00	0.23	
11274500	0713	19320713	20150713	84	0.10	0.58	0.00	5.00		0.00	0.00	0.00	0.00	0.00	0.00	0.00	0.00	0.00	0.00	0.00	0.00	0.00	0.00	0.00	0.00	0.00	0.00	0.28	
11274500	0714	19320714	20150714	84	0.09	0.57	0.00	5.00		0.00	0.00	0.00	0.00	0.00	0.00	0.00	0.00	0.00	0.00	0.00	0.00	0.00	0.00	0.00	0.00	0.00	0.00	0.20	
11274500	0715	19320715	20150715	84	0.09	0.54	0.00	4.80		0.00	0.00	0.00	0.00	0.00	0.00	0.00	0.00	0.00	0.00	0.00	0.00	0.00	0.00	0.00	0.00	0.00	0.00	0.20	
11274500	0716	19320716	20150716	84	0.08	0.51	0.00	4.50		0.00	0.00	0.00	0.00	0.00	0.00	0.00	0.00	0.00	0.00	0.00	0.00	0.00	0.00	0.00	0.00	0.00	0.00	0.15	
11274500	0717	19320717	20150717	84	0.08	0.51	0.00	4.50		0.00	0.00	0.00	0.00	0.00	0.00	0.00	0.00	0.00	0.00	0.00	0.00	0.00	0.00	0.00	0.00	0.00	0.00	0.13	
11274500	0718	19320718	20150718	84	0.07	0.46	0.00	4.00		0.00	0.00	0.00	0.00	0.00	0.00	0.00	0.00	0.00	0.00	0.00	0.00	0.00	0.00	0.00	0.00	0.00	0.00	0.12	
11274500	0719	19320719	20150719	84	0.07	0.45	0.00	4.00		0.00	0.00	0.00	0.00	0.00	0.00	0.00	0.00	0.00	0.00	0.00	0.00	0.00	0.00	0.00	0.00	0.00	0.00	0.11	
11274500	0720	19320720	20150720	84	0.06	0.39	0.00	3.50		0.00	0.00	0.00	0.00	0.00	0.00	0.00	0.00	0.00	0.00	0.00	0.00	0.00	0.00	0.00	0.00	0.00	0.00	0.12	
11274500	0721	19320721	20150721	84	0.05	0.34	0.00	3.00		0.00	0.00	0.00	0.00	0.00	0.00	0.00	0.00	0.00	0.00	0.00	0.00	0.00	0.00	0.00	0.00	0.00	0.00	0.10	
11274500	0722	19320722	20150722	84	0.05	0.32	0.00	2.80		0.00	0.00	0.00	0.00	0.00	0.00	0.00	0.00	0.00	0.00	0.00	0.00	0.00	0.00	0.00	0.00	0.00	0.00	0.07	
11274500	0723	19320723	20150723	84	0.04	0.25	0.00	2.20		0.00	0.00	0.00	0.00	0.00	0.00	0.00	0.00	0.00	0.00	0.00	0.00	0.00	0.00	0.00	0.00	0.00	0.00	0.05	
11274500	0724	19320724	20150724	84	0.03	0.23	0.00	2.00		0.00	0.00	0.00	0.00	0.00	0.00	0.00	0.00	0.00	0.00	0.00	0.00	0.00	0.00	0.00	0.00	0.00	0.00	0.03	
11274500	0725	19320725	20150725	84	0.03	0.20	0.00	1.80		0.00	0.00	0.00	0.00	0.00	0.00	0.00	0.00	0.00	0.00	0.00	0.00	0.00	0.00	0.00	0.00	0.00	0.00	0.01	
11274500	0726	19320726	20150726	84	0.03	0.18	0.00	1.60		0.00	0.00	0.00	0.00	0.00	0.00	0.00	0.00	0.00	0.00	0.00	0.00	0.00	0.00	0.00	0.00	0.00	0.00	0.00	
11274500	0727	19320727	20150727	84	0.02	0.13	0.00	1.20		0.00	0.00	0.00	0.00	0.00	0.00	0.00	0.00	0.00	0.00	0.00	0.00	0.00	0.00	0.00	0.00	0.00	0.00	0.00	
11274500	0728	19320728	20150728	84	0.02	0.11	0.00	1.00		0.00	0.00	0.00	0.00	0.00	0.00	0.00	0.00	0.00	0.00	0.00	0.00	0.00	0.00	0.00	0.00	0.00	0.00	0.00	
11274500	0729	19320729	20150729	84	0.01	0.08	0.00	0.70		0.00	0.00	0.00	0.00	0.00	0.00	0.00	0.00	0.00	0.00	0.00	0.00	0.00	0.00	0.00	0.00	0.00	0.00	0.00	
11274500	0730	19320730	20150730	84	0.00	0.03	0.00	0.30		0.00	0.00	0.00	0.00	0.00	0.00	0.00	0.00	0.00	0.00	0.00	0.00	0.00	0.00	0.00	0.00	0.00	0.00	0.00	
11274500	0731	19320731	20150731	84	0.00	0.02	0.00	0.10		0.00	0.00	0.00	0.00	0.00	0.00	0.00	0.00	0.00	0.00	0.00	0.00	0.00	0.00	0.00	0.00	0.00	0.00	0.00	
11274500	0801	19320801	20150801	84	0.00	0.01	0.00	0.10		0.00	0.00	0.00	0.00	0.00	0.00	0.00	0.00	0.00	0.00	0.00	0.00	0.00	0.00	0.00	0.00	0.00	0.00	0.00	
11274500	0802	19320802	20150802	84	0.00	0.01	0.00	0.10		0.00	0.00	0.00	0.00	0.00	0.00	0.00	0.00	0.00	0.00	0.00	0.00	0.00	0.00	0.00	0.00	0.00	0.00	0.00	
11274500	0803	19320803	20150803	84	0.00	0.01	0.00	0.10		0.00	0.00	0.00	0.00	0.00	0.00	0.00	0.00	0.00	0.00	0.00	0.00	0.00	0.00	0.00	0.00	0.00	0.00	0.00	
11274500	0804	19320804	20150804	84	0.00	0.01	0.00	0.10		0.00	0.00	0.00	0.00	0.00	0.00	0.00	0.00	0.00	0.00	0.00	0.00	0.00	0.00	0.00	0.00	0.00	0.00	0.00	
11274500	0805	19320805	20150805	84	0.00	0.01	0.00	0.10		0.00	0.00	0.00	0.00	0.00	0.00	0.00	0.00	0.00	0.00	0.00	0.00	0.00	0.00	0.00	0.00	0.00	0.00	0.00	
11274500	0806	19320806	20150806	84	0.00	0.01	0.00	0.10		0.00	0.00	0.00	0.00	0.00	0.00	0.00	0.00	0.00	0.00	0.00	0.00	0.00	0.00	0.00	0.00	0.00	0.00	0.00	
11274500	0807	19320807	20150807	84	0.00	0.02	0.00	0.20		0.00	0.00	0.00	0.00	0.00	0.00	0.00	0.00	0.00	0.00	0.00	0.00	0.00	0.00	0.00	0.00	0.00	0.00	0.00	
11274500	0808	19320808	20150808	84	0.00	0.02	0.00	0.20		0.00	0.00	0.00	0.00	0.00	0.00	0.00	0.00	0.00	0.00	0.00	0.00	0.00	0.00	0.00	0.00	0.00	0.00	0.00	
11274500	0809	19320809	20150809	84	0.00	0.02	0.00	0.20		0.00	0.00	0.00	0.00	0.00	0.00	0.00	0.00	0.00	0.00	0.00	0.00	0.00	0.00	0.00	0.00	0.00	0.00	0.00	
11274500	0810	19320810	20150810	84	0.00	0.01	0.00	0.10		0.00	0.00	0.00	0.00	0.00	0.00	0.00	0.00	0.00	0.00	0.00	0.00	0.00	0.00	0.00	0.00	0.00	0.00	0.00	
11274500	0811	19320811	20150811	84	0.00	0.01	0.00	0.10		0.00	0.00	0.00	0.00	0.00	0.00	0.00	0.00	0.00	0.00	0.00	0.00	0.00	0.00	0.00	0.00	0.00	0.00	0.00	
11274500	0812	19320812	20150812	84	0.00		0.00	0.00		0.00	0.00	0.00	0.00	0.00	0.00	0.00	0.00	0.00	0.00	0.00	0.00	0.00	0.00	0.00	0.00	0.00	0.00	0.00	
11274500	0813	19320813	20150813	84	0.00		0.00	0.00		0.00	0.00	0.00	0.00	0.00	0.00	0.00	0.00	0.00	0.00	0.00	0.00	0.00	0.00	0.00	0.00	0.00	0.00	0.00	
11274500	0814	19320814	20150814	84	0.00		0.00	0.00		0.00	0.00	0.00	0.00	0.00	0.00	0.00	0.00	0.00	0.00	0.00	0.00	0.00	0.00	0.00	0.00	0.00	0.00	0.00	
11274500	0815	19320815	20150815	84	0.00		0.00	0.00		0.00	0.00	0.00	0.00	0.00	0.00	0.00	0.00	0.00	0.00	0.00	0.00	0.00	0.00	0.00	0.00	0.00	0.00	0.00	
11274500	0816	19320816	20150816	84	0.00		0.00	0.00		0.00	0.00	0.00	0.00	0.00	0.00	0.00	0.00	0.00	0.00	0.00	0.00	0.00	0.00	0.00	0.00	0.00	0.00	0.00	
11274500	0817	19320817	20150817	84	0.00		0.00	0.00		0.00	0.00	0.00	0.00	0.00	0.00	0.00	0.00	0.00	0.00	0.00	0.00	0.00	0.00	0.00	0.00	0.00	0.00	0.00	
11274500	0818	19320818	20150818	84	0.00		0.00	0.00		0.00	0.00	0.00	0.00	0.00	0.00	0.00	0.00	0.00	0.00	0.00	0.00	0.00	0.00	0.00	0.00	0.00	0.00	0.00	
11274500	0819	19320819	20150819	84	0.00		0.00	0.00		0.00	0.00	0.00	0.00	0.00	0.00	0.00	0.00	0.00	0.00	0.00	0.00	0.00	0.00	0.00	0.00	0.00	0.00	0.00	
11274500	0820	19320820	20150820	84	0.00		0.00	0.00		0.00	0.00	0.00	0.00	0.00	0.00	0.00	0.00	0.00	0.00	0.00	0.00	0.00	0.00	0.00	0.00	0.00	0.00	0.00	
11274500	0821	19320821	20150821	84	0.00		0.00	0.00		0.00	0.00	0.00	0.00	0.00	0.00	0.00	0.00	0.00	0.00	0.00	0.00	0.00	0.00	0.00	0.00	0.00	0.00	0.00	
11274500	0822	19320822	20150822	84	0.00		0.00	0.00		0.00	0.00	0.00	0.00	0.00	0.00	0.00	0.00	0.00	0.00	0.00	0.00	0.00	0.00	0.00	0.00	0.00	0.00	0.00	
11274500	0823	19320823	20150823	84	0.00		0.00	0.00		0.00	0.00	0.00	0.00	0.00	0.00	0.00	0.00	0.00	0.00	0.00	0.00	0.00	0.00	0.00	0.00	0.00	0.00	0.00	
11274500	0824	19320824	20150824	84	0.00		0.00	0.00		0.00	0.00	0.00	0.00	0.00	0.00	0.00	0.00	0.00	0.00	0.00	0.00	0.00	0.00	0.00	0.00	0.00	0.00	0.00	
11274500	0825	19320825	20150825	84	0.00		0.00	0.00		0.00	0.00	0.00	0.00	0.00	0.00	0.00	0.00	0.00	0.00	0.00	0.00	0.00	0.00	0.00	0.00	0.00	0.00	0.00	
11274500	0826	19320826	20150826	84	0.00		0.00	0.00		0.00	0.00	0.00	0.00	0.00	0.00	0.00	0.00	0.00	0.00	0.00	0.00	0.00	0.00	0.00	0.00	0.00	0.00	0.00	
11274500	0827	19320827	20150827	84	0.00		0.00	0.00		0.00	0.00	0.00	0.00	0.00	0.00	0.00	0.00	0.00	0.00	0.00	0.00	0.00	0.00	0.00	0.00	0.00	0.00	0.00	
11274500	0828	19320828	20150828	84	0.00		0.00	0.00		0.00	0.00	0.00	0.00	0.00	0.00	0.00	0.00	0.00	0.00	0.00	0.00	0.00	0.00	0.00	0.00	0.00	0.00	0.00	
11274500	0829	19320829	20150829	84	0.00		0.00	0.00		0.00	0.00	0.00	0.00	0.00	0.00	0.00	0.00	0.00	0.00	0.00	0.00	0.00	0.00	0.00	0.00	0.00	0.00	0.00	
11274500	0830	19320830	20150830	84	0.00		0.00	0.00		0.00	0.00	0.00	0.00	0.00	0.00	0.00	0.00	0.00	0.00	0.00	0.00	0.00	0.00	0.00	0.00	0.00	0.00	0.00	
11274500	0831	19320831	20150831	84	0.00		0.00	0.00		0.00	0.00	0.00	0.00	0.00	0.00	0.00	0.00	0.00	0.00	0.00	0.00	0.00	0.00	0.00	0.00	0.00	0.00	0.00	
11274500	0901	19320901	20150901	84	0.00		0.00	0.00		0.00	0.00	0.00	0.00	0.00	0.00	0.00	0.00	0.00	0.00	0.00	0.00	0.00	0.00	0.00	0.00	0.00	0.00	0.00	
11274500	0902	19320902	20150902	84	0.00		0.00	0.00		0.00	0.00	0.00	0.00	0.00	0.00	0.00	0.00	0.00	0.00	0.00	0.00	0.00	0.00	0.00	0.00	0.00	0.00	0.00	
11274500	0903	19320903	20150903	84	0.00		0.00	0.00		0.00	0.00	0.00	0.00	0.00	0.00	0.00	0.00	0.00	0.00	0.00	0.00	0.00	0.00	0.00	0.00	0.00	0.00	0.00	
11274500	0904	19320904	20150904	84	0.00		0.00	0.00		0.00	0.00	0.00	0.00	0.00	0.00	0.00	0.00	0.00	0.00	0.00	0.00	0.00	0.00	0.00	0.00	0.00	0.00	0.00	
11274500	0905	19320905	20150905	84	0.00		0.00	0.00		0.00	0.00	0.00	0.00	0.00	0.00	0.00	0.00	0.00	0.00	0.00	0.00	0.00	0.00	0.00	0.00	0.00	0.00	0.00	
11274500	0906	19320906	20150906	84	0.00		0.00	0.00		0.00	0.00	0.00	0.00	0.00	0.00	0.00	0.00	0.00	0.00	0.00	0.00	0.00	0.00	0.00	0.00	0.00	0.00	0.00	
11274500	0907	19320907	20150907	84	0.00		0.00	0.00		0.00	0.00	0.00	0.00	0.00	0.00	0.00	0.00	0.00	0.00	0.00	0.00	0.00	0.00	0.00	0.00	0.00	0.00	0.00	
11274500	0908	19320908	20150908	84	0.00		0.00	0.00		0.00	0.00	0.00	0.00	0.00	0.00	0.00	0.00	0.00	0.00	0.00	0.00	0.00	0.00	0.00	0.00	0.00	0.00	0.00	
11274500	0909	19320909	20150909	84	0.00		0.00	0.00		0.00	0.00	0.00	0.00	0.00	0.00	0.00	0.00	0.00	0.00	0.00	0.00	0.00	0.00	0.00	0.00	0.00	0.00	0.00	
11274500	0910	19320910	20150910	84	0.00		0.00	0.00		0.00	0.00	0.00	0.00	0.00	0.00	0.00	0.00	0.00	0.00	0.00	0.00	0.00	0.00	0.00	0.00	0.00	0.00	0.00	
11274500	0911	19320911	20150911	84	0.00		0.00	0.00		0.00	0.00	0.00	0.00	0.00	0.00	0.00	0.00	0.00	0.00	0.00	0.00	0.00	0.00	0.00	0.00	0.00	0.00	0.00	
11274500	0912	19320912	20150912	84	0.00		0.00	0.00		0.00	0.00	0.00	0.00	0.00	0.00	0.00	0.00	0.00	0.00	0.00	0.00	0.00	0.00	0.00	0.00	0.00	0.00	0.00	
11274500	0913	19320913	20150913	84	0.00		0.00	0.00		0.00	0.00	0.00	0.00	0.00	0.00	0.00	0.00	0.00	0.00	0.00	0.00	0.00	0.00	0.00	0.00	0.00	0.00	0.00	
11274500	0914	19320914	20150914	84	0.00		0.00	0.00		0.00	0.00	0.00	0.00	0.00	0.00	0.00	0.00	0.00	0.00	0.00	0.00	0.00	0.00	0.00	0.00	0.00	0.00	0.00	
11274500	0915	19320915	20150915	84	0.00		0.00	0.00		0.00	0.00	0.00	0.00	0.00	0.00	0.00	0.00	0.00	0.00	0.00	0.00	0.00	0.00	0.00	0.00	0.00	0.00	0.00	
11274500	0916	19320916	20150916	84	0.00		0.00	0.00		0.00	0.00	0.00	0.00	0.00	0.00	0.00	0.00	0.00	0.00	0.00	0.00	0.00	0.00	0.00	0.00	0.00	0.00	0.00	
11274500	0917	19320917	20150917	84	0.00		0.00	0.00		0.00	0.00	0.00	0.00	0.00	0.00	0.00	0.00	0.00	0.00	0.00	0.00	0.00	0.00	0.00	0.00	0.00	0.00	0.00	
11274500	0918	19320918	20150918	84	0.00		0.00	0.00		0.00	0.00	0.00	0.00	0.00	0.00	0.00	0.00	0.00	0.00	0.00	0.00	0.00	0.00	0.00	0.00	0.00	0.00	0.00	
11274500	0919	19320919	20150919	84	0.00		0.00	0.00		0.00	0.00	0.00	0.00	0.00	0.00	0.00	0.00	0.00	0.00	0.00	0.00	0.00	0.00	0.00	0.00	0.00	0.00	0.00	
11274500	0920	19320920	20150920	84	0.00		0.00	0.00		0.00	0.00	0.00	0.00	0.00	0.00	0.00	0.00	0.00	0.00	0.00	0.00	0.00	0.00	0.00	0.00	0.00	0.00	0.00	
11274500	0921	19320921	20150921	84	0.00		0.00	0.00		0.00	0.00	0.00	0.00	0.00	0.00	0.00	0.00	0.00	0.00	0.00	0.00	0.00	0.00	0.00	0.00	0.00	0.00	0.00	
11274500	0922	19320922	20150922	84	0.00		0.00	0.00		0.00	0.00	0.00	0.00	0.00	0.00	0.00	0.00	0.00	0.00	0.00	0.00	0.00	0.00	0.00	0.00	0.00	0.00	0.00	
11274500	0923	19320923	20150923	84	0.00		0.00	0.00		0.00	0.00	0.00	0.00	0.00	0.00	0.00	0.00	0.00	0.00	0.00	0.00	0.00	0.00	0.00	0.00	0.00	0.00	0.00	
11274500	0924	19320924	20150924	84	0.00		0.00	0.00		0.00	0.00	0.00	0.00	0.00	0.00	0.00	0.00	0.00	0.00	0.00	0.00	0.00	0.00	0.00	0.00	0.00	0.00	0.00	
11274500	0925	19320925	20150925	84	0.00		0.00	0.00		0.00	0.00	0.00	0.00	0.00	0.00	0.00	0.00	0.00	0.00	0.00	0.00	0.00	0.00	0.00	0.00	0.00	0.00	0.00	
11274500	0926	19320926	20150926	84	0.00		0.00	0.00		0.00	0.00	0.00	0.00	0.00	0.00	0.00	0.00	0.00	0.00	0.00	0.00	0.00	0.00	0.00	0.00	0.00	0.00	0.00	
11274500	0927	19320927	20150927	84	0.00		0.00	0.00		0.00	0.00	0.00	0.00	0.00	0.00	0.00	0.00	0.00	0.00	0.00	0.00	0.00	0.00	0.00	0.00	0.00	0.00	0.00	
11274500	0928	19320928	20150928	84	0.00		0.00	0.00		0.00	0.00	0.00	0.00	0.00	0.00	0.00	0.00	0.00	0.00	0.00	0.00	0.00	0.00	0.00	0.00	0.00	0.00	0.00	
11274500	0929	19320929	20150929	84	0.00		0.00	0.00		0.00	0.00	0.00	0.00	0.00	0.00	0.00	0.00	0.00	0.00	0.00	0.00	0.00	0.00	0.00	0.00	0.00	0.00	0.00	
11274500	0930	19320930	20150930	84	0.00		0.00	0.00		0.00	0.00	0.00	0.00	0.00	0.00	0.00	0.00	0.00	0.00	0.00	0.00	0.00	0.00	0.00	0.00	0.00	0.00	0.00	
11274500	1001	19321001	20151001	84	0.00		0.00	0.00		0.00	0.00	0.00	0.00	0.00	0.00	0.00	0.00	0.00	0.00	0.00	0.00	0.00	0.00	0.00	0.00	0.00	0.00	0.00	
11274500	1002	19321002	20151002	84	0.00		0.00	0.00		0.00	0.00	0.00	0.00	0.00	0.00	0.00	0.00	0.00	0.00	0.00	0.00	0.00	0.00	0.00	0.00	0.00	0.00	0.00	
11274500	1003	19321003	20151003	84	0.00		0.00	0.00		0.00	0.00	0.00	0.00	0.00	0.00	0.00	0.00	0.00	0.00	0.00	0.00	0.00	0.00	0.00	0.00	0.00	0.00	0.00	
11274500	1004	19321004	20151004	84	0.00		0.00	0.00		0.00	0.00	0.00	0.00	0.00	0.00	0.00	0.00	0.00	0.00	0.00	0.00	0.00	0.00	0.00	0.00	0.00	0.00	0.00	
11274500	1005	19321005	20151005	84	0.00		0.00	0.00		0.00	0.00	0.00	0.00	0.00	0.00	0.00	0.00	0.00	0.00	0.00	0.00	0.00	0.00	0.00	0.00	0.00	0.00	0.00	
11274500	1006	19321006	20151006	84	0.00		0.00	0.00		0.00	0.00	0.00	0.00	0.00	0.00	0.00	0.00	0.00	0.00	0.00	0.00	0.00	0.00	0.00	0.00	0.00	0.00	0.00	
11274500	1007	19321007	20141007	83	0.00		0.00	0.00		0.00	0.00	0.00	0.00	0.00	0.00	0.00	0.00	0.00	0.00	0.00	0.00	0.00	0.00	0.00	0.00	0.00	0.00	0.00	
11274500	1008	19321008	20141008	83	0.00		0.00	0.00		0.00	0.00	0.00	0.00	0.00	0.00	0.00	0.00	0.00	0.00	0.00	0.00	0.00	0.00	0.00	0.00	0.00	0.00	0.00	
11274500	1009	19321009	20141009	83	0.00		0.00	0.00		0.00	0.00	0.00	0.00	0.00	0.00	0.00	0.00	0.00	0.00	0.00	0.00	0.00	0.00	0.00	0.00	0.00	0.00	0.00	
11274500	1010	19321010	20141010	83	0.00		0.00	0.00		0.00	0.00	0.00	0.00	0.00	0.00	0.00	0.00	0.00	0.00	0.00	0.00	0.00	0.00	0.00	0.00	0.00	0.00	0.00	
11274500	1011	19321011	20141011	83	0.00		0.00	0.00		0.00	0.00	0.00	0.00	0.00	0.00	0.00	0.00	0.00	0.00	0.00	0.00	0.00	0.00	0.00	0.00	0.00	0.00	0.00	
11274500	1012	19321012	20141012	83	0.00		0.00	0.00		0.00	0.00	0.00	0.00	0.00	0.00	0.00	0.00	0.00	0.00	0.00	0.00	0.00	0.00	0.00	0.00	0.00	0.00	0.00	
11274500	1013	19321013	20141013	83	0.00		0.00	0.00		0.00	0.00	0.00	0.00	0.00	0.00	0.00	0.00	0.00	0.00	0.00	0.00	0.00	0.00	0.00	0.00	0.00	0.00	0.00	
11274500	1014	19321014	20141014	83	1.55	14.16	0.00	129.00		0.00	0.00	0.00	0.00	0.00	0.00	0.00	0.00	0.00	0.00	0.00	0.00	0.00	0.00	0.00	0.00	0.00	0.00	0.00	
11274500	1015	19321015	20141015	83	0.14	1.32	0.00	12.00		0.00	0.00	0.00	0.00	0.00	0.00	0.00	0.00	0.00	0.00	0.00	0.00	0.00	0.00	0.00	0.00	0.00	0.00	0.00	
11274500	1016	19321016	20141016	83	0.00	0.03	0.00	0.24		0.00	0.00	0.00	0.00	0.00	0.00	0.00	0.00	0.00	0.00	0.00	0.00	0.00	0.00	0.00	0.00	0.00	0.00	0.00	
11274500	1017	19321017	20141017	83	0.00		0.00	0.00		0.00	0.00	0.00	0.00	0.00	0.00	0.00	0.00	0.00	0.00	0.00	0.00	0.00	0.00	0.00	0.00	0.00	0.00	0.00	
11274500	1018	19321018	20141018	83	0.00		0.00	0.00		0.00	0.00	0.00	0.00	0.00	0.00	0.00	0.00	0.00	0.00	0.00	0.00	0.00	0.00	0.00	0.00	0.00	0.00	0.00	
11274500	1019	19321019	20141019	83	0.00		0.00	0.00		0.00	0.00	0.00	0.00	0.00	0.00	0.00	0.00	0.00	0.00	0.00	0.00	0.00	0.00	0.00	0.00	0.00	0.00	0.00	
11274500	1020	19321020	20141020	83	0.00		0.00	0.00		0.00	0.00	0.00	0.00	0.00	0.00	0.00	0.00	0.00	0.00	0.00	0.00	0.00	0.00	0.00	0.00	0.00	0.00	0.00	
11274500	1021	19321021	20141021	83	0.00		0.00	0.00		0.00	0.00	0.00	0.00	0.00	0.00	0.00	0.00	0.00	0.00	0.00	0.00	0.00	0.00	0.00	0.00	0.00	0.00	0.00	
11274500	1022	19321022	20141022	83	0.00		0.00	0.00		0.00	0.00	0.00	0.00	0.00	0.00	0.00	0.00	0.00	0.00	0.00	0.00	0.00	0.00	0.00	0.00	0.00	0.00	0.00	
11274500	1023	19321023	20141023	83	0.00		0.00	0.00		0.00	0.00	0.00	0.00	0.00	0.00	0.00	0.00	0.00	0.00	0.00	0.00	0.00	0.00	0.00	0.00	0.00	0.00	0.00	
11274500	1024	19321024	20141024	83	0.00		0.00	0.00		0.00	0.00	0.00	0.00	0.00	0.00	0.00	0.00	0.00	0.00	0.00	0.00	0.00	0.00	0.00	0.00	0.00	0.00	0.00	
11274500	1025	19321025	20141025	83	0.00		0.00	0.00		0.00	0.00	0.00	0.00	0.00	0.00	0.00	0.00	0.00	0.00	0.00	0.00	0.00	0.00	0.00	0.00	0.00	0.00	0.00	
11274500	1026	19321026	20141026	83	0.00		0.00	0.00		0.00	0.00	0.00	0.00	0.00	0.00	0.00	0.00	0.00	0.00	0.00	0.00	0.00	0.00	0.00	0.00	0.00	0.00	0.00	
11274500	1027	19321027	20141027	83	0.00		0.00	0.00		0.00	0.00	0.00	0.00	0.00	0.00	0.00	0.00	0.00	0.00	0.00	0.00	0.00	0.00	0.00	0.00	0.00	0.00	0.00	
11274500	1028	19321028	20141028	83	0.00		0.00	0.00		0.00	0.00	0.00	0.00	0.00	0.00	0.00	0.00	0.00	0.00	0.00	0.00	0.00	0.00	0.00	0.00	0.00	0.00	0.00	
11274500	1029	19321029	20141029	83	0.00		0.00	0.00		0.00	0.00	0.00	0.00	0.00	0.00	0.00	0.00	0.00	0.00	0.00	0.00	0.00	0.00	0.00	0.00	0.00	0.00	0.00	
11274500	1030	19321030	20141030	83	0.00		0.00	0.00		0.00	0.00	0.00	0.00	0.00	0.00	0.00	0.00	0.00	0.00	0.00	0.00	0.00	0.00	0.00	0.00	0.00	0.00	0.00	
11274500	1031	19321031	20141031	83	0.00		0.00	0.00		0.00	0.00	0.00	0.00	0.00	0.00	0.00	0.00	0.00	0.00	0.00	0.00	0.00	0.00	0.00	0.00	0.00	0.00	0.00	
11274500	1101	19321101	20141101	83	0.00		0.00	0.00		0.00	0.00	0.00	0.00	0.00	0.00	0.00	0.00	0.00	0.00	0.00	0.00	0.00	0.00	0.00	0.00	0.00	0.00	0.00	
11274500	1102	19321102	20141102	83	0.00		0.00	0.00		0.00	0.00	0.00	0.00	0.00	0.00	0.00	0.00	0.00	0.00	0.00	0.00	0.00	0.00	0.00	0.00	0.00	0.00	0.00	
11274500	1103	19321103	20141103	83	0.00		0.00	0.00		0.00	0.00	0.00	0.00	0.00	0.00	0.00	0.00	0.00	0.00	0.00	0.00	0.00	0.00	0.00	0.00	0.00	0.00	0.00	
11274500	1104	19321104	20141104	83	0.00		0.00	0.00		0.00	0.00	0.00	0.00	0.00	0.00	0.00	0.00	0.00	0.00	0.00	0.00	0.00	0.00	0.00	0.00	0.00	0.00	0.00	
11274500	1105	19321105	20141105	83	0.00		0.00	0.00		0.00	0.00	0.00	0.00	0.00	0.00	0.00	0.00	0.00	0.00	0.00	0.00	0.00	0.00	0.00	0.00	0.00	0.00	0.00	
11274500	1106	19321106	20141106	83	0.00		0.00	0.00		0.00	0.00	0.00	0.00	0.00	0.00	0.00	0.00	0.00	0.00	0.00	0.00	0.00	0.00	0.00	0.00	0.00	0.00	0.00	
11274500	1107	19321107	20141107	83	0.00		0.00	0.00		0.00	0.00	0.00	0.00	0.00	0.00	0.00	0.00	0.00	0.00	0.00	0.00	0.00	0.00	0.00	0.00	0.00	0.00	0.00	
11274500	1108	19321108	20141108	83	0.00		0.00	0.00		0.00	0.00	0.00	0.00	0.00	0.00	0.00	0.00	0.00	0.00	0.00	0.00	0.00	0.00	0.00	0.00	0.00	0.00	0.00	
11274500	1109	19321109	20141109	83	0.00		0.00	0.00		0.00	0.00	0.00	0.00	0.00	0.00	0.00	0.00	0.00	0.00	0.00	0.00	0.00	0.00	0.00	0.00	0.00	0.00	0.00	
11274500	1110	19321110	20141110	83	0.00		0.00	0.00		0.00	0.00	0.00	0.00	0.00	0.00	0.00	0.00	0.00	0.00	0.00	0.00	0.00	0.00	0.00	0.00	0.00	0.00	0.00	
11274500	1111	19321111	20141111	83	0.00	0.02	0.00	0.15		0.00	0.00	0.00	0.00	0.00	0.00	0.00	0.00	0.00	0.00	0.00	0.00	0.00	0.00	0.00	0.00	0.00	0.00	0.00	
11274500	1112	19321112	20141112	83	0.00	0.00	0.00	0.04		0.00	0.00	0.00	0.00	0.00	0.00	0.00	0.00	0.00	0.00	0.00	0.00	0.00	0.00	0.00	0.00	0.00	0.00	0.00	
11274500	1113	19321113	20141113	83	0.04	0.31	0.00	2.70		0.00	0.00	0.00	0.00	0.00	0.00	0.00	0.00	0.00	0.00	0.00	0.00	0.00	0.00	0.00	0.00	0.00	0.00	0.00	
11274500	1114	19321114	20141114	83	0.08	0.76	0.00	6.90		0.00	0.00	0.00	0.00	0.00	0.00	0.00	0.00	0.00	0.00	0.00	0.00	0.00	0.00	0.00	0.00	0.00	0.00	0.00	
11274500	1115	19321115	20141115	83	0.05	0.48	0.00	4.40		0.00	0.00	0.00	0.00	0.00	0.00	0.00	0.00	0.00	0.00	0.00	0.00	0.00	0.00	0.00	0.00	0.00	0.00	0.00	
11274500	1116	19321116	20141116	83	2.09	18.99	0.00	173.00		0.00	0.00	0.00	0.00	0.00	0.00	0.00	0.00	0.00	0.00	0.00	0.00	0.00	0.00	0.00	0.00	0.00	0.00	0.00	
11274500	1117	19321117	20141117	83	1.38	12.51	0.00	114.00		0.00	0.00	0.00	0.00	0.00	0.00	0.00	0.00	0.00	0.00	0.00	0.00	0.00	0.00	0.00	0.00	0.00	0.00	0.00	
11274500	1118	19321118	20141118	83	0.34	2.76	0.00	25.00		0.00	0.00	0.00	0.00	0.00	0.00	0.00	0.00	0.00	0.00	0.00	0.00	0.00	0.00	0.00	0.00	0.00	0.00	0.00	
11274500	1119	19321119	20141119	83	5.57	49.39	0.00	450.00		0.00	0.00	0.00	0.00	0.00	0.00	0.00	0.00	0.00	0.00	0.00	0.00	0.00	0.00	0.00	0.00	0.00	0.00	0.00	
11274500	1120	19321120	20141120	83	3.27	28.33	0.00	258.00		0.00	0.00	0.00	0.00	0.00	0.00	0.00	0.00	0.00	0.00	0.00	0.00	0.00	0.00	0.00	0.00	0.00	0.00	0.00	
11274500	1121	19321121	20141121	83	2.35	17.52	0.00	155.00		0.00	0.00	0.00	0.00	0.00	0.00	0.00	0.00	0.00	0.00	0.00	0.00	0.00	0.00	0.00	0.00	0.00	0.00	0.00	
11274500	1122	19321122	20141122	83	0.72	4.88	0.00	40.00		0.00	0.00	0.00	0.00	0.00	0.00	0.00	0.00	0.00	0.00	0.00	0.00	0.00	0.00	0.00	0.00	0.00	0.00	0.00	
11274500	1123	19321123	20141123	83	0.29	1.88	0.00	14.00		0.00	0.00	0.00	0.00	0.00	0.00	0.00	0.00	0.00	0.00	0.00	0.00	0.00	0.00	0.00	0.00	0.00	0.00	0.00	
11274500	1124	19321124	20141124	83	0.70	5.74	0.00	52.00		0.00	0.00	0.00	0.00	0.00	0.00	0.00	0.00	0.00	0.00	0.00	0.00	0.00	0.00	0.00	0.00	0.00	0.00	0.00	
11274500	1125	19321125	20141125	83	1.08	9.55	0.00	87.00		0.00	0.00	0.00	0.00	0.00	0.00	0.00	0.00	0.00	0.00	0.00	0.00	0.00	0.00	0.00	0.00	0.00	0.00	0.00	
11274500	1126	19321126	20141126	83	0.41	3.62	0.00	33.00		0.00	0.00	0.00	0.00	0.00	0.00	0.00	0.00	0.00	0.00	0.00	0.00	0.00	0.00	0.00	0.00	0.00	0.00	0.00	
11274500	1127	19321127	20141127	83	0.20	1.87	0.00	17.00		0.00	0.00	0.00	0.00	0.00	0.00	0.00	0.00	0.00	0.00	0.00	0.00	0.00	0.00	0.00	0.00	0.00	0.00	0.00	
11274500	1128	19321128	20141128	83	0.11	0.98	0.00	8.90		0.00	0.00	0.00	0.00	0.00	0.00	0.00	0.00	0.00	0.00	0.00	0.00	0.00	0.00	0.00	0.00	0.00	0.00	0.00	
11274500	1129	19321129	20141129	83	0.10	0.76	0.00	6.70		0.00	0.00	0.00	0.00	0.00	0.00	0.00	0.00	0.00	0.00	0.00	0.00	0.00	0.00	0.00	0.00	0.00	0.00	0.00	
11274500	1130	19321130	20141130	83	3.86	34.46	0.00	314.00		0.00	0.00	0.00	0.00	0.00	0.00	0.00	0.00	0.00	0.00	0.00	0.00	0.00	0.00	0.00	0.00	0.00	0.00	0.00	
11274500	1201	19321201	20141201	83	2.01	15.51	0.00	140.00		0.00	0.00	0.00	0.00	0.00	0.00	0.00	0.00	0.00	0.00	0.00	0.00	0.00	0.00	0.00	0.00	0.00	0.00	0.00	
11274500	1202	19321202	20141202	83	1.45	7.52	0.00	54.00		0.00	0.00	0.00	0.00	0.00	0.00	0.00	0.00	0.00	0.00	0.00	0.00	0.00	0.00	0.00	0.00	0.00	0.00	4.08	
11274500	1203	19321203	20141203	83	4.63	33.58	0.00	304.00		0.00	0.00	0.00	0.00	0.00	0.00	0.00	0.00	0.00	0.00	0.00	0.00	0.00	0.00	0.00	0.00	0.00	0.00	15.66	
11274500	1204	19321204	20141204	83	11.70	82.50	0.00	738.00		0.00	0.00	0.00	0.00	0.00	0.00	0.00	0.00	0.00	0.00	0.00	0.00	0.00	0.00	0.00	0.00	0.00	0.00	13.96	
11274500	1205	19321205	20141205	83	4.70	25.27	0.00	180.00		0.00	0.00	0.00	0.00	0.00	0.00	0.00	0.00	0.00	0.00	0.00	0.00	0.00	0.00	0.00	0.00	0.00	0.00	23.00	
11274500	1206	19321206	20141206	83	5.91	40.82	0.00	365.00		0.00	0.00	0.00	0.00	0.00	0.00	0.00	0.00	0.00	0.00	0.00	0.00	0.00	0.00	0.00	0.00	0.00	0.00	13.80	
11274500	1207	19321207	20141207	83	3.20	16.69	0.00	109.00		0.00	0.00	0.00	0.00	0.00	0.00	0.00	0.00	0.00	0.00	0.00	0.00	0.00	0.00	0.00	0.00	0.00	0.00	12.78	
11274500	1208	19321208	20141208	83	12.28	102.62	0.00	935.00		0.00	0.00	0.00	0.00	0.00	0.00	0.00	0.00	0.00	0.00	0.00	0.00	0.00	0.00	0.00	0.00	0.00	0.00	14.60	
11274500	1209	19321209	20141209	83	4.02	27.04	0.00	242.00		0.00	0.00	0.00	0.00	0.00	0.00	0.00	0.00	0.00	0.00	0.00	0.00	0.00	0.00	0.00	0.00	0.00	0.00	15.30	
11274500	1210	19321210	20141210	83	8.09	49.40	0.00	426.00		0.00	0.00	0.00	0.00	0.00	0.00	0.00	0.00	0.00	0.00	0.00	0.00	0.00	0.00	0.00	0.00	0.00	0.00	13.40	
11274500	1211	19321211	20141211	83	17.98	121.35	0.00	1070.00		0.00	0.00	0.00	0.00	0.00	0.00	0.00	0.00	0.00	0.00	0.00	0.00	0.00	0.00	0.00	0.00	0.00	0.00	45.18	
11274500	1212	19321212	20141212	83	5.87	26.50	0.00	197.00		0.00	0.00	0.00	0.00	0.00	0.00	0.00	0.00	0.00	0.00	0.00	0.00	0.00	0.00	0.00	0.00	0.00	0.66	72.40	
11274500	1213	19321213	20141213	83	2.84	11.86	0.00	76.00		0.00	0.00	0.00	0.00	0.00	0.00	0.00	0.00	0.00	0.00	0.00	0.00	0.00	0.00	0.00	0.00	0.00	0.00	30.60	
11274500	1214	19321214	20141214	83	1.80	8.30	0.00	59.00		0.00	0.00	0.00	0.00	0.00	0.00	0.00	0.00	0.00	0.00	0.00	0.00	0.00	0.00	0.00	0.00	0.00	0.00	15.98	
11274500	1215	19321215	20141215	83	2.39	11.31	0.00	87.00		0.00	0.00	0.00	0.00	0.00	0.00	0.00	0.00	0.00	0.00	0.00	0.00	0.00	0.00	0.00	0.00	0.00	0.00	23.90	
11274500	1216	19321216	20141216	83	12.47	74.24	0.00	576.00		0.00	0.00	0.00	0.00	0.00	0.00	0.00	0.00	0.00	0.00	0.00	0.00	0.00	0.00	0.00	0.00	0.00	2.30	23.60	
11274500	1217	19321217	20141217	83	5.93	32.11	0.00	260.00		0.00	0.00	0.00	0.00	0.00	0.00	0.00	0.00	0.00	0.00	0.00	0.00	0.00	0.00	0.00	0.00	0.00	1.42	21.60	
11274500	1218	19321218	20141218	83	3.14	14.07	0.00	94.00		0.00	0.00	0.00	0.00	0.00	0.00	0.00	0.00	0.00	0.00	0.00	0.00	0.00	0.00	0.00	0.00	0.00	2.80	18.00	
11274500	1219	19321219	20141219	83	3.97	17.74	0.00	120.00		0.00	0.00	0.00	0.00	0.00	0.00	0.00	0.00	0.00	0.00	0.00	0.00	0.00	0.00	0.00	0.00	0.00	1.84	17.00	
11274500	1220	19321220	20141220	83	7.98	54.51	0.00	491.00		0.00	0.00	0.00	0.00	0.00	0.00	0.00	0.00	0.00	0.00	0.00	0.00	0.00	0.00	0.00	0.00	0.00	4.90	14.20	
11274500	1221	19321221	20141221	83	10.87	54.63	0.00	379.00		0.00	0.00	0.00	0.00	0.00	0.00	0.00	0.00	0.00	0.00	0.00	0.00	0.00	0.00	0.00	0.00	0.00	7.64	47.80	
11274500	1222	19321222	20141222	83	26.70	148.27	0.00	1150.00		0.00	0.00	0.00	0.00	0.00	0.00	0.00	0.00	0.00	0.00	0.00	0.00	0.00	0.00	0.00	0.00	0.00	6.52	109.60	
11274500	1223	19321223	20141223	83	54.60	353.21	0.00	3170.00		0.00	0.00	0.00	0.00	0.00	0.00	0.00	0.00	0.00	0.00	0.00	0.00	0.00	0.00	0.00	0.06	4.34	19.80	231.00	
11274500	1224	19321224	20141224	83	38.78	214.32	0.00	1460.00		0.00	0.00	0.00	0.00	0.00	0.00	0.00	0.00	0.00	0.00	0.00	0.00	0.00	0.00	0.00	0.04	4.72	22.80	91.60	
11274500	1225	19321225	20141225	83	20.34	86.77	0.00	637.00		0.00	0.00	0.00	0.00	0.00	0.00	0.00	0.00	0.00	0.00	0.00	0.00	0.00	0.00	0.00	0.00	4.36	19.20	108.80	
11274500	1226	19321226	20141226	83	11.07	41.09	0.00	260.00		0.00	0.00	0.00	0.00	0.00	0.00	0.00	0.00	0.00	0.00	0.00	0.00	0.00	0.00	0.00	0.00	3.60	15.80	79.60	
11274500	1227	19321227	20141227	83	15.88	68.57	0.00	567.00		0.00	0.00	0.00	0.00	0.00	0.00	0.00	0.00	0.00	0.00	0.00	0.00	0.00	0.00	0.00	0.05	7.88	46.60	94.80	
11274500	1228	19321228	20141228	83	15.93	59.27	0.00	419.00		0.00	0.00	0.00	0.00	0.00	0.00	0.00	0.00	0.00	0.00	0.00	0.00	0.00	0.00	0.00	0.07	8.30	40.40	100.00	
11274500	1229	19321229	20141229	83	19.16	70.71	0.00	587.00		0.00	0.00	0.00	0.00	0.00	0.00	0.00	0.00	0.00	0.00	0.00	0.00	0.00	0.00	0.00	3.20	31.80	61.20	117.40	
11274500	1230	19321230	20141230	83	15.70	41.14	0.00	238.00		0.00	0.00	0.00	0.00	0.00	0.00	0.00	0.00	0.00	0.00	0.00	0.00	0.00	0.00	0.48	19.00	31.60	69.00	91.20	
11274500	1231	19321231	20141231	83	23.91	68.53	0.00	451.00		0.00	0.00	0.00	0.00	0.00	0.00	0.00	0.00	0.00	0.00	0.00	0.00	0.00	0.00	3.10	17.80	46.00	99.40	113.40	
