site_no	monthday	begin_dt	end_dt	count_nu	mean	std	min	max	p01	p05	p10	p15	p20	p25	p30	p35	p40	p45	p50	p55	p60	p65	p70	p75	p80	p85	p90	p95	p99
14233500	ALL	19471001	20150930	24837	4766.91	4160.84	0.00	84300.00	741.38	1040.00	1260.00	1470.00	1730.00	2010.00	2324.00	2660.00	2990.00	3330.00	3700.00	4119.00	4530.00	4990.00	5540.00	6170.00	6960.00	7920.00	9350.00	11900.00	20000.00
14233500	0101	19480101	20150101	68	5153.24	5140.58	1230.00	40000.00		1793.50	2195.00	2347.00	2478.00	2637.50	2820.00	2892.00	3318.00	3458.50	3690.00	4315.00	4610.00	4818.50	5131.00	5617.50	6550.00	7804.00	9120.00	11930.00	
14233500	0102	19480102	20150102	68	4956.91	4574.52	1380.00	36500.00		1807.00	2127.00	2304.50	2482.00	2742.50	2862.00	3043.50	3200.00	3316.50	3925.00	4346.50	4514.00	4780.00	5261.00	5597.50	6802.00	7710.00	8104.00	10255.00	
14233500	0103	19480103	20150103	68	5031.47	4171.16	1310.00	31100.00		1768.00	2097.00	2301.00	2428.00	2675.00	2865.00	3071.50	3234.00	3603.50	3950.00	4116.50	4512.00	4994.00	5256.00	6045.00	6624.00	8130.00	8743.00	12055.00	
14233500	0104	19480104	20150104	68	4995.15	3803.38	1310.00	24700.00		1713.00	2144.00	2297.50	2452.00	2712.50	2844.00	3003.00	3376.00	3641.00	3890.00	4445.00	4728.00	5122.00	5465.00	5975.00	6796.00	7261.00	7941.00	12685.00	
14233500	0105	19480105	20150105	68	5352.06	4069.18	1320.00	23200.00		1708.00	1977.00	2261.00	2512.00	2617.50	2781.00	3050.00	3488.00	3590.50	4125.00	4401.00	4812.00	5458.00	6287.00	6400.00	7196.00	9788.50	10510.00	13210.00	
14233500	0106	19480106	20150106	68	5363.24	3975.97	1270.00	20500.00		1761.50	2091.00	2303.50	2496.00	2532.50	3039.00	3293.00	3458.00	3830.50	4195.00	4484.00	4900.00	5120.00	5995.00	6477.50	7750.00	8743.00	9662.00	16430.00	
14233500	0107	19480107	20150107	68	6021.47	5163.44	1220.00	23900.00		1670.00	2147.00	2310.00	2422.00	2580.00	2998.00	3270.00	3406.00	3673.00	3985.00	4471.50	4850.00	5400.50	5960.00	7195.00	9628.00	10425.00	12940.00	20920.00	
14233500	0108	19480108	20150108	68	6622.79	7828.87	1200.00	47800.00		1609.00	2131.00	2330.00	2480.00	2937.50	3098.00	3166.00	3242.00	3690.50	3975.00	4615.50	4816.00	4965.50	5387.00	6570.00	8688.00	9959.00	16200.00	22930.00	
14233500	0109	19480109	20150109	68	6257.94	6282.72	1230.00	34900.00		1579.50	2222.00	2280.00	2452.00	2982.50	3059.00	3271.50	3496.00	4041.50	4340.00	4547.50	4708.00	5260.50	6024.00	7530.00	8318.00	9303.00	13070.00	22270.00	
14233500	0110	19480110	20150110	68	6063.09	6187.00	1260.00	43600.00		1552.00	2140.00	2285.00	2608.00	2895.00	3016.00	3306.00	3622.00	3951.50	4165.00	4403.50	4888.00	5285.50	6180.00	7007.50	8138.00	9933.50	11820.00	16085.00	
14233500	0111	19480111	20150111	68	5591.18	4813.96	1260.00	28300.00		1536.00	2088.00	2302.50	2716.00	2855.00	3101.00	3213.00	3608.00	3832.50	3955.00	4811.50	4972.00	5511.00	6175.00	6457.50	7294.00	8430.50	10410.00	13365.00	
14233500	0112	19480112	20150112	68	5420.88	4002.16	1290.00	22800.00		1523.50	2062.00	2235.00	2584.00	2875.00	3181.00	3515.00	3732.00	3965.00	4280.00	4737.50	5410.00	5803.00	6088.00	6497.50	6724.00	7704.00	10064.00	15335.00	
14233500	0113	19480113	20150113	68	5526.32	3685.49	1280.00	19400.00		1495.50	2016.00	2251.50	2546.00	3035.00	3397.00	3482.00	4036.00	4236.50	4565.00	5091.50	5616.00	5697.00	5993.00	6605.00	7426.00	9229.50	10610.00	14255.00	
14233500	0114	19480114	20150114	68	5894.71	3873.28	1230.00	19100.00		1634.50	2053.00	2285.00	2852.00	3237.50	3363.00	4143.00	4312.00	4447.00	4935.00	5180.00	5448.00	5975.00	6837.00	7477.50	8112.00	9568.00	11390.00	14910.00	
14233500	0115	19480115	20150115	68	6608.82	5386.17	1260.00	35900.00		1584.50	1950.00	2287.00	2834.00	3090.00	3720.00	4160.50	4532.00	4791.00	5140.00	5375.50	5928.00	6725.00	7691.00	8640.00	9500.00	10330.00	13980.00	16075.00	
14233500	0116	19480116	20150116	68	7188.82	8144.75	1230.00	59700.00		1562.50	1942.00	2310.50	2704.00	2932.50	3767.00	4286.50	4480.00	4746.00	5060.00	5712.50	6044.00	6783.00	7729.00	8010.00	9292.00	10760.00	12520.00	19855.00	
14233500	0117	19480117	20150117	68	7140.44	8108.42	1210.00	49600.00		1734.00	2057.00	2317.50	2728.00	2885.00	3655.00	4182.50	4500.00	4908.50	5345.00	5745.50	6058.00	6395.50	7024.00	7982.50	8488.00	11001.50	12100.00	17755.00	
14233500	0118	19480118	20150118	68	7146.32	6372.34	1190.00	35600.00		1706.00	2082.00	2608.50	2758.00	3162.50	3757.00	4026.00	4170.00	4660.00	5300.00	5794.50	6538.00	6997.00	7590.00	8147.50	9652.00	10925.00	14670.00	22780.00	
14233500	0119	19480119	20150119	68	7146.47	5872.62	1200.00	24700.00		1701.50	2141.00	2498.50	2700.00	3192.50	3694.00	3920.00	4200.00	4810.50	5200.00	5947.50	6214.00	6940.50	7502.00	7972.50	9268.00	12730.00	17390.00	22865.00	
14233500	0120	19480120	20150120	68	6630.44	5008.94	1410.00	22600.00		1723.50	2133.00	2478.00	2842.00	3250.00	3478.00	3674.50	4204.00	4528.00	5060.00	5457.50	6242.00	6750.50	7333.00	7622.50	9188.00	12365.00	15310.00	18300.00	
14233500	0121	19480121	20150121	68	6332.94	5033.36	1660.00	32200.00		1737.00	2092.00	2432.50	2820.00	3097.50	3284.00	3480.50	3798.00	4511.50	4685.00	5028.00	6124.00	6264.00	7105.00	7905.00	8944.00	11215.00	12720.00	15295.00	
14233500	0122	19480122	20150122	68	5770.15	4080.92	1620.00	22700.00		1711.50	2055.00	2424.00	2862.00	2962.50	3072.00	3560.00	3962.00	4360.50	4505.00	4677.50	5468.00	5991.50	6223.00	7127.50	8378.00	9986.00	11480.00	14610.00	
14233500	0123	19480123	20150123	68	5608.97	3991.98	1510.00	26400.00		1668.00	2012.00	2507.00	2736.00	2997.50	3101.00	3880.00	4044.00	4295.50	4540.00	4816.50	5294.00	5908.50	6363.00	6825.00	7546.00	8709.50	10450.00	13520.00	
14233500	0124	19480124	20150124	68	5899.85	4277.77	1540.00	20800.00		1683.50	1936.00	2374.00	2716.00	3007.50	3224.00	3911.50	4134.00	4382.00	4665.00	4977.50	5490.00	5978.50	6403.00	7002.50	8212.00	9524.00	10870.00	17540.00	
14233500	0125	19480125	20150125	68	6067.94	4543.36	1550.00	22500.00		1733.50	2074.00	2457.50	2672.00	3160.00	3318.00	3870.50	4018.00	4313.00	4515.00	5093.50	5596.00	5743.50	6445.00	7317.50	8642.00	9579.00	14650.00	17470.00	
14233500	0126	19480126	20150126	68	5828.82	4033.53	1490.00	18800.00		1698.00	2058.00	2385.00	2724.00	3015.00	3381.00	3753.00	3906.00	4103.50	4430.00	4778.00	5228.00	5549.00	6076.00	7950.00	8682.00	10582.00	11850.00	15445.00	
14233500	0127	19480127	20150127	68	5452.65	3459.09	1490.00	16700.00		1668.00	1936.00	2384.50	2684.00	3130.00	3333.00	3581.50	3782.00	3830.00	4305.00	4818.00	5298.00	5407.00	6067.00	7527.50	7998.00	9198.50	10200.00	13365.00	
14233500	0128	19480128	20150128	68	5390.44	3473.14	1430.00	18100.00		1700.00	1886.00	2365.50	2630.00	3120.00	3170.00	3463.00	3604.00	3796.00	4340.00	4602.00	5130.00	5470.00	6143.00	7215.00	7598.00	8639.00	11510.00	12895.00	
14233500	0129	19480129	20150129	68	5619.71	4506.01	1380.00	30000.00		1704.50	1939.00	2395.00	2720.00	3125.00	3319.00	3542.50	3826.00	4244.00	4380.00	4672.00	5172.00	5569.50	6452.00	6837.50	7220.00	8292.50	9558.00	14925.00	
14233500	0130	19480130	20150130	68	6086.18	5805.68	1330.00	42500.00		1573.50	2005.00	2461.00	2950.00	3085.00	3247.00	3563.00	3716.00	4214.50	4560.00	5069.00	5458.00	6185.00	6613.00	7330.00	8132.00	8861.00	10160.00	16390.00	
14233500	0131	19480131	20150131	68	6678.82	6784.67	1290.00	39000.00		1580.50	2022.00	2408.50	2834.00	3075.00	3260.00	3454.50	3860.00	4247.00	4585.00	4987.50	5584.00	6008.00	6263.00	7162.50	7846.00	12190.00	14000.00	19270.00	
14233500	0201	19480201	20150201	68	6838.09	7304.33	1280.00	44500.00		1620.00	2038.00	2467.00	2786.00	3192.50	3254.00	3553.50	3700.00	4176.50	4405.00	4828.50	5528.00	5787.00	6216.00	6497.50	8638.00	11520.00	15030.00	24400.00	
14233500	0202	19480202	20150202	68	5986.03	4803.70	1260.00	25100.00		1533.50	1960.00	2495.00	2730.00	3150.00	3336.00	3433.50	3820.00	4021.50	4690.00	4958.00	5322.00	5782.50	5875.00	6660.00	7796.00	10765.00	12180.00	17525.00	
14233500	0203	19480203	20150203	68	5598.38	3656.03	1320.00	16800.00		1557.50	1877.00	2427.00	2758.00	3005.00	3247.00	3374.00	3710.00	3974.50	4805.00	5307.50	5424.00	5625.00	6246.00	6917.50	8046.00	10080.00	10750.00	15015.00	
14233500	0204	19480204	20150204	68	5477.50	3688.07	1290.00	21200.00		1566.50	2035.00	2400.50	2634.00	2965.00	3097.00	3235.00	3580.00	4280.00	4645.00	4980.00	5070.00	5571.00	5838.00	7362.50	8144.00	9313.00	10780.00	12430.00	
14233500	0205	19480205	20150205	68	5334.26	3739.24	1380.00	20600.00		1666.50	2000.00	2405.50	2802.00	2997.50	3151.00	3213.50	3860.00	4331.00	4515.00	4795.00	4852.00	5156.50	5441.00	6315.00	7004.00	8968.00	10550.00	12355.00	
14233500	0206	19480206	20150206	68	5237.50	3362.17	1340.00	16000.00		1778.00	2114.00	2304.00	2554.00	2967.50	3144.00	3217.50	3704.00	4281.00	4455.00	4730.00	4812.00	5025.00	5740.00	6417.50	7096.00	8886.00	9867.00	13250.00	
14233500	0207	19480207	20150207	68	5672.21	5295.52	1300.00	39700.00		1773.50	2054.00	2410.00	2754.00	3055.00	3185.00	3432.00	4114.00	4202.00	4395.00	4679.00	4882.00	5274.00	5813.00	6435.00	7382.00	7825.00	11240.00	13365.00	
14233500	0208	19480208	20150208	68	5906.47	7387.35	1280.00	60000.00		1749.00	1945.00	2357.00	2756.00	3002.50	3174.00	3411.50	3892.00	4078.00	4385.00	4636.50	4916.00	5307.00	5733.00	6475.00	6990.00	7665.50	11100.00	12505.00	
14233500	0209	19480209	20150209	68	6151.76	10110.34	1260.00	84300.00		1739.50	2168.00	2451.50	2692.00	2957.50	3337.00	3552.00	3678.00	4052.50	4345.00	4569.50	4944.00	5048.00	5616.00	6130.00	6498.00	7632.00	10020.00	13970.00	
14233500	0210	19480210	20150210	68	5603.09	5871.50	1340.00	40800.00		1793.50	2016.00	2365.50	2506.00	2797.50	3281.00	3429.00	3592.00	3992.50	4160.00	4470.00	4858.00	5578.50	5762.00	5965.00	6372.00	7432.50	8458.00	15015.00	
14233500	0211	19480211	20150211	68	5322.21	4791.05	1750.00	32300.00		1843.50	1981.00	2377.50	2632.00	2940.00	3228.00	3411.50	3616.00	3841.50	3930.00	4318.00	4434.00	5271.00	5608.00	5810.00	6024.00	6830.00	7686.00	15110.00	
14233500	0212	19480212	20150212	68	5088.68	4104.83	1770.00	30400.00		1830.00	2171.00	2395.50	2714.00	3010.00	3175.00	3477.50	3670.00	3846.50	4130.00	4338.50	4752.00	4944.00	5403.00	5520.00	6104.00	6376.50	8535.00	12840.00	
14233500	0213	19480213	20150213	68	5155.74	3153.17	1690.00	19200.00		1823.50	2135.00	2531.50	2852.00	3045.00	3190.00	3448.00	3682.00	3953.50	4395.00	4770.50	4984.00	5453.50	5738.00	6072.50	6760.00	7845.00	9729.00	11965.00	
14233500	0214	19480214	20150214	68	5072.50	3052.34	1720.00	16000.00		1859.00	2071.00	2475.00	2730.00	2940.00	3361.00	3419.00	3606.00	4063.50	4305.00	4440.00	4856.00	5180.50	5511.00	5957.50	6856.00	7629.00	9955.00	12655.00	
14233500	0215	19480215	20150215	68	5113.38	3752.51	1730.00	27000.00		1901.50	2049.00	2301.00	2672.00	2952.50	3164.00	3376.50	3766.00	3961.00	4060.00	4414.00	4820.00	4995.50	5515.00	6205.00	6650.00	7397.00	9332.00	12165.00	
14233500	0216	19480216	20150216	68	5323.97	4128.05	1880.00	27400.00		2009.00	2079.00	2200.00	2468.00	2935.00	3158.00	3331.00	3776.00	3830.00	4085.00	4454.50	4766.00	5064.00	5350.00	5955.00	6660.00	9056.00	9685.00	13565.00	
14233500	0217	19480217	20150217	68	5311.47	4320.52	1820.00	26900.00		1994.50	2170.00	2367.00	2622.00	2997.50	3183.00	3481.50	3636.00	3831.50	4235.00	4527.00	4680.00	4851.00	5157.00	5750.00	6582.00	7806.00	9480.00	14605.00	
14233500	0218	19480218	20150218	68	5233.97	3727.18	1770.00	20600.00		1976.00	2191.00	2475.00	2616.00	2947.50	3250.00	3408.00	3794.00	4001.00	4170.00	4349.50	4498.00	4912.00	5396.00	6030.00	6964.00	8212.00	9182.00	15585.00	
14233500	0219	19480219	20150219	68	5740.88	5018.23	1710.00	26100.00		1950.00	2168.00	2383.00	2652.00	2910.00	3178.00	3408.50	3672.00	3991.50	4095.00	4306.00	4514.00	4764.50	5430.00	6382.50	7504.00	8280.50	11080.00	19830.00	
14233500	0220	19480220	20150220	68	6053.97	6248.02	1690.00	29600.00		1921.50	2128.00	2297.50	2652.00	2880.00	3042.00	3335.00	3534.00	3830.50	3945.00	4028.50	4230.00	4780.50	5620.00	6445.00	7598.00	8049.00	12370.00	25720.00	
14233500	0221	19480221	20150221	68	5794.56	5615.81	1690.00	33700.00		1983.50	2095.00	2261.50	2598.00	2900.00	3037.00	3239.00	3578.00	3670.50	3925.00	4154.00	4494.00	5159.50	5366.00	5845.00	6942.00	7589.00	11910.00	21010.00	
14233500	0222	19480222	20150222	68	5733.24	4722.77	1700.00	22500.00		2010.00	2058.00	2364.50	2660.00	2867.50	3081.00	3410.00	3474.00	3622.00	4005.00	4286.00	4968.00	5071.00	6089.00	6497.50	7418.00	8932.00	12110.00	19375.00	
14233500	0223	19480223	20150223	68	5492.21	3962.04	1690.00	20600.00		1939.00	2224.00	2507.00	2696.00	2872.50	3089.00	3280.00	3362.00	3841.50	3985.00	4058.50	4628.00	5309.50	5767.00	7217.50	8720.00	9354.50	11440.00	14975.00	
14233500	0224	19480224	20150224	68	5678.24	4860.14	1640.00	32900.00		1838.00	2283.00	2653.50	2754.00	2910.00	3114.00	3171.50	3374.00	3722.50	3890.00	4330.00	4942.00	5244.50	5725.00	6725.00	8586.00	9288.50	11210.00	12295.00	
14233500	0225	19480225	20150225	68	5536.91	4583.52	1500.00	30800.00		1763.50	2258.00	2587.00	2708.00	2902.50	3046.00	3196.00	3406.00	3632.00	3870.00	4229.50	4780.00	5037.50	5733.00	7397.50	7754.00	9046.50	10220.00	15590.00	
14233500	0226	19480226	20150226	68	5358.24	4174.25	1480.00	24600.00		1736.00	2340.00	2582.00	2716.00	2782.50	2954.00	3163.00	3510.00	3570.50	3800.00	4189.00	4596.00	4863.50	6041.00	6630.00	7260.00	8364.00	9025.00	15395.00	
14233500	0227	19480227	20150227	68	5126.47	3541.89	1380.00	17200.00		1695.50	2289.00	2617.00	2726.00	2840.00	3007.00	3141.00	3402.00	3590.00	3740.00	4084.50	4348.00	5071.00	5817.00	6490.00	7152.00	7574.00	9790.00	14810.00	
14233500	0228	19480228	20150228	68	5111.76	3782.55	1480.00	24000.00		1902.50	2335.00	2583.50	2746.00	2900.00	2960.00	3162.00	3432.00	3591.00	3910.00	4126.50	4228.00	5014.50	5576.00	6267.50	6544.00	7524.50	9476.00	13095.00	
14233500	0229	19480229	20120229	17	6451.76	6769.85	2400.00	30400.00			2504.00	2656.00	2806.00	2895.00	3136.00	3475.00	3528.00	3615.00	3750.00	4263.00	4760.00	5493.00	6906.00	7670.00	7938.00	9708.00	16400.00		
14233500	0301	19480301	20150301	68	4795.88	3050.85	1450.00	21300.00		1910.50	2348.00	2520.50	2758.00	2880.00	3165.00	3290.50	3572.00	3710.50	3860.00	4145.50	4522.00	5128.00	5377.00	5675.00	6054.00	6710.50	8063.00	10970.00	
14233500	0302	19480302	20150302	68	4573.38	2457.09	1480.00	15900.00		1825.50	2280.00	2515.00	2778.00	2955.00	3074.00	3321.50	3526.00	3632.00	3765.00	4098.00	4628.00	4730.00	5213.00	5450.00	6052.00	7163.00	8022.00	9391.00	
14233500	0303	19480303	20150303	68	4557.79	2395.06	1450.00	12900.00		1893.50	2236.00	2432.50	2706.00	2912.50	3190.00	3421.50	3492.00	3651.00	3740.00	3900.00	4324.00	4729.00	5170.00	5412.50	6406.00	7269.50	8072.00	10106.50	
14233500	0304	19480304	20150304	68	4785.88	3286.26	1220.00	20600.00		1926.50	2195.00	2344.00	2726.00	2907.50	3069.00	3354.50	3424.00	3526.00	3730.00	3809.50	4244.00	4811.50	4968.00	5232.50	6266.00	6824.00	10000.00	12340.00	
14233500	0305	19480305	20150305	68	4818.09	3412.95	1220.00	19900.00		1979.00	2307.00	2430.00	2646.00	2937.50	3086.00	3261.50	3388.00	3442.50	3610.00	3879.50	4234.00	4604.00	4901.00	5470.00	6056.00	7045.00	8468.00	14030.00	
14233500	0306	19480306	20150306	68	5031.18	4583.14	1230.00	28500.00		1988.00	2340.00	2477.00	2692.00	2885.00	3118.00	3201.50	3270.00	3381.00	3630.00	3759.50	4114.00	4552.50	4782.00	5245.00	5624.00	6769.00	8216.00	16000.00	
14233500	0307	19480307	20150307	68	4861.62	3965.08	1240.00	24500.00		1995.00	2347.00	2397.00	2658.00	2790.00	3019.00	3150.00	3216.00	3362.50	3545.00	3709.00	4274.00	4426.50	4775.00	5230.00	5618.00	6607.00	8894.00	14680.00	
14233500	0308	19480308	20150308	68	4657.21	3263.77	1460.00	18900.00		2079.00	2344.00	2513.50	2676.00	2882.50	2940.00	3093.00	3264.00	3421.50	3555.00	3746.50	4038.00	4355.00	4717.00	5015.00	5842.00	6199.50	9083.00	13460.00	
14233500	0309	19480309	20150309	68	4773.97	3620.52	1470.00	26700.00		2114.50	2362.00	2573.50	2752.00	2857.50	3011.00	3180.00	3226.00	3501.00	3740.00	3909.50	4334.00	4687.00	5138.00	5462.50	5576.00	6028.50	9119.00	11385.00	
14233500	0310	19480310	20150310	68	5036.32	3826.80	1450.00	25500.00		2173.50	2344.00	2583.50	2654.00	2895.00	3029.00	3071.50	3204.00	3532.00	3715.00	4344.00	4770.00	5025.00	5457.00	5722.50	6204.00	7030.50	8772.00	13250.00	
14233500	0311	19480311	20150311	68	4971.03	3522.75	1450.00	19800.00		2164.50	2297.00	2513.50	2572.00	2867.50	2969.00	3081.50	3186.00	3531.00	3740.00	4458.00	4584.00	4911.50	5106.00	5427.50	6756.00	7686.00	9309.00	12955.00	
14233500	0312	19480312	20150312	68	5076.18	3886.10	1700.00	22300.00		2168.00	2238.00	2454.00	2648.00	2805.00	2955.00	3083.50	3226.00	3423.00	4080.00	4317.50	4560.00	4721.00	4992.00	5880.00	6728.00	7693.00	8626.00	13325.00	
14233500	0313	19480313	20150313	68	5157.94	4483.41	1550.00	28900.00		2108.00	2199.00	2413.50	2642.00	2785.00	2909.00	3069.00	3300.00	3602.50	3995.00	4334.00	4438.00	4671.00	4950.00	5450.00	6556.00	7069.00	8905.00	16245.00	
14233500	0314	19480314	20150314	68	4945.29	3868.12	1690.00	24700.00		2103.50	2200.00	2361.00	2544.00	2760.00	2941.00	3116.00	3156.00	3763.50	4035.00	4149.50	4388.00	4607.00	4926.00	5885.00	6128.00	6936.50	8697.00	12480.00	
14233500	0315	19480315	20150315	68	4884.85	3070.34	1450.00	18700.00		2068.00	2248.00	2465.50	2578.00	2655.00	2908.00	3200.00	3810.00	3930.00	4000.00	4328.50	4590.00	5238.00	5451.00	5785.00	6382.00	7245.50	9012.00	10300.00	
14233500	0316	19480316	20150316	68	4877.06	2762.33	1690.00	16000.00		2070.00	2249.00	2425.50	2572.00	2710.00	2905.00	3415.00	3644.00	3773.00	4255.00	4549.50	4910.00	5321.50	5557.00	6150.00	6662.00	7095.00	8087.00	11355.00	
14233500	0317	19480317	20150317	68	4763.82	2631.59	1440.00	16200.00		2062.50	2264.00	2497.00	2626.00	2790.00	3060.00	3451.50	3550.00	3585.00	4255.00	4348.00	4658.00	4974.00	5591.00	5987.50	6400.00	7128.50	7894.00	10049.00	
14233500	0318	19480318	20150318	68	4614.26	2467.31	1440.00	16400.00		2025.50	2229.00	2430.00	2644.00	2857.50	3187.00	3421.50	3592.00	3841.00	3975.00	4203.00	4516.00	4880.50	5431.00	5627.50	6070.00	6918.50	8049.00	8703.50	
14233500	0319	19480319	20150319	68	4790.00	3491.07	1470.00	26300.00		2138.00	2330.00	2543.00	2764.00	3025.00	3329.00	3416.00	3722.00	3811.00	3915.00	4173.00	4402.00	4683.50	5029.00	5317.50	5676.00	6560.50	7368.00	9421.00	
14233500	0320	19480320	20150320	68	4787.79	3819.02	1850.00	30800.00		2077.00	2300.00	2591.50	2794.00	3080.00	3291.00	3459.00	3628.00	3751.50	3815.00	4175.00	4412.00	4518.50	4813.00	5065.00	5678.00	6433.00	7406.00	9104.50	
14233500	0321	19480321	20150321	68	4606.32	2738.24	1870.00	20200.00		2149.00	2340.00	2584.00	2986.00	3120.00	3200.00	3419.00	3588.00	3721.50	3855.00	3949.00	4394.00	4543.50	4770.00	5125.00	5944.00	6722.50	7451.00	9136.50	
14233500	0322	19480322	20150322	68	4604.12	2425.32	1990.00	14800.00		2119.00	2512.00	2823.00	3078.00	3137.50	3327.00	3372.00	3560.00	3781.00	3920.00	4069.00	4208.00	4441.00	4735.00	5482.50	6088.00	6343.00	7163.00	10894.00	
14233500	0323	19480323	20150323	68	4789.41	2850.61	1930.00	17900.00		2164.50	2476.00	2924.50	3052.00	3177.50	3240.00	3331.50	3626.00	3814.50	3950.00	4110.00	4268.00	4554.50	5186.00	5360.00	6098.00	6650.50	7476.00	12380.00	
14233500	0324	19480324	20150324	68	4789.56	2646.15	1770.00	16600.00		2363.50	2507.00	2907.00	3056.00	3137.50	3305.00	3463.00	3506.00	3732.50	3855.00	3968.00	4352.00	4765.50	5345.00	5465.00	6004.00	7108.00	8319.00	10800.00	
14233500	0325	19480325	20150325	68	4829.41	3124.09	1690.00	24400.00		2358.00	2857.00	3000.00	3088.00	3165.00	3211.00	3485.00	3652.00	3762.00	3885.00	3999.00	4370.00	4868.50	5187.00	5450.00	5654.00	6744.00	8550.00	9591.50	
14233500	0326	19480326	20150326	68	4708.82	2376.23	2020.00	16700.00		2269.50	2848.00	2950.50	3048.00	3150.00	3372.00	3531.50	3580.00	3740.00	3850.00	4058.00	4494.00	4868.00	5213.00	5430.00	5912.00	7354.50	8065.00	8833.00	
14233500	0327	19480327	20150327	68	4710.29	2121.09	2220.00	13200.00		2426.50	2832.00	2967.00	3032.00	3255.00	3374.00	3543.00	3664.00	3750.50	3980.00	4313.00	4714.00	4812.50	5318.00	5457.50	5932.00	7081.50	8100.00	9014.00	
14233500	0328	19480328	20150328	68	4603.82	1912.98	2290.00	10400.00		2373.00	2749.00	2922.00	3048.00	3147.50	3342.00	3501.50	3670.00	3842.00	3965.00	4089.50	4448.00	4969.50	5333.00	5710.00	5962.00	6388.50	7967.00	8602.00	
14233500	0329	19480329	20150329	68	4553.68	1690.46	2220.00	8960.00		2539.00	2750.00	2938.00	3030.00	3215.00	3386.00	3526.00	3726.00	3912.00	4115.00	4227.50	4676.00	4820.00	5274.00	5732.50	6126.00	6313.00	7427.00	8140.50	
14233500	0330	19480330	20150330	68	4687.65	1792.15	2200.00	9370.00		2629.00	2669.00	2865.00	3006.00	3170.00	3365.00	3586.00	3818.00	4024.50	4250.00	4637.00	4862.00	5195.00	5680.00	6060.00	6206.00	6503.50	7438.00	8578.50	
14233500	0331	19480331	20150331	68	4796.18	2097.89	2160.00	14300.00		2531.50	2738.00	2887.00	3164.00	3282.50	3394.00	3560.00	3694.00	4022.00	4420.00	4606.00	4954.00	5168.50	5479.00	5967.50	6242.00	6700.50	7609.00	8276.50	
14233500	0401	19480401	20150401	68	4883.97	2371.33	2110.00	18500.00		2597.50	2863.00	3050.50	3138.00	3265.00	3347.00	3546.00	3770.00	3963.50	4355.00	4816.50	5048.00	5414.00	5553.00	5792.50	6326.00	6956.50	7519.00	8516.00	
14233500	0402	19480402	20150402	68	4958.97	2306.97	2030.00	14400.00		2603.50	2953.00	3077.00	3190.00	3270.00	3473.00	3710.00	3844.00	4112.00	4375.00	4697.00	4982.00	5152.00	5337.00	5927.50	6584.00	7144.50	7341.00	9399.50	
14233500	0403	19480403	20150403	68	4901.03	2173.77	1980.00	11900.00		2625.50	2918.00	3060.50	3118.00	3285.00	3529.00	3687.50	3930.00	4181.00	4345.00	4519.50	4706.00	4937.50	5479.00	5735.00	6334.00	6875.50	8433.00	10276.00	
14233500	0404	19480404	20150404	68	4815.88	1985.49	2000.00	10500.00		2526.50	2957.00	3023.50	3088.00	3312.50	3445.00	3826.00	3972.00	4120.50	4215.00	4468.00	4658.00	4946.50	5159.00	5850.00	6512.00	7151.00	7566.00	9578.00	
14233500	0405	19480405	20150405	68	5191.47	3173.79	2160.00	25500.00		2426.50	2980.00	3143.50	3234.00	3372.50	3540.00	3784.00	4098.00	4217.00	4440.00	4609.50	4740.00	5130.00	5386.00	6132.50	6600.00	7645.00	8205.00	9157.50	
14233500	0406	19480406	20150406	68	5412.79	3164.33	2150.00	21200.00		2243.50	2925.00	3093.50	3186.00	3360.00	3744.00	3823.00	4038.00	4257.00	4490.00	4770.00	4994.00	5274.00	6139.00	6480.00	7202.00	7764.00	8593.00	11505.00	
14233500	0407	19480407	20150407	68	5619.71	3392.04	2170.00	21100.00		2381.50	2849.00	3027.50	3098.00	3655.00	3797.00	3877.50	4118.00	4168.00	4445.00	4756.00	5104.00	5670.00	5829.00	6557.50	7150.00	8743.00	10200.00	13900.00	
14233500	0408	19480408	20150408	68	5466.32	2737.72	2140.00	15600.00		2389.50	2733.00	2907.00	3226.00	3725.00	3861.00	3989.50	4248.00	4432.00	4650.00	4916.00	5422.00	5623.50	6109.00	6667.50	6996.00	8413.00	10120.00	11195.00	
14233500	0409	19480409	20150409	68	5411.18	2319.86	2140.00	11800.00		2338.00	2684.00	2804.50	3176.00	3752.50	4078.00	4191.50	4400.00	4581.50	4965.00	5206.50	5546.00	5949.50	6256.00	6817.50	7420.00	8218.00	9192.00	9978.50	
14233500	0410	19480410	20150410	68	5349.85	2125.25	2140.00	10100.00		2399.00	2648.00	2920.50	3152.00	3662.50	3901.00	4231.00	4380.00	4813.00	4995.00	5208.00	5596.00	6235.50	6501.00	7142.50	7422.00	7953.00	8464.00	9340.50	
14233500	0411	19480411	20150411	68	5310.15	2032.78	2170.00	10700.00		2457.00	2751.00	2983.50	3444.00	3707.50	3828.00	4241.50	4642.00	4820.00	5120.00	5274.00	5626.00	5882.50	6513.00	6770.00	7098.00	7638.50	7920.00	9503.00	
14233500	0412	19480412	20150412	68	5364.26	2044.88	2300.00	11000.00		2509.00	2722.00	3021.00	3494.00	3755.00	4032.00	4192.50	4780.00	5042.00	5195.00	5369.50	5702.00	6076.00	6243.00	6617.50	6926.00	7626.00	8452.00	9417.00	
14233500	0413	19480413	20150413	68	5508.82	2177.63	2340.00	12600.00		2623.50	2839.00	3313.50	3450.00	3772.50	3944.00	4253.00	4686.00	5074.50	5295.00	5534.00	5920.00	6078.00	6276.00	6765.00	7172.00	7986.00	8425.00	10000.50	
14233500	0414	19480414	20150414	68	5885.44	3387.34	2370.00	26100.00		2598.00	2970.00	3287.00	3560.00	3917.50	4418.00	4541.50	4662.00	4815.50	5030.00	5355.00	5916.00	5998.50	6195.00	7005.00	7380.00	7686.50	9892.00	11310.00	
14233500	0415	19480415	20150415	68	5856.32	3001.79	2320.00	18600.00		2550.50	2835.00	3340.50	3556.00	3840.00	4192.00	4529.00	4804.00	4920.00	5155.00	5508.50	5740.00	5882.50	5975.00	6352.50	7266.00	8843.50	10640.00	12560.00	
14233500	0416	19480416	20150416	68	5759.71	2651.24	2330.00	14800.00		2551.50	3107.00	3467.50	3848.00	3970.00	4165.00	4397.00	4702.00	5162.50	5280.00	5329.50	5406.00	5662.50	5978.00	6820.00	7076.00	8265.00	9966.00	11705.00	
14233500	0417	19480417	20150417	68	5804.41	2413.90	2420.00	15300.00		2639.00	3258.00	3551.50	3946.00	4077.50	4369.00	4728.00	4898.00	5010.00	5115.00	5338.50	5684.00	6260.50	6381.00	6817.50	7640.00	8628.00	9579.00	10310.00	
14233500	0418	19480418	20150418	68	5780.15	2273.29	2490.00	12900.00		2729.00	3266.00	3611.00	3750.00	4027.50	4279.00	4563.50	4766.00	5001.50	5340.00	5557.00	5924.00	6254.50	6480.00	7367.50	7784.00	8263.00	8887.00	10137.50	
14233500	0419	19480419	20150419	68	5700.29	2145.10	2660.00	11000.00		2755.00	3125.00	3597.00	3716.00	3955.00	4142.00	4440.00	4656.00	5232.50	5420.00	5589.50	5692.00	5995.50	6783.00	7125.00	7876.00	8517.50	9086.00	9707.50	
14233500	0420	19480420	20150420	68	6140.88	3196.29	2590.00	17300.00		2782.00	3226.00	3480.50	3642.00	3960.00	4271.00	4382.00	4848.00	5140.50	5185.00	5465.50	5850.00	6414.00	6723.00	7512.50	7848.00	8677.00	10230.00	14355.00	
14233500	0421	19480421	20150421	68	6205.44	3517.99	2540.00	18900.00		2805.00	3145.00	3344.00	3628.00	4057.50	4325.00	4470.50	4748.00	4882.50	5240.00	5418.50	5934.00	6181.00	6409.00	7115.00	7880.00	8568.00	10620.00	16115.00	
14233500	0422	19480422	20150422	68	6052.06	3020.06	2480.00	18100.00		2824.50	3152.00	3567.00	3670.00	4137.50	4291.00	4540.00	4622.00	4901.50	5020.00	5575.00	5918.00	6439.50	6769.00	6972.50	7808.00	8770.00	9990.00	13230.00	
14233500	0423	19480423	20150423	68	6099.85	2811.36	2470.00	16800.00		2890.00	3259.00	3635.50	3876.00	4097.50	4452.00	4656.00	4786.00	4842.00	5395.00	5569.50	5802.00	6476.50	7010.00	7397.50	7822.00	8963.50	10150.00	11510.00	
14233500	0424	19480424	20150424	68	6325.88	3292.98	2570.00	21000.00		2942.00	3420.00	3700.50	3904.00	4082.50	4195.00	4501.50	4632.00	4991.00	5500.00	6091.00	6408.00	6860.00	7209.00	7462.50	7848.00	9324.50	9975.00	13000.00	
14233500	0425	19480425	20150425	68	6116.62	2724.90	2610.00	16500.00		3060.50	3435.00	3791.00	3908.00	4055.00	4257.00	4470.50	4660.00	5144.50	5450.00	5946.50	6106.00	6272.50	7148.00	7792.50	8558.00	8833.00	9382.00	11045.00	
14233500	0426	19480426	20150426	68	6000.15	2564.67	2530.00	16900.00		3160.50	3485.00	3823.50	4038.00	4212.50	4420.00	4516.50	4928.00	5120.50	5435.00	5559.00	5692.00	6088.50	6512.00	7432.50	7960.00	8492.50	9201.00	11265.00	
14233500	0427	19480427	20150427	68	5993.68	2439.61	2620.00	14700.00		2988.50	3186.00	3798.50	4108.00	4367.50	4515.00	4697.50	5054.00	5152.00	5365.00	5665.00	5992.00	6425.00	6575.00	7175.00	7536.00	8421.50	10070.00	11220.00	
14233500	0428	19480428	20150428	68	6207.21	2405.90	2830.00	12100.00		3013.50	3190.00	3851.50	4266.00	4497.50	4785.00	4993.50	5184.00	5413.00	5580.00	6221.50	6558.00	6784.00	6956.00	7030.00	7582.00	9250.00	10450.00	11510.00	
14233500	0429	19480429	20150429	68	6315.29	2236.52	2740.00	11400.00		3033.50	3769.00	3982.00	4482.00	4632.50	4779.00	4914.50	5142.00	5584.00	5920.00	6437.00	6696.00	6902.00	7301.00	7482.50	8626.00	9172.00	9944.00	10675.00	
14233500	0430	19480430	20150430	68	6441.18	2457.02	2650.00	15400.00		3004.50	3664.00	4200.50	4466.00	4710.00	4857.00	5035.00	5322.00	5571.50	5785.00	6318.50	6658.00	7027.50	7660.00	8145.00	8602.00	9365.50	9731.00	10430.00	
14233500	0501	19480501	20150501	68	6482.94	2585.28	2610.00	15100.00		3058.50	3594.00	4012.00	4376.00	4600.00	4909.00	5185.00	5520.00	5732.00	6010.00	6168.00	6764.00	6939.50	7389.00	7992.50	8124.00	8731.00	9698.00	11800.00	
14233500	0502	19480502	20150502	68	6513.68	2457.94	2640.00	13200.00		3269.50	3760.00	4170.00	4384.00	4717.50	4966.00	5285.50	5568.00	5913.00	6055.00	6199.50	6804.00	7067.00	7459.00	7825.00	8032.00	8492.00	10420.00	12710.00	
14233500	0503	19480503	20150503	68	6560.29	2356.64	2850.00	13000.00		3326.00	3951.00	4195.00	4560.00	4760.00	5076.00	5349.00	5622.00	5997.50	6260.00	6369.50	6594.00	6978.00	7408.00	7920.00	8394.00	8642.00	10010.00	11920.00	
14233500	0504	19480504	20150504	68	6577.65	2311.00	2890.00	15000.00		3497.50	4208.00	4437.50	4774.00	4940.00	5141.00	5277.50	5610.00	5727.00	6025.00	6376.00	6848.00	7060.00	7210.00	7820.00	8236.00	9328.50	10510.00	10855.00	
14233500	0505	19480505	20150505	68	6754.71	2482.04	2960.00	14900.00		3704.50	4332.00	4624.00	4764.00	4977.50	5037.00	5259.00	5658.00	5926.00	6125.00	6355.50	6694.00	7177.00	7460.00	7975.00	8866.00	9276.00	10800.00	11820.00	
14233500	0506	19480506	20150506	68	7076.62	3004.94	2950.00	19900.00		4089.00	4300.00	4493.50	4696.00	4780.00	5279.00	5410.00	5626.00	5896.00	6070.00	6353.50	6794.00	7036.00	7896.00	8422.50	10240.00	10900.00	11310.00	12515.00	
14233500	0507	19480507	20150507	68	7219.26	3092.65	2690.00	18200.00		4102.50	4315.00	4424.50	4568.00	4855.00	5129.00	5287.50	5678.00	6070.50	6265.00	6367.50	6980.00	7481.00	8689.00	8837.50	9744.00	10565.00	12310.00	13560.00	
14233500	0508	19480508	20150508	68	7310.15	2946.91	2590.00	14000.00		3994.50	4220.00	4321.50	4634.00	4905.00	5203.00	5594.50	5826.00	5930.50	6080.00	6944.00	7684.00	8050.50	8816.00	9165.00	10120.00	11030.00	12350.00	13255.00	
14233500	0509	19480509	20150509	68	7423.68	3237.49	2560.00	14600.00		3863.00	4219.00	4413.50	4644.00	5065.00	5441.00	5553.00	5808.00	5868.00	6190.00	7007.00	7224.00	7819.50	8331.00	8980.00	10660.00	11660.00	13720.00	14400.00	
14233500	0510	19480510	20150510	68	7558.82	3404.17	2590.00	17400.00		3880.50	4326.00	4687.50	4984.00	5210.00	5431.00	5695.00	5948.00	6172.00	6365.00	6614.00	7164.00	7427.00	8050.00	8882.50	10400.00	11200.00	13440.00	15100.00	
14233500	0511	19480511	20150511	68	7577.79	3482.33	2610.00	19600.00		3837.00	4156.00	4681.00	5182.00	5387.50	5491.00	5685.50	6016.00	6212.50	6355.00	6495.00	6742.00	7558.00	7887.00	9475.00	10040.00	11750.00	13020.00	14930.00	
14233500	0512	19480512	20150512	68	7832.21	3769.89	3030.00	22600.00		3829.00	4486.00	4680.50	4768.00	4980.00	5564.00	5917.50	6144.00	6401.00	6545.00	6834.00	6926.00	8310.50	8965.00	10117.50	10660.00	11720.00	12950.00	15740.00	
14233500	0513	19480513	20150513	68	7987.21	4030.42	3320.00	23700.00		3958.50	4479.00	4633.50	4924.00	5295.00	5734.00	6021.50	6142.00	6346.00	6615.00	6844.50	7422.00	7902.50	8595.00	9290.00	10320.00	12065.00	14420.00	16690.00	
14233500	0514	19480514	20150514	68	8047.50	3831.86	3190.00	23000.00		4234.50	4491.00	4644.50	5096.00	5505.00	5818.00	6142.00	6284.00	6717.00	7095.00	7509.00	7722.00	8071.00	8561.00	9072.50	9716.00	12600.00	13350.00	16900.00	
14233500	0515	19480515	20150515	68	8236.47	3862.59	3210.00	22100.00		4313.50	4557.00	4840.50	5264.00	5632.50	5882.00	6010.00	6292.00	6650.00	7045.00	7508.50	8032.00	8501.00	8813.00	10175.00	11140.00	11925.00	14220.00	17350.00	
14233500	0516	19480516	20150516	68	8336.62	3799.03	3090.00	20500.00		4146.50	4722.00	5079.50	5428.00	5815.00	6020.00	6116.50	6514.00	6910.00	7455.00	7637.00	8094.00	8572.00	9656.00	9937.50	10820.00	11725.00	13140.00	17860.00	
14233500	0517	19480517	20150517	68	8549.56	3966.54	3030.00	26300.00		3934.50	4635.00	4982.50	5172.00	5572.50	5884.00	6772.00	7260.00	7550.00	7790.00	8058.50	8628.00	9299.50	9615.00	10375.00	11140.00	11765.00	13810.00	16865.00	
14233500	0518	19480518	20150518	68	8685.88	4265.65	3040.00	29200.00		3918.00	4721.00	4995.00	5348.00	5872.50	6405.00	6713.00	7002.00	7396.00	7900.00	8092.00	8666.00	9179.50	9951.00	10475.00	11040.00	12285.00	13440.00	15675.00	
14233500	0519	19480519	20150519	68	8700.74	4187.13	3040.00	25300.00		3675.00	4586.00	5202.00	5644.00	6110.00	6321.00	6621.50	6976.00	7603.50	7860.00	8362.50	8664.00	9243.00	9629.00	10400.00	11140.00	12165.00	13120.00	16200.00	
14233500	0520	19480520	20150520	68	8729.71	3885.06	3050.00	25200.00		3732.00	4705.00	5426.00	5764.00	6185.00	6636.00	6924.50	7596.00	7694.00	8010.00	8329.00	8708.00	9069.50	9463.00	10720.00	11720.00	12130.00	13520.00	15155.00	
14233500	0521	19480521	20150521	68	8517.79	3547.09	3090.00	21200.00		3371.50	4475.00	5289.50	5790.00	6182.50	6754.00	7083.00	7316.00	7784.50	8080.00	8354.00	8476.00	8912.00	9473.00	10150.00	10920.00	11825.00	12850.00	16080.00	
14233500	0522	19480522	20150522	68	8442.21	3257.29	2890.00	18200.00		3749.50	4650.00	5083.00	5862.00	6350.00	6671.00	6954.50	7352.00	7552.50	7695.00	8067.50	9192.00	9492.50	9624.00	10255.00	10800.00	11225.00	11970.00	16255.00	
14233500	0523	19480523	20150523	68	8382.94	3093.31	2780.00	18500.00		3922.00	4803.00	5001.50	5572.00	6247.50	6527.00	6721.50	7106.00	7789.50	8265.00	8669.50	8820.00	9243.50	9720.00	10175.00	10600.00	11300.00	11960.00	14820.00	
14233500	0524	19480524	20150524	68	8294.71	3038.67	3000.00	17800.00		4019.00	4799.00	5148.50	5360.00	6142.50	6237.00	6628.00	7212.00	7641.00	7870.00	8218.00	8592.00	9458.00	9656.00	10325.00	11200.00	11430.00	12230.00	14205.00	
14233500	0525	19480525	20150525	68	8292.21	3106.52	2930.00	18400.00		3996.50	4964.00	5276.00	5796.00	5990.00	6377.00	6683.00	7294.00	7453.00	7765.00	7916.50	8512.00	8862.00	9372.00	9995.00	10300.00	11790.00	13160.00	14505.00	
14233500	0526	19480526	20150526	68	8257.35	3192.32	2800.00	18000.00		4126.00	4737.00	5144.50	5658.00	6140.00	6338.00	6793.00	7104.00	7360.50	7470.00	7747.00	8104.00	8703.00	9294.00	9850.00	11200.00	11465.00	13620.00	14655.00	
14233500	0527	19480527	20150527	68	8280.74	3279.16	2680.00	20000.00		3893.00	4615.00	5055.50	5560.00	5992.50	6610.00	6799.50	7084.00	7343.00	7670.00	7952.50	8252.00	8541.00	9636.00	10055.00	10320.00	11065.00	13350.00	14845.00	
14233500	0528	19480528	20150528	68	8311.18	3351.28	2750.00	21000.00		3705.00	4318.00	5303.00	5738.00	6157.50	6511.00	6932.50	7254.00	7440.50	7720.00	8000.00	8396.00	8905.50	9149.00	9462.50	10740.00	11900.00	13030.00	15070.00	
14233500	0529	19480529	20150529	68	8317.94	3407.83	2830.00	19200.00		3608.50	4222.00	5237.00	5600.00	6010.00	6441.00	6643.00	7206.00	7561.00	7675.00	7977.00	8220.00	8838.00	9444.00	10140.00	11000.00	11725.00	12280.00	16585.00	
14233500	0530	19480530	20150530	68	8368.68	3637.62	2860.00	20800.00		3905.00	4343.00	4795.00	5490.00	5935.00	6293.00	6635.00	6858.00	7232.50	7540.00	8035.00	8322.00	8660.00	8987.00	10317.50	11440.00	12880.00	13910.00	15840.00	
14233500	0531	19480531	20150531	68	8182.65	3507.66	2770.00	19800.00		3831.50	4666.00	5020.50	5194.00	5862.50	6080.00	6624.50	6784.00	7025.00	7420.00	7678.00	7936.00	8175.50	8904.00	10550.00	11240.00	11790.00	13710.00	14155.00	
14233500	0601	19480601	20150601	68	8227.65	3495.56	2650.00	20400.00		3934.50	4787.00	5254.00	5662.00	5867.50	6360.00	6839.00	7126.00	7361.00	7500.00	7609.00	7696.00	8134.50	8821.00	9137.50	10800.00	12000.00	13420.00	16450.00	
14233500	0602	19480602	20150602	68	8491.18	3704.23	2680.00	20800.00		3625.50	4581.00	5377.50	5520.00	6102.50	6370.00	6690.00	6884.00	7100.50	7385.00	7885.00	8280.00	8733.50	9797.00	10875.00	11400.00	12165.00	13630.00	16730.00	
14233500	0603	19480603	20150603	68	8475.88	3552.36	2650.00	18400.00		3254.00	4256.00	4843.50	5796.00	6492.50	6751.00	6953.00	6988.00	7131.50	7380.00	7891.50	8012.00	8599.50	10260.00	10700.00	12140.00	13020.00	13830.00	15100.00	
14233500	0604	19480604	20150604	68	8359.12	3289.52	2500.00	15400.00		3363.50	4229.00	4548.50	5586.00	6292.50	6664.00	6930.00	7058.00	7561.50	7750.00	8188.50	8630.00	8973.00	9800.00	10675.00	11900.00	12795.00	13430.00	14055.00	
14233500	0605	19480605	20150605	68	8528.53	3715.70	2330.00	23000.00		3353.50	4071.00	4594.00	5514.00	6025.00	6398.00	6636.00	7016.00	7646.00	8065.00	8717.50	9102.00	9868.00	10460.00	10800.00	11200.00	11565.00	12760.00	15565.00	
14233500	0606	19480606	20150606	68	8451.47	3663.57	2310.00	23700.00		3263.00	4321.00	4729.00	5380.00	5665.00	6004.00	6521.00	7096.00	7867.00	8240.00	8637.50	8926.00	9507.00	10130.00	10500.00	11140.00	11965.00	12880.00	14805.00	
14233500	0607	19480607	20150607	68	8322.94	3740.47	2340.00	21000.00		3238.50	4255.00	4911.50	5222.00	5520.00	6090.00	6610.50	7030.00	7301.50	7420.00	8365.50	8844.00	9240.00	9616.00	10060.00	11020.00	11365.00	13760.00	15775.00	
14233500	0608	19480608	20150608	68	7987.50	3679.04	2310.00	23200.00		3248.00	4176.00	4596.50	5112.00	5807.50	6182.00	6565.00	6788.00	7330.50	7420.00	7657.50	8046.00	8198.50	8817.00	9375.00	9754.00	10625.00	12940.00	16640.00	
14233500	0609	19480609	20150609	68	7692.21	3419.44	2260.00	21300.00		2833.50	4237.00	4580.50	4884.00	5860.00	6221.00	6642.50	6890.00	7192.00	7300.00	7400.00	7498.00	7676.50	8236.00	8937.50	9486.00	10165.00	11700.00	16235.00	
14233500	0610	19480610	20150610	68	7681.32	3532.41	2180.00	23400.00		2954.00	4088.00	4698.00	5008.00	5677.50	5942.00	6360.50	6610.00	7030.00	7120.00	7289.00	7448.00	7677.00	8144.00	9105.00	9648.00	10565.00	11850.00	15455.00	
14233500	0611	19480611	20150611	68	7652.79	3603.71	2100.00	23700.00		3131.00	3847.00	4867.00	5062.00	5205.00	5607.00	5824.50	6206.00	6641.00	6950.00	7338.50	7650.00	7720.00	8341.00	9552.50	10220.00	10895.00	12090.00	14880.00	
14233500	0612	19480612	20150612	68	7595.44	3501.43	2180.00	22600.00		3218.00	4281.00	4770.00	4938.00	5052.50	5406.00	5572.00	6138.00	6740.00	6910.00	7357.50	7668.00	8252.00	9022.00	9390.00	10160.00	10765.00	11320.00	13820.00	
14233500	0613	19480613	20150613	68	7518.24	3426.33	2190.00	20000.00		3274.00	4138.00	4633.50	4762.00	4935.00	5199.00	5349.00	5528.00	6370.00	6705.00	7069.00	7878.00	8394.00	9459.00	9890.00	10140.00	11030.00	11820.00	12375.00	
14233500	0614	19480614	20150614	68	7333.53	3459.50	1980.00	21900.00		3094.00	4259.00	4380.00	4520.00	4845.00	5005.00	5317.50	5554.00	5691.50	6430.00	7088.00	7566.00	8209.50	8823.00	9750.00	10020.00	10560.00	11520.00	14100.00	
14233500	0615	19480615	20150615	68	7307.65	3677.96	1720.00	23300.00		2918.50	3878.00	4091.00	4304.00	4665.00	4874.00	4995.50	5258.00	5835.50	6460.00	6928.50	7558.00	8738.50	9139.00	9837.50	10060.00	10600.00	10960.00	12840.00	
14233500	0616	19480616	20150616	68	7285.88	3619.22	1830.00	21100.00		2856.00	3666.00	3954.00	4240.00	4480.00	4796.00	4984.00	5318.00	5600.50	6610.00	7278.00	7936.00	8728.50	9068.00	9670.00	10200.00	10500.00	11620.00	12960.00	
14233500	0617	19480617	20150617	68	7148.82	3537.63	1670.00	20500.00		2951.00	3694.00	3811.50	4062.00	4270.00	4769.00	5069.50	5266.00	5623.50	6520.00	7204.00	7508.00	7910.00	8973.00	9315.00	9812.00	10825.00	11320.00	14465.00	
14233500	0618	19480618	20150618	68	6890.88	3388.64	1790.00	20700.00		2702.50	3491.00	3715.00	4212.00	4432.50	4677.00	4993.50	5438.00	5722.00	6255.00	6409.50	7220.00	7479.50	8084.00	8965.00	9796.00	9933.00	11540.00	13525.00	
14233500	0619	19480619	20150619	68	6880.59	3359.10	1770.00	20700.00		2659.50	3429.00	3828.00	4086.00	4495.00	4796.00	5136.50	5516.00	5860.00	6210.00	6532.00	7218.00	7510.00	7859.00	8620.00	9182.00	10295.00	11380.00	12810.00	
14233500	0620	19480620	20150620	68	6834.56	3335.61	1600.00	19000.00		2633.00	3426.00	3797.00	4024.00	4352.50	4691.00	5106.50	5536.00	5791.00	6125.00	6719.50	6834.00	7765.00	7975.00	8487.50	9272.00	9998.50	11510.00	13365.00	
14233500	0621	19480621	20150621	68	6673.53	3303.31	1650.00	17000.00		2269.00	3283.00	3667.00	4002.00	4240.00	4367.00	5066.00	5196.00	5445.50	5810.00	6423.00	6908.00	7261.00	8077.00	8875.00	9262.00	10665.00	11410.00	12540.00	
14233500	0622	19480622	20150622	68	6573.68	3289.62	1640.00	16400.00		2679.50	3106.00	3535.00	3858.00	4125.00	4512.00	4766.00	5000.00	5185.00	5530.00	6254.00	6754.00	7089.50	7693.00	8255.00	9254.00	9853.00	11600.00	14210.00	
14233500	0623	19480623	20150623	68	6410.88	3196.82	1650.00	15800.00		2548.50	3123.00	3410.50	3722.00	4187.50	4508.00	4700.50	4876.00	5103.00	5510.00	5744.00	6584.00	6777.00	7044.00	8505.00	9290.00	9522.50	11020.00	13665.00	
14233500	0624	19480624	20150624	68	6152.21	2872.56	1570.00	14000.00		2392.00	3041.00	3360.00	3604.00	3965.00	4367.00	4709.50	4852.00	5020.00	5385.00	5919.50	6206.00	6510.00	7390.00	8280.00	8630.00	9349.50	10820.00	11875.00	
14233500	0625	19480625	20150625	68	5990.59	2729.40	1670.00	13600.00		2299.00	3009.00	3238.00	3578.00	4190.00	4397.00	4609.50	4848.00	4956.50	5250.00	5588.50	6052.00	6348.50	7373.00	7865.00	8570.00	9116.00	9633.00	11720.00	
14233500	0626	19480626	20150626	68	5743.68	2520.83	1520.00	12400.00		2378.00	2882.00	3141.00	3478.00	3977.50	4314.00	4377.50	4582.00	5010.00	5255.00	5519.50	5826.00	5975.50	6602.00	7570.00	8192.00	8640.00	9560.00	11240.00	
14233500	0627	19480627	20150627	68	5541.76	2308.99	1580.00	10800.00		2452.50	2796.00	3005.00	3648.00	3845.00	3984.00	4459.00	4692.00	4782.50	5090.00	5393.50	5628.00	5824.00	5975.00	7450.00	8110.00	8785.00	9139.00	9914.00	
14233500	0628	19480628	20150628	68	5477.21	2301.06	1790.00	11000.00		2480.00	2725.00	3266.00	3562.00	3782.50	3942.00	4135.50	4540.00	4702.50	4960.00	5123.50	5564.00	5890.50	6279.00	6835.00	8052.00	8491.50	8808.00	10320.00	
14233500	0629	19480629	20150629	68	5555.00	2613.43	1740.00	13400.00		2361.50	2770.00	3164.50	3494.00	3625.00	3826.00	3979.50	4198.00	4642.00	4820.00	5064.50	5354.00	6121.00	6630.00	6962.50	7820.00	8599.50	9334.00	10970.00	
14233500	0630	19480630	20150630	68	5459.56	2772.85	1700.00	14700.00		2310.00	2825.00	3123.50	3180.00	3322.50	3683.00	3882.00	4206.00	4383.00	4790.00	5183.00	5356.00	5552.00	6035.00	6965.00	7544.00	8476.50	9228.00	11370.00	
14233500	0701	19480701	20150701	68	5260.74	2752.37	1580.00	14100.00		2299.50	2665.00	2947.00	3020.00	3087.50	3435.00	3802.50	4172.00	4324.50	4595.00	4814.50	5142.00	5395.00	5840.00	6510.00	7124.00	7888.50	8862.00	12100.00	
14233500	0702	19480702	20150702	68	5076.32	2437.46	1440.00	13000.00		2166.00	2663.00	2867.00	3000.00	3225.00	3554.00	3765.00	4182.00	4341.50	4540.00	4679.50	4984.00	5382.50	5868.00	6387.50	6656.00	7599.00	8444.00	10326.00	
14233500	0703	19480703	20150703	68	4991.18	2361.12	1380.00	12600.00		2054.50	2509.00	2760.50	2904.00	3210.00	3658.00	3872.00	4040.00	4183.50	4430.00	4618.50	4854.00	5208.50	5707.00	6512.50	7114.00	7726.50	8370.00	9458.00	
14233500	0704	19480704	20150704	68	4902.06	2324.34	1500.00	11800.00		1996.00	2440.00	2740.50	2918.00	3050.00	3691.00	3767.50	3886.00	4161.00	4265.00	4397.00	4550.00	5301.50	5727.00	6390.00	7066.00	7742.50	8411.00	9458.00	
14233500	0705	19480705	20150705	68	4788.68	2334.41	1520.00	11800.00		1828.50	2336.00	2708.00	2896.00	3080.00	3300.00	3584.50	3776.00	3870.50	4080.00	4316.50	4690.00	4897.00	5537.00	6470.00	6782.00	7171.50	8386.00	9765.50	
14233500	0706	19480706	20150706	68	4720.74	2371.26	1530.00	11600.00		1875.00	2346.00	2595.00	2838.00	3020.00	3213.00	3434.50	3552.00	3690.00	3960.00	4249.50	4630.00	4780.00	5447.00	6062.50	6808.00	7530.50	8218.00	10022.00	
14233500	0707	19480707	20150707	68	4581.91	2350.25	1590.00	11200.00		1811.00	2270.00	2465.00	2786.00	2875.00	3073.00	3214.50	3386.00	3592.50	3900.00	4035.50	4304.00	4677.00	5198.00	5692.50	6556.00	7738.00	8803.00	9459.50	
14233500	0708	19480708	20150708	68	4529.41	2357.07	1430.00	10400.00		1764.00	2319.00	2460.50	2608.00	2837.50	3013.00	3183.00	3250.00	3472.00	3795.00	3898.00	4114.00	4756.50	5205.00	5725.00	6612.00	7630.00	8992.00	9262.00	
14233500	0709	19480709	20150709	68	4476.76	2325.11	1340.00	10400.00		1743.50	2355.00	2468.00	2568.00	2757.50	2954.00	3086.00	3186.00	3506.00	3665.00	3799.00	4214.00	4511.50	5030.00	5587.50	6942.00	8009.00	8413.00	9226.00	
14233500	0710	19480710	20150710	68	4358.09	2278.65	1320.00	10200.00		1728.00	2188.00	2320.00	2508.00	2645.00	2867.00	3080.00	3174.00	3293.50	3560.00	3677.00	4088.00	4484.00	4840.00	5495.00	6886.00	7452.00	8336.00	9261.50	
14233500	0711	19480711	20150711	68	4258.97	2237.22	1300.00	10700.00		1703.50	2243.00	2345.50	2514.00	2612.50	2767.00	2957.50	3090.00	3241.50	3360.00	3497.00	4138.00	4481.00	4646.00	5940.00	6302.00	6957.00	7411.00	9548.50	
14233500	0712	19480712	20150712	68	4172.21	2216.26	1360.00	10600.00		1742.50	2128.00	2343.50	2468.00	2527.50	2666.00	2753.00	2854.00	2984.50	3155.00	3417.50	4258.00	4398.50	4679.00	5440.00	6084.00	6882.50	7926.00	9011.00	
14233500	0713	19480713	20150713	68	4177.79	2258.20	1380.00	10700.00		1754.50	2038.00	2193.50	2380.00	2475.00	2604.00	2753.00	2880.00	3035.50	3190.00	3853.00	4308.00	4489.50	4692.00	5315.00	6108.00	6963.50	7568.00	9073.00	
14233500	0714	19480714	20150714	68	4118.09	2325.83	1180.00	10400.00		1728.50	1954.00	2147.00	2304.00	2417.50	2524.00	2583.00	2832.00	3072.50	3200.00	3610.00	4060.00	4306.50	4435.00	5360.00	5884.00	6927.00	8166.00	9633.00	
14233500	0715	19480715	20150715	68	3978.68	2225.02	1300.00	11000.00		1664.50	1860.00	2066.00	2290.00	2375.00	2468.00	2690.00	2816.00	3041.00	3105.00	3401.50	3804.00	4042.50	4365.00	5255.00	5590.00	6609.50	7674.00	9019.50	
14233500	0716	19480716	20150716	68	3812.50	2088.29	1180.00	10600.00		1699.00	1838.00	2095.00	2236.00	2282.50	2431.00	2584.50	2764.00	2903.50	3010.00	3501.50	3638.00	3770.50	4062.00	5077.50	5358.00	6095.00	6802.00	8151.00	
14233500	0717	19480717	20150717	68	3665.29	1944.60	1260.00	10000.00		1615.00	1961.00	2034.00	2202.00	2305.00	2397.00	2550.50	2656.00	2871.50	2940.00	3279.00	3436.00	3578.50	3831.00	4777.50	4878.00	6054.50	6688.00	8022.50	
14233500	0718	19480718	20150718	68	3601.03	1992.92	1260.00	10100.00		1590.50	1805.00	2063.50	2166.00	2272.50	2328.00	2491.50	2596.00	2751.00	2945.00	3039.00	3224.00	3444.00	4050.00	4395.00	4992.00	6027.00	6392.00	8301.50	
14233500	0719	19480719	20150719	68	3488.24	1944.87	1260.00	10400.00		1573.50	1765.00	2001.00	2124.00	2185.00	2307.00	2476.00	2536.00	2644.00	2820.00	2918.00	3110.00	3345.00	3936.00	4177.50	4786.00	5588.00	6703.00	7525.50	
14233500	0720	19480720	20150720	68	3389.41	1844.81	1280.00	10200.00		1548.00	1783.00	1940.50	2160.00	2212.50	2294.00	2420.00	2514.00	2580.50	2730.00	2849.50	2940.00	3228.00	3758.00	3992.50	4696.00	5269.50	6414.00	7546.50	
14233500	0721	19480721	20150721	68	3279.41	1754.92	1280.00	10200.00		1520.00	1798.00	1903.50	2044.00	2100.00	2227.00	2340.50	2432.00	2570.50	2650.00	2807.50	2994.00	3128.00	3542.00	3795.00	4386.00	5241.50	5800.00	7547.50	
14233500	0722	19480722	20150722	68	3156.03	1633.25	1100.00	9430.00		1599.00	1838.00	1937.00	1968.00	2080.00	2160.00	2189.00	2334.00	2422.00	2535.00	2805.50	2946.00	3155.50	3366.00	3650.00	4154.00	4960.00	5703.00	7008.00	
14233500	0723	19480723	20150723	68	3061.62	1518.49	1190.00	8570.00		1594.50	1753.00	1823.50	1934.00	2032.50	2107.00	2173.50	2354.00	2400.00	2480.00	2779.50	2882.00	2999.50	3294.00	3540.00	3958.00	4569.50	5573.00	6562.50	
14233500	0724	19480724	20150724	68	3028.38	1469.28	1100.00	7910.00		1584.50	1721.00	1811.00	1952.00	2042.50	2084.00	2194.50	2274.00	2430.50	2585.00	2740.00	2808.00	3120.00	3383.00	3445.00	3900.00	4657.00	5439.00	6449.00	
14233500	0725	19480725	20150725	68	2911.91	1391.19	1180.00	7370.00		1539.00	1677.00	1763.50	1878.00	1942.50	2037.00	2117.50	2238.00	2330.00	2395.00	2540.00	2704.00	2878.50	3153.00	3407.50	3652.00	4742.00	5281.00	5964.00	
14233500	0726	19480726	20150726	68	2845.00	1341.33	1250.00	7270.00		1480.00	1655.00	1727.00	1830.00	1902.50	2008.00	2131.50	2190.00	2262.00	2335.00	2497.50	2648.00	2859.50	3132.00	3445.00	3652.00	4651.00	5023.00	5630.50	
14233500	0727	19480727	20150727	68	2795.88	1312.29	1250.00	7230.00		1469.00	1629.00	1740.00	1840.00	1880.00	1965.00	2074.50	2168.00	2291.50	2345.00	2498.50	2642.00	2806.00	3063.00	3315.00	3438.00	4352.50	4924.00	5506.50	
14233500	0728	19480728	20150728	68	2726.62	1300.79	1140.00	7210.00		1464.50	1518.00	1700.50	1808.00	1872.50	1971.00	2019.00	2162.00	2230.50	2380.00	2390.00	2464.00	2537.00	2981.00	3135.00	3468.00	4300.50	4717.00	5678.50	
14233500	0729	19480729	20150729	68	2653.38	1292.19	1130.00	7440.00		1413.50	1499.00	1602.00	1804.00	1885.00	1931.00	2000.00	2036.00	2122.00	2230.00	2269.50	2404.00	2494.00	2902.00	3010.00	3264.00	3772.50	4564.00	5805.00	
14233500	0730	19480730	20150730	68	2597.79	1271.02	1030.00	7390.00		1265.50	1458.00	1575.00	1760.00	1835.00	1894.00	1931.50	1984.00	2140.00	2175.00	2200.00	2360.00	2641.50	2865.00	3035.00	3210.00	3609.50	4459.00	5497.50	
14233500	0731	19480731	20150731	68	2516.03	1194.87	1140.00	7100.00		1336.00	1449.00	1534.50	1668.00	1765.00	1810.00	1861.50	1902.00	2023.00	2155.00	2218.50	2342.00	2525.00	2748.00	2962.50	3202.00	3557.50	4385.00	5158.00	
14233500	0801	19480801	20150801	68	2455.74	1135.70	1200.00	6510.00		1262.50	1479.00	1527.00	1656.00	1752.50	1777.00	1803.00	1866.00	1990.50	2120.00	2197.50	2282.00	2497.00	2619.00	2770.00	3080.00	3493.00	4181.00	4925.00	
14233500	0802	19480802	20150802	68	2384.85	1102.25	1170.00	6170.00		1249.00	1474.00	1500.00	1580.00	1652.50	1697.00	1740.00	1782.00	1864.00	2025.00	2129.50	2208.00	2402.00	2565.00	2797.50	3030.00	3421.50	4376.00	4790.50	
14233500	0803	19480803	20150803	68	2317.50	1043.24	1090.00	6190.00		1228.00	1358.00	1507.50	1578.00	1640.00	1667.00	1721.50	1774.00	1910.00	2020.00	2069.00	2150.00	2336.00	2444.00	2700.00	2936.00	3446.50	3897.00	4617.50	
14233500	0804	19480804	20150804	68	2275.15	1015.13	1170.00	6190.00		1240.00	1290.00	1493.50	1550.00	1642.50	1691.00	1731.50	1776.00	1860.50	1980.00	2049.50	2104.00	2229.50	2409.00	2662.50	2824.00	3206.50	3791.00	4572.50	
14233500	0805	19480805	20150805	68	2235.74	990.69	1070.00	6040.00		1264.50	1338.00	1413.50	1536.00	1605.00	1684.00	1736.00	1786.00	1831.50	1930.00	2029.50	2064.00	2222.00	2381.00	2597.50	2786.00	3071.50	3580.00	4358.00	
14233500	0806	19480806	20150806	68	2178.68	961.72	1060.00	5870.00		1213.50	1319.00	1387.00	1512.00	1572.50	1625.00	1701.50	1716.00	1750.50	1860.00	1960.00	2014.00	2179.00	2340.00	2577.50	2734.00	3095.00	3535.00	4290.00	
14233500	0807	19480807	20150807	68	2148.68	918.50	1140.00	5380.00		1204.50	1279.00	1400.50	1460.00	1557.50	1600.00	1641.50	1742.00	1771.50	1855.00	1920.00	1944.00	2082.50	2285.00	2517.50	2666.00	3052.00	3571.00	4290.00	
14233500	0808	19480808	20150808	68	2118.68	887.04	1130.00	4980.00		1177.00	1269.00	1377.00	1462.00	1550.00	1567.00	1606.00	1720.00	1840.50	1870.00	1899.00	1940.00	2136.50	2230.00	2472.50	2578.00	2946.50	3579.00	4283.00	
14233500	0809	19480809	20150809	68	2064.41	779.75	1020.00	4300.00		1189.00	1338.00	1410.50	1458.00	1525.00	1570.00	1616.00	1682.00	1792.00	1855.00	1889.50	1928.00	2128.50	2259.00	2375.00	2436.00	2900.50	3463.00	4027.50	
14233500	0810	19480810	20150810	68	1993.51	742.29	989.00	4030.00		1184.50	1249.00	1353.50	1408.00	1445.00	1537.00	1601.50	1652.00	1730.50	1810.00	1850.00	1904.00	2054.00	2143.00	2297.50	2402.00	2848.00	3292.00	3925.50	
14233500	0811	19480811	20150811	68	1951.32	701.97	1020.00	3970.00		1196.00	1260.00	1387.00	1420.00	1457.50	1527.00	1544.50	1620.00	1692.00	1765.00	1790.00	1890.00	1938.50	2003.00	2240.00	2314.00	2808.00	3106.00	3737.00	
14233500	0812	19480812	20150812	68	1911.47	648.69	1070.00	3760.00		1173.50	1277.00	1383.50	1400.00	1460.00	1510.00	1553.00	1628.00	1700.00	1715.00	1760.00	1834.00	1905.50	1959.00	2165.00	2304.00	2784.00	3110.00	3448.00	
14233500	0813	19480813	20150813	68	1865.87	620.02	749.00	3430.00		1139.00	1208.00	1367.00	1400.00	1435.00	1481.00	1543.00	1580.00	1640.50	1660.00	1739.50	1808.00	1895.50	1994.00	2172.50	2266.00	2700.00	3016.00	3242.00	
14233500	0814	19480814	20150814	68	1853.38	547.99	1130.00	3340.00		1218.00	1328.00	1383.50	1426.00	1460.00	1477.00	1570.00	1586.00	1610.00	1675.00	1779.50	1840.00	1898.50	1930.00	2075.00	2224.00	2589.50	2882.00	3120.00	
14233500	0815	19480815	20150815	68	1811.32	552.58	1030.00	3170.00		1122.50	1197.00	1360.00	1388.00	1440.00	1450.00	1491.50	1550.00	1590.50	1640.00	1718.50	1754.00	1841.00	1889.00	2130.00	2286.00	2496.50	2851.00	2950.50	
14233500	0816	19480816	20150816	68	1791.32	601.12	1050.00	4160.00		1114.50	1187.00	1340.00	1378.00	1405.00	1447.00	1470.00	1486.00	1560.00	1605.00	1639.50	1684.00	1787.00	1903.00	2112.50	2240.00	2423.00	2721.00	2965.50	
14233500	0817	19480817	20150817	68	1731.68	538.43	744.00	3220.00		1048.00	1178.00	1267.00	1338.00	1395.00	1410.00	1460.00	1470.00	1481.50	1560.00	1628.00	1712.00	1848.50	1913.00	1982.50	2100.00	2337.50	2600.00	2965.50	
14233500	0818	19480818	20150818	68	1699.26	525.91	960.00	3130.00		1098.00	1214.00	1253.50	1286.00	1345.00	1384.00	1401.50	1438.00	1460.50	1500.00	1568.00	1634.00	1707.00	1866.00	1950.00	2050.00	2356.00	2598.00	2916.00	
14233500	0819	19480819	20150819	68	1697.50	534.76	1020.00	3360.00		1093.50	1170.00	1223.50	1248.00	1312.50	1357.00	1406.00	1466.00	1470.50	1500.00	1549.50	1630.00	1747.00	1822.00	1965.00	2066.00	2345.50	2592.00	2891.50	
14233500	0820	19480820	20150820	68	1685.88	531.50	1030.00	3170.00		1080.50	1177.00	1210.00	1266.00	1312.50	1367.00	1390.00	1426.00	1460.50	1485.00	1529.50	1566.00	1717.00	1818.00	1950.00	2130.00	2340.00	2592.00	2780.50	
14233500	0821	19480821	20150821	68	1664.03	534.73	862.00	3160.00		1038.00	1146.00	1193.50	1248.00	1272.50	1337.00	1390.00	1396.00	1440.50	1480.00	1509.50	1656.00	1748.50	1782.00	1880.00	2120.00	2299.00	2615.00	2816.50	
14233500	0822	19480822	20150822	68	1654.21	477.51	924.00	2860.00		997.35	1146.00	1227.00	1268.00	1310.00	1337.00	1393.00	1456.00	1500.00	1510.00	1599.50	1634.00	1708.50	1792.00	1865.00	2012.00	2269.00	2601.00	2660.00	
14233500	0823	19480823	20150823	68	1634.44	480.19	894.00	2900.00		982.90	1106.00	1180.00	1280.00	1312.50	1357.00	1380.00	1386.00	1451.50	1500.00	1569.50	1618.00	1725.50	1796.00	1842.50	1938.00	2303.00	2481.00	2647.50	
14233500	0824	19480824	20150824	68	1627.34	523.44	739.00	3200.00		977.35	1065.00	1167.00	1230.00	1280.00	1307.00	1381.50	1434.00	1481.00	1505.00	1549.00	1596.00	1675.50	1740.00	1837.50	1960.00	2289.50	2408.00	2757.50	
14233500	0825	19480825	20150825	68	1639.25	612.05	862.00	4450.00		962.50	1030.00	1110.50	1188.00	1242.50	1284.00	1350.00	1396.00	1430.00	1450.00	1479.00	1554.00	1598.50	1763.00	1935.00	2146.00	2276.00	2575.00	2710.50	
14233500	0826	19480826	20150826	68	1628.87	693.87	701.00	5000.00		903.50	1023.50	1087.50	1216.00	1232.50	1257.00	1276.00	1336.00	1371.00	1410.00	1430.00	1528.00	1597.00	1755.00	1870.00	2040.00	2352.50	2480.00	2735.00	
14233500	0827	19480827	20150827	68	1589.54	583.57	793.00	3910.00		985.15	1069.00	1140.50	1198.00	1232.50	1250.00	1281.50	1306.00	1330.50	1370.00	1419.00	1480.00	1550.00	1692.00	1867.50	2078.00	2266.00	2393.00	2611.00	
14233500	0828	19480828	20150828	68	1580.74	610.71	787.00	4620.00		955.75	1030.00	1097.50	1180.00	1202.50	1240.00	1250.00	1270.00	1330.50	1395.00	1440.00	1472.00	1590.00	1700.00	1867.50	2082.00	2209.50	2292.00	2614.00	
14233500	0829	19480829	20150829	68	1566.99	576.38	742.00	4440.00		1011.40	1097.00	1150.00	1178.00	1220.00	1234.00	1260.00	1270.00	1301.00	1370.00	1458.50	1500.00	1538.50	1686.00	1847.50	1964.00	2136.00	2293.00	2596.50	
14233500	0830	19480830	20150830	68	1573.25	535.58	754.00	3550.00		880.15	1008.00	1153.50	1180.00	1202.50	1227.00	1250.00	1286.00	1360.00	1425.00	1479.00	1504.00	1590.00	1799.00	1935.00	2068.00	2179.00	2383.00	2569.00	
14233500	0831	19480831	20150831	68	1539.43	482.01	816.00	2960.00		949.30	1029.00	1133.50	1168.00	1195.00	1210.00	1240.00	1276.00	1310.50	1350.00	1428.00	1526.00	1664.00	1790.00	1865.00	1934.00	2179.00	2252.00	2502.00	
14233500	0901	19480901	20150901	68	1528.57	449.03	812.00	2780.00		991.45	1079.00	1140.00	1158.00	1180.00	1224.00	1231.50	1286.00	1321.00	1400.00	1458.00	1564.00	1650.00	1716.00	1780.00	1860.00	2049.50	2304.00	2440.00	
14233500	0902	19480902	20150902	68	1512.75	509.25	818.00	3610.00		996.25	1019.00	1034.00	1130.00	1172.50	1197.00	1231.50	1246.00	1280.50	1400.00	1449.50	1460.00	1504.00	1663.00	1810.00	1890.00	2080.00	2241.00	2461.50	
14233500	0903	19480903	20150903	68	1511.50	470.75	827.00	3560.00		966.90	1029.00	1093.50	1136.00	1185.00	1210.00	1251.50	1290.00	1321.00	1390.00	1419.50	1486.00	1587.00	1716.00	1747.50	1946.00	2050.00	2109.00	2271.00	
14233500	0904	19480904	20150904	68	1452.50	404.44	851.00	2770.00		940.65	1039.00	1050.00	1118.00	1170.00	1197.00	1240.00	1276.00	1300.50	1355.00	1380.00	1424.00	1517.00	1556.00	1700.00	1822.00	1966.50	2046.00	2239.00	
14233500	0905	19480905	20150905	68	1526.87	606.21	757.00	4370.00		941.70	1020.00	1060.00	1124.00	1142.50	1201.00	1240.00	1260.00	1290.50	1340.00	1407.00	1480.00	1540.00	1689.00	1757.50	1890.00	1979.50	2079.00	2711.50	
14233500	0906	19480906	20150906	68	1468.53	553.48	675.00	4300.00		880.00	1017.40	1060.00	1108.00	1135.00	1160.00	1181.50	1216.00	1280.50	1325.00	1360.00	1422.00	1480.00	1579.00	1730.00	1830.00	1915.50	2045.00	2603.00	
14233500	0907	19480907	20150907	68	1455.54	477.38	700.00	3730.00		884.95	971.10	1054.00	1098.00	1160.00	1190.00	1210.00	1256.00	1291.00	1325.00	1349.50	1412.00	1577.00	1675.00	1760.00	1846.00	1876.50	1986.00	2215.50	
14233500	0908	19480908	20150908	68	1423.94	456.11	762.00	3570.00		862.75	948.70	1080.00	1108.00	1140.00	1164.00	1196.00	1270.00	1290.50	1315.00	1389.50	1414.00	1467.00	1580.00	1622.50	1758.00	1816.50	1921.00	2029.50	
14233500	0909	19480909	20150909	68	1388.34	408.10	0.00	2920.00		868.30	988.80	1057.00	1116.00	1162.50	1180.00	1211.50	1252.00	1290.00	1305.00	1339.00	1418.00	1447.00	1531.00	1617.50	1732.00	1766.50	1966.00	2088.50	
14233500	0910	19480910	20150910	68	1399.12	477.53	0.00	3200.00		908.50	946.10	1010.00	1100.00	1115.00	1157.00	1221.50	1250.00	1270.00	1320.00	1340.00	1388.00	1454.00	1570.00	1637.50	1674.00	1736.00	1883.00	2389.50	
14233500	0911	19480911	20150911	68	1390.25	467.37	343.00	3260.00		859.80	891.80	1003.50	1060.00	1132.50	1170.00	1190.00	1202.00	1240.00	1250.00	1329.00	1394.00	1467.00	1559.00	1655.00	1700.00	1739.00	1922.00	2181.00	
14233500	0912	19480912	20150912	68	1373.47	408.11	796.00	2710.00		854.85	943.90	1001.15	1040.00	1062.50	1141.00	1181.50	1206.00	1220.00	1270.00	1299.50	1378.00	1427.00	1490.00	1585.00	1640.00	1821.00	2024.00	2227.50	
14233500	0913	19480913	20150913	68	1315.62	411.52	668.00	3050.00		801.00	903.00	972.35	1021.20	1042.50	1100.00	1120.00	1154.00	1190.50	1200.00	1239.00	1292.00	1340.00	1423.00	1542.50	1596.00	1682.50	1830.00	2135.50	
14233500	0914	19480914	20150914	68	1346.84	443.75	800.00	3610.00		877.45	942.60	983.55	1028.00	1062.50	1090.00	1120.00	1136.00	1170.50	1200.00	1278.00	1380.00	1444.00	1500.00	1540.00	1610.00	1686.50	1833.00	2186.50	
14233500	0915	19480915	20150915	68	1358.10	440.51	692.00	3610.00		862.55	939.80	1010.00	1046.00	1072.50	1090.00	1140.00	1172.00	1210.50	1265.00	1328.00	1390.00	1428.50	1476.00	1535.00	1646.00	1725.50	1851.00	2050.00	
14233500	0916	19480916	20150916	68	1447.87	571.67	796.00	4230.00		906.05	984.30	1013.50	1058.00	1130.00	1164.00	1190.00	1200.00	1220.00	1280.00	1330.00	1394.00	1447.00	1569.00	1657.50	1742.00	1829.50	2002.00	2636.50	
14233500	0917	19480917	20150917	68	1447.84	617.01	504.00	4190.00		849.05	991.00	1040.50	1080.00	1160.00	1180.00	1200.00	1220.00	1230.00	1280.00	1300.00	1364.00	1418.50	1463.00	1580.00	1704.00	1818.50	2043.00	2799.50	
14233500	0918	19480918	20150918	68	1505.21	898.87	58.00	6180.00		872.95	966.20	1037.00	1078.00	1160.00	1180.00	1191.50	1240.00	1270.50	1285.00	1310.00	1338.00	1418.50	1506.00	1645.00	1720.00	1779.50	1954.00	3423.50	
14233500	0919	19480919	20150919	68	1477.32	821.66	0.00	5550.00		841.30	943.40	1017.00	1050.00	1132.50	1160.00	1190.00	1216.00	1240.50	1280.00	1310.00	1344.00	1405.50	1530.00	1550.00	1762.00	1856.50	1976.00	3480.00	
14233500	0920	19480920	20150920	68	1483.60	695.52	0.00	4620.00		880.15	927.80	1013.50	1078.00	1107.50	1157.00	1181.50	1212.00	1230.50	1305.00	1349.00	1428.00	1500.00	1526.00	1647.50	1732.00	1819.00	2260.00	3300.00	
14233500	0921	19480921	20150921	68	1500.66	760.58	193.00	4870.00		867.90	945.80	983.10	1038.00	1105.00	1147.00	1171.50	1196.00	1231.00	1265.00	1290.00	1380.00	1447.00	1583.00	1662.50	1728.00	1829.00	2356.00	3525.00	
14233500	0922	19480922	20150922	68	1439.59	830.37	781.00	6730.00		816.65	881.50	914.00	992.60	1032.50	1071.00	1110.00	1156.00	1220.00	1240.00	1309.00	1342.00	1414.00	1462.00	1555.00	1656.00	1766.50	2160.00	2987.00	
14233500	0923	19480923	20150923	68	1448.26	765.97	494.00	5810.00		826.00	919.20	956.75	997.60	1035.00	1071.00	1101.50	1146.00	1180.50	1220.00	1290.00	1358.00	1380.00	1432.00	1527.50	1716.00	2033.00	2493.00	2757.50	
14233500	0924	19480924	20150924	68	1430.40	681.80	502.00	4830.00		853.40	918.00	970.70	999.40	1035.00	1080.00	1091.50	1126.00	1170.50	1195.00	1269.50	1380.00	1418.50	1476.00	1507.50	1722.00	1934.50	2227.00	3026.00	
14233500	0925	19480925	20150925	68	1400.81	664.99	247.00	4060.00		763.75	871.60	956.10	1004.00	1052.50	1074.00	1110.00	1126.00	1130.50	1140.00	1219.50	1364.00	1424.00	1483.00	1545.00	1658.00	1887.50	2226.00	2896.00	
14233500	0926	19480926	20150926	68	1413.87	683.53	100.00	4820.00		802.10	941.70	981.70	1036.00	1052.50	1077.00	1101.50	1126.00	1150.00	1215.00	1230.00	1350.00	1388.50	1432.00	1570.00	1650.00	1998.50	2199.00	2780.50	
14233500	0927	19480927	20150927	68	1448.04	871.18	632.00	7080.00		832.70	901.20	994.45	1028.00	1052.50	1077.00	1100.00	1116.00	1160.00	1210.00	1249.50	1300.00	1351.00	1450.00	1515.00	1710.00	1822.00	2174.00	2906.00	
14233500	0928	19480928	20150928	68	1433.26	742.36	757.00	5860.00		784.75	895.80	967.35	983.20	1022.50	1057.00	1064.50	1152.00	1190.50	1245.00	1289.50	1368.00	1418.50	1480.00	1607.50	1676.00	1802.00	2209.00	2742.50	
14233500	0929	19480929	20150929	68	1523.46	1277.19	721.00	10600.00		815.15	905.20	937.40	987.40	1012.50	1047.00	1103.00	1146.00	1190.50	1230.00	1269.50	1328.00	1420.00	1502.00	1580.00	1696.00	1871.00	2220.00	2814.50	
14233500	0930	19480930	20150930	68	1649.13	1837.43	676.00	15600.00		806.60	895.70	948.45	970.80	999.50	1037.00	1091.50	1190.00	1230.00	1245.00	1308.00	1360.00	1415.50	1489.00	1762.50	1906.00	2022.50	2286.00	3606.00	
14233500	1001	19471001	20141001	68	1717.03	1838.33	671.00	14300.00		877.15	919.30	955.20	984.40	999.50	1060.00	1091.50	1156.00	1181.50	1215.00	1279.50	1348.00	1388.50	1502.00	1570.00	1844.00	2324.00	2911.00	3755.00	
14233500	1002	19471002	20141002	68	1591.07	1277.33	631.00	9450.00		826.05	912.90	936.35	980.40	1012.50	1037.00	1050.00	1134.00	1170.50	1210.00	1249.50	1304.00	1340.00	1418.00	1540.00	1796.00	2090.00	3063.00	4281.00	
14233500	1003	19471003	20141003	68	1643.16	1215.00	628.00	6720.00		766.25	816.10	903.75	952.80	1002.50	1030.00	1074.50	1120.00	1170.50	1240.00	1279.50	1314.00	1397.00	1464.00	1765.00	1916.00	2275.00	3000.00	4860.00	
14233500	1004	19471004	20141004	68	1627.79	1318.41	594.00	9130.00		731.75	798.40	910.20	952.40	970.50	1020.00	1046.00	1106.00	1171.00	1215.00	1239.50	1298.00	1370.00	1590.00	1712.50	1902.00	2356.50	2966.00	4484.00	
14233500	1005	19471005	20141005	68	1664.49	1887.23	577.00	15500.00		644.75	747.70	899.00	939.40	943.50	964.20	1021.50	1052.00	1122.50	1185.00	1219.50	1312.00	1412.50	1563.00	1732.50	2034.00	2303.00	2875.00	3921.50	
14233500	1006	19471006	20141006	68	1547.26	1261.76	567.00	9580.00		676.15	745.60	870.05	898.80	924.75	975.20	1023.00	1068.00	1130.00	1140.00	1209.00	1266.00	1364.00	1573.00	1780.00	1934.00	2219.50	2595.00	3782.00	
14233500	1007	19471007	20141007	68	1553.06	1249.19	566.00	7510.00		644.75	760.90	862.95	916.00	932.25	973.60	1001.50	1050.00	1123.00	1225.00	1278.00	1344.00	1434.00	1473.00	1612.50	1834.00	2132.50	2383.00	4802.00	
14233500	1008	19471008	20141008	68	1565.96	1124.71	504.00	6180.00		656.75	739.40	840.15	871.40	931.75	944.70	1010.00	1090.00	1112.00	1200.00	1270.00	1340.00	1468.00	1610.00	1697.50	1848.00	2153.00	2860.00	4578.00	
14233500	1009	19471009	20141009	68	1731.21	1438.60	574.00	7660.00		637.70	741.90	831.75	865.80	940.25	982.20	1073.00	1100.00	1120.50	1145.00	1240.00	1340.00	1415.50	1583.00	1772.50	2006.00	3230.00	3717.00	5496.00	
14233500	1010	19471010	20141010	68	1887.04	1778.20	563.00	11800.00		605.45	795.80	815.70	860.20	918.25	954.20	1031.50	1090.00	1162.50	1245.00	1348.00	1424.00	1657.50	1796.00	1942.50	2696.00	3451.00	3813.00	5687.00	
14233500	1011	19471011	20141011	68	1979.72	1983.52	526.00	10800.00		703.15	791.70	836.40	886.80	900.00	934.40	969.75	1022.00	1071.50	1185.00	1309.00	1550.00	1664.00	1810.00	2182.50	2784.00	3290.00	3506.00	7698.50	
14233500	1012	19471012	20141012	68	1916.41	1981.54	550.00	13800.00		692.55	815.20	850.15	870.40	895.50	931.90	979.40	1070.00	1101.50	1215.00	1307.50	1402.00	1578.50	1710.00	2072.50	2812.00	3152.00	3701.00	5877.00	
14233500	1013	19471013	20141013	68	1811.12	1516.55	547.00	9900.00		676.55	814.10	836.20	863.60	941.00	989.40	1023.00	1060.00	1141.00	1240.00	1288.50	1474.00	1657.00	1844.00	2172.50	2504.00	2859.00	3747.00	4736.50	
14233500	1014	19471014	20141014	68	1780.22	1305.71	556.00	7340.00		705.40	829.00	846.90	903.80	957.50	1014.00	1050.00	1162.00	1220.50	1285.00	1378.50	1490.00	1687.00	1916.00	2157.50	2340.00	2663.00	3620.00	4804.00	
14233500	1015	19471015	20141015	68	1765.29	1179.34	547.00	6040.00		661.20	800.10	855.70	982.00	1020.00	1061.00	1121.50	1222.00	1320.00	1365.00	1449.50	1552.00	1763.50	1909.00	2105.00	2368.00	2717.50	3256.00	4978.50	
14233500	1016	19471016	20141016	68	1799.75	1206.13	545.00	6490.00		730.45	840.40	881.05	939.60	1030.00	1050.00	1120.00	1186.00	1270.50	1335.00	1419.50	1524.00	1705.50	1973.00	2235.00	2510.00	2986.00	3932.00	4572.00	
14233500	1017	19471017	20141017	68	1783.88	1218.49	543.00	5670.00		658.15	789.00	850.50	892.80	1022.50	1050.00	1077.50	1156.00	1212.50	1335.00	1430.00	1576.00	1761.00	1958.00	2120.00	2486.00	2736.50	4159.00	4888.50	
14233500	1018	19471018	20141018	68	1840.59	1404.42	544.00	7500.00		643.10	766.80	797.10	885.60	1010.00	1037.00	1066.00	1166.00	1230.50	1350.00	1479.50	1666.00	1777.00	1942.00	2107.50	2590.00	2926.50	3749.00	4787.50	
14233500	1019	19471019	20141019	68	1934.66	2029.06	548.00	16000.00		700.00	755.40	812.20	852.20	1032.50	1054.00	1133.00	1184.00	1250.50	1340.00	1470.00	1672.00	1778.50	1927.00	2182.50	2350.00	3248.50	3587.00	4661.00	
14233500	1020	19471020	20141020	68	2165.51	2587.30	542.00	20000.00		647.65	755.60	828.05	982.80	1052.50	1094.00	1137.50	1266.00	1333.00	1425.00	1638.50	1762.00	1881.00	2198.00	2645.00	2874.00	2999.50	3469.00	5573.00	
14233500	1021	19471021	20141021	68	2217.18	2171.07	543.00	14000.00		725.25	807.90	867.80	990.00	1052.50	1108.00	1263.00	1302.00	1351.50	1545.00	1609.00	1702.00	1884.00	2117.00	2437.50	2774.00	3256.00	4955.00	7057.50	
14233500	1022	19471022	20141022	68	2198.24	1899.31	529.00	9160.00		736.40	813.80	882.85	1011.20	1052.50	1193.00	1253.00	1296.00	1413.50	1565.00	1639.50	1880.00	2018.50	2202.00	2557.50	2734.00	3176.50	4420.00	7692.00	
14233500	1023	19471023	20141023	68	2465.84	2661.08	488.00	18600.00		710.05	814.90	954.25	1050.00	1110.00	1237.00	1310.50	1438.00	1520.50	1585.00	1717.50	1830.00	2053.50	2392.00	2677.50	3250.00	3742.50	5628.00	7320.00	
14233500	1024	19471024	20141024	68	2320.57	1978.50	522.00	12600.00		740.70	815.90	952.35	1028.00	1165.00	1281.00	1386.00	1488.00	1680.00	1740.00	1810.00	1926.00	2171.00	2423.00	2720.00	3204.00	3510.50	4409.00	6098.50	
14233500	1025	19471025	20141025	68	2426.74	2192.38	508.00	12300.00		684.70	820.80	915.90	1038.00	1140.00	1227.00	1410.00	1472.00	1670.50	1765.00	1885.00	2110.00	2254.00	2428.00	2552.50	2932.00	4127.00	4969.00	7120.50	
14233500	1026	19471026	20141026	68	2529.03	1974.15	486.00	9680.00		723.50	857.30	976.45	1060.00	1280.00	1337.00	1476.50	1686.00	1771.00	1890.00	2121.00	2244.00	2377.00	2696.00	3037.50	3924.00	4262.00	5553.00	7664.50	
14233500	1027	19471027	20141027	68	2596.72	2131.44	487.00	12500.00		718.60	829.90	976.70	1054.00	1232.50	1344.00	1441.50	1572.00	1690.00	1845.00	2108.50	2260.00	2562.00	2978.00	3280.00	3650.00	4745.50	5562.00	6948.00	
14233500	1028	19471028	20141028	68	2778.41	2749.14	489.00	18200.00		675.30	793.40	999.45	1086.00	1202.50	1294.00	1480.00	1614.00	1711.50	1915.00	2115.50	2288.00	2417.00	2741.00	3292.50	4260.00	4513.00	5713.00	8093.00	
14233500	1029	19471029	20141029	68	2890.15	2524.77	471.00	11500.00		676.45	784.40	1017.00	1122.00	1185.00	1319.00	1440.50	1624.00	1820.00	1865.00	1998.50	2264.00	2740.00	3422.00	3925.00	4434.00	5186.00	6283.00	9497.50	
14233500	1030	19471030	20141030	68	3159.32	3569.12	443.00	19200.00		688.80	764.70	997.00	1120.00	1162.50	1207.00	1384.50	1516.00	1764.50	1950.00	2098.00	2252.00	2924.50	3266.00	4222.50	4510.00	5051.50	6559.00	11322.00	
14233500	1031	19471031	20141031	68	3488.43	4389.71	444.00	30100.00		683.25	803.80	985.95	1164.00	1277.50	1436.00	1516.00	1664.00	1841.50	1985.00	2216.00	2754.00	2962.50	3546.00	3965.00	4570.00	4917.50	7994.00	12235.00	
14233500	1101	19471101	20141101	68	3296.43	3290.89	442.00	18500.00		689.40	916.60	1007.00	1206.00	1357.50	1497.00	1571.50	1712.00	1885.00	2065.00	2279.00	2678.00	2952.00	3896.00	4385.00	4640.00	5699.00	6688.00	9866.00	
14233500	1102	19471102	20141102	68	3335.66	2900.55	434.00	13100.00		688.05	874.80	1020.00	1380.00	1477.50	1582.00	1693.00	1800.00	1882.00	2065.00	2515.50	2706.00	3315.00	4105.00	4300.00	5126.00	6575.50	7220.00	10658.00	
14233500	1103	19471103	20141103	68	3339.38	2603.47	428.00	10400.00		731.45	922.60	1144.50	1376.00	1535.00	1687.00	1770.00	1890.00	1971.00	2385.00	2459.50	2616.00	3404.00	3964.00	4472.50	5264.00	6783.00	7776.00	9289.00	
14233500	1104	19471104	20141104	68	3736.57	3099.48	427.00	16500.00		753.80	992.80	1290.00	1530.00	1632.50	1787.00	1993.50	2200.00	2323.50	2455.00	2756.00	3278.00	3491.00	4336.00	5182.50	5998.00	6691.00	8111.00	10785.00	
14233500	1105	19471105	20141105	68	3701.54	3108.27	424.00	20200.00		734.80	1154.00	1490.00	1514.00	1690.00	1752.00	2096.00	2226.00	2394.00	2805.00	2984.00	3152.00	3894.00	4406.00	4800.00	5368.00	6678.00	7649.00	9342.50	
14233500	1106	19471106	20141106	68	3892.62	3846.35	425.00	25700.00		703.65	1048.00	1474.00	1560.00	1750.00	2007.00	2075.00	2220.00	2377.00	2715.00	3010.00	3658.00	3735.50	4172.00	4522.50	5148.00	6150.00	7851.00	11849.00	
14233500	1107	19471107	20141107	68	4610.78	8001.39	425.00	65600.00		685.55	1074.00	1412.50	1704.00	1850.00	1987.00	2155.00	2358.00	2632.50	3070.00	3377.50	3502.00	3728.00	4208.00	4495.00	5640.00	6591.00	7985.00	11115.00	
14233500	1108	19471108	20141108	68	4569.81	6586.84	500.00	51100.00		670.15	1139.00	1382.50	1646.00	1840.00	1962.00	2074.50	2330.00	2706.00	3010.00	3437.50	3694.00	3878.00	3989.00	5127.50	5796.00	6510.50	9406.00	14460.00	
14233500	1109	19471109	20141109	68	4205.06	4155.25	580.00	23500.00		664.50	1028.00	1348.00	1652.00	1795.00	1891.00	2197.50	2548.00	2896.50	3230.00	3467.50	3594.00	3658.50	4085.00	4695.00	5418.00	5979.50	9364.00	14100.00	
14233500	1110	19471110	20141110	68	4222.53	3824.74	589.00	18500.00		673.20	1272.00	1398.50	1606.00	1720.00	1814.00	2136.00	2520.00	2894.00	3230.00	3386.00	3642.00	3912.00	4161.00	4802.50	5450.00	6856.00	10820.00	14225.00	
14233500	1111	19471111	20141111	68	4423.41	4209.54	601.00	23200.00		692.80	1275.00	1421.00	1618.00	1722.50	1830.00	2114.50	2678.00	3050.50	3200.00	3416.00	3696.00	4005.50	4352.00	5225.00	5462.00	8199.00	10500.00	13900.00	
14233500	1112	19471112	20141112	68	4941.74	5054.82	633.00	23700.00		711.95	1189.00	1495.00	1700.00	1852.50	2160.00	2484.50	2896.00	3092.50	3405.00	3570.00	3734.00	4002.50	4638.00	5107.50	6238.00	8846.00	11970.00	18350.00	
14233500	1113	19471113	20141113	68	5187.63	5883.69	655.00	35100.00		859.80	1386.00	1655.50	1844.00	1977.50	2281.00	2700.00	2822.00	3011.50	3375.00	3568.00	3978.00	4205.00	4710.00	5592.50	6708.00	8479.00	10630.00	20440.00	
14233500	1114	19471114	20141114	68	4757.37	3940.83	646.00	18200.00		1044.50	1340.00	1737.00	1888.00	2137.50	2553.00	2693.50	3014.00	3271.00	3500.00	3812.00	4140.00	4514.00	5005.00	5957.50	6668.00	7776.00	10690.00	14720.00	
14233500	1115	19471115	20141115	68	4468.62	3191.66	648.00	14300.00		905.35	1178.00	1764.50	1950.00	2255.00	2550.00	2720.00	2804.00	3053.00	3500.00	3796.50	4074.00	4566.50	5008.00	6010.00	6972.00	8650.00	9480.00	11040.00	
14233500	1116	19471116	20141116	68	4476.93	3105.56	673.00	13800.00		819.40	1283.00	1773.50	2066.00	2370.00	2501.00	2794.50	3106.00	3443.50	3625.00	4010.00	4142.00	4534.00	4965.00	5702.50	7166.00	7699.50	9299.00	11740.00	
14233500	1117	19471117	20141117	68	4430.65	2884.35	655.00	16300.00		869.40	1427.00	2027.00	2226.00	2380.00	2604.00	2703.00	3196.00	3481.00	3860.00	3999.50	4306.00	4691.00	5166.00	5810.00	6646.00	7565.00	8745.00	9888.50	
14233500	1118	19471118	20141118	68	4458.46	2915.92	645.00	15500.00		850.75	1430.00	2081.00	2312.00	2407.50	2578.00	2986.50	3398.00	3551.50	3660.00	4012.00	4200.00	4932.00	5276.00	5817.50	6344.00	6905.50	8712.00	10061.00	
14233500	1119	19471119	20141119	68	4590.50	2969.12	640.00	14200.00		832.75	1695.00	2081.50	2256.00	2442.50	2576.00	3179.00	3404.00	3533.50	3710.00	4048.00	4584.00	4944.00	5184.00	5572.50	6700.00	7622.50	8957.00	11965.00	
14233500	1120	19471120	20141120	68	5292.71	4976.48	635.00	34400.00		853.85	1823.00	1990.00	2172.00	2440.00	2903.00	3138.00	3540.00	3758.50	4245.00	4454.00	4736.00	5038.50	5645.00	6267.50	7452.00	8064.50	9199.00	12265.00	
14233500	1121	19471121	20141121	68	5550.37	5279.44	635.00	33200.00		836.85	1731.00	1901.00	2090.00	2612.50	2986.00	3121.00	3470.00	3975.50	4335.00	4477.50	4742.00	5078.50	5585.00	6620.00	7224.00	8208.00	11120.00	17725.00	
14233500	1122	19471122	20141122	68	5310.79	3873.22	626.00	18600.00		873.60	1665.00	1770.00	2494.00	2885.00	3136.00	3680.00	3790.00	4102.00	4330.00	4427.00	5048.00	5373.00	5910.00	6710.00	7608.00	8929.00	10810.00	14865.00	
14233500	1123	19471123	20141123	68	5612.59	5188.48	612.00	35800.00		930.70	1615.00	1754.00	2264.00	2765.00	3079.00	3519.00	3646.00	4160.00	4205.00	4336.00	4574.00	5082.00	5995.00	6950.00	7846.00	9832.50	11520.00	14760.00	
14233500	1124	19471124	20141124	68	6705.82	6824.55	599.00	40700.00		975.30	1521.00	1868.50	2590.00	2820.00	3202.00	3503.50	3844.00	4052.00	4415.00	4999.50	5278.00	5526.50	6801.00	8042.50	10092.00	12580.00	14550.00	21480.00	
14233500	1125	19471125	20141125	68	7754.78	8590.90	586.00	57600.00		1001.20	1494.00	2066.50	2528.00	2805.00	3181.00	3586.00	3804.00	4013.50	4720.00	6127.50	6484.00	7266.00	8502.00	10447.50	11580.00	12725.00	16900.00	24680.00	
14233500	1126	19471126	20141126	68	7729.22	7779.33	576.00	37800.00		968.15	1443.00	2098.50	2348.00	2807.50	3218.00	3683.00	4038.00	4321.50	5660.00	5979.50	6360.00	7135.50	8039.00	9122.50	10920.00	14240.00	20610.00	24695.00	
14233500	1127	19471127	20141127	68	6912.97	6036.93	568.00	26600.00		874.35	1467.00	2128.00	2386.00	2682.50	3128.00	3477.50	3742.00	4637.00	5005.00	5976.50	6514.00	7027.00	7514.00	7917.50	9868.00	13765.00	18920.00	20700.00	
14233500	1128	19471128	20141128	68	6573.97	5954.66	554.00	34200.00		819.15	1670.00	2093.50	2216.00	2712.50	3095.00	3282.00	3984.00	4558.00	5060.00	5970.00	6524.00	6695.00	7055.00	7382.50	8184.00	10895.00	15530.00	18665.00	
14233500	1129	19471129	20141129	68	6279.28	6863.61	532.00	51500.00		784.25	1603.00	2013.50	2356.00	2677.50	2929.00	3204.00	4158.00	4825.00	5115.00	5461.50	5910.00	6114.00	6473.00	6750.00	8064.00	9176.50	12860.00	16605.00	
14233500	1130	19471130	20141130	68	6108.22	7730.77	532.00	63300.00		900.85	1539.00	1934.00	2566.00	2785.00	2980.00	3584.00	4458.00	4727.50	5075.00	5435.00	5600.00	5767.00	6317.00	6767.50	7516.00	8933.00	10340.00	12835.00	
14233500	1201	19471201	20141201	68	6249.21	6277.07	540.00	43700.00		1041.50	1705.00	1887.50	2378.00	2732.50	3306.00	4062.00	4306.00	4616.50	4880.00	5059.00	5302.00	5847.50	6045.00	6880.00	8118.00	9523.00	11090.00	19210.00	
14233500	1202	19471202	20141202	68	7063.41	8294.30	550.00	46500.00		1333.00	1775.00	2513.50	2646.00	2892.50	3589.00	3957.50	4110.00	4329.00	4670.00	5029.50	5408.00	5902.50	6804.00	7157.50	8528.00	9512.50	13230.00	26300.00	
14233500	1203	19471203	20141203	68	7445.03	10717.72	568.00	74100.00		1452.50	2206.00	2687.50	2800.00	3450.00	3715.00	3790.00	3940.00	4261.00	4715.00	5034.00	5830.00	6445.50	7232.00	7792.50	8326.00	9317.50	12780.00	18450.00	
14233500	1204	19471204	20141204	68	7526.18	9653.85	704.00	66800.00		1341.50	2181.00	2621.00	3094.00	3297.50	3534.00	3704.50	4030.00	4417.00	4730.00	5610.50	5936.00	6436.50	6927.00	7647.50	8176.00	10395.00	14040.00	29270.00	
14233500	1205	19471205	20141205	68	6559.59	6467.99	704.00	43100.00		1258.50	2081.00	2531.00	2986.00	3232.50	3387.00	3717.50	4166.00	4281.50	4580.00	5191.50	5656.00	6103.50	6632.00	7087.50	8930.00	10130.00	11640.00	19615.00	
14233500	1206	19471206	20141206	68	6009.43	4169.40	705.00	22600.00		1275.50	2017.00	2464.00	2818.00	2920.00	3435.00	3870.50	3974.00	4501.00	4750.00	5303.00	6058.00	6315.00	7247.00	7500.00	8990.00	9948.00	11830.00	15070.00	
14233500	1207	19471207	20141207	68	5772.84	3959.86	698.00	19500.00		1254.00	2012.00	2571.50	2708.00	2775.00	3421.00	3740.50	4134.00	4239.00	4570.00	5416.50	5820.00	6248.50	6491.00	7005.00	8072.00	8968.50	10730.00	15790.00	
14233500	1208	19471208	20141208	68	5310.49	3399.10	615.00	19000.00		1297.00	1988.00	2534.50	2752.00	3007.50	3386.00	3631.50	3768.00	4034.00	4405.00	4920.00	5348.00	5683.50	6085.00	6537.50	7186.00	8620.50	9637.00	12965.00	
14233500	1209	19471209	20141209	68	5125.22	3039.43	612.00	17900.00		1370.50	2066.00	2560.00	2734.00	3085.00	3350.00	3463.00	3742.00	3890.50	4315.00	4960.00	5230.00	5705.50	6111.00	6865.00	7236.00	7692.00	9381.00	10910.00	
14233500	1210	19471210	20141210	68	5723.15	4228.83	676.00	23700.00		1343.50	2155.00	2440.50	2868.00	3132.50	3285.00	3563.00	3794.00	4237.50	4640.00	4928.50	5330.00	6439.00	7031.00	7465.00	7870.00	8096.50	10440.00	14255.00	
14233500	1211	19471211	20141211	68	6201.06	4661.86	900.00	20900.00		1304.50	2135.00	2494.00	2808.00	3105.00	3357.00	3821.50	3992.00	4329.50	4760.00	5279.00	5914.00	6127.00	6709.00	7512.50	8034.00	10308.00	13780.00	18920.00	
14233500	1212	19471212	20141212	68	6503.82	5544.94	1250.00	30600.00		1362.00	2179.00	2548.50	2810.00	2992.50	3285.00	3699.00	4066.00	4401.00	5170.00	5570.50	5928.00	6218.50	6621.00	7477.50	8212.00	10262.50	13480.00	21175.00	
14233500	1213	19471213	20141213	68	6836.47	6037.84	1020.00	27000.00		1876.50	2145.00	2650.00	2812.00	2935.00	3485.00	3944.50	4174.00	4722.50	4905.00	5289.00	5496.00	5752.50	6482.00	7062.50	9260.00	10673.00	17930.00	22670.00	
14233500	1214	19471214	20141214	68	6659.51	6195.20	997.00	38000.00		1909.50	2089.00	2560.50	2712.00	2910.00	3290.00	3781.00	4106.00	4657.50	5000.00	5184.50	5314.00	5761.50	6307.00	7200.00	8040.00	11555.00	16720.00	19320.00	
14233500	1215	19471215	20141215	68	6519.26	5619.57	1220.00	34200.00		1796.00	2047.00	2353.50	2618.00	3132.50	3333.00	3641.50	4110.00	4451.00	4800.00	5049.50	5854.00	6160.00	6733.00	7710.00	9556.00	10700.00	13820.00	16075.00	
14233500	1216	19471216	20141216	68	6353.82	4811.34	1310.00	23500.00		1676.00	2117.00	2270.50	2776.00	2985.00	3157.00	3528.00	3972.00	4363.50	4670.00	5206.50	5712.00	5898.00	6952.00	8767.50	10100.00	11595.00	13080.00	17185.00	
14233500	1217	19471217	20141217	68	6055.29	4213.74	1320.00	19000.00		1624.50	2076.00	2454.00	2802.00	3105.00	3318.00	3504.00	3816.00	4128.00	4680.00	5022.00	5440.00	5957.50	6982.00	8160.00	9510.00	10590.00	12190.00	16200.00	
14233500	1218	19471218	20141218	68	5786.62	4080.95	1300.00	21000.00		1700.00	1979.00	2364.00	2644.00	3007.50	3252.00	3665.00	3850.00	4270.00	4445.00	4736.00	5274.00	6160.00	6962.00	7362.50	8182.00	9470.00	10850.00	15100.00	
14233500	1219	19471219	20141219	68	5424.85	3552.66	1200.00	18100.00		1507.50	1917.00	2260.50	2660.00	2837.50	3222.00	3631.50	3836.00	4032.50	4160.00	4703.00	5344.00	6324.00	6513.00	6955.00	7508.00	8510.50	10110.00	13785.00	
14233500	1220	19471220	20141220	68	5598.82	3910.52	1130.00	19300.00		1523.00	1982.00	2167.50	2546.00	2717.50	3275.00	3554.50	3756.00	4084.50	4470.00	5208.50	5680.00	5878.00	6448.00	6915.00	7504.00	8396.00	10880.00	15415.00	
14233500	1221	19471221	20141221	68	6097.94	5091.68	1100.00	26600.00		1552.50	1976.00	2361.00	2528.00	2692.50	3045.00	3467.50	3714.00	3916.00	4415.00	4856.50	5680.00	6063.50	6497.00	7045.00	8796.00	10430.00	12570.00	17700.00	
14233500	1222	19471222	20141222	68	6153.24	5420.22	1200.00	31800.00		1492.00	1907.00	2364.00	2556.00	2827.50	3176.00	3474.50	3762.00	4003.00	4410.00	4609.50	5388.00	5781.50	6255.00	7402.50	8520.00	9895.00	12570.00	18505.00	
14233500	1223	19471223	20141223	68	6178.38	5869.21	1100.00	34000.00		1475.00	1896.00	2435.50	2628.00	3105.00	3380.00	3534.00	3912.00	4051.00	4165.00	4376.50	4820.00	5212.50	5786.00	7120.00	8110.00	9668.50	12180.00	22165.00	
14233500	1224	19471224	20141224	68	5986.76	5263.31	1010.00	29400.00		1602.00	1775.00	2531.50	2806.00	3205.00	3466.00	3687.00	3932.00	4047.50	4345.00	4649.50	4852.00	5275.50	5532.00	6597.50	7304.00	8807.00	13890.00	18855.00	
14233500	1225	19471225	20141225	68	5748.44	4565.99	954.00	23700.00		1624.50	1841.00	2487.00	2746.00	3125.00	3428.00	3672.00	3940.00	4047.00	4325.00	4717.00	5052.00	5322.50	5725.00	6302.50	6846.00	9697.50	13030.00	17155.00	
14233500	1226	19471226	20141226	68	5839.09	5811.13	918.00	42000.00		1634.00	1796.00	2422.00	2644.00	3037.50	3282.00	3460.00	3704.00	3991.50	4105.00	4340.00	4754.00	5326.00	5522.00	6112.50	7166.00	9965.00	12240.00	14060.00	
14233500	1227	19471227	20141227	68	5836.71	6082.92	906.00	42800.00		1694.50	1784.00	2473.50	2804.00	3027.50	3188.00	3287.50	3492.00	3722.50	3950.00	4358.50	4436.00	4764.50	5574.00	6230.00	8172.00	9058.00	11180.00	16305.00	
14233500	1228	19471228	20141228	68	5444.91	4335.68	894.00	25600.00		1673.50	2220.00	2495.50	2816.00	2960.00	3051.00	3210.50	3446.00	3632.00	3890.00	4186.50	4348.00	5032.50	5797.00	6725.00	7700.00	8278.50	11720.00	15565.00	
14233500	1229	19471229	20141229	68	5311.09	4145.58	954.00	24800.00		1678.50	2125.00	2480.00	2630.00	2870.00	3030.00	3221.50	3370.00	3528.50	3865.00	3989.50	4320.00	4748.50	5894.00	6617.50	7220.00	8426.50	10450.00	15705.00	
14233500	1230	19471230	20141230	68	5472.21	5024.01	1200.00	34500.00		1736.50	2059.00	2387.00	2744.00	2912.50	2977.00	3161.50	3442.00	3643.00	3800.00	4058.00	4422.00	5207.00	5627.00	6187.50	6674.00	8398.00	11140.00	16475.00	
14233500	1231	19471231	20141231	68	5290.44	4446.58	1300.00	25500.00		1637.00	2138.00	2350.50	2596.00	2782.50	2928.00	3074.50	3414.00	3542.00	3815.00	4390.50	4522.00	5022.50	5245.00	5917.50	7042.00	8369.50	10240.00	14475.00	
