site_no	monthday	begin_dt	end_dt	count_nu	mean	std	min	max	p01	p05	p10	p15	p20	p25	p30	p35	p40	p45	p50	p55	p60	p65	p70	p75	p80	p85	p90	p95	p99
50128940	ALL	20010131	20150129	4953	11.13	5.67	0.00	69.00	1.19	4.10	5.24	5.98	6.64	7.33	7.86	8.41	8.93	9.46	10.00	10.60	11.30	12.00	13.00	14.00	15.10	16.60	18.30	21.90	29.20
50128940	0101	20020101	20150101	13	10.37	3.63	5.90	17.80			6.20	6.78	7.79	8.12	8.17	8.18	8.29	8.72	9.57	10.08	10.54	10.92	11.06	12.05	13.76	16.42	17.40		
50128940	0102	20020102	20150102	13	11.14	2.90	7.46	17.50			7.83	8.42	8.72	9.12	9.47	9.59	9.62	9.69	9.83	10.79	11.36	11.66	12.08	13.15	14.28	14.91	16.50		
50128940	0103	20020103	20150103	13	10.96	3.26	6.93	16.90			7.05	7.23	7.28	7.47	8.03	9.34	10.05	10.43	10.50	10.57	11.76	13.50	13.50	13.50	13.78	14.76	16.10		
50128940	0104	20020104	20150104	13	10.22	3.47	5.24	18.70			5.60	6.30	7.32	8.11	8.66	8.86	9.03	9.33	9.81	10.15	10.58	11.00	11.00	12.05	13.14	13.28	16.54		
50128940	0105	20020105	20150105	14	11.29	3.74	5.77	18.50			6.01	6.72	8.14	8.39	8.54	8.88	9.70	10.90	11.55	11.95	12.40	12.70	13.05	13.53	14.20	16.15	17.65		
50128940	0106	20020106	20150106	14	11.86	3.56	6.29	17.30			6.67	7.25	7.83	9.14	9.74	9.91	9.91	10.73	11.85	12.78	13.00	14.57	15.25	15.40	15.40	15.55	16.45		
50128940	0107	20020107	20150107	14	11.84	3.09	5.90	17.90			6.61	7.77	9.11	9.85	10.50	11.15	11.90	12.12	12.25	12.38	12.60	12.90	13.00	13.43	14.70	14.78	16.35		
50128940	0108	20020108	20150108	14	10.43	2.93	6.38	16.60			6.58	7.03	7.80	8.56	9.29	9.76	9.78	9.87	9.93	10.04	10.30	10.75	11.25	11.60	11.60	14.82	16.25		
50128940	0109	20020109	20150109	14	10.61	3.24	4.95	16.70			5.58	6.44	7.12	8.23	9.16	9.89	10.40	10.55	10.80	11.05	11.20	11.35	11.60	12.40	14.20	14.50	15.65		
50128940	0110	20020110	20150110	14	10.81	3.33	5.94	17.30			6.04	6.46	7.42	8.41	9.25	9.77	9.79	10.10	10.45	10.85	11.30	11.30	12.50	13.70	13.70	14.97	16.35		
50128940	0111	20020111	20150111	14	10.42	3.38	6.34	18.10			6.62	6.95	7.13	7.52	7.69	7.72	7.73	9.58	10.75	11.38	11.60	11.60	12.10	12.72	13.10	13.70	16.00		
50128940	0112	20020112	20150112	14	11.52	4.40	5.37	22.80			5.50	6.03	7.18	7.79	9.50	11.03	11.10	11.47	11.60	11.75	12.20	12.80	13.25	13.55	13.70	14.38	18.70		
50128940	0113	20020113	20150113	14	12.08	4.64	4.63	21.70			6.13	8.06	9.34	9.41	9.49	9.55	9.57	10.79	11.65	12.12	12.20	12.28	12.50	13.80	17.10	19.05	20.70		
50128940	0114	20020114	20150114	14	12.63	5.46	6.08	24.30			6.91	7.93	8.50	9.22	9.52	9.63	9.80	10.10	10.80	11.40	11.40	12.53	14.00	15.80	17.90	21.35	23.40		
50128940	0115	20020115	20150115	14	11.95	4.02	6.84	18.70			7.08	7.68	8.78	9.12	9.51	9.81	9.88	10.27	10.45	10.53	10.60	13.30	15.25	16.40	16.70	17.75	18.40		
50128940	0116	20020116	20150116	14	12.82	4.12	6.08	21.90			7.38	8.81	9.18	9.87	10.55	11.05	11.20	11.35	11.65	12.43	14.00	14.38	15.40	16.30	16.30	16.82	19.45		
50128940	0117	20020117	20150117	14	11.77	5.48	5.09	24.90			5.13	5.50	6.44	6.66	8.18	9.84	10.50	10.57	10.80	11.32	12.30	13.65	14.50	14.97	15.20	17.45	21.55		
50128940	0118	20020118	20150118	14	11.18	4.89	4.29	23.00			4.92	5.73	6.28	7.94	8.58	9.00	10.00	10.68	10.90	10.93	11.00	11.30	12.95	14.80	15.70	15.78	19.40		
50128940	0119	20020119	20150119	14	11.73	6.29	4.40	24.80			4.68	5.19	5.87	6.33	6.82	7.69	9.29	9.46	10.05	10.85	11.60	13.55	15.65	17.30	17.90	19.77	22.60		
50128940	0120	20020120	20150120	14	12.16	6.16	4.75	26.40			4.86	5.74	8.05	8.28	8.62	8.87	8.88	9.14	9.77	10.57	11.40	14.18	15.50	16.57	18.60	19.27	22.95		
50128940	0121	20020121	20150121	13	13.08	5.72	4.06	22.00			4.25	4.87	7.18	8.50	9.29	9.76	11.61	12.92	13.20	14.67	15.62	16.14	16.42	17.60	18.96	19.87	21.20		
50128940	0122	20020122	20150122	13	11.99	3.59	6.56	18.00			6.95	7.54	7.58	8.89	10.34	10.83	11.08	11.23	11.30	11.65	12.60	13.94	14.92	15.55	15.90	15.90	17.16		
50128940	0123	20020123	20150123	13	12.51	3.81	8.04	19.50			8.13	8.31	8.69	8.83	8.97	9.37	10.55	11.69	12.60	13.23	13.70	14.06	14.48	15.10	16.12	17.94	18.98		
50128940	0124	20020124	20150124	13	11.96	4.22	6.21	20.60			6.72	7.51	7.74	8.04	8.51	9.39	9.93	10.59	11.50	12.62	13.54	14.27	14.76	15.05	15.46	16.37	18.96		
50128940	0125	20020125	20150125	13	11.38	4.40	3.44	17.40			4.16	5.47	7.12	8.18	8.79	8.88	10.28	11.20	11.20	12.32	13.24	14.06	15.18	15.65	15.88	16.16	16.92		
50128940	0126	20020126	20150126	13	11.39	4.09	5.41	17.40			5.56	5.85	6.33	7.20	8.30	9.64	10.35	11.00	11.70	12.33	13.28	14.30	14.30	15.05	15.82	15.89	16.80		
50128940	0127	20020127	20150127	13	11.37	4.92	4.59	20.20			4.69	5.03	6.25	7.08	7.84	8.86	9.16	9.93	11.50	11.92	12.74	13.82	14.66	15.80	16.72	16.79	18.84		
50128940	0128	20020128	20150128	13	10.62	3.36	5.82	16.30			5.86	6.05	6.92	7.67	8.27	8.65	9.38	10.21	11.10	11.31	11.68	12.19	12.82	13.25	13.80	14.85	15.78		
50128940	0129	20020129	20150129	13	11.17	3.17	5.03	16.50			6.55	8.84	8.94	9.11	9.31	9.55	9.77	10.20	10.90	11.04	11.50	12.18	12.74	13.45	14.42	15.89	16.34		
50128940	0130	20020130	20140130	12	13.07	4.58	7.79	22.20			8.05	8.62	8.77	9.06	9.60	9.78	10.24	11.43	12.00	12.55	13.66	14.77	15.88	17.05	17.94	18.78	21.12		
50128940	0131	20010131	20140131	13	12.25	4.38	3.55	17.50			4.65	6.63	8.84	9.58	9.75	9.97	10.72	11.47	12.10	13.64	14.58	15.14	16.12	16.55	16.76	16.97	17.30		
50128940	0201	20010201	20140201	13	12.35	5.39	4.09	19.90			4.91	6.19	6.59	7.41	8.40	9.40	10.06	10.88	12.00	12.77	13.82	15.23	17.54	18.40	18.66	18.87	19.50		
50128940	0202	20010202	20140202	13	13.11	5.70	5.55	21.60			5.91	6.52	6.96	7.68	8.38	8.76	10.18	11.61	12.80	13.64	15.20	17.07	17.56	18.40	19.46	20.72	21.32		
50128940	0203	20010203	20140203	12	14.23	7.43	0.03	24.80			1.55	4.84	6.64	8.59	10.94	11.74	12.68	14.56	15.10	15.32	15.84	17.53	19.65	21.27	22.02	22.33	24.02		
50128940	0204	20010204	20140204	13	12.36	5.90	0.00	20.00			2.70	6.76	6.89	8.35	9.80	9.91	9.97	10.48	11.60	13.98	15.40	16.09	16.72	17.75	18.72	19.14	19.68		
50128940	0205	20010205	20140205	13	11.52	4.59	3.72	18.50			5.30	7.72	7.99	8.08	8.18	8.49	8.95	9.88	11.40	11.47	11.70	12.44	15.52	16.75	17.18	17.46	18.10		
50128940	0206	20010206	20140206	13	13.56	5.42	7.40	27.20			7.44	7.58	8.09	8.84	9.68	10.48	11.26	12.48	14.30	14.44	14.94	15.64	15.92	16.45	16.90	16.90	23.08		
50128940	0207	20010207	20140207	13	14.02	6.20	6.29	30.80			7.52	9.38	9.41	9.59	9.83	10.07	11.42	12.51	13.00	13.63	14.34	15.14	16.12	16.65	17.32	18.79	26.08		
50128940	0208	20010208	20140208	13	14.01	7.21	0.12	24.60			2.94	7.24	7.75	8.21	8.81	9.84	11.68	12.92	13.20	15.93	17.46	18.00	18.00	19.45	21.50	23.60	24.32		
50128940	0209	20010209	20140209	13	13.38	5.17	3.55	23.70			5.87	9.41	9.77	10.19	10.58	10.86	11.32	11.96	12.80	12.94	13.60	14.74	16.42	17.35	18.14	19.33	22.02		
50128940	0210	20010210	20140210	13	13.44	4.93	5.78	22.70			7.16	9.27	9.47	9.62	9.86	10.33	10.76	11.57	12.90	13.67	14.28	14.75	15.10	17.15	19.36	20.27	21.78		
50128940	0211	20010211	20140211	13	13.06	5.50	6.11	24.60			6.14	6.24	6.61	7.33	8.65	11.14	11.56	12.29	13.90	14.67	15.04	15.15	15.50	16.00	16.94	18.83	22.40		
50128940	0212	20010212	20140212	13	13.55	5.71	1.23	23.50			3.83	7.86	8.83	10.21	11.34	11.48	11.62	12.36	13.90	15.37	16.28	16.74	17.02	17.15	17.60	19.00	21.78		
50128940	0213	20010213	20140213	13	14.96	5.78	5.23	25.40			6.23	7.91	9.20	10.54	11.66	12.22	13.80	15.07	15.70	15.91	16.12	16.39	17.02	18.50	20.44	22.68	24.44		
50128940	0214	20010214	20140214	13	12.86	5.43	5.94	19.80			6.11	6.41	6.71	7.22	8.17	9.95	10.20	10.41	10.90	14.40	16.22	16.89	18.22	18.80	19.02	19.09	19.52		
50128940	0215	20010215	20140215	13	12.88	6.44	0.00	23.90			2.52	6.35	6.68	7.54	8.90	11.00	11.42	11.77	12.40	14.99	16.54	17.20	17.20	17.60	18.08	18.36	21.70		
50128940	0216	20010216	20140216	13	13.15	6.10	0.11	25.00			3.24	8.09	9.16	10.03	10.60	10.60	11.50	12.19	12.40	12.54	14.16	16.57	17.06	17.60	18.10	18.45	22.40		
50128940	0217	20010217	20140217	12	14.52	5.38	6.09	23.30			6.42	7.13	8.65	9.80	10.23	12.17	13.82	14.21	14.65	15.30	16.60	17.81	18.85	19.18	19.42	19.79	22.19		
50128940	0218	20010218	20140218	13	13.74	4.80	8.05	25.70			8.47	9.16	9.59	10.11	10.58	10.86	11.56	12.60	14.00	14.07	14.18	14.37	14.86	15.25	16.36	19.37	23.34		
50128940	0219	20010219	20140219	13	13.95	4.25	7.28	21.30			8.24	9.77	10.49	10.75	10.86	11.07	11.46	12.12	13.10	14.50	15.46	16.08	16.64	17.20	18.12	19.94	20.86		
50128940	0220	20010220	20140220	13	14.00	6.29	3.86	25.10			4.39	5.61	8.65	9.91	10.74	12.28	12.62	12.79	13.00	13.63	14.26	15.09	17.12	19.65	21.64	21.78	23.78		
50128940	0221	20010221	20140221	13	14.87	5.98	4.44	25.30			5.59	7.62	9.70	11.00	12.02	13.14	13.54	13.73	13.80	14.01	15.34	17.28	17.84	19.80	21.78	22.41	24.18		
50128940	0222	20010222	20140222	13	15.81	6.30	0.88	25.50			4.93	11.07	11.56	12.15	13.00	14.40	14.90	15.25	15.60	16.23	16.98	17.90	19.30	20.35	21.52	23.34	24.74		
50128940	0223	20010223	20140223	13	15.61	6.52	6.52	32.40			7.64	9.55	11.14	11.85	12.24	12.73	13.88	14.63	14.70	14.91	15.16	15.44	15.72	18.15	20.84	22.03	28.32		
50128940	0224	20010224	20140224	13	15.80	6.07	11.00	31.40			11.12	11.32	11.46	11.50	11.60	11.95	12.18	12.66	13.50	13.64	14.38	15.76	18.28	19.10	20.08	23.16	28.28		
50128940	0225	20010225	20140225	13	15.35	6.51	7.47	30.00			7.70	8.38	10.65	11.65	12.04	12.18	13.10	13.70	13.70	14.05	14.24	14.44	15.42	19.20	23.00	24.05	27.68		
50128940	0226	20010226	20140226	13	14.23	5.75	8.34	24.70			8.46	8.72	9.23	9.48	9.86	10.86	11.00	11.15	11.50	12.76	14.10	15.49	16.82	19.80	22.44	22.58	23.86		
50128940	0227	20010227	20140227	13	16.09	5.90	8.12	26.20			8.44	9.04	9.94	11.00	11.94	12.43	14.12	15.32	15.60	15.81	16.74	18.16	19.28	20.90	22.76	24.72	25.72		
50128940	0228	20010228	20140228	13	15.66	5.53	8.47	25.70			8.76	9.50	11.60	12.25	12.40	12.75	13.28	13.63	13.70	14.12	14.54	15.49	19.62	21.25	22.14	23.68	24.98		
50128940	0229	20080229	20120229	2	14.83	6.89	9.96	19.70								10.45	11.91	13.37	14.83	16.29	17.75	19.21							
50128940	0301	20010301	20140301	13	14.65	5.50	7.35	24.80			7.98	8.94	9.01	9.66	10.72	12.19	12.76	13.15	13.50	13.85	14.84	16.28	17.54	18.85	20.50	22.95	24.20		
50128940	0302	20010302	20140302	13	14.48	4.57	7.54	23.10			8.33	9.58	10.06	10.55	11.16	12.07	12.62	13.23	14.00	14.70	15.48	16.36	17.48	18.30	19.06	19.97	21.90		
50128940	0303	20010303	20140303	13	14.53	5.53	6.05	24.60			7.60	9.95	10.07	10.75	11.52	11.94	12.18	12.33	12.40	12.82	14.52	16.86	17.28	18.05	19.80	23.65	24.44		
50128940	0304	20010304	20140304	13	14.99	4.84	6.13	23.70			7.80	10.53	12.14	12.70	12.80	12.80	12.80	12.89	13.10	14.43	15.56	16.46	16.88	18.85	20.86	21.42	22.82		
50128940	0305	20010305	20140305	12	14.62	7.32	2.68	27.70			3.79	6.20	9.10	10.93	10.99	11.16	11.46	11.98	13.00	13.90	13.90	16.60	20.18	22.00	22.82	23.23	26.29		
50128940	0306	20010306	20140306	13	17.87	6.67	10.00	30.50			10.48	11.22	11.36	11.65	12.46	14.42	15.12	15.49	15.70	16.68	17.94	19.52	21.76	24.05	25.98	26.96	29.14		
50128940	0307	20010307	20140307	13	14.80	7.48	2.57	25.70			3.65	5.58	7.71	8.95	9.96	11.31	12.04	12.88	14.00	14.07	16.90	21.15	21.50	21.85	22.50	23.90	25.06		
50128940	0308	20010308	20140308	13	15.79	6.63	6.74	25.70			7.48	8.70	9.42	10.62	11.64	11.78	12.10	12.78	13.90	14.60	16.54	19.21	20.68	22.90	24.82	25.24	25.54		
50128940	0309	20010309	20140309	13	16.92	8.60	6.35	29.30			6.54	7.15	9.44	10.15	10.38	11.01	11.16	11.77	13.10	17.23	19.92	21.65	24.10	26.55	28.32	28.39	28.94		
50128940	0310	20010310	20140310	13	16.27	6.91	7.85	26.80			8.20	8.85	9.69	10.31	11.16	12.77	13.00	13.00	13.00	15.31	16.98	18.38	21.04	23.90	26.08	26.36	26.64		
50128940	0311	20010311	20140311	14	14.74	5.28	4.42	23.90			6.86	9.72	11.00	11.07	11.95	12.88	13.10	14.22	15.00	15.40	15.40	15.55	15.80	17.20	20.80	22.45	23.45		
50128940	0312	20010312	20140312	14	15.93	6.50	3.09	28.90			6.14	9.27	9.52	10.03	12.55	15.00	15.30	15.82	16.50	17.10	17.40	18.00	18.65	19.65	21.30	22.50	25.90		
50128940	0313	20010313	20140313	14	14.85	6.93	4.95	30.60			6.59	8.32	8.58	8.84	9.71	10.78	11.60	12.80	14.15	15.53	16.80	16.95	17.50	18.85	21.40	22.60	26.80		
50128940	0314	20010314	20140314	14	14.34	7.01	7.77	32.50			8.12	8.55	8.84	9.13	9.29	9.67	10.60	11.65	12.00	12.30	13.20	14.32	17.15	19.88	20.70	21.52	27.15		
50128940	0315	20010315	20140315	14	14.33	6.26	7.11	28.30			7.40	8.00	8.92	9.69	10.47	11.05	11.20	11.57	11.90	12.82	15.00	15.90	17.40	18.68	18.90	22.73	26.15		
50128940	0316	20010316	20140316	14	15.46	6.53	6.93	30.60			7.51	8.11	8.15	9.61	11.95	13.80	13.80	14.03	14.30	14.65	15.10	17.43	18.75	19.73	21.00	22.35	26.70		
50128940	0317	20010317	20140317	14	14.77	6.70	6.23	29.00			6.78	7.34	7.41	9.09	10.57	11.85	12.90	13.43	14.30	15.20	15.80	15.95	16.15	17.30	20.30	24.43	27.40		
50128940	0318	20010318	20140318	14	14.14	7.94	0.00	30.10			3.46	7.07	7.51	7.90	8.35	9.98	13.90	14.20	14.55	15.10	16.00	16.38	16.50	16.70	17.30	24.88	28.75		
50128940	0319	20010319	20140319	14	13.62	6.05	0.00	26.30			4.12	8.57	9.54	9.84	11.02	12.28	12.80	13.40	13.80	14.22	14.90	15.20	15.80	16.77	18.20	19.18	22.90		
50128940	0320	20010320	20140320	14	14.27	4.83	8.00	25.40			8.60	9.21	9.22	9.60	10.87	12.03	12.10	12.85	13.65	14.60	15.80	15.95	16.85	17.70	17.70	19.12	22.50		
50128940	0321	20010321	20140321	14	14.38	6.60	1.40	25.50			3.69	6.65	8.65	9.47	10.97	12.43	13.10	13.18	14.20	15.47	16.30	17.20	18.75	20.25	21.00	21.45	23.55		
50128940	0322	20010322	20140322	14	14.71	7.78	4.58	34.10			5.29	6.13	6.51	7.79	9.66	11.40	12.30	13.43	13.90	14.65	16.60	18.40	19.20	19.45	19.60	20.43	27.40		
50128940	0323	20010323	20140323	14	15.35	6.38	5.97	29.90			6.44	7.83	10.60	11.28	12.00	12.70	13.30	13.30	13.35	14.45	17.60	18.12	18.65	19.32	20.30	21.80	26.10		
50128940	0324	20010324	20140324	14	13.42	5.16	6.56	22.70			7.39	8.39	8.88	9.31	9.60	10.00	10.80	11.70	12.30	12.80	13.40	13.70	16.75	19.73	19.80	20.10	21.45		
50128940	0325	20010325	20140325	14	13.67	4.91	8.97	25.90			9.23	9.54	9.67	9.77	10.05	10.40	10.70	11.68	12.00	12.18	12.70	14.88	16.05	16.85	17.90	19.32	22.85		
50128940	0326	20010326	20140326	14	14.04	6.03	6.59	25.70			7.24	8.16	9.01	9.43	9.66	9.99	10.70	11.68	12.20	12.72	13.70	15.35	17.50	19.55	20.90	22.70	24.50		
50128940	0327	20010327	20140327	14	13.64	5.57	5.77	24.50			6.16	6.93	8.06	8.50	10.03	11.62	12.30	12.45	13.05	13.70	14.00	15.65	16.40	17.45	20.00	20.68	22.70		
50128940	0328	20010328	20140328	14	13.91	6.03	0.24	21.10			4.01	7.84	8.03	9.19	9.98	11.30	14.00	15.05	15.45	15.55	15.70	16.52	18.05	19.45	19.90	20.73	21.05		
50128940	0329	20010329	20140329	14	14.55	6.93	5.88	31.00			6.62	7.42	7.65	8.22	8.73	9.91	12.50	13.78	14.85	15.55	15.70	16.07	16.80	18.25	20.80	21.70	26.50		
50128940	0330	20010330	20140330	14	13.52	7.31	4.18	33.60			5.24	6.60	7.54	8.52	9.10	9.67	10.60	11.50	12.55	13.47	14.00	15.72	16.50	17.02	18.00	18.60	26.20		
50128940	0331	20010331	20140331	14	13.89	6.09	4.68	28.90			6.01	7.41	7.61	9.18	10.20	11.28	13.00	13.53	13.85	14.03	14.10	15.82	17.00	17.65	17.80	18.70	23.95		
50128940	0401	20010401	20140401	14	14.12	6.37	3.99	29.10			5.86	8.12	9.30	9.97	10.35	10.70	11.30	12.88	13.50	13.70	14.00	16.32	17.20	17.45	17.90	21.12	25.65		
50128940	0402	20010402	20140402	13	13.85	5.13	7.60	27.60			8.24	9.34	10.24	10.95	11.52	11.94	12.00	12.00	12.00	12.35	13.22	14.43	15.34	16.00	16.92	18.74	24.16		
50128940	0403	20010403	20140403	13	14.48	4.71	9.30	22.00			9.66	10.25	10.60	10.80	10.94	11.08	11.16	11.56	12.40	13.03	14.46	16.54	18.92	19.60	20.04	21.58	21.92		
50128940	0404	20010404	20140404	13	14.36	4.94	7.54	24.00			8.16	9.28	10.62	11.20	11.42	11.49	11.62	11.85	12.20	13.53	14.98	16.42	17.26	18.05	19.22	21.39	23.08		
50128940	0405	20010405	20140405	14	15.22	8.03	7.33	37.20			8.32	9.48	10.00	10.15	10.25	10.40	10.70	12.57	13.25	13.38	13.60	13.75	16.05	18.70	19.90	24.48	31.60		
50128940	0406	20010406	20140406	14	14.68	6.92	7.75	34.60			8.14	8.70	9.19	9.87	10.20	10.88	12.60	12.90	13.60	14.20	14.20	15.40	16.05	16.45	16.90	20.73	28.30		
50128940	0407	20010407	20140407	14	13.19	6.72	8.18	34.10			8.22	8.63	9.70	9.73	9.87	10.03	10.10	10.25	10.40	10.55	10.70	13.40	14.45	15.03	16.30	17.43	25.95		
50128940	0408	20010408	20140408	14	12.59	5.82	7.58	27.80			7.74	8.03	8.44	9.03	9.22	9.42	9.99	10.45	10.80	11.10	11.40	11.70	13.00	14.28	14.50	20.57	25.20		
50128940	0409	20010409	20140409	13	13.03	5.85	8.39	26.80			8.53	8.76	8.88	8.95	9.16	9.79	10.37	10.79	11.00	11.63	11.94	12.07	12.56	14.05	17.12	23.14	25.68		
50128940	0410	20010410	20140410	13	13.25	5.16	7.05	23.30			7.42	8.06	8.66	8.90	9.34	10.62	10.86	11.41	12.60	12.67	12.70	13.13	16.14	17.60	18.80	20.90	22.46		
50128940	0411	20010411	20140411	13	14.62	5.89	0.79	23.90			3.89	8.87	11.23	12.40	13.10	13.80	14.26	14.59	14.80	14.94	15.04	15.32	16.86	18.00	19.52	22.39	23.46		
50128940	0412	20010412	20140412	13	14.65	5.45	5.37	24.60			6.37	8.09	9.58	10.90	12.06	12.97	13.16	13.38	13.80	14.71	15.70	16.64	16.92	19.00	21.00	21.00	23.16		
50128940	0413	20010413	20140413	13	13.48	5.51	4.22	21.90			4.76	5.77	7.12	8.29	9.73	11.98	12.48	13.26	14.80	15.64	16.28	16.76	17.18	17.55	18.14	19.33	20.94		
50128940	0414	20010414	20140414	14	14.28	5.34	3.32	22.60			5.81	8.72	10.00	10.07	10.70	11.78	13.20	14.32	15.10	15.70	16.30	16.38	17.00	17.85	18.60	21.15	22.30		
50128940	0415	20010415	20140415	14	13.61	5.89	0.00	21.70			3.15	6.70	7.90	9.70	11.45	12.85	13.60	13.90	14.90	15.85	16.00	16.07	16.50	17.57	19.60	19.75	20.75		
50128940	0416	20010416	20140416	14	13.64	4.81	0.06	18.60			4.43	9.55	11.80	12.03	12.35	12.65	12.80	13.93	14.80	15.40	15.70	16.00	16.55	17.18	17.70	18.00	18.35		
50128940	0417	20010417	20140417	14	14.15	5.77	7.20	29.00			7.67	8.54	9.73	10.23	10.90	11.53	11.90	11.90	12.10	12.72	14.00	15.35	16.55	17.50	18.10	20.20	24.95		
50128940	0418	20010418	20140418	14	14.58	5.06	7.37	24.70			7.66	8.13	8.72	10.88	11.60	12.05	13.40	14.30	14.80	15.22	15.90	16.57	16.85	16.98	17.20	21.10	23.55		
50128940	0419	20010419	20140419	14	13.77	3.43	8.24	18.10			8.59	9.04	9.36	10.66	11.25	11.70	12.60	14.40	15.10	15.28	15.50	15.50	16.35	17.20	17.20	17.43	17.80		
50128940	0420	20010420	20140420	14	13.77	4.82	7.55	26.70			8.43	9.31	9.33	10.36	10.75	11.12	12.10	12.18	13.40	14.68	14.90	14.97	15.20	15.45	15.60	17.85	22.65		
50128940	0421	20010421	20140421	14	12.04	4.05	7.54	20.30			7.57	7.65	7.81	8.83	9.41	9.82	10.30	11.05	11.55	11.88	12.10	12.25	12.60	14.07	17.60	18.05	19.25		
50128940	0422	20010422	20140422	14	11.17	4.42	2.73	17.30			4.82	6.96	7.13	7.33	7.61	8.12	9.03	9.50	11.73	13.85	14.00	14.68	15.05	15.20	15.20	15.28	16.30		
50128940	0423	20010423	20140423	14	12.11	5.08	5.24	18.80			5.68	6.25	6.63	7.14	7.36	8.03	9.91	10.58	11.80	13.18	14.30	15.95	16.75	17.32	18.30	18.38	18.60		
50128940	0424	20010424	20140424	14	12.42	5.21	4.08	21.50			5.27	6.95	8.41	8.85	9.04	9.42	10.40	10.40	11.55	12.78	13.00	14.20	14.95	15.93	17.80	20.27	21.30		
50128940	0425	20010425	20140425	14	11.42	4.19	6.29	20.90			6.97	7.88	8.55	8.76	9.05	9.31	9.39	9.73	10.07	10.57	11.40	11.62	11.85	12.62	14.50	18.02	20.05		
50128940	0426	20010426	20140426	14	11.51	3.96	5.93	21.00			6.60	7.46	8.04	8.38	9.29	10.15	10.30	10.30	10.65	11.20	11.80	11.80	13.15	14.53	14.60	15.65	18.50		
50128940	0427	20010427	20140427	14	11.06	3.55	7.12	18.90			7.22	7.45	7.82	7.87	8.56	9.24	9.27	9.41	9.60	10.30	12.00	12.53	13.15	13.68	13.90	15.40	17.40		
50128940	0428	20010428	20140428	14	10.29	3.62	5.56	17.40			6.08	6.62	6.70	6.92	7.30	7.76	8.19	9.16	9.89	10.53	11.20	11.57	12.35	13.38	14.50	14.72	16.10		
50128940	0429	20010429	20140429	14	10.91	4.53	4.25	20.90			5.15	6.26	6.90	7.54	8.32	8.92	9.02	9.76	10.25	10.62	11.00	11.53	12.40	13.88	16.20	16.43	18.70		
50128940	0430	20010430	20140430	14	10.77	4.92	5.38	23.40			5.59	5.86	6.03	6.46	7.83	9.15	9.44	9.50	9.63	9.84	10.10	11.82	12.40	12.80	14.00	16.18	20.15		
50128940	0501	20010501	20140501	14	11.25	5.15	7.00	24.50			7.10	7.21	7.23	7.35	8.12	8.86	8.90	9.09	9.41	9.98	10.90	11.05	11.40	12.22	13.80	18.52	22.30		
50128940	0502	20010502	20140502	14	10.89	4.87	2.14	24.20			4.27	6.63	7.33	8.63	9.28	9.62	10.00	10.07	10.70	11.45	11.90	11.97	12.10	12.28	12.50	13.47	19.00		
50128940	0503	20010503	20140503	14	10.02	3.81	1.14	15.50			2.38	4.70	7.97	8.88	9.27	9.49	9.92	10.43	10.60	10.90	11.80	11.95	12.10	12.28	12.50	13.55	14.70		
50128940	0504	20010504	20140504	14	11.41	4.22	5.76	19.80			6.20	6.77	7.16	7.26	8.55	10.04	10.70	10.78	11.00	11.20	11.20	12.10	12.70	13.78	16.10	17.45	18.85		
50128940	0505	20010505	20140505	14	10.54	3.36	5.16	17.40			6.51	7.88	7.95	7.97	7.99	8.16	8.65	9.05	9.50	10.36	12.00	12.38	12.70	13.00	13.30	14.50	16.15		
50128940	0506	20010506	20140506	14	12.91	9.89	4.84	45.00			5.37	6.22	7.18	8.13	8.77	9.34	10.10	10.18	10.40	10.72	11.10	11.47	12.10	13.68	16.90	17.12	31.10		
50128940	0507	20010507	20140507	14	9.37	4.52	0.24	21.00			2.79	5.54	6.14	7.28	7.91	8.20	8.33	8.85	9.46	10.09	10.70	10.85	11.00	11.12	11.20	11.43	16.25		
50128940	0508	20010508	20140508	14	8.61	4.06	0.25	16.80			1.91	4.08	5.60	6.88	7.41	7.58	7.80	8.14	8.40	8.92	10.00	10.00	10.05	10.32	11.00	13.10	15.30		
50128940	0509	20010509	20140509	14	9.35	2.93	4.70	14.10			5.21	6.17	7.55	7.55	7.66	7.78	7.85	8.26	9.12	9.85	9.85	9.89	9.93	10.91	13.80	13.88	14.00		
50128940	0510	20010510	20140510	14	10.38	4.04	4.90	19.10			5.17	5.48	5.59	7.26	8.18	8.80	9.60	9.68	9.85	10.12	10.50	11.85	12.35	12.72	13.70	15.20	17.40		
50128940	0511	20010511	20140511	14	9.01	3.43	4.50	16.30			4.92	5.44	5.77	6.31	6.71	7.00	7.22	8.12	8.47	8.75	9.40	10.15	10.60	11.00	11.60	13.70	15.35		
50128940	0512	20010512	20140512	14	8.68	3.80	1.71	15.10			3.50	5.45	5.89	6.03	6.46	6.97	7.38	7.54	7.84	8.26	8.80	9.04	10.41	12.12	13.40	14.22	14.80		
50128940	0513	20010513	20140513	14	9.25	3.77	3.70	15.90			4.00	4.75	6.11	7.01	7.41	7.57	7.78	8.14	8.28	8.44	8.85	10.76	11.40	11.82	13.10	14.97	15.75		
50128940	0514	20010514	20140514	14	8.70	3.20	5.15	14.60			5.17	5.30	5.62	6.03	6.34	6.69	7.22	7.50	8.02	8.53	8.81	9.35	9.81	10.72	12.60	13.88	14.45		
50128940	0515	20010515	20140515	14	9.00	4.76	4.50	21.80			4.59	4.82	5.21	5.53	5.80	6.15	6.73	6.98	7.38	8.01	8.89	9.29	10.52	11.93	12.90	13.65	17.85		
50128940	0516	20010516	20140516	14	8.74	3.90	3.80	17.60			4.21	4.63	4.66	5.84	6.72	7.30	7.53	7.79	7.91	8.04	8.35	9.59	10.05	10.43	11.40	14.10	16.30		
50128940	0517	20010517	20140517	14	8.94	4.12	5.12	18.20			5.36	5.69	6.00	6.17	6.24	6.58	7.58	7.61	7.68	7.90	8.38	8.70	8.95	9.52	10.80	15.97	17.95		
50128940	0518	20010518	20140518	14	10.08	6.59	4.87	30.10			5.15	5.56	5.95	6.14	6.36	6.65	7.09	7.83	8.53	9.04	9.24	9.70	10.18	10.57	10.80	15.82	23.80		
50128940	0519	20010519	20140519	14	9.21	3.08	4.57	16.00			5.50	6.57	6.98	7.45	7.61	7.63	7.70	8.21	8.45	8.64	9.02	9.28	9.78	10.95	13.20	13.35	14.70		
50128940	0520	20010520	20140520	14	10.99	4.38	4.54	19.70			5.72	6.95	7.09	7.53	7.88	8.12	8.18	9.21	9.60	10.55	13.30	13.53	13.90	14.30	14.60	16.25	18.25		
50128940	0521	20010521	20140521	14	9.88	4.40	3.61	18.50			4.28	4.97	5.06	5.83	6.54	7.01	7.04	8.59	10.20	11.47	12.00	12.38	12.75	13.12	13.50	14.40	16.60		
50128940	0522	20010522	20140522	14	8.76	5.58	0.20	19.30			1.81	3.69	4.51	5.08	5.36	5.68	6.41	7.14	7.45	7.55	7.70	9.10	11.04	13.50	16.50	16.80	18.10		
50128940	0523	20010523	20140523	14	9.21	5.94	0.68	19.60			2.34	4.04	4.18	4.46	4.95	5.38	5.48	6.44	7.37	8.20	8.90	12.05	13.55	14.62	16.50	17.55	18.75		
50128940	0524	20010524	20140524	14	9.66	5.18	4.75	22.20			4.96	5.16	5.16	5.45	5.81	6.39	7.33	7.96	8.48	8.89	9.15	9.50	10.21	12.00	15.60	16.57	19.55		
50128940	0525	20010525	20140525	13	11.62	6.35	5.29	27.50			5.56	6.03	6.52	6.96	7.56	8.61	8.98	9.20	9.40	9.62	9.95	10.85	14.70	16.45	17.32	18.09	23.78		
50128940	0526	20010526	20140526	14	10.37	4.89	3.66	19.40			4.72	5.92	6.33	7.05	7.53	7.84	8.05	8.09	8.37	9.03	10.20	10.65	12.70	14.97	16.10	17.90	18.95		
50128940	0527	20010527	20140527	14	11.14	4.59	5.94	19.30			6.16	6.61	7.30	7.34	7.69	8.06	8.23	8.99	9.39	9.88	10.90	13.82	14.85	14.93	15.00	18.00	19.15		
50128940	0528	20010528	20140528	14	11.00	6.01	6.01	22.70			6.14	6.29	6.34	6.54	6.76	7.09	7.58	7.82	8.03	8.21	8.36	10.79	13.95	16.45	16.90	20.95	22.50		
50128940	0529	20010529	20140529	14	10.10	6.39	2.25	23.20			3.31	4.57	5.20	5.28	5.86	6.59	7.14	7.78	7.99	8.20	8.84	9.31	12.63	16.18	17.30	19.40	21.65		
50128940	0530	20010530	20140530	14	10.87	6.97	2.11	27.00			2.76	4.03	5.90	6.29	6.92	7.49	7.70	7.79	8.29	9.15	10.30	12.62	13.50	14.47	17.10	20.18	24.10		
50128940	0531	20010531	20140531	14	11.01	6.45	3.19	26.00			3.64	4.47	5.60	5.86	6.73	7.88	8.96	8.97	9.07	9.31	9.73	12.56	14.65	16.00	16.60	18.48	22.55		
50128940	0601	20010601	20140601	14	10.68	4.94	3.61	19.20			4.51	5.46	5.60	7.28	7.90	8.14	8.70	8.85	9.22	9.88	10.90	11.28	13.50	15.95	17.00	17.68	18.55		
50128940	0602	20010602	20140602	14	10.03	4.49	5.25	19.30			5.58	5.94	6.07	6.51	7.27	7.89	7.94	8.06	8.30	8.62	8.97	9.72	11.44	13.57	15.60	16.95	18.35		
50128940	0603	20010603	20140603	14	11.92	6.40	6.20	27.10			6.84	7.54	7.73	7.92	8.30	8.78	9.27	9.46	9.57	9.71	10.00	11.65	12.30	12.65	13.40	22.40	26.25		
50128940	0604	20010604	20140604	14	11.19	5.95	6.10	29.20			6.33	6.81	7.55	8.27	8.56	8.66	8.79	9.07	9.44	9.73	9.81	10.93	11.45	11.65	11.80	16.45	23.60		
50128940	0605	20010605	20140605	14	11.37	5.60	5.62	26.70			6.58	7.72	8.22	8.29	8.60	8.88	8.89	9.27	9.52	9.73	10.00	10.53	10.90	11.80	13.90	18.62	23.45		
50128940	0606	20010606	20140606	14	12.48	5.60	4.93	24.00			5.44	6.42	7.81	8.50	9.13	9.55	9.60	9.97	11.30	12.68	13.20	14.25	15.10	15.80	16.40	20.45	22.90		
50128940	0607	20010607	20140607	14	10.66	5.26	4.77	23.30			5.12	5.72	6.47	6.64	7.20	7.71	7.76	7.96	9.00	10.21	10.90	11.05	12.80	14.75	15.50	16.70	20.20		
50128940	0608	20010608	20140608	14	10.21	4.38	5.14	18.70			5.36	5.72	6.18	6.87	7.20	7.63	8.66	8.81	8.88	9.15	9.89	10.87	11.90	13.12	14.70	17.25	18.40		
50128940	0609	20010609	20140609	14	11.27	5.29	2.96	23.20			5.04	7.23	7.60	7.69	8.22	8.75	8.81	8.95	9.12	9.79	11.40	12.45	14.00	15.30	15.60	17.70	20.80		
50128940	0610	20010610	20140610	14	12.17	9.19	2.80	38.40			2.80	3.92	7.26	7.42	7.79	8.20	8.50	9.21	9.45	9.56	9.88	11.02	13.70	16.15	16.60	20.88	30.35		
50128940	0611	20010611	20140611	14	12.09	7.53	2.10	32.80			4.39	7.22	8.80	8.84	8.89	9.09	9.54	9.72	9.89	10.30	11.20	11.28	11.50	12.32	14.20	21.02	28.05		
50128940	0612	20010612	20140612	14	11.79	5.55	3.89	26.90			5.29	6.72	6.84	8.19	9.57	10.53	10.60	11.05	11.20	11.28	11.50	11.88	12.50	13.28	14.10	17.02	22.45		
50128940	0613	20010613	20140613	14	13.27	5.34	5.65	25.30			6.16	7.14	8.60	9.88	10.90	11.57	11.80	12.18	12.35	12.47	12.70	13.60	14.65	16.32	19.10	19.93	22.75		
50128940	0614	20010614	20140614	14	11.85	4.69	6.07	22.00			6.23	6.40	6.43	7.79	8.67	9.35	10.10	10.70	11.20	11.90	13.10	14.00	14.50	14.75	14.90	17.38	20.10		
50128940	0615	20010615	20140615	14	10.52	4.63	3.66	19.30			4.86	6.17	6.53	6.88	7.16	7.50	8.00	8.82	9.33	10.10	11.70	12.00	13.25	14.62	15.30	16.73	18.25		
50128940	0616	20010616	20140616	14	10.90	4.44	4.90	19.70			5.02	5.55	6.79	7.50	8.01	8.39	8.68	9.02	10.56	12.05	12.20	12.43	13.30	14.10	14.10	16.57	18.55		
50128940	0617	20010617	20140617	14	11.88	6.07	4.44	25.20			4.52	5.43	7.92	7.95	8.04	8.21	8.44	8.69	9.48	10.85	12.80	13.85	15.10	16.40	17.60	19.48	22.65		
50128940	0618	20010618	20140618	14	12.01	5.28	3.52	22.30			3.96	5.10	7.21	7.70	8.93	10.12	10.50	11.18	11.80	12.57	13.70	14.53	15.15	15.93	17.20	17.43	19.90		
50128940	0619	20010619	20140619	14	12.09	5.50	5.06	22.80			5.63	6.23	6.31	7.05	7.65	8.19	8.75	9.91	11.60	13.15	13.90	14.57	15.75	16.77	17.00	18.65	21.00		
50128940	0620	20010620	20140620	14	12.35	4.93	4.24	20.50			5.59	7.34	8.50	9.21	9.59	9.73	9.78	10.17	10.45	11.53	14.30	14.38	15.45	16.95	18.30	19.12	19.95		
50128940	0621	20010621	20140621	14	11.38	4.61	5.04	18.00			5.39	5.88	6.25	8.16	8.86	9.05	9.47	9.94	10.10	10.50	11.70	12.45	14.95	17.27	17.50	17.73	17.90		
50128940	0622	20010622	20140622	14	11.81	4.54	6.18	19.10			6.43	6.97	7.86	7.89	8.08	8.35	8.62	9.65	11.25	12.57	12.80	13.03	14.65	16.65	18.00	18.07	18.60		
50128940	0623	20010623	20140623	14	11.31	4.22	4.53	17.80			5.80	7.12	7.29	7.57	8.11	8.77	9.39	9.55	10.35	11.68	13.40	13.62	14.15	15.07	16.50	16.95	17.45		
50128940	0624	20010624	20140624	14	13.35	4.02	7.85	20.90			8.43	9.21	9.80	10.18	10.30	10.35	10.50	11.85	13.15	14.05	14.20	14.57	15.35	16.50	18.00	18.75	19.95		
50128940	0625	20010625	20140625	14	14.30	5.05	8.10	24.70			8.20	8.30	8.32	9.15	9.91	11.38	14.30	14.30	14.45	14.78	15.30	15.90	16.75	17.50	17.80	20.35	22.95		
50128940	0626	20010626	20140626	14	16.04	5.78	6.25	25.20			7.50	9.13	10.30	10.30	11.15	13.15	16.60	16.75	17.10	17.48	17.70	18.90	19.40	19.50	19.50	23.55	25.05		
50128940	0627	20010627	20140627	13	14.44	6.39	5.60	27.50			6.35	7.51	7.77	8.01	8.74	10.72	11.36	12.89	15.90	17.09	17.68	17.80	17.80	18.60	19.52	19.94	24.50		
50128940	0628	20010628	20140628	14	13.28	5.19	5.24	20.40			5.59	6.21	6.98	8.42	9.50	10.70	12.50	12.80	13.55	14.55	15.60	16.27	17.60	18.73	18.80	19.10	19.80		
50128940	0629	20010629	20140629	14	12.24	5.05	3.80	19.80			4.44	5.32	6.03	7.67	9.11	10.10	10.40	12.43	13.20	13.82	15.40	15.40	15.95	16.55	16.70	17.38	18.70		
50128940	0630	20010630	20140630	14	12.63	5.24	3.30	21.10			4.46	6.09	7.51	8.21	9.12	10.07	10.90	11.20	13.20	15.22	15.60	16.43	16.75	16.90	17.20	17.35	19.25		
50128940	0701	20010701	20140701	14	15.40	7.39	5.76	28.80			6.07	6.99	8.82	9.71	10.20	10.72	11.70	12.22	13.95	16.15	18.10	18.10	18.70	20.05	22.30	26.57	28.40		
50128940	0702	20010702	20140702	14	15.39	7.17	7.90	26.50			8.06	8.33	8.64	9.29	9.90	10.53	11.20	11.57	12.15	12.90	13.80	20.02	22.55	23.25	24.00	25.50	26.25		
50128940	0703	20010703	20140703	14	14.38	6.36	7.26	27.00			7.84	8.52	8.80	8.94	9.19	9.62	10.30	12.40	13.55	14.25	15.00	15.00	15.95	18.32	22.60	24.02	25.75		
50128940	0704	20010704	20140704	14	12.57	6.21	5.26	31.20			5.86	6.96	8.44	9.22	9.89	10.32	10.40	10.85	11.30	11.70	12.00	14.18	14.90	14.93	15.00	15.00	23.10		
50128940	0705	20010705	20140705	14	12.57	6.98	4.62	33.20			5.66	6.78	7.00	8.36	9.12	9.44	9.46	10.31	10.85	11.57	13.00	13.97	14.40	14.90	16.10	16.85	25.15		
50128940	0706	20010706	20140706	14	11.90	5.34	4.96	26.60			5.71	6.83	7.93	8.33	9.16	9.99	10.40	10.55	10.75	10.93	11.00	12.50	14.20	15.40	15.40	15.55	21.10		
50128940	0707	20010707	20140707	14	11.42	5.46	6.76	28.10			7.41	8.09	8.22	8.24	8.47	8.83	9.21	9.22	9.29	9.43	9.66	11.56	12.35	12.62	13.00	15.78	22.40		
50128940	0708	20010708	20140708	14	11.30	5.45	5.91	26.60			6.24	6.57	6.60	6.95	8.11	9.19	9.30	9.40	9.77	10.20	10.50	11.47	12.75	14.10	15.30	15.97	21.40		
50128940	0709	20010709	20140709	14	10.76	5.76	1.38	21.70			3.90	6.55	6.99	7.14	7.30	7.43	7.46	7.64	7.71	8.39	10.40	14.45	15.90	16.20	16.80	17.48	19.70		
50128940	0710	20010710	20140710	14	12.52	6.01	4.59	24.20			5.51	6.51	6.77	6.99	7.13	7.50	8.42	11.18	12.65	13.25	13.40	16.02	17.20	17.57	17.80	19.23	21.95		
50128940	0711	20010711	20140711	14	13.12	6.04	5.91	25.50			6.07	6.23	6.24	7.65	9.06	10.25	11.00	11.30	11.45	11.82	12.80	16.32	18.10	18.82	19.20	19.50	22.55		
50128940	0712	20010712	20140712	14	13.38	7.39	5.78	33.00			6.20	6.83	7.48	8.20	8.51	8.75	9.25	11.39	12.15	12.40	13.00	13.97	14.85	16.15	18.40	21.70	27.90		
50128940	0713	20010713	20140713	14	12.00	3.19	6.92	19.10			7.64	8.54	9.03	9.52	9.80	10.25	11.20	11.57	12.10	12.55	12.70	12.93	13.50	14.10	14.40	15.22	17.30		
50128940	0714	20010714	20140714	14	11.43	3.15	7.37	19.10			7.72	8.20	8.54	8.93	9.63	10.30	10.60	10.60	10.75	11.07	11.60	11.75	12.40	13.10	13.40	15.20	17.45		
50128940	0715	20010715	20140715	14	11.19	4.82	1.06	20.30			3.67	6.58	7.44	7.67	8.87	10.07	10.30	10.82	11.35	11.72	11.80	12.70	13.00	13.88	16.50	16.57	18.45		
50128940	0716	20010716	20140716	14	14.14	4.87	8.56	23.40			8.99	9.43	9.44	9.94	11.05	12.10	12.40	12.70	12.85	12.93	13.00	13.97	15.40	17.57	20.80	22.00	22.90		
50128940	0717	20010717	20140717	14	13.65	7.00	6.94	31.40			6.98	7.08	7.25	8.63	9.48	10.00	10.40	11.22	11.90	12.47	13.00	13.30	14.30	16.62	20.90	22.32	27.10		
50128940	0718	20010718	20140718	14	12.73	5.71	5.21	24.50			5.54	6.22	7.31	8.10	8.53	9.03	10.00	10.68	12.35	13.90	14.20	15.32	15.80	16.18	17.00	19.85	22.65		
50128940	0719	20010719	20140719	14	10.95	5.23	4.43	25.10			4.87	5.54	6.28	7.11	8.06	8.80	9.02	10.51	11.00	11.03	11.10	11.25	11.95	12.97	14.10	15.53	20.55		
50128940	0720	20010720	20140720	14	9.95	4.51	1.78	18.40			3.19	5.09	6.54	6.97	7.59	8.20	8.56	8.66	9.39	10.25	10.70	10.78	12.05	13.62	14.60	15.65	17.20		
50128940	0721	20010721	20140721	14	11.22	5.22	1.89	19.30			3.60	5.80	7.27	7.58	8.22	8.83	9.05	9.05	10.28	11.62	12.00	12.90	14.70	16.32	16.70	18.57	19.25		
50128940	0722	20010722	20140722	14	11.22	4.28	3.08	18.10			4.25	5.61	6.13	7.79	8.95	9.85	10.70	11.68	12.10	12.40	13.00	13.75	14.05	14.25	14.70	15.53	16.95		
50128940	0723	20010723	20140723	14	10.99	6.49	2.60	22.70			2.80	3.15	3.59	6.65	7.67	7.82	8.27	8.74	8.95	10.00	13.00	13.75	14.30	15.12	16.70	20.82	22.45		
50128940	0724	20010724	20140724	14	13.28	8.94	3.14	31.10			4.17	5.55	6.57	7.51	7.92	8.21	8.73	8.84	9.69	10.53	10.60	13.15	16.05	19.50	23.70	28.05	30.30		
50128940	0725	20010725	20140725	14	11.82	7.05	4.02	28.40			5.37	6.71	6.71	7.14	7.33	7.43	7.57	7.65	9.54	11.43	11.50	11.88	13.50	15.07	15.30	22.20	26.45		
50128940	0726	20010726	20140726	14	11.17	6.41	5.16	25.10			5.28	5.45	5.61	5.94	6.30	6.82	7.59	7.84	8.75	10.28	12.40	12.85	13.70	14.45	14.60	20.90	24.05		
50128940	0727	20010727	20140727	14	9.80	5.97	0.78	24.00			2.88	5.00	5.07	5.23	5.29	5.79	7.26	7.33	8.00	9.48	12.00	13.35	13.80	13.82	13.90	14.72	19.50		
50128940	0728	20010728	20140728	14	9.56	5.04	1.18	17.90			3.00	4.84	4.92	5.54	5.84	6.30	7.42	7.47	7.89	9.22	12.00	12.75	13.95	14.93	15.00	15.22	16.60		
50128940	0729	20010729	20140729	14	10.52	4.50	4.80	18.80			5.17	5.55	5.57	5.76	6.92	8.20	8.74	9.18	9.81	10.60	11.50	12.78	13.60	14.20	14.80	16.38	17.85		
50128940	0730	20010730	20140730	14	11.74	6.17	5.43	29.20			5.87	6.39	6.67	7.20	8.12	9.04	9.54	9.62	10.02	10.47	10.70	12.72	13.70	14.22	14.90	17.15	23.55		
50128940	0731	20010731	20140731	14	13.28	6.90	5.96	27.70			6.06	6.40	7.13	7.66	8.36	9.01	9.41	10.23	10.65	11.12	12.10	16.52	18.50	19.02	19.10	22.25	25.50		
50128940	0801	20010801	20140801	13	12.76	7.35	4.88	28.60			5.16	5.70	6.45	7.21	7.86	8.21	8.81	9.24	9.41	10.80	12.44	14.30	16.40	19.05	21.30	22.00	26.00		
50128940	0802	20010802	20140802	14	12.02	7.64	5.36	35.90			5.84	6.42	6.69	7.19	7.78	8.37	8.87	9.51	10.31	10.95	11.10	12.82	13.65	13.93	14.00	15.95	26.25		
50128940	0803	20010803	20140803	14	11.52	7.02	4.52	29.60			5.20	6.14	6.93	7.23	7.53	7.74	7.78	8.39	8.76	9.27	10.30	11.57	12.50	13.72	15.90	21.07	26.20		
50128940	0804	20010804	20140804	14	11.61	6.75	4.39	29.90			5.29	6.29	6.60	7.16	7.84	8.37	8.49	8.83	9.13	10.00	12.00	12.82	13.20	13.32	13.40	19.25	25.55		
50128940	0805	20010805	20140805	14	11.48	8.53	2.76	30.80			3.11	3.62	4.08	4.53	6.38	8.26	8.78	8.95	9.06	9.36	10.10	11.53	13.00	14.47	15.90	24.98	29.40		
50128940	0806	20010806	20140806	14	11.54	8.05	2.98	31.50			3.08	3.72	5.30	5.91	7.44	8.91	9.34	10.13	10.50	10.65	10.80	10.95	11.10	12.00	14.40	23.10	28.75		
50128940	0807	20010807	20140807	14	11.64	8.42	2.53	34.30			3.27	4.70	6.75	7.00	7.50	8.19	8.98	9.21	9.37	9.71	10.50	11.40	11.95	12.40	13.00	22.23	29.80		
50128940	0808	20010808	20140808	14	11.77	6.69	4.78	29.50			4.95	5.45	6.43	8.15	8.89	9.12	9.31	9.34	9.72	10.30	10.90	11.05	11.75	13.55	17.00	20.00	25.25		
50128940	0809	20010809	20140809	14	10.21	5.39	3.88	20.00			4.18	4.67	5.19	6.72	7.31	7.41	7.45	8.63	9.18	9.49	9.93	10.28	10.45	12.53	18.60	19.27	19.75		
50128940	0810	20010810	20140810	13	9.51	6.15	1.09	24.00			2.41	4.50	5.23	5.50	5.72	6.23	6.61	7.06	7.65	8.99	10.02	10.79	11.42	11.75	13.24	17.93	21.84		
50128940	0811	20010811	20140811	13	9.14	4.24	4.08	17.00			4.13	4.24	4.48	4.97	5.69	6.71	6.99	7.69	9.12	10.16	10.64	10.74	11.02	11.95	13.30	15.05	16.32		
50128940	0812	20010812	20140812	14	9.63	5.22	4.56	23.20			5.07	5.60	5.69	6.33	6.59	6.73	7.04	7.42	7.71	7.99	8.37	9.09	10.37	12.07	14.10	16.27	20.10		
50128940	0813	20010813	20140813	14	9.79	7.43	0.00	29.80			1.48	3.17	3.83	4.27	4.75	5.41	6.40	7.98	8.80	9.69	11.50	12.40	12.90	13.50	14.70	14.93	22.40		
50128940	0814	20010814	20140814	14	11.35	7.30	4.24	30.40			5.08	5.96	6.04	6.14	6.37	6.71	7.15	7.84	9.34	10.68	10.90	11.43	11.65	13.53	19.00	20.12	25.45		
50128940	0815	20010815	20140815	14	10.94	9.88	1.28	32.80			1.40	1.64	1.98	3.89	4.76	5.02	5.10	6.69	8.01	9.24	10.60	11.43	12.65	15.45	21.00	26.25	30.40		
50128940	0816	20010816	20140816	14	8.78	5.90	1.18	20.80			1.68	2.74	4.43	4.54	5.03	5.58	5.87	7.29	7.82	7.87	7.88	9.05	10.72	12.62	14.50	17.88	19.90		
50128940	0817	20010817	20140817	14	8.87	5.48	1.97	21.80			2.92	3.99	4.31	4.78	5.60	6.34	6.55	7.41	7.73	8.04	8.87	9.32	9.69	10.63	12.80	16.70	19.90		
50128940	0818	20010818	20140818	14	7.95	4.86	1.30	21.00			2.21	3.47	4.54	4.83	5.26	5.62	5.73	5.82	6.79	8.11	9.20	9.37	9.61	10.22	11.50	11.57	16.30		
50128940	0819	20010819	20140819	14	8.87	6.11	2.94	26.90			3.23	3.52	3.56	5.25	6.09	6.44	6.66	6.74	7.50	8.31	8.48	8.87	9.60	10.35	10.80	13.88	20.90		
50128940	0820	20010820	20140820	14	7.80	6.70	0.00	28.40			0.55	1.47	2.59	3.92	4.90	5.87	7.14	7.41	7.66	7.92	8.27	8.44	8.69	8.91	9.00	9.90	19.30		
50128940	0821	20010821	20140821	14	9.01	5.92	1.75	26.90			2.83	4.26	5.35	6.24	6.67	6.92	7.26	7.97	8.31	8.46	8.59	8.63	8.92	9.54	10.60	13.15	20.45		
50128940	0822	20010822	20140822	14	8.90	5.14	1.56	19.70			1.95	2.58	3.29	6.01	7.12	7.36	7.43	7.43	8.02	8.79	9.37	9.45	10.49	11.80	12.70	15.93	18.35		
50128940	0823	20010823	20140823	14	8.31	4.02	2.27	18.00			2.63	3.37	4.46	6.04	6.76	7.18	7.86	8.00	8.07	8.14	8.27	8.45	9.40	10.60	11.50	12.25	15.25		
50128940	0824	20010824	20140824	14	8.35	5.18	1.87	22.40			2.11	2.69	3.73	3.97	5.88	7.70	7.70	7.87	8.04	8.20	8.27	8.64	9.19	10.06	11.40	12.60	17.70		
50128940	0825	20010825	20140825	14	7.79	5.94	0.82	23.50			1.58	2.40	2.59	2.75	3.36	4.16	4.89	6.25	7.34	8.12	8.51	9.30	10.23	10.93	11.00	12.88	18.50		
50128940	0826	20010826	20140826	14	7.52	4.60	1.58	14.50			1.62	2.00	2.97	3.45	3.65	3.77	4.01	6.17	8.09	9.36	9.58	9.87	10.48	11.35	12.40	13.75	14.35		
50128940	0827	20010827	20140827	14	8.64	3.54	2.48	16.70			3.56	4.64	4.69	5.94	6.46	7.03	8.42	8.87	9.46	9.92	9.96	9.99	10.25	10.55	10.70	10.93	13.85		
50128940	0828	20010828	20140828	14	9.05	4.91	3.94	21.40			3.97	4.15	4.59	5.00	5.51	6.08	6.64	7.13	7.65	8.37	9.45	11.21	11.90	12.10	12.40	13.75	17.80		
50128940	0829	20010829	20140829	14	8.19	3.94	0.00	13.50			1.97	4.15	4.82	5.22	5.84	6.55	7.21	7.92	8.17	8.28	8.56	10.62	11.65	12.12	12.50	12.72	13.15		
50128940	0830	20010830	20140830	14	7.02	3.26	1.70	12.40			2.40	3.27	3.76	4.50	4.95	5.38	6.05	6.07	6.59	7.37	8.10	8.36	8.81	9.48	10.40	11.60	12.20		
50128940	0831	20010831	20140831	14	6.69	3.78	0.00	15.00			1.40	3.11	4.06	4.33	4.53	4.95	5.89	6.12	6.42	6.76	7.08	7.26	7.66	8.41	9.65	11.41	13.50		
50128940	0901	20010901	20140901	14	8.29	3.58	2.11	14.20			3.00	4.02	4.44	5.64	6.25	6.66	7.23	7.85	8.26	8.52	8.71	9.68	10.55	11.40	12.30	12.82	13.60		
50128940	0902	20010902	20140902	13	8.36	2.64	3.84	13.00			4.60	5.76	5.91	6.11	6.50	7.35	7.55	7.88	8.50	8.70	8.98	9.28	9.34	9.88	10.82	12.29	12.80		
50128940	0903	20010903	20140903	13	10.19	6.70	5.11	30.50			5.13	5.26	5.90	6.37	6.85	7.50	7.79	7.96	8.07	8.48	8.90	9.34	9.80	11.71	13.60	13.95	23.90		
50128940	0904	20010904	20140904	14	8.66	3.10	2.66	14.00			3.59	4.76	5.50	6.80	7.33	7.52	7.78	8.39	8.98	9.42	9.57	9.97	10.35	10.82	11.50	12.18	13.20		
50128940	0905	20010905	20140905	14	9.71	5.03	3.70	22.30			4.38	5.15	5.43	5.78	6.17	6.70	7.41	8.19	8.61	9.13	10.20	10.28	11.50	12.82	13.20	15.30	19.15		
50128940	0906	20010906	20140906	13	7.79	3.67	1.99	15.00			2.51	3.47	4.71	5.07	5.14	5.34	6.61	7.43	7.44	7.98	8.71	9.55	10.21	10.45	10.80	11.85	13.80		
50128940	0907	20010907	20140907	13	9.05	3.71	4.05	17.20			4.37	4.94	5.64	5.94	6.19	6.74	7.76	8.53	8.86	8.94	9.59	10.60	11.30	11.60	11.96	12.87	15.52		
50128940	0908	20010908	20140908	13	10.35	4.80	3.85	19.80			4.49	5.65	7.07	7.74	8.06	8.29	8.45	8.57	8.67	8.96	9.57	10.39	11.02	13.10	15.78	18.51	19.44		
50128940	0909	20010909	20140909	13	9.05	3.33	3.58	15.00			4.18	5.20	6.09	6.78	7.22	7.26	7.59	7.98	8.38	9.51	10.20	10.52	10.66	11.50	12.54	13.38	14.40		
50128940	0910	20010910	20140910	13	8.58	3.60	3.16	14.00			3.60	4.38	5.27	5.88	6.25	6.30	6.31	6.95	8.45	9.42	9.94	10.20	10.90	11.80	12.76	13.67	13.92		
50128940	0911	20010911	20140911	12	8.73	3.71	3.95	18.00			4.35	5.21	5.86	6.26	6.30	6.55	7.15	8.45	8.79	8.88	9.12	9.21	9.28	9.65	10.83	12.68	16.32		
50128940	0912	20010912	20140912	13	8.84	4.92	2.84	20.00			3.20	3.85	4.55	5.21	5.93	6.81	7.32	7.65	7.82	8.09	8.77	9.66	10.00	10.45	12.02	16.29	18.76		
50128940	0913	20010913	20140913	12	7.79	3.73	2.73	16.00			3.35	4.69	5.17	5.52	5.78	6.16	6.55	6.92	7.15	7.31	7.37	7.50	7.79	8.73	11.01	14.01	15.37		
50128940	0914	20010914	20140914	12	8.14	4.18	1.98	15.70			2.43	3.41	4.74	5.68	5.95	6.08	6.29	6.70	7.09	7.44	7.60	9.16	11.07	11.53	12.70	14.28	15.25		
50128940	0915	20010915	20140915	12	9.87	7.39	3.40	31.40			3.85	4.83	5.26	5.67	6.13	6.46	6.69	6.71	7.66	8.64	8.84	10.07	11.51	11.57	12.16	13.92	25.88		
50128940	0916	20010916	20140916	11	10.07	7.15	4.15	29.30			4.30	4.74	5.01	5.18	6.08	6.74	6.92	7.56	8.43	8.48	8.65	9.05	10.71	13.00	13.90	17.46	26.34		
50128940	0917	20010917	20140917	12	6.57	3.63	0.07	12.00			0.99	2.98	3.19	3.40	3.82	4.71	5.70	6.75	7.01	7.08	7.26	7.53	8.10	10.20	11.00	11.05	11.70		
50128940	0918	20010918	20140918	12	7.45	4.22	3.01	15.90			3.15	3.47	3.93	4.28	4.44	4.92	5.40	5.72	5.87	5.99	6.19	7.94	10.19	11.43	12.38	13.24	15.06		
50128940	0919	20010919	20140919	13	7.64	2.94	3.51	12.00			3.58	3.73	4.09	4.80	5.56	6.07	6.44	6.92	7.58	8.61	9.06	9.20	10.06	10.55	10.82	10.89	11.56		
50128940	0920	20010920	20140920	13	7.70	3.46	4.37	15.00			4.44	4.58	4.82	4.91	4.97	5.16	5.42	5.63	5.77	7.68	8.50	8.55	8.82	10.15	11.62	12.39	14.00		
50128940	0921	20010921	20140921	13	7.87	4.38	1.57	17.00			2.25	3.29	3.54	4.36	5.12	5.15	5.58	6.29	7.29	8.42	9.31	9.99	10.62	11.05	11.56	12.47	15.24		
50128940	0922	20010922	20140922	13	12.80	17.16	3.73	69.00			4.21	4.95	5.00	5.41	5.85	6.02	6.32	7.15	8.67	9.34	9.86	10.32	11.16	11.95	12.60	12.95	46.60		
50128940	0923	20010923	20140923	13	7.77	3.11	3.70	13.00			3.82	4.09	4.82	5.38	5.85	6.24	6.50	6.66	6.69	6.84	7.95	9.56	9.79	10.73	11.70	12.05	12.64		
50128940	0924	20010924	20140924	13	8.81	5.48	0.07	21.00			1.42	3.46	3.63	4.85	6.04	6.09	6.59	7.20	7.86	9.20	10.23	11.01	11.78	12.05	12.62	14.44	18.48		
50128940	0925	20010925	20140925	12	8.52	4.54	0.00	17.50			0.84	2.65	4.75	6.07	6.11	6.68	7.51	8.75	9.37	9.78	10.18	10.62	11.03	11.22	11.30	11.61	15.64		
50128940	0926	20010926	20140926	12	7.87	2.81	2.34	12.00			2.96	4.31	4.65	5.41	6.98	7.52	7.79	7.90	8.44	9.00	9.23	9.31	9.35	9.49	10.09	10.96	11.67		
50128940	0927	20010927	20140927	13	7.06	4.04	0.01	16.00			1.02	2.74	4.12	4.68	4.94	5.25	5.61	5.86	5.96	7.66	8.55	8.85	9.25	9.59	9.94	10.34	13.76		
50128940	0928	20010928	20140928	13	8.52	4.31	1.87	16.00			3.38	5.64	5.67	5.70	5.73	5.76	6.29	6.73	6.91	7.48	7.81	8.32	10.95	13.10	14.54	14.68	15.48		
50128940	0929	20010929	20140929	13	8.91	3.64	3.72	15.40			3.91	4.37	5.52	6.49	7.19	7.40	7.68	7.85	7.85	8.32	8.89	9.63	10.93	12.15	13.24	14.08	14.92		
50128940	0930	20010930	20140930	13	8.56	2.99	3.69	14.00			4.23	5.13	5.73	6.53	7.29	7.74	7.84	7.91	8.03	8.16	8.52	9.08	9.80	10.85	11.94	12.78	13.56		
50128940	1001	20011001	20141001	14	9.12	3.32	4.08	14.40			4.64	5.36	5.81	5.83	5.98	6.41	7.25	9.54	10.30	10.32	10.40	11.00	11.35	11.55	11.70	13.05	13.95		
50128940	1002	20011002	20141002	14	8.45	2.76	3.73	12.30			4.29	4.92	5.11	5.78	6.42	7.25	8.48	8.58	8.83	9.13	9.37	9.99	10.30	10.72	11.70	11.70	12.00		
50128940	1003	20011003	20141003	14	8.21	4.80	0.98	17.80			1.19	1.98	3.72	4.15	5.63	7.07	7.35	7.67	8.04	8.36	8.49	9.58	10.47	11.20	11.80	14.28	16.45		
50128940	1004	20011004	20141004	14	9.47	6.08	1.48	21.20			2.87	4.37	4.71	5.03	5.19	5.46	6.12	6.38	7.64	8.89	9.10	11.43	12.50	13.10	14.00	19.25	21.10		
50128940	1005	20011005	20141005	14	8.88	4.53	2.05	18.10			3.26	4.51	4.63	5.04	5.21	5.30	5.47	8.08	9.03	9.66	11.30	11.38	11.80	12.35	12.80	13.25	15.75		
50128940	1006	20011006	20141006	14	8.84	3.69	3.88	14.60			4.25	4.73	5.02	5.18	5.58	6.01	6.26	7.50	8.88	10.01	10.50	11.55	12.05	12.28	12.50	13.10	13.95		
50128940	1007	20011007	20141007	14	9.33	4.95	1.98	21.30			3.21	4.51	4.74	5.24	5.69	6.19	6.81	8.89	10.04	10.60	10.90	11.05	11.25	11.65	12.40	13.68	17.70		
50128940	1008	20011008	20141008	14	10.02	8.62	0.12	36.70			1.17	2.86	4.77	4.89	5.36	6.37	8.11	9.12	9.63	9.96	10.40	10.47	10.95	11.78	12.90	13.05	24.90		
50128940	1009	20011009	20141009	14	8.16	5.27	0.08	21.30			1.45	3.13	4.10	5.01	5.42	5.54	5.62	6.99	7.84	8.35	8.68	9.20	9.84	10.43	10.80	13.72	18.00		
50128940	1010	20011010	20141010	14	9.36	4.57	3.53	19.90			4.43	5.39	5.56	5.58	6.22	6.95	7.25	7.71	7.95	8.49	9.89	10.05	10.85	12.20	14.00	15.20	17.75		
50128940	1011	20011011	20141011	14	11.43	10.82	4.94	47.50			5.05	5.29	5.65	5.67	6.21	6.87	7.27	8.12	8.68	9.21	9.95	10.59	10.80	11.43	13.30	14.50	31.20		
50128940	1012	20011012	20141012	14	9.83	5.16	5.08	26.10			5.56	6.05	6.09	6.78	7.15	7.60	8.52	8.69	8.90	9.11	9.24	9.26	10.23	11.40	12.00	12.00	19.05		
50128940	1013	20011013	20141013	14	11.32	7.21	5.24	34.00			5.76	6.50	7.15	7.24	7.29	7.65	8.70	9.28	9.84	10.22	10.30	10.97	11.55	11.97	12.20	15.95	25.60		
50128940	1014	20011014	20141014	14	9.52	4.10	4.96	17.10			5.12	5.46	6.03	6.47	6.96	7.33	7.44	7.54	7.69	8.11	9.02	10.13	11.35	12.95	15.20	15.95	16.65		
50128940	1015	20011015	20141015	14	8.92	4.29	2.66	16.90			3.30	4.25	5.20	5.64	5.87	6.02	6.24	8.29	9.02	9.07	9.10	10.38	11.50	12.28	12.50	14.82	16.25		
50128940	1016	20011016	20141016	14	7.39	3.48	3.26	15.40			3.27	3.43	3.89	5.01	5.47	5.72	6.23	6.23	6.26	6.49	7.04	8.75	9.52	9.84	10.20	11.32	13.55		
50128940	1017	20011017	20141017	14	7.50	4.20	0.00	17.10			1.88	3.91	4.38	5.00	5.26	5.34	5.37	6.24	6.72	7.27	8.33	9.08	9.52	10.12	11.40	11.55	14.35		
50128940	1018	20011018	20141018	14	7.96	3.02	4.35	13.70			4.63	4.96	5.12	5.16	5.21	5.33	5.58	7.14	7.88	8.24	8.70	9.27	10.08	10.85	11.30	11.45	12.60		
50128940	1019	20011019	20141019	14	7.29	4.45	0.16	17.00			1.60	3.42	4.55	4.76	4.94	5.08	5.19	5.49	6.70	7.81	7.83	8.05	8.29	8.68	9.39	13.67	16.05		
50128940	1020	20011020	20141020	14	8.22	3.22	3.96	14.50			4.07	4.39	5.04	5.40	5.97	6.63	7.28	7.50	7.88	8.21	8.28	9.32	9.76	10.29	11.60	12.65	13.75		
50128940	1021	20011021	20141021	14	7.57	2.84	2.75	12.80			3.33	4.13	4.82	5.57	6.42	7.04	7.09	7.22	7.49	7.78	8.00	8.29	8.41	8.70	9.47	11.74	12.65		
50128940	1022	20011022	20141022	13	7.73	4.34	0.00	13.80			1.23	3.08	3.17	4.38	5.71	6.25	6.47	6.59	6.66	7.37	8.38	9.71	11.65	12.55	12.94	13.08	13.52		
50128940	1023	20011023	20141023	13	10.17	9.59	0.00	37.50			0.95	2.68	4.79	5.46	5.60	5.84	6.11	6.28	6.31	6.51	8.00	10.51	13.38	14.65	15.46	16.72	29.26		
50128940	1024	20011024	20141024	13	9.13	6.77	0.00	23.60			1.55	4.04	5.12	5.70	5.98	6.07	6.25	6.58	7.11	7.76	8.12	8.34	9.05	10.88	14.44	21.23	23.04		
50128940	1025	20011025	20141025	13	9.02	4.25	4.51	20.00			4.61	4.88	5.69	6.35	6.80	6.89	7.16	7.43	7.68	8.08	8.77	9.63	10.23	10.70	11.64	13.88	17.68		
50128940	1026	20011026	20141026	13	10.10	6.76	3.86	28.20			4.15	4.59	4.67	5.33	5.98	6.02	7.21	8.12	8.39	8.94	9.54	10.14	10.42	11.90	14.34	17.98	24.32		
50128940	1027	20011027	20141027	12	8.57	3.92	4.09	16.20			4.27	4.66	4.85	4.97	5.03	5.44	6.33	8.17	8.71	8.85	8.91	9.29	9.98	11.58	12.84	13.92	15.48		
50128940	1028	20011028	20141028	12	10.11	3.39	5.01	16.60			5.46	6.43	6.92	7.41	7.96	8.16	8.58	9.60	10.02	10.35	11.00	11.38	11.65	11.97	13.18	14.89	16.06		
50128940	1029	20011029	20141029	12	10.83	4.14	6.19	17.60			6.21	6.27	6.50	6.92	7.64	8.12	8.72	9.70	10.12	10.51	11.42	11.97	12.65	14.93	16.32	17.12	17.45		
50128940	1030	20011030	20141030	12	10.28	4.09	4.95	17.80			5.20	5.73	6.69	7.50	7.98	8.49	8.93	9.17	9.48	9.82	10.19	10.39	10.80	12.75	15.06	17.42	17.68		
50128940	1031	20011031	20141031	13	9.32	4.78	3.82	19.00			3.96	4.31	5.34	5.69	5.95	6.65	7.33	7.83	8.12	8.50	8.68	9.00	11.02	13.40	15.38	16.01	17.84		
50128940	1101	20011101	20141101	13	8.03	5.27	0.32	20.50			1.62	3.60	3.71	4.17	4.62	4.73	5.25	6.50	8.63	8.70	8.82	9.02	9.42	10.47	11.92	13.74	17.90		
50128940	1102	20011102	20141102	14	10.06	5.71	4.40	25.60			4.96	5.95	7.20	7.45	7.54	7.59	7.67	7.83	8.01	8.19	8.34	8.51	9.08	10.79	14.40	17.48	22.05		
50128940	1103	20011103	20141103	14	9.31	4.22	3.38	17.00			3.76	4.51	5.61	5.84	6.71	7.50	7.54	8.10	8.57	8.86	8.86	9.94	11.85	13.57	14.10	15.07	16.20		
50128940	1104	20011104	20141104	14	9.88	5.50	2.78	22.00			3.63	4.66	5.19	5.91	6.77	7.47	7.71	7.82	8.68	9.53	9.60	9.97	10.40	12.22	16.80	17.77	20.05		
50128940	1105	20011105	20141105	14	9.63	3.87	3.75	18.00			5.08	6.49	6.70	6.77	6.95	7.18	7.41	9.23	9.97	10.12	10.20	10.28	10.40	10.68	11.20	15.18	17.25		
50128940	1106	20011106	20141106	14	10.26	6.91	2.49	27.40			3.88	5.42	5.89	5.98	6.16	6.39	6.66	7.44	7.71	8.31	10.10	10.10	10.30	11.80	15.70	20.27	24.60		
50128940	1107	20011107	20141107	14	10.43	7.54	0.00	32.80			3.11	6.26	6.38	6.39	6.42	6.52	6.74	7.26	8.60	9.99	10.70	10.85	12.20	13.70	14.30	14.38	23.60		
50128940	1108	20011108	20141108	14	9.54	6.46	3.54	29.20			3.86	4.24	4.41	4.73	5.87	7.14	7.88	7.89	8.04	8.61	9.88	10.04	10.35	10.88	11.70	13.57	21.70		
50128940	1109	20011109	20141109	14	9.90	5.77	4.72	25.90			4.97	5.42	6.01	6.47	6.95	7.44	7.91	8.38	8.64	8.79	8.91	8.92	9.00	9.73	11.70	17.18	22.45		
50128940	1110	20011110	20141110	14	8.24	3.42	3.79	16.60			3.88	4.07	4.35	5.54	6.25	6.93	8.04	8.16	8.28	8.46	8.81	8.86	9.12	9.72	10.80	11.47	14.15		
50128940	1111	20011111	20141111	14	9.56	3.48	4.49	16.40			5.04	5.70	5.98	6.87	7.71	8.27	8.29	8.34	8.62	9.30	10.60	10.68	10.85	11.75	14.00	14.15	15.30		
50128940	1112	20011112	20141112	13	8.52	3.30	3.63	16.60			4.24	5.24	5.85	6.20	6.40	6.52	6.80	7.66	9.27	9.45	9.59	9.72	9.91	9.98	10.20	10.90	14.36		
50128940	1113	20011113	20141113	14	11.75	15.41	0.25	63.40			1.92	3.70	4.04	5.46	5.96	6.19	6.83	7.12	7.37	7.93	9.12	9.31	10.54	12.38	14.40	14.93	39.25		
50128940	1114	20011114	20141114	14	9.77	4.17	4.65	18.10			4.68	4.97	5.77	6.27	7.13	7.84	7.92	8.15	8.46	9.12	10.40	11.45	12.00	12.75	14.40	15.38	16.90		
50128940	1115	20011115	20141115	14	9.46	5.97	4.42	23.20			4.47	4.55	4.63	4.67	4.92	5.21	5.39	6.69	8.15	9.22	9.35	9.63	9.91	11.40	15.30	18.52	21.40		
50128940	1116	20011116	20141116	14	8.53	4.59	4.02	17.00			4.15	4.29	4.30	4.71	5.08	5.36	5.49	6.35	7.21	8.11	9.13	9.35	9.49	11.08	15.60	15.90	16.50		
50128940	1117	20011117	20141117	13	8.23	4.14	3.75	17.10			3.89	4.14	4.51	4.67	4.84	5.27	5.84	6.31	6.62	8.81	9.85	10.03	10.24	10.35	11.14	13.73	15.90		
50128940	1118	20011118	20141118	13	9.18	4.25	4.64	19.50			4.97	5.46	5.49	5.96	6.44	6.46	6.51	7.18	8.67	8.85	9.23	9.82	10.66	11.50	12.58	14.26	17.50		
50128940	1119	20011119	20141119	14	9.71	3.27	4.81	14.50			5.56	6.37	6.55	6.67	6.86	7.24	7.94	8.62	9.29	10.03	10.90	11.88	12.70	13.28	13.50	13.65	14.10		
50128940	1120	20011120	20141120	14	9.71	3.51	4.98	15.40			5.13	5.30	5.35	6.99	7.65	7.90	8.28	8.35	8.56	9.46	11.60	12.20	12.65	12.90	12.90	14.03	14.90		
50128940	1121	20011121	20141121	13	8.73	5.23	1.55	21.00			2.77	4.66	5.04	5.21	5.36	5.69	6.20	6.77	7.38	8.03	8.83	9.64	9.86	11.26	13.26	15.57	18.96		
50128940	1122	20011122	20141122	14	10.25	4.99	3.60	22.80			4.08	4.88	5.82	7.46	8.06	8.16	8.29	8.32	9.27	10.22	10.30	10.82	11.80	12.88	13.70	15.57	19.50		
50128940	1123	20011123	20141123	14	8.85	3.52	2.17	15.10			3.61	5.14	5.41	6.13	6.60	7.21	8.36	8.68	8.86	9.06	9.43	10.53	11.00	11.30	11.90	13.10	14.30		
50128940	1124	20011124	20141124	14	8.47	3.38	2.95	14.90			3.56	4.47	5.35	5.67	6.21	6.80	7.25	8.39	8.87	8.97	9.01	9.18	10.42	11.60	11.60	12.20	13.65		
50128940	1125	20011125	20141125	14	8.60	2.59	4.26	14.70			5.07	6.06	6.64	7.04	7.22	7.33	7.52	8.13	8.40	8.47	8.48	9.43	9.80	10.05	10.60	11.20	13.05		
50128940	1126	20011126	20141126	14	9.13	2.45	5.84	13.90			6.15	6.53	6.75	7.49	7.75	7.83	8.02	8.08	8.60	9.16	9.36	9.44	10.18	10.95	11.10	12.82	13.65		
50128940	1127	20011127	20141127	13	9.86	3.22	7.10	17.10			7.17	7.31	7.56	7.64	7.72	7.97	8.02	8.16	8.45	8.55	8.86	9.48	11.13	12.00	12.94	14.83	16.30		
50128940	1128	20011128	20141128	13	9.60	2.29	6.42	14.20			6.52	6.75	7.22	7.83	8.35	8.47	8.57	8.90	9.53	9.72	10.04	10.49	11.12	11.35	11.58	12.21	13.44		
50128940	1129	20011129	20141129	13	9.68	2.34	5.79	14.80			6.30	7.15	7.70	7.95	8.06	8.16	9.14	9.82	9.93	10.12	10.24	10.35	10.70	11.00	11.34	11.83	13.64		
50128940	1130	20011130	20141130	14	9.53	3.30	5.54	16.20			5.57	5.75	6.19	6.46	7.30	8.21	8.68	8.84	9.29	9.73	9.84	9.87	10.34	11.15	12.20	14.53	15.75		
50128940	1201	20011201	20141201	14	9.22	3.78	3.88	16.70			4.21	4.93	6.14	6.16	6.95	7.87	8.33	8.49	8.62	8.71	8.79	9.65	10.62	11.80	13.30	14.65	15.90		
50128940	1202	20011202	20131202	12	8.87	4.64	0.01	16.50			1.35	4.26	5.10	5.63	5.91	6.53	7.39	8.67	9.27	9.69	10.23	10.71	11.16	11.55	13.14	15.36	16.14		
50128940	1203	20011203	20141203	13	9.85	4.68	1.20	19.10			3.13	6.06	6.36	6.49	6.56	6.62	8.03	9.05	9.23	9.77	11.28	13.20	13.20	13.25	13.48	14.11	17.14		
50128940	1204	20011204	20131204	12	8.17	3.35	2.83	15.60			3.42	4.68	4.91	5.38	6.36	7.26	7.88	7.90	8.21	8.54	8.60	8.82	9.14	9.67	10.52	11.71	14.37		
50128940	1205	20011205	20141205	12	9.37	4.11	3.99	18.60			4.46	5.46	5.65	5.97	6.59	7.31	7.91	8.23	8.72	9.21	9.54	10.30	11.14	11.40	12.66	14.61	17.34		
50128940	1206	20011206	20141206	13	9.73	3.77	3.28	16.30			4.25	5.74	5.93	6.31	6.92	7.94	8.48	9.28	10.50	10.50	10.54	10.81	12.28	13.05	13.52	13.94	15.38		
50128940	1207	20011207	20141207	12	9.44	3.62	3.99	16.50			4.47	5.52	5.80	6.31	7.27	7.72	8.12	8.62	8.86	9.30	10.75	11.20	11.29	11.88	12.70	13.74	15.63		
50128940	1208	20011208	20141208	11	9.42	3.09	4.66	14.70			4.97	5.90	6.36	6.59	7.41	8.18	8.89	9.20	9.31	9.55	9.89	10.42	10.68	10.80	12.72	14.14	14.56		
50128940	1209	20011209	20141209	14	9.60	3.46	5.52	15.90			5.67	5.84	5.87	5.90	6.62	7.57	8.25	8.64	9.48	10.22	10.30	10.75	11.00	11.65	13.30	14.72	15.55		
50128940	1210	20011210	20141210	14	9.46	2.96	4.61	15.20			4.79	5.21	5.98	7.49	8.48	9.02	9.15	9.35	9.51	9.75	10.20	10.72	10.95	11.00	11.00	12.80	14.30		
50128940	1211	20011211	20141211	14	9.53	4.10	4.79	17.80			5.26	5.74	5.75	5.91	6.00	6.47	7.78	8.90	9.38	9.48	9.49	10.47	10.85	11.28	12.40	16.00	17.50		
50128940	1212	20011212	20141212	14	8.02	4.30	0.21	17.80			2.44	4.80	5.21	5.93	6.26	6.41	6.58	6.81	6.92	7.02	7.22	7.96	9.20	10.72	12.30	13.20	15.65		
50128940	1213	20011213	20141213	14	8.57	3.30	5.06	18.00			5.19	5.53	6.14	6.21	6.71	7.22	7.38	7.69	7.86	7.99	8.20	8.76	9.36	9.98	10.60	11.20	14.70		
50128940	1214	20011214	20141214	14	9.34	2.52	5.59	13.20			5.83	6.11	6.19	6.59	7.15	8.00	9.29	9.44	9.79	10.20	10.50	10.80	11.00	11.12	11.20	12.40	13.00		
50128940	1215	20011215	20141215	13	9.37	3.40	5.22	15.60			5.44	5.78	5.89	5.99	6.33	7.31	7.47	8.09	9.49	9.85	10.44	11.14	11.42	11.65	12.32	14.14	15.12		
50128940	1216	20011216	20141216	13	8.39	4.05	0.79	14.40			2.30	4.58	4.81	5.54	6.23	6.30	6.47	7.02	8.04	8.17	9.34	11.12	11.96	12.40	12.74	13.23	13.96		
50128940	1217	20011217	20141217	13	9.03	4.20	0.00	17.40			2.28	5.74	6.04	6.46	6.99	7.68	8.39	8.82	8.90	9.22	9.66	10.18	10.74	11.60	12.50	13.20	15.76		
50128940	1218	20011218	20141218	13	7.99	5.04	0.00	19.60			0.00	0.59	4.69	6.00	6.35	7.04	7.38	7.59	7.72	8.10	8.48	8.83	8.91	10.12	11.54	12.38	16.76		
50128940	1219	20011219	20141219	13	10.67	6.98	2.87	27.00			3.89	5.45	5.57	5.86	6.21	6.57	6.84	7.72	9.44	10.25	10.72	10.98	11.54	12.15	14.64	21.78	25.32		
50128940	1220	20011220	20141220	13	9.68	4.48	3.52	21.00			4.00	4.80	5.28	6.25	7.16	7.48	8.87	9.78	9.81	9.93	10.11	10.45	11.50	11.90	12.18	12.81	17.76		
50128940	1221	20011221	20141221	13	10.10	3.98	3.65	18.00			4.34	5.40	5.61	6.38	7.52	9.07	9.36	9.70	10.40	10.68	11.28	12.07	12.56	13.05	13.44	13.58	16.24		
50128940	1222	20011222	20141222	13	11.41	4.09	7.10	19.70			7.43	8.01	8.53	8.77	8.86	8.91	8.96	9.20	9.68	9.90	10.84	12.11	12.18	13.90	16.20	18.30	19.26		
50128940	1223	20011223	20141223	13	10.74	3.25	7.47	17.50			7.47	7.54	8.00	8.13	8.23	8.54	8.85	9.03	9.03	10.41	11.20	11.58	12.14	13.40	14.60	14.95	16.50		
50128940	1224	20011224	20141224	13	9.69	3.33	5.74	18.00			5.90	6.22	6.75	7.21	7.65	8.09	8.70	9.06	9.06	9.30	9.73	10.26	10.68	11.05	11.78	13.46	16.28		
50128940	1225	20011225	20141225	13	9.49	2.43	4.69	13.60			5.56	6.93	7.34	7.75	8.18	8.66	9.08	9.37	9.51	9.65	9.87	10.21	10.98	11.35	11.72	12.49	13.20		
50128940	1226	20011226	20141226	13	9.84	2.68	6.31	15.90			6.40	6.66	7.48	8.03	8.36	8.41	8.42	8.77	9.58	10.01	10.48	10.93	11.14	11.30	11.72	12.84	14.74		
50128940	1227	20011227	20141227	13	9.27	2.07	6.13	12.10			6.24	6.47	6.93	7.19	7.48	8.05	8.89	9.44	9.54	10.00	10.28	10.41	10.48	10.90	11.44	11.93	12.06		
50128940	1228	20011228	20141228	13	8.94	2.05	5.82	13.00			6.05	6.49	7.17	7.56	7.76	7.77	8.39	8.81	8.85	8.96	9.28	9.68	9.70	9.79	10.34	11.97	12.68		
50128940	1229	20011229	20141229	13	9.58	2.55	5.10	13.90			5.77	6.85	7.42	7.67	7.93	8.47	8.68	8.87	9.09	9.68	10.24	10.77	11.26	11.70	12.20	12.90	13.54		
50128940	1230	20011230	20141230	13	10.10	1.52	7.83	13.20			7.91	8.12	8.64	8.91	9.10	9.30	9.70	9.99	10.10	10.10	10.38	10.84	11.12	11.25	11.36	11.57	12.56		
50128940	1231	20011231	20141231	13	9.08	3.37	5.74	16.20			5.75	5.78	5.82	6.24	6.80	7.32	7.58	7.72	7.74	8.03	8.63	9.49	10.51	11.95	13.20	13.55	15.16		
