site_no	monthday	begin_dt	end_dt	count_nu	mean	std	min	max	p01	p05	p10	p15	p20	p25	p30	p35	p40	p45	p50	p55	p60	p65	p70	p75	p80	p85	p90	p95	p99
01073785	ALL	20020708	20151201	4895	29.24	50.13	0.30	1170.00	0.37	1.00	1.90	3.30	4.60	6.00	7.70	9.46	11.00	13.00	16.00	18.00	21.00	24.00	29.00	35.00	42.00	52.00	65.00	98.00	210.00
01073785	0101	20030101	20150101	13	27.21	12.27	9.70	56.00			12.62	17.20	18.60	19.50	20.40	21.80	22.00	22.30	23.00	25.10	26.80	28.20	29.60	34.00	39.00	42.50	50.80		
01073785	0102	20030102	20150102	13	28.62	15.70	11.00	70.00			12.60	15.20	16.60	18.50	20.20	20.90	22.80	24.30	25.00	26.40	27.40	28.10	28.80	33.00	39.20	46.90	61.20		
01073785	0103	20030103	20150103	13	24.85	10.20	12.00	47.00			12.80	14.30	16.40	18.50	20.40	21.80	22.60	23.00	23.00	23.00	23.00	23.20	24.60	28.00	33.40	41.80	45.40		
01073785	0104	20030104	20150104	13	26.92	13.03	12.00	50.00			12.40	13.30	15.40	16.50	17.20	17.90	20.40	22.00	22.00	25.50	27.00	28.00	35.00	39.00	42.40	47.30	49.20		
01073785	0105	20030105	20150105	13	25.69	13.51	11.00	58.00			11.40	12.20	13.60	15.00	16.20	16.90	19.40	21.30	22.00	24.10	25.80	27.70	32.60	36.00	38.20	38.90	50.40		
01073785	0106	20030106	20150106	13	23.31	9.41	10.00	39.00			10.40	11.20	12.60	14.50	16.80	19.60	20.60	21.60	23.00	23.70	26.00	29.00	29.00	30.00	32.20	36.40	38.20		
01073785	0107	20030107	20150107	13	23.23	10.56	9.00	47.00			9.80	11.20	12.60	14.50	16.80	19.60	20.60	21.30	22.00	22.00	24.00	27.10	27.80	29.00	31.20	35.40	42.60		
01073785	0108	20030108	20150108	13	23.42	16.44	8.50	74.00			9.10	10.30	12.40	14.50	16.40	17.80	18.00	18.60	20.00	21.40	22.80	24.20	25.60	26.00	26.60	28.70	56.00		
01073785	0109	20030109	20150109	13	24.46	20.05	8.00	80.00			9.20	11.20	12.60	13.50	14.20	14.90	15.00	16.50	20.00	20.00	20.80	22.00	22.00	23.50	30.60	50.20	69.20		
01073785	0110	20030110	20150110	13	22.58	18.67	7.60	71.00			8.16	9.20	10.60	11.50	12.40	13.80	14.60	15.30	16.00	18.10	19.40	20.10	20.80	22.50	30.00	51.00	64.20		
01073785	0111	20030111	20150111	13	21.88	20.55	7.20	84.00			7.24	7.57	9.46	10.50	11.20	11.90	13.20	15.20	18.00	18.70	19.00	19.20	20.60	21.50	25.60	38.20	66.40		
01073785	0112	20030112	20150112	13	30.67	31.94	7.70	121.00			7.82	8.30	10.40	12.00	13.60	15.70	16.60	17.00	17.00	18.40	19.80	22.30	31.40	41.50	52.20	63.40	98.60		
01073785	0113	20030113	20150113	13	27.06	21.19	8.90	79.00			8.90	9.11	10.58	12.00	13.60	15.70	17.20	18.00	18.00	20.10	23.40	27.50	31.00	35.50	43.20	57.90	71.40		
01073785	0114	20030114	20150114	13	34.58	31.38	8.60	110.00			8.60	8.68	9.24	10.70	12.60	14.70	16.20	17.30	18.00	25.00	30.00	35.20	50.60	59.00	64.80	71.10	94.80		
01073785	0115	20030115	20150115	13	39.78	40.43	6.50	113.00			7.14	8.15	8.50	10.30	12.40	13.80	14.60	15.30	16.00	25.10	30.60	35.20	50.60	77.00	100.80	107.10	111.00		
01073785	0116	20030116	20150116	13	28.52	23.12	5.20	81.00			6.40	8.22	8.36	10.70	13.20	13.90	15.20	16.00	16.00	23.00	28.00	32.40	42.20	49.00	53.20	53.90	70.20		
01073785	0117	20030117	20150117	13	25.10	18.12	5.10	61.00			5.98	7.36	7.78	9.95	12.80	15.60	16.60	17.00	17.00	21.20	23.40	25.80	38.40	44.00	46.40	47.80	55.80		
01073785	0118	20030118	20150118	13	27.35	22.43	5.00	70.00			5.80	7.06	7.48	9.80	12.80	15.60	16.60	17.00	17.00	19.10	22.80	28.30	37.40	44.50	52.80	66.10	69.20		
01073785	0119	20030119	20150119	13	28.69	25.99	5.00	95.00			7.00	10.30	12.40	14.00	15.20	15.90	17.80	19.00	19.00	21.10	22.80	24.20	25.60	31.50	44.00	68.50	85.80		
01073785	0120	20030120	20150120	13	22.88	15.11	4.50	58.00			7.50	12.00	12.00	13.00	14.60	16.70	17.00	17.00	17.00	17.70	19.60	22.40	25.20	29.00	35.20	46.40	54.00		
01073785	0121	20030121	20150121	13	20.09	13.10	4.20	53.00			6.92	11.10	11.80	12.50	13.00	13.00	13.00	13.90	16.00	16.00	18.00	21.20	22.60	25.50	30.00	37.00	47.00		
01073785	0122	20030122	20150122	13	17.62	11.21	4.00	45.00			6.40	10.00	10.00	10.50	11.00	11.00	11.60	12.60	14.00	14.70	16.60	19.10	19.80	22.00	26.00	33.00	40.60		
01073785	0123	20030123	20150123	13	15.47	9.30	3.80	37.00			5.24	7.55	8.60	9.45	10.00	10.00	10.60	11.60	13.00	13.70	15.60	18.10	18.80	19.00	21.20	28.90	34.20		
01073785	0124	20030124	20150124	13	16.15	10.18	3.30	37.00			4.02	5.44	7.82	9.25	10.20	10.90	11.00	11.90	14.00	16.10	17.00	17.10	17.80	21.50	26.60	32.20	35.40		
01073785	0125	20030125	20150125	13	17.90	14.58	2.80	55.00			3.20	4.30	7.80	9.10	9.50	9.85	9.96	11.50	15.00	15.00	15.80	17.40	20.20	25.50	31.00	34.50	47.00		
01073785	0126	20030126	20150126	13	27.87	52.68	2.50	201.00			2.82	3.77	7.06	8.35	8.76	8.97	9.48	11.36	15.00	15.00	15.40	16.10	16.80	20.50	25.80	32.10	133.80		
01073785	0127	20030127	20150127	13	24.78	33.52	2.40	106.00			2.52	3.14	6.22	7.15	7.56	8.82	9.42	10.99	14.00	14.00	14.40	15.10	15.80	22.00	40.60	84.70	100.00		
01073785	0128	20030128	20150128	13	22.51	28.60	2.40	96.00			2.48	3.07	6.36	8.15	9.10	9.45	9.68	10.46	12.00	13.40	14.00	14.20	15.60	21.50	36.20	68.40	86.80		
01073785	0129	20030129	20150129	13	20.64	21.64	2.50	67.00			2.74	3.52	6.46	8.15	9.08	9.36	9.76	10.00	10.00	13.50	15.00	15.80	21.40	27.50	38.60	61.70	66.20		
01073785	0130	20030130	20150130	13	21.47	22.20	2.40	67.00			3.12	4.44	6.12	7.60	8.60	8.60	9.26	9.79	10.00	12.80	15.20	17.40	20.20	36.00	52.60	58.20	63.80		
01073785	0131	20030131	20150131	13	19.87	15.37	2.30	47.00			3.78	6.19	7.52	8.20	8.72	9.49	9.84	11.20	14.00	17.50	19.00	20.30	29.40	36.00	40.60	42.70	45.40		
01073785	0201	20030201	20150201	13	17.23	12.23	2.20	43.00			3.64	6.03	7.64	8.55	9.06	9.27	9.48	10.62	13.00	16.50	19.20	21.00	21.00	25.00	30.20	34.40	39.80		
01073785	0202	20030202	20150202	13	21.58	23.83	2.20	92.00			3.76	6.40	8.50	9.25	9.48	9.76	9.92	10.60	12.00	15.50	17.00	17.60	21.80	26.50	32.60	41.70	72.40		
01073785	0203	20030203	20150203	13	21.22	22.96	2.20	83.00			4.04	7.06	8.88	9.45	9.80	10.85	11.60	12.00	12.00	12.70	14.60	17.10	17.80	21.50	31.40	53.80	72.60		
01073785	0204	20030204	20150204	13	22.69	25.95	6.50	102.00			7.42	8.89	9.52	9.85	10.00	10.00	11.80	13.60	15.00	15.70	16.00	16.30	18.40	20.50	27.00	44.50	80.00		
01073785	0205	20030205	20150205	13	29.21	47.77	5.90	180.00			5.94	6.38	9.04	9.90	10.20	10.90	11.00	11.60	13.00	13.70	14.80	16.20	17.60	19.00	29.00	60.50	134.00		
01073785	0206	20030206	20150206	13	28.33	41.37	5.10	124.00			5.22	5.47	5.96	7.90	9.76	9.97	11.20	12.00	12.00	13.40	14.80	16.10	16.80	18.00	38.80	108.10	121.60		
01073785	0207	20030207	20150207	13	26.32	39.15	4.50	136.00			4.74	5.16	5.58	7.80	9.92	9.99	10.00	11.20	14.00	14.70	15.00	15.00	15.00	15.50	30.00	79.00	116.00		
01073785	0208	20030208	20150208	13	21.09	25.80	4.10	89.00			4.42	4.96	5.38	7.65	9.82	9.89	9.96	11.20	14.00	14.70	15.00	15.00	15.00	15.50	26.00	61.00	79.80		
01073785	0209	20030209	20150209	13	18.85	20.30	3.60	72.00			4.00	4.62	4.76	7.10	9.46	9.67	9.82	10.83	13.00	13.70	15.20	17.00	17.00	17.00	24.20	49.40	64.40		
01073785	0210	20030210	20150210	13	18.68	17.66	4.60	63.00			4.60	4.63	4.84	7.30	9.76	9.97	10.00	10.60	12.00	12.70	13.80	15.20	16.60	28.00	39.20	39.90	53.80		
01073785	0211	20030211	20150211	13	19.00	18.16	4.60	61.00			4.76	5.00	5.00	7.30	9.64	9.78	10.52	11.30	12.00	13.40	14.40	15.10	15.80	24.00	36.00	50.00	57.40		
01073785	0212	20030212	20150212	13	19.11	16.57	4.60	51.00			4.60	4.74	5.72	7.60	9.36	9.92	10.60	11.30	12.00	12.00	13.20	16.10	23.80	31.50	39.60	48.70	50.60		
01073785	0213	20030213	20150213	13	21.87	23.60	4.30	80.00			4.30	4.50	5.90	7.90	9.58	9.86	9.96	10.00	10.00	11.40	12.40	14.20	22.60	34.00	45.80	55.60	70.80		
01073785	0214	20030214	20150214	13	25.95	39.16	4.20	150.00			4.28	4.58	5.84	7.90	9.68	9.96	10.00	10.30	11.00	12.40	14.20	16.70	21.60	30.00	38.20	42.40	107.20		
01073785	0215	20030215	20150215	13	23.99	27.61	4.40	97.00			4.64	5.15	6.20	8.25	10.00	10.00	10.60	11.00	11.00	12.40	15.00	18.50	22.00	30.50	43.40	62.30	84.20		
01073785	0216	20030216	20150216	13	24.35	27.56	3.60	89.00			4.16	5.30	7.40	9.00	10.00	10.00	10.60	11.00	11.00	12.40	14.20	17.20	25.60	31.50	43.40	72.80	84.20		
01073785	0217	20030217	20150217	13	26.14	31.20	2.90	111.00			3.70	5.21	7.38	9.00	10.00	10.00	11.20	12.30	13.00	13.70	14.40	16.90	30.20	35.00	42.60	65.70	94.20		
01073785	0218	20030218	20150218	13	26.78	34.06	2.70	121.00			3.62	5.24	6.92	8.70	10.00	10.00	11.20	12.30	13.00	14.40	15.00	16.50	27.00	31.00	40.60	70.70	102.60		
01073785	0219	20030219	20150219	13	30.02	43.91	2.90	165.00			3.74	5.26	7.08	8.65	9.76	9.97	11.20	12.60	14.00	14.00	15.60	18.50	22.00	37.50	53.00	56.50	121.80		
01073785	0220	20030220	20150220	13	25.79	28.86	2.90	105.00			3.70	5.36	8.58	9.75	10.40	11.80	12.60	13.90	16.00	16.00	17.20	19.10	19.80	33.50	49.60	58.70	87.00		
01073785	0221	20030221	20150221	13	22.98	20.54	5.10	79.00			5.14	5.63	8.64	10.75	12.00	12.00	14.40	16.00	16.00	18.10	19.40	20.10	20.80	30.00	40.20	44.40	65.40		
01073785	0222	20030222	20150222	13	22.89	16.74	5.40	61.00			7.00	9.44	9.72	10.90	12.00	12.00	13.80	15.30	16.00	18.10	19.40	21.50	32.00	36.00	38.80	45.10	55.00		
01073785	0223	20030223	20150223	13	27.47	23.99	5.60	91.00			6.40	7.73	8.64	9.95	11.60	13.70	14.60	15.90	18.00	20.80	26.00	32.60	36.80	40.50	44.60	50.20	75.00		
01073785	0224	20030224	20150224	13	32.08	27.95	5.50	100.00			6.02	7.00	8.40	12.40	16.00	16.00	16.60	17.00	17.00	24.70	32.40	39.40	42.20	47.00	54.60	67.20	87.60		
01073785	0225	20030225	20150225	13	64.68	136.45	5.50	515.00			5.78	6.49	8.52	11.55	14.40	15.80	19.60	23.20	26.00	30.20	34.40	38.50	42.00	49.50	56.40	57.80	332.20		
01073785	0226	20030226	20150226	13	78.85	202.09	5.60	750.00			5.68	6.08	8.04	10.80	14.20	18.40	19.60	21.20	24.00	24.00	27.60	33.10	33.80	36.00	40.40	48.80	470.00		
01073785	0227	20030227	20150227	13	36.28	49.96	5.50	195.00			5.62	6.06	7.88	10.20	13.00	16.50	17.60	19.50	23.00	23.70	25.60	28.60	32.80	41.50	49.60	51.70	137.80		
01073785	0228	20030228	20150228	13	39.72	49.08	5.80	166.00			5.96	6.41	7.88	9.65	12.20	16.40	18.80	20.30	21.00	24.50	26.80	29.00	36.00	41.00	60.20	116.90	149.60		
01073785	0229	20040229	20120229	3	23.07	15.90	7.20	39.00						7.20	10.36	13.52	16.68	19.84	23.00	26.20	29.40	32.60	35.80	39.00					
01073785	0301	20030301	20150301	13	37.08	44.70	6.70	167.00			7.38	8.46	8.88	10.00	12.20	16.40	18.80	20.30	21.00	21.70	22.80	25.90	39.20	45.00	54.80	82.10	134.60		
01073785	0302	20030302	20150302	13	35.58	34.95	8.50	139.00			9.10	10.20	11.60	14.50	17.40	18.80	19.60	20.60	22.00	24.10	31.00	40.40	43.20	44.00	47.60	60.20	108.20		
01073785	0303	20030303	20150303	13	39.78	33.10	8.20	114.00			8.92	10.70	15.60	17.00	17.40	18.80	19.60	24.80	36.00	36.70	37.00	37.80	43.40	51.50	66.20	94.90	108.00		
01073785	0304	20030304	20150304	13	36.87	25.94	8.50	99.00			9.02	10.42	14.76	16.50	17.20	17.90	18.60	24.40	37.00	39.10	44.00	50.40	53.20	54.50	55.20	55.90	81.80		
01073785	0305	20030305	20150305	13	40.72	41.44	9.40	161.00			9.64	10.60	14.80	16.50	17.00	17.00	17.60	22.80	34.00	35.40	36.00	36.60	40.80	46.00	56.60	79.70	129.80		
01073785	0306	20030306	20150306	13	35.32	29.28	9.20	118.00			9.92	11.50	15.00	16.50	18.00	21.50	23.20	24.90	27.00	29.10	32.40	36.50	40.00	41.00	46.20	64.40	97.60		
01073785	0307	20030307	20150307	13	34.85	23.80	9.10	95.00			9.86	11.50	15.00	16.50	17.20	17.90	23.40	27.60	29.00	35.30	38.40	39.90	46.20	48.50	50.60	56.20	79.80		
01073785	0308	20030308	20150308	13	70.08	95.90	9.00	343.00			9.80	11.50	15.00	16.00	17.20	21.40	22.60	24.80	29.00	33.20	41.40	53.00	67.00	83.00	114.00	180.50	281.80		
01073785	0309	20030309	20150309	13	67.40	84.22	9.20	278.00			9.92	11.20	12.60	15.00	17.60	19.70	22.40	26.10	31.00	33.10	38.80	49.60	74.80	91.50	122.80	199.10	250.80		
01073785	0310	20030310	20150310	13	50.00	47.50	11.00	152.00			12.20	14.20	15.60	17.00	18.00	18.00	21.60	27.90	37.00	39.10	42.00	46.00	53.00	65.00	89.00	138.00	149.20		
01073785	0311	20030311	20150311	13	65.62	82.84	16.00	323.00			16.40	17.30	19.40	22.00	24.00	24.00	28.80	33.80	38.00	44.30	47.80	49.60	53.80	75.00	98.60	111.20	239.00		
01073785	0312	20030312	20150312	13	66.38	67.97	17.00	271.00			19.80	24.00	24.00	26.00	28.20	28.90	30.20	35.20	45.00	47.80	57.00	69.20	70.60	85.00	100.40	105.30	205.00		
01073785	0313	20030313	20150313	13	64.92	54.26	17.00	210.00			19.80	24.30	26.40	28.00	29.40	30.80	36.40	41.20	44.00	51.70	61.00	70.80	76.40	82.00	95.40	128.30	179.20		
01073785	0314	20030314	20150314	13	104.92	156.60	14.00	605.00			18.40	25.10	25.80	27.00	31.00	41.50	45.40	48.20	51.00	62.20	69.00	75.20	97.60	106.00	121.20	167.40	432.60		
01073785	0315	20030315	20150315	13	121.77	223.99	13.00	855.00			17.40	24.20	25.60	32.00	38.20	38.90	39.60	40.00	40.00	58.20	68.80	75.30	91.40	114.00	133.80	140.10	569.40		
01073785	0316	20030316	20150316	13	75.00	75.68	12.00	295.00			17.60	26.30	28.40	30.00	31.80	34.60	38.00	43.90	53.00	60.00	63.80	67.00	81.00	86.50	101.00	146.50	238.20		
01073785	0317	20030317	20150317	13	63.00	56.37	11.00	198.00			17.00	26.40	29.20	32.00	34.60	36.70	38.20	40.20	43.00	47.90	50.80	52.50	56.00	63.50	90.40	161.80	187.60		
01073785	0318	20030318	20150318	13	59.52	47.75	9.80	172.00			14.28	21.80	27.40	30.50	33.00	36.50	38.20	42.00	49.00	54.60	57.40	58.10	58.80	60.50	79.40	140.30	162.80		
01073785	0319	20030319	20150319	13	55.38	40.42	9.00	139.00			12.60	18.80	24.40	28.50	31.40	32.80	33.60	36.40	42.00	51.10	57.80	62.30	64.40	69.00	85.00	127.00	136.60		
01073785	0320	20030320	20150320	13	58.29	45.02	8.80	154.00			11.28	16.00	23.00	27.50	30.00	30.00	33.00	35.30	36.00	45.10	53.80	63.70	82.60	96.50	108.20	119.40	140.80		
01073785	0321	20030321	20150321	13	61.85	45.54	13.00	163.00			17.00	23.20	24.60	26.50	28.00	28.00	31.60	36.40	42.00	47.60	66.00	91.00	98.00	102.00	104.00	104.00	139.40		
01073785	0322	20030322	20150322	13	60.15	43.84	11.00	168.00			14.60	20.70	25.60	28.50	30.20	30.90	39.40	45.30	46.00	46.00	58.80	78.60	82.80	86.50	92.60	105.20	143.60		
01073785	0323	20030323	20150323	13	75.62	74.74	11.00	280.00			13.80	18.20	19.60	22.50	26.40	31.30	38.00	44.70	51.00	62.20	72.60	81.10	81.80	99.50	125.00	153.00	230.80		
01073785	0324	20030324	20150324	13	64.77	58.15	11.00	210.00			12.60	15.30	17.40	21.50	27.00	34.00	35.00	38.90	48.00	53.60	60.00	66.30	68.40	90.50	118.00	139.00	182.80		
01073785	0325	20030325	20150325	13	56.77	42.45	10.00	134.00			11.60	14.60	18.80	23.50	28.40	33.30	40.60	45.90	48.00	50.80	53.20	55.10	55.80	83.00	114.60	130.70	133.60		
01073785	0326	20030326	20150326	13	53.86	36.54	9.20	125.00			11.12	15.00	22.00	28.50	35.20	42.90	44.00	44.00	44.00	45.40	47.60	50.40	53.20	76.00	101.40	113.30	121.00		
01073785	0327	20030327	20150327	13	61.49	40.33	9.40	137.00			10.44	14.00	28.00	34.50	38.40	43.30	48.20	51.00	51.00	52.40	53.40	58.00	86.00	97.50	105.60	121.70	131.80		
01073785	0328	20030328	20150328	13	62.23	39.37	11.00	148.00			13.40	18.60	29.80	33.50	35.80	42.10	44.80	47.80	52.00	54.80	64.00	77.60	88.80	92.00	95.40	107.30	132.40		
01073785	0329	20030329	20150329	13	77.31	80.23	11.00	323.00			13.00	17.40	27.20	31.50	36.60	49.20	51.60	52.30	53.00	57.20	65.40	75.80	81.40	92.00	104.40	116.30	241.00		
01073785	0330	20030330	20150330	13	114.54	121.23	11.00	425.00			11.80	14.40	24.20	28.00	33.00	47.00	51.40	55.70	62.00	69.00	90.40	122.30	152.40	191.00	226.40	245.30	354.20		
01073785	0331	20030331	20150331	13	124.68	167.99	9.90	630.00			10.74	13.40	23.20	30.00	35.80	42.10	49.60	54.00	54.00	68.70	87.40	109.50	134.00	162.50	197.60	245.20	478.80		
01073785	0401	20030401	20150401	13	100.17	76.36	8.20	223.00			11.72	18.90	32.20	40.50	47.20	54.90	60.20	66.00	73.00	82.80	97.80	118.40	149.20	184.50	211.00	211.00	218.20		
01073785	0402	20030402	20150402	13	121.17	136.95	9.20	534.00			12.72	21.20	43.60	52.50	55.20	55.90	60.80	66.70	73.00	76.50	88.80	111.00	153.00	169.00	177.40	192.80	398.40		
01073785	0403	20030403	20150403	13	99.31	82.57	8.00	292.00			10.40	16.40	33.20	47.50	58.00	61.50	62.00	62.60	64.00	66.80	92.80	130.60	134.80	138.00	156.00	212.00	263.20		
01073785	0404	20030404	20150404	13	96.22	54.99	6.80	179.00			16.88	34.20	49.60	55.00	56.40	57.80	61.60	76.00	104.00	114.50	119.80	122.90	136.20	141.00	148.60	171.70	177.40		
01073785	0405	20030405	20150405	13	87.48	46.27	5.30	152.00			14.78	31.60	49.80	55.00	57.00	64.00	65.00	72.80	91.00	97.30	102.80	109.50	127.00	133.00	136.60	145.70	150.00		
01073785	0406	20030406	20150406	13	71.75	33.33	4.70	115.00			12.82	27.00	41.00	48.50	54.80	64.60	69.00	72.50	76.00	81.60	84.00	84.50	88.00	98.00	108.40	113.30	114.60		
01073785	0407	20030407	20150407	13	66.50	35.29	4.50	140.00			10.70	21.60	32.80	44.00	52.60	54.70	61.00	65.90	68.00	70.80	72.00	73.70	85.60	91.00	94.00	97.50	123.20		
01073785	0408	20030408	20150408	13	59.18	33.30	4.40	135.00			10.24	20.20	28.60	38.50	46.40	47.80	52.80	56.00	56.00	57.40	61.20	67.30	76.40	81.50	84.60	86.70	115.80		
01073785	0409	20030409	20150409	13	51.02	28.01	4.30	110.00			9.78	18.90	25.20	34.50	42.60	44.70	45.00	45.30	46.00	47.40	52.80	60.20	61.60	64.50	71.40	86.80	101.60		
01073785	0410	20030410	20150410	13	50.10	30.53	4.30	126.00			11.38	22.20	23.60	30.00	36.20	36.90	40.60	44.80	49.00	49.70	51.60	54.30	56.40	61.00	68.80	82.10	109.20		
01073785	0411	20030411	20150411	13	48.52	28.30	3.80	125.00			14.28	30.10	30.80	34.50	38.40	39.80	40.60	41.30	42.00	44.10	45.40	46.70	51.60	58.50	65.60	71.20	103.80		
01073785	0412	20030412	20150412	13	48.00	30.46	4.00	112.00			12.00	25.00	32.00	34.50	35.20	35.90	36.00	36.00	36.00	36.00	40.40	47.40	50.20	60.00	76.00	100.50	108.80		
01073785	0413	20030413	20150413	13	48.96	24.53	7.50	88.00			12.90	22.10	29.80	32.00	32.40	33.80	38.20	43.40	49.00	51.10	53.60	56.60	60.80	69.00	78.00	85.00	87.20		
01073785	0414	20030414	20150414	13	53.83	44.21	5.80	176.00			10.68	19.00	26.00	28.00	28.20	28.90	33.20	36.00	36.00	43.00	51.60	60.90	67.20	71.50	78.00	92.00	143.20		
01073785	0415	20030415	20150415	13	40.99	25.15	4.90	89.00			9.74	17.60	21.80	24.00	25.20	25.90	27.80	29.30	30.00	37.00	45.20	53.30	55.40	57.00	62.80	79.60	86.20		
01073785	0416	20030416	20150416	13	85.74	190.17	4.60	716.00			8.76	15.50	19.00	20.00	20.80	23.60	25.80	28.20	31.00	39.40	43.40	44.20	45.60	53.50	61.40	62.80	454.80		
01073785	0417	20030417	20150417	13	59.41	80.20	4.30	300.00			7.78	13.30	15.40	17.50	19.80	22.60	23.60	27.30	35.00	37.10	41.20	46.30	48.40	56.50	79.40	133.30	236.40		
01073785	0418	20030418	20150418	13	46.79	57.56	3.30	225.00			6.78	12.40	15.20	17.50	19.40	20.80	22.20	24.80	29.00	34.60	38.60	41.30	43.40	48.50	59.40	81.80	169.00		
01073785	0419	20030419	20150419	13	40.62	42.43	2.40	169.00			5.32	10.03	12.34	16.50	20.20	20.90	25.20	29.50	33.00	35.10	37.20	39.20	40.60	43.50	50.80	67.60	129.40		
01073785	0420	20030420	20150420	13	36.37	33.89	2.50	133.00			4.82	8.67	11.26	14.00	16.40	17.80	22.20	26.20	29.00	32.50	35.60	38.30	40.40	48.00	56.20	60.40	104.20		
01073785	0421	20030421	20150421	13	52.46	67.24	2.90	253.00			4.58	7.69	11.82	18.00	23.60	25.70	26.00	26.30	27.00	30.50	32.80	35.40	45.20	62.50	84.20	109.40	197.00		
01073785	0422	20030422	20150422	13	40.10	39.05	3.50	130.00			4.82	7.32	10.96	15.00	18.00	18.00	22.20	25.60	27.00	28.40	29.80	31.60	35.80	64.00	91.40	92.80	115.20		
01073785	0423	20030423	20150423	13	50.79	41.25	7.30	155.00			10.38	15.00	15.00	20.00	25.40	26.80	27.60	33.40	46.00	46.70	48.20	52.20	67.60	73.00	79.00	96.50	132.60		
01073785	0424	20030424	20150424	13	45.69	25.97	14.00	96.00			14.80	16.70	21.60	23.00	23.00	23.00	29.60	38.20	48.00	51.50	55.00	58.30	60.40	63.00	68.00	78.50	89.60		
01073785	0425	20030425	20150425	13	35.69	18.35	11.00	69.00			12.60	15.30	17.40	19.00	21.40	26.30	28.20	29.90	32.00	37.60	41.60	44.30	46.40	47.00	50.60	63.20	67.40		
01073785	0426	20030426	20150426	13	32.46	15.68	11.00	55.00			11.00	11.60	15.80	18.00	19.20	19.90	27.80	33.30	34.00	36.10	37.80	39.20	40.60	46.00	51.60	53.70	54.60		
01073785	0427	20030427	20150427	13	41.62	32.88	9.00	126.00			9.80	11.40	14.20	17.00	19.40	20.80	25.80	31.70	38.00	41.50	44.20	46.20	47.60	49.50	57.80	81.60	109.60		
01073785	0428	20030428	20150428	13	40.07	32.88	7.90	133.00			9.14	11.70	16.60	18.00	18.60	20.70	23.40	28.90	38.00	38.00	38.80	41.30	50.40	55.50	58.40	59.80	103.80		
01073785	0429	20030429	20150429	13	44.48	39.58	6.40	127.00			6.96	8.52	13.56	17.00	19.20	19.90	26.00	30.90	33.00	33.00	37.00	43.70	48.60	62.00	83.20	115.40	124.20		
01073785	0430	20030430	20150430	13	35.75	30.63	6.00	107.00			6.32	7.52	12.56	15.00	16.20	16.90	20.60	23.90	26.00	28.10	32.20	37.30	39.40	49.00	63.40	82.30	98.20		
01073785	0501	20030501	20150501	13	36.16	27.12	5.60	86.00			5.96	7.35	13.30	16.00	17.80	20.60	22.80	24.30	25.00	29.20	32.20	36.90	57.20	65.00	68.60	74.20	81.60		
01073785	0502	20030502	20150502	13	34.48	19.13	5.30	60.00			9.18	15.10	15.80	17.50	19.60	21.70	25.00	28.50	32.00	32.00	40.00	52.20	53.60	55.00	56.40	57.80	59.20		
01073785	0503	20030503	20150503	13	38.22	41.64	4.90	168.00			8.14	13.30	15.40	16.50	17.60	19.70	21.80	23.90	26.00	26.70	29.40	34.40	44.20	48.00	49.80	52.60	122.00		
01073785	0504	20030504	20150504	13	33.74	25.12	9.60	96.00			10.96	13.20	14.60	16.00	17.20	17.90	20.40	22.30	23.00	25.80	30.20	35.70	40.60	50.50	59.60	61.70	82.40		
01073785	0505	20030505	20150505	13	29.15	17.82	8.00	65.00			10.00	13.20	14.60	15.50	16.80	19.60	21.80	23.00	23.00	27.20	29.00	29.80	35.40	37.50	43.00	60.50	64.20		
01073785	0506	20030506	20150506	13	25.52	13.23	5.80	49.00			8.28	12.10	12.80	16.00	19.00	19.00	19.60	20.60	22.00	23.40	26.40	30.20	31.60	36.00	41.20	45.40	47.80		
01073785	0507	20030507	20150507	13	26.25	18.98	5.20	76.00			7.52	11.00	11.00	13.00	15.40	16.80	17.60	18.60	20.00	20.70	23.40	28.00	35.00	38.00	40.00	43.50	63.20		
01073785	0508	20030508	20150508	13	24.97	19.11	4.60	73.00			6.36	9.30	11.40	13.50	15.40	16.80	17.60	18.00	18.00	20.10	21.80	23.40	26.20	29.50	36.60	52.70	65.80		
01073785	0509	20030509	20150509	13	23.48	13.91	8.10	56.00			8.14	8.68	12.04	14.50	16.40	17.80	18.60	19.00	19.00	19.00	21.80	26.10	26.80	29.00	33.80	43.60	51.60		
01073785	0510	20030510	20150510	13	31.68	28.15	7.90	91.00			10.34	14.00	14.00	14.00	14.20	14.90	16.20	17.00	17.00	17.00	19.40	24.60	35.80	49.50	64.60	80.70	87.80		
01073785	0511	20030511	20150511	13	25.18	18.54	7.50	63.00			8.06	9.31	12.18	13.50	14.00	14.00	14.60	15.30	16.00	17.40	20.00	24.10	31.80	38.50	46.00	56.50	61.00		
01073785	0512	20030512	20150512	13	23.88	15.32	7.20	55.00			7.64	8.57	10.46	11.50	12.40	13.80	14.00	14.60	16.00	23.70	28.60	31.20	32.60	35.00	38.60	44.20	51.00		
01073785	0513	20030513	20150513	13	47.45	103.71	7.50	391.00			7.78	8.29	8.92	10.05	11.20	11.90	13.20	14.90	17.00	20.50	23.60	26.00	26.00	31.00	36.20	36.90	249.40		
01073785	0514	20030514	20150514	13	105.20	320.06	5.90	1170.00			6.10	6.59	7.92	9.65	11.00	11.00	11.60	12.90	15.00	18.50	20.40	21.20	22.60	25.50	29.60	35.20	716.40		
01073785	0515	20030515	20150515	13	92.44	275.81	5.20	1010.00			5.40	5.91	7.38	9.40	11.00	11.00	12.80	15.20	18.00	19.40	20.40	21.10	21.80	23.00	25.60	31.20	618.80		
01073785	0516	20030516	20150516	13	54.82	131.19	4.80	490.00			5.20	5.97	7.16	8.50	10.00	11.75	14.40	17.50	21.00	22.40	23.00	23.40	26.20	31.50	36.20	36.90	308.80		
01073785	0517	20030517	20150517	13	46.85	85.15	4.10	326.00			4.78	6.04	7.72	10.60	14.40	19.30	21.80	23.60	25.00	25.00	25.40	26.90	33.20	38.50	44.80	54.60	218.00		
01073785	0518	20030518	20150518	13	42.72	66.31	4.30	251.00			4.78	5.70	7.10	10.75	14.40	15.80	17.20	18.30	19.00	21.80	23.00	24.60	35.80	45.00	57.60	80.70	184.20		
01073785	0519	20030519	20150519	13	56.82	70.49	2.70	238.00			4.02	6.50	10.00	13.50	16.20	16.90	17.00	17.90	20.00	23.50	27.80	39.70	93.60	114.50	121.00	124.50	192.80		
01073785	0520	20030520	20150520	13	48.20	62.63	2.60	217.00			3.96	6.40	9.20	11.50	13.20	13.90	14.00	14.60	16.00	18.10	21.00	30.90	79.20	94.00	96.60	102.20	171.40		
01073785	0521	20030521	20150521	13	39.46	50.11	3.20	174.00			3.96	5.56	8.78	10.35	11.20	11.90	12.60	13.00	13.00	17.20	19.40	24.20	53.60	69.50	80.40	92.30	142.00		
01073785	0522	20030522	20150522	13	37.42	40.40	4.90	151.00			6.62	9.21	9.28	10.15	11.40	12.80	14.80	16.90	19.00	23.90	34.00	46.80	52.40	55.00	59.00	69.50	119.00		
01073785	0523	20030523	20150523	13	36.19	33.79	4.40	120.00			5.84	8.11	8.88	11.05	13.60	15.70	17.80	19.60	21.00	31.50	38.40	42.40	45.20	49.00	58.40	80.80	105.60		
01073785	0524	20030524	20150524	13	41.37	44.88	4.40	158.00			5.72	7.80	8.50	11.35	14.20	14.90	17.40	21.10	26.00	30.90	33.00	34.10	41.80	58.50	78.80	99.10	135.60		
01073785	0525	20030525	20150525	13	46.99	58.17	4.20	216.00			5.48	7.49	8.12	10.15	13.00	16.50	17.60	20.10	25.00	25.70	33.20	45.70	57.60	72.50	84.80	87.60	164.80		
01073785	0526	20030526	20150526	13	50.62	80.03	4.30	303.00			5.26	6.84	7.82	9.55	11.40	12.80	13.60	15.50	19.00	26.00	32.60	40.40	57.20	67.50	73.80	76.60	212.60		
01073785	0527	20030527	20150527	13	48.48	63.31	4.30	213.00			5.38	7.13	8.04	8.95	9.68	9.96	11.80	13.60	15.00	21.30	34.00	50.70	62.60	66.50	82.40	136.30	185.40		
01073785	0528	20030528	20150528	13	34.18	38.52	4.70	140.00			5.98	7.93	8.14	8.85	9.80	10.85	12.20	13.00	13.00	17.90	26.40	37.80	50.40	57.50	62.00	65.50	110.40		
01073785	0529	20030529	20150529	13	30.88	32.66	3.70	108.00			4.62	6.11	6.88	7.40	8.14	9.68	11.16	13.50	17.00	17.70	22.80	31.20	39.60	53.50	67.00	74.00	94.80		
01073785	0530	20030530	20150530	13	24.94	25.30	3.30	94.00			4.34	6.02	6.86	7.75	8.52	8.94	9.30	11.15	15.00	19.90	24.80	29.30	31.40	35.50	41.20	48.90	76.40		
01073785	0531	20030531	20150531	13	20.77	22.52	3.80	86.00			4.44	5.51	6.28	7.00	7.66	8.22	8.42	9.55	12.00	12.70	17.00	23.40	26.20	28.00	31.20	38.90	67.60		
01073785	0601	20030601	20150601	13	21.22	20.43	4.70	71.00			5.18	5.94	6.22	7.40	8.56	8.77	9.28	10.02	11.00	15.20	19.40	23.30	25.40	27.50	34.20	52.40	64.60		
01073785	0602	20030602	20150602	13	47.23	69.73	4.90	239.00			5.22	5.85	6.90	7.80	8.48	8.76	9.52	10.30	11.00	20.10	25.20	30.20	52.60	62.00	80.80	136.10	201.00		
01073785	0603	20030603	20150603	13	45.10	60.48	4.50	196.00			5.46	6.91	6.98	7.10	7.50	8.55	10.08	11.60	13.00	20.00	29.00	39.00	46.00	63.00	91.40	138.30	175.60		
01073785	0604	20030604	20150604	13	50.99	76.56	4.30	288.00			4.74	5.52	6.36	7.10	8.48	11.56	18.00	22.30	23.00	28.60	33.80	40.20	55.60	65.50	75.60	91.70	210.40		
01073785	0605	20030605	20150605	13	45.88	53.12	3.50	158.00			3.98	4.85	5.90	8.10	10.00	10.00	10.60	13.10	18.00	27.10	35.00	44.80	71.40	81.50	95.20	134.40	150.80		
01073785	0606	20030606	20150606	13	36.13	37.51	2.40	118.00			3.92	6.25	6.60	8.05	9.92	11.74	13.80	15.00	15.00	22.00	29.40	38.80	58.40	65.50	72.20	90.40	108.00		
01073785	0607	20030607	20150607	13	33.28	39.77	4.30	150.00			4.58	5.10	5.80	6.65	8.44	12.43	14.20	17.10	22.00	22.70	25.00	29.60	40.80	50.00	56.60	58.70	113.60		
01073785	0608	20030608	20150608	13	52.88	96.68	4.30	364.00			4.66	5.28	5.84	8.50	11.00	11.00	14.00	17.50	21.00	27.30	32.00	35.90	42.20	45.00	55.60	89.20	256.00		
01073785	0609	20030609	20150609	13	35.39	55.36	3.60	213.00			4.20	5.28	6.54	7.70	8.60	8.95	10.80	15.00	22.00	26.90	29.80	31.10	31.80	34.00	39.20	50.40	148.60		
01073785	0610	20030610	20150610	13	31.63	52.56	3.30	203.00			4.14	5.63	7.24	7.85	8.36	9.62	12.92	16.80	21.00	21.00	22.20	24.20	25.60	26.50	29.60	38.70	137.80		
01073785	0611	20030611	20150611	13	30.72	47.26	3.80	170.00			5.00	6.88	7.44	7.90	8.56	9.82	13.00	15.00	15.00	16.40	17.00	17.20	18.60	19.50	34.00	83.00	138.00		
01073785	0612	20030612	20150612	13	30.85	40.49	3.30	120.00			4.90	7.31	7.38	8.70	10.40	11.80	12.00	12.30	13.00	13.70	15.20	17.40	20.20	33.50	60.40	110.80	119.20		
01073785	0613	20030613	20150613	13	25.75	27.03	6.00	92.00			6.32	6.82	6.96	8.50	10.40	11.80	12.60	13.90	16.00	16.00	17.60	20.50	24.00	31.00	44.40	70.30	84.80		
01073785	0614	20030614	20150614	13	26.02	25.44	5.20	82.00			5.72	6.52	6.66	8.25	10.04	10.88	11.00	11.60	13.00	17.90	23.60	29.10	29.80	35.00	46.80	70.60	78.80		
01073785	0615	20030615	20150615	13	23.76	20.88	5.50	67.00			6.18	7.43	9.04	9.60	9.96	10.87	13.40	15.00	15.00	17.10	18.80	20.40	23.20	33.50	47.20	61.90	65.80		
01073785	0616	20030616	20150616	13	18.94	15.44	6.20	50.00			6.32	6.61	7.38	8.20	8.90	9.25	9.60	11.06	14.00	15.40	16.40	17.20	18.60	25.50	35.60	48.20	50.00		
01073785	0617	20030617	20150617	13	17.71	12.52	4.50	43.00			5.06	6.04	7.02	7.65	8.10	8.45	12.40	15.00	15.00	15.00	17.00	20.20	21.60	23.50	28.20	39.40	42.20		
01073785	0618	20030618	20150618	13	21.16	17.90	5.00	61.00			5.92	7.36	7.78	7.95	8.38	9.71	11.16	12.60	14.00	16.80	19.60	22.10	22.80	28.50	37.80	51.10	57.80		
01073785	0619	20030619	20150619	13	19.74	18.45	4.60	72.00			5.32	6.45	6.80	7.15	7.66	8.57	9.24	11.22	15.00	16.40	17.00	18.20	26.60	29.50	30.60	32.70	56.40		
01073785	0620	20030620	20150620	13	16.05	16.01	4.40	64.00			4.80	5.46	5.88	6.65	7.38	7.66	7.76	8.19	9.10	10.43	13.80	18.30	20.40	22.00	23.20	23.90	48.00		
01073785	0621	20030621	20150621	13	13.91	11.25	5.20	46.00			5.36	5.62	5.76	6.00	6.42	7.19	7.72	8.21	8.70	12.41	14.40	15.20	16.60	18.50	20.40	21.80	36.40		
01073785	0622	20030622	20150622	13	14.33	14.16	4.10	55.00			4.30	4.65	5.00	5.25	5.64	6.48	7.56	8.23	8.30	11.59	13.40	14.10	14.80	16.00	19.60	28.70	45.00		
01073785	0623	20030623	20150623	13	19.82	16.88	3.80	53.00			4.12	4.78	6.04	6.80	7.28	7.56	9.64	11.30	12.00	17.60	21.20	23.10	23.80	29.00	37.40	49.30	52.20		
01073785	0624	20030624	20150624	13	27.78	32.92	3.00	96.00			3.84	5.14	5.42	5.60	6.00	7.05	8.04	9.02	10.00	17.70	21.00	21.60	25.80	43.50	66.20	87.90	94.00		
01073785	0625	20030625	20150625	13	21.95	20.79	2.70	65.00			3.26	4.17	4.66	5.85	7.22	8.34	9.04	11.68	17.00	17.00	17.00	18.60	29.80	40.00	48.20	52.40	60.20		
01073785	0626	20030626	20150626	13	19.62	16.56	3.40	50.00			3.48	3.67	4.16	5.45	7.12	8.94	10.88	12.00	12.00	12.70	18.20	26.50	30.00	36.00	41.40	42.80	47.20		
01073785	0627	20030627	20150627	13	19.42	14.49	3.30	42.00			3.38	3.50	3.50	5.25	7.02	7.09	9.44	13.40	19.00	22.50	24.40	25.70	30.60	34.50	37.20	37.90	40.40		
01073785	0628	20030628	20150628	13	21.82	15.48	2.20	44.00			2.52	3.02	3.16	5.00	6.94	7.43	17.40	24.00	24.00	26.10	28.60	31.20	32.60	34.00	36.60	42.20	43.60		
01073785	0629	20030629	20150629	13	20.29	17.10	1.40	60.00			1.80	2.47	2.96	5.15	7.30	7.65	12.68	17.50	21.00	21.00	21.40	22.80	28.40	31.50	34.20	38.40	51.60		
01073785	0630	20030630	20150630	13	21.57	23.34	1.10	83.00			1.42	1.96	2.38	4.70	7.92	11.49	13.20	14.90	17.00	18.40	19.00	19.50	23.00	24.00	30.40	52.80	72.20		
01073785	0701	20030701	20150701	13	18.18	18.25	0.96	59.00			1.18	1.57	2.06	4.00	6.22	7.69	10.36	12.30	13.00	15.10	16.40	17.10	17.80	26.50	37.60	46.70	54.60		
01073785	0702	20030702	20150702	13	23.47	30.57	0.89	96.00			1.05	1.37	1.86	3.70	5.76	7.02	8.46	10.11	12.00	12.70	14.20	16.10	16.80	33.50	55.00	72.50	87.60		
01073785	0703	20030703	20150703	13	21.08	32.97	0.72	121.00			0.99	1.47	1.96	3.00	4.38	6.06	6.54	7.66	9.90	9.97	12.00	15.10	15.80	24.50	36.00	46.50	91.80		
01073785	0704	20030704	20150704	13	17.88	22.72	0.75	84.00			1.25	2.11	2.88	4.40	5.78	6.06	7.72	8.86	9.00	11.80	13.80	15.50	19.00	22.00	27.40	39.30	66.80		
01073785	0705	20030705	20150705	13	17.40	18.74	1.60	64.00			2.16	3.05	3.40	4.45	5.48	5.76	7.06	7.93	8.00	11.50	15.00	18.10	18.80	27.00	36.40	41.30	55.20		
01073785	0706	20030706	20150706	13	13.33	14.08	1.40	52.00			2.12	3.32	4.16	4.60	4.90	5.25	5.84	6.44	7.00	9.80	11.80	13.20	14.60	17.50	22.00	29.00	43.20		
01073785	0707	20030707	20150707	13	11.42	12.17	1.20	46.00			1.80	2.82	3.66	4.10	4.40	4.75	5.28	5.90	6.60	8.56	10.04	11.10	11.80	14.50	18.40	23.30	37.20		
01073785	0708	20020708	20150708	14	11.47	14.92	1.10	57.00			1.75	2.42	2.50	3.33	3.70	4.08	4.90	5.12	5.85	6.92	8.20	8.35	10.20	13.25	17.00	25.25	42.50		
01073785	0709	20020709	20150709	14	11.24	12.89	1.30	49.00			1.75	2.45	3.20	3.42	4.00	4.70	5.30	5.97	6.30	6.47	6.70	10.68	12.00	13.75	19.00	24.25	37.50		
01073785	0710	20020710	20150710	14	9.20	9.33	1.60	38.00			1.80	2.20	2.80	3.55	3.95	4.40	5.30	5.53	5.95	7.05	9.30	9.82	10.50	11.75	14.00	14.75	26.50		
01073785	0711	20020711	20150711	14	14.17	24.41	1.80	95.00			1.95	2.27	2.80	3.25	3.40	3.88	5.30	6.12	6.50	6.92	7.90	9.25	10.35	11.25	12.00	26.25	63.00		
01073785	0712	20020712	20150712	14	22.32	52.41	1.40	202.00			1.45	1.65	2.10	2.62	3.20	3.83	4.50	6.00	6.70	7.08	7.60	8.65	9.30	13.95	27.00	27.75	115.00		
01073785	0713	20020713	20150713	14	19.01	46.80	1.10	180.00			1.20	1.50	2.10	2.25	3.05	3.85	4.00	4.45	5.00	5.47	5.70	6.45	7.90	10.32	14.00	23.00	103.00		
01073785	0714	20020714	20150714	14	14.27	25.51	1.10	99.00			1.15	1.52	2.50	3.48	4.05	4.33	4.40	4.55	4.95	5.55	6.30	7.80	9.65	13.50	21.00	25.50	63.00		
01073785	0715	20020715	20150715	14	10.90	18.56	0.99	73.00			1.04	1.38	2.20	2.95	3.40	3.62	3.70	3.85	4.85	5.97	6.50	7.10	7.80	9.72	14.00	17.75	46.00		
01073785	0716	20020716	20150716	14	10.20	15.95	0.97	63.00			0.98	1.23	1.90	2.73	3.10	3.42	4.10	5.08	5.50	5.72	6.10	6.40	8.25	11.25	15.00	16.50	40.00		
01073785	0717	20020717	20150717	14	9.26	13.24	0.91	50.00			0.94	1.17	1.80	2.48	2.90	3.25	3.70	4.15	4.40	4.70	5.30	5.45	6.70	9.93	16.00	21.25	36.50		
01073785	0718	20020718	20150718	14	7.37	9.92	0.84	38.00			0.88	1.14	1.80	2.40	2.80	3.05	3.20	3.73	3.90	4.12	4.80	4.95	5.10	7.15	13.00	16.00	27.50		
01073785	0719	20020719	20150719	14	6.59	7.26	0.77	28.00			0.81	1.26	2.50	3.02	3.30	3.50	3.80	3.80	3.95	4.25	4.70	4.92	6.35	7.90	8.50	14.12	22.00		
01073785	0720	20020720	20150720	14	5.77	5.24	0.69	21.00			0.76	1.17	2.20	2.88	3.20	3.35	3.50	3.65	4.10	4.60	4.90	6.17	6.70	7.25	8.60	10.40	16.00		
01073785	0721	20020721	20150721	14	8.07	12.14	0.68	47.00			0.72	1.05	1.90	2.20	2.50	2.75	2.90	3.58	4.25	4.83	5.20	5.20	5.50	7.35	12.00	16.50	32.50		
01073785	0722	20020722	20150722	14	7.39	8.80	0.60	25.00			0.65	0.89	1.50	1.65	2.05	2.45	2.60	3.20	3.40	3.62	4.30	4.38	6.95	12.12	20.00	23.00	24.50		
01073785	0723	20020723	20150723	14	7.98	10.65	0.63	38.00			0.65	0.80	1.20	1.35	1.80	2.30	2.60	2.60	3.05	3.73	4.40	5.97	8.25	12.00	18.00	19.50	29.00		
01073785	0724	20020724	20150724	14	29.27	63.12	0.62	223.00			0.71	0.93	1.30	1.82	2.10	2.25	2.40	2.62	3.15	3.62	3.70	4.97	14.70	24.25	25.00	91.00	168.00		
01073785	0725	20020725	20150725	14	24.60	50.70	0.69	149.00			0.73	0.83	1.00	1.75	2.20	2.42	2.50	3.02	3.25	3.35	3.50	3.88	10.00	16.50	18.00	108.00	143.50		
01073785	0726	20020726	20150726	14	15.36	29.53	0.60	97.00			0.64	0.80	1.20	1.27	1.70	2.15	2.30	2.75	2.95	3.00	3.00	3.00	8.50	14.25	15.00	55.50	83.00		
01073785	0727	20020727	20150727	14	12.82	23.93	0.60	77.00			0.71	0.86	1.00	1.23	1.70	2.12	2.20	2.35	2.45	2.60	2.90	3.42	7.30	11.50	13.00	47.50	68.00		
01073785	0728	20020728	20150728	14	12.91	19.94	0.61	61.00			0.77	0.96	1.10	1.77	2.05	2.10	2.10	2.92	4.90	6.67	6.90	8.62	10.10	12.75	18.00	46.50	58.50		
01073785	0729	20020729	20150729	14	13.08	17.60	0.70	51.00			0.79	0.87	0.88	1.57	1.85	1.90	1.90	4.60	6.50	7.65	8.10	9.53	10.50	17.00	35.00	44.00	49.00		
01073785	0730	20020730	20150730	14	9.99	14.36	0.65	45.00			0.76	0.93	1.10	1.25	1.50	1.70	1.70	3.65	4.50	5.08	6.20	7.78	9.15	11.00	14.00	33.50	42.50		
01073785	0731	20020731	20150731	14	8.53	13.27	0.60	45.00			0.69	0.83	1.00	1.15	1.40	1.65	1.80	2.92	3.45	3.98	5.10	5.25	6.25	8.15	11.00	26.75	38.50		
01073785	0801	20020801	20150801	14	9.30	16.55	0.59	58.00			0.69	0.83	1.00	1.45	1.60	1.68	1.90	2.65	3.15	3.62	4.30	4.60	5.05	6.30	9.00	28.50	46.50		
01073785	0802	20020802	20150802	14	8.57	10.59	0.59	35.00			0.65	0.77	0.96	1.29	2.15	2.90	2.90	3.88	4.25	4.85	6.50	8.00	8.75	10.50	15.00	24.75	31.50		
01073785	0803	20020803	20150803	14	7.85	9.96	0.59	30.00			0.68	0.82	0.99	1.22	1.60	2.12	2.80	3.17	3.55	4.50	6.60	6.83	8.45	10.25	11.00	25.25	30.00		
01073785	0804	20020804	20150804	14	8.64	10.95	0.59	32.00			0.61	0.70	0.90	0.92	1.11	1.55	2.30	2.98	3.20	3.62	4.90	4.97	11.00	18.25	22.00	25.75	29.50		
01073785	0805	20020805	20150805	14	8.44	10.83	0.59	32.00			0.62	0.68	0.74	1.31	1.50	1.65	2.10	2.40	2.60	3.12	4.40	4.40	11.20	19.00	22.00	24.25	28.50		
01073785	0806	20020806	20150806	14	9.09	11.84	0.59	40.00			0.59	0.64	0.76	1.09	1.60	2.08	2.30	2.98	3.40	3.62	3.70	7.15	13.15	18.25	19.00	22.75	32.00		
01073785	0807	20020807	20150807	14	10.14	16.90	0.59	65.00			0.64	0.79	1.10	1.25	1.55	1.93	2.30	2.90	3.10	4.03	6.80	7.85	11.10	14.25	15.00	18.00	42.00		
01073785	0808	20020808	20150808	14	8.36	11.97	0.58	45.00			0.58	0.68	0.96	1.44	1.85	2.10	2.10	2.70	3.25	4.12	5.70	5.85	9.45	13.75	16.00	16.75	31.00		
01073785	0809	20020809	20150809	14	8.16	11.82	0.51	45.00			0.52	0.61	0.90	1.35	1.75	2.02	2.10	2.17	3.15	4.28	4.80	8.40	10.30	11.75	14.00	15.50	30.50		
01073785	0810	20020810	20150810	14	9.64	12.26	0.44	37.00			0.48	0.62	0.89	1.12	1.25	1.45	1.90	2.95	5.15	7.60	9.40	10.60	11.50	12.25	13.00	30.25	36.50		
01073785	0811	20020811	20150811	14	9.10	11.22	0.39	33.00			0.69	1.02	1.10	1.32	1.55	1.80	2.10	2.48	3.60	5.55	8.40	8.93	11.05	13.75	16.00	28.75	33.00		
01073785	0812	20020812	20150812	14	11.05	17.50	0.36	64.00			0.64	0.94	1.00	1.38	1.90	2.48	3.00	3.38	4.20	5.30	6.50	6.65	9.85	13.25	14.00	28.25	48.50		
01073785	0813	20020813	20150813	14	11.10	13.55	0.36	52.00			0.73	1.32	2.00	2.23	3.10	4.08	4.60	5.28	6.10	7.78	11.00	11.75	12.50	14.25	18.00	21.75	37.50		
01073785	0814	20020814	20150814	14	13.56	20.89	0.36	77.00			0.78	1.32	1.70	1.77	1.95	2.23	2.60	4.17	5.05	6.55	10.00	10.75	13.00	16.00	19.00	33.25	57.50		
01073785	0815	20020815	20150815	14	9.17	9.15	0.36	32.00			0.78	1.27	1.50	1.50	1.65	2.58	4.90	6.10	6.90	7.55	8.30	11.07	12.50	14.00	17.00	20.00	26.50		
01073785	0816	20020816	20150816	14	10.98	11.18	0.36	38.00			0.88	1.45	1.60	1.75	3.35	4.97	5.20	5.28	6.70	8.82	11.00	11.75	13.50	16.50	21.00	26.25	33.00		
01073785	0817	20020817	20150817	14	9.00	8.58	0.36	27.00			0.88	1.40	1.40	1.70	2.95	4.20	4.50	5.10	5.85	6.83	8.10	9.30	12.35	15.50	17.00	22.25	25.50		
01073785	0818	20020818	20150818	14	7.56	7.09	0.36	23.00			0.73	1.12	1.20	1.80	3.00	4.05	4.20	4.95	5.35	5.67	6.20	8.38	10.05	11.25	12.00	18.75	22.00		
01073785	0819	20020819	20150819	14	6.49	6.74	0.36	23.00			0.73	1.10	1.10	1.62	2.70	3.65	3.80	4.03	4.15	4.28	4.50	6.22	7.25	8.22	9.80	16.70	21.00		
01073785	0820	20020820	20150820	14	11.82	22.50	0.36	86.00			0.68	1.04	1.20	1.27	2.00	2.70	2.70	3.30	3.85	4.42	5.10	5.70	6.70	10.62	20.00	23.00	55.00		
01073785	0821	20020821	20150821	14	10.70	16.43	0.34	59.00			0.62	0.92	0.93	1.51	1.95	2.38	2.90	3.20	3.55	3.90	4.20	5.17	11.25	17.00	17.00	27.50	45.00		
01073785	0822	20020822	20150822	14	9.32	12.48	0.30	44.00			0.58	0.86	0.87	1.04	1.55	2.08	2.30	2.60	3.50	5.22	8.00	8.75	11.50	14.00	14.00	23.75	35.50		
01073785	0823	20020823	20150823	14	6.42	6.75	0.32	20.00			0.56	0.83	0.91	0.95	1.33	1.73	1.80	1.95	3.20	4.55	5.00	8.75	11.00	12.00	12.00	16.50	19.00		
01073785	0824	20020824	20150824	14	6.12	8.05	0.31	30.00			0.56	0.81	0.82	1.03	1.15	1.27	1.50	1.80	2.50	3.58	5.00	7.17	8.30	8.88	9.40	12.85	22.00		
01073785	0825	20020825	20150825	14	8.73	14.44	0.34	55.00			0.54	0.74	0.79	0.90	1.17	1.50	1.80	1.95	3.10	4.75	6.40	7.83	8.30	9.22	12.00	18.00	37.50		
01073785	0826	20020826	20150826	14	8.84	15.59	0.32	60.00			0.49	0.68	0.75	0.85	1.09	1.30	1.30	1.68	2.65	4.08	5.80	7.00	9.70	12.00	12.00	15.00	38.00		
01073785	0827	20020827	20150827	14	7.00	9.96	0.31	37.00			0.46	0.64	0.71	0.81	0.97	1.10	1.10	1.62	2.30	3.38	5.10	7.80	9.35	11.00	14.00	14.00	25.50		
01073785	0828	20020828	20150828	14	8.03	11.37	0.30	33.00			0.46	0.62	0.66	0.75	0.86	0.96	0.98	1.45	1.95	2.88	4.60	7.00	8.30	11.35	19.00	28.00	32.00		
01073785	0829	20020829	20150829	14	8.97	12.78	0.31	40.00			0.45	0.59	0.60	0.73	0.83	0.89	0.89	1.27	1.70	2.58	4.30	6.17	10.90	17.75	26.00	26.00	33.00		
01073785	0830	20020830	20150830	14	10.11	17.80	0.36	66.00			0.43	0.52	0.55	0.72	0.82	0.98	1.30	1.68	2.40	3.23	3.90	5.03	9.70	15.25	19.00	22.75	45.00		
01073785	0831	20020831	20150831	14	7.86	12.22	0.36	45.00			0.41	0.47	0.49	0.70	0.84	0.99	1.20	1.35	1.50	2.15	3.80	9.20	11.50	12.25	13.00	16.75	31.50		
01073785	0901	20020901	20150901	14	6.42	9.70	0.36	36.00			0.41	0.47	0.49	0.86	1.04	1.10	1.10	1.32	1.60	2.15	3.20	6.65	8.50	9.90	12.00	13.50	25.00		
01073785	0902	20020902	20150902	14	7.83	12.13	0.36	42.00			0.41	0.46	0.49	0.87	1.10	1.23	1.30	1.60	2.25	3.33	4.90	6.78	7.70	8.75	11.00	23.00	34.50		
01073785	0903	20020903	20150903	14	7.77	12.44	0.36	46.00			0.40	0.43	0.45	0.80	1.05	1.25	1.40	2.30	3.00	3.65	4.40	5.38	7.30	9.68	12.00	18.75	33.50		
01073785	0904	20020904	20150904	14	5.73	7.06	0.36	24.00			0.39	0.43	0.48	0.71	0.99	1.38	1.90	2.27	2.60	3.25	4.60	5.20	6.65	8.93	12.00	15.00	20.00		
01073785	0905	20020905	20150905	14	4.19	4.70	0.36	16.00			0.38	0.48	0.72	0.78	0.95	1.15	1.30	1.98	2.50	3.00	3.60	4.35	5.45	6.35	6.50	10.62	14.00		
01073785	0906	20020906	20150906	14	3.96	4.64	0.36	17.00			0.36	0.45	0.68	0.88	0.97	1.02	1.10	1.77	2.45	2.95	3.10	4.38	5.20	5.65	5.80	8.80	13.40		
01073785	0907	20020907	20150907	14	22.37	65.34	0.36	248.00			0.36	0.43	0.63	0.75	0.90	1.23	1.90	1.98	2.15	2.33	2.40	3.83	6.25	9.90	15.00	23.25	137.00		
01073785	0908	20020908	20150908	14	11.45	23.44	0.33	83.00			0.34	0.41	0.58	0.72	0.84	1.08	1.60	1.75	1.90	2.05	2.20	3.48	5.85	8.85	12.00	35.25	63.00		
01073785	0909	20020909	20150909	14	13.43	22.29	0.36	65.00			0.46	0.55	0.56	0.74	0.95	1.23	1.60	1.60	2.15	3.35	5.30	6.95	8.75	15.25	31.00	52.75	62.50		
01073785	0910	20020910	20150910	14	11.61	19.90	0.36	62.00			0.44	0.57	0.72	0.93	1.00	1.10	1.40	1.55	1.90	2.88	4.90	6.03	7.45	11.62	21.00	43.50	56.50		
01073785	0911	20020911	20150911	14	9.24	13.97	0.36	46.00			0.42	0.64	1.10	1.10	1.20	1.35	1.50	2.55	2.95	3.58	5.30	6.20	7.65	10.85	17.00	29.75	40.00		
01073785	0912	20020912	20150912	14	8.44	11.29	0.32	36.00			0.40	0.60	1.00	1.07	1.25	1.43	1.50	1.50	2.70	4.28	5.40	5.55	10.80	16.25	17.00	24.50	31.50		
01073785	0913	20020913	20150913	14	11.32	17.61	0.30	63.00			0.38	0.62	1.10	1.10	1.15	1.23	1.30	1.98	3.65	5.28	5.80	7.38	11.95	17.25	21.00	29.25	47.50		
01073785	0914	20020914	20150914	14	9.94	15.39	0.30	56.00			0.39	0.55	0.76	1.01	1.15	1.27	1.50	3.15	3.90	4.28	4.80	5.85	9.60	15.25	22.00	23.50	40.00		
01073785	0915	20020915	20150915	14	6.70	7.66	0.30	23.00			0.48	0.67	0.69	0.77	1.05	1.40	1.70	2.52	2.95	3.73	5.60	6.58	9.45	13.00	16.00	18.25	21.00		
01073785	0916	20020916	20150916	14	5.09	5.09	0.31	15.00			0.46	0.70	1.00	1.07	1.15	1.32	1.70	1.93	2.30	3.27	5.30	6.35	8.25	10.35	12.00	12.00	13.50		
01073785	0917	20020917	20150917	14	5.35	5.48	0.31	18.00			0.43	0.76	1.40	1.55	1.60	1.70	2.00	2.23	2.60	3.45	5.10	5.62	7.10	9.30	12.00	12.75	15.50		
01073785	0918	20020918	20150918	14	8.38	14.34	0.30	54.00			0.41	0.68	1.20	1.27	1.35	1.43	1.50	2.10	2.95	3.80	4.40	4.92	6.40	9.03	13.00	19.00	37.50		
01073785	0919	20020919	20150919	14	8.47	16.28	0.30	63.00			0.65	1.00	1.00	1.15	1.20	1.43	2.10	2.40	3.10	3.88	4.40	4.47	5.60	8.03	12.00	14.25	39.00		
01073785	0920	20020920	20150920	14	6.96	8.68	0.30	27.00			0.60	0.93	1.00	1.45	1.75	2.02	2.40	2.85	3.35	3.80	4.10	5.30	7.80	10.18	11.00	21.50	26.00		
01073785	0921	20020921	20150921	14	6.71	10.82	0.30	42.00			0.54	0.81	0.95	1.14	1.50	1.88	2.10	2.48	2.65	3.05	4.10	5.38	6.20	7.45	10.00	12.25	27.50		
01073785	0922	20020922	20150922	14	5.58	7.19	0.30	27.00			0.57	0.88	1.00	1.15	1.55	1.90	1.90	1.98	2.40	2.83	2.90	4.78	7.65	9.93	10.00	10.75	19.00		
01073785	0923	20020923	20150923	14	5.37	6.03	0.34	22.00			0.56	0.93	1.40	1.48	1.50	1.75	2.50	2.65	3.05	3.52	3.90	3.98	6.60	9.40	10.00	11.50	17.00		
01073785	0924	20020924	20150924	14	6.05	5.62	0.36	16.00			0.56	0.81	0.95	1.06	1.20	1.40	1.70	1.85	4.20	6.92	8.20	8.80	10.00	11.00	11.00	14.00	15.50		
01073785	0925	20020925	20150925	14	5.40	5.97	0.36	20.00			0.54	0.73	0.76	1.01	1.10	1.12	1.20	1.35	3.10	5.03	5.70	5.85	6.75	8.45	11.00	13.25	17.00		
01073785	0926	20020926	20150926	14	5.19	6.71	0.36	25.00			0.49	0.65	0.75	0.86	0.95	1.02	1.10	1.18	2.65	4.20	4.50	5.25	6.05	7.45	10.00	10.75	18.00		
01073785	0927	20020927	20150927	14	16.85	50.51	0.37	192.00			0.47	0.60	0.71	0.84	0.93	1.03	1.20	1.43	2.30	3.38	4.20	5.10	6.65	7.95	8.10	8.78	100.50		
01073785	0928	20020928	20150928	14	15.13	40.80	0.53	156.00			0.56	0.64	0.80	1.10	1.25	1.32	1.40	2.00	3.15	4.15	4.30	6.10	7.20	7.78	8.00	14.75	86.50		
01073785	0929	20020929	20150929	14	13.35	30.61	0.48	118.00			0.54	0.64	0.77	1.24	1.50	1.73	2.10	3.08	4.75	6.30	6.90	7.05	7.85	8.65	8.80	17.95	69.50		
01073785	0930	20020930	20150930	14	12.70	21.60	0.59	84.00			0.68	0.87	1.20	1.80	2.05	2.27	2.80	4.30	5.70	6.92	7.90	10.97	12.50	14.25	18.00	21.00	53.00		
01073785	1001	20021001	20151001	14	12.21	19.60	0.59	73.00			0.66	0.84	1.20	1.73	2.05	2.33	2.70	4.35	5.00	5.47	6.60	9.90	12.00	13.25	14.00	29.00	53.50		
01073785	1002	20021002	20151002	14	10.87	14.64	0.59	58.00			0.64	0.91	1.60	1.82	2.75	3.60	3.60	6.22	8.20	9.43	9.80	10.70	11.50	13.00	16.00	16.75	37.50		
01073785	1003	20021003	20151003	14	10.26	13.56	0.59	44.00			0.71	0.98	1.40	1.40	1.90	3.02	4.90	5.12	5.55	6.00	6.30	6.60	8.85	12.25	16.00	31.75	40.50		
01073785	1004	20021004	20151004	14	13.11	23.92	0.59	91.00			0.72	0.92	1.10	1.25	2.20	3.17	3.40	3.55	3.95	4.88	6.60	8.93	10.35	12.00	15.00	27.75	61.50		
01073785	1005	20021005	20151005	14	12.63	24.33	0.59	94.00			0.64	0.79	1.10	1.25	2.10	2.90	2.90	4.70	5.50	6.20	7.70	7.78	8.85	10.18	11.00	22.25	60.00		
01073785	1006	20021006	20151006	14	8.79	12.73	0.59	49.00			0.60	0.73	1.10	1.18	1.85	3.00	4.50	4.50	5.35	6.30	6.60	7.42	7.95	8.47	9.30	18.07	35.00		
01073785	1007	20021007	20151007	14	9.31	10.68	0.59	40.00			0.61	0.91	1.70	2.98	3.40	3.50	3.80	4.85	5.90	6.60	6.60	7.20	10.70	14.75	17.00	19.25	30.00		
01073785	1008	20021008	20151008	14	10.50	11.11	0.59	36.00			0.69	1.14	2.20	2.58	3.60	4.65	5.10	5.47	5.85	6.28	6.80	7.40	13.30	20.00	23.00	26.00	31.50		
01073785	1009	20021009	20151009	14	19.15	41.17	0.59	158.00			0.75	1.11	1.70	2.15	2.35	2.75	3.80	3.80	4.35	4.95	5.10	6.22	14.30	22.75	25.00	29.50	94.50		
01073785	1010	20021010	20151010	14	12.48	19.44	0.59	72.00			0.80	1.25	2.00	2.08	2.20	2.48	3.00	3.45	3.85	4.47	5.60	8.45	11.20	16.75	28.00	28.00	50.00		
01073785	1011	20021011	20151011	14	15.64	31.15	0.53	120.00			0.81	1.27	1.80	1.95	2.00	2.38	3.50	4.62	5.00	5.03	5.10	9.53	11.00	14.50	25.00	25.75	73.00		
01073785	1012	20021012	20151012	14	17.40	26.35	0.58	81.00			1.14	1.75	1.90	2.12	3.10	4.05	4.20	4.65	6.30	8.03	8.70	9.45	15.35	21.25	22.00	61.00	77.50		
01073785	1013	20021013	20151013	14	14.81	17.16	0.59	63.00			1.09	1.60	1.60	2.80	3.90	4.95	6.00	7.28	8.85	10.75	13.00	13.75	17.00	22.25	29.00	32.00	48.00		
01073785	1014	20021014	20151014	14	14.78	16.83	0.59	55.00			1.04	1.50	1.50	3.38	4.05	4.17	4.40	6.95	7.90	8.50	10.00	13.75	18.50	24.25	31.00	39.25	48.50		
01073785	1015	20021015	20151015	14	30.11	50.34	0.59	192.00			1.04	1.52	1.60	2.50	3.50	4.35	4.80	6.45	12.00	17.75	20.00	25.25	29.00	36.50	53.00	57.50	125.50		
01073785	1016	20021016	20151016	14	30.75	46.76	1.80	182.00			1.90	2.08	2.30	2.38	3.55	5.60	8.30	16.32	22.00	25.00	25.00	28.75	31.50	33.50	35.00	53.75	121.00		
01073785	1017	20021017	20151017	14	20.89	22.29	1.40	90.00			1.65	2.00	2.30	4.03	6.95	10.97	16.00	19.00	20.00	20.25	21.00	21.75	23.50	25.75	28.00	30.25	60.50		
01073785	1018	20021018	20151018	14	17.00	18.12	1.20	72.00			1.45	1.73	1.80	3.75	5.65	7.67	10.00	10.75	13.00	16.50	21.00	21.00	22.00	23.25	24.00	24.75	48.50		
01073785	1019	20021019	20151019	14	16.73	15.99	1.20	62.00			1.30	1.45	1.60	2.88	4.00	6.03	10.00	16.75	19.00	19.00	19.00	20.50	22.00	23.00	23.00	25.25	44.00		
01073785	1020	20021020	20151020	14	22.83	28.10	1.20	110.00			1.35	1.73	2.40	6.97	9.75	12.00	15.00	15.75	16.00	17.00	20.00	20.00	20.50	22.25	26.00	44.75	80.50		
01073785	1021	20021021	20151021	14	19.14	19.35	1.10	67.00			1.40	1.75	1.90	6.85	8.70	9.15	9.90	9.97	13.00	16.00	16.00	18.25	19.50	25.50	42.00	45.00	56.50		
01073785	1022	20021022	20151022	14	15.34	14.18	1.30	48.00			1.40	1.52	1.60	4.30	5.90	6.60	6.60	7.65	9.50	12.50	17.00	20.75	23.50	25.25	26.00	32.75	41.50		
01073785	1023	20021023	20151023	14	21.10	24.08	1.30	74.00			1.30	1.32	1.40	3.05	4.10	5.45	8.00	8.53	9.10	11.62	18.00	21.75	29.00	37.00	43.00	58.75	69.00		
01073785	1024	20021024	20151024	14	18.59	20.63	1.50	63.00			1.75	2.08	2.30	2.52	3.25	4.78	7.40	7.47	8.75	11.00	14.00	18.50	26.50	34.25	38.00	50.75	59.00		
01073785	1025	20021025	20151025	14	22.06	35.38	1.90	138.00			2.00	2.15	2.30	2.45	2.90	3.92	5.80	6.70	9.50	14.25	21.00	21.00	24.00	27.00	27.00	35.25	88.00		
01073785	1026	20021026	20151026	14	24.94	40.50	1.60	154.00			1.65	1.82	2.20	3.10	4.15	5.00	5.30	6.58	9.50	13.75	19.00	21.25	23.00	26.00	32.00	53.00	107.00		
01073785	1027	20021027	20151027	14	19.75	23.09	1.50	86.00			1.55	2.00	3.20	3.50	4.10	5.95	10.00	10.00	13.00	16.50	18.00	18.75	20.00	26.00	41.00	41.00	63.50		
01073785	1028	20021028	20151028	14	24.31	27.71	1.60	80.00			2.00	2.98	4.70	6.58	7.40	7.78	8.30	8.45	11.25	14.25	15.00	15.75	26.50	44.75	68.00	69.50	75.00		
01073785	1029	20021029	20151029	14	31.01	31.76	2.00	118.00			3.80	5.62	5.70	6.15	6.60	7.58	9.60	11.40	23.00	35.25	39.00	43.50	46.00	47.00	47.00	53.75	87.00		
01073785	1030	20021030	20151030	14	27.56	23.48	4.10	77.00			4.20	4.45	4.90	6.25	6.75	7.85	11.00	17.75	24.50	29.75	32.00	32.75	40.50	49.50	54.00	54.75	66.00		
01073785	1031	20021031	20151031	14	24.66	22.91	3.30	82.00			3.40	3.92	5.20	6.62	7.95	8.93	9.30	9.82	17.00	24.50	26.00	32.75	36.50	40.00	46.00	46.75	64.50		
01073785	1101	20021101	20151101	14	21.35	18.78	2.90	60.00			3.35	4.15	5.20	5.65	6.45	7.45	8.50	9.32	12.80	18.50	26.00	29.00	32.00	35.75	41.00	47.00	54.50		
01073785	1102	20021102	20151102	14	19.57	15.79	2.60	53.00			3.00	3.60	4.20	5.47	6.40	8.18	12.00	13.50	15.00	17.75	23.00	24.50	28.00	32.75	38.00	38.75	46.00		
01073785	1103	20021103	20151103	14	18.22	13.90	3.00	49.00			3.55	4.10	4.10	4.92	7.45	10.53	13.00	13.75	14.50	16.25	20.00	20.75	24.50	29.50	34.00	34.75	42.00		
01073785	1104	20021104	20151104	14	18.94	12.75	4.50	49.00			4.90	6.33	9.40	9.85	10.00	10.25	11.00	14.75	17.50	19.50	21.00	21.00	22.00	24.00	27.00	36.00	44.00		
01073785	1105	20021105	20151105	14	20.96	11.83	3.60	41.00			5.65	8.07	9.20	9.80	11.50	14.50	19.00	19.75	20.00	20.25	21.00	23.25	28.00	33.00	36.00	36.75	39.00		
01073785	1106	20021106	20151106	14	22.68	13.72	2.90	58.00			5.60	8.55	9.30	13.57	15.50	16.25	17.00	20.75	22.50	23.25	24.00	25.50	28.00	30.25	31.00	34.00	46.50		
01073785	1107	20021107	20151107	14	23.53	12.88	4.40	48.00			5.70	8.00	11.00	12.50	16.00	19.25	20.00	21.50	22.50	24.00	27.00	27.00	28.50	30.75	33.00	42.00	46.50		
01073785	1108	20021108	20151108	14	24.91	16.69	4.60	69.00			6.35	8.57	10.00	12.25	13.50	15.50	20.00	23.00	25.00	26.25	27.00	27.75	28.50	29.50	31.00	41.50	57.00		
01073785	1109	20021109	20151109	14	35.59	62.62	4.40	251.00			7.10	10.60	13.00	13.75	14.50	15.50	17.00	17.75	18.00	18.75	21.00	21.75	23.00	25.75	31.00	37.75	145.50		
01073785	1110	20021110	20151110	14	24.28	25.81	4.50	107.00			5.95	7.80	9.00	10.50	11.50	12.25	13.00	14.50	15.50	17.00	20.00	24.50	27.00	29.25	33.00	36.75	72.50		
01073785	1111	20021111	20151111	14	22.71	19.54	4.60	80.00			5.80	7.35	8.40	11.10	12.50	13.25	14.00	14.00	17.00	20.50	22.00	24.25	25.00	25.75	28.00	40.75	62.50		
01073785	1112	20021112	20151112	14	19.86	16.73	4.50	72.00			5.40	6.80	8.30	9.57	10.50	11.75	14.00	14.75	16.50	18.50	20.00	20.75	22.50	24.25	25.00	28.00	50.50		
01073785	1113	20021113	20151113	14	20.06	18.85	4.00	79.00			5.15	6.40	6.70	7.53	8.90	11.00	14.00	14.00	16.50	19.25	20.00	20.00	21.50	23.25	24.00	30.75	56.00		
01073785	1114	20021114	20151114	14	35.21	64.62	4.10	255.00			4.45	5.38	7.10	9.28	10.50	11.25	12.00	14.25	17.00	19.50	21.00	22.50	24.50	27.00	30.00	48.75	155.00		
01073785	1115	20021115	20151115	14	35.31	54.26	4.20	185.00			4.30	4.75	5.80	7.83	8.95	9.80	11.00	12.50	16.00	19.00	19.00	21.25	22.50	26.25	36.00	109.50	159.50		
01073785	1116	20021116	20151116	14	27.68	30.55	3.90	103.00			4.10	4.55	5.30	7.40	8.50	9.18	10.00	16.00	19.50	21.00	21.00	24.75	28.00	33.00	42.00	75.00	94.50		
01073785	1117	20021117	20151117	14	37.14	41.28	4.60	162.00			4.80	5.60	7.40	7.78	11.95	17.50	22.00	22.75	23.00	24.50	29.00	37.25	48.50	58.00	61.00	61.75	112.00		
01073785	1118	20021118	20151118	14	33.06	28.76	5.20	113.00			5.45	6.03	7.00	12.25	17.00	20.25	21.00	21.75	23.00	27.75	39.00	40.50	41.50	42.75	45.00	59.25	88.50		
01073785	1119	20021119	20151119	14	24.50	20.57	4.90	84.00			5.60	6.42	6.80	10.70	12.50	14.00	17.00	18.50	19.50	20.50	22.00	26.50	29.50	32.25	36.00	41.25	63.50		
01073785	1120	20021120	20151120	14	22.93	17.01	4.70	69.00			5.55	6.78	7.90	10.22	13.50	16.00	16.00	16.75	17.00	18.25	22.00	26.50	30.50	33.75	36.00	36.75	53.00		
01073785	1121	20021121	20151121	14	20.61	13.50	4.50	56.00			5.25	7.00	10.00	12.25	13.50	14.25	15.00	16.50	17.00	17.25	18.00	24.00	26.50	27.75	30.00	33.75	45.50		
01073785	1122	20021122	20151122	14	22.40	19.25	4.80	75.00			5.40	6.95	9.80	10.70	11.50	12.50	14.00	14.00	15.00	16.25	17.00	20.00	24.50	30.75	39.00	44.25	60.50		
01073785	1123	20021123	20151123	14	27.13	26.46	4.50	94.00			5.45	7.05	9.00	9.68	11.45	13.00	13.00	14.50	15.00	17.00	23.00	24.50	32.00	39.50	41.00	64.25	83.00		
01073785	1124	20021124	20151124	14	23.16	19.14	4.50	61.00			5.10	6.45	8.70	9.15	10.15	11.00	11.00	11.75	15.50	20.00	23.00	23.00	27.50	35.25	45.00	55.50	60.00		
01073785	1125	20021125	20151125	14	25.29	18.88	4.30	62.00			4.70	5.97	8.60	9.65	10.50	12.00	15.00	19.50	22.50	24.50	26.00	27.50	32.50	38.50	43.00	55.00	60.50		
01073785	1126	20021126	20151126	14	25.10	23.11	3.40	94.00			4.20	6.25	10.00	10.75	11.50	12.50	14.00	18.50	20.50	21.00	21.00	24.75	30.00	34.75	37.00	41.50	68.50		
01073785	1127	20021127	20151127	14	26.39	15.00	3.30	53.00			6.25	9.65	11.00	13.25	14.50	17.25	24.00	26.25	27.00	28.00	31.00	31.75	32.50	34.50	39.00	48.00	52.00		
01073785	1128	20021128	20151128	14	28.73	22.95	3.20	96.00			6.60	10.50	12.00	12.75	15.50	18.50	20.00	20.00	24.50	29.00	29.00	29.00	33.00	37.25	38.00	45.50	72.00		
01073785	1129	20021129	20151129	14	28.81	20.49	3.30	83.00			7.65	12.75	15.00	15.75	16.00	17.00	20.00	22.25	23.00	24.50	29.00	29.75	32.00	36.75	45.00	51.75	68.50		
01073785	1130	20021130	20151130	14	25.09	14.55	3.30	48.00			7.15	11.25	12.00	13.50	15.00	16.00	16.00	18.25	19.50	22.25	29.00	35.75	38.00	39.00	42.00	44.25	46.50		
01073785	1201	20021201	20151201	14	33.66	28.44	3.30	99.00			6.10	9.68	12.00	12.00	12.50	13.25	14.00	17.00	27.00	36.25	37.00	37.00	40.00	47.75	62.00	72.50	87.50		
01073785	1202	20021202	20141202	13	37.89	30.91	3.40	106.00			5.32	8.48	10.44	11.00	13.00	20.00	25.20	28.60	30.00	32.10	37.40	44.70	49.60	57.50	67.60	80.20	96.40		
01073785	1203	20021203	20141203	13	33.06	22.40	4.40	78.00			6.40	9.41	9.48	9.50	11.60	18.95	23.00	26.80	31.00	39.40	44.60	47.20	48.60	49.50	50.80	53.60	68.40		
01073785	1204	20021204	20141204	13	29.93	18.85	4.50	64.00			5.78	7.72	7.86	11.45	15.40	16.80	20.00	26.20	36.00	36.00	37.60	40.20	41.60	44.00	47.00	50.50	58.80		
01073785	1205	20021205	20141205	13	25.88	15.48	4.60	49.00			5.48	6.82	6.96	9.00	11.80	14.60	18.60	24.30	32.00	33.40	35.20	37.10	37.80	38.50	39.60	41.70	46.20		
01073785	1206	20021206	20141206	13	25.02	17.05	4.30	62.00			5.26	6.73	6.94	8.10	10.36	14.42	18.00	22.40	28.00	28.70	29.80	31.00	31.00	33.50	38.00	45.00	55.60		
01073785	1207	20021207	20141207	13	26.51	22.67	4.00	91.00			5.16	6.91	6.98	7.35	9.36	15.17	20.80	24.90	27.00	28.40	29.00	29.10	29.80	31.00	33.80	40.10	71.00		
01073785	1208	20021208	20141208	13	34.59	39.16	4.80	139.00			5.64	6.91	6.98	7.00	8.60	14.20	17.40	19.60	21.00	23.80	26.20	28.70	33.60	43.50	59.60	86.20	119.40		
01073785	1209	20021209	20141209	13	36.38	43.62	5.90	159.00			6.14	6.51	6.58	6.75	8.32	13.29	15.20	16.00	16.00	20.20	23.20	28.50	53.00	61.00	64.20	71.90	124.60		
01073785	1210	20021210	20141210	13	57.82	94.93	5.80	338.00			6.12	6.61	6.68	8.15	11.08	16.26	17.60	18.90	21.00	21.00	24.60	32.00	46.00	54.00	80.40	158.80	270.80		
01073785	1211	20021211	20141211	13	46.24	53.13	5.70	190.00			5.98	7.16	12.48	15.50	17.20	17.90	18.00	18.60	20.00	23.50	33.40	46.40	49.20	65.00	86.20	107.90	158.40		
01073785	1212	20021212	20141212	13	52.98	55.35	6.80	185.00			8.88	12.20	13.60	15.00	16.20	16.90	18.20	20.80	25.00	34.80	49.40	65.10	65.80	73.50	93.40	136.80	168.20		
01073785	1213	20021213	20141213	13	51.12	52.37	7.80	170.00			8.20	9.02	10.56	14.00	17.20	17.90	19.20	23.30	31.00	34.50	42.00	51.20	52.60	86.00	119.60	121.70	150.80		
01073785	1214	20021214	20141214	13	47.43	41.10	6.20	130.00			6.84	7.88	8.44	11.80	16.20	20.40	21.00	24.30	32.00	40.40	50.00	61.40	78.20	84.50	89.40	101.30	119.20		
01073785	1215	20021215	20141215	13	48.77	55.43	5.10	203.00			5.86	7.09	7.72	10.95	15.20	19.40	21.20	24.40	30.00	33.50	36.60	41.40	58.20	75.50	90.40	98.80	161.80		
01073785	1216	20021216	20141216	13	37.82	27.16	5.40	80.00			5.56	6.07	7.96	14.25	20.40	21.80	25.60	28.60	30.00	32.10	40.20	51.60	55.80	65.50	74.60	76.70	78.80		
01073785	1217	20021217	20141217	13	41.11	38.45	5.10	144.00			5.18	6.27	13.06	16.00	18.40	23.30	24.60	25.30	26.00	30.20	35.20	41.70	53.60	58.50	64.80	81.60	120.00		
01073785	1218	20021218	20141218	13	38.49	27.85	5.40	99.00			8.84	14.10	14.80	17.50	20.20	20.90	24.00	26.60	28.00	33.60	40.00	46.30	48.40	54.00	63.60	79.70	92.20		
01073785	1219	20021219	20141219	13	32.17	22.28	5.20	75.00			7.52	11.20	12.60	14.50	16.20	16.90	18.20	19.90	22.00	32.50	38.20	40.20	41.60	49.50	58.40	63.30	70.60		
01073785	1220	20021220	20141220	13	27.42	16.80	5.40	53.00			7.64	11.10	11.80	13.00	14.60	16.70	17.60	18.00	18.00	27.10	33.00	36.80	42.40	44.50	46.40	51.30	52.60		
01073785	1221	20021221	20141221	13	29.65	24.51	5.90	93.00			7.34	9.75	11.50	13.00	14.40	15.80	16.00	16.90	19.00	26.70	30.80	32.20	33.60	38.50	46.60	59.20	80.20		
01073785	1222	20021222	20141222	13	27.08	17.80	9.10	71.00			10.26	12.00	12.00	13.50	15.00	15.00	15.60	19.30	27.00	28.40	29.00	29.00	29.00	33.00	39.80	49.60	63.00		
01073785	1223	20021223	20141223	13	32.29	17.93	9.80	63.00			10.68	12.30	14.40	16.50	18.80	21.60	24.40	26.60	28.00	28.70	33.80	41.60	45.80	48.50	51.80	58.10	61.40		
01073785	1224	20021224	20141224	13	40.77	25.44	12.00	94.00			12.80	15.40	25.20	28.00	28.60	30.70	31.00	31.30	32.00	32.70	33.80	35.80	41.40	51.50	65.80	86.10	92.00		
01073785	1225	20021225	20141225	13	40.22	27.47	9.90	110.00			11.54	14.60	18.80	23.00	26.40	27.80	29.20	31.20	34.00	34.70	37.40	41.10	41.80	48.50	59.60	75.70	97.20		
01073785	1226	20021226	20141226	13	44.45	36.60	8.80	137.00			10.88	14.20	15.60	18.00	20.40	21.80	25.00	27.90	30.00	30.70	41.00	56.20	57.60	68.50	79.00	79.00	113.80		
01073785	1227	20021227	20141227	13	40.08	28.41	10.00	112.00			11.60	14.40	17.20	19.00	20.60	22.70	25.40	27.00	27.00	36.10	42.80	47.90	54.20	59.00	62.60	64.70	93.20		
01073785	1228	20021228	20141228	13	38.77	23.25	10.00	79.00			11.20	13.60	17.80	20.00	21.60	23.70	26.40	29.20	32.00	39.00	43.20	45.30	47.40	58.50	70.00	73.50	77.00		
01073785	1229	20021229	20141229	13	38.69	29.81	10.00	121.00			12.00	15.30	17.40	20.00	22.80	25.60	26.60	27.90	30.00	31.40	34.00	37.40	40.20	45.50	54.80	71.60	102.20		
01073785	1230	20021230	20141230	13	37.79	28.20	9.30	108.00			12.38	17.30	19.40	20.50	21.60	23.70	25.20	26.90	29.00	30.40	33.00	36.20	37.60	42.50	54.60	81.20	98.80		
01073785	1231	20021231	20141231	13	29.71	17.57	9.20	70.00			12.72	18.10	18.80	19.00	19.80	22.60	24.20	25.00	25.00	25.00	26.20	28.10	28.80	30.50	38.40	60.80	67.60		
