site_no	monthday	begin_dt	end_dt	count_nu	mean	std	min	max	p01	p05	p10	p15	p20	p25	p30	p35	p40	p45	p50	p55	p60	p65	p70	p75	p80	p85	p90	p95	p99
01098500	ALL	19771001	20151015	2489	30.99	33.40	0.17	326.00	0.32	0.95	2.50	5.20	7.80	11.00	13.00	15.00	18.00	20.00	23.00	25.00	27.00	31.00	35.00	40.00	46.00	53.00	65.00	91.00	171.00
01098500	0101	19780101	20150101	7	38.86	16.15	21.00	62.00				22.00	24.00	26.00	26.00	26.00	27.40	30.20	33.00	40.60	48.20	52.00	52.00	52.00	56.00	60.00			
01098500	0102	19780102	20150102	7	35.43	12.25	22.00	51.00				22.20	22.60	23.00	25.00	27.00	28.80	30.40	32.00	36.00	40.00	43.60	46.80	50.00	50.40	50.80			
01098500	0103	19780103	20150103	7	35.00	10.03	22.00	47.00				22.20	22.60	23.00	25.80	28.60	31.60	34.80	38.00	39.60	41.20	42.20	42.60	43.00	44.60	46.20			
01098500	0104	19780104	20150104	7	35.43	8.54	25.00	49.00				25.60	26.80	28.00	28.80	29.60	31.20	33.60	36.00	36.40	36.80	38.20	40.60	43.00	45.40	47.80			
01098500	0105	19780105	20150105	7	35.00	10.58	25.00	50.00				25.00	25.00	25.00	25.40	25.80	27.20	29.60	32.00	35.60	39.20	42.00	44.00	46.00	47.60	49.20			
01098500	0106	19780106	20150106	7	34.29	9.86	24.00	51.00				24.20	24.60	25.00	26.60	28.20	29.40	30.20	31.00	33.80	36.60	38.80	40.40	42.00	45.60	49.20			
01098500	0107	19780107	20150107	7	34.00	9.00	23.00	44.00				23.20	23.60	24.00	25.60	27.20	29.60	32.80	36.00	37.20	38.40	40.00	42.00	44.00	44.00	44.00			
01098500	0108	19780108	20150108	7	34.43	12.18	22.00	57.00				22.40	23.20	24.00	24.80	25.60	27.80	31.40	35.00	35.40	35.80	37.00	39.00	41.00	47.40	53.80			
01098500	0109	19780109	20150109	7	37.14	20.88	22.00	81.00				22.20	22.60	23.00	23.80	24.60	26.20	28.60	31.00	31.80	32.60	35.40	40.20	45.00	59.40	73.80			
01098500	0110	19780110	20150110	7	41.43	29.17	21.00	85.00				21.40	22.20	23.00	23.40	23.80	24.60	25.80	27.00	27.00	27.00	38.20	60.60	83.00	83.80	84.60			
01098500	0111	19780111	20150111	7	42.43	33.17	20.00	103.00				20.60	21.80	23.00	23.00	23.00	23.20	23.60	24.00	25.60	27.20	37.60	56.80	76.00	86.80	97.60			
01098500	0112	19780112	20150112	7	46.00	28.40	22.00	100.00				22.60	23.80	25.00	25.80	26.60	28.20	30.60	33.00	39.80	46.60	53.00	59.00	65.00	79.00	93.00			
01098500	0113	19780113	20150113	7	46.43	20.82	23.00	76.00				23.60	24.80	26.00	26.40	26.80	33.00	45.00	57.00	57.00	57.00	57.40	58.20	59.00	65.80	72.60			
01098500	0114	19780114	20150114	7	45.86	21.71	21.00	78.00				21.60	22.80	24.00	25.60	27.20	33.20	43.60	54.00	54.40	54.80	56.20	58.60	61.00	67.80	74.60			
01098500	0115	19780115	20150115	7	49.43	27.01	20.00	89.00				20.60	21.80	23.00	25.00	27.00	32.40	41.20	50.00	54.40	58.80	63.80	69.40	75.00	80.60	86.20			
01098500	0116	19780116	20150116	7	45.86	24.23	20.00	83.00				20.40	21.20	22.00	25.20	28.40	32.00	36.00	40.00	47.60	55.20	60.60	63.80	67.00	73.40	79.80			
01098500	0117	19780117	20150117	7	41.43	20.47	18.00	72.00				18.60	19.80	21.00	25.00	29.00	32.00	34.00	36.00	42.00	48.00	53.00	57.00	61.00	65.40	69.80			
01098500	0118	19780118	20150118	7	39.00	18.33	18.00	65.00				18.80	20.40	22.00	24.40	26.80	29.20	31.60	34.00	39.20	44.40	49.40	54.20	59.00	61.40	63.80			
01098500	0119	19780119	20150119	7	38.57	14.34	26.00	59.00				26.20	26.60	27.00	27.00	27.00	27.80	29.40	31.00	36.20	41.40	46.40	51.20	56.00	57.20	58.40			
01098500	0120	19780120	20150120	7	37.57	13.75	25.00	62.00				25.60	26.80	28.00	28.40	28.80	29.20	29.60	30.00	33.60	37.20	41.20	45.60	50.00	54.80	59.60			
01098500	0121	19780121	20150121	7	40.29	20.03	23.00	73.00				23.80	25.40	27.00	28.20	29.40	30.00	30.00	30.00	31.60	33.20	40.20	52.60	65.00	68.20	71.40			
01098500	0122	19780122	20150122	7	48.00	42.61	22.00	140.00				22.40	23.20	24.00	26.00	28.00	29.00	29.00	29.00	29.80	30.60	37.00	49.00	61.00	92.60	124.20			
01098500	0123	19780123	20150123	7	50.14	54.71	20.00	171.00				20.40	21.20	22.00	24.00	26.00	27.00	27.00	27.00	27.00	27.00	33.00	45.00	57.00	102.60	148.20			
01098500	0124	19780124	20150124	7	48.00	51.43	18.00	162.00				19.20	21.60	24.00	24.40	24.80	25.00	25.00	25.00	27.00	29.00	34.40	43.20	52.00	96.00	140.00			
01098500	0125	19780125	20150125	7	57.86	79.66	16.00	237.00				17.00	19.00	21.00	22.20	23.40	24.40	25.20	26.00	28.80	31.60	36.00	42.00	48.00	123.60	199.20			
01098500	0126	19780126	20150126	7	74.00	108.72	15.00	314.00				15.80	17.40	19.00	20.60	22.20	23.20	23.60	24.00	28.40	32.80	45.60	66.80	88.00	178.40	268.80			
01098500	0127	19780127	20150127	7	91.29	116.69	15.00	326.00				15.60	16.80	18.00	22.00	26.00	28.80	30.40	32.00	39.20	46.40	74.00	122.00	170.00	232.40	294.80			
01098500	0128	19780128	20150128	7	95.57	116.06	14.00	310.00				14.60	15.80	17.00	20.60	24.20	26.60	27.80	29.00	44.60	60.20	95.40	150.20	205.00	247.00	289.00			
01098500	0129	19780129	20150129	7	87.71	103.14	15.00	271.00				15.20	15.60	16.00	19.60	23.20	25.00	25.00	25.00	41.80	58.60	92.60	143.80	195.00	225.40	255.80			
01098500	0130	19780130	20150130	7	74.00	84.92	15.00	230.00				15.20	15.60	16.00	18.80	21.60	23.00	23.00	23.00	36.20	49.40	75.80	115.40	155.00	185.00	215.00			
01098500	0131	19780131	20150131	7	63.29	66.27	14.00	189.00				15.40	18.20	21.00	21.40	21.80	23.40	26.20	29.00	36.60	44.20	62.40	91.20	120.00	147.60	175.20			
01098500	0201	19780201	20150201	7	56.29	53.78	14.00	162.00				15.00	17.00	19.00	20.60	22.20	26.40	33.20	40.00	40.80	41.60	52.40	73.20	94.00	121.20	148.40			
01098500	0202	19780202	20150202	7	51.00	43.37	14.00	138.00				16.20	20.60	25.00	25.80	26.60	29.00	33.00	37.00	37.40	37.80	46.00	62.00	78.00	102.00	126.00			
01098500	0203	19780203	20150203	7	46.00	35.94	15.00	118.00				17.20	21.60	26.00	26.40	26.80	28.00	30.00	32.00	33.20	34.40	41.80	55.40	69.00	88.60	108.20			
01098500	0204	19780204	20150204	7	41.00	30.70	16.00	102.00				17.20	19.60	22.00	23.20	24.40	25.60	26.80	28.00	29.60	31.20	38.00	50.00	62.00	78.00	94.00			
01098500	0205	19780205	20150205	7	38.29	25.39	21.00	88.00				21.40	22.20	23.00	23.40	23.80	24.00	24.00	24.00	26.40	28.80	35.60	46.80	58.00	70.00	82.00			
01098500	0206	19780206	20150206	7	36.00	21.61	20.00	77.00				20.40	21.20	22.00	22.80	23.60	24.40	25.20	26.00	26.80	27.60	33.40	44.20	55.00	63.80	72.60			
01098500	0207	19780207	20150207	7	35.00	21.75	19.00	67.00				19.00	19.00	19.00	19.80	20.60	22.00	24.00	26.00	26.40	26.80	34.80	50.40	66.00	66.40	66.80			
01098500	0208	19780208	20150208	7	33.57	18.39	19.00	60.00				19.20	19.60	20.00	20.40	20.80	22.00	24.00	26.00	27.20	28.40	35.20	47.60	60.00	60.00	60.00			
01098500	0209	19780209	20150209	7	34.29	15.20	17.00	54.00				18.00	20.00	22.00	23.20	24.40	25.60	26.80	28.00	32.80	37.60	42.80	48.40	54.00	54.00	54.00			
01098500	0210	19780210	20150210	7	31.29	12.55	17.00	50.00				18.00	20.00	22.00	23.20	24.40	25.40	26.20	27.00	28.60	30.20	34.20	40.60	47.00	48.20	49.40			
01098500	0211	19780211	20150211	7	28.86	11.29	15.00	46.00				16.00	18.00	20.00	21.60	23.20	24.60	25.80	27.00	27.40	27.80	30.80	36.40	42.00	43.60	45.20			
01098500	0212	19780212	20150212	7	27.29	10.44	14.00	43.00				15.00	17.00	19.00	20.60	22.20	23.40	24.20	25.00	26.20	27.40	30.20	34.60	39.00	40.60	42.20			
01098500	0213	19780213	20150213	7	26.57	8.87	18.00	41.00				18.00	18.00	18.00	19.60	21.20	22.40	23.20	24.00	25.20	26.40	28.80	32.40	36.00	38.00	40.00			
01098500	0214	19780214	20150214	7	27.14	7.27	17.00	38.00				17.80	19.40	21.00	22.20	23.40	24.40	25.20	26.00	28.40	30.80	32.00	32.00	32.00	34.40	36.80			
01098500	0215	19780215	20150215	7	27.00	5.92	20.00	36.00				20.20	20.60	21.00	22.20	23.40	24.40	25.20	26.00	27.60	29.20	30.40	31.20	32.00	33.60	35.20			
01098500	0216	19780216	20150216	7	27.00	5.89	19.00	34.00				19.40	20.20	21.00	22.20	23.40	24.60	25.80	27.00	29.00	31.00	32.00	32.00	32.00	32.80	33.60			
01098500	0217	19780217	20150217	7	26.29	6.21	17.00	35.00				17.80	19.40	21.00	22.20	23.40	24.60	25.80	27.00	27.40	27.80	28.80	30.40	32.00	33.20	34.40			
01098500	0218	19780218	20150218	7	25.14	5.21	16.00	31.00				17.00	19.00	21.00	22.60	24.20	25.20	25.60	26.00	26.40	26.80	27.60	28.80	30.00	30.40	30.80			
01098500	0219	19780219	20150219	7	25.57	5.83	16.00	34.00				17.00	19.00	21.00	23.00	25.00	26.00	26.00	26.00	26.00	26.00	26.80	28.40	30.00	31.60	33.20			
01098500	0220	19780220	20150220	7	25.57	7.25	15.00	37.00				16.00	18.00	20.00	21.20	22.40	23.40	24.20	25.00	26.20	27.40	28.60	29.80	31.00	33.40	35.80			
01098500	0221	19780221	20150221	7	25.86	7.82	15.00	38.00				16.00	18.00	20.00	20.40	20.80	22.20	24.60	27.00	27.40	27.80	28.80	30.40	32.00	34.40	36.80			
01098500	0222	19780222	20150222	7	26.00	8.12	15.00	37.00				15.80	17.40	19.00	19.80	20.60	22.00	24.00	26.00	27.60	29.20	30.80	32.40	34.00	35.20	36.40			
01098500	0223	19780223	20150223	7	25.86	8.23	15.00	37.00				15.80	17.40	19.00	19.80	20.60	21.80	23.40	25.00	26.60	28.20	30.20	32.60	35.00	35.80	36.60			
01098500	0224	19780224	20150224	7	27.86	9.08	14.00	38.00				15.20	17.60	20.00	22.00	24.00	25.40	26.20	27.00	29.40	31.80	34.00	36.00	38.00	38.00	38.00			
01098500	0225	19780225	20150225	7	35.29	14.14	14.00	51.00				16.00	20.00	24.00	25.20	26.40	28.80	32.40	36.00	40.00	44.00	46.60	47.80	49.00	49.80	50.60			
01098500	0226	19780226	20150226	7	42.57	26.54	13.00	85.00				15.00	19.00	23.00	24.20	25.40	27.60	30.80	34.00	38.80	43.60	51.00	61.00	71.00	76.60	82.20			
01098500	0227	19780227	20150227	7	46.43	31.19	13.00	96.00				14.80	18.40	22.00	23.20	24.40	26.40	29.20	32.00	45.20	58.40	66.40	69.20	72.00	81.60	91.20			
01098500	0228	19780228	20150228	7	53.14	40.55	13.00	109.00				14.80	18.40	22.00	22.40	22.80	24.20	26.60	29.00	48.20	67.40	81.40	90.20	99.00	103.00	107.00			
01098500	0229	20120229	20120229	1	22.00		22.00	22.00											22.00										
01098500	0301	19780301	20150301	7	59.71	47.04	12.00	128.00				14.00	18.00	22.00	24.00	26.00	28.20	30.60	33.00	55.00	77.00	92.00	100.00	108.00	116.00	124.00			
01098500	0302	19780302	20150302	7	58.00	43.48	13.00	122.00				14.60	17.80	21.00	22.60	24.20	28.40	35.20	42.00	57.20	72.40	84.60	93.80	103.00	110.60	118.20			
01098500	0303	19780303	20150303	7	53.71	37.07	13.00	105.00				14.60	17.80	21.00	21.80	22.60	27.60	36.80	46.00	59.20	72.40	81.00	85.00	89.00	95.40	101.80			
01098500	0304	19780304	20150304	7	50.29	31.46	15.00	91.00				16.20	18.60	21.00	21.80	22.60	28.00	38.00	48.00	59.60	71.20	77.00	77.00	77.00	82.60	88.20			
01098500	0305	19780305	20150305	7	46.43	28.00	15.00	79.00				16.00	18.00	20.00	20.80	21.60	26.60	35.80	45.00	53.80	62.60	69.00	73.00	77.00	77.80	78.60			
01098500	0306	19780306	20150306	7	45.86	29.42	14.00	85.00				15.00	17.00	19.00	19.80	20.60	24.80	32.40	40.00	51.60	63.20	69.80	71.40	73.00	77.80	82.60			
01098500	0307	19780307	20150307	7	56.71	46.96	14.00	132.00				14.80	16.40	18.00	19.20	20.40	24.00	30.00	36.00	50.00	64.00	77.80	91.40	105.00	115.80	126.60			
01098500	0308	19780308	20150308	7	68.57	69.25	14.00	205.00				14.80	16.40	18.00	20.80	23.60	26.60	29.80	33.00	51.80	70.60	85.00	95.00	105.00	145.00	185.00			
01098500	0309	19780309	20150309	7	70.43	75.70	14.00	225.00				14.80	16.40	18.00	21.60	25.20	28.00	30.00	32.00	48.00	64.00	78.60	91.80	105.00	153.00	201.00			
01098500	0310	19780310	20150310	7	61.71	61.94	14.00	187.00				15.00	17.00	19.00	21.80	24.60	26.60	27.80	29.00	43.80	58.60	71.00	81.00	91.00	129.40	167.80			
01098500	0311	19780311	20150311	7	58.86	53.76	17.00	162.00				17.60	18.80	20.00	22.00	24.00	25.60	26.80	28.00	42.80	57.60	71.00	83.00	95.00	121.80	148.60			
01098500	0312	19780312	20150312	7	59.00	50.25	23.00	157.00				23.20	23.60	24.00	24.80	25.60	26.00	26.00	26.00	44.40	62.80	74.60	79.80	85.00	113.80	142.60			
01098500	0313	19780313	20150313	7	64.86	45.74	25.00	142.00				25.20	25.60	26.00	26.40	26.80	30.80	38.40	46.00	64.00	82.00	92.20	94.60	97.00	115.00	133.00			
01098500	0314	19780314	20150314	7	64.71	40.06	27.00	122.00				27.00	27.00	27.00	29.00	31.00	36.20	44.60	53.00	65.00	77.00	88.20	98.60	109.00	114.20	119.40			
01098500	0315	19780315	20150315	7	61.57	30.06	26.00	103.00				27.80	31.40	35.00	40.20	45.40	48.40	49.20	50.00	58.40	66.80	76.40	87.20	98.00	100.00	102.00			
01098500	0316	19780316	20150316	7	59.29	24.28	25.00	95.00				28.80	36.40	44.00	46.00	48.00	49.60	50.80	52.00	57.20	62.40	69.00	77.00	85.00	89.00	93.00			
01098500	0317	19780317	20150317	7	57.71	22.93	24.00	98.00				28.60	37.80	47.00	48.20	49.40	50.80	52.40	54.00	56.00	58.00	61.60	66.80	72.00	82.40	92.80			
01098500	0318	19780318	20150318	7	54.86	20.96	24.00	93.00				27.80	35.40	43.00	46.20	49.40	51.40	52.20	53.00	54.60	56.20	58.20	60.60	63.00	75.00	87.00			
01098500	0319	19780319	20150319	7	52.57	19.49	24.00	82.00				26.80	32.40	38.00	42.00	46.00	48.20	48.60	49.00	51.80	54.60	59.00	65.00	71.00	75.40	79.80			
01098500	0320	19780320	20150320	7	50.71	17.20	23.00	73.00				27.20	35.60	44.00	44.00	44.00	44.80	46.40	48.00	49.60	51.20	55.80	63.40	71.00	71.80	72.60			
01098500	0321	19780321	20150321	7	49.43	15.67	22.00	69.00				25.60	32.80	40.00	43.20	46.40	48.60	49.80	51.00	51.00	51.00	53.80	59.40	65.00	66.60	68.20			
01098500	0322	19780322	20150322	7	49.43	16.62	20.00	65.00				23.60	30.80	38.00	40.80	43.60	46.20	48.60	51.00	55.80	60.60	63.20	63.60	64.00	64.40	64.80			
01098500	0323	19780323	20150323	7	49.57	22.74	17.00	89.00				20.60	27.80	35.00	37.00	39.00	41.60	44.80	48.00	52.00	56.00	58.40	59.20	60.00	71.60	83.20			
01098500	0324	19780324	20150324	7	49.71	29.94	15.00	110.00				18.60	25.80	33.00	34.20	35.40	37.80	41.40	45.00	48.20	51.40	53.60	54.80	56.00	77.60	99.20			
01098500	0325	19780325	20150325	7	49.70	34.82	9.90	122.00				14.72	24.36	34.00	36.00	38.00	39.20	39.60	40.00	44.40	48.80	51.20	51.60	52.00	80.00	108.00			
01098500	0326	19780326	20150326	7	49.29	36.26	7.00	125.00				12.60	23.80	35.00	36.60	38.20	39.60	40.80	42.00	44.00	46.00	47.60	48.80	50.00	80.00	110.00			
01098500	0327	19780327	20150327	7	52.84	39.38	6.90	132.00				11.72	21.36	31.00	35.00	39.00	41.40	42.20	43.00	45.40	47.80	52.60	59.80	67.00	93.00	119.00			
01098500	0328	19780328	20150328	7	56.83	51.53	7.80	158.00				11.44	18.72	26.00	27.20	28.40	31.20	35.60	40.00	42.40	44.80	55.00	73.00	91.00	117.80	144.60			
01098500	0329	19780329	20150329	7	56.34	59.15	6.50	173.00				6.78	7.34	7.90	17.14	26.38	32.40	35.20	38.00	40.40	42.80	54.00	74.00	94.00	125.60	157.20			
01098500	0330	19780330	20150330	7	64.11	58.83	7.80	171.00				7.84	7.92	8.00	19.20	30.40	37.00	39.00	41.00	59.00	77.00	88.60	93.80	99.00	127.80	156.60			
01098500	0331	19780331	20150331	7	73.60	72.49	9.00	189.00				9.04	9.12	9.20	19.52	29.84	35.60	36.80	38.00	53.60	69.20	93.20	125.60	158.00	170.40	182.80			
01098500	0401	19780401	20150401	7	77.29	78.75	10.00	223.00				10.20	10.60	11.00	21.80	32.60	39.00	41.00	43.00	55.00	67.00	87.00	115.00	143.00	175.00	207.00			
01098500	0402	19780402	20150402	7	75.43	72.73	11.00	206.00				11.40	12.20	13.00	22.60	32.20	39.40	44.20	49.00	57.40	65.80	84.40	113.20	142.00	167.60	193.20			
01098500	0403	19780403	20150403	7	69.57	60.54	12.00	163.00				12.40	13.20	14.00	22.00	30.00	37.40	44.20	51.00	59.00	67.00	85.20	113.60	142.00	150.40	158.80			
01098500	0404	19780404	20150404	7	61.43	45.70	11.00	129.00				12.20	14.60	17.00	22.60	28.20	35.40	44.20	53.00	65.00	77.00	87.60	96.80	106.00	115.20	124.40			
01098500	0405	19780405	20150405	7	59.54	41.14	9.80	111.00				11.64	15.32	19.00	23.00	27.00	35.00	47.00	59.00	72.20	85.40	93.00	95.00	97.00	102.60	108.20			
01098500	0406	19780406	20150406	7	55.59	36.68	8.10	96.00				10.88	16.44	22.00	24.00	26.00	33.20	45.60	58.00	70.00	82.00	88.40	89.20	90.00	92.40	94.80			
01098500	0407	19780407	20150407	7	50.56	31.89	7.90	84.00				10.92	16.96	23.00	24.20	25.40	31.20	41.60	52.00	62.80	73.60	79.60	80.80	82.00	82.80	83.60			
01098500	0408	19780408	20150408	7	47.69	29.68	7.80	80.00				11.04	17.52	24.00	24.40	24.80	29.20	37.60	46.00	56.40	66.80	73.40	76.20	79.00	79.40	79.80			
01098500	0409	19780409	20150409	7	46.69	28.91	7.80	78.00				11.24	18.12	25.00	25.00	25.00	28.40	35.20	42.00	54.00	66.00	73.00	75.00	77.00	77.40	77.80			
01098500	0410	19780410	20150410	7	45.96	26.71	7.70	79.00				11.16	18.08	25.00	28.20	31.40	34.20	36.60	39.00	50.20	61.40	67.80	69.40	71.00	74.20	77.40			
01098500	0411	19780411	20150411	7	44.00	23.80	8.00	76.00				11.60	18.80	26.00	30.40	34.80	37.00	37.00	37.00	46.20	55.40	60.80	62.40	64.00	68.80	73.60			
01098500	0412	19780412	20150412	7	42.24	20.39	8.70	69.00				13.36	22.68	32.00	33.20	34.40	35.40	36.20	37.00	43.40	49.80	54.60	57.80	61.00	64.20	67.40			
01098500	0413	19780413	20150413	7	42.64	17.46	9.50	61.00				14.60	24.80	35.00	37.40	39.80	41.60	42.80	44.00	45.60	47.20	50.40	55.20	60.00	60.40	60.80			
01098500	0414	19780414	20150414	7	43.37	18.02	8.60	62.00				13.68	23.84	34.00	37.20	40.40	42.80	44.40	46.00	49.60	53.20	55.20	55.60	56.00	58.40	60.80			
01098500	0415	19780415	20150415	7	42.01	17.86	8.10	64.00				13.48	24.24	35.00	35.80	36.60	39.20	43.60	48.00	48.40	48.80	49.80	51.40	53.00	57.40	61.80			
01098500	0416	19780416	20150416	7	43.73	22.42	8.10	81.00				13.08	23.04	33.00	33.80	34.60	36.80	40.40	44.00	46.40	48.80	51.00	53.00	55.00	65.40	75.80			
01098500	0417	19780417	20150417	7	48.21	30.52	7.50	92.00				11.80	20.40	29.00	31.80	34.60	36.80	38.40	40.00	42.80	45.60	54.80	70.40	86.00	88.40	90.80			
01098500	0418	19780418	20150418	7	48.89	35.49	6.20	110.00				10.36	18.68	27.00	30.20	33.40	35.40	36.20	37.00	39.80	42.60	51.80	67.40	83.00	93.80	104.60			
01098500	0419	19780419	20150419	7	44.67	31.98	5.70	103.00				9.56	17.28	25.00	28.20	31.40	33.40	34.20	35.00	37.80	40.60	47.40	58.20	69.00	82.60	96.20			
01098500	0420	19780420	20150420	7	43.04	25.96	5.30	88.00				10.44	20.72	31.00	31.80	32.60	33.40	34.20	35.00	41.40	47.80	52.40	55.20	58.00	70.00	82.00			
01098500	0421	19780421	20150421	7	43.80	22.61	4.60	72.00				9.68	19.84	30.00	31.60	33.20	37.20	43.60	50.00	52.40	54.80	56.80	58.40	60.00	64.80	69.60			
01098500	0422	19780422	20150422	7	43.01	22.73	6.10	71.00				10.48	19.24	28.00	29.20	30.40	33.80	39.40	45.00	50.60	56.20	59.40	60.20	61.00	65.00	69.00			
01098500	0423	19780423	20150423	7	48.71	15.67	27.00	66.00				27.20	27.60	28.00	35.20	42.40	48.00	52.00	56.00	56.80	57.60	58.40	59.20	60.00	62.40	64.80			
01098500	0424	19780424	20150424	7	53.29	27.33	25.00	107.00				25.20	25.60	26.00	35.20	44.40	49.80	51.40	53.00	53.40	53.80	55.00	57.00	59.00	78.20	97.40			
01098500	0425	19780425	20150425	7	50.00	26.28	25.00	103.00				25.00	25.00	25.00	33.40	41.80	46.00	46.00	46.00	46.80	47.60	49.80	53.40	57.00	75.40	93.80			
01098500	0426	19780426	20150426	7	43.43	17.86	23.00	76.00				23.40	24.20	25.00	30.60	36.20	40.00	42.00	44.00	44.40	44.80	46.40	49.20	52.00	61.60	71.20			
01098500	0427	19780427	20150427	7	37.29	12.24	21.00	55.00				22.00	24.00	26.00	28.40	30.80	32.60	33.80	35.00	38.60	42.20	44.80	46.40	48.00	50.80	53.60			
01098500	0428	19780428	20150428	7	35.86	14.85	14.00	57.00				15.20	17.60	20.00	25.20	30.40	34.40	37.20	40.00	40.80	41.60	42.60	43.80	45.00	49.80	54.60			
01098500	0429	19780429	20150429	7	33.71	16.31	14.00	63.00				14.80	16.40	18.00	22.80	27.60	30.20	30.60	31.00	34.20	37.40	39.40	40.20	41.00	49.80	58.60			
01098500	0430	19780430	20150430	7	30.86	14.94	14.00	58.00				14.60	15.80	17.00	19.80	22.60	25.00	27.00	29.00	32.20	35.40	37.00	37.00	37.00	45.40	53.80			
01098500	0501	19780501	20150501	7	32.57	16.91	15.00	60.00				15.20	15.60	16.00	20.00	24.00	26.20	26.60	27.00	29.80	32.60	37.20	43.60	50.00	54.00	58.00			
01098500	0502	19780502	20150502	7	34.00	21.73	15.00	78.00				15.00	15.00	15.00	18.60	22.20	25.40	28.20	31.00	31.80	32.60	34.80	38.40	42.00	56.40	70.80			
01098500	0503	19780503	20150503	7	32.00	20.58	13.00	74.00				13.40	14.20	15.00	18.20	21.40	24.20	26.60	29.00	30.20	31.40	33.20	35.60	38.00	52.40	66.80			
01098500	0504	19780504	20150504	7	29.43	17.10	12.00	63.00				12.60	13.80	15.00	17.40	19.80	22.60	25.80	29.00	29.40	29.80	31.20	33.60	36.00	46.80	57.60			
01098500	0505	19780505	20150505	7	27.14	13.92	11.00	52.00				11.80	13.40	15.00	16.60	18.20	20.60	23.80	27.00	29.00	31.00	32.40	33.20	34.00	41.20	48.40			
01098500	0506	19780506	20150506	7	25.29	11.71	10.00	45.00				11.40	14.20	17.00	17.40	17.80	19.20	21.60	24.00	26.80	29.60	31.20	31.60	32.00	37.20	42.40			
01098500	0507	19780507	20150507	7	23.69	10.11	9.80	39.00				11.24	14.12	17.00	17.00	17.00	18.00	20.00	22.00	25.20	28.40	30.20	30.60	31.00	34.20	37.40			
01098500	0508	19780508	20150508	7	23.57	10.88	10.00	40.00				11.20	13.60	16.00	16.40	16.80	17.60	18.80	20.00	22.80	25.60	28.60	31.80	35.00	37.00	39.00			
01098500	0509	19780509	20150509	7	24.29	9.91	14.00	42.00				14.40	15.20	16.00	16.80	17.60	19.00	21.00	23.00	23.80	24.60	26.40	29.20	32.00	36.00	40.00			
01098500	0510	19780510	20150510	7	29.29	12.66	13.00	51.00				14.00	16.00	18.00	20.80	23.60	25.80	27.40	29.00	29.80	30.60	32.40	35.20	38.00	43.20	48.40			
01098500	0511	19780511	20150511	7	30.43	17.10	12.00	65.00				13.20	15.60	18.00	20.40	22.80	25.00	27.00	29.00	29.40	29.80	31.00	33.00	35.00	47.00	59.00			
01098500	0512	19780512	20150512	7	27.71	14.53	11.00	57.00				12.60	15.80	19.00	20.20	21.40	22.80	24.40	26.00	26.40	26.80	28.00	30.00	32.00	42.00	52.00			
01098500	0513	19780513	20150513	7	24.71	11.93	10.00	48.00				11.60	14.80	18.00	19.20	20.40	21.20	21.60	22.00	22.80	23.60	25.20	27.60	30.00	37.20	44.40			
01098500	0514	19780514	20150514	7	22.33	9.67	9.30	40.00				10.84	13.92	17.00	17.40	17.80	18.80	20.40	22.00	22.00	22.00	23.20	25.60	28.00	32.80	37.60			
01098500	0515	19780515	20150515	7	22.51	9.39	8.60	36.00				9.88	12.44	15.00	17.00	19.00	20.60	21.80	23.00	23.00	23.00	24.80	28.40	32.00	33.60	35.20			
01098500	0516	19780516	20150516	7	25.74	13.16	8.20	46.00				9.36	11.68	14.00	18.00	22.00	24.00	24.00	24.00	24.40	24.80	27.80	33.40	39.00	41.80	44.60			
01098500	0517	19780517	20150517	7	27.27	14.39	7.90	44.00				8.72	10.36	12.00	16.40	20.80	23.20	23.60	24.00	30.00	36.00	39.40	40.20	41.00	42.20	43.40			
01098500	0518	19780518	20150518	7	27.54	14.93	7.80	44.00				8.24	9.12	10.00	15.20	20.40	23.80	25.40	27.00	31.40	35.80	39.00	41.00	43.00	43.40	43.80			
01098500	0519	19780519	20150519	7	26.63	14.54	7.80	49.00				8.16	8.88	9.60	14.96	20.32	24.40	27.20	30.00	30.80	31.60	32.60	33.80	35.00	40.60	46.20			
01098500	0520	19780520	20150520	7	25.90	15.70	7.80	55.00				8.14	8.82	9.50	14.90	20.30	23.80	25.40	27.00	27.80	28.60	29.20	29.60	30.00	40.00	50.00			
01098500	0521	19780521	20150521	7	24.57	15.25	7.80	54.00				8.08	8.64	9.20	15.12	21.04	24.00	24.00	24.00	24.40	24.80	25.60	26.80	28.00	38.40	48.80			
01098500	0522	19780522	20150522	7	23.96	12.25	7.70	47.00				8.96	11.48	14.00	18.00	22.00	24.00	24.00	24.00	24.40	24.80	25.20	25.60	26.00	34.40	42.80			
01098500	0523	19780523	20150523	7	23.67	10.68	7.70	41.00				9.16	12.08	15.00	18.20	21.40	23.20	23.60	24.00	24.00	24.00	25.40	28.20	31.00	35.00	39.00			
01098500	0524	19780524	20150524	7	26.10	11.39	7.70	42.00				10.36	15.68	21.00	21.40	21.80	22.20	22.60	23.00	25.80	28.60	31.40	34.20	37.00	39.00	41.00			
01098500	0525	19780525	20150525	7	32.96	19.38	7.70	70.00				10.36	15.68	21.00	23.00	25.00	27.20	29.60	32.00	32.80	33.60	35.20	37.60	40.00	52.00	64.00			
01098500	0526	19780526	20150526	7	38.24	27.86	7.70	93.00				10.16	15.08	20.00	21.20	22.40	24.80	28.40	32.00	37.20	42.40	45.40	46.20	47.00	65.40	83.80			
01098500	0527	19780527	20150527	7	36.24	27.59	7.70	92.00				9.96	14.48	19.00	19.80	20.60	22.80	26.40	30.00	34.00	38.00	40.80	42.40	44.00	63.20	82.40			
01098500	0528	19780528	20150528	7	33.09	22.35	7.60	78.00				9.68	13.84	18.00	21.60	25.20	27.40	28.20	29.00	30.20	31.40	33.60	36.80	40.00	55.20	70.40			
01098500	0529	19780529	20150529	7	32.37	20.32	7.60	72.00				9.48	13.24	17.00	20.60	24.20	27.60	30.80	34.00	34.40	34.80	35.00	35.00	35.00	49.80	64.60			
01098500	0530	19780530	20150530	7	31.80	18.79	7.60	64.00				9.88	14.44	19.00	21.00	23.00	25.00	27.00	29.00	29.80	30.60	34.40	41.20	48.00	54.40	60.80			
01098500	0531	19780531	20150531	7	29.24	17.16	7.70	58.00				9.76	13.88	18.00	20.00	22.00	23.20	23.60	24.00	25.60	27.20	31.60	38.80	46.00	50.80	55.60			
01098500	0601	19780601	20150601	7	25.67	14.44	8.70	52.00				10.16	13.08	16.00	17.60	19.20	20.40	21.20	22.00	22.80	23.60	26.60	31.80	37.00	43.00	49.00			
01098500	0602	19780602	20150602	7	27.86	9.01	18.00	46.00				18.60	19.80	21.00	22.60	24.20	25.40	26.20	27.00	27.40	27.80	28.40	29.20	30.00	36.40	42.80			
01098500	0603	19780603	20150603	7	31.00	12.81	16.00	50.00				16.60	17.80	19.00	21.40	23.80	25.20	25.60	26.00	30.80	35.60	39.00	41.00	43.00	45.80	48.60			
01098500	0604	19780604	20150604	7	29.14	12.02	17.00	47.00				17.00	17.00	17.00	19.40	21.80	23.20	23.60	24.00	28.00	32.00	35.60	38.80	42.00	44.00	46.00			
01098500	0605	19780605	20150605	7	26.57	9.96	15.00	37.00				15.80	17.40	19.00	19.00	19.00	19.60	20.80	22.00	28.00	34.00	37.00	37.00	37.00	37.00	37.00			
01098500	0606	19780606	20150606	6	22.17	6.55	14.00	30.00				14.10	14.80	15.50	16.50	18.25	20.00	21.30	22.00	22.70	24.20	26.30	28.40	29.25	29.60	29.95			
01098500	0607	19780607	20150607	6	21.83	5.12	13.00	28.00				13.35	15.80	18.25	20.20	20.90	21.60	22.15	22.50	22.85	23.40	24.10	24.80	25.75	26.80	27.85			
01098500	0608	19780608	20150608	6	36.50	39.59	17.00	117.00				17.10	17.80	18.50	19.00	19.00	19.00	19.15	19.50	19.85	21.40	23.85	26.30	49.50	81.00	112.50			
01098500	0609	19780609	20150609	6	43.33	59.66	17.00	165.00				17.00	17.00	17.00	17.10	17.45	17.80	18.15	18.50	18.85	20.00	21.75	23.50	59.25	108.60	157.95			
01098500	0610	19780610	20150610	6	41.17	56.79	15.00	157.00				15.10	15.80	16.50	17.00	17.00	17.00	17.45	18.50	19.55	20.20	20.55	20.90	55.00	102.60	150.20			
01098500	0611	19780611	20150611	6	40.83	59.41	14.00	162.00				14.05	14.40	14.75	15.10	15.45	15.80	16.15	16.50	16.85	17.80	19.20	20.60	56.25	105.60	154.95			
01098500	0612	19780612	20150612	6	42.17	63.88	13.00	172.00				13.00	13.00	13.00	13.00	13.00	13.00	13.15	13.50	13.85	16.80	21.70	26.60	64.00	114.40	164.80			
01098500	0613	19780613	20150613	6	42.50	60.46	11.00	165.00				11.00	11.00	11.00	11.60	13.70	15.80	17.45	18.50	19.55	22.20	26.05	29.90	64.50	111.40	158.30			
01098500	0614	19780614	20150614	6	51.97	76.26	9.80	206.00				9.81	9.88	9.95	10.90	14.05	17.20	20.50	24.00	27.50	30.80	33.95	37.10	80.00	138.80	197.60			
01098500	0615	19780615	20150615	6	53.60	83.67	8.60	223.00				8.67	9.16	9.65	10.70	13.15	15.60	18.35	21.50	24.65	28.20	32.05	35.90	83.50	148.60	213.70			
01098500	0616	19780616	20150616	6	49.00	77.35	8.00	206.00				8.15	9.20	10.25	11.40	12.80	14.20	16.35	19.50	22.65	25.20	27.30	29.40	74.00	135.60	197.20			
01098500	0617	19780617	20150617	6	39.43	57.56	7.60	156.00				7.77	8.96	10.15	11.20	11.90	12.60	14.35	17.50	20.65	23.00	24.75	26.50	59.25	104.40	149.55			
01098500	0618	19780618	20150618	6	33.87	48.00	7.20	131.00				7.34	8.32	9.30	10.10	10.45	10.80	12.50	16.00	19.50	21.40	22.10	22.80	50.00	87.80	125.60			
01098500	0619	19780619	20150619	6	34.88	53.76	7.10	144.00				7.20	7.86	8.53	9.02	9.09	9.16	10.82	14.60	18.38	20.00	20.00	20.00	51.00	94.40	137.80			
01098500	0620	19780620	20150620	6	31.93	50.25	6.80	134.00				6.84	7.16	7.47	7.74	7.88	8.02	9.29	12.05	14.81	16.60	17.65	18.70	47.75	88.00	128.25			
01098500	0621	19780621	20150621	6	28.27	37.96	6.30	105.00				6.35	6.70	7.05	7.97	10.31	12.66	14.60	16.00	17.40	18.20	18.55	18.90	40.50	70.60	100.70			
01098500	0622	19780622	20150622	6	25.58	28.86	5.80	82.00				5.84	6.16	6.47	7.23	9.09	10.94	13.05	15.50	17.95	20.80	23.95	27.10	41.50	60.40	79.30			
01098500	0623	19780623	20150623	6	23.83	21.67	5.00	63.00				5.10	5.80	6.50	7.50	9.25	11.00	14.25	19.50	24.75	27.40	28.10	28.80	37.50	49.40	61.30			
01098500	0624	19780624	20150624	6	21.63	17.70	4.70	49.00				4.82	5.66	6.50	7.49	8.86	10.22	12.65	16.50	20.35	24.80	29.70	34.60	39.25	43.80	48.35			
01098500	0625	19780625	20150625	6	21.22	16.33	4.30	43.00				4.63	6.98	9.32	11.00	11.00	11.00	12.05	14.50	16.95	22.40	30.10	37.80	40.75	41.80	42.85			
01098500	0626	19780626	20150626	6	22.48	17.35	3.90	52.00				4.30	7.14	9.97	12.30	13.35	14.40	15.60	17.00	18.40	21.80	26.70	31.60	37.75	44.40	51.05			
01098500	0627	19780627	20150627	6	20.87	16.58	3.20	50.00				3.59	6.32	9.05	11.40	12.80	14.20	15.30	16.00	16.70	19.40	23.60	27.80	34.25	41.60	48.95			
01098500	0628	19780628	20150628	6	20.70	14.58	3.20	41.00				3.59	6.32	9.05	11.30	12.35	13.40	14.90	17.00	19.10	23.00	28.25	33.50	36.50	38.60	40.70			
01098500	0629	19780629	20150629	6	19.43	13.01	2.60	34.00				3.02	5.96	8.90	11.10	11.45	11.80	13.65	17.50	21.35	25.20	29.05	32.90	34.00	34.00	34.00			
01098500	0630	19780630	20150630	6	16.95	11.06	2.60	30.00				2.92	5.20	7.47	9.29	9.96	10.62	12.50	16.00	19.50	22.40	24.85	27.30	28.50	29.20	29.90			
01098500	0701	19780701	20150701	6	16.13	10.53	2.60	28.00				2.83	4.44	6.05	7.58	8.91	10.24	12.95	17.50	22.05	24.00	24.00	24.00	25.00	26.40	27.80			
01098500	0702	19780702	20150702	6	14.83	9.89	2.60	26.00				2.74	3.72	4.70	5.96	7.92	9.88	12.35	15.50	18.65	20.80	22.20	23.60	24.50	25.20	25.90			
01098500	0703	19780703	20150703	6	13.10	8.65	2.30	23.00				2.40	3.10	3.80	4.97	7.32	9.66	11.90	14.00	16.10	17.80	19.20	20.60	21.50	22.20	22.90			
01098500	0704	19780704	20150704	6	12.17	6.51	2.90	20.00				3.11	4.58	6.05	7.49	8.86	10.22	11.45	12.50	13.55	14.80	16.20	17.60	18.50	19.20	19.90			
01098500	0705	19780705	20150705	6	12.30	5.21	3.90	18.00				4.15	5.90	7.65	9.21	10.29	11.38	12.45	13.50	14.55	15.20	15.55	15.90	16.50	17.20	17.90			
01098500	0706	19780706	20150706	6	11.60	5.30	4.30	18.00				4.45	5.50	6.55	7.57	8.52	9.46	10.60	12.00	13.40	14.40	15.10	15.80	16.50	17.20	17.90			
01098500	0707	19780707	20150707	6	10.22	4.92	3.90	16.00				3.97	4.46	4.95	5.68	7.01	8.34	9.69	11.05	12.41	13.20	13.55	13.90	14.50	15.20	15.90			
01098500	0708	19780708	20150708	6	9.27	4.81	3.70	15.00				3.71	3.78	3.85	4.31	5.75	7.18	8.60	10.00	11.40	12.20	12.55	12.90	13.50	14.20	14.90			
01098500	0709	19780709	20150709	6	8.42	4.62	2.50	13.00				2.55	2.90	3.25	3.90	5.30	6.70	8.18	9.75	11.32	12.00	12.00	12.00	12.25	12.60	12.95			
01098500	0710	19780710	20150710	6	10.10	8.83	1.40	26.00				1.49	2.12	2.75	3.58	4.91	6.24	7.60	9.00	10.40	11.20	11.55	11.90	15.50	20.40	25.30			
01098500	0711	19780711	20150711	6	12.94	15.90	0.93	44.00				1.03	1.72	2.41	3.19	4.21	5.22	6.58	8.40	10.22	11.40	12.10	12.80	20.75	31.60	42.45			
01098500	0712	19780712	20150712	6	12.81	15.06	0.78	41.00				0.87	1.51	2.15	2.79	3.46	4.12	5.47	7.75	10.03	12.20	14.30	16.40	23.00	31.40	39.80			
01098500	0713	19780713	20150713	6	10.48	11.03	0.77	30.00				0.83	1.26	1.69	2.21	2.94	3.68	5.13	7.55	9.96	11.80	13.20	14.60	18.75	24.00	29.25			
01098500	0714	19780714	20150714	6	8.91	8.30	0.76	22.00				0.81	1.14	1.47	1.93	2.73	3.54	5.05	7.50	9.95	11.60	12.65	13.70	16.00	18.80	21.60			
01098500	0715	19780715	20150715	6	7.76	6.80	0.74	17.00				0.79	1.12	1.46	1.84	2.33	2.82	4.29	7.05	9.81	11.40	12.10	12.80	14.00	15.40	16.80			
01098500	0716	19780716	20150716	6	7.43	6.17	0.68	14.00				0.76	1.33	1.90	2.33	2.44	2.54	4.01	7.30	10.59	12.20	12.55	12.90	13.25	13.60	13.95			
01098500	0717	19780717	20150717	6	6.95	5.82	0.62	15.00				0.70	1.25	1.81	2.27	2.52	2.76	3.96	6.45	8.94	10.20	10.55	10.90	12.00	13.40	14.80			
01098500	0718	19780718	20150718	6	7.33	5.13	1.80	15.00				1.88	2.44	3.00	3.46	3.67	3.88	4.72	6.40	8.08	9.24	10.01	10.78	12.00	13.40	14.80			
01098500	0719	19780719	20150719	6	11.12	10.23	1.40	30.00				1.50	2.24	2.98	3.93	5.43	6.94	8.28	9.40	10.52	11.40	12.10	12.80	17.25	23.20	29.15			
01098500	0720	19780720	20150720	6	10.92	11.09	1.10	32.00				1.22	2.02	2.83	3.76	5.02	6.28	7.45	8.50	9.55	10.40	11.10	11.80	17.00	24.00	31.00			
01098500	0721	19780721	20150721	6	8.82	7.83	0.82	23.00				0.94	1.77	2.60	3.54	4.73	5.92	6.86	7.45	8.04	8.84	9.79	10.73	14.00	18.20	22.40			
01098500	0722	19780722	20150722	6	7.37	5.51	0.62	16.00				0.75	1.65	2.56	3.51	4.59	5.68	6.42	6.70	6.98	7.88	9.24	10.61	12.25	14.00	15.75			
01098500	0723	19780723	20150723	6	6.39	4.31	0.45	11.00				0.57	1.43	2.29	3.14	3.98	4.82	5.66	6.50	7.34	8.36	9.52	10.67	11.00	11.00	11.00			
01098500	0724	19780724	20150724	6	7.04	5.54	0.42	15.00				0.53	1.29	2.06	2.77	3.37	3.96	4.99	6.60	8.21	9.32	10.05	10.79	12.00	13.40	14.80			
01098500	0725	19780725	20150725	6	6.92	6.55	0.33	18.00				0.42	1.08	1.73	2.38	3.01	3.64	4.30	5.00	5.70	7.00	8.75	10.50	12.75	15.20	17.65			
01098500	0726	19780726	20150726	6	10.02	14.66	0.39	39.00				0.47	0.99	1.52	2.08	2.71	3.34	3.76	3.90	4.04	5.48	7.89	10.31	18.00	27.80	37.60			
01098500	0727	19780727	20150727	6	10.51	16.34	0.38	43.00				0.45	0.91	1.37	1.86	2.42	2.98	3.36	3.50	3.64	5.16	7.71	10.27	19.00	30.20	41.40			
01098500	0728	19780728	20150728	6	9.41	12.60	0.35	34.00				0.43	0.97	1.51	2.08	2.71	3.34	3.97	4.60	5.23	6.60	8.53	10.45	16.75	24.80	32.85			
01098500	0729	19780729	20150729	6	12.34	11.88	0.36	28.00				0.44	1.02	1.59	2.17	2.77	3.36	5.70	10.35	15.01	18.20	20.30	22.40	24.25	26.00	27.75			
01098500	0730	19780730	20150730	6	11.81	11.16	0.36	25.00				0.43	0.94	1.44	1.99	2.66	3.32	5.70	10.35	15.01	18.20	20.30	22.40	23.50	24.20	24.90			
01098500	0731	19780731	20150731	6	9.96	9.08	0.33	21.00				0.40	0.88	1.36	1.90	2.60	3.30	5.39	9.35	13.30	15.60	16.65	17.70	18.75	19.80	20.85			
01098500	0801	19780801	20150801	6	9.49	8.32	0.37	18.00				0.44	0.90	1.37	1.92	2.69	3.46	5.71	9.95	14.19	16.20	16.55	16.90	17.25	17.60	17.95			
01098500	0802	19780802	20150802	6	9.61	7.93	0.37	17.00				0.44	0.90	1.37	2.09	3.46	4.82	7.16	10.80	14.44	16.20	16.55	16.90	17.00	17.00	17.00			
01098500	0803	19780803	20150803	6	8.42	6.72	0.32	15.00				0.39	0.91	1.43	2.16	3.42	4.68	6.54	9.20	11.86	13.40	14.10	14.80	15.00	15.00	15.00			
01098500	0804	19780804	20150804	6	7.18	5.23	0.31	13.00				0.42	1.19	1.95	2.79	3.81	4.82	6.08	7.65	9.22	10.32	11.05	11.79	12.25	12.60	12.95			
01098500	0805	19780805	20150805	6	6.47	4.30	0.33	12.00				0.48	1.56	2.63	3.61	4.34	5.08	5.81	6.55	7.29	8.08	8.92	9.76	10.50	11.20	11.90			
01098500	0806	19780806	20150806	6	6.01	3.61	0.35	11.00				0.56	2.05	3.54	4.65	4.83	5.00	5.36	5.95	6.54	7.08	7.57	8.06	8.90	9.88	10.86			
01098500	0807	19780807	20150807	6	8.14	5.60	0.46	17.00				0.68	2.24	3.79	5.16	6.07	6.98	7.58	7.75	7.92	8.60	9.65	10.70	12.50	14.60	16.70			
01098500	0808	19780808	20150808	6	13.24	18.76	0.47	51.00				0.68	2.16	3.64	4.88	5.51	6.14	6.54	6.65	6.75	7.44	8.56	9.68	20.25	34.60	48.95			
01098500	0809	19780809	20150809	6	12.36	15.99	0.47	44.00				0.65	1.92	3.19	4.15	4.33	4.50	5.41	7.30	9.19	10.20	10.55	10.90	19.25	30.80	42.35			
01098500	0810	19780810	20150810	6	16.50	11.93	3.40	31.00				3.46	3.88	4.30	5.14	7.03	8.92	12.10	17.00	21.90	24.40	25.10	25.80	27.25	29.00	30.75			
01098500	0811	19780811	20150811	6	21.50	22.41	4.70	65.00				4.83	5.74	6.65	7.57	8.52	9.46	11.50	15.00	18.50	20.40	21.10	21.80	32.75	47.80	62.85			
01098500	0812	19780812	20150812	6	18.92	19.31	4.70	57.00				4.86	5.94	7.03	8.02	8.79	9.56	10.90	13.00	15.10	16.40	17.10	17.80	27.75	41.40	55.05			
01098500	0813	19780813	20150813	6	14.80	12.55	4.70	39.00				4.77	5.26	5.75	6.49	7.86	9.22	10.60	12.00	13.40	14.20	14.55	14.90	21.00	29.40	37.80			
01098500	0814	19780814	20150814	6	12.32	8.82	4.70	29.00				4.72	4.90	5.08	5.78	7.81	9.84	11.15	11.50	11.85	12.00	12.00	12.00	16.25	22.20	28.15			
01098500	0815	19780815	20150815	6	13.73	9.34	4.70	29.00				4.81	5.62	6.42	7.27	8.21	9.16	9.89	10.35	10.80	13.00	16.50	20.00	23.00	25.80	28.60			
01098500	0816	19780816	20150816	6	22.83	13.61	8.00	40.00				8.15	9.20	10.25	11.40	12.80	14.20	16.65	20.50	24.35	28.20	32.05	35.90	37.75	38.80	39.85			
01098500	0817	19780817	20150817	6	23.87	12.63	7.20	37.00				7.39	8.72	10.05	12.30	16.85	21.40	24.45	25.50	26.55	29.00	32.50	36.00	37.00	37.00	37.00			
01098500	0818	19780818	20150818	6	20.60	10.34	6.60	32.00				6.77	7.96	9.15	11.20	15.40	19.60	22.15	22.50	22.85	24.40	26.85	29.30	30.50	31.20	31.90			
01098500	0819	19780819	20150819	6	17.52	7.86	6.10	26.00				6.29	7.66	9.03	10.90	14.05	17.20	19.15	19.50	19.85	20.80	22.20	23.60	24.50	25.20	25.90			
01098500	0820	19780820	20150820	6	13.97	5.28	5.80	20.00				6.01	7.48	8.95	10.40	11.80	13.20	14.30	15.00	15.70	16.40	17.10	17.80	18.50	19.20	19.90			
01098500	0821	19780821	20150821	6	12.73	5.62	5.70	19.00				5.80	6.50	7.20	7.93	8.73	9.54	11.05	13.50	15.95	17.00	17.00	17.00	17.50	18.20	18.90			
01098500	0822	19780822	20150822	6	12.93	6.95	5.70	23.00				5.71	5.78	5.85	6.31	7.75	9.18	10.75	12.50	14.25	15.60	16.65	17.70	19.25	21.00	22.75			
01098500	0823	19780823	20150823	6	11.95	6.02	5.20	19.00				5.21	5.32	5.42	5.95	7.53	9.10	10.60	12.00	13.40	14.80	16.20	17.60	18.25	18.60	18.95			
01098500	0824	19780824	20150824	6	10.83	5.51	3.60	17.00				3.69	4.32	4.95	5.86	7.47	9.08	10.45	11.50	12.55	13.60	14.65	15.70	16.25	16.60	16.95			
01098500	0825	19780825	20150825	6	9.63	3.89	4.50	14.00				4.54	4.82	5.10	5.77	7.42	9.06	10.30	11.00	11.70	12.00	12.00	12.00	12.50	13.20	13.90			
01098500	0826	19780826	20150826	6	8.75	3.61	3.40	12.00				3.49	4.12	4.75	5.67	7.32	8.96	9.91	9.95	9.98	10.40	11.10	11.80	12.00	12.00	12.00			
01098500	0827	19780827	20150827	7	9.13	7.06	1.10	22.00				1.40	2.00	2.60	3.64	4.68	6.36	8.68	11.00	11.00	11.00	11.00	11.00	11.00	15.40	19.80			
01098500	0828	19780828	20150828	7	21.94	40.34	1.20	113.00				1.58	2.34	3.10	3.86	4.62	5.86	7.58	9.30	9.98	10.66	11.00	11.00	11.00	51.80	92.60			
01098500	0829	19780829	20150829	7	32.29	68.32	1.40	187.00				1.72	2.36	3.00	3.76	4.52	5.66	7.18	8.70	9.22	9.74	10.20	10.60	11.00	81.40	151.80			
01098500	0830	19780830	20150830	7	33.51	72.18	1.30	197.00				1.50	1.90	2.30	3.34	4.38	5.56	6.88	8.20	8.88	9.56	10.12	10.56	11.00	85.40	159.80			
01098500	0831	19780831	20150831	7	25.93	52.64	1.30	145.00				1.34	1.42	1.50	2.86	4.22	5.54	6.82	8.10	8.74	9.38	9.96	10.48	11.00	64.60	118.20			
01098500	0901	19780901	20150901	7	18.93	33.33	1.00	94.00				1.06	1.18	1.30	3.98	6.66	8.02	8.06	8.10	8.50	8.90	9.48	10.24	11.00	44.20	77.40			
01098500	0902	19780902	20150902	7	19.00	23.33	0.68	62.00				0.82	1.11	1.40	4.04	6.68	8.18	8.54	8.90	9.74	10.58	17.00	29.00	41.00	49.40	57.80			
01098500	0903	19780903	20150903	7	18.71	22.73	0.59	58.00				0.75	1.08	1.40	4.00	6.60	7.94	8.02	8.10	9.26	10.42	17.60	30.80	44.00	49.60	55.20			
01098500	0904	19780904	20150904	7	16.94	16.66	1.00	46.00				1.76	3.28	4.80	6.00	7.20	8.44	9.72	11.00	12.20	13.40	18.00	26.00	34.00	38.80	43.60			
01098500	0905	19780905	20150905	7	15.19	11.30	1.60	33.00				2.82	5.26	7.70	8.62	9.54	10.20	10.60	11.00	12.60	14.20	17.60	22.80	28.00	30.00	32.00			
01098500	0906	19780906	20150906	7	13.97	10.78	3.60	32.00				3.74	4.02	4.30	4.94	5.58	6.92	8.96	11.00	13.80	16.60	19.00	21.00	23.00	26.60	30.20			
01098500	0907	19780907	20150907	7	13.43	15.57	1.40	46.00				1.64	2.12	2.60	3.28	3.96	4.98	6.34	7.70	10.62	13.54	15.40	16.20	17.00	28.60	40.20			
01098500	0908	19780908	20150908	7	17.59	29.72	2.10	84.00				2.14	2.22	2.30	2.34	2.38	2.98	4.14	5.30	8.38	11.46	13.20	13.60	14.00	42.00	70.00			
01098500	0909	19780909	20150909	7	22.04	44.72	0.59	123.00				0.89	1.50	2.10	2.18	2.26	2.70	3.50	4.30	6.98	9.66	11.00	11.00	11.00	55.80	100.60			
01098500	0910	19780910	20150910	7	21.14	46.36	0.46	126.00				0.48	0.51	0.55	1.17	1.79	2.10	2.10	2.10	4.50	6.90	8.22	8.46	8.70	55.62	102.54			
01098500	0911	19780911	20150911	7	16.22	34.85	0.38	95.00				0.41	0.48	0.55	1.17	1.79	2.12	2.16	2.20	3.44	4.68	5.84	6.92	8.00	42.80	77.60			
01098500	0912	19780912	20150912	7	12.27	25.14	0.33	69.00				0.37	0.46	0.55	1.17	1.79	2.14	2.22	2.30	2.86	3.42	4.54	6.22	7.90	32.34	56.78			
01098500	0913	19780913	20150913	7	11.16	19.04	0.32	52.00				0.36	0.45	0.53	1.12	1.71	2.04	2.12	2.20	2.56	2.92	6.08	12.04	18.00	31.60	45.20			
01098500	0914	19780914	20150914	7	9.38	15.11	0.32	41.00				0.36	0.44	0.52	1.11	1.70	2.04	2.12	2.20	2.36	2.52	5.48	11.24	17.00	26.60	36.20			
01098500	0915	19780915	20150915	7	8.03	12.80	0.32	35.00				0.36	0.43	0.51	1.07	1.62	1.94	2.02	2.10	2.22	2.34	4.72	9.36	14.00	22.40	30.80			
01098500	0916	19780916	20150916	7	7.00	11.34	0.32	31.00				0.36	0.43	0.50	0.90	1.30	1.54	1.62	1.70	1.82	1.94	4.00	8.00	12.00	19.60	27.20			
01098500	0917	19780917	20150917	7	5.79	9.49	0.33	26.00				0.36	0.43	0.50	0.65	0.80	0.94	1.07	1.20	1.52	1.84	3.52	6.56	9.60	16.16	22.72			
01098500	0918	19780918	20150918	7	5.23	8.69	0.30	24.00				0.34	0.42	0.50	0.62	0.73	0.85	0.98	1.10	1.46	1.82	3.18	5.54	7.90	14.34	20.78			
01098500	0919	19780919	20150919	7	6.57	8.09	0.28	21.00				0.32	0.41	0.49	0.69	0.90	1.20	1.60	2.00	4.08	6.16	8.56	11.28	14.00	16.80	19.60			
01098500	0920	19780920	20150920	7	6.76	8.44	0.27	21.00				0.31	0.40	0.48	0.59	0.70	1.03	1.56	2.10	3.94	5.78	8.56	12.28	16.00	18.00	20.00			
01098500	0921	19780921	20150921	7	5.90	7.58	0.19	20.00				0.20	0.23	0.25	0.34	0.43	0.80	1.45	2.10	3.78	5.46	7.44	9.72	12.00	15.20	18.40			
01098500	0922	19780922	20150922	7	5.94	7.44	0.18	20.00				0.20	0.23	0.26	0.34	0.43	0.78	1.39	2.00	4.80	7.60	9.14	9.42	9.70	13.82	17.94			
01098500	0923	19780923	20150923	7	5.96	7.50	0.18	20.00				0.20	0.23	0.26	0.34	0.43	0.78	1.39	2.00	4.32	6.64	8.44	9.72	11.00	14.60	18.20			
01098500	0924	19780924	20150924	7	7.27	12.20	0.18	34.00				0.19	0.22	0.25	0.33	0.42	0.79	1.44	2.10	3.38	4.66	5.96	7.28	8.60	18.76	28.92			
01098500	0925	19780925	20150925	7	7.88	14.84	0.18	41.00				0.19	0.22	0.25	0.33	0.42	0.75	1.32	1.90	2.66	3.42	4.56	6.08	7.60	20.96	34.32			
01098500	0926	19780926	20150926	7	7.23	13.77	0.17	38.00				0.19	0.22	0.25	0.33	0.42	0.75	1.32	1.90	2.34	2.78	3.76	5.28	6.80	19.28	31.76			
01098500	0927	19780927	20150927	7	6.18	11.58	0.18	32.00				0.19	0.22	0.25	0.33	0.41	0.72	1.26	1.80	2.04	2.28	3.16	4.68	6.20	16.52	26.84			
01098500	0928	19780928	20150928	7	5.69	10.04	0.19	28.00				0.21	0.24	0.27	0.34	0.41	0.76	1.38	2.00	2.44	2.88	3.64	4.72	5.80	14.68	23.56			
01098500	0929	19780929	20150929	7	8.55	13.62	0.28	38.00				0.31	0.38	0.44	0.94	1.45	1.74	1.82	1.90	3.34	4.78	6.80	9.40	12.00	22.40	32.80			
01098500	0930	19780930	20150930	7	10.30	16.75	0.30	47.00				0.33	0.38	0.43	1.02	1.61	2.36	3.28	4.20	4.64	5.08	6.84	9.92	13.00	26.60	40.20			
01098500	1001	19771001	20151001	8	13.27	15.93	0.43	45.00				0.50	0.59	0.95	1.52	2.40	3.88	5.54	8.60	11.66	12.00	12.00	17.10	24.75	32.20	39.40			
01098500	1002	19771002	20151002	8	14.87	16.90	0.43	43.00				0.98	1.69	2.40	3.12	3.79	4.38	5.16	7.45	9.74	12.40	15.10	22.90	33.25	39.80	41.60			
01098500	1003	19771003	20151003	8	13.02	13.66	0.42	34.00				0.87	1.44	2.27	3.31	4.11	4.42	4.93	7.00	9.07	12.38	15.85	21.80	29.00	33.20	33.65			
01098500	1004	19771004	20151004	8	13.02	14.18	0.42	42.00				0.73	1.12	2.10	3.54	4.84	5.88	6.87	7.45	8.04	11.66	15.66	19.10	22.25	27.60	35.70			
01098500	1005	19771005	20151005	8	13.34	16.57	0.42	51.00				0.73	1.12	1.95	3.12	4.39	5.88	7.24	7.55	7.87	11.54	15.63	17.30	17.75	24.60	39.45			
01098500	1006	19771006	20151006	8	13.20	14.79	0.41	46.00				0.69	1.04	1.80	2.88	4.17	5.88	7.73	10.70	13.67	14.80	15.70	16.30	16.75	22.80	35.85			
01098500	1007	19771007	20151007	8	12.86	14.11	0.41	38.00				0.65	0.96	1.73	2.85	3.93	4.92	6.06	8.40	10.74	11.40	11.85	17.70	26.25	32.40	35.55			
01098500	1008	19771008	20151008	8	11.44	12.14	0.41	32.00				0.65	0.96	1.70	2.78	3.79	4.64	5.58	7.25	8.91	10.26	11.56	16.80	24.00	28.80	30.60			
01098500	1009	19771009	20151009	8	9.99	10.10	0.41	28.00				0.65	0.96	1.65	2.64	3.45	3.90	4.47	6.05	7.62	10.28	13.07	16.10	19.25	22.40	25.55			
01098500	1010	19771010	20151010	8	10.31	10.06	0.40	25.00				0.65	0.96	1.52	2.29	3.06	3.82	4.66	6.10	7.54	12.22	17.30	19.90	21.25	22.60	23.95			
01098500	1011	19771011	20151011	8	9.93	9.51	0.40	23.00				0.68	1.04	1.50	2.04	2.90	4.38	5.75	6.20	6.65	11.22	16.30	19.20	21.00	22.20	22.65			
01098500	1012	19771012	20151012	8	8.94	8.83	0.44	21.00				0.67	0.97	1.35	1.80	2.49	3.66	4.72	4.95	5.17	9.92	15.23	17.90	19.25	20.20	20.65			
01098500	1013	19771013	20151013	8	8.98	10.11	0.45	27.00				0.64	0.88	1.09	1.28	1.73	2.72	3.64	4.00	4.36	8.24	12.56	15.80	18.50	21.40	24.55			
01098500	1014	19771014	20151014	8	10.67	13.05	0.47	36.00				0.64	0.86	0.99	1.06	1.46	2.54	3.54	3.90	4.26	9.38	15.10	18.50	20.75	24.80	31.10			
01098500	1015	19771015	20151015	8	13.19	16.22	0.51	41.00				0.64	0.81	0.92	0.96	1.37	2.50	3.50	3.55	3.59	12.16	21.79	26.50	28.75	32.20	37.15			
01098500	1016	19771016	20141016	7	16.04	17.96	0.53	40.00				0.57	0.66	0.74	0.82	0.90	1.97	4.04	6.10	14.46	22.82	29.00	33.00	37.00	38.20	39.40			
01098500	1017	19771017	20141017	7	16.74	18.65	0.54	42.00				0.59	0.70	0.80	0.87	0.94	1.96	3.93	5.90	16.34	26.78	32.60	33.80	35.00	37.80	40.60			
01098500	1018	19771018	20141018	7	16.71	17.97	0.93	48.00				0.94	0.95	0.97	2.62	4.27	5.48	6.24	7.00	15.00	23.00	27.20	27.60	28.00	36.00	44.00			
01098500	1019	19771019	20141019	7	17.32	17.89	0.89	49.00				0.90	0.92	0.94	2.72	4.51	6.72	9.36	12.00	16.00	20.00	23.80	27.40	31.00	38.20	45.40			
01098500	1020	19771020	20141020	7	25.96	26.77	0.79	74.00				0.81	0.86	0.90	5.34	9.78	13.40	16.20	19.00	22.20	25.40	31.20	39.60	48.00	58.40	68.80			
01098500	1021	19771021	20141021	7	32.51	36.67	0.71	102.00				0.74	0.80	0.86	4.92	8.97	12.60	15.80	19.00	26.60	34.20	41.60	48.80	56.00	74.40	92.80			
01098500	1022	19771022	20141022	7	30.78	34.67	0.62	94.00				0.66	0.74	0.82	4.89	8.96	12.40	15.20	18.00	23.20	28.40	36.80	48.40	60.00	73.60	87.20			
01098500	1023	19771023	20141023	7	25.89	27.08	0.81	71.00				0.93	1.16	1.40	5.24	9.08	12.40	15.20	18.00	20.40	22.80	30.20	42.60	55.00	61.40	67.80			
01098500	1024	19771024	20141024	7	24.83	19.52	0.78	55.00				3.02	7.51	12.00	14.40	16.80	18.20	18.60	19.00	19.80	20.60	26.40	37.20	48.00	50.80	53.60			
01098500	1025	19771025	20141025	7	25.40	17.96	0.78	45.00				3.02	7.51	12.00	13.60	15.20	16.40	17.20	18.00	27.60	37.20	42.40	43.20	44.00	44.40	44.80			
01098500	1026	19771026	20141026	7	22.40	15.21	0.79	39.00				2.83	6.92	11.00	12.20	13.40	14.80	16.40	18.00	25.60	33.20	37.00	37.00	37.00	37.80	38.60			
01098500	1027	19771027	20141027	7	21.12	14.54	0.81	40.00				2.65	6.32	10.00	11.20	12.40	14.00	16.00	18.00	22.80	27.60	31.20	33.60	36.00	37.60	39.20			
01098500	1028	19771028	20141028	7	21.76	18.28	0.82	56.00				2.36	5.43	8.50	10.30	12.10	14.00	16.00	18.00	20.00	22.00	25.00	29.00	33.00	42.20	51.40			
01098500	1029	19771029	20141029	7	23.85	20.96	0.85	65.00				2.30	5.20	8.10	10.86	13.62	15.80	17.40	19.00	23.00	27.00	29.20	29.60	30.00	44.00	58.00			
01098500	1030	19771030	20141030	7	32.94	36.04	0.87	88.00				2.24	4.97	7.70	9.42	11.14	12.80	14.40	16.00	19.60	23.20	36.20	58.60	81.00	83.80	86.60			
01098500	1031	19771031	20141031	7	37.78	48.18	0.89	124.00				2.17	4.74	7.30	7.70	8.10	9.44	11.72	14.00	17.20	20.40	35.20	61.60	88.00	102.40	116.80			
01098500	1101	19771101	20141101	7	35.27	45.49	0.96	117.00				1.73	3.26	4.80	5.72	6.64	8.48	11.24	14.00	16.80	19.60	33.20	57.60	82.00	96.00	110.00			
01098500	1102	19771102	20141102	7	29.42	34.66	0.96	88.00				1.55	2.72	3.90	5.18	6.46	8.88	12.44	16.00	18.00	20.00	30.60	49.80	69.00	76.60	84.20			
01098500	1103	19771103	20141103	7	24.02	25.87	0.97	63.00				1.48	2.49	3.50	4.78	6.06	8.36	11.68	15.00	17.40	19.80	28.40	43.20	58.00	60.00	62.00			
01098500	1104	19771104	20141104	7	20.44	18.94	0.97	48.00				2.04	4.17	6.30	7.70	9.10	10.64	12.32	14.00	15.60	17.20	23.60	34.80	46.00	46.80	47.60			
01098500	1105	19771105	20141105	7	19.31	14.78	0.99	42.00				2.03	4.12	6.20	8.92	11.64	14.00	16.00	18.00	18.80	19.60	23.00	29.00	35.00	37.80	40.60			
01098500	1106	19771106	20141106	7	18.11	12.52	0.98	37.00				1.94	3.87	5.80	9.08	12.36	14.80	16.40	18.00	20.00	22.00	24.00	26.00	28.00	31.60	35.20			
01098500	1107	19771107	20141107	7	17.69	11.12	1.00	34.00				1.96	3.88	5.80	10.68	15.56	18.40	19.20	20.00	20.40	20.80	21.60	22.80	24.00	28.00	32.00			
01098500	1108	19771108	20141108	7	18.96	11.44	1.00	32.00				1.94	3.82	5.70	11.42	17.14	20.40	21.20	22.00	22.80	23.60	24.80	26.40	28.00	29.60	31.20			
01098500	1109	19771109	20141109	7	25.46	20.01	1.10	59.00				1.90	3.50	5.10	10.26	15.42	19.40	22.20	25.00	27.40	29.80	32.60	35.80	39.00	47.00	55.00			
01098500	1110	19771110	20141110	7	27.97	25.92	1.10	77.00				1.82	3.26	4.70	9.22	13.74	17.40	20.20	23.00	27.00	31.00	34.60	37.80	41.00	55.40	69.80			
01098500	1111	19771111	20141111	7	28.10	26.64	1.10	77.00				1.80	3.20	4.60	7.96	11.32	14.80	18.40	22.00	26.80	31.60	36.20	40.60	45.00	57.80	70.60			
01098500	1112	19771112	20141112	7	25.53	23.14	1.10	65.00				1.80	3.20	4.60	7.96	11.32	14.40	17.20	20.00	23.60	27.20	32.40	39.20	46.00	53.60	61.20			
01098500	1113	19771113	20141113	7	22.63	20.24	1.10	56.00				1.80	3.20	4.60	6.64	8.68	11.76	15.88	20.00	22.00	24.00	28.40	35.20	42.00	47.60	53.20			
01098500	1114	19771114	20141114	7	21.10	17.27	1.10	49.00				1.80	3.20	4.60	7.56	10.52	13.80	17.40	21.00	21.80	22.60	25.80	31.40	37.00	41.80	46.60			
01098500	1115	19771115	20141115	7	19.39	15.44	1.10	44.00				1.80	3.20	4.60	7.56	10.52	13.40	16.20	19.00	19.80	20.60	23.60	28.80	34.00	38.00	42.00			
01098500	1116	19771116	20141116	7	19.87	18.49	1.10	53.00				1.28	1.64	2.00	5.60	9.20	12.40	15.20	18.00	18.80	19.60	22.80	28.40	34.00	41.60	49.20			
01098500	1117	19771117	20141117	7	23.80	19.80	0.53	53.00				0.64	0.87	1.10	7.46	13.82	18.20	20.60	23.00	25.40	27.80	31.80	37.40	43.00	47.00	51.00			
01098500	1118	19771118	20141118	7	28.29	21.28	1.20	53.00				1.52	2.16	2.80	8.08	13.36	20.20	28.60	37.00	39.40	41.80	43.40	44.20	45.00	48.20	51.40			
01098500	1119	19771119	20141119	7	26.17	18.70	1.20	47.00				1.96	3.48	5.00	9.00	13.00	19.00	27.00	35.00	36.20	37.40	38.80	40.40	42.00	44.00	46.00			
01098500	1120	19771120	20141120	7	23.03	16.04	1.20	40.00				1.96	3.48	5.00	8.60	12.20	17.20	23.60	30.00	31.20	32.40	34.00	36.00	38.00	38.80	39.60			
01098500	1121	19771121	20141121	7	21.60	16.02	1.20	45.00				1.96	3.48	5.00	8.20	11.40	15.00	19.00	23.00	25.80	28.60	30.80	32.40	34.00	38.40	42.80			
01098500	1122	19771122	20141122	7	20.61	16.04	1.30	47.00				2.04	3.52	5.00	8.20	11.40	14.20	16.60	19.00	22.20	25.40	28.00	30.00	32.00	38.00	44.00			
01098500	1123	19771123	20141123	7	22.76	20.27	1.30	57.00				2.04	3.52	5.00	8.20	11.40	13.60	14.80	16.00	19.60	23.20	28.40	35.20	42.00	48.00	54.00			
01098500	1124	19771124	20141124	7	25.91	28.12	1.30	83.00				2.06	3.58	5.10	7.86	10.62	13.00	15.00	17.00	19.80	22.60	27.00	33.00	39.00	56.60	74.20			
01098500	1125	19771125	20141125	7	25.53	27.84	1.30	83.00				2.12	3.76	5.40	8.04	10.68	13.20	15.60	18.00	20.00	22.00	25.60	30.80	36.00	54.80	73.60			
01098500	1126	19771126	20141126	7	23.67	22.70	1.30	68.00				2.12	3.76	5.40	7.64	9.88	13.20	17.60	22.00	22.40	22.80	25.40	30.20	35.00	48.20	61.40			
01098500	1127	19771127	20141127	7	24.86	19.99	2.60	57.00				3.16	4.28	5.40	7.64	9.88	13.60	18.80	24.00	28.80	33.60	36.40	37.20	38.00	45.60	53.20			
01098500	1128	19771128	20141128	7	25.93	16.39	5.50	49.00				6.80	9.40	12.00	13.20	14.40	16.60	19.80	23.00	27.80	32.60	36.40	39.20	42.00	44.80	47.60			
01098500	1129	19771129	20141129	7	25.11	14.02	5.80	43.00				7.04	9.52	12.00	14.80	17.60	19.80	21.40	23.00	27.40	31.80	35.00	37.00	39.00	40.60	42.20			
01098500	1130	19771130	20141130	7	26.29	16.84	10.00	58.00				10.20	10.60	11.00	13.40	15.80	18.00	20.00	22.00	26.00	30.00	32.40	33.20	34.00	43.60	53.20			
01098500	1201	19771201	20141201	7	27.86	18.30	11.00	62.00				11.40	12.20	13.00	14.20	15.40	17.00	19.00	21.00	25.80	30.60	34.20	36.60	39.00	48.20	57.40			
01098500	1202	19771202	20141202	7	29.00	19.04	11.00	56.00				11.40	12.20	13.00	14.20	15.40	17.00	19.00	21.00	25.40	29.80	36.40	45.20	54.00	54.80	55.60			
01098500	1203	19771203	20141203	7	29.14	19.06	11.00	59.00				11.40	12.20	13.00	13.40	13.80	15.60	18.80	22.00	28.00	34.00	39.20	43.60	48.00	52.40	56.80			
01098500	1204	19771204	20141204	7	28.14	17.82	11.00	56.00				11.40	12.20	13.00	13.00	13.00	14.80	18.40	22.00	28.80	35.60	39.80	41.40	43.00	48.20	53.40			
01098500	1205	19771205	20141205	7	26.29	15.50	11.00	51.00				11.20	11.60	12.00	13.20	14.40	16.20	18.60	21.00	26.60	32.20	35.80	37.40	39.00	43.80	48.60			
01098500	1206	19771206	20141206	7	27.29	17.28	10.00	54.00				10.40	11.20	12.00	13.20	14.40	16.00	18.00	20.00	26.80	33.60	38.20	40.60	43.00	47.40	51.80			
01098500	1207	19771207	20141207	7	32.00	21.85	10.00	61.00				10.80	12.40	14.00	15.20	16.40	17.40	18.20	19.00	29.80	40.60	48.20	52.60	57.00	58.60	60.20			
01098500	1208	19771208	20141208	7	42.71	39.23	12.00	118.00				12.40	13.20	14.00	15.20	16.40	17.40	18.20	19.00	34.20	49.40	58.00	60.00	62.00	84.40	106.80			
01098500	1209	19771209	20141209	7	52.14	55.15	13.00	162.00				13.80	15.40	17.00	17.00	17.00	17.40	18.20	19.00	32.20	45.40	58.60	71.80	85.00	115.80	146.60			
01098500	1210	19771210	20141210	7	63.14	66.10	18.00	162.00				18.00	18.00	18.00	18.00	18.00	18.80	20.40	22.00	32.80	43.60	70.20	112.60	155.00	157.80	160.60			
01098500	1211	19771211	20141211	7	61.43	66.66	17.00	188.00				17.20	17.60	18.00	18.80	19.60	20.60	21.80	23.00	31.80	40.60	59.80	89.40	119.00	146.60	174.20			
01098500	1212	19771212	20141212	7	55.86	56.27	15.00	169.00				15.80	17.40	19.00	20.20	21.40	23.60	26.80	30.00	36.00	42.00	54.20	72.60	91.00	122.20	153.40			
01098500	1213	19771213	20141213	7	55.14	41.51	14.00	134.00				14.80	16.40	18.00	23.20	28.40	34.80	42.40	50.00	56.40	62.80	67.40	70.20	73.00	97.40	121.80			
01098500	1214	19771214	20141214	7	52.57	37.72	12.00	107.00				13.00	15.00	17.00	21.40	25.80	31.80	39.40	47.00	52.20	57.40	67.40	82.20	97.00	101.00	105.00			
01098500	1215	19771215	20141215	7	47.14	29.77	15.00	85.00				15.80	17.40	19.00	20.60	22.20	28.40	39.20	50.00	51.20	52.40	59.40	72.20	85.00	85.00	85.00			
01098500	1216	19771216	20141216	7	39.86	23.59	14.00	68.00				14.40	15.20	16.00	16.40	16.80	23.00	35.00	47.00	49.80	52.60	55.80	59.40	63.00	65.00	67.00			
01098500	1217	19771217	20141217	7	36.43	19.60	15.00	61.00				15.20	15.60	16.00	16.80	17.60	23.00	33.00	43.00	45.00	47.00	49.20	51.60	54.00	56.80	59.60			
01098500	1218	19771218	20141218	7	35.86	16.30	14.00	56.00				14.40	15.20	16.00	23.20	30.40	35.00	37.00	39.00	39.00	39.00	41.80	47.40	53.00	54.20	55.40			
01098500	1219	19771219	20141219	7	34.57	15.48	14.00	51.00				14.00	14.00	14.00	21.60	29.20	33.60	34.80	36.00	39.60	43.20	45.80	47.40	49.00	49.80	50.60			
01098500	1220	19771220	20141220	7	31.57	14.70	12.00	50.00				12.20	12.60	13.00	19.40	25.80	29.80	31.40	33.00	36.20	39.40	41.40	42.20	43.00	45.80	48.60			
01098500	1221	19771221	20141221	7	31.29	14.53	12.00	52.00				12.60	13.80	15.00	19.80	24.60	28.00	30.00	32.00	34.40	36.80	39.00	41.00	43.00	46.60	50.20			
01098500	1222	19771222	20141222	7	36.71	23.19	13.00	79.00				13.40	14.20	15.00	19.00	23.00	27.00	31.00	35.00	35.80	36.60	40.20	46.60	53.00	63.40	73.80			
01098500	1223	19771223	20141223	7	42.41	30.34	8.90	103.00				12.12	18.56	25.00	25.40	25.80	27.80	31.40	35.00	40.60	46.20	49.20	49.60	50.00	71.20	92.40			
01098500	1224	19771224	20141224	7	44.70	30.72	8.90	106.00				11.92	17.96	24.00	29.20	34.40	37.60	38.80	40.00	40.80	41.60	44.60	49.80	55.00	75.40	95.80			
01098500	1225	19771225	20141225	7	44.43	28.87	12.00	102.00				14.20	18.60	23.00	27.00	31.00	35.00	39.00	43.00	45.00	47.00	48.40	49.20	50.00	70.80	91.60			
01098500	1226	19771226	20141226	7	42.57	28.91	14.00	102.00				15.80	19.40	23.00	25.40	27.80	30.40	33.20	36.00	39.20	42.40	45.20	47.60	50.00	70.80	91.60			
01098500	1227	19771227	20141227	7	46.00	27.89	15.00	94.00				17.20	21.60	26.00	27.20	28.40	31.20	35.60	40.00	42.40	44.80	51.20	61.60	72.00	80.80	89.60			
01098500	1228	19771228	20141228	7	51.71	36.28	24.00	120.00				24.20	24.60	25.00	25.40	25.80	29.00	35.00	41.00	42.20	43.40	51.60	66.80	82.00	97.20	112.40			
01098500	1229	19771229	20141229	7	50.57	35.15	23.00	122.00				23.80	25.40	27.00	30.20	33.40	35.00	35.00	35.00	37.40	39.80	47.00	59.00	71.00	91.40	111.80			
01098500	1230	19771230	20141230	7	49.00	27.93	22.00	103.00				23.80	27.40	31.00	31.00	31.00	32.20	34.60	37.00	44.60	52.20	57.40	60.20	63.00	79.00	95.00			
01098500	1231	19771231	20141231	7	44.00	21.52	22.00	78.00				23.00	25.00	27.00	27.40	27.80	29.20	31.60	34.00	43.20	52.40	58.00	60.00	62.00	68.40	74.80			
