site_no	monthday	begin_dt	end_dt	count_nu	mean	std	min	max	p01	p05	p10	p15	p20	p25	p30	p35	p40	p45	p50	p55	p60	p65	p70	p75	p80	p85	p90	p95	p99
01112500	ALL	19290222	20151008	31640	788.09	838.26	21.00	25900.00	83.00	128.00	160.00	190.00	222.00	260.00	304.00	355.00	413.00	475.00	543.00	615.00	694.00	785.00	893.70	1020.00	1170.00	1390.00	1690.00	2250.00	3905.90
01112500	0101	19300101	20150101	86	832.70	585.18	124.00	2880.00		155.00	202.80	283.10	337.40	426.25	483.20	502.40	553.80	650.05	698.00	744.10	808.20	888.60	1017.30	1100.00	1214.00	1436.50	1740.00	1914.50	
01112500	0102	19300102	20150102	86	903.72	647.44	159.00	3710.00		185.10	284.60	333.65	398.80	436.25	463.10	512.65	590.00	662.55	698.50	778.85	860.80	1003.55	1120.00	1202.50	1474.00	1637.00	1750.00	2109.50	
01112500	0103	19300103	20150103	86	899.01	569.56	157.00	2790.00		230.85	321.10	390.50	423.00	470.25	516.70	594.05	638.00	667.25	740.00	770.85	837.80	992.90	1068.00	1230.00	1406.00	1518.50	1640.00	2223.00	
01112500	0104	19300104	20150104	86	910.14	608.27	116.00	3770.00		214.00	309.60	390.35	416.80	462.25	535.10	613.40	657.40	708.30	762.00	806.85	862.80	968.50	1097.00	1192.50	1376.00	1450.00	1663.00	2153.00	
01112500	0105	19300105	20150105	86	929.86	830.30	148.00	7000.00		232.10	343.60	376.20	405.00	454.00	504.30	585.05	630.20	678.30	747.00	830.05	880.60	988.30	1076.00	1232.50	1314.00	1369.50	1541.00	1919.50	
01112500	0106	19300106	20150106	86	886.24	669.77	160.00	5000.00		277.80	350.00	374.30	414.20	481.75	511.00	570.65	638.40	717.60	739.00	792.50	826.40	922.00	1029.00	1135.00	1204.00	1338.50	1517.00	1884.50	
01112500	0107	19300107	20150107	86	908.62	616.59	130.00	4000.00		272.10	339.80	380.00	456.60	499.50	537.00	584.00	638.80	690.00	758.50	833.85	874.20	981.10	1078.00	1172.50	1286.00	1456.50	1553.00	2289.50	
01112500	0108	19300108	20150108	86	954.59	678.48	195.00	3300.00		277.95	351.40	397.25	463.60	495.50	521.90	542.90	597.20	696.75	747.00	796.70	862.20	1000.40	1110.00	1195.00	1402.00	1499.00	1974.00	2526.00	
01112500	0109	19300109	20150109	86	967.55	714.64	190.00	4150.00		255.05	373.10	409.10	448.60	480.25	518.20	567.95	627.60	663.65	722.00	766.65	844.40	1005.50	1039.00	1160.00	1326.00	1833.00	2049.00	2513.00	
01112500	0110	19300110	20150110	86	1016.73	977.79	185.00	6700.00		243.10	359.70	400.25	447.40	475.75	516.40	560.80	607.00	697.60	739.00	774.00	904.60	992.40	1099.00	1165.00	1340.00	1548.00	1756.00	2565.50	
01112500	0111	19300111	20150111	86	942.88	763.22	109.00	5500.00		224.05	304.20	381.50	426.00	465.50	560.50	607.95	647.80	677.30	760.50	811.40	944.40	1056.50	1110.00	1192.50	1318.00	1399.50	1524.00	2154.50	
01112500	0112	19300112	20150112	86	917.87	629.63	167.00	4000.00		245.10	325.80	365.40	435.40	485.00	560.10	596.15	675.00	723.85	790.50	829.35	904.80	1010.00	1049.00	1147.50	1274.00	1417.50	1545.00	2237.00	
01112500	0113	19300113	20150113	86	878.86	545.00	170.00	3000.00		231.90	355.00	393.05	437.80	513.75	555.20	621.25	639.20	663.40	731.50	789.65	873.60	956.50	1000.00	1112.50	1236.00	1300.00	1713.00	1896.50	
01112500	0114	19300114	20150114	86	889.79	604.93	160.00	2980.00		227.85	368.30	391.35	421.80	482.75	526.20	613.35	650.40	676.05	710.50	786.40	844.20	886.50	944.90	1060.00	1208.00	1394.50	1659.00	2489.50	
01112500	0115	19300115	20150115	86	932.31	684.90	155.00	4390.00		285.80	368.10	396.75	448.20	482.75	556.30	597.85	634.60	733.30	769.50	833.20	895.80	943.40	1049.00	1097.50	1228.00	1389.50	1546.00	2561.00	
01112500	0116	19300116	20150116	86	942.09	632.75	153.00	3350.00		250.70	347.50	402.80	449.40	522.00	578.40	591.45	629.20	701.25	769.00	820.15	933.60	990.55	1078.00	1177.50	1336.00	1576.00	1868.00	2504.00	
01112500	0117	19300117	20150117	86	890.17	546.79	163.00	2960.00		235.05	317.60	373.35	439.20	488.00	554.00	636.25	688.00	740.75	780.50	805.10	901.20	930.05	1069.00	1132.50	1264.00	1460.00	1559.00	1995.00	
01112500	0118	19300118	20150118	86	833.72	455.91	140.00	2220.00		183.55	333.20	357.65	428.00	494.25	536.90	629.10	661.60	732.10	753.50	776.00	832.00	931.55	980.00	1100.00	1254.00	1349.50	1428.00	1755.50	
01112500	0119	19300119	20150119	86	862.74	537.56	170.00	3740.00		258.60	362.10	404.35	445.20	533.75	590.40	606.00	645.60	694.60	733.00	762.70	885.40	937.00	1018.00	1060.00	1220.00	1289.50	1406.00	1771.50	
01112500	0120	19300120	20150120	86	901.94	655.38	170.00	5170.00		259.10	374.70	460.10	519.60	547.50	592.70	632.50	672.80	692.75	785.50	857.60	903.20	930.20	970.70	1122.50	1156.00	1220.00	1407.00	1949.50	
01112500	0121	19300121	20150121	86	924.52	661.70	165.00	4190.00		259.10	365.50	407.70	472.60	544.75	576.00	617.35	656.60	709.05	780.50	796.25	856.20	893.25	1037.00	1070.00	1146.00	1490.00	1726.00	2397.50	
01112500	0122	19300122	20150122	86	962.44	938.94	165.00	7600.00		264.90	357.40	432.30	498.60	552.50	583.10	613.05	670.60	681.90	727.50	787.30	850.20	897.20	995.80	1055.00	1156.00	1399.50	1556.00	2191.00	
01112500	0123	19300123	20150123	86	928.51	665.40	116.00	4110.00		257.40	365.10	444.10	476.80	537.75	583.40	647.80	671.60	687.35	722.50	764.45	801.80	879.20	927.50	1055.00	1168.00	1409.50	1970.00	2324.50	
01112500	0124	19300124	20150124	86	976.36	659.33	160.00	3180.00		249.20	351.70	419.60	486.00	535.75	596.80	627.35	677.80	722.20	762.00	788.50	880.40	975.65	1055.00	1127.50	1386.00	1945.50	2133.00	2398.00	
01112500	0125	19300125	20150125	86	1162.60	1273.48	160.00	10100.00		234.80	340.00	379.20	471.20	554.75	587.60	641.80	689.00	715.20	734.00	841.55	916.20	1031.00	1213.00	1437.50	1696.00	1864.50	2105.00	3361.00	
01112500	0126	19300126	20150126	86	1310.37	1669.98	175.00	12500.00		266.20	330.00	374.35	504.40	535.75	565.20	629.80	649.40	683.60	760.00	831.10	890.40	1034.90	1243.00	1422.50	1656.00	1989.00	3030.00	4744.00	
01112500	0127	19300127	20150127	86	1249.14	1326.96	190.00	7950.00		298.15	330.70	458.10	514.80	555.25	574.80	616.00	653.00	670.80	739.50	823.25	864.80	1026.50	1199.00	1362.50	1828.00	2167.50	2941.00	3912.50	
01112500	0128	19300128	20150128	86	1225.05	1321.69	203.00	7700.00		249.75	341.90	449.60	492.40	524.50	560.90	598.80	614.40	661.95	724.50	799.35	929.40	1032.00	1161.00	1322.50	1644.00	1944.50	2586.00	4623.00	
01112500	0129	19300129	20150129	86	1104.36	1072.18	191.00	6340.00		268.55	322.00	397.65	463.40	494.50	511.10	545.60	571.60	611.65	691.00	838.90	896.40	1032.00	1184.00	1390.00	1492.00	1733.50	2450.00	3753.00	
01112500	0130	19300130	20150130	86	994.06	811.34	190.00	3800.00		263.75	317.60	409.00	452.40	491.00	518.10	550.00	577.60	625.80	695.50	796.25	875.20	955.75	1009.00	1140.00	1366.00	1761.00	2209.00	3208.00	
01112500	0131	19300131	20150131	86	939.51	677.29	196.00	3470.00		270.00	304.80	367.30	440.60	517.50	540.50	564.15	606.80	661.20	769.00	832.80	882.60	966.30	1048.00	1162.50	1302.00	1449.50	1931.00	2727.50	
01112500	0201	19300201	20150201	86	896.62	567.72	154.00	2570.00		214.65	289.20	385.30	428.60	501.00	540.00	590.10	622.40	694.20	776.00	817.10	848.40	959.70	1079.00	1135.00	1296.00	1497.50	1832.00	2273.50	
01112500	0202	19300202	20150202	86	903.07	594.19	203.00	3580.00		239.60	307.60	400.35	420.80	482.75	528.20	560.30	612.20	644.50	749.50	806.65	870.40	1025.50	1078.00	1157.50	1284.00	1498.00	1699.00	2141.50	
01112500	0203	19300203	20150203	86	1031.26	893.73	205.00	5880.00		249.35	325.80	407.55	464.40	495.50	534.80	565.85	628.00	658.50	749.50	791.90	936.00	1005.50	1162.00	1277.50	1516.00	1786.00	2056.00	2573.50	
01112500	0204	19300204	20150204	86	1102.12	1103.80	172.00	7140.00		236.10	333.50	395.35	451.40	511.50	550.80	578.50	634.80	710.40	761.50	820.10	911.80	951.10	1078.00	1305.00	1546.00	1659.00	2061.00	3581.00	
01112500	0205	19300205	20150205	86	1030.44	907.63	188.00	5600.00		244.80	343.50	367.45	446.80	475.25	506.20	562.35	592.00	704.70	768.50	868.70	917.40	1010.00	1076.00	1217.50	1454.00	1658.00	1935.00	3055.50	
01112500	0206	19300206	20150206	86	960.84	738.04	115.00	4160.00		244.20	303.10	402.10	451.00	476.25	528.30	559.45	610.60	696.85	745.50	808.70	892.00	984.55	1047.00	1147.50	1344.00	1538.00	2008.00	2551.50	
01112500	0207	19300207	20150207	86	949.57	662.41	159.00	3340.00		248.35	300.40	363.40	435.60	487.00	531.60	569.45	642.00	701.35	778.00	818.60	875.80	931.70	1179.00	1295.00	1372.00	1669.50	1872.00	2371.50	
01112500	0208	19300208	20150208	86	1001.69	739.19	142.00	3930.00		250.90	304.20	375.40	432.00	510.75	527.60	610.00	686.60	719.90	749.50	794.40	864.40	1043.10	1269.00	1332.50	1520.00	1640.00	1978.00	2463.00	
01112500	0209	19300209	20150209	86	934.76	607.20	168.00	3000.00		252.05	299.10	366.05	453.20	523.50	572.40	636.30	664.80	706.90	728.00	800.15	877.20	977.30	1157.00	1305.00	1408.00	1479.50	1776.00	2171.50	
01112500	0210	19300210	20150210	86	868.10	480.51	178.00	2290.00		247.70	296.10	371.80	480.20	510.00	582.50	635.90	649.40	706.20	742.00	767.95	865.80	975.00	1047.00	1200.00	1316.00	1360.00	1569.00	1897.50	
01112500	0211	19300211	20150211	86	876.55	633.58	177.00	5360.00		269.40	315.90	404.95	505.20	559.25	572.30	622.05	648.60	703.20	719.00	754.10	828.80	950.15	1039.00	1107.50	1228.00	1310.00	1433.00	1639.50	
01112500	0212	19300212	20150212	86	911.71	624.03	145.00	4950.00		294.55	367.10	473.25	513.00	545.00	592.30	612.15	647.20	690.30	765.00	829.20	940.80	968.70	1029.00	1160.00	1252.00	1387.50	1488.00	1928.00	
01112500	0213	19300213	20150213	86	917.19	552.39	109.00	3600.00		273.00	420.50	456.60	508.40	580.00	601.00	648.25	688.60	737.25	772.50	847.45	885.80	943.30	1006.50	1137.50	1236.00	1376.00	1577.00	2200.50	
01112500	0214	19300214	20150214	86	967.13	691.35	165.00	5550.00		331.45	410.00	452.30	524.20	583.50	616.70	648.45	718.60	749.05	820.50	917.25	968.20	1005.50	1078.00	1177.50	1288.00	1415.50	1666.00	1958.50	
01112500	0215	19300215	20150215	86	975.85	596.07	227.00	4220.00		366.75	402.10	463.15	527.00	579.00	611.00	663.15	709.00	732.90	904.00	960.70	1000.00	1087.50	1129.00	1202.50	1320.00	1439.00	1543.00	1973.00	
01112500	0216	19300216	20150216	86	1007.06	605.66	217.00	3250.00		373.50	432.60	494.55	569.60	598.50	621.40	665.00	726.40	788.15	849.00	958.90	1003.60	1096.50	1159.00	1242.50	1376.00	1479.50	1596.00	2560.50	
01112500	0217	19300217	20150217	86	998.20	616.47	264.00	3800.00		321.40	457.70	501.25	546.80	600.25	635.10	666.55	718.80	780.00	838.00	953.80	996.00	1046.50	1090.00	1192.50	1264.00	1499.00	1773.00	2353.00	
01112500	0218	19300218	20150218	86	996.26	573.43	248.00	3240.00		316.15	417.10	507.40	585.60	626.25	654.20	706.40	721.80	771.70	857.50	940.10	956.60	998.65	1109.00	1185.00	1370.00	1594.00	1826.00	1969.50	
01112500	0219	19300219	20150219	86	1035.09	746.40	256.00	5190.00		330.50	432.90	499.35	571.80	605.75	646.40	666.00	749.60	796.05	828.00	881.00	958.60	1022.00	1079.00	1150.00	1402.00	1509.00	1914.00	2807.00	
01112500	0220	19300220	20150220	86	1028.56	691.92	256.00	4140.00		323.30	438.20	494.40	540.00	614.50	647.20	659.75	783.40	805.15	852.50	891.00	975.20	1045.50	1079.00	1190.00	1336.00	1624.50	1879.00	2409.50	
01112500	0221	19300221	20150221	86	1009.47	594.41	259.00	2960.00		325.30	407.90	500.90	555.60	589.00	604.20	648.70	731.60	769.80	871.00	910.35	950.00	1040.00	1148.00	1312.50	1462.00	1690.00	1900.00	2190.00	
01112500	0222	19290222	20150222	87	1025.94	619.15	268.00	3790.00		364.40	447.60	484.20	526.40	563.00	615.80	657.40	704.60	759.00	879.00	909.60	991.20	1072.00	1136.00	1380.00	1568.00	1774.00	1944.00	2170.00	
01112500	0223	19290223	20150223	87	1026.92	594.76	302.00	3320.00		378.60	446.40	486.20	543.00	575.00	613.20	656.20	714.60	785.00	840.00	900.00	989.20	1122.00	1320.00	1440.00	1556.00	1644.00	1794.00	2212.00	
01112500	0224	19290224	20150224	87	1032.99	558.72	308.00	2820.00		336.40	422.80	453.60	528.20	575.00	647.80	708.80	755.20	846.80	930.00	971.40	1021.60	1222.00	1276.00	1470.00	1540.00	1592.00	1906.00	2086.00	
01112500	0225	19290225	20150225	87	1133.66	741.26	289.00	3740.00		402.80	493.40	521.20	568.40	620.00	681.40	717.60	798.00	875.20	916.00	996.00	1148.00	1200.00	1244.00	1370.00	1448.00	1752.00	1930.00	3174.00	
01112500	0226	19290226	20150226	87	1214.80	988.10	273.00	6310.00		395.20	436.40	530.40	591.40	633.00	682.00	726.40	786.20	823.00	893.00	1014.00	1096.00	1148.00	1284.00	1480.00	1572.00	1784.00	2258.00	3522.00	
01112500	0227	19290227	20150227	87	1159.08	819.15	293.00	4930.00		351.40	443.20	516.00	565.40	630.00	705.20	729.80	808.80	839.80	869.00	981.60	1060.00	1192.00	1286.00	1430.00	1666.00	1986.00	2138.00	2794.00	
01112500	0228	19290228	20150228	87	1124.20	712.95	282.00	3490.00		371.00	456.40	500.00	539.00	606.00	654.40	689.80	781.80	834.60	940.00	1014.00	1076.00	1124.00	1252.00	1450.00	1764.00	1956.00	2062.00	2770.00	
01112500	0229	19320229	20120229	21	1051.24	775.59	262.00	3550.00		277.20	422.20	457.70	465.60	474.00	480.60	533.50	638.40	762.50	800.00	971.00	982.60	1058.10	1250.00	1485.00	1660.00	1828.00	2004.00	3398.00	
01112500	0301	19290301	20150301	87	1112.38	713.16	232.00	3120.00		350.00	444.40	477.60	555.80	587.00	621.20	697.80	758.00	812.40	904.00	1008.00	1062.00	1126.00	1200.00	1470.00	1634.00	1766.00	2422.00	2778.00	
01112500	0302	19290302	20150302	87	1109.32	625.89	218.00	2850.00		386.20	466.80	544.40	567.20	611.00	664.40	715.80	802.40	911.40	951.00	1040.00	1110.00	1188.00	1334.00	1470.00	1538.00	1892.00	2168.00	2382.00	
01112500	0303	19290303	20150303	87	1170.15	728.05	197.00	4180.00		399.60	501.40	542.00	596.40	677.00	725.20	810.00	831.20	873.20	973.00	1100.00	1156.00	1254.00	1312.00	1480.00	1664.00	1932.00	2020.00	2236.00	
01112500	0304	19290304	20150304	87	1227.26	868.59	187.00	6660.00		435.20	498.20	564.60	646.20	700.00	772.40	833.00	882.20	939.20	1050.00	1110.00	1158.00	1240.00	1396.00	1560.00	1646.00	1840.00	2206.00	2592.00	
01112500	0305	19290305	20150305	87	1252.08	759.82	189.00	4200.00		450.00	493.60	594.60	672.80	711.00	771.80	824.40	883.00	943.20	1090.00	1124.00	1200.00	1382.00	1488.00	1580.00	1790.00	1900.00	2254.00	2806.00	
01112500	0306	19290306	20150306	87	1315.49	876.88	220.00	5830.00		483.40	569.60	642.20	660.60	683.00	823.60	872.20	974.40	1020.00	1040.00	1132.00	1246.00	1312.00	1478.00	1620.00	1838.00	2108.00	2364.00	3108.00	
01112500	0307	19290307	20150307	87	1396.97	996.63	232.00	5550.00		434.40	495.80	635.40	669.20	729.00	804.20	893.60	967.20	1030.00	1120.00	1208.00	1270.00	1384.00	1506.00	1670.00	1874.00	2248.00	2658.00	3924.00	
01112500	0308	19290308	20150308	87	1376.43	951.51	329.00	6730.00		418.80	503.40	620.40	723.80	772.00	905.80	943.20	1012.00	1080.00	1130.00	1172.00	1268.00	1480.00	1536.00	1620.00	1864.00	2288.00	2594.00	2912.00	
01112500	0309	19290309	20150309	87	1461.44	1001.34	392.00	6530.00		458.20	565.00	665.20	753.20	832.00	878.80	963.60	988.00	1102.00	1150.00	1324.00	1398.00	1574.00	1632.00	1820.00	1880.00	2264.00	2548.00	3598.00	
01112500	0310	19290310	20150310	87	1453.57	1076.84	390.00	7000.00		493.60	555.20	645.40	724.20	820.00	868.80	899.60	999.60	1076.00	1150.00	1240.00	1278.00	1400.00	1472.00	1660.00	2056.00	2300.00	2718.00	3780.00	
01112500	0311	19290311	20150311	87	1371.14	890.62	383.00	5420.00		555.40	674.20	704.00	774.80	830.00	874.60	917.80	979.80	1028.00	1120.00	1144.00	1238.00	1326.00	1422.00	1660.00	1778.00	2038.00	2436.00	3502.00	
01112500	0312	19290312	20150312	87	1452.57	1198.74	350.00	9750.00		534.20	654.60	707.80	758.80	880.00	927.60	970.40	1042.00	1060.00	1120.00	1154.00	1216.00	1322.00	1612.00	1770.00	1848.00	1964.00	2268.00	3500.00	
01112500	0313	19290313	20150313	87	1484.36	1437.07	418.00	12900.00		530.40	617.40	661.20	762.80	906.00	974.20	1030.00	1062.00	1086.00	1140.00	1218.00	1296.00	1460.00	1608.00	1640.00	1744.00	2028.00	2556.00	3102.00	
01112500	0314	19290314	20150314	87	1485.08	1031.44	390.00	7630.00		530.80	667.00	775.00	836.00	898.00	950.60	989.80	1022.00	1128.00	1260.00	1336.00	1442.00	1560.00	1616.00	1690.00	1904.00	2222.00	2632.00	3334.00	
01112500	0315	19290315	20150315	87	1541.72	1091.25	377.00	8170.00		487.80	631.80	780.20	872.40	894.00	975.60	1036.00	1084.00	1204.00	1320.00	1422.00	1490.00	1582.00	1666.00	1770.00	2024.00	2220.00	2522.00	3302.00	
01112500	0316	19290316	20150316	87	1540.18	976.99	403.00	6940.00		524.80	651.80	737.40	849.40	900.00	959.60	1030.00	1106.00	1296.00	1350.00	1488.00	1590.00	1668.00	1782.00	1820.00	1978.00	2208.00	2572.00	3456.00	
01112500	0317	19290317	20150317	87	1575.07	920.46	400.00	5160.00		556.80	647.00	766.60	841.40	926.00	975.20	1090.00	1210.00	1306.00	1420.00	1476.00	1604.00	1742.00	1796.00	1920.00	2118.00	2378.00	2734.00	3096.00	
01112500	0318	19290318	20150318	87	1696.41	1311.92	390.00	9870.00		541.40	682.60	756.60	875.60	1020.00	1060.00	1164.00	1220.00	1336.00	1450.00	1548.00	1608.00	1668.00	1824.00	1950.00	2136.00	2250.00	2692.00	4324.00	
01112500	0319	19290319	20150319	87	1770.47	2060.20	380.00	14200.00		543.00	666.40	733.60	907.00	1000.00	1040.00	1070.00	1114.00	1302.00	1430.00	1444.00	1496.00	1544.00	1696.00	1830.00	2098.00	2306.00	2656.00	3604.00	
01112500	0320	19290320	20150320	87	1696.47	1582.77	370.00	11800.00		518.40	671.80	743.00	928.40	984.00	1038.00	1096.00	1184.00	1266.00	1340.00	1384.00	1480.00	1584.00	1724.00	1890.00	2076.00	2316.00	2616.00	4110.00	
01112500	0321	19290321	20150321	87	1637.16	1126.78	370.00	7360.00		580.40	665.60	777.40	884.20	956.00	1064.00	1100.00	1206.00	1290.00	1400.00	1440.00	1500.00	1626.00	1884.00	2020.00	2100.00	2300.00	2724.00	3678.00	
01112500	0322	19290322	20150322	87	1778.02	1307.61	380.00	6510.00		510.60	623.00	808.40	910.00	1000.00	1058.00	1120.00	1182.00	1232.00	1330.00	1392.00	1714.00	1838.00	1944.00	2050.00	2244.00	2604.00	3264.00	5126.00	
01112500	0323	19290323	20150323	87	1824.61	1403.94	450.00	8940.00		533.40	641.00	740.80	907.60	1000.00	1044.00	1100.00	1154.00	1216.00	1300.00	1550.00	1638.00	1722.00	1934.00	2110.00	2408.00	3196.00	3866.00	4820.00	
01112500	0324	19290324	20150324	87	1702.62	1142.50	440.00	5960.00		552.80	621.20	741.00	868.00	950.00	1004.00	1054.00	1172.00	1230.00	1420.00	1484.00	1544.00	1624.00	1834.00	2090.00	2494.00	2880.00	3432.00	4124.00	
01112500	0325	19290325	20150325	87	1616.67	933.02	418.00	4470.00		538.00	686.40	771.20	866.20	942.00	1024.00	1090.00	1180.00	1264.00	1330.00	1400.00	1560.00	1724.00	1950.00	2120.00	2296.00	2618.00	2940.00	3738.00	
01112500	0326	19290326	20150326	87	1569.87	966.11	403.00	7270.00		518.80	744.20	812.40	902.80	943.00	995.20	1100.00	1152.00	1226.00	1300.00	1412.00	1508.00	1674.00	1796.00	1880.00	2218.00	2468.00	2632.00	3238.00	
01112500	0327	19290327	20150327	87	1586.49	842.45	378.00	4900.00		544.80	769.60	841.20	916.40	1020.00	1074.00	1120.00	1182.00	1268.00	1330.00	1444.00	1530.00	1666.00	1856.00	2040.00	2142.00	2600.00	2786.00	3236.00	
01112500	0328	19290328	20150328	87	1605.40	912.71	382.00	5440.00		614.80	787.00	834.40	949.60	1000.00	1034.00	1096.00	1164.00	1270.00	1320.00	1354.00	1554.00	1632.00	1796.00	1980.00	2322.00	2490.00	2844.00	3518.00	
01112500	0329	19290329	20150329	87	1590.44	945.00	391.00	4920.00		504.80	767.60	834.20	908.60	960.00	1030.00	1108.00	1132.00	1176.00	1220.00	1368.00	1474.00	1586.00	1892.00	2110.00	2212.00	2344.00	2784.00	3614.00	
01112500	0330	19290330	20150330	87	1723.78	1422.24	375.00	10000.00		482.00	669.20	788.00	828.00	933.00	997.20	1080.00	1184.00	1236.00	1310.00	1400.00	1518.00	1750.00	1832.00	1970.00	2024.00	2692.00	3270.00	4286.00	
01112500	0331	19290331	20150331	87	1827.36	1779.48	369.00	13500.00		539.60	725.60	768.20	842.80	887.00	966.40	1148.00	1220.00	1304.00	1370.00	1468.00	1626.00	1692.00	1792.00	1860.00	2172.00	2474.00	3396.00	5196.00	
01112500	0401	19290401	20150401	87	1816.79	1444.33	360.00	8380.00		621.40	697.80	824.40	873.20	940.00	1034.00	1100.00	1198.00	1272.00	1360.00	1478.00	1622.00	1752.00	1926.00	2150.00	2342.00	2798.00	3332.00	5172.00	
01112500	0402	19290402	20150402	87	1793.13	1180.00	367.00	5530.00		639.20	728.60	828.00	905.20	982.00	1052.00	1096.00	1172.00	1262.00	1480.00	1590.00	1688.00	1952.00	2132.00	2240.00	2360.00	2686.00	3426.00	5090.00	
01112500	0403	19290403	20150403	87	1785.70	1150.81	348.00	6400.00		576.80	653.20	821.20	942.80	990.00	1054.00	1080.00	1186.00	1320.00	1400.00	1550.00	1750.00	1996.00	2278.00	2350.00	2536.00	2694.00	3294.00	4194.00	
01112500	0404	19290404	20150404	87	1747.86	1045.09	400.00	5530.00		547.80	610.40	840.80	867.60	934.00	1046.00	1104.00	1188.00	1370.00	1470.00	1676.00	1874.00	2060.00	2162.00	2300.00	2450.00	2732.00	3102.00	3832.00	
01112500	0405	19290405	20150405	87	1746.28	1138.24	383.00	8130.00		587.20	698.60	758.00	818.80	910.00	984.80	1120.00	1196.00	1306.00	1420.00	1578.00	1880.00	2006.00	2102.00	2380.00	2604.00	2876.00	3070.00	3536.00	
01112500	0406	19290406	20150406	87	1748.74	1324.58	368.00	8960.00		530.00	678.80	743.20	802.20	919.00	984.00	1084.00	1182.00	1314.00	1380.00	1654.00	1724.00	1882.00	1988.00	2310.00	2414.00	2692.00	3100.00	3556.00	
01112500	0407	19290407	20150407	87	1675.77	1147.68	354.00	8150.00		518.00	686.40	711.20	799.20	936.00	988.00	1094.00	1178.00	1308.00	1480.00	1514.00	1660.00	1806.00	1966.00	2160.00	2350.00	2544.00	2974.00	3706.00	
01112500	0408	19290408	20150408	87	1572.55	1001.80	344.00	7010.00		535.60	673.80	732.80	789.60	874.00	907.20	987.00	1088.00	1274.00	1360.00	1492.00	1612.00	1684.00	1878.00	2000.00	2228.00	2436.00	2650.00	3278.00	
01112500	0409	19290409	20150409	87	1466.41	831.84	320.00	5430.00		556.20	666.40	720.80	767.20	830.00	867.00	970.80	1120.00	1180.00	1270.00	1364.00	1494.00	1614.00	1776.00	1920.00	2144.00	2270.00	2442.00	3108.00	
01112500	0410	19290410	20150410	87	1431.16	742.22	297.00	4290.00		525.40	652.00	696.00	764.60	808.00	852.40	1005.80	1082.00	1182.00	1320.00	1460.00	1532.00	1636.00	1832.00	1930.00	2034.00	2206.00	2514.00	2768.00	
01112500	0411	19290411	20150411	87	1419.16	814.14	216.00	4540.00		505.80	603.80	665.80	737.20	773.00	825.80	970.40	1008.00	1146.00	1330.00	1388.00	1528.00	1612.00	1726.00	1820.00	2028.00	2108.00	2348.00	3056.00	
01112500	0412	19290412	20150412	87	1384.77	757.88	329.00	4120.00		479.00	545.80	632.00	720.00	748.00	808.40	938.00	1000.40	1190.00	1300.00	1362.00	1508.00	1584.00	1688.00	1780.00	1948.00	2094.00	2346.00	3066.00	
01112500	0413	19290413	20150413	87	1427.47	844.67	341.00	5150.00		494.80	555.20	659.60	709.40	833.00	900.80	978.80	1034.00	1126.00	1180.00	1340.00	1424.00	1522.00	1660.00	1820.00	2008.00	2312.00	2678.00	3132.00	
01112500	0414	19290414	20150414	87	1454.64	956.95	279.00	5760.00		462.60	533.80	644.00	714.20	869.00	934.80	966.60	1014.00	1056.00	1150.00	1228.00	1304.00	1482.00	1668.00	1800.00	2054.00	2328.00	3074.00	3540.00	
01112500	0415	19290415	20150415	87	1386.71	864.54	308.00	5220.00		479.60	566.40	626.20	738.60	790.00	878.80	917.40	1042.00	1086.00	1120.00	1174.00	1326.00	1386.00	1552.00	1720.00	1958.00	2176.00	2824.00	3162.00	
01112500	0416	19290416	20150416	87	1414.43	978.00	301.00	6430.00		491.40	586.20	663.00	712.40	760.00	827.20	873.40	946.20	1082.00	1110.00	1200.00	1268.00	1404.00	1616.00	1800.00	2020.00	2402.00	2526.00	3406.00	
01112500	0417	19290417	20150417	87	1524.14	1263.40	299.00	8360.00		447.80	592.80	633.00	671.60	724.00	827.60	861.60	1012.00	1056.00	1120.00	1178.00	1266.00	1496.00	1670.00	1820.00	2240.00	2390.00	2890.00	4002.00	
01112500	0418	19290418	20150418	87	1481.13	1085.02	272.00	5800.00		440.00	568.20	604.00	653.40	730.00	806.40	931.40	988.00	1040.00	1060.00	1208.00	1324.00	1408.00	1660.00	1860.00	2126.00	2458.00	3340.00	3918.00	
01112500	0419	19290419	20150419	87	1390.89	973.72	218.00	4890.00		412.80	511.40	569.80	634.60	719.00	771.00	879.60	954.60	981.80	1050.00	1154.00	1236.00	1292.00	1588.00	1820.00	2060.00	2530.00	2828.00	3296.00	
01112500	0420	19290420	20150420	87	1359.66	979.85	245.00	5780.00		377.80	483.60	534.40	667.60	733.00	810.40	884.80	943.00	1000.80	1060.00	1128.00	1168.00	1352.00	1536.00	1700.00	1860.00	2264.00	2694.00	3724.00	
01112500	0421	19290421	20150421	87	1303.85	809.87	243.00	4800.00		394.20	497.20	554.80	651.00	736.00	832.40	879.40	957.20	1006.00	1050.00	1092.00	1250.00	1386.00	1506.00	1620.00	2036.00	2236.00	2540.00	2826.00	
01112500	0422	19290422	20150422	87	1277.10	814.26	262.00	4030.00		386.60	506.20	560.20	633.40	689.00	772.00	827.40	869.60	960.00	1060.00	1098.00	1214.00	1352.00	1428.00	1630.00	1904.00	2094.00	2330.00	3294.00	
01112500	0423	19290423	20150423	87	1266.41	847.75	291.00	5490.00		456.00	533.00	564.20	625.80	691.00	730.00	803.20	892.80	913.20	1030.00	1084.00	1236.00	1380.00	1488.00	1580.00	1858.00	1938.00	2214.00	2896.00	
01112500	0424	19290424	20150424	87	1235.46	721.44	422.00	4090.00		463.20	532.40	589.20	624.40	656.00	719.20	817.40	884.40	972.80	1030.00	1154.00	1300.00	1390.00	1520.00	1660.00	1716.00	1828.00	1982.00	2714.00	
01112500	0425	19290425	20150425	87	1244.53	885.96	416.00	7030.00		460.20	568.60	603.80	639.80	683.00	773.20	809.40	861.00	925.80	1040.00	1132.00	1248.00	1324.00	1396.00	1520.00	1606.00	1728.00	2174.00	2888.00	
01112500	0426	19290426	20150426	87	1174.54	703.40	396.00	5220.00		485.40	540.80	617.00	648.60	731.00	783.80	827.80	865.60	956.40	1040.00	1100.00	1168.00	1220.00	1278.00	1380.00	1582.00	1702.00	1844.00	2584.00	
01112500	0427	19290427	20150427	87	1164.03	608.81	302.00	3980.00		454.60	506.00	639.20	682.20	773.00	792.80	824.00	876.80	934.80	1050.00	1114.00	1148.00	1194.00	1380.00	1520.00	1596.00	1788.00	2052.00	2332.00	
01112500	0428	19290428	20150428	87	1162.86	594.50	342.00	3240.00		451.20	568.40	643.40	670.60	732.00	756.20	823.00	871.20	944.60	1010.00	1054.00	1238.00	1292.00	1364.00	1430.00	1570.00	1770.00	1988.00	2504.00	
01112500	0429	19290429	20150429	87	1164.76	606.36	335.00	2880.00		459.40	542.80	601.40	639.80	727.00	755.40	790.80	850.00	904.40	947.00	1074.00	1140.00	1288.00	1396.00	1460.00	1738.00	1938.00	2052.00	2478.00	
01112500	0430	19290430	20150430	87	1118.55	579.42	311.00	2770.00		426.60	485.60	550.60	618.80	703.00	755.20	813.80	836.40	928.00	983.00	1004.00	1074.00	1174.00	1314.00	1460.00	1674.00	1734.00	2088.00	2358.00	
01112500	0501	19290501	20150501	87	1066.20	539.10	293.00	2940.00		398.00	442.80	534.40	577.80	671.00	728.00	768.80	808.60	879.20	933.00	1004.00	1048.00	1100.00	1310.00	1400.00	1546.00	1788.00	1878.00	2088.00	
01112500	0502	19290502	20150502	87	1028.83	489.86	281.00	2950.00		381.60	474.60	557.00	642.00	670.00	705.60	772.00	828.60	907.20	952.00	991.40	1020.00	1076.00	1218.00	1360.00	1428.00	1488.00	1654.00	1930.00	
01112500	0503	19290503	20150503	87	997.21	427.62	306.00	2240.00		393.00	508.60	555.40	619.80	645.00	702.20	781.80	877.60	897.20	923.00	1014.00	1106.00	1144.00	1212.00	1260.00	1304.00	1378.00	1532.00	1908.00	
01112500	0504	19290504	20150504	87	1046.15	530.94	241.00	3240.00		413.00	463.80	572.80	613.80	647.00	689.20	785.40	842.00	886.40	984.00	1064.00	1118.00	1182.00	1212.00	1250.00	1364.00	1552.00	1698.00	1904.00	
01112500	0505	19290505	20150505	87	1018.98	521.51	343.00	3440.00		418.80	476.60	541.00	593.60	629.00	690.20	793.80	825.20	882.60	953.00	982.80	1008.00	1042.00	1120.00	1250.00	1372.00	1526.00	1682.00	1978.00	
01112500	0506	19290506	20150506	87	950.34	459.28	350.00	2710.00		418.40	465.00	520.00	573.20	590.00	659.20	704.80	790.40	821.20	856.00	915.80	948.20	969.20	1032.00	1130.00	1308.00	1492.00	1574.00	1900.00	
01112500	0507	19290507	20150507	87	915.49	445.97	267.00	2230.00		390.60	443.20	492.20	541.00	552.00	620.00	662.80	728.40	801.40	825.00	871.00	906.80	978.40	1056.00	1100.00	1258.00	1448.00	1526.00	1948.00	
01112500	0508	19290508	20150508	87	897.86	443.24	308.00	2560.00		367.20	402.60	469.00	512.00	569.00	629.80	698.60	739.20	780.80	799.00	837.60	885.00	918.60	1004.00	1090.00	1210.00	1358.00	1644.00	1816.00	
01112500	0509	19290509	20150509	87	898.47	428.31	318.00	2530.00		410.80	440.20	481.40	540.20	583.00	642.00	712.60	753.80	781.60	807.00	838.80	873.80	900.40	965.00	1120.00	1232.00	1374.00	1520.00	1716.00	
01112500	0510	19290510	20150510	87	924.09	470.31	208.00	2750.00		341.60	437.80	516.60	566.60	604.00	665.60	696.20	740.00	762.80	805.00	858.40	905.40	967.60	1054.00	1200.00	1228.00	1300.00	1460.00	1996.00	
01112500	0511	19290511	20150511	87	970.45	627.36	150.00	4540.00		387.60	453.20	479.20	537.40	615.00	654.40	676.40	720.80	767.80	806.00	866.00	917.80	1032.00	1106.00	1130.00	1200.00	1350.00	1668.00	2254.00	
01112500	0512	19290512	20150512	87	957.10	628.77	290.00	4110.00		399.40	458.00	517.60	565.00	583.00	631.80	645.80	702.60	723.00	762.00	803.40	891.20	962.40	1020.00	1060.00	1184.00	1332.00	1708.00	2308.00	
01112500	0513	19290513	20150513	87	940.84	543.21	310.00	3190.00		343.00	458.00	520.80	547.40	583.00	596.20	669.40	689.60	754.80	783.00	811.00	884.80	930.20	1006.00	1120.00	1232.00	1556.00	1702.00	2066.00	
01112500	0514	19290514	20150514	87	935.66	600.96	253.00	3520.00		296.40	382.00	455.80	480.80	538.00	582.80	657.60	671.60	709.20	790.00	818.80	842.20	955.60	1010.00	1060.00	1270.00	1512.00	1766.00	2234.00	
01112500	0515	19290515	20150515	87	911.47	577.89	279.00	4000.00		300.20	399.20	466.60	550.60	570.00	603.80	631.40	693.80	723.00	760.00	804.00	849.40	895.80	973.20	1070.00	1176.00	1390.00	1642.00	1970.00	
01112500	0516	19290516	20150516	87	898.25	526.42	257.00	3400.00		301.00	394.60	435.60	517.20	554.00	588.80	626.20	674.00	703.60	756.00	786.00	914.40	965.40	1006.00	1100.00	1240.00	1412.00	1522.00	1936.00	
01112500	0517	19290517	20150517	87	893.16	534.29	232.00	3220.00		275.00	373.60	452.80	497.00	535.00	551.60	589.80	628.80	686.40	740.00	816.40	942.80	1002.00	1054.00	1090.00	1158.00	1438.00	1560.00	2082.00	
01112500	0518	19290518	20150518	87	869.09	498.58	215.00	2510.00		310.20	400.80	445.00	482.20	510.00	566.40	596.80	610.80	665.80	714.00	774.00	857.40	936.40	958.00	1040.00	1186.00	1370.00	1644.00	2050.00	
01112500	0519	19290519	20150519	87	877.20	524.09	270.00	2780.00		327.80	387.00	448.40	469.60	534.00	551.20	597.20	629.60	671.00	771.00	799.60	865.40	909.20	977.40	1010.00	1178.00	1270.00	1630.00	2232.00	
01112500	0520	19290520	20150520	87	865.05	491.92	263.00	2730.00		310.00	381.20	443.20	466.60	473.00	546.60	604.80	668.20	732.60	782.00	817.00	862.00	897.20	984.80	1020.00	1138.00	1298.00	1492.00	1944.00	
01112500	0521	19290521	20150521	87	845.37	476.20	243.00	2300.00		294.20	331.80	421.40	454.60	503.00	539.20	588.80	638.20	673.00	724.00	748.00	824.40	883.60	954.40	1040.00	1178.00	1420.00	1626.00	1886.00	
01112500	0522	19290522	20150522	87	824.13	469.09	191.00	2400.00		290.00	396.80	423.00	458.00	487.00	525.20	576.20	628.40	675.60	702.00	741.60	793.40	859.20	886.60	1020.00	1108.00	1198.00	1636.00	1946.00	
01112500	0523	19290523	20150523	87	766.72	407.45	230.00	2330.00		338.40	369.40	393.40	453.60	509.00	535.00	575.20	598.80	625.80	673.00	696.80	723.40	809.40	867.60	944.00	995.40	1046.00	1440.00	1640.00	
01112500	0524	19290524	20150524	87	742.49	346.93	180.00	2000.00		292.80	348.40	400.00	484.60	498.00	542.20	589.80	620.60	655.80	696.00	721.60	754.40	769.00	817.60	911.00	949.80	1116.00	1264.00	1420.00	
01112500	0525	19290525	20150525	87	772.63	412.06	158.00	2540.00		253.20	331.40	402.80	447.40	492.00	552.40	576.20	630.20	662.40	695.00	735.60	768.80	811.20	835.80	892.00	1096.00	1224.00	1352.00	1540.00	
01112500	0526	19290526	20150526	87	824.09	734.32	213.00	5770.00		263.20	342.80	384.60	407.20	453.00	499.60	529.40	576.00	627.40	677.00	719.60	740.00	802.00	845.60	941.00	1030.00	1094.00	1260.00	2114.00	
01112500	0527	19290527	20150527	87	812.15	730.25	210.00	5670.00		278.80	347.00	370.00	407.60	431.00	441.40	474.00	523.40	607.80	649.00	685.20	719.00	787.20	855.00	966.00	1048.00	1116.00	1304.00	2154.00	
01112500	0528	19290528	20150528	87	766.38	572.82	190.00	3760.00		282.80	322.00	356.80	387.00	403.00	438.20	469.40	500.40	546.60	591.00	634.40	696.40	819.40	848.20	907.00	989.40	1126.00	1384.00	2008.00	
01112500	0529	19290529	20150529	87	714.51	489.49	181.00	2830.00		261.20	319.40	356.20	381.20	406.00	427.40	448.80	504.40	555.20	584.00	625.00	650.20	711.80	761.20	813.00	928.60	1034.00	1256.00	1840.00	
01112500	0530	19290530	20150530	87	680.45	467.99	139.00	2440.00		191.80	250.00	299.40	338.80	371.00	398.00	450.60	502.20	540.00	572.00	603.60	626.40	678.40	714.00	797.00	913.00	1044.00	1308.00	1762.00	
01112500	0531	19290531	20150531	87	716.17	629.51	196.00	4830.00		258.20	280.80	294.40	323.60	353.00	375.80	461.80	497.00	532.00	560.00	578.40	611.20	681.80	778.00	826.00	871.60	944.20	1340.00	2022.00	
01112500	0601	19290601	20150601	87	797.74	945.53	190.00	8410.00		260.00	297.80	329.40	359.20	436.00	469.00	502.40	533.20	577.60	602.00	630.40	667.40	687.40	777.60	806.00	907.00	1038.60	1616.00	2048.00	
01112500	0602	19290602	20150602	87	795.86	773.31	212.00	6060.00		250.40	303.80	343.60	383.60	413.00	459.80	478.80	535.20	549.00	596.00	640.00	677.20	686.20	745.00	818.00	923.80	1256.00	1484.00	2310.00	
01112500	0603	19290603	20150603	87	836.54	835.17	188.00	6110.00		240.00	269.20	345.80	399.80	406.00	443.20	478.40	536.40	567.80	588.00	613.00	631.80	730.00	779.60	917.00	1058.00	1208.00	1590.00	2422.00	
01112500	0604	19290604	20150604	87	787.39	761.80	164.00	5000.00		210.00	254.80	280.20	359.20	370.00	407.00	444.60	525.00	560.60	617.00	654.20	701.80	729.40	784.80	904.00	959.60	1180.00	1536.00	2196.00	
01112500	0605	19290605	20150605	87	755.77	722.61	147.00	4390.00		227.60	285.60	323.00	338.60	384.00	426.40	439.60	485.40	530.60	548.00	574.80	585.40	624.60	739.20	780.00	954.60	1066.00	1484.00	1972.00	
01112500	0606	19290606	20150606	87	793.74	1127.73	169.00	10100.00		207.80	263.80	316.80	346.00	378.00	418.80	456.40	476.40	501.60	535.00	550.20	594.60	669.20	744.60	791.00	930.80	1156.00	1398.00	2052.00	
01112500	0607	19290607	20150607	87	863.60	1329.55	68.00	10900.00		182.00	257.80	300.40	358.80	376.00	407.60	423.60	468.60	489.80	510.00	537.20	580.20	656.80	748.60	822.00	935.60	1154.00	1556.00	2806.00	
01112500	0608	19290608	20150608	87	856.71	1185.32	110.00	6910.00		220.20	277.60	310.40	334.00	346.00	366.20	403.60	431.40	457.80	486.00	516.60	569.40	607.80	674.20	751.00	830.00	1216.00	1716.00	3942.00	
01112500	0609	19290609	20150609	87	770.43	896.90	140.00	4950.00		223.20	257.00	297.80	317.40	330.00	361.40	386.00	406.20	440.00	476.00	508.80	526.00	590.60	640.80	670.00	858.80	1284.00	1672.00	2716.00	
01112500	0610	19290610	20150610	87	780.84	947.90	136.00	6440.00		224.40	245.40	275.60	305.40	325.00	355.80	379.40	397.80	434.00	461.00	480.40	505.20	568.60	628.00	695.00	941.20	1300.00	1874.00	2534.00	
01112500	0611	19290611	20150611	87	761.31	998.58	131.00	7380.00		208.80	241.20	255.20	287.20	309.00	323.40	367.60	385.40	423.20	450.00	479.20	501.40	598.40	619.80	766.00	813.20	1176.00	1828.00	2828.00	
01112500	0612	19290612	20150612	87	712.20	854.31	106.00	5520.00		206.40	244.80	280.60	292.20	314.00	335.60	364.20	398.00	422.40	450.00	494.80	513.40	551.60	621.00	665.00	808.80	1098.00	1452.00	2342.00	
01112500	0613	19290613	20150613	87	703.62	682.57	133.00	3660.00		177.80	202.00	252.20	275.80	306.00	345.20	364.00	395.20	430.40	486.00	519.00	559.20	595.40	656.40	744.00	901.00	1162.00	1684.00	2332.00	
01112500	0614	19290614	20150614	87	745.09	899.30	143.00	5400.00		166.00	200.40	241.60	273.20	298.00	335.20	370.60	396.20	425.60	445.00	500.60	510.20	571.60	615.60	707.00	835.60	1192.00	1908.00	2468.00	
01112500	0615	19290615	20150615	87	714.85	944.05	101.00	6120.00		168.60	204.20	249.00	261.20	304.00	360.00	387.40	414.80	430.80	458.00	483.00	491.80	521.40	560.80	651.00	727.20	1058.40	1666.00	1902.00	
01112500	0616	19290616	20150616	87	627.63	657.62	120.00	3920.00		186.60	221.20	244.80	276.60	316.00	331.00	339.80	377.80	400.20	433.00	448.20	475.40	505.00	561.00	597.00	738.80	1099.00	1436.00	1718.00	
01112500	0617	19290617	20150617	87	616.54	569.71	110.00	3030.00		192.20	231.20	247.80	265.60	295.00	314.80	343.00	374.80	392.40	417.00	437.20	455.00	491.60	532.80	634.00	940.20	1018.00	1432.00	1944.00	
01112500	0618	19290618	20150618	87	636.47	755.84	101.00	5530.00		162.40	218.00	239.00	256.60	279.00	298.00	332.40	351.80	365.20	379.00	420.20	444.20	468.20	538.00	586.00	878.80	1043.00	1346.00	2130.00	
01112500	0619	19290619	20150619	87	611.39	629.33	112.00	3340.00		168.60	221.20	231.20	258.00	278.00	302.80	317.60	340.40	355.60	371.00	401.20	414.20	509.20	565.60	686.00	801.80	1018.60	1282.00	1990.00	
01112500	0620	19290620	20150620	87	589.72	595.05	108.00	3500.00		189.20	209.40	233.40	250.20	269.00	283.40	308.00	321.20	328.60	349.00	362.00	425.40	453.60	539.60	688.00	835.00	978.40	1252.00	2098.00	
01112500	0621	19290621	20150621	87	548.06	512.40	108.00	2940.00		188.60	205.80	220.20	236.00	247.00	280.40	300.00	325.40	340.80	351.00	372.00	383.40	412.20	499.40	622.00	751.40	885.60	1340.00	1756.00	
01112500	0622	19290622	20150622	87	512.18	447.64	76.00	2280.00		167.40	199.60	214.20	239.20	258.00	269.00	281.80	305.00	322.40	348.00	367.60	389.00	408.20	477.00	559.00	709.00	872.40	1220.00	1678.00	
01112500	0623	19290623	20150623	87	514.97	540.44	104.00	4100.00		151.80	187.40	202.60	224.00	239.00	259.80	278.40	293.00	323.20	357.00	381.00	405.80	434.60	523.20	590.00	692.00	774.00	960.00	1404.00	
01112500	0624	19290624	20150624	87	502.52	517.68	108.00	3930.00		171.20	186.80	196.80	224.80	246.00	262.20	278.00	290.80	315.20	336.00	364.00	398.20	432.80	496.80	576.00	671.20	752.00	944.00	1430.00	
01112500	0625	19290625	20150625	87	485.76	473.36	90.00	2960.00		147.40	172.60	185.40	209.20	223.00	233.00	258.20	287.80	300.40	356.00	367.40	408.00	484.20	516.80	582.00	643.80	694.40	977.20	1258.00	
01112500	0626	19290626	20150626	87	481.68	478.69	97.00	3360.00		156.60	162.80	194.20	213.20	233.00	245.60	255.20	266.20	302.20	313.00	349.80	369.40	431.40	538.80	579.00	598.40	745.20	899.60	1466.00	
01112500	0627	19290627	20150627	87	451.45	389.05	92.00	2520.00		148.80	177.40	186.20	201.40	224.00	244.60	255.80	266.00	280.60	321.00	356.00	374.20	433.60	464.40	514.00	548.20	739.60	961.40	1414.00	
01112500	0628	19290628	20150628	87	456.92	437.14	64.00	3040.00		132.40	142.40	172.20	190.60	208.00	228.20	255.20	282.00	302.40	329.00	346.80	373.00	419.00	446.00	503.00	631.20	802.80	898.40	1360.00	
01112500	0629	19290629	20150629	87	460.67	470.75	44.00	3490.00		135.60	155.80	184.40	201.60	225.00	246.40	279.60	290.40	309.20	314.00	335.60	353.80	392.80	464.00	509.00	616.00	706.60	902.60	1132.00	
01112500	0630	19290630	20150630	87	444.25	442.87	67.00	2560.00		121.40	157.00	174.60	185.40	220.00	233.40	247.80	272.20	285.80	299.00	325.00	362.40	392.00	413.80	481.00	554.40	658.60	851.00	1702.00	
01112500	0701	19290701	20150701	87	464.78	613.25	103.00	4660.00		154.40	160.60	176.20	190.40	210.00	223.60	244.60	257.20	270.00	278.00	294.80	310.20	353.20	388.00	508.00	545.60	703.40	806.80	1550.00	
01112500	0702	19290702	20150702	87	429.09	465.25	88.00	3450.00		135.80	152.80	169.80	200.40	214.00	226.40	238.20	242.60	264.60	299.00	312.20	330.20	345.00	410.20	474.00	520.80	631.60	746.40	1300.00	
01112500	0703	19290703	20150703	87	399.34	433.00	89.00	3030.00		142.00	155.60	172.40	187.80	204.00	207.80	220.40	246.00	256.60	269.00	283.60	308.80	316.20	352.20	433.00	517.20	557.80	779.40	1096.00	
01112500	0704	19290704	20150704	87	351.55	331.93	78.00	2210.00		110.00	123.40	152.20	165.80	179.00	187.40	206.80	226.20	244.20	257.00	265.20	284.00	300.00	329.00	391.00	454.60	509.20	722.80	984.80	
01112500	0705	19290705	20150705	87	342.52	266.35	78.00	1600.00		106.00	131.60	162.80	169.20	180.00	201.80	211.80	222.40	252.20	266.00	282.40	302.00	311.20	333.40	378.00	469.40	536.40	712.80	919.80	
01112500	0706	19290706	20150706	87	357.74	255.52	60.00	1270.00		120.80	142.40	148.40	161.60	177.00	202.60	219.20	243.20	255.60	291.00	306.20	313.80	338.00	370.80	429.00	527.20	612.00	721.20	967.80	
01112500	0707	19290707	20150707	87	348.76	252.87	110.00	1380.00		119.80	141.20	151.80	161.40	180.00	194.60	211.20	224.40	236.20	254.00	267.80	288.40	333.00	367.20	440.00	550.60	626.00	715.80	909.20	
01112500	0708	19290708	20150708	87	350.66	366.12	71.00	2780.00		117.80	138.80	146.20	157.60	172.00	189.80	205.60	215.60	231.20	243.00	253.60	272.80	302.80	351.40	411.00	446.60	569.60	619.20	933.00	
01112500	0709	19290709	20150709	87	333.75	310.40	66.00	1910.00		111.40	119.00	137.40	157.80	166.00	193.00	200.00	206.40	217.60	230.00	243.60	266.80	320.40	348.00	376.00	434.60	533.60	613.80	807.00	
01112500	0710	19290710	20150710	87	330.57	262.08	80.00	1550.00		122.20	141.40	150.40	175.60	185.00	193.00	202.40	217.40	226.60	243.00	260.80	300.40	331.20	363.80	415.00	430.20	467.80	577.60	734.80	
01112500	0711	19290711	20150711	87	323.22	228.94	100.00	1310.00		113.60	136.00	167.20	175.20	184.00	192.40	200.00	213.60	224.60	244.00	274.60	286.00	303.00	337.00	362.00	438.80	489.80	647.00	871.20	
01112500	0712	19290712	20150712	87	306.55	229.38	69.00	1380.00		101.20	146.20	158.40	170.60	177.00	182.40	187.40	199.00	208.80	230.00	245.60	274.80	293.20	307.20	330.00	427.20	501.60	555.20	811.40	
01112500	0713	19290713	20150713	87	299.37	208.46	87.00	1080.00		100.40	125.60	140.60	159.20	166.00	177.00	188.60	198.00	209.80	222.00	234.20	249.40	274.40	334.00	393.00	436.20	481.40	574.80	803.60	
01112500	0714	19290714	20150714	87	326.09	353.75	86.00	3020.00		116.40	131.80	148.60	157.40	168.00	171.40	185.20	200.60	213.80	226.00	232.20	260.20	308.60	331.00	383.00	431.60	468.00	529.20	846.40	
01112500	0715	19290715	20150715	87	315.38	287.13	88.00	2050.00		106.80	118.60	146.80	156.60	169.00	184.80	199.00	207.60	214.60	226.00	240.40	259.00	289.40	330.40	357.00	398.00	434.20	514.00	884.80	
01112500	0716	19290716	20150716	87	296.44	223.55	83.00	1440.00		113.80	120.80	139.00	160.60	166.00	174.80	189.80	195.00	218.00	232.00	263.00	276.80	287.20	321.00	360.00	386.40	435.20	513.00	600.00	
01112500	0717	19290717	20150717	87	283.63	183.37	82.00	1120.00		102.60	118.00	135.60	148.00	167.00	177.80	185.40	201.40	220.60	239.00	253.60	265.80	283.40	324.20	366.00	379.60	430.00	482.80	691.60	
01112500	0718	19290718	20150718	87	277.28	184.29	73.00	976.00		110.00	121.20	132.40	148.60	162.00	176.00	186.40	203.40	218.80	230.00	240.60	250.00	262.20	294.20	308.00	344.60	408.00	539.40	741.20	
01112500	0719	19290719	20150719	87	264.22	174.63	68.00	926.00		102.80	118.00	124.60	139.80	160.00	173.60	181.80	188.40	206.80	221.00	230.40	237.00	244.40	265.60	286.00	324.60	382.80	537.00	731.00	
01112500	0720	19290720	20150720	87	281.26	199.41	80.00	1240.00		100.80	116.60	139.00	155.00	163.00	168.00	172.80	185.60	201.20	218.00	231.00	248.80	263.80	296.40	341.00	391.20	438.80	551.20	652.60	
01112500	0721	19290721	20150721	87	304.23	362.81	72.00	2630.00		91.20	117.00	121.00	141.80	153.00	159.20	165.60	185.00	191.80	202.00	211.80	229.00	244.20	252.20	304.00	371.60	395.40	530.80	927.80	
01112500	0722	19290722	20150722	87	353.03	672.54	84.00	5490.00		98.00	108.00	131.20	139.20	146.00	155.20	167.40	177.20	186.20	192.00	204.40	226.20	252.00	294.40	326.00	351.60	387.20	560.40	803.40	
01112500	0723	19290723	20150723	87	363.92	788.75	77.00	7160.00		95.80	109.00	125.60	132.60	146.00	153.00	158.80	175.40	185.00	191.00	211.80	235.80	275.00	293.80	335.00	397.80	468.40	571.80	810.40	
01112500	0724	19290724	20150724	87	485.51	1478.49	83.00	13700.00		98.00	120.20	134.40	145.00	159.00	170.60	180.80	186.00	190.60	205.00	223.00	247.20	278.00	346.80	370.00	388.00	529.60	707.00	1354.00	
01112500	0725	19290725	20150725	87	475.51	1235.63	102.00	10700.00		108.60	124.80	138.40	143.80	150.00	159.00	168.40	180.40	191.60	210.00	228.20	246.00	286.40	308.00	354.00	410.20	501.60	570.00	1314.00	
01112500	0726	19290726	20150726	87	381.70	733.48	65.00	6260.00		100.80	118.00	131.20	136.00	146.00	160.80	175.80	184.20	190.80	200.00	224.40	238.60	264.40	285.20	312.00	373.00	438.00	743.60	1062.80	
01112500	0727	19290727	20150727	87	335.17	495.40	49.00	4150.00		95.60	117.80	128.40	139.60	146.00	155.80	169.20	175.20	200.00	218.00	224.60	249.00	269.20	283.60	328.00	376.40	497.00	607.20	758.20	
01112500	0728	19290728	20150728	87	312.90	390.19	59.00	3120.00		92.00	116.80	128.40	134.60	143.00	150.40	156.00	161.20	174.60	191.00	207.80	240.20	279.40	307.00	345.00	381.60	439.60	563.80	984.80	
01112500	0729	19290729	20150729	87	307.14	318.55	63.00	2590.00		78.20	109.60	120.80	135.20	141.00	152.60	160.80	167.20	190.00	221.00	261.20	277.20	325.20	345.60	363.00	370.80	450.80	580.00	746.60	
01112500	0730	19290730	20150730	87	317.64	326.98	29.00	2180.00		87.80	116.40	132.20	142.20	148.00	155.80	162.80	183.20	194.00	229.00	260.20	295.00	303.80	346.40	379.00	418.40	473.00	509.80	722.00	
01112500	0731	19290731	20150731	87	291.77	277.43	65.00	1820.00		92.40	112.80	127.00	138.60	150.00	153.00	163.20	179.80	197.20	228.00	242.40	277.40	297.40	312.60	339.00	366.40	388.40	469.60	659.40	
01112500	0801	19290801	20150801	87	284.93	304.51	70.00	2210.00		84.00	108.80	124.00	131.80	144.00	154.80	164.80	173.60	185.60	215.00	241.80	251.60	270.00	304.00	312.00	332.00	378.40	454.20	738.80	
01112500	0802	19290802	20150802	87	274.57	297.47	54.00	1900.00		77.00	105.60	120.40	132.20	146.00	148.60	159.60	171.80	190.40	203.00	223.80	236.60	262.80	285.40	300.00	315.00	365.20	441.00	544.60	
01112500	0803	19290803	20150803	87	258.53	221.84	48.00	1390.00		81.60	114.80	120.40	130.00	136.00	148.00	159.00	174.40	185.00	203.00	211.40	221.80	245.40	265.60	281.00	343.80	368.80	427.60	626.20	
01112500	0804	19290804	20150804	87	247.51	192.34	45.00	1180.00		74.40	101.80	118.40	127.00	133.00	141.40	161.20	170.00	178.80	200.00	214.40	227.20	248.60	256.00	288.00	323.20	348.20	423.60	633.80	
01112500	0805	19290805	20150805	87	245.85	172.78	47.00	1060.00		89.20	105.60	125.00	132.60	140.00	157.60	167.80	178.40	186.60	197.00	206.00	218.00	227.80	258.20	298.00	334.40	361.80	422.00	612.20	
01112500	0806	19290806	20150806	87	236.99	141.34	73.00	919.00		107.60	117.60	127.00	137.80	143.00	155.40	166.80	182.00	191.80	202.00	209.80	221.80	242.40	261.20	285.00	305.20	332.80	380.40	483.40	
01112500	0807	19290807	20150807	87	250.56	170.58	67.00	1050.00		97.40	123.80	128.20	140.60	148.00	161.80	173.60	181.60	190.20	200.00	210.00	220.00	251.00	252.60	271.00	313.60	366.00	469.60	635.20	
01112500	0808	19290808	20150808	87	319.74	469.58	51.00	3840.00		93.40	102.40	117.00	126.20	136.00	144.80	156.00	166.20	177.00	194.00	202.40	209.80	234.20	256.00	309.00	329.60	414.40	622.60	1188.00	
01112500	0809	19290809	20150809	87	311.62	399.21	57.00	2970.00		83.60	98.40	112.40	120.60	136.00	146.80	157.60	164.00	171.20	185.00	198.00	216.20	241.40	266.00	304.00	348.80	409.60	616.20	1154.00	
01112500	0810	19290810	20150810	87	313.00	318.24	49.00	1810.00		88.00	107.20	120.20	129.60	140.00	145.80	157.60	170.80	184.00	193.00	202.40	234.80	274.60	305.20	319.00	378.40	451.20	849.20	1026.00	
01112500	0811	19290811	20150811	87	310.22	325.12	21.00	2350.00		81.80	97.00	108.20	123.00	141.00	152.00	161.80	171.80	187.80	202.00	226.00	247.80	288.60	307.40	346.00	410.40	516.60	572.20	1065.20	
01112500	0812	19290812	20150812	87	332.72	475.61	54.00	4230.00		87.20	104.80	115.80	127.60	152.00	160.40	176.60	187.80	204.60	216.00	234.80	266.20	281.00	303.20	362.00	415.60	473.00	644.20	826.60	
01112500	0813	19290813	20150813	87	324.92	373.24	60.00	2350.00		87.60	106.60	120.00	139.80	152.00	168.40	185.80	198.60	211.20	217.00	234.20	262.40	289.20	311.80	352.00	381.40	449.20	536.80	848.80	
01112500	0814	19290814	20150814	87	322.72	418.71	69.00	3440.00		91.80	113.60	131.40	140.00	152.00	171.00	184.80	197.20	207.80	223.00	243.80	249.00	259.60	284.80	304.00	373.00	432.40	595.40	763.20	
01112500	0815	19290815	20150815	87	301.70	302.50	64.00	2460.00		85.00	114.00	130.00	139.60	154.00	170.60	184.80	189.20	208.20	229.00	238.80	253.00	281.20	301.40	327.00	396.80	417.20	504.00	815.40	
01112500	0816	19290816	20150816	87	302.07	322.61	69.00	2060.00		89.40	104.40	124.20	134.20	150.00	158.40	169.20	179.20	198.60	209.00	222.40	235.40	251.00	283.40	322.00	372.00	441.60	569.80	803.20	
01112500	0817	19290817	20150817	87	288.90	275.46	65.00	1580.00		83.80	106.80	124.80	132.20	144.00	159.40	167.80	183.60	189.20	205.00	212.60	227.60	256.20	297.60	318.00	367.00	438.60	549.40	854.40	
01112500	0818	19290818	20150818	87	288.85	264.67	77.00	1480.00		91.20	109.20	129.80	138.20	145.00	152.00	165.40	172.80	184.20	195.00	212.00	221.20	239.40	284.20	310.00	389.00	437.20	610.40	944.40	
01112500	0819	19290819	20150819	87	407.23	1197.25	65.00	11200.00		86.40	104.40	119.00	126.00	148.00	156.20	160.80	168.20	184.80	197.00	219.60	241.40	259.20	283.40	314.00	341.80	431.40	600.40	1064.00	
01112500	0820	19290820	20150820	87	584.30	2771.67	54.00	25900.00		84.00	100.80	109.20	125.20	135.00	150.40	162.00	174.00	193.00	212.00	231.60	239.40	248.80	272.60	302.00	326.80	419.40	639.60	833.80	
01112500	0821	19290821	20150821	87	417.64	1313.11	66.00	12200.00		86.00	104.20	119.20	138.40	147.00	160.00	167.40	181.00	190.60	200.00	212.80	218.80	241.60	256.00	291.00	340.00	444.80	572.20	838.60	
01112500	0822	19290822	20150822	87	338.93	703.07	51.00	6430.00		92.80	112.00	122.40	137.20	162.00	166.00	169.00	175.20	186.00	200.00	209.80	226.00	237.40	252.00	270.00	312.00	395.40	610.20	807.60	
01112500	0823	19290823	20150823	87	302.80	497.87	71.00	4410.00		94.00	108.80	119.60	126.00	141.00	148.80	158.00	165.60	184.20	197.00	203.40	212.60	227.40	258.00	286.00	312.80	411.20	520.00	658.80	
01112500	0824	19290824	20150824	87	293.13	461.82	57.00	4260.00		86.60	105.80	124.00	146.40	151.00	159.40	168.00	175.20	179.00	189.00	206.20	221.20	238.20	271.00	299.00	370.00	391.60	448.40	619.20	
01112500	0825	19290825	20150825	87	285.22	407.17	66.00	3500.00		79.20	98.40	115.00	126.60	138.00	150.40	158.60	167.20	179.20	197.00	224.00	233.80	245.20	266.40	285.00	309.80	367.00	456.60	643.00	
01112500	0826	19290826	20150826	87	278.26	340.45	67.00	2750.00		90.00	103.80	118.00	126.00	138.00	147.00	154.20	165.80	183.60	199.00	207.40	213.80	240.00	249.00	303.00	358.20	393.20	518.60	618.60	
01112500	0827	19290827	20150827	87	260.23	277.71	45.00	2190.00		81.40	101.40	117.20	126.60	132.00	142.40	149.60	158.80	172.80	188.00	200.20	215.80	222.40	229.20	280.00	313.20	386.00	452.40	677.80	
01112500	0828	19290828	20150828	87	287.45	392.20	35.00	3130.00		79.40	95.60	117.20	137.20	147.00	156.00	161.60	165.20	176.60	185.00	194.00	208.40	222.80	249.20	312.00	324.40	377.20	477.60	817.40	
01112500	0829	19290829	20150829	87	321.45	644.01	67.00	5920.00		80.00	98.40	111.60	130.00	146.00	152.40	162.00	168.20	179.40	190.00	220.00	250.80	268.40	284.00	310.00	329.60	376.00	473.00	688.40	
01112500	0830	19290830	20150830	87	297.03	415.28	59.00	3620.00		78.20	99.80	120.80	130.80	141.00	148.80	156.80	165.40	186.40	197.00	211.40	224.20	243.80	278.60	314.00	347.40	417.20	594.20	664.80	
01112500	0831	19290831	20150831	87	279.49	306.57	56.00	2320.00		74.20	105.80	122.00	136.80	142.00	145.40	156.60	171.20	176.20	188.00	199.40	207.40	224.60	249.60	284.00	326.20	431.40	591.40	808.20	
01112500	0901	19290901	20150901	87	281.17	336.38	53.00	2230.00		68.00	86.80	123.20	132.80	138.00	143.80	155.80	160.60	173.20	184.00	194.80	204.60	226.20	237.80	246.00	318.40	438.40	497.80	904.40	
01112500	0902	19290902	20150902	87	265.72	274.29	49.00	1790.00		65.60	85.00	116.20	127.00	133.00	146.20	159.20	169.00	174.40	193.00	201.40	221.40	236.60	250.60	301.00	335.40	372.20	429.00	784.40	
01112500	0903	19290903	20150903	87	246.37	215.89	30.00	1110.00		61.40	75.40	111.60	121.60	131.00	136.20	147.80	162.20	168.60	186.00	195.00	206.60	225.40	275.20	289.00	322.80	363.40	403.00	882.40	
01112500	0904	19290904	20150904	87	243.68	182.36	48.00	1000.00		76.60	108.80	115.20	130.60	135.00	141.60	151.60	158.80	175.20	179.00	187.00	204.80	229.40	241.20	269.00	318.80	421.00	457.00	746.40	
01112500	0905	19290905	20150905	87	229.91	150.74	50.00	937.00		64.40	98.00	113.80	125.20	132.00	137.40	153.20	161.00	176.20	186.00	194.20	215.60	231.00	247.00	287.00	320.80	385.00	455.20	529.40	
01112500	0906	19290906	20150906	87	227.41	176.75	29.00	1280.00		63.20	99.80	105.40	114.60	120.00	130.40	134.80	153.40	165.20	175.00	188.80	204.80	226.20	251.20	286.00	314.40	345.60	411.20	542.00	
01112500	0907	19290907	20150907	87	252.63	272.74	56.00	1880.00		75.40	89.00	103.00	110.00	116.00	135.80	152.60	157.60	164.00	182.00	198.80	203.00	212.20	237.60	261.00	315.80	350.80	511.00	603.80	
01112500	0908	19290908	20150908	87	280.89	418.19	52.00	3050.00		77.00	99.20	111.20	128.20	137.00	144.20	152.60	161.60	174.00	188.00	199.80	221.80	237.20	258.00	273.00	289.60	327.80	405.40	661.40	
01112500	0909	19290909	20150909	87	294.83	611.39	53.00	5690.00		75.40	90.60	104.60	116.00	130.00	144.40	154.80	164.20	174.80	190.00	211.40	217.80	227.60	249.20	277.00	302.80	344.20	434.20	685.00	
01112500	0910	19290910	20150910	87	276.41	416.37	57.00	3700.00		78.00	96.40	111.40	121.80	128.00	137.00	143.60	169.00	178.00	187.00	200.00	209.40	234.80	244.80	256.00	295.80	348.80	522.80	650.40	
01112500	0911	19290911	20150911	87	280.93	374.59	61.00	2570.00		93.40	101.00	109.20	123.80	134.00	139.40	157.00	165.00	176.80	186.00	196.00	205.20	216.80	238.60	251.00	294.20	353.20	490.80	838.40	
01112500	0912	19290912	20150912	87	339.44	916.84	45.00	8530.00		80.40	105.60	114.00	134.00	145.00	153.80	162.00	173.20	180.00	192.00	211.40	223.60	232.40	249.00	263.00	295.20	352.80	425.00	681.80	
01112500	0913	19290913	20150913	87	332.14	755.48	67.00	6870.00		87.40	106.80	115.20	134.60	141.00	151.60	159.80	170.20	184.20	192.00	204.40	208.00	235.40	254.00	274.00	291.40	369.80	447.60	709.00	
01112500	0914	19290914	20150914	87	299.03	441.11	43.00	3840.00		86.00	111.20	123.20	134.60	153.00	158.40	169.60	178.40	186.60	195.00	206.80	229.60	248.00	272.00	295.00	321.00	380.40	472.40	713.40	
01112500	0915	19290915	20150915	87	306.16	391.01	65.00	2750.00		84.60	114.00	130.40	143.60	156.00	162.00	168.60	188.80	198.00	217.00	220.80	237.00	255.20	265.00	287.00	327.40	369.60	501.00	874.60	
01112500	0916	19290916	20150916	87	310.53	322.41	64.00	2220.00		103.40	133.80	138.40	145.60	153.00	162.80	172.20	185.60	189.60	204.00	227.40	246.80	267.60	304.00	325.00	364.40	422.00	636.60	757.00	
01112500	0917	19290917	20150917	87	364.61	583.09	52.00	3700.00		108.20	130.40	143.20	147.00	151.00	153.80	174.20	188.00	194.60	201.00	219.20	230.40	242.00	265.60	285.00	326.80	440.60	581.60	1856.80	
01112500	0918	19290918	20150918	87	380.44	545.58	78.00	3160.00		100.40	125.40	136.40	147.00	164.00	175.00	179.80	187.60	200.00	220.00	230.80	242.00	258.80	280.60	316.00	367.40	494.80	634.20	1836.00	
01112500	0919	19290919	20150919	87	381.31	462.85	73.00	2490.00		85.20	107.00	120.20	142.80	163.00	177.00	181.00	189.20	202.00	227.00	253.60	269.20	281.40	308.00	375.00	443.00	638.40	751.80	1548.00	
01112500	0920	19290920	20150920	87	403.94	578.75	65.00	4400.00		88.40	100.60	108.00	127.80	141.00	160.40	166.60	180.20	196.00	214.00	230.80	249.00	284.00	335.20	425.00	464.40	643.20	986.40	1340.00	
01112500	0921	19290921	20150921	87	405.76	674.33	42.00	5650.00		87.40	100.40	123.40	132.20	147.00	159.20	167.80	178.20	187.60	204.00	223.20	255.80	268.20	316.80	399.00	482.80	615.80	922.80	1304.00	
01112500	0922	19290922	20150922	87	414.48	764.65	58.00	6160.00		84.40	103.80	117.80	143.60	153.00	157.80	173.00	185.20	205.80	219.00	241.00	250.60	273.60	326.40	376.00	454.00	589.80	700.60	1238.80	
01112500	0923	19290923	20150923	87	384.71	554.10	59.00	4520.00		86.60	121.20	146.00	160.40	167.00	180.40	192.00	198.40	217.80	224.00	262.80	290.60	322.40	342.00	381.00	477.00	555.40	651.40	1140.80	
01112500	0924	19290924	20150924	87	365.17	436.93	57.00	3240.00		83.40	130.00	153.20	158.80	164.00	175.40	177.00	188.40	210.20	225.00	244.40	266.60	291.80	323.80	366.00	385.60	554.40	713.00	1318.00	
01112500	0925	19290925	20150925	87	346.36	368.04	57.00	2480.00		86.80	116.60	131.20	147.60	162.00	168.20	179.00	185.60	194.80	203.00	219.00	232.40	257.40	324.20	414.00	477.60	564.00	793.60	1192.00	
01112500	0926	19290926	20150926	87	351.08	387.61	59.00	2350.00		77.40	110.80	122.00	141.80	161.00	173.20	182.80	185.60	203.40	211.00	237.00	257.40	281.40	305.40	386.00	414.80	634.60	782.20	1110.00	
01112500	0927	19290927	20150927	87	358.89	401.27	58.00	2470.00		88.40	108.80	135.00	150.80	162.00	166.40	170.80	176.40	186.60	203.00	218.20	247.40	290.80	323.20	363.00	404.40	613.40	813.60	1366.00	
01112500	0928	19290928	20150928	87	368.62	386.23	42.00	1830.00		78.60	106.40	122.80	138.80	154.00	165.40	172.80	182.00	186.00	221.00	243.00	252.60	293.00	318.80	404.00	548.40	741.00	876.80	1430.00	
01112500	0929	19290929	20150929	87	384.33	384.73	55.00	1820.00		87.80	107.00	126.00	141.20	155.00	161.80	175.60	185.00	205.60	236.00	251.60	285.00	311.20	364.40	439.00	540.80	709.40	1048.00	1356.00	
01112500	0930	19290930	20150930	87	388.05	406.66	73.00	2500.00		100.80	123.60	136.00	146.00	161.00	175.00	189.60	205.60	226.00	241.00	261.40	276.00	302.60	381.00	470.00	550.20	661.00	835.20	1320.00	
01112500	1001	19291001	20151001	87	362.53	328.89	71.00	1520.00		97.40	130.00	136.60	145.00	165.00	178.80	195.00	209.20	221.40	239.00	249.60	258.80	292.80	346.00	424.00	492.80	686.40	872.20	1266.00	
01112500	1002	19291002	20151002	87	358.64	305.03	65.00	1590.00		100.40	124.80	135.20	145.80	163.00	174.80	187.60	210.00	220.80	233.00	254.00	274.00	320.60	387.60	467.00	518.60	651.20	829.80	1066.00	
01112500	1003	19291003	20151003	87	346.64	268.11	36.00	1340.00		87.60	124.80	135.20	144.00	160.00	187.20	200.00	208.20	224.20	244.00	254.40	300.00	344.80	391.80	412.00	523.60	689.20	814.20	864.20	
01112500	1004	19291004	20151004	87	348.55	261.33	77.00	1200.00		91.00	117.40	133.80	152.00	175.00	194.00	205.20	215.20	227.40	252.00	288.00	307.40	334.00	348.00	430.00	549.20	674.80	713.60	934.20	
01112500	1005	19291005	20151005	87	340.86	274.39	37.00	1470.00		92.60	112.40	143.60	156.60	167.00	177.80	198.60	208.40	220.60	244.00	283.20	306.60	315.40	382.00	414.00	492.60	572.00	684.00	1006.00	
01112500	1006	19291006	20151006	87	342.64	315.12	75.00	2280.00		99.80	119.00	136.20	140.60	155.00	177.00	197.80	206.40	219.20	234.00	264.20	290.60	321.60	336.80	386.00	492.20	546.00	718.20	1004.40	
01112500	1007	19291007	20151007	87	386.97	467.29	81.00	3980.00		102.40	120.80	144.20	149.20	180.00	185.20	194.40	212.40	236.40	257.00	274.40	296.80	317.60	352.80	462.00	516.40	661.40	843.20	967.80	
01112500	1008	19291008	20151008	87	380.69	452.44	78.00	3490.00		98.00	118.80	137.60	159.80	169.00	178.20	200.80	217.60	231.60	246.00	258.60	296.60	323.80	391.20	434.00	493.60	581.60	686.60	997.20	
01112500	1009	19291009	20141009	86	383.15	350.61	81.00	2180.00		104.10	114.70	139.40	158.20	173.75	202.20	209.45	222.00	231.45	251.00	280.05	305.60	389.50	412.20	458.25	541.00	645.25	753.40	1298.50	
01112500	1010	19291010	20141010	86	382.86	332.99	73.00	1620.00		90.00	105.60	138.75	169.40	186.75	205.10	212.60	230.00	243.20	262.50	290.55	320.80	360.15	390.00	464.25	544.80	665.75	798.80	1244.00	
01112500	1011	19291011	20141011	86	367.05	289.50	71.00	1320.00		92.70	113.00	130.05	149.80	166.75	192.80	210.95	223.60	240.60	268.50	293.85	345.40	358.00	426.50	455.50	502.80	639.55	831.20	1111.00	
01112500	1012	19291012	20141012	86	350.87	271.61	40.00	1480.00		82.85	117.60	132.05	150.00	160.75	172.30	195.70	206.80	234.75	263.00	278.80	323.60	366.15	419.70	450.75	506.20	627.05	732.50	885.50	
01112500	1013	19291013	20141013	86	359.94	276.12	36.00	1380.00		82.70	118.20	136.05	149.40	168.75	192.20	206.75	229.00	249.70	279.50	288.70	306.80	360.70	399.60	457.25	534.60	624.05	781.00	954.85	
01112500	1014	19291014	20141014	86	410.03	536.13	78.00	4600.00		118.35	131.40	142.05	186.20	198.75	209.30	223.45	241.00	270.30	276.00	290.20	309.20	341.90	399.80	426.50	493.80	575.05	739.90	1166.00	
01112500	1015	19291015	20141015	86	526.66	1159.57	62.00	10200.00		111.75	130.20	147.05	163.60	183.50	199.80	218.35	245.80	269.15	275.00	286.70	350.20	372.00	404.80	447.00	566.80	663.80	787.10	1624.40	
01112500	1016	19291016	20141016	86	621.30	1606.93	52.00	13500.00		120.70	148.10	160.10	174.80	199.25	213.00	221.45	243.20	256.60	284.50	302.95	356.20	372.15	442.90	515.00	652.20	740.65	832.70	1526.50	
01112500	1017	19291017	20141017	86	559.63	1102.19	46.00	8310.00		114.35	146.20	161.40	178.80	193.25	204.10	219.00	240.00	260.30	278.50	319.00	357.00	401.40	452.00	489.50	602.00	657.55	901.50	1676.50	
01112500	1018	19291018	20141018	86	530.06	853.19	84.00	6530.00		106.30	139.40	165.05	174.40	183.00	194.30	210.90	224.40	257.25	283.00	303.70	384.60	426.50	460.80	526.50	599.40	693.55	1172.00	1781.00	
01112500	1019	19291019	20141019	86	517.56	681.25	52.00	4190.00		97.00	149.40	160.05	165.20	178.50	214.10	220.90	232.60	266.90	283.50	308.70	370.20	411.00	431.20	478.50	574.60	808.45	1056.40	1987.00	
01112500	1020	19291020	20141020	86	553.67	708.04	77.00	3120.00		122.10	139.20	161.10	166.80	187.50	207.10	218.35	236.20	270.75	293.00	325.05	354.00	417.30	445.70	504.25	708.40	815.80	1465.00	2719.50	
01112500	1021	19291021	20141021	86	613.13	964.17	105.00	6190.00		124.35	144.70	153.20	166.60	176.00	206.50	219.35	265.60	284.15	299.00	329.45	352.00	434.20	461.60	553.25	686.40	792.95	1478.00	2473.00	
01112500	1022	19291022	20141022	86	559.57	738.93	48.00	4480.00		124.35	139.70	154.05	170.00	191.50	204.30	250.70	274.40	309.05	324.50	351.10	373.20	435.55	487.00	568.25	619.20	755.90	1521.00	2029.00	
01112500	1023	19291023	20141023	86	507.77	562.22	86.00	3000.00		127.55	140.70	163.00	174.40	198.25	226.40	248.00	263.20	292.15	309.00	362.70	413.80	436.00	483.80	548.25	632.20	651.85	1300.00	1737.00	
01112500	1024	19291024	20141024	86	519.77	557.74	76.00	2940.00		119.55	140.90	155.30	173.80	206.00	228.00	248.45	279.20	311.00	347.00	380.40	401.20	472.15	529.90	565.25	645.80	747.90	1136.00	2170.00	
01112500	1025	19291025	20141025	86	544.69	616.46	84.00	3480.00		120.65	139.70	156.35	190.60	216.00	239.20	257.45	290.80	317.15	337.50	382.85	416.00	452.15	511.30	602.00	683.60	967.15	1144.00	2109.00	
01112500	1026	19291026	20141026	86	551.81	686.43	57.00	5310.00		98.30	138.20	175.00	182.20	205.50	230.30	250.30	294.80	321.60	351.50	390.10	440.60	486.85	539.90	588.25	676.40	912.10	1222.00	1748.50	
01112500	1027	19291027	20141027	86	517.56	555.42	58.00	4200.00		119.35	135.50	164.30	188.80	208.75	242.20	269.80	288.00	326.30	357.50	397.85	416.60	464.50	528.60	568.75	685.00	913.90	1118.00	1526.00	
01112500	1028	19291028	20141028	86	511.06	484.63	90.00	3150.00		118.40	145.70	166.60	205.20	231.50	242.10	251.90	293.60	319.60	349.00	384.20	430.80	471.20	514.80	604.00	764.80	890.70	1009.00	1604.50	
01112500	1029	19291029	20141029	86	539.98	512.96	55.00	2680.00		127.85	145.40	158.40	180.00	218.25	234.10	253.80	283.60	325.75	373.00	396.65	452.20	470.05	549.60	649.75	740.40	980.95	1360.00	1830.00	
01112500	1030	19291030	20141030	86	541.91	522.31	113.00	2950.00		140.00	148.00	161.40	181.20	213.50	230.80	262.60	291.40	330.65	373.00	410.50	454.40	480.60	539.00	663.00	776.00	900.90	1330.00	1440.00	
01112500	1031	19291031	20141031	86	524.76	488.55	127.00	2460.00		136.10	149.00	175.20	197.00	219.00	230.30	254.90	294.80	317.45	353.50	381.70	450.40	472.35	520.30	619.75	682.20	925.95	1220.00	1797.50	
01112500	1101	19291101	20141101	86	528.30	491.14	94.00	2910.00		108.80	148.80	167.05	190.40	215.25	244.40	269.15	282.60	329.60	353.50	390.80	414.20	483.20	595.60	624.00	797.40	1034.05	1206.00	1566.00	
01112500	1102	19291102	20141102	86	545.13	477.10	76.00	2460.00		119.05	151.10	183.20	190.40	218.50	261.20	272.80	300.20	332.30	364.50	386.55	421.60	483.20	633.10	740.50	845.20	1047.50	1179.00	1716.00	
01112500	1103	19291103	20141103	86	576.28	456.68	85.00	2010.00		142.70	182.40	217.55	249.60	276.75	299.50	310.00	332.60	350.75	395.50	429.60	487.40	579.95	657.60	745.00	884.40	1027.90	1416.00	1702.50	
01112500	1104	19291104	20141104	86	600.12	555.02	111.00	3350.00		162.45	203.20	234.05	247.40	261.50	291.50	304.80	321.40	349.90	405.50	425.55	496.60	591.80	653.40	757.00	811.80	932.40	1323.00	2020.00	
01112500	1105	19291105	20141105	86	593.65	656.08	107.00	5140.00		145.45	198.10	215.85	252.60	268.75	296.10	312.45	330.40	395.65	415.50	443.95	529.80	581.05	615.80	661.25	719.80	846.15	1054.40	1742.50	
01112500	1106	19291106	20141106	86	595.15	678.46	115.00	5640.00		158.50	184.10	219.05	255.20	274.00	296.20	307.35	329.60	365.35	435.50	479.10	546.00	585.65	611.30	653.00	768.00	815.95	1062.00	1632.00	
01112500	1107	19291107	20141107	86	580.43	551.37	111.00	4120.00		160.45	210.20	236.00	263.00	275.75	292.00	302.45	336.80	365.75	448.00	494.55	523.40	547.10	594.40	625.00	783.60	922.70	1158.00	1462.50	
01112500	1108	19291108	20141108	86	601.59	596.69	85.00	3700.00		125.35	159.40	222.65	267.00	275.75	291.20	299.25	352.40	395.25	439.00	469.70	507.60	543.60	629.00	731.75	819.00	988.90	1174.00	1562.50	
01112500	1109	19291109	20141109	86	632.73	618.28	86.00	2960.00		112.35	161.60	222.10	242.80	270.25	273.20	291.80	335.20	385.65	423.50	450.20	490.00	552.20	699.10	761.50	880.40	1049.50	1391.00	2384.00	
01112500	1110	19291110	20141110	86	649.41	638.01	50.00	3220.00		145.60	173.00	202.55	241.60	263.00	286.40	310.20	352.00	369.30	419.00	448.95	506.40	593.00	712.60	778.75	862.00	1139.50	1401.00	2239.50	
01112500	1111	19291111	20141111	86	669.77	750.36	69.00	5390.00		108.90	155.70	183.30	215.80	263.25	284.50	319.15	352.40	380.00	399.50	437.25	501.20	595.60	695.40	789.50	954.40	1118.50	1690.00	2063.00	
01112500	1112	19291112	20141112	86	678.23	622.87	104.00	4050.00		149.45	166.10	205.95	261.40	280.50	331.20	360.90	380.40	401.75	448.00	515.85	561.60	661.80	710.60	848.25	1006.00	1259.00	1606.00	1814.50	
01112500	1113	19291113	20141113	86	676.79	567.95	110.00	2730.00		140.70	186.40	230.10	254.20	271.00	320.00	350.90	380.20	426.75	461.00	514.90	543.40	624.65	717.40	867.50	1192.00	1329.50	1463.00	1916.50	
01112500	1114	19291114	20141114	86	700.43	632.34	96.00	3880.00		155.85	186.80	203.20	242.40	274.00	310.70	343.90	366.80	432.55	479.50	591.10	640.00	743.95	760.70	852.50	1170.00	1259.50	1415.00	2063.00	
01112500	1115	19291115	20141115	86	707.65	659.66	47.00	3180.00		143.70	174.00	204.80	236.60	264.75	303.60	345.25	410.80	439.45	493.50	560.65	595.60	658.10	713.40	895.00	1074.00	1335.00	1448.00	2256.00	
01112500	1116	19291116	20141116	86	672.94	563.40	36.00	2670.00		119.35	175.50	222.55	246.40	286.50	307.70	365.70	390.00	460.30	487.00	554.55	602.80	654.55	718.60	877.00	1040.00	1254.00	1550.00	2065.50	
01112500	1117	19291117	20141117	86	693.45	582.06	88.00	2790.00		138.25	186.20	230.15	247.60	281.50	326.00	364.85	388.80	448.00	494.00	545.35	588.00	654.30	746.50	886.25	1038.00	1404.50	1692.00	2017.50	
01112500	1118	19291118	20141118	86	679.02	536.95	101.00	2570.00		160.40	206.90	241.75	275.60	306.75	322.90	343.90	389.80	433.15	451.50	538.65	603.20	649.40	789.00	902.75	1024.00	1411.00	1552.00	1847.50	
01112500	1119	19291119	20141119	86	633.21	446.87	108.00	1850.00		141.05	175.20	222.25	267.00	305.25	331.60	379.25	402.00	456.15	490.00	513.20	561.20	693.95	767.40	845.50	947.80	1234.50	1469.00	1568.50	
01112500	1120	19291120	20141120	86	621.42	431.59	107.00	2280.00		137.05	199.70	244.40	277.80	299.75	328.70	358.90	417.20	448.50	493.00	523.80	601.40	647.60	793.60	848.25	932.80	1010.00	1280.00	1534.50	
01112500	1121	19291121	20141121	86	675.08	573.83	110.00	3200.00		155.75	191.00	218.85	243.00	284.00	310.10	355.25	392.20	458.10	532.50	549.00	615.80	686.20	778.20	877.50	1038.00	1249.50	1337.00	1706.50	
01112500	1122	19291122	20141122	86	707.88	597.67	70.00	2830.00		140.20	176.60	217.55	247.60	297.00	317.40	363.45	397.60	477.25	535.00	556.25	570.00	702.55	832.80	985.25	1096.00	1218.50	1472.00	2155.50	
01112500	1123	19291123	20141123	86	720.01	615.79	98.00	3400.00		137.05	171.00	232.00	245.20	305.75	337.00	359.80	440.60	455.95	501.50	552.85	600.40	637.25	860.90	1002.50	1162.00	1356.50	1519.00	1943.00	
01112500	1124	19291124	20141124	86	721.66	635.07	110.00	3680.00		141.60	195.50	226.45	260.40	303.25	344.20	379.95	436.00	472.75	500.00	561.70	683.20	724.55	804.70	927.00	1016.00	1264.50	1504.00	2215.00	
01112500	1125	19291125	20141125	86	707.57	540.49	122.00	3160.00		157.70	194.30	242.30	288.80	333.75	352.20	391.40	435.60	493.90	559.50	601.10	688.20	750.15	822.20	934.25	1080.00	1299.50	1413.00	1897.00	
01112500	1126	19291126	20141126	86	754.62	555.27	59.00	2770.00		134.85	200.50	231.15	296.80	343.00	402.40	446.15	491.80	555.25	600.50	691.30	729.00	780.70	873.80	1077.50	1176.00	1298.50	1668.00	1885.50	
01112500	1127	19291127	20141127	86	789.15	598.62	67.00	3130.00		188.85	207.60	264.30	332.40	354.50	430.10	477.85	512.80	545.85	600.50	647.10	687.00	766.10	968.40	1090.00	1272.00	1399.00	1519.00	1964.00	
01112500	1128	19291128	20141128	86	749.59	510.20	96.00	2540.00		172.05	196.10	280.05	321.80	363.00	411.90	470.00	525.60	563.30	608.50	661.10	760.40	838.50	947.30	1022.50	1186.00	1279.00	1390.00	1933.00	
01112500	1129	19291129	20141129	86	822.52	656.57	109.00	4640.00		169.85	216.00	297.10	314.20	386.00	451.90	467.25	542.00	591.80	624.00	693.15	788.40	878.65	947.50	1092.50	1366.00	1429.00	1600.00	1966.00	
01112500	1130	19291130	20141130	86	850.12	687.63	66.00	5000.00		165.70	208.20	318.70	358.40	395.75	426.10	485.60	551.00	608.00	649.50	738.70	840.40	899.35	978.90	1190.00	1286.00	1506.00	1733.00	1938.00	
01112500	1201	19291201	20141201	86	817.30	603.65	88.00	3060.00		176.35	248.60	303.60	333.60	378.50	407.30	447.15	544.80	588.75	614.00	688.55	787.20	869.00	951.10	1122.50	1176.00	1417.00	1634.00	2226.00	
01112500	1202	19291202	20141202	86	829.21	611.18	165.00	3130.00		178.00	219.80	281.50	328.20	363.50	404.70	497.45	543.40	591.80	651.50	706.25	798.00	875.95	968.40	1032.50	1294.00	1479.00	1804.00	2209.50	
01112500	1203	19291203	20141203	86	830.72	686.34	155.00	4070.00		174.10	205.40	286.80	320.40	344.00	380.00	459.15	499.80	538.55	610.50	650.95	727.40	867.20	922.80	1117.50	1356.00	1520.00	1789.00	2048.50	
01112500	1204	19291204	20141204	86	801.70	610.91	143.00	3770.00		166.30	191.40	282.80	318.40	374.25	431.80	459.70	530.40	571.65	602.50	679.70	786.40	844.95	969.80	1102.50	1296.00	1409.50	1491.00	2034.50	
01112500	1205	19291205	20141205	86	810.81	564.72	144.00	2850.00		168.15	223.30	264.95	347.60	396.75	423.10	475.35	508.60	570.05	668.00	749.35	843.40	963.10	1087.00	1180.00	1258.00	1309.00	1465.00	1834.50	
01112500	1206	19291206	20141206	86	827.91	599.20	114.00	3110.00		158.70	196.60	268.50	327.20	373.75	434.30	479.35	500.00	570.05	644.50	775.30	899.60	976.70	1058.00	1155.00	1234.00	1407.00	1555.00	2013.00	
01112500	1207	19291207	20141207	86	912.63	788.90	79.00	5060.00		147.75	213.10	265.65	324.80	385.50	413.80	437.60	524.20	615.65	757.00	815.15	901.40	1035.50	1115.00	1185.00	1322.00	1548.50	1738.00	2592.00	
01112500	1208	19291208	20141208	86	926.83	867.51	116.00	5190.00		153.95	234.20	275.15	334.00	376.50	416.30	429.60	531.20	587.65	671.50	788.05	890.40	992.45	1065.00	1112.50	1182.00	1436.50	2246.00	2422.00	
01112500	1209	19291209	20141209	86	890.93	749.80	133.00	4720.00		195.85	238.60	297.75	333.00	374.25	412.10	470.95	540.80	634.75	680.00	766.70	865.40	979.75	1059.00	1132.50	1280.00	1436.50	1840.00	2244.50	
01112500	1210	19291210	20141210	86	917.17	716.06	132.00	3360.00		172.20	243.40	297.15	346.80	388.25	440.80	477.25	520.80	597.40	653.50	712.25	895.80	1037.50	1119.00	1330.00	1424.00	1694.50	1945.00	2173.50	
01112500	1211	19291211	20141211	86	909.43	704.77	124.00	3600.00		170.90	247.60	289.05	326.20	378.75	420.10	478.95	548.20	602.85	670.50	822.70	906.00	996.40	1078.00	1305.00	1410.00	1508.00	1919.00	2423.50	
01112500	1212	19291212	20141212	86	997.17	969.38	121.00	6850.00		173.45	249.20	292.30	337.40	383.25	431.60	534.80	569.40	642.50	749.00	800.70	915.40	1009.20	1183.00	1280.00	1372.00	1659.50	2098.00	2748.50	
01112500	1213	19291213	20141213	86	1019.95	1073.18	126.00	8300.00		154.20	270.40	297.15	355.00	389.25	439.20	527.00	595.40	654.35	757.50	836.35	895.20	982.00	1138.00	1227.50	1506.00	1798.00	1997.00	2820.50	
01112500	1214	19291214	20141214	86	945.85	801.05	143.00	4220.00		196.85	261.50	290.15	331.20	411.25	458.80	509.95	545.40	574.80	706.50	774.55	854.40	1005.50	1138.00	1265.00	1424.00	1596.00	1911.00	2491.50	
01112500	1215	19291215	20141215	86	954.93	760.78	136.00	3990.00		200.70	260.80	305.60	339.00	358.75	460.70	500.65	539.00	639.55	698.00	771.05	919.20	1045.50	1108.00	1307.50	1498.00	1696.50	2045.00	2605.00	
01112500	1216	19291216	20141216	86	924.74	702.70	181.00	3280.00		224.35	247.90	293.35	327.80	361.75	442.10	474.35	541.00	614.05	665.00	850.80	930.80	1010.10	1108.00	1227.50	1502.00	1768.00	1996.00	2426.00	
01112500	1217	19291217	20141217	86	905.12	631.44	199.00	2680.00		210.45	271.50	300.45	322.20	420.25	454.50	493.65	553.40	671.50	752.50	864.25	929.20	975.10	1079.00	1205.00	1466.00	1618.50	1813.00	2369.00	
01112500	1218	19291218	20141218	86	963.43	846.03	170.00	4130.00		205.00	252.20	307.10	337.00	398.00	451.10	516.00	580.80	647.55	782.00	846.25	890.20	941.25	1046.00	1182.50	1276.00	1539.50	1918.00	3144.00	
01112500	1219	19291219	20141219	86	960.76	843.02	124.00	4080.00		195.40	279.40	307.15	396.40	409.00	467.50	502.45	594.20	631.90	720.00	760.95	828.20	941.55	1052.20	1207.50	1324.00	1548.50	1925.00	3381.50	
01112500	1220	19291220	20141220	86	944.38	868.27	124.00	4920.00		216.20	250.10	288.50	375.80	408.00	447.30	518.55	600.40	677.15	686.00	766.70	836.40	906.50	1024.70	1110.00	1182.00	1459.00	2145.00	2861.00	
01112500	1221	19291221	20141221	86	936.66	845.12	101.00	5300.00		178.75	238.80	268.50	378.00	423.75	480.20	526.45	561.80	662.05	712.50	785.60	852.80	964.65	1000.00	1050.00	1162.00	1455.50	2171.00	2658.50	
01112500	1222	19291222	20141222	86	1000.66	912.10	148.00	4500.00		189.75	235.80	308.75	393.00	441.00	477.20	546.85	628.80	655.10	735.00	775.50	879.40	953.25	1040.00	1110.00	1328.00	1714.00	2295.00	3399.50	
01112500	1223	19291223	20141223	86	925.94	706.73	144.00	3400.00		238.45	263.60	300.80	378.00	424.25	468.90	550.95	601.20	692.35	751.50	773.60	867.60	919.65	944.60	1082.50	1350.00	1727.00	2049.00	2674.00	
01112500	1224	19291224	20141224	86	870.63	580.76	140.00	2510.00		233.05	278.80	311.55	385.00	415.75	450.30	551.80	579.00	624.00	687.00	808.60	848.00	880.10	936.20	1150.00	1506.00	1697.50	1836.00	2070.00	
01112500	1225	19291225	20141225	86	859.94	638.33	135.00	3030.00		178.70	251.70	308.10	369.60	436.50	491.00	531.90	588.60	624.05	679.50	704.35	758.80	833.25	898.80	1202.50	1330.00	1449.50	1899.00	2319.00	
01112500	1226	19291226	20141226	86	888.53	615.74	135.00	3110.00		221.10	288.20	328.50	409.20	475.75	541.60	590.00	628.20	662.05	680.00	699.10	780.80	887.95	1093.00	1227.50	1286.00	1569.50	1756.00	2364.00	
01112500	1227	19291227	20141227	86	935.13	671.57	175.00	3260.00		283.35	309.60	362.40	426.40	455.50	512.90	569.05	604.40	634.60	676.50	722.85	893.80	981.80	1100.00	1205.00	1328.00	1568.00	1959.00	2559.00	
01112500	1228	19291228	20141228	86	922.34	684.01	196.00	3580.00		221.40	275.20	329.40	404.60	443.25	499.50	524.60	572.60	623.20	672.00	723.00	904.00	996.85	1059.00	1140.00	1390.00	1656.50	2008.00	2453.00	
01112500	1229	19291229	20141229	86	883.12	592.84	128.00	2820.00		223.05	308.90	355.05	381.80	435.50	480.00	519.85	569.80	630.75	691.50	809.85	887.20	955.30	1038.00	1147.50	1402.00	1586.50	1773.00	2115.50	
01112500	1230	19291230	20141230	86	873.35	545.59	175.00	2560.00		238.70	298.90	387.05	417.60	457.00	498.10	557.30	626.00	657.10	717.00	798.65	856.40	942.30	1089.00	1175.00	1312.00	1369.00	1638.00	2133.00	
01112500	1231	19291231	20141231	86	862.09	639.00	142.00	4100.00		200.05	264.90	335.70	385.00	436.75	501.20	532.40	567.80	685.55	724.00	763.75	825.60	909.00	998.10	1060.00	1200.00	1419.50	1656.00	2038.50	
