site_no	monthday	begin_dt	end_dt	count_nu	mean	std	min	max	p01	p05	p10	p15	p20	p25	p30	p35	p40	p45	p50	p55	p60	p65	p70	p75	p80	p85	p90	p95	p99
01115187	ALL	19940322	20151103	7897	28.53	43.77	0.00	946.00	0.13	0.56	1.10	1.80	2.90	4.40	6.70	9.00	11.00	14.00	17.00	19.00	22.00	26.00	30.00	35.00	42.00	51.00	64.00	94.00	207.02
01115187	0101	19950101	20150101	21	30.78	14.01	4.30	54.00		4.87	10.80	14.30	16.20	19.50	21.00	24.50	28.40	29.00	30.00	35.10	36.40	38.00	39.20	41.50	43.20	47.50	51.40	53.80	
01115187	0102	19950102	20150102	21	37.05	28.46	4.00	122.00		4.60	10.20	12.20	15.80	18.50	21.20	23.40	26.40	28.80	34.00	35.10	36.40	38.30	39.40	41.50	47.20	59.10	91.80	119.70	
01115187	0103	19950103	20150103	21	38.23	20.95	3.80	78.00		4.62	12.80	16.00	17.20	19.50	23.60	28.10	31.40	34.70	35.00	38.10	39.80	46.00	53.00	54.00	55.60	66.50	72.60	77.50	
01115187	0104	19950104	20150104	21	40.56	30.55	3.70	151.00		4.73	14.20	15.60	19.40	23.50	26.40	30.80	33.60	34.90	35.00	36.20	38.20	39.30	41.20	46.50	52.40	57.50	76.60	144.00	
01115187	0105	19950105	20150105	21	37.89	21.41	3.70	103.00		4.63	13.20	16.10	23.40	27.00	27.60	29.40	30.80	31.90	32.00	34.10	35.80	41.70	48.40	51.50	55.20	58.10	59.80	98.70	
01115187	0106	19950106	20150106	21	33.52	15.25	3.90	65.00		4.61	11.60	16.10	22.20	24.00	24.60	27.10	29.60	30.90	32.00	34.30	37.20	38.90	41.00	44.50	48.00	49.40	56.40	64.30	
01115187	0107	19950107	20150107	21	34.57	20.65	7.90	104.00		8.11	10.60	15.10	22.00	25.00	28.00	30.00	30.00	30.90	33.00	33.00	33.00	33.90	36.40	37.00	40.60	44.40	65.00	100.60	
01115187	0108	19950108	20150108	21	37.51	20.51	8.70	91.00		8.93	11.40	14.50	22.00	28.00	28.60	29.00	29.00	29.90	32.00	32.10	33.80	39.40	48.20	53.00	54.80	62.30	66.60	88.60	
01115187	0109	19950109	20150109	21	39.92	30.00	7.30	142.00		7.77	12.20	14.50	20.40	25.00	26.00	26.70	27.80	28.90	29.00	31.40	36.00	41.20	44.00	47.00	57.20	66.90	79.40	136.00	
01115187	0110	19950110	20150110	21	35.76	23.61	7.00	106.00		7.40	11.20	13.50	18.60	23.00	26.80	28.00	28.80	29.90	30.00	31.10	32.40	34.30	36.60	42.50	47.80	52.50	80.40	104.10	
01115187	0111	19950111	20150111	21	38.77	30.43	8.10	139.00		8.39	11.20	13.50	17.40	20.50	25.40	27.00	27.80	28.00	30.00	32.10	34.20	39.30	42.80	47.00	48.80	57.00	90.40	134.90	
01115187	0112	19950112	20150112	21	43.14	31.44	10.00	143.00		10.20	12.20	14.20	20.20	25.50	27.20	28.70	29.80	30.00	34.00	38.40	42.20	43.90	46.40	50.50	58.80	78.80	90.00	137.80	
01115187	0113	19950113	20150113	21	41.29	22.41	11.00	91.00		11.40	15.60	19.80	24.80	26.50	27.00	29.10	30.00	32.70	37.00	37.10	38.40	43.00	50.40	51.50	64.00	74.10	81.40	90.20	
01115187	0114	19950114	20150114	21	45.71	40.42	11.00	196.00		11.60	17.20	19.20	22.80	24.50	25.60	26.70	28.60	31.70	36.00	37.40	41.60	45.80	50.40	52.00	53.60	56.10	99.40	187.40	
01115187	0115	19950115	20150115	21	49.24	45.46	13.00	164.00		13.30	16.20	18.20	21.40	22.50	23.00	23.70	24.80	27.70	30.00	32.70	39.20	42.10	47.80	51.00	68.00	120.70	148.60	162.70	
01115187	0116	19950116	20150116	21	45.76	40.44	16.00	195.00		16.00	16.20	17.60	19.40	20.50	21.60	22.70	24.60	26.80	31.00	42.10	43.40	47.70	54.80	56.50	60.60	72.10	89.60	184.80	
01115187	0117	19950117	20150117	21	36.05	20.00	13.00	79.00		13.20	15.00	15.60	17.40	19.00	20.60	22.40	24.60	29.50	30.00	36.40	40.20	41.60	44.20	46.50	52.40	63.00	74.00	78.70	
01115187	0118	19950118	20150118	21	41.14	26.83	12.00	120.00		12.20	14.40	16.90	19.40	20.00	20.00	29.80	34.00	36.70	38.00	38.20	40.60	43.00	44.60	48.50	53.00	64.80	89.80	117.50	
01115187	0119	19950119	20150119	21	56.38	58.99	10.00	205.00		10.60	16.00	16.60	18.40	19.50	24.20	27.70	30.40	31.00	33.00	33.20	35.80	42.60	54.20	63.50	74.60	142.70	190.80	204.10	
01115187	0120	19950120	20150120	21	50.94	65.80	9.80	320.00		10.32	15.60	18.60	20.40	22.00	23.00	24.40	25.80	26.90	30.00	34.00	35.80	43.30	45.20	53.00	63.80	82.40	93.80	297.50	
01115187	0121	19950121	20150121	21	38.76	28.34	11.00	125.00		11.30	14.60	17.30	18.80	20.50	22.20	23.00	23.00	23.90	29.00	31.20	33.00	36.90	46.00	51.00	58.40	68.40	85.60	121.40	
01115187	0122	19950122	20150122	21	32.48	18.04	11.00	76.00		11.30	14.40	16.00	17.60	20.00	20.00	20.00	24.00	25.90	26.00	27.30	30.00	32.70	40.60	45.50	50.40	57.60	62.40	74.70	
01115187	0123	19950123	20150123	21	31.00	15.49	12.00	61.00		12.20	14.20	15.30	16.40	18.00	19.60	20.70	24.20	25.00	25.00	28.00	29.00	36.30	44.40	45.00	46.20	49.10	58.80	61.00	
01115187	0124	19950124	20150124	21	49.38	62.33	13.00	297.00		13.20	15.00	15.30	16.80	18.50	21.40	23.00	23.80	24.90	26.00	31.60	37.20	39.20	42.00	55.50	70.20	78.00	105.80	278.50	
01115187	0125	19950125	20150125	21	59.33	58.29	12.00	176.00		12.20	14.20	15.60	17.40	19.00	21.20	22.00	23.60	24.00	24.00	36.40	42.20	54.00	62.20	93.50	136.20	158.30	172.00	175.80	
01115187	0126	19950126	20150126	21	48.67	49.27	11.00	222.00		11.20	13.20	15.20	18.00	18.00	19.20	20.70	21.80	22.90	27.00	31.80	40.20	48.30	56.80	70.00	84.40	87.40	105.60	210.80	
01115187	0127	19950127	20150127	21	42.43	31.69	11.00	125.00		11.10	12.40	14.60	16.40	17.50	18.00	19.40	20.80	21.00	28.00	38.90	48.60	55.30	58.40	64.00	69.00	75.90	93.20	122.20	
01115187	0128	19950128	20150128	21	51.57	63.35	11.00	296.00		11.10	12.20	13.30	15.20	17.50	19.20	20.00	20.80	21.90	24.00	34.80	42.20	44.20	55.00	71.00	78.00	93.30	106.20	277.20	
01115187	0129	19950129	20150129	21	38.76	30.29	11.00	122.00		11.00	11.40	13.30	14.80	17.00	18.60	19.00	20.60	21.90	31.00	31.80	39.20	41.80	48.80	55.00	59.40	63.80	97.00	120.30	
01115187	0130	19950130	20150130	21	35.14	22.60	11.00	88.00		11.20	13.40	15.30	16.40	17.50	18.00	19.40	23.20	25.80	30.00	31.20	33.60	37.50	43.40	47.50	54.00	60.80	81.20	87.80	
01115187	0131	19950131	20150131	21	36.38	22.18	10.00	99.00		10.30	13.60	16.00	16.40	19.00	24.00	27.40	28.00	28.90	34.00	35.00	35.20	36.30	39.00	44.00	49.60	63.90	73.80	96.60	
01115187	0201	19950201	20150201	21	33.14	17.58	9.90	78.00		10.41	15.00	15.00	15.80	19.00	21.60	25.50	29.40	30.00	30.00	31.00	31.20	33.80	38.80	42.00	46.40	52.90	64.60	76.90	
01115187	0202	19950202	20150202	21	39.73	34.72	9.30	171.00		9.87	15.40	17.60	19.80	21.00	22.20	23.70	25.60	26.00	27.00	29.50	34.20	37.40	45.80	52.00	54.00	54.70	75.80	162.00	
01115187	0203	19950203	20150203	21	50.68	67.78	9.20	321.00		9.88	16.40	18.30	19.40	20.00	20.60	21.70	22.80	25.70	26.00	27.60	34.40	40.30	41.00	43.00	72.00	97.70	104.20	299.40	
01115187	0204	19950204	20150204	21	39.71	33.92	15.00	133.00		15.10	16.00	16.60	18.40	19.50	20.00	20.70	23.40	24.90	26.00	31.10	32.20	33.00	34.60	41.50	53.80	77.90	116.40	132.10	
01115187	0205	19950205	20150205	21	46.14	52.62	13.00	243.00		13.10	14.20	15.60	17.40	18.00	18.00	21.50	24.60	27.70	29.00	30.00	30.40	32.00	36.80	50.50	67.20	91.50	107.80	229.70	
01115187	0206	19950206	20150206	21	43.43	39.64	10.00	141.00		10.20	12.80	16.30	17.40	18.50	20.80	22.00	24.40	25.90	28.00	28.00	28.40	30.60	36.80	55.00	76.80	108.50	123.80	139.40	
01115187	0207	19950207	20150207	21	40.86	34.82	10.00	136.00		10.20	12.60	15.30	16.80	19.00	20.60	21.00	22.60	25.70	26.00	27.40	31.00	34.60	46.60	55.00	62.80	81.40	112.00	134.20	
01115187	0208	19950208	20150208	21	35.51	26.03	9.70	111.00		9.83	11.60	15.20	18.00	18.50	19.00	19.70	21.60	24.70	25.00	32.00	32.20	34.80	41.40	46.00	48.20	63.00	84.20	108.70	
01115187	0209	19950209	20150209	21	36.15	26.20	9.20	102.00		9.38	11.80	15.30	16.40	17.50	19.20	20.00	22.40	23.90	24.00	35.40	39.00	39.00	39.80	43.50	53.20	60.80	93.20	101.90	
01115187	0210	19950210	20150210	21	35.84	24.30	8.70	95.00		8.83	11.40	17.00	17.00	18.00	19.00	21.10	22.00	23.80	24.00	27.90	36.00	39.30	48.20	51.00	56.20	62.50	82.40	94.20	
01115187	0211	19950211	20150211	21	35.14	20.00	9.00	76.00		9.70	16.40	18.00	18.80	20.00	20.60	21.70	23.60	24.00	24.00	32.10	35.40	45.00	46.20	48.00	50.40	63.20	73.60	75.90	
01115187	0212	19950212	20150212	21	37.96	24.39	9.20	112.00		9.88	16.20	17.60	19.00	19.50	21.20	22.70	23.00	30.20	31.00	41.10	42.20	43.00	43.40	45.50	47.60	65.50	73.80	108.20	
01115187	0213	19950213	20150213	21	42.90	43.76	8.90	207.00		9.41	14.40	16.60	18.00	18.00	18.00	20.80	26.00	27.90	31.00	32.40	36.40	39.20	42.00	47.00	57.40	64.50	98.00	196.90	
01115187	0214	19950214	20150214	21	49.48	58.58	13.00	271.00		13.00	13.20	14.30	15.40	16.00	19.00	23.10	28.80	30.00	32.00	36.10	37.60	41.20	46.40	51.50	63.20	72.80	126.80	257.90	
01115187	0215	19950215	20150215	21	43.71	35.29	12.00	119.00		12.10	13.40	15.00	15.00	15.00	18.60	23.10	24.80	29.50	30.00	34.20	36.80	40.90	44.20	59.00	82.20	103.70	113.20	118.50	
01115187	0216	19950216	20150216	21	40.95	28.83	10.00	131.00		10.20	12.20	13.30	14.80	18.50	24.60	27.00	28.60	31.70	33.00	36.20	39.60	46.30	51.00	58.00	59.60	69.10	77.80	125.80	
01115187	0217	19950217	20150217	21	37.63	26.80	9.20	124.00		9.48	12.20	13.00	15.00	19.50	23.40	25.70	26.00	27.80	31.00	33.20	36.00	40.90	43.40	44.50	56.40	64.70	73.00	119.10	
01115187	0218	19950218	20150218	21	44.70	39.50	8.60	169.00		8.94	12.20	13.90	16.40	19.00	22.20	25.10	28.40	29.00	30.00	31.00	40.20	41.60	45.80	54.50	65.60	91.70	109.00	163.20	
01115187	0219	19950219	20150219	21	46.89	42.98	8.60	171.00		8.84	11.80	15.00	15.00	18.00	22.80	24.00	28.00	31.70	32.00	35.20	37.20	39.50	44.20	52.00	76.00	105.50	125.80	166.80	
01115187	0220	19950220	20150220	21	38.42	25.20	7.90	97.00		8.21	11.40	13.00	13.40	17.50	21.60	23.40	28.00	30.80	33.00	34.20	38.20	47.30	49.20	52.00	60.80	66.00	85.20	96.30	
01115187	0221	19950221	20150221	21	37.61	23.60	9.90	96.00		10.21	13.00	13.30	16.80	21.50	23.20	25.40	28.40	29.90	32.00	34.10	35.40	37.90	41.60	46.00	61.20	72.10	77.80	94.30	
01115187	0222	19950222	20150222	21	43.43	42.02	11.00	200.00		11.30	14.60	18.20	21.40	22.00	23.80	25.70	29.20	30.90	31.00	32.20	34.20	35.60	37.00	47.50	58.60	59.00	100.60	191.10	
01115187	0223	19950223	20150223	21	41.10	27.18	13.00	105.00		13.10	14.60	17.30	19.20	22.00	24.80	26.70	27.00	29.70	30.00	30.20	32.20	37.80	51.80	60.50	68.60	80.10	90.40	103.70	
01115187	0224	19950224	20150224	21	54.43	48.15	12.00	209.00		12.20	14.20	15.30	17.20	21.50	24.60	27.80	30.60	40.90	46.00	46.20	48.00	49.80	57.20	64.00	81.00	102.90	132.00	201.90	
01115187	0225	19950225	20150225	21	61.48	60.92	10.00	228.00		10.40	14.20	16.80	21.80	23.50	24.60	25.70	29.20	30.90	36.00	46.30	50.40	59.00	67.60	71.00	91.20	126.40	194.40	226.10	
01115187	0226	19950226	20150226	21	64.14	82.32	10.00	355.00		10.30	13.40	17.10	22.00	24.00	26.00	26.00	27.60	29.80	31.00	40.60	46.00	47.50	52.20	61.00	90.20	105.70	202.80	342.20	
01115187	0227	19950227	20150227	21	48.52	40.91	10.00	161.00		10.40	14.00	15.20	20.00	23.50	24.00	24.70	25.80	26.90	29.00	34.60	40.80	46.70	59.00	72.00	78.40	87.70	128.60	158.70	
01115187	0228	19950228	20150228	21	49.14	43.73	11.00	208.00		11.30	14.20	15.30	18.00	22.50	25.20	26.00	28.40	30.80	32.00	35.50	49.60	55.90	65.00	67.00	69.60	79.80	89.60	196.30	
01115187	0229	19960229	20120229	5	37.40	19.92	16.00	60.00					16.20	16.50	16.80	19.70	27.80	35.90	44.00	45.80	47.60	49.40	52.00	55.00	58.00				
01115187	0301	19950301	20150301	21	56.38	55.05	11.00	248.00		11.30	15.20	20.30	21.80	23.50	25.20	26.70	27.00	32.40	38.00	38.50	43.00	45.40	61.40	78.00	92.80	110.40	122.80	235.70	
01115187	0302	19950302	20150302	21	56.05	49.04	14.00	224.00		14.60	20.60	23.00	23.80	25.00	29.20	32.70	34.60	35.00	36.00	39.40	45.40	55.60	60.20	71.00	78.20	90.90	132.00	215.70	
01115187	0303	19950303	20150303	21	50.62	29.96	20.00	135.00		20.10	21.00	21.90	24.80	28.00	30.60	33.80	37.40	38.90	39.00	41.40	46.00	56.00	70.80	72.00	73.80	76.40	97.00	131.70	
01115187	0304	19950304	20150304	21	48.62	28.56	18.00	141.00		18.10	19.00	19.90	23.60	26.50	30.00	32.00	33.60	34.00	42.00	56.10	57.60	60.00	62.00	65.50	67.20	70.10	71.80	134.10	
01115187	0305	19950305	20150305	21	45.29	30.33	17.00	141.00		17.10	18.60	21.60	24.20	26.00	28.40	30.70	31.00	31.00	31.00	37.30	41.40	47.90	53.20	58.50	59.60	66.30	97.80	137.40	
01115187	0306	19950306	20150306	21	49.24	30.01	17.00	129.00		17.20	19.20	20.30	21.80	24.50	29.00	31.00	32.60	37.50	44.00	50.10	51.20	54.10	60.20	65.50	69.60	75.60	104.40	127.20	
01115187	0307	19950307	20150307	21	58.67	88.33	17.00	436.00		17.10	18.20	19.30	20.00	23.00	27.80	30.40	31.00	31.00	42.00	43.10	44.60	48.20	51.80	56.50	64.80	69.40	74.80	400.00	
01115187	0308	19950308	20150308	21	54.62	62.83	17.00	285.00		17.10	18.00	18.30	19.40	22.00	25.80	27.70	31.20	32.00	38.00	40.30	43.20	44.00	47.20	55.50	60.20	67.30	154.80	274.10	
01115187	0309	19950309	20150309	21	65.86	73.10	17.00	308.00		17.00	17.20	18.00	18.80	21.00	25.60	28.70	30.60	39.10	46.00	49.40	53.20	54.30	55.40	73.00	97.80	103.00	201.40	299.80	
01115187	0310	19950310	20150310	21	60.90	74.35	16.00	362.00		16.10	17.80	21.30	22.40	23.00	24.20	25.70	28.40	35.30	40.00	46.60	53.00	58.20	62.20	65.00	75.60	86.20	116.00	338.10	
01115187	0311	19950311	20150311	21	52.67	39.03	20.00	159.00		20.20	22.00	22.90	25.00	25.50	26.60	31.20	33.80	34.00	36.00	45.10	46.20	47.90	54.00	60.00	75.60	104.90	131.40	156.70	
01115187	0312	19950312	20150312	21	55.29	40.56	20.00	147.00		20.00	20.40	22.60	24.40	26.50	30.40	32.00	33.60	36.70	39.00	45.10	46.60	49.60	59.00	73.00	80.40	119.70	143.00	146.80	
01115187	0313	19950313	20150313	21	54.62	32.84	18.00	142.00		18.10	19.80	23.00	24.20	27.00	30.40	36.20	39.60	42.70	44.00	48.90	57.80	61.60	64.60	76.50	90.20	95.10	99.20	137.80	
01115187	0314	19950314	20150314	21	77.14	138.53	18.00	673.00		18.00	18.40	21.20	25.20	27.50	31.00	33.70	35.60	40.50	48.00	51.10	52.80	56.30	60.60	69.00	76.80	80.70	100.20	616.20	
01115187	0315	19950315	20150315	21	69.52	77.99	16.00	338.00		16.10	17.40	20.50	24.80	27.50	29.60	30.70	35.80	39.70	53.00	54.30	57.60	60.30	61.00	61.50	62.60	144.20	198.20	324.50	
01115187	0316	19950316	20150316	21	54.95	41.10	16.00	192.00		16.10	17.20	18.90	23.00	26.50	27.00	29.10	37.20	39.90	50.00	51.20	54.60	61.60	64.20	66.50	76.60	92.10	108.00	183.90	
01115187	0317	19950317	20150317	21	56.76	32.12	16.00	126.00		16.00	16.40	18.30	21.40	26.00	36.00	43.40	44.80	45.00	51.00	59.30	62.60	68.60	79.80	84.00	84.00	88.20	108.40	124.70	
01115187	0318	19950318	20150318	21	55.95	34.48	16.00	144.00		16.00	16.20	17.30	20.00	26.00	32.60	37.10	41.20	42.90	49.00	52.70	59.00	66.20	83.40	84.50	86.80	92.90	99.00	139.60	
01115187	0319	19950319	20150319	21	51.71	32.04	16.00	133.00		16.00	16.20	17.30	20.40	28.00	32.60	38.60	42.60	43.90	45.00	47.10	49.40	55.60	59.40	68.00	75.40	79.80	114.60	132.00	
01115187	0320	19950320	20150320	21	53.57	34.87	14.00	166.00		14.20	16.40	18.60	21.60	28.50	34.20	36.40	38.60	48.00	50.00	51.30	54.80	58.90	63.80	72.50	77.00	77.70	95.60	159.40	
01115187	0321	19950321	20150321	21	56.76	45.29	13.00	231.00		13.20	16.40	24.70	32.60	35.50	36.60	37.70	41.20	46.50	47.00	48.10	49.20	52.70	61.80	69.00	72.60	82.80	92.60	217.30	
01115187	0322	19940322	20150322	22	86.55	129.30	14.00	625.00		14.15	16.80	27.75	36.60	38.50	39.90	44.10	46.20	47.35	48.50	49.65	51.60	52.00	55.20	61.75	92.00	153.95	195.50	561.25	
01115187	0323	19940323	20150323	22	73.05	72.83	14.00	294.00		14.00	15.80	23.15	30.00	33.50	36.70	39.00	39.40	41.35	42.50	43.00	43.00	45.85	65.30	101.00	119.40	156.30	207.70	282.45	
01115187	0324	19940324	20150324	22	61.68	63.10	11.00	275.00		11.45	15.20	20.25	25.40	27.75	29.80	33.05	34.60	37.00	37.50	38.00	38.80	41.85	61.70	71.25	89.00	132.90	161.80	258.20	
01115187	0325	19940325	20150325	22	49.86	37.57	11.00	134.00		11.45	15.20	19.35	23.40	26.50	28.80	30.00	30.40	32.70	34.00	35.30	37.60	40.85	60.20	65.00	83.60	110.65	125.90	133.10	
01115187	0326	19940326	20150326	22	46.00	29.10	11.00	103.00		11.45	14.90	18.80	22.80	25.50	26.90	28.00	28.20	30.05	35.00	41.25	44.60	51.65	56.20	62.50	81.60	91.10	99.00	102.85	
01115187	0327	19940327	20150327	22	54.03	52.06	9.60	254.00		10.11	15.70	22.90	24.00	24.75	25.90	27.05	28.40	30.70	38.00	45.95	47.80	49.90	58.70	68.50	79.80	85.95	105.40	232.70	
01115187	0328	19940328	20150328	22	54.54	41.62	9.80	148.00		10.13	14.70	21.45	22.60	24.50	25.90	28.05	29.80	34.05	39.00	48.50	52.80	56.80	61.60	71.25	88.40	118.65	138.00	146.50	
01115187	0329	19940329	20150329	22	74.50	97.48	12.00	370.00		12.00	14.70	21.45	22.00	22.75	25.70	30.10	32.00	32.35	34.00	36.30	45.80	57.50	60.00	69.50	102.40	136.50	285.70	365.50	
01115187	0330	19940330	20150330	22	124.64	212.62	11.00	946.00		11.15	14.40	20.00	20.60	21.00	22.80	28.05	29.80	37.55	47.00	48.00	48.80	61.35	85.10	136.75	176.80	271.50	395.90	868.30	
01115187	0331	19940331	20150331	22	85.41	113.49	11.00	476.00		11.30	15.10	20.45	21.00	21.75	25.60	28.10	31.00	35.35	39.00	42.00	43.60	65.85	75.40	89.50	130.80	196.45	270.10	449.30	
01115187	0401	19940401	20150401	22	70.55	61.91	11.00	242.00		11.45	15.80	20.00	23.00	27.25	29.80	33.05	34.40	36.70	43.00	59.05	73.80	77.90	80.90	100.75	113.40	132.65	186.40	236.45	
01115187	0402	19940402	20150402	22	67.09	48.04	12.00	208.00		12.45	15.90	21.60	27.20	28.75	33.50	45.10	47.80	52.05	57.00	61.95	67.80	77.55	83.10	85.75	93.80	119.45	143.30	198.70	
01115187	0403	19940403	20150403	22	64.50	66.31	11.00	331.00		11.45	14.90	21.05	26.60	27.00	35.10	38.05	39.40	41.70	46.00	50.95	58.40	63.80	68.50	77.25	90.40	101.45	111.40	298.15	
01115187	0404	19940404	20150404	22	58.14	40.71	12.00	161.00		12.75	18.20	21.45	23.20	28.50	30.90	34.05	37.20	46.70	51.00	54.65	56.60	60.80	63.20	69.75	85.60	112.75	136.50	157.55	
01115187	0405	19940405	20150405	22	58.82	44.62	12.00	177.00		12.75	17.90	21.35	24.80	27.50	29.80	32.25	38.40	45.05	48.00	51.60	53.80	59.70	67.50	73.50	84.00	98.50	151.30	176.25	
01115187	0406	19940406	20150406	22	48.68	33.28	12.00	160.00		12.75	17.30	19.35	22.20	23.75	28.50	32.00	32.80	37.05	41.50	46.60	49.60	55.70	60.00	61.00	65.20	75.25	92.50	150.55	
01115187	0407	19940407	20150407	22	45.14	30.17	10.00	139.00		11.05	17.30	19.35	21.60	22.00	22.00	26.15	29.00	31.80	40.50	46.60	50.40	52.90	55.20	57.00	60.20	69.95	90.10	132.70	
01115187	0408	19940408	20150408	22	45.26	28.54	9.80	119.00		10.88	17.30	18.90	20.60	22.50	24.80	26.20	30.20	31.70	35.00	44.80	50.60	51.95	52.50	61.50	75.80	77.55	89.90	115.40	
01115187	0409	19940409	20150409	22	45.55	26.62	12.00	118.00		12.60	16.90	19.45	20.00	21.50	25.60	30.10	33.00	38.05	40.50	42.95	48.00	52.80	62.20	64.50	68.80	73.55	81.00	112.90	
01115187	0410	19940410	20150410	22	45.23	24.49	11.00	92.00		12.05	18.30	19.00	20.20	25.50	27.00	29.05	30.60	35.10	42.00	48.25	52.40	53.00	53.40	62.00	77.00	77.55	84.30	91.25	
01115187	0411	19940411	20150411	22	40.95	19.98	10.00	80.00		11.20	18.00	18.45	19.60	23.00	25.80	26.05	28.60	37.45	42.50	44.30	45.00	51.65	55.10	57.50	62.00	63.10	69.60	78.80	
01115187	0412	19940412	20150412	22	45.64	33.36	11.00	147.00		11.90	17.30	18.45	20.20	23.25	24.90	26.50	36.20	37.00	38.00	39.65	41.60	43.90	47.30	50.75	57.00	80.05	108.00	142.05	
01115187	0413	19940413	20150413	22	54.00	32.56	11.00	129.00		11.90	17.00	19.70	27.20	30.75	32.80	34.00	35.60	42.35	48.00	53.00	53.80	54.95	69.20	74.75	87.20	95.05	109.80	126.75	
01115187	0414	19940414	20150414	22	68.45	105.94	11.00	523.00		11.75	16.60	18.90	23.60	27.50	28.90	30.00	30.60	34.40	39.00	44.25	47.60	49.90	57.10	64.75	85.40	95.35	122.60	464.20	
01115187	0415	19940415	20150415	22	46.86	42.07	10.00	212.00		10.90	16.60	18.90	21.20	23.50	24.00	27.00	28.40	34.00	34.00	36.60	42.80	48.75	51.50	57.25	66.20	74.55	79.20	192.35	
01115187	0416	19940416	20150416	22	74.45	116.64	10.00	511.00		10.75	15.60	17.45	18.60	22.00	23.00	24.20	28.20	29.70	31.50	33.30	36.40	37.95	43.20	50.50	87.00	178.05	242.70	471.70	
01115187	0417	19940417	20150417	22	63.22	73.69	8.90	274.00		9.66	14.60	16.45	19.40	22.50	23.90	26.05	27.80	31.00	31.00	32.95	38.80	40.95	51.00	70.50	91.40	164.95	214.10	265.60	
01115187	0418	19940418	20150418	22	47.52	38.80	7.40	142.00		8.24	13.60	15.45	17.80	20.50	21.90	24.05	25.20	27.05	30.50	37.85	45.80	49.85	54.50	62.75	78.00	102.15	124.70	139.90	
01115187	0419	19940419	20150419	22	43.41	37.69	7.10	169.00		7.83	12.60	14.45	16.80	19.50	20.00	23.20	27.40	29.35	32.50	36.30	38.60	40.90	44.70	53.00	63.40	78.80	102.10	160.00	
01115187	0420	19940420	20150420	22	41.49	28.76	6.70	130.00		7.34	11.90	15.35	18.20	19.75	20.90	25.05	27.40	34.05	37.50	39.65	44.00	46.90	48.20	52.25	62.20	71.95	80.90	122.95	
01115187	0421	19940421	20150421	22	44.99	42.17	6.80	207.00		7.28	10.90	14.35	17.80	20.50	22.80	25.20	29.20	30.35	32.50	37.90	41.60	43.90	50.70	58.50	64.60	73.05	82.20	188.55	
01115187	0422	19940422	20150422	22	48.38	57.21	8.40	275.00		8.64	10.60	13.35	16.80	19.50	23.60	26.10	28.00	29.05	32.00	35.60	37.00	39.85	42.60	50.25	57.80	84.30	109.20	250.40	
01115187	0423	19940423	20150423	22	51.45	50.14	11.00	198.00		11.60	15.00	17.70	21.60	22.00	24.70	26.05	27.00	31.20	40.00	41.65	44.40	47.85	49.00	49.00	57.00	89.35	162.00	196.20	
01115187	0424	19940424	20150424	22	48.95	31.86	14.00	120.00		14.00	16.10	21.00	22.20	23.75	24.90	30.30	36.20	37.70	40.00	42.30	43.80	50.65	54.20	66.50	79.80	93.55	110.80	119.70	
01115187	0425	19940425	20150425	22	37.41	20.85	13.00	100.00		13.00	14.50	18.90	20.60	22.50	23.90	24.20	28.20	30.05	33.50	37.60	39.00	39.95	42.40	47.25	51.80	56.85	69.10	95.95	
01115187	0426	19940426	20150426	22	34.32	15.63	12.00	70.00		12.60	16.90	19.00	19.60	20.75	24.60	25.15	28.80	32.35	34.00	35.00	35.00	35.95	37.50	42.50	44.80	52.05	64.70	69.70	
01115187	0427	19940427	20150427	22	42.73	34.61	12.00	143.00		12.30	14.90	17.45	18.00	18.75	21.70	24.20	28.20	29.35	30.00	31.30	32.80	35.85	44.10	49.25	69.60	84.85	106.90	138.80	
01115187	0428	19940428	20150428	22	38.09	27.63	13.00	119.00		13.30	15.60	17.00	18.20	19.75	21.80	22.10	24.40	26.35	27.50	29.95	34.20	37.85	39.10	43.25	55.00	70.65	90.10	115.25	
01115187	0429	19940429	20150429	22	37.41	26.34	12.00	128.00		12.15	13.60	15.45	17.20	18.75	22.60	23.05	24.60	27.35	29.00	30.65	37.40	45.65	47.10	48.00	50.00	56.85	70.50	120.05	
01115187	0430	19940430	20150430	22	31.82	18.01	12.00	83.00		12.00	12.90	15.00	15.60	17.50	20.70	21.00	21.20	23.40	29.00	32.65	33.80	34.95	36.30	40.25	45.60	53.50	58.70	79.40	
01115187	0501	19940501	20150501	22	40.41	39.48	11.00	180.00		11.00	11.90	14.45	17.40	19.00	19.90	21.15	24.40	26.35	27.00	28.95	30.00	33.80	39.70	46.25	48.20	71.45	103.70	169.50	
01115187	0502	19940502	20150502	22	36.00	24.06	11.00	116.00		11.30	13.30	14.00	15.80	18.50	22.60	24.00	25.60	32.00	32.00	33.30	34.80	35.00	38.00	47.75	50.40	54.85	69.20	109.70	
01115187	0503	19940503	20150503	22	33.40	15.17	9.80	64.00		10.28	13.30	15.35	18.20	19.00	20.80	27.15	30.00	30.35	31.50	34.60	38.40	41.85	44.00	44.00	45.60	51.85	55.70	62.80	
01115187	0504	19940504	20150504	22	32.96	17.22	9.10	80.00		9.54	13.20	16.45	17.00	19.25	21.80	23.15	26.20	28.05	30.00	30.00	34.80	38.85	43.00	44.00	47.40	48.55	57.40	77.15	
01115187	0505	19940505	20150505	22	29.98	12.48	8.60	59.00		8.96	12.20	17.70	21.00	21.75	22.90	24.05	25.60	28.35	29.00	29.65	31.60	35.80	36.10	37.25	38.40	39.55	51.20	58.55	
01115187	0506	19940506	20150506	22	27.74	11.76	8.30	63.00		8.55	11.20	16.25	19.60	21.50	22.00	23.10	25.00	25.00	26.00	28.30	29.80	30.95	32.10	33.00	35.00	38.00	41.50	60.00	
01115187	0507	19940507	20150507	22	27.03	13.49	8.10	60.00		8.31	10.55	14.80	17.60	19.50	20.00	20.00	20.20	21.35	23.00	24.00	26.40	27.95	31.40	35.25	38.80	44.10	50.60	58.95	
01115187	0508	19940508	20150508	22	27.16	15.84	8.70	73.00		8.71	9.76	13.80	16.00	16.75	17.90	20.00	20.20	21.00	22.50	24.65	25.80	26.00	29.20	32.75	40.00	46.85	52.80	70.15	
01115187	0509	19940509	20150509	22	26.85	12.13	8.70	56.00		9.04	11.90	15.35	17.00	17.00	18.80	20.15	23.20	24.00	25.00	26.00	27.60	28.95	33.00	33.50	35.80	39.75	48.30	55.25	
01115187	0510	19940510	20150510	22	38.65	47.92	8.40	236.00		8.79	12.20	15.45	16.00	18.25	19.00	22.15	25.20	26.35	27.50	28.00	28.00	28.00	29.40	33.75	38.00	53.10	86.10	215.00	
01115187	0511	19940511	20150511	22	35.85	46.54	7.60	235.00		7.96	10.90	14.35	16.00	16.75	19.70	21.00	21.20	22.35	23.00	23.65	24.80	26.90	35.20	37.25	38.40	49.45	60.10	208.90	
01115187	0512	19940512	20150512	22	29.53	28.96	6.70	151.00		7.34	11.60	13.45	14.60	15.75	16.90	19.10	21.00	21.00	21.50	23.95	28.20	29.95	30.10	31.25	33.20	39.40	45.80	135.40	
01115187	0513	19940513	20150513	22	30.78	33.32	6.10	159.00		6.69	10.60	12.90	14.60	16.50	17.00	19.00	19.00	19.00	20.50	23.30	24.80	25.00	25.00	26.50	35.40	42.00	75.60	148.65	
01115187	0514	19940514	20150514	22	34.51	49.28	5.40	186.00		5.78	8.83	11.90	13.60	14.00	14.90	15.05	16.00	16.35	17.00	18.30	19.00	19.95	21.30	26.00	32.40	51.15	144.40	184.80	
01115187	0515	19940515	20150515	22	27.61	32.43	5.10	153.00		5.34	7.60	10.29	12.80	14.00	14.90	15.05	16.20	17.00	17.50	18.65	20.60	22.90	23.00	23.75	26.40	41.30	72.60	142.20	
01115187	0516	19940516	20150516	22	28.58	30.20	5.40	133.00		5.55	7.15	9.85	13.40	15.00	15.00	16.00	16.20	18.40	21.00	21.00	21.00	22.90	25.00	25.25	32.80	45.20	82.00	127.60	
01115187	0517	19940517	20150517	22	30.80	26.14	5.90	119.00		6.02	7.18	8.97	11.72	13.75	14.00	15.20	19.20	20.35	21.50	23.95	29.80	33.85	41.00	41.75	46.80	52.10	64.90	111.65	
01115187	0518	19940518	20150518	22	30.27	23.97	5.50	89.00		5.54	6.52	8.34	10.00	12.50	13.00	14.20	18.00	18.35	20.50	23.30	29.60	34.80	39.20	45.00	57.40	59.10	71.20	87.05	
01115187	0519	19940519	20150519	22	36.11	33.09	5.70	127.00		6.08	8.62	9.78	10.60	11.75	14.70	18.15	21.20	22.00	22.50	24.30	29.80	31.95	36.70	49.00	69.00	78.05	95.60	123.10	
01115187	0520	19940520	20150520	22	30.90	22.28	5.10	83.00		5.79	9.79	10.90	12.60	13.00	16.60	17.10	19.20	20.70	23.50	25.65	26.00	26.95	40.10	50.75	56.20	61.00	68.00	81.20	
01115187	0521	19940521	20150521	22	23.65	14.90	4.70	57.00		5.21	8.34	9.21	10.44	11.75	13.80	16.00	16.40	18.35	19.50	21.30	22.80	23.00	30.10	32.75	38.40	42.85	51.60	56.55	
01115187	0522	19940522	20150522	22	19.90	11.81	6.50	57.00		6.50	6.86	9.19	11.00	13.25	14.00	15.05	16.00	16.00	16.50	17.00	17.80	19.90	22.00	24.00	30.00	31.10	36.90	54.30	
01115187	0523	19940523	20150523	22	18.71	9.50	4.50	44.00		4.75	7.94	12.00	12.00	12.00	12.90	15.00	15.00	15.35	16.50	17.65	18.00	18.00	22.00	22.75	25.80	28.65	35.60	43.10	
01115187	0524	19940524	20150524	22	21.63	13.33	3.90	60.00		4.35	7.83	10.90	12.60	13.00	13.90	15.00	15.20	16.00	17.00	19.30	20.80	21.00	25.00	27.00	34.60	37.00	41.90	57.60	
01115187	0525	19940525	20150525	22	25.62	21.65	3.40	87.00		4.13	9.11	11.45	12.00	12.75	13.90	14.00	14.00	15.05	17.00	17.65	18.80	21.85	23.80	32.50	41.00	55.80	65.80	84.00	
01115187	0526	19940526	20150526	22	25.60	21.81	3.10	97.00		3.73	7.75	9.79	11.60	12.00	12.90	14.00	14.40	16.35	17.50	18.00	22.80	25.90	28.00	37.25	38.40	42.30	59.70	92.35	
01115187	0527	19940527	20150527	22	29.42	45.14	2.80	223.00		3.48	7.60	9.02	10.56	11.75	12.90	14.05	15.20	16.35	17.50	19.95	23.40	24.95	28.00	28.25	29.00	29.55	55.20	199.45	
01115187	0528	19940528	20150528	22	20.98	18.28	2.40	81.00		3.10	7.43	8.96	9.96	10.00	10.90	14.00	14.00	14.70	16.50	17.65	18.00	18.95	20.10	21.50	26.20	32.65	54.30	78.30	
01115187	0529	19940529	20150529	22	18.35	12.47	2.00	51.00		2.99	8.63	8.79	9.38	9.85	10.89	12.00	12.20	13.35	14.00	14.65	16.60	17.00	18.50	24.00	27.80	34.50	42.50	49.95	
01115187	0530	19940530	20150530	22	21.70	22.29	1.50	102.00		2.38	8.06	9.78	10.00	10.75	11.00	11.05	12.00	12.35	13.50	15.95	17.80	18.95	20.20	22.00	26.40	35.20	56.60	96.45	
01115187	0531	19940531	20150531	22	15.75	8.99	4.60	42.00		4.93	7.01	8.13	9.50	9.90	10.89	11.05	12.20	13.00	13.00	14.30	15.00	15.95	17.00	17.25	21.20	26.55	31.20	40.65	
01115187	0601	19940601	20150601	22	19.31	16.60	5.70	75.00		5.97	7.65	8.04	8.94	9.88	10.90	11.00	11.00	11.70	13.50	14.65	15.80	16.95	20.30	23.00	23.00	34.00	47.90	71.25	
01115187	0602	19940602	20150602	22	24.14	27.67	4.70	106.00		5.00	6.82	7.28	8.10	8.88	9.54	10.05	11.00	11.70	14.00	16.30	17.80	18.95	20.20	22.75	28.20	50.05	85.00	104.20	
01115187	0603	19940603	20150603	22	24.66	26.83	4.40	113.00		4.59	5.94	6.59	7.30	8.15	9.20	9.90	10.00	10.35	12.00	14.95	17.60	20.85	25.10	30.50	47.20	56.95	63.10	105.65	
01115187	0604	19940604	20150604	22	26.55	37.08	4.70	177.00		4.85	5.73	5.98	7.28	8.38	9.04	9.29	11.40	13.35	14.50	15.65	16.80	19.85	23.30	35.50	37.00	43.05	59.90	160.20	
01115187	0605	19940605	20150605	22	20.88	21.69	4.90	90.00		4.90	5.08	5.63	6.94	8.30	9.04	10.05	11.20	12.70	14.00	14.00	14.00	14.00	15.50	22.25	36.20	47.55	57.10	85.65	
01115187	0606	19940606	20150606	22	18.33	14.12	4.20	53.00		4.29	4.80	5.43	6.98	7.72	9.78	10.05	11.00	11.35	12.00	12.00	13.60	20.65	26.20	28.50	32.00	37.20	42.50	51.65	
01115187	0607	19940607	20150607	22	46.85	94.18	3.90	410.00		3.92	4.42	5.62	6.74	7.67	8.61	9.21	9.52	10.00	10.50	12.30	16.20	17.00	20.20	31.50	46.20	99.55	181.60	379.25	
01115187	0608	19940608	20150608	22	55.42	121.53	3.50	505.00		3.52	3.81	4.66	5.64	6.67	7.35	7.75	9.02	9.94	10.50	12.30	13.00	14.90	16.70	38.50	64.80	81.60	251.50	477.55	
01115187	0609	19940609	20150609	22	26.55	39.38	3.10	144.00		3.22	4.08	4.50	5.04	5.70	6.70	7.10	7.20	7.88	9.20	11.30	12.00	18.65	24.90	34.50	41.00	44.55	110.10	143.10	
01115187	0610	19940610	20150610	22	23.39	35.49	3.00	158.00		3.12	4.25	5.34	5.46	5.72	6.61	7.14	8.34	9.70	9.70	9.83	9.98	12.85	19.70	27.00	30.80	46.30	72.70	146.15	
01115187	0611	19940611	20150611	22	24.33	44.45	2.80	189.00		2.88	3.57	4.33	4.56	6.10	7.05	7.50	7.74	8.62	9.25	9.30	9.86	13.80	16.40	21.00	24.40	27.75	95.10	179.10	
01115187	0612	19940612	20150612	22	26.88	43.62	2.70	200.00		2.81	3.43	3.73	4.06	5.53	6.45	6.75	7.90	9.86	12.50	13.00	13.80	17.80	23.00	24.25	40.00	60.20	70.40	181.10	
01115187	0613	19940613	20150613	22	35.65	45.92	2.70	191.00		2.70	2.82	3.46	4.92	5.75	5.80	8.02	14.80	18.00	18.00	19.30	20.80	21.00	46.80	54.50	63.60	80.50	102.50	178.85	
01115187	0614	19940614	20150614	22	55.82	113.17	2.40	447.00		2.48	3.20	4.35	4.96	5.08	6.54	8.45	15.20	16.70	18.50	20.30	24.20	33.55	35.20	38.50	45.80	67.60	267.50	432.00	
01115187	0615	19940615	20150615	22	32.16	50.99	2.90	204.00		2.98	3.67	4.30	4.48	5.20	9.27	11.05	12.40	15.05	17.00	18.95	20.80	21.00	22.50	27.50	33.80	48.15	130.30	197.85	
01115187	0616	19940616	20150616	22	22.57	28.30	2.40	115.00		2.50	3.31	3.94	4.22	4.83	9.41	10.01	12.00	12.00	13.00	14.65	16.60	19.85	21.50	26.00	29.20	35.65	76.20	111.70	
01115187	0617	19940617	20150617	22	32.23	68.94	2.20	329.00		2.31	3.05	3.85	5.36	6.97	9.10	9.67	11.00	11.35	12.50	13.65	14.00	17.80	21.10	22.75	27.00	51.45	73.20	290.90	
01115187	0618	19940618	20150618	22	31.62	72.88	2.40	347.00		2.48	3.08	3.91	5.30	6.50	7.69	7.94	8.74	9.11	9.75	11.30	12.80	13.95	17.50	23.00	26.40	45.15	73.30	306.80	
01115187	0619	19940619	20150619	22	27.07	41.60	2.20	168.00		2.38	3.55	4.21	5.38	6.05	6.19	6.62	7.06	7.74	8.70	9.66	10.74	13.85	21.10	25.75	41.80	72.65	98.30	157.95	
01115187	0620	19940620	20150620	22	24.23	48.25	1.90	228.00		2.21	4.09	4.34	5.00	5.40	5.58	5.82	6.26	6.61	7.15	7.63	8.34	11.82	18.10	21.25	30.40	43.90	59.00	203.10	
01115187	0621	19940621	20150621	22	16.06	21.64	1.70	100.00		2.00	3.70	3.92	4.26	4.83	5.09	5.50	5.64	6.64	8.40	9.51	10.80	14.80	16.30	19.00	20.20	29.15	42.00	91.75	
01115187	0622	19940622	20150622	22	14.59	15.68	1.50	60.00		1.81	3.60	3.60	4.02	4.30	5.02	5.21	5.66	6.33	6.85	8.60	12.26	13.00	18.00	18.50	23.20	32.40	45.10	58.35	
01115187	0623	19940623	20150623	22	19.18	31.94	1.50	154.00		1.79	3.43	3.50	3.74	3.98	4.99	5.62	6.70	10.03	11.00	11.65	12.80	13.95	17.40	21.50	24.60	27.55	39.90	137.65	
01115187	0624	19940624	20150624	22	19.20	29.60	1.40	129.00		1.62	2.90	2.94	3.30	3.65	4.60	4.86	6.04	7.00	8.60	9.54	12.40	15.85	18.00	18.75	22.60	33.80	64.80	120.90	
01115187	0625	19940625	20150625	22	27.43	74.32	1.20	355.00		1.35	2.26	2.58	2.92	3.52	4.33	4.61	4.74	5.25	7.25	8.86	10.60	11.95	15.10	17.00	20.80	33.55	49.30	309.55	
01115187	0626	19940626	20150626	22	17.73	38.64	1.10	185.00		1.23	2.12	2.62	2.96	3.38	3.68	4.00	4.18	5.17	6.50	7.32	8.90	12.81	13.10	14.25	16.20	23.50	38.50	163.70	
01115187	0627	19940627	20150627	22	12.19	19.39	0.89	90.00		1.01	1.91	2.44	2.62	3.15	3.48	3.60	3.64	4.08	4.75	7.04	8.36	10.87	12.00	12.50	14.40	18.30	33.60	82.35	
01115187	0628	19940628	20150628	22	10.83	14.00	0.85	61.00		1.04	2.13	2.20	2.62	2.98	3.09	3.10	3.20	3.58	5.90	8.28	9.66	9.99	11.10	12.50	15.20	18.10	32.30	57.55	
01115187	0629	19940629	20150629	22	10.36	13.41	0.83	58.00		0.96	1.82	2.28	2.56	2.60	2.60	2.70	2.94	4.56	6.35	6.96	7.64	8.09	11.00	12.00	16.20	18.55	30.90	54.70	
01115187	0630	19940630	20150630	22	22.51	68.45	0.79	326.00		0.90	1.62	1.99	2.16	2.27	2.39	2.52	3.38	5.30	5.70	6.95	8.60	8.99	9.84	12.25	13.40	14.00	36.40	284.00	
01115187	0701	19940701	20150701	22	20.84	61.19	1.00	292.00		1.06	1.49	1.79	2.02	2.10	2.10	2.21	2.74	4.34	5.15	6.02	6.30	8.58	9.12	12.25	15.40	22.85	32.30	253.45	
01115187	0702	19940702	20150702	22	15.73	31.13	1.30	128.00		1.31	1.49	1.70	1.82	1.90	1.99	2.10	2.36	3.65	4.55	5.20	7.14	7.70	8.21	11.50	16.60	25.30	69.30	121.85	
01115187	0703	19940703	20150703	22	11.75	21.76	1.10	86.00		1.16	1.53	1.60	1.66	1.70	1.79	2.14	2.92	3.04	3.85	4.60	5.00	6.53	7.09	10.03	11.40	18.05	53.80	83.15	
01115187	0704	19940704	20150704	22	9.04	15.11	1.20	69.00		1.23	1.46	1.65	1.76	2.02	2.37	2.52	2.92	3.17	3.70	4.16	5.02	6.34	7.44	8.28	9.82	15.50	27.70	63.30	
01115187	0705	19940705	20150705	22	8.38	13.28	1.10	63.00		1.15	1.52	1.98	2.20	2.27	2.48	2.50	2.72	3.34	3.95	4.43	5.06	5.39	7.91	8.18	10.82	16.20	19.40	56.55	
01115187	0706	19940706	20150706	22	7.68	12.09	0.90	57.00		0.94	1.29	1.59	1.82	2.35	2.50	2.50	2.78	3.54	3.70	3.80	4.52	6.60	7.46	8.05	8.92	11.10	19.70	51.90	
01115187	0707	19940707	20150707	22	6.96	11.31	0.74	53.00		0.81	1.23	1.34	1.52	1.82	2.26	2.42	2.82	3.08	4.05	4.70	4.70	5.08	5.31	5.62	6.54	10.26	19.30	48.35	
01115187	0708	19940708	20150708	22	8.06	13.77	0.64	52.00		0.69	1.02	1.23	1.46	1.80	2.26	2.31	2.58	2.90	3.10	3.43	4.06	5.43	5.63	5.95	6.34	12.91	37.60	51.10	
01115187	0709	19940709	20150709	22	9.08	14.23	0.50	51.00		0.57	0.97	1.03	1.46	2.00	2.19	2.21	2.34	2.54	2.60	2.67	3.50	3.98	5.56	8.32	15.40	23.70	39.80	49.95	
01115187	0710	19940710	20150710	22	7.34	10.83	0.63	48.00		0.68	0.95	0.96	1.23	1.48	1.68	1.81	2.02	2.10	2.25	2.46	4.02	6.58	7.88	9.20	12.60	17.20	19.70	43.80	
01115187	0711	19940711	20150711	22	7.09	9.95	0.79	44.00		0.81	0.92	1.04	1.10	1.25	1.48	1.50	1.54	1.73	2.00	2.33	6.24	8.44	8.74	10.50	12.40	13.00	18.60	40.55	
01115187	0712	19940712	20150712	22	6.57	9.47	0.62	42.00		0.64	0.76	0.86	1.10	1.20	1.38	1.41	1.52	1.60	1.70	1.93	4.32	6.51	7.14	10.47	14.00	14.00	15.40	38.10	
01115187	0713	19940713	20150713	22	8.07	13.74	0.59	55.00		0.59	0.66	0.75	0.90	1.00	1.09	1.11	1.34	1.57	1.70	3.00	4.02	4.76	6.95	9.90	12.00	14.75	33.10	52.75	
01115187	0714	19940714	20150714	22	10.46	24.37	0.59	113.00		0.61	0.70	0.76	0.84	0.94	1.00	1.21	1.32	1.85	2.80	3.23	3.72	5.32	8.02	8.35	9.04	13.58	31.70	101.75	
01115187	0715	19940715	20150715	22	7.21	10.11	0.52	36.00		0.53	0.62	0.70	0.79	1.03	1.19	1.20	1.34	2.29	3.25	4.34	5.20	5.87	7.49	9.32	11.42	14.55	29.00	35.85	
01115187	0716	19940716	20150716	22	5.55	6.97	0.42	29.00		0.44	0.57	0.67	0.79	0.90	0.99	1.94	2.72	2.98	3.35	3.85	4.34	4.50	6.29	7.20	7.78	10.29	17.60	27.65	
01115187	0717	19940717	20150717	22	4.62	6.06	0.35	28.00		0.37	0.51	0.66	0.72	0.75	0.85	1.54	2.36	2.74	3.10	3.33	4.12	4.58	5.32	5.53	5.72	8.15	11.40	25.60	
01115187	0718	19940718	20150718	22	3.42	3.37	0.29	13.00		0.30	0.44	0.62	0.72	0.80	0.96	1.43	1.94	2.13	2.35	2.50	2.66	3.27	3.87	4.85	6.66	8.13	8.68	12.37	
01115187	0719	19940719	20150719	22	3.50	3.55	0.34	15.00		0.35	0.41	0.61	0.96	1.18	1.20	1.61	1.82	1.90	2.15	2.59	2.78	3.56	4.21	5.22	5.90	6.91	8.75	14.18	
01115187	0720	19940720	20150720	22	3.46	3.04	0.32	13.00		0.33	0.45	0.74	1.10	1.43	1.50	1.71	1.84	2.00	2.20	3.12	3.74	3.99	4.50	4.72	6.00	7.01	7.17	12.13	
01115187	0721	19940721	20150721	22	3.55	3.65	0.33	13.00		0.34	0.46	0.64	0.97	1.25	1.30	1.42	1.84	2.00	2.05	2.62	2.98	3.19	3.90	4.22	5.52	8.20	11.40	12.85	
01115187	0722	19940722	20150722	22	3.56	4.94	0.32	22.00		0.34	0.51	0.70	0.82	0.96	1.09	1.31	1.52	1.60	1.70	1.86	2.62	2.99	3.14	3.80	4.74	6.39	10.71	20.50	
01115187	0723	19940723	20150723	22	4.09	5.76	0.41	22.00		0.44	0.64	0.70	0.72	0.76	0.83	1.10	1.12	1.20	1.30	1.59	2.34	2.59	3.00	4.83	6.94	11.10	14.80	21.10	
01115187	0724	19940724	20150724	22	17.70	56.38	0.37	268.00		0.41	0.65	0.69	0.73	1.01	1.10	1.21	1.32	1.50	1.70	1.83	2.22	8.19	11.10	12.25	13.80	16.65	24.30	231.85	
01115187	0725	19940725	20150725	22	11.04	26.08	0.33	124.00		0.36	0.56	0.69	0.86	1.06	1.19	1.50	1.60	1.60	1.70	2.32	3.56	6.84	10.10	12.00	15.40	17.65	20.40	108.55	
01115187	0726	19940726	20150726	22	7.74	14.56	0.31	55.00		0.33	0.48	0.65	0.81	0.97	1.27	1.40	1.40	1.44	1.60	2.42	2.80	5.27	8.21	8.38	8.68	9.29	36.51	53.95	
01115187	0727	19940727	20150727	22	5.69	9.34	0.29	34.00		0.31	0.46	0.62	0.71	0.78	0.98	1.21	1.36	1.74	2.10	2.79	3.58	4.37	5.22	6.45	7.30	7.96	25.50	33.85	
01115187	0728	19940728	20150728	22	4.94	6.73	0.24	24.00		0.29	0.57	0.60	0.62	0.72	0.89	1.21	1.38	1.70	1.75	2.65	3.34	4.07	4.78	6.40	6.96	12.31	19.50	23.55	
01115187	0729	19940729	20150729	22	4.45	5.33	0.20	18.00		0.24	0.45	0.59	0.75	0.80	0.86	1.11	1.32	1.50	1.95	2.20	3.64	4.00	5.06	7.12	9.12	9.63	15.57	18.00	
01115187	0730	19940730	20150730	22	3.97	5.04	0.15	19.00		0.19	0.48	0.66	0.74	0.90	0.99	1.20	1.28	1.60	1.70	2.06	3.40	4.08	4.45	4.97	6.04	7.46	14.18	18.70	
01115187	0731	19940731	20150731	22	4.12	5.38	0.13	19.00		0.18	0.48	0.57	0.65	0.72	0.90	0.94	1.06	1.30	1.35	2.44	3.40	3.69	4.30	5.30	5.96	10.07	15.80	18.70	
01115187	0801	19940801	20150801	22	3.83	5.77	0.11	26.00		0.15	0.40	0.46	0.53	0.57	0.71	0.87	0.93	1.07	1.20	2.24	2.96	3.00	3.86	4.80	6.56	8.45	9.79	23.60	
01115187	0802	19940802	20150802	22	3.41	4.28	0.08	18.00		0.11	0.30	0.36	0.44	0.50	0.64	0.71	0.84	0.91	1.60	2.27	3.50	3.99	4.27	4.97	5.68	7.45	9.28	16.75	
01115187	0803	19940803	20150803	22	3.24	4.05	0.06	15.00		0.09	0.30	0.36	0.40	0.44	0.57	0.71	0.80	1.13	1.80	2.00	2.32	3.83	4.16	4.72	5.28	6.55	11.20	14.70	
01115187	0804	19940804	20150804	22	2.69	3.27	0.04	12.00		0.08	0.33	0.34	0.36	0.40	0.61	0.78	0.81	0.99	1.35	1.47	1.66	2.65	3.22	3.60	5.12	6.78	8.75	11.62	
01115187	0805	19940805	20150805	22	3.10	4.02	0.02	14.00		0.06	0.28	0.35	0.46	0.53	0.66	0.74	0.89	1.14	1.20	1.20	1.52	2.74	3.23	4.58	5.58	8.88	11.00	13.55	
01115187	0806	19940806	20150806	22	3.00	3.99	0.01	17.00		0.04	0.23	0.28	0.47	0.69	0.90	0.97	1.00	1.14	1.20	1.20	2.16	2.78	3.91	4.17	4.78	5.89	8.94	15.94	
01115187	0807	19940807	20150807	22	2.86	2.96	0.00	9.30		0.03	0.23	0.34	0.59	0.79	0.94	0.97	1.06	1.33	1.45	1.89	2.34	3.16	3.52	4.20	5.86	7.53	8.70	9.21	
01115187	0808	19940808	20150808	22	6.02	14.83	0.00	70.00		0.03	0.20	0.30	0.56	0.73	0.75	0.81	0.94	1.03	1.45	2.00	2.82	3.19	4.07	4.83	5.44	6.90	14.94	62.20	
01115187	0809	19940809	20150809	22	5.04	9.63	0.01	43.00		0.03	0.17	0.27	0.50	0.61	0.63	0.65	0.91	1.21	1.50	1.73	2.44	2.69	2.86	4.25	7.52	11.02	16.50	39.25	
01115187	0810	19940810	20150810	22	5.35	9.95	0.00	42.00		0.02	0.15	0.23	0.46	0.64	0.71	0.79	0.90	1.30	1.55	1.67	1.78	2.37	2.56	4.03	8.48	13.75	20.20	39.00	
01115187	0811	19940811	20150811	22	3.91	5.22	0.00	18.00		0.02	0.14	0.21	0.40	0.50	0.91	1.11	1.42	1.57	1.90	2.10	2.26	2.68	3.52	4.92	7.06	10.01	15.20	17.85	
01115187	0812	19940812	20150812	22	3.24	3.79	0.01	13.00		0.03	0.14	0.21	0.42	0.55	0.74	1.21	1.42	1.54	1.75	2.03	2.58	3.08	3.49	4.47	5.28	8.62	11.00	12.70	
01115187	0813	19940813	20150813	22	6.20	12.66	0.00	59.00		0.02	0.16	0.36	0.59	0.73	1.07	1.31	1.56	1.83	1.95	2.13	2.28	3.34	4.23	6.15	8.92	10.41	16.60	53.00	
01115187	0814	19940814	20150814	22	6.11	10.28	0.04	41.00		0.06	0.15	0.28	0.71	0.93	0.99	1.21	1.42	1.54	1.65	1.77	2.92	5.29	5.43	6.12	7.44	12.72	25.40	39.20	
01115187	0815	19940815	20150815	22	8.05	17.41	0.09	83.00		0.10	0.14	0.23	0.58	0.78	1.07	1.10	1.26	1.99	3.50	4.10	4.58	5.84	6.45	7.40	10.14	13.10	16.10	73.10	
01115187	0816	19940816	20150816	22	10.11	26.32	0.09	126.00		0.09	0.12	0.23	0.50	0.76	0.85	1.00	1.16	1.96	3.40	4.32	5.72	6.57	7.35	8.32	10.34	12.65	15.40	109.50	
01115187	0817	19940817	20150817	22	6.00	10.08	0.08	47.00		0.08	0.10	0.27	0.52	0.70	0.76	0.91	1.54	2.78	3.45	3.67	3.78	4.56	5.18	7.25	9.56	12.10	13.70	42.05	
01115187	0818	19940818	20150818	22	6.36	9.55	0.05	41.00		0.05	0.10	0.24	0.43	0.70	1.07	1.25	2.26	2.60	2.90	3.06	4.22	5.36	7.45	8.05	8.90	12.53	20.60	38.30	
01115187	0819	19940819	20150819	22	5.00	6.59	0.01	25.00		0.02	0.08	0.20	0.37	0.62	0.95	1.13	1.70	1.94	2.45	2.56	4.04	5.45	5.66	6.22	7.10	12.54	17.40	23.95	
01115187	0820	19940820	20150820	22	3.61	3.79	0.00	12.00		0.02	0.13	0.18	0.32	0.54	0.73	0.84	1.01	1.61	2.35	3.41	4.30	4.50	4.92	5.30	6.22	8.52	11.40	12.00	
01115187	0821	19940821	20150821	22	3.46	3.33	0.00	9.70		0.02	0.16	0.20	0.29	0.44	0.62	0.71	1.36	2.07	2.30	2.79	3.40	5.02	5.66	6.45	7.36	8.04	9.10	9.65	
01115187	0822	19940822	20150822	22	5.01	7.24	0.02	27.00		0.04	0.19	0.25	0.34	0.55	0.65	0.82	1.12	1.71	2.10	2.75	4.44	4.89	5.08	5.85	6.72	10.66	20.00	26.40	
01115187	0823	19940823	20150823	22	4.56	6.80	0.04	30.00		0.06	0.16	0.25	0.31	0.51	0.74	0.97	1.44	1.74	2.20	2.85	3.98	4.49	4.60	4.78	6.50	9.23	13.50	27.75	
01115187	0824	19940824	20150824	22	3.40	4.25	0.01	15.00		0.03	0.15	0.22	0.29	0.41	0.70	1.20	1.22	1.41	1.95	2.56	2.78	3.37	3.52	3.80	5.26	8.10	12.50	14.85	
01115187	0825	19940825	20150825	22	2.90	3.88	0.00	17.00		0.02	0.15	0.21	0.27	0.39	0.63	0.99	1.22	1.41	1.90	2.27	2.46	2.88	3.10	3.15	3.98	5.55	8.38	15.86	
01115187	0826	19940826	20150826	22	2.74	3.46	0.08	13.00		0.09	0.15	0.21	0.27	0.38	0.55	0.84	1.12	1.34	1.70	1.93	2.32	2.50	2.60	3.00	4.28	5.88	9.83	12.70	
01115187	0827	19940827	20150827	22	2.85	4.46	0.11	21.00		0.12	0.20	0.22	0.26	0.34	0.42	0.99	1.10	1.27	1.65	1.70	2.18	2.58	3.15	3.62	3.78	4.78	6.62	18.91	
01115187	0828	19940828	20150828	22	10.52	35.86	0.09	170.00		0.10	0.18	0.19	0.27	0.37	0.41	0.95	1.01	1.23	1.35	1.40	1.80	2.94	3.69	4.55	5.14	9.21	15.50	147.05	
01115187	0829	19940829	20150829	22	8.84	27.58	0.10	131.00		0.11	0.19	0.24	0.29	0.30	0.41	1.00	1.12	1.23	1.45	1.67	2.10	2.58	3.74	4.38	7.12	10.55	13.80	113.60	
01115187	0830	19940830	20150830	22	4.98	11.68	0.16	55.00		0.16	0.20	0.22	0.27	0.34	0.94	1.10	1.10	1.17	1.40	1.50	1.58	2.46	3.00	3.90	4.62	8.06	12.80	48.85	
01115187	0831	19940831	20150831	22	3.43	6.99	0.15	33.00		0.15	0.17	0.19	0.25	0.70	0.90	0.94	1.10	1.10	1.10	1.10	1.26	2.44	3.04	3.42	3.78	4.92	8.65	29.55	
01115187	0901	19940901	20150901	22	2.68	4.86	0.12	23.00		0.12	0.15	0.19	0.35	0.68	0.76	0.81	0.84	0.91	1.01	1.10	1.26	2.54	2.72	3.00	3.38	3.72	6.42	20.68	
01115187	0902	19940902	20150902	22	2.97	4.48	0.11	18.00		0.11	0.12	0.17	0.31	0.61	0.69	0.74	0.76	0.78	0.88	1.38	1.76	2.08	2.81	3.00	4.26	7.96	10.64	16.95	
01115187	0903	19940903	20150903	22	3.51	5.28	0.09	15.00		0.09	0.12	0.15	0.29	0.45	0.54	0.72	0.73	0.77	0.95	1.29	1.72	2.18	2.54	3.02	7.24	13.55	14.70	15.00	
01115187	0904	19940904	20150904	22	3.56	5.62	0.08	20.00		0.08	0.11	0.14	0.28	0.39	0.46	0.70	0.74	0.89	1.15	1.52	1.78	2.18	2.42	2.90	5.72	11.02	15.10	19.40	
01115187	0905	19940905	20150905	22	3.10	4.80	0.07	17.00		0.07	0.10	0.13	0.23	0.32	0.40	0.67	0.74	1.03	1.30	1.56	1.68	1.89	2.02	3.17	4.16	8.98	13.40	16.55	
01115187	0906	19940906	20150906	22	3.12	5.22	0.07	21.00		0.07	0.09	0.12	0.22	0.29	0.60	0.68	0.85	1.02	1.20	1.50	1.60	1.69	1.81	2.33	4.12	8.81	12.00	19.65	
01115187	0907	19940907	20150907	22	7.76	21.72	0.08	99.00		0.08	0.09	0.12	0.18	0.27	0.50	0.74	0.77	0.89	1.07	1.27	1.30	1.40	1.95	3.30	5.34	9.22	27.47	89.40	
01115187	0908	19940908	20150908	22	13.10	50.38	0.07	238.00		0.07	0.09	0.11	0.17	0.23	0.52	0.60	0.73	0.81	1.02	1.49	1.78	2.08	2.42	2.62	4.26	7.32	14.27	204.85	
01115187	0909	19940909	20150909	22	9.50	32.69	0.06	155.00		0.06	0.09	0.12	0.14	0.19	0.43	0.56	0.67	0.79	0.85	1.29	2.22	2.40	3.00	4.35	5.98	8.38	12.80	133.85	
01115187	0910	19940910	20150910	22	5.92	15.68	0.08	74.00		0.08	0.11	0.13	0.17	0.35	0.55	0.70	0.71	0.73	1.12	1.82	2.16	2.58	3.06	3.85	4.88	8.98	14.10	65.15	
01115187	0911	19940911	20150911	22	4.89	10.63	0.07	49.00		0.08	0.14	0.19	0.31	0.50	0.55	0.65	0.75	1.04	1.55	1.77	1.96	2.00	2.35	3.85	6.26	9.64	14.20	44.05	
01115187	0912	19940912	20150912	22	4.13	7.99	0.04	37.00		0.05	0.13	0.23	0.30	0.41	0.52	0.67	1.02	1.30	1.35	1.73	1.90	2.00	3.10	4.40	6.44	7.97	10.86	33.25	
01115187	0913	19940913	20150913	22	3.38	5.99	0.07	28.00		0.07	0.13	0.22	0.27	0.37	0.45	0.64	0.98	1.10	1.45	1.67	2.42	2.60	3.72	3.95	4.50	5.59	8.38	25.21	
01115187	0914	19940914	20150914	22	3.06	5.26	0.08	24.00		0.08	0.13	0.20	0.23	0.35	0.61	0.77	0.83	1.02	1.25	2.02	2.48	2.69	3.20	3.23	3.50	4.13	9.02	22.05	
01115187	0915	19940915	20150915	22	3.05	4.92	0.14	20.00		0.14	0.15	0.20	0.31	0.37	0.70	0.94	1.12	1.27	1.60	1.86	2.06	2.48	2.60	2.73	3.22	4.50	12.12	19.25	
01115187	0916	19940916	20150916	22	7.27	17.82	0.13	84.00		0.14	0.20	0.23	0.30	0.62	0.80	1.00	1.14	1.54	2.10	2.33	2.56	2.79	2.93	4.35	9.48	13.10	16.80	74.10	
01115187	0917	19940917	20150917	22	12.54	41.27	0.19	196.00		0.20	0.26	0.52	0.78	0.81	0.85	1.00	1.18	1.78	2.30	2.37	2.80	3.09	3.41	4.50	9.30	14.20	16.70	169.15	
01115187	0918	19940918	20150918	22	9.40	19.32	0.16	83.00		0.17	0.25	0.47	0.68	0.83	1.35	1.50	1.62	1.81	2.00	2.06	2.26	2.40	6.02	8.50	11.60	17.85	37.80	77.30	
01115187	0919	19940919	20150919	22	7.97	14.33	0.15	53.00		0.15	0.21	0.41	0.60	0.73	1.07	1.21	1.32	1.54	1.80	1.80	2.20	4.67	5.37	9.62	11.02	16.30	37.90	51.95	
01115187	0920	19940920	20150920	22	5.07	6.19	0.19	20.00		0.19	0.21	0.38	0.54	0.65	0.73	0.88	1.02	1.44	1.55	1.93	3.06	6.34	7.05	9.72	11.40	12.00	16.90	19.85	
01115187	0921	19940921	20150921	22	3.86	4.34	0.17	12.00		0.18	0.21	0.34	0.52	0.59	0.67	0.76	1.10	1.21	1.55	1.83	2.38	4.02	6.23	7.62	8.86	10.96	12.00	12.00	
01115187	0922	19940922	20150922	22	3.38	3.57	0.16	12.00		0.17	0.23	0.33	0.49	0.57	0.59	0.64	0.91	1.74	2.15	2.62	2.80	2.80	4.88	6.12	7.74	8.35	9.15	11.60	
01115187	0923	19940923	20150923	22	5.71	9.22	0.14	41.00		0.15	0.21	0.29	0.44	0.50	0.56	1.11	1.40	1.94	2.60	3.39	3.92	4.09	4.63	6.83	8.20	13.16	16.70	37.40	
01115187	0924	19940924	20150924	22	10.21	23.18	0.12	101.00		0.13	0.16	0.30	0.46	0.47	0.48	1.00	1.20	1.64	1.80	2.42	3.18	3.40	4.31	5.47	9.60	20.50	41.80	93.20	
01115187	0925	19940925	20150925	22	6.57	13.22	0.10	60.00		0.11	0.14	0.25	0.39	0.39	0.58	0.83	1.02	1.60	1.90	2.19	2.62	3.17	4.30	5.58	9.62	15.10	19.50	54.15	
01115187	0926	19940926	20150926	22	5.15	8.20	0.09	37.00		0.10	0.15	0.24	0.33	0.36	0.57	0.82	1.16	1.98	2.35	2.92	3.68	3.80	4.62	6.75	9.12	12.00	12.70	33.40	
01115187	0927	19940927	20150927	22	6.56	12.79	0.09	58.00		0.10	0.21	0.30	0.34	0.51	0.57	1.03	1.80	2.41	3.00	3.27	3.30	3.49	3.94	5.53	9.36	10.37	20.80	53.05	
01115187	0928	19940928	20150928	22	7.27	15.78	0.09	75.00		0.11	0.23	0.32	0.43	0.77	1.08	1.92	2.36	2.81	3.30	3.40	3.48	3.59	4.56	6.50	8.12	10.34	16.90	66.60	
01115187	0929	19940929	20150929	22	11.96	18.16	0.09	66.00		0.11	0.22	0.29	0.45	0.88	1.54	1.91	2.06	2.54	3.05	3.29	4.04	8.00	10.40	16.25	27.40	35.10	44.40	63.30	
01115187	0930	19940930	20150930	22	10.05	15.05	0.21	50.00		0.23	0.34	0.45	0.94	1.20	1.56	2.12	2.44	2.67	2.95	3.62	5.34	7.41	8.85	12.50	14.40	30.40	43.00	48.95	
01115187	1001	19941001	20151001	22	7.25	9.04	0.25	33.00		0.26	0.36	0.50	0.89	1.18	1.65	1.91	2.00	2.14	3.00	5.03	6.52	7.55	8.50	9.55	10.80	18.05	25.10	31.95	
01115187	1002	19941002	20151002	22	6.35	7.50	0.33	27.00		0.35	0.49	0.56	0.91	1.10	1.37	1.60	1.76	2.07	2.95	3.83	5.82	6.68	7.64	8.35	12.04	16.00	20.20	26.25	
01115187	1003	19941003	20151003	22	6.10	7.21	0.36	32.00		0.38	0.51	0.69	0.94	0.99	1.09	1.81	1.94	2.45	4.40	5.83	5.98	6.67	7.51	8.57	10.08	12.55	13.70	29.30	
01115187	1004	19941004	20151004	22	7.24	12.10	0.32	58.00		0.35	0.56	0.63	0.77	0.88	0.92	1.23	1.74	2.21	4.05	5.69	6.70	7.85	8.27	9.85	10.40	11.55	12.00	51.10	
01115187	1005	19941005	20151005	22	7.42	13.10	0.33	62.00		0.34	0.47	0.76	0.91	1.07	1.19	1.30	1.50	2.04	3.80	5.43	5.66	6.37	7.68	8.53	8.94	11.20	17.20	55.55	
01115187	1006	19941006	20151006	22	7.69	10.96	0.31	40.00		0.32	0.46	0.76	0.94	1.15	1.29	1.42	1.90	2.90	4.15	4.37	4.72	7.08	7.71	8.03	11.22	16.10	31.00	39.55	
01115187	1007	19941007	20151007	22	7.75	13.48	0.28	62.00		0.29	0.47	0.79	0.93	1.06	1.10	1.23	1.82	2.90	4.25	4.89	5.26	6.25	6.91	7.17	9.42	12.55	22.10	56.60	
01115187	1008	19941008	20151008	22	5.67	6.70	0.39	27.00		0.42	0.58	0.73	0.89	0.94	0.99	1.60	1.72	2.66	3.90	5.08	6.22	6.69	6.93	7.22	7.90	9.13	17.52	26.10	
01115187	1009	19941009	20151009	22	10.83	19.03	0.47	78.00		0.49	0.62	0.76	0.87	0.97	1.45	1.96	3.28	4.17	4.70	5.29	5.58	6.26	6.91	10.35	15.00	16.65	43.90	74.55	
01115187	1010	19941010	20151010	22	8.44	11.90	0.39	46.00		0.42	0.60	0.79	1.06	1.10	1.37	1.68	3.18	3.64	4.00	4.49	5.26	6.07	6.57	9.93	12.40	20.95	31.30	44.20	
01115187	1011	19941011	20151011	22	7.87	11.44	0.49	50.00		0.50	0.59	0.85	1.00	1.00	1.36	1.56	2.90	3.84	4.15	4.72	5.08	5.76	6.44	9.70	13.40	15.10	23.70	46.55	
01115187	1012	19941012	20151012	22	6.75	7.30	0.44	24.00		0.50	0.89	0.98	1.12	1.27	1.30	1.44	2.42	3.44	4.05	4.40	4.64	5.37	8.31	12.25	13.40	16.75	21.10	23.70	
01115187	1013	19941013	20151013	22	7.32	8.30	0.47	30.00		0.53	0.88	1.06	1.26	1.30	1.30	2.05	3.00	3.07	3.45	3.96	5.22	6.92	7.68	12.50	14.80	18.20	22.10	28.95	
01115187	1014	19941014	20151014	22	11.78	20.05	0.48	78.00		0.53	0.85	1.04	1.10	1.25	1.57	1.75	2.76	3.10	3.55	3.87	5.34	7.60	12.20	14.00	14.00	20.60	51.20	75.60	
01115187	1015	19941015	20151015	22	42.81	140.77	0.51	666.00		0.56	0.87	1.04	1.16	1.27	1.30	2.61	2.90	3.48	4.75	6.22	9.30	10.95	13.90	22.00	24.00	38.00	78.50	579.90	
01115187	1016	19941016	20151016	22	21.01	50.23	0.74	239.00		0.78	1.02	1.15	1.20	1.35	2.21	2.85	3.96	4.24	4.70	8.22	10.78	11.95	15.20	17.50	22.60	31.30	43.80	210.35	
01115187	1017	19941017	20151017	22	13.11	22.48	0.80	107.00		0.82	0.96	1.09	1.20	1.57	2.51	3.50	3.84	6.04	8.00	8.46	9.14	10.91	12.30	15.25	17.20	19.55	29.10	95.90	
01115187	1018	19941018	20151018	22	11.47	16.22	0.96	71.00		0.96	0.99	1.04	1.34	1.57	2.41	3.01	3.58	5.34	6.35	7.49	9.56	10.95	12.20	14.00	14.00	20.05	35.50	66.35	
01115187	1019	19941019	20151019	22	11.17	13.70	0.89	54.00		0.90	0.99	1.14	1.42	1.88	2.99	3.41	3.60	4.25	4.85	7.86	10.68	11.00	12.10	13.25	16.80	27.60	35.10	51.30	
01115187	1020	19941020	20151020	22	36.99	82.38	0.79	344.00		0.82	1.03	1.42	1.92	2.83	3.37	3.42	3.82	5.65	9.20	11.12	13.60	14.95	17.10	23.00	40.00	49.05	167.40	324.80	
01115187	1021	19941021	20151021	22	27.03	51.79	0.75	235.00		0.79	1.12	1.62	1.96	2.90	3.29	3.42	4.54	7.88	8.75	10.91	13.60	14.95	26.20	28.25	31.00	47.75	85.60	214.30	
01115187	1022	19941022	20151022	22	18.37	27.56	0.65	113.00		0.69	1.15	1.69	1.98	2.62	3.34	3.60	4.10	6.64	8.55	8.77	10.56	11.95	14.50	21.00	29.00	46.30	63.60	105.95	
01115187	1023	19941023	20151023	22	15.80	20.51	0.63	76.00		0.68	1.17	1.78	2.24	2.40	2.85	3.66	5.08	7.12	8.20	9.08	10.70	11.00	11.80	19.75	30.40	44.10	52.70	73.00	
01115187	1024	19941024	20151024	22	14.19	17.71	0.69	66.00		0.71	1.10	2.02	2.42	2.58	3.23	3.55	6.52	7.17	7.65	9.88	11.00	11.00	12.00	13.00	24.00	38.20	47.70	63.75	
01115187	1025	19941025	20151025	22	19.10	30.61	0.96	116.00		1.03	1.55	2.12	2.40	2.55	3.23	3.67	5.34	6.72	8.05	9.12	9.72	9.99	10.40	17.00	28.40	43.00	82.10	112.85	
01115187	1026	19941026	20151026	22	18.19	33.93	1.10	162.00		1.21	2.01	2.54	2.60	2.75	4.33	5.84	6.84	7.40	7.70	8.91	9.56	9.88	13.60	19.50	23.80	30.20	39.70	144.15	
01115187	1027	19941027	20151027	22	15.81	19.01	1.30	79.00		1.38	1.95	2.34	2.64	2.95	4.89	6.72	7.14	7.79	8.90	9.16	12.24	13.00	16.20	18.25	26.20	37.55	45.00	74.35	
01115187	1028	19941028	20151028	22	23.83	31.62	1.20	102.00		1.26	1.81	2.39	2.68	3.25	4.12	7.32	7.80	9.18	11.00	12.30	15.40	16.00	18.40	26.25	44.20	69.05	94.90	101.70	
01115187	1029	19941029	20151029	22	34.23	57.10	1.20	259.00		1.25	1.65	2.13	2.42	3.17	5.02	7.58	9.22	9.89	14.00	18.95	24.00	28.80	33.00	43.00	46.40	58.00	99.90	237.25	
01115187	1030	19941030	20151030	22	28.08	40.52	1.00	160.00		1.07	1.71	2.25	2.30	2.60	3.96	7.55	8.72	10.09	13.00	15.65	16.80	17.00	23.70	39.50	41.40	68.40	101.20	151.90	
01115187	1031	19941031	20151031	22	18.72	22.73	1.00	85.00		1.06	1.58	2.00	2.06	3.15	3.68	7.05	8.06	8.44	8.90	10.34	11.80	14.85	17.30	30.50	36.20	42.95	61.00	82.30	
01115187	1101	19941101	20151101	22	15.01	16.83	1.40	68.00		1.45	1.88	2.48	2.94	3.62	4.97	5.41	7.50	7.75	8.35	9.02	9.70	12.84	15.70	22.50	27.60	33.00	42.10	64.70	
01115187	1102	19941102	20151102	22	14.71	14.32	1.80	58.00		1.80	1.95	2.52	2.86	4.40	5.44	6.52	7.04	7.78	8.35	10.81	14.40	15.00	16.60	23.75	29.00	30.65	34.80	54.70	
01115187	1103	19941103	20151103	22	15.55	15.51	1.70	58.00		1.70	1.79	2.27	2.60	3.88	5.29	7.20	7.20	7.55	8.65	10.98	12.00	16.75	22.40	26.25	28.20	30.55	42.90	56.50	
01115187	1104	19941104	20141104	21	14.53	12.45	1.30	43.00		1.33	1.72	2.29	3.02	4.50	6.22	7.18	7.86	8.99	9.30	11.50	16.60	19.00	19.40	22.00	25.80	27.00	39.00	42.90	
01115187	1105	19941105	20141105	21	15.15	12.50	1.10	38.00		1.12	1.54	2.59	3.16	4.25	5.64	6.69	7.14	9.36	11.00	14.10	15.40	18.80	24.20	26.50	27.60	33.60	36.80	37.90	
01115187	1106	19941106	20141106	21	14.24	11.25	1.10	35.00		1.11	1.52	3.07	3.90	4.45	4.70	6.10	7.74	9.80	11.00	12.50	17.00	18.20	21.00	22.50	26.40	30.10	34.20	35.00	
01115187	1107	19941107	20141107	21	14.43	10.85	1.60	36.00		1.63	2.08	3.22	4.28	4.50	5.02	6.28	7.42	8.77	12.00	15.10	16.60	19.90	22.80	24.00	26.40	28.70	29.80	35.40	
01115187	1108	19941108	20141108	21	15.65	12.19	1.90	37.00		1.91	2.10	3.07	4.40	4.50	4.78	6.58	7.46	8.94	11.00	16.10	18.40	24.00	25.20	27.00	27.60	30.80	36.00	37.00	
01115187	1109	19941109	20141109	21	21.10	27.00	2.00	123.00		2.05	2.54	3.18	4.34	4.40	5.72	7.02	8.72	11.71	14.00	16.20	18.40	21.20	24.40	25.50	26.60	36.10	52.00	116.20	
01115187	1110	19941110	20141110	21	19.27	17.76	2.00	59.00		2.00	2.10	3.04	5.22	6.60	6.78	7.53	10.36	11.00	13.00	13.30	16.40	18.30	23.80	32.00	36.60	46.70	52.40	58.40	
01115187	1111	19941111	20141111	21	19.28	17.73	1.60	71.00		1.65	2.18	3.40	5.70	6.85	8.30	9.47	9.88	10.89	15.00	15.10	16.40	19.50	23.80	28.50	35.00	37.70	47.60	68.90	
01115187	1112	19941112	20141112	21	19.48	19.61	1.40	85.00		1.45	2.00	3.24	6.16	7.65	8.30	9.19	9.64	9.97	11.00	14.20	16.80	20.30	24.20	30.50	33.20	36.10	44.20	81.10	
01115187	1113	19941113	20141113	21	18.50	16.03	1.20	66.00		1.29	2.14	3.23	6.08	7.75	8.52	9.16	11.48	12.00	12.00	14.20	16.40	20.10	25.80	29.00	33.40	35.70	39.20	63.40	
01115187	1114	19941114	20141114	21	18.61	14.33	1.50	53.00		1.54	1.98	3.59	7.56	9.25	10.40	11.70	12.00	12.00	14.00	14.00	15.60	23.20	26.00	27.50	29.60	37.00	44.00	52.20	
01115187	1115	19941115	20141115	21	23.87	28.94	1.70	108.00		1.72	2.04	4.04	8.32	10.35	11.00	11.00	12.60	13.90	14.00	15.10	16.80	20.00	22.80	27.50	28.00	34.30	91.40	107.70	
01115187	1116	19941116	20141116	21	20.10	16.86	1.50	69.00		1.54	2.08	4.09	7.82	9.40	9.90	10.67	11.80	13.80	14.00	18.10	19.20	22.40	28.40	29.00	30.20	32.40	49.00	67.40	
01115187	1117	19941117	20141117	21	32.37	38.81	2.10	169.00		2.15	3.38	6.95	8.24	9.80	12.20	13.70	14.00	15.80	17.00	18.20	20.80	27.60	36.80	41.00	53.00	69.50	82.80	160.60	
01115187	1118	19941118	20141118	21	28.24	27.45	2.50	97.00		2.55	3.82	7.40	8.22	10.20	12.00	12.70	14.60	16.80	17.00	18.00	20.40	30.30	32.60	36.00	46.00	62.50	87.80	96.60	
01115187	1119	19941119	20141119	21	23.33	17.61	2.50	61.00		2.56	3.82	7.00	8.62	10.50	11.60	12.00	13.60	16.70	18.00	19.10	21.00	25.90	29.60	35.00	44.00	48.70	54.60	60.50	
01115187	1120	19941120	20141120	21	19.43	12.75	2.50	43.00		2.53	3.48	6.62	8.12	9.95	11.00	11.00	11.80	14.70	15.00	20.00	20.20	22.20	26.60	29.50	34.20	37.70	41.20	42.90	
01115187	1121	19941121	20141121	21	18.09	11.83	2.50	49.00		2.50	3.22	6.52	7.82	10.15	12.00	12.00	12.00	13.80	15.00	17.10	18.20	20.20	23.40	25.00	29.00	32.40	35.40	47.70	
01115187	1122	19941122	20141122	21	25.51	30.32	2.50	143.00		2.50	3.52	7.75	8.86	10.50	11.00	11.70	14.40	15.00	17.00	17.10	18.40	22.10	27.80	30.50	33.20	42.40	55.60	134.50	
01115187	1123	19941123	20141123	21	29.26	36.67	2.50	151.00		2.53	3.62	7.08	7.98	9.35	10.00	10.70	12.60	13.90	15.00	16.20	19.20	25.20	28.40	32.00	45.20	52.70	96.20	146.60	
01115187	1124	19941124	20141124	21	34.67	65.79	2.50	306.00		2.51	3.34	6.51	7.48	8.85	9.80	11.40	12.80	13.90	16.00	16.10	17.20	18.60	20.80	26.50	33.40	66.50	81.60	283.60	
01115187	1125	19941125	20141125	21	25.71	27.81	2.40	122.00		2.47	3.74	6.48	7.62	9.10	11.00	12.70	13.80	14.90	16.00	17.30	20.40	22.90	25.40	27.50	43.40	57.20	59.80	115.80	
01115187	1126	19941126	20141126	21	29.45	29.39	2.30	115.00		2.49	4.56	7.20	10.40	11.50	13.20	14.00	15.60	16.90	17.00	19.30	22.60	25.30	30.40	40.00	44.80	68.40	82.80	111.90	
01115187	1127	19941127	20141127	21	31.16	26.31	4.40	128.00		4.55	7.12	12.60	14.40	15.50	16.60	17.70	20.40	21.00	24.00	29.60	35.20	36.30	37.40	38.50	40.20	41.00	57.80	121.40	
01115187	1128	19941128	20141128	21	29.78	16.97	4.20	59.00		4.49	8.08	12.90	15.00	15.50	17.20	19.40	20.00	20.00	25.00	30.30	34.20	39.60	43.40	47.50	48.60	51.80	53.80	58.50	
01115187	1129	19941129	20141129	21	31.64	33.26	3.80	160.00		4.18	8.48	12.30	13.40	14.50	15.60	17.40	18.00	19.80	22.00	25.10	26.40	28.60	32.40	38.00	40.60	45.20	67.00	151.20	
01115187	1130	19941130	20141130	21	26.88	21.06	3.70	84.00		4.11	8.44	11.00	11.00	11.50	13.20	16.10	17.00	18.80	19.00	20.10	22.00	27.50	32.20	34.50	39.80	56.30	65.20	82.20	
01115187	1201	19941201	20141201	21	30.39	25.95	3.70	99.00		4.08	8.00	10.30	12.20	14.00	14.60	17.10	18.00	18.90	19.00	20.00	20.80	27.00	36.40	43.50	53.00	61.20	80.60	97.60	
01115187	1202	19941202	20141202	21	37.36	40.60	3.40	169.00		3.85	8.16	9.44	11.20	13.00	14.80	17.40	18.00	19.80	20.00	21.20	24.80	35.00	43.20	51.50	58.60	65.30	108.80	164.00	
01115187	1203	19941203	20141203	21	32.62	34.36	3.30	131.00		3.77	8.34	10.09	11.40	12.00	13.80	15.00	15.80	16.90	18.00	20.10	22.40	30.40	36.80	41.50	48.00	55.60	108.40	130.00	
01115187	1204	19941204	20141204	21	25.58	22.88	3.00	98.00		3.47	7.96	9.15	9.70	10.50	12.20	13.70	14.80	15.90	16.00	20.20	22.20	23.30	27.20	35.50	40.80	42.70	64.60	95.20	
01115187	1205	19941205	20141205	21	21.96	15.51	2.90	62.00		3.26	6.80	8.30	9.12	9.40	11.00	13.40	14.80	15.00	18.00	19.10	20.20	23.40	29.40	32.50	35.60	37.40	49.20	61.00	
01115187	1206	19941206	20141206	21	23.56	18.81	2.70	70.00		3.04	6.42	7.91	8.52	8.90	10.84	14.10	15.00	15.90	17.00	17.50	22.00	24.40	30.40	32.00	33.60	48.70	61.40	69.30	
01115187	1207	19941207	20141207	21	31.63	30.40	2.50	131.00		2.97	7.22	7.63	8.60	9.95	13.40	15.00	15.80	16.00	20.00	22.90	31.20	33.80	39.60	45.50	53.20	58.80	72.80	125.50	
01115187	1208	19941208	20141208	21	47.99	83.13	2.50	383.00		3.07	8.24	8.49	8.78	9.45	12.40	14.00	14.00	15.80	19.00	19.80	27.40	31.10	38.80	43.00	70.60	93.20	115.00	356.70	
01115187	1209	19941209	20141209	21	34.27	37.18	3.20	138.00		3.68	8.30	9.62	10.34	11.50	12.60	13.00	13.00	14.80	17.00	18.80	26.40	28.30	34.60	46.50	53.60	82.60	109.20	135.50	
01115187	1210	19941210	20141210	21	33.94	35.63	3.40	148.00		3.88	8.40	9.44	10.80	12.00	12.60	14.40	16.60	17.90	19.00	20.50	25.60	28.60	30.40	43.50	66.80	76.80	84.40	141.80	
01115187	1211	19941211	20141211	21	39.50	35.22	3.50	129.00		4.01	8.74	9.33	9.56	11.40	13.00	13.70	15.60	23.20	27.00	30.30	36.60	52.80	57.40	62.00	67.80	78.10	102.00	126.80	
01115187	1212	19941212	20141212	21	66.06	127.05	3.80	596.00		4.30	8.96	10.02	11.80	14.00	18.00	20.70	22.60	23.90	29.00	44.00	45.20	51.50	55.40	57.00	60.40	64.80	155.60	554.20	
01115187	1213	19941213	20141213	21	51.00	65.82	4.60	268.00		4.99	8.58	9.53	11.00	12.50	14.60	19.20	22.60	24.80	25.00	34.80	42.80	46.60	48.80	53.00	62.00	84.90	179.40	261.30	
01115187	1214	19941214	20141214	21	45.48	42.71	5.00	137.00		5.33	8.38	9.39	11.80	13.00	13.00	19.30	22.80	26.60	28.00	32.70	39.40	42.20	45.40	71.50	104.80	110.70	122.20	135.80	
01115187	1215	19941215	20141215	21	44.79	43.64	6.00	155.00		6.17	7.74	9.13	12.40	14.00	16.20	17.70	19.60	24.50	28.00	34.00	35.40	41.30	47.20	67.00	83.80	98.20	133.40	153.60	
01115187	1216	19941216	20141216	21	37.67	30.04	5.90	123.00		6.06	7.52	8.62	12.20	14.50	15.00	20.60	23.00	24.80	29.00	32.10	42.20	43.00	43.80	55.50	69.00	71.70	77.60	118.60	
01115187	1217	19941217	20141217	21	46.88	48.66	5.20	208.00		5.42	7.48	9.66	14.40	15.00	19.20	22.70	27.00	28.00	34.00	34.40	38.20	42.30	50.00	60.00	72.40	80.30	127.80	201.10	
01115187	1218	19941218	20141218	21	60.82	80.53	7.60	258.00		7.80	10.08	12.00	12.40	17.00	22.80	24.70	25.80	26.90	30.00	33.60	39.20	40.90	43.00	47.00	63.60	191.00	247.60	257.10	
01115187	1219	19941219	20141219	21	39.82	41.78	7.50	192.00		7.63	9.44	12.30	13.00	16.00	20.80	22.70	23.80	24.00	27.00	28.40	32.40	34.60	37.20	40.50	52.80	75.40	94.80	182.60	
01115187	1220	19941220	20141220	21	41.60	51.17	7.60	240.00		7.68	8.46	9.69	12.40	15.50	19.80	21.70	25.20	26.00	26.00	28.10	29.60	32.30	34.60	48.00	59.00	59.70	98.40	226.80	
01115187	1221	19941221	20141221	21	40.45	44.93	6.60	200.00		6.71	7.78	9.57	13.80	16.00	18.80	22.10	24.60	26.80	27.00	28.00	29.20	34.90	39.80	45.50	51.80	59.20	113.00	192.60	
01115187	1222	19941222	20141222	21	34.03	25.51	5.40	91.00		5.49	6.82	10.13	14.60	18.00	20.80	22.70	23.80	24.90	26.00	29.30	32.00	32.90	35.40	38.50	50.00	77.00	86.80	90.60	
01115187	1223	19941223	20141223	21	32.71	17.52	4.90	70.00		5.41	10.20	12.50	17.60	21.50	23.00	23.00	24.60	26.80	31.00	32.10	33.40	35.90	42.00	49.50	51.00	55.20	57.80	68.80	
01115187	1224	19941224	20141224	21	47.95	41.67	9.40	182.00		9.41	9.80	11.90	17.20	22.00	22.60	25.10	30.80	33.80	43.00	44.40	48.20	49.30	50.40	55.50	63.00	76.90	120.40	176.80	
01115187	1225	19941225	20141225	21	53.11	49.21	8.40	192.00		8.76	12.20	13.30	16.40	21.00	25.00	28.40	29.80	30.90	35.00	38.10	40.20	45.30	52.80	66.00	97.20	125.10	135.40	186.50	
01115187	1226	19941226	20141226	21	44.63	32.27	8.40	127.00		8.45	9.72	14.80	20.20	24.00	26.60	27.00	28.60	29.90	31.00	35.70	43.20	50.10	55.80	61.00	66.80	81.30	107.00	125.50	
01115187	1227	19941227	20141227	21	48.29	37.82	7.10	155.00		7.19	9.00	14.20	17.40	18.50	23.80	28.40	35.40	41.50	43.00	44.40	48.00	48.30	49.80	58.00	73.40	86.70	118.00	152.00	
01115187	1228	19941228	20141228	21	43.91	32.52	6.00	132.00		6.22	9.16	14.20	17.00	19.00	21.60	29.00	32.80	33.00	36.00	39.10	40.00	42.70	51.40	62.00	69.00	84.40	98.20	128.80	
01115187	1229	19941229	20141229	21	35.39	21.94	5.30	78.00		5.75	10.24	12.90	15.40	16.50	18.20	23.90	26.80	27.90	31.00	32.20	34.20	39.80	51.00	52.00	57.80	63.80	74.60	77.90	
01115187	1230	19941230	20141230	21	37.42	20.38	4.90	81.00		5.41	11.00	15.30	18.40	23.00	24.00	26.10	28.60	29.00	34.00	34.50	41.00	50.80	55.00	55.00	56.20	59.80	64.20	79.40	
01115187	1231	19941231	20141231	21	31.50	15.19	4.60	59.00		5.14	11.00	16.20	19.40	20.50	21.60	22.00	25.20	26.90	27.00	32.10	33.80	38.50	42.80	45.00	47.20	51.50	53.80	58.50	
