site_no	monthday	begin_dt	end_dt	count_nu	mean	std	min	max	p01	p05	p10	p15	p20	p25	p30	p35	p40	p45	p50	p55	p60	p65	p70	p75	p80	p85	p90	p95	p99
01311500	ALL	19540701	20130430	21489	2.32	5.62	0.00	161.00	0.00	0.00	0.00	0.00	0.00	0.00	0.00	0.05	0.18	0.30	0.46	0.65	0.91	1.30	1.80	2.50	3.50	4.60	6.30	9.60	24.00
01311500	0101	19550101	20130101	59	2.70	5.83	0.00	37.00		0.00	0.00	0.00	0.00	0.00	0.00	0.00	0.12	0.29	0.43	0.80	0.90	1.20	1.80	3.90	4.70	5.60	5.90	12.00	
01311500	0102	19550102	20130102	59	2.60	5.33	0.00	32.00		0.00	0.00	0.00	0.00	0.00	0.00	0.08	0.22	0.37	0.54	0.69	0.80	1.50	3.20	3.80	4.20	4.90	5.80	11.00	
01311500	0103	19550103	20130103	59	3.17	9.94	0.00	71.00		0.00	0.00	0.00	0.00	0.00	0.04	0.12	0.25	0.31	0.47	0.69	0.97	1.30	2.00	2.60	4.10	4.60	5.60	8.40	
01311500	0104	19550104	20130104	59	2.03	3.27	0.00	20.00		0.00	0.00	0.00	0.00	0.00	0.10	0.25	0.37	0.50	0.63	0.75	1.10	1.80	2.40	2.80	4.00	4.30	5.90	7.80	
01311500	0105	19550105	20130105	59	1.80	2.53	0.00	10.00		0.00	0.00	0.00	0.00	0.00	0.02	0.15	0.27	0.35	0.42	0.69	0.89	1.80	2.50	2.80	4.00	4.40	5.60	8.50	
01311500	0106	19550106	20130106	59	1.93	3.66	0.00	23.00		0.00	0.00	0.00	0.00	0.00	0.00	0.07	0.14	0.29	0.38	0.49	0.69	1.20	2.20	2.60	3.70	4.30	5.50	9.80	
01311500	0107	19550107	20130107	59	2.53	4.77	0.00	28.00		0.00	0.00	0.00	0.00	0.00	0.00	0.02	0.20	0.26	0.50	0.78	1.20	2.40	2.80	3.50	3.80	5.20	6.10	11.00	
01311500	0108	19550108	20130108	59	2.34	4.02	0.00	25.00		0.00	0.00	0.00	0.00	0.00	0.00	0.08	0.10	0.24	0.46	0.75	0.94	2.40	3.40	4.00	4.60	5.00	6.00	8.60	
01311500	0109	19550109	20130109	59	1.94	2.41	0.00	10.00		0.00	0.00	0.00	0.00	0.00	0.01	0.14	0.30	0.53	0.69	1.20	1.50	2.40	3.10	3.60	4.00	4.90	5.30	7.30	
01311500	0110	19550110	20130110	59	1.88	3.03	0.00	17.00		0.00	0.00	0.00	0.00	0.00	0.04	0.09	0.20	0.35	0.50	0.95	1.30	1.80	2.20	2.90	3.40	4.20	4.80	9.60	
01311500	0111	19550111	20130111	59	1.75	2.65	0.00	11.00		0.00	0.00	0.00	0.00	0.00	0.00	0.07	0.21	0.39	0.42	0.80	1.20	1.60	1.90	2.80	3.20	3.70	5.50	9.60	
01311500	0112	19550112	20130112	59	2.14	3.84	0.00	20.00		0.00	0.00	0.00	0.00	0.00	0.00	0.03	0.12	0.14	0.36	0.59	0.89	1.20	2.40	3.10	4.00	4.70	5.70	13.00	
01311500	0113	19550113	20130113	59	1.70	2.40	0.00	12.00		0.00	0.00	0.00	0.00	0.00	0.00	0.08	0.16	0.26	0.53	0.91	1.70	2.00	2.10	2.80	3.00	4.00	4.90	5.30	
01311500	0114	19550114	20130114	59	2.90	4.72	0.00	21.00		0.00	0.00	0.00	0.00	0.00	0.00	0.09	0.23	0.55	0.76	0.92	1.60	2.30	2.90	4.00	5.00	6.50	9.00	17.00	
01311500	0115	19550115	20130115	59	2.93	6.43	0.00	35.00		0.00	0.00	0.00	0.00	0.00	0.00	0.04	0.10	0.29	0.51	0.69	0.78	1.40	2.50	3.90	4.30	4.50	8.50	11.00	
01311500	0116	19550116	20130116	59	2.11	3.06	0.00	11.00		0.00	0.00	0.00	0.00	0.00	0.00	0.01	0.07	0.18	0.49	0.59	1.10	2.00	2.40	3.40	5.10	6.00	6.90	10.00	
01311500	0117	19550117	20130117	59	1.83	2.85	0.00	12.00		0.00	0.00	0.00	0.00	0.00	0.00	0.00	0.11	0.18	0.47	0.61	0.80	1.50	1.90	2.90	3.40	5.00	5.60	8.90	
01311500	0118	19550118	20130118	59	3.75	9.01	0.00	59.00		0.00	0.00	0.00	0.00	0.00	0.00	0.09	0.18	0.42	0.55	0.86	1.40	1.90	2.90	3.50	4.60	7.60	10.00	16.00	
01311500	0119	19550119	20130119	59	1.80	2.29	0.00	10.00		0.00	0.00	0.00	0.00	0.00	0.00	0.04	0.29	0.43	0.64	0.84	1.20	2.10	3.40	3.80	3.90	4.10	4.30	6.20	
01311500	0120	19550120	20130120	59	2.39	4.02	0.00	25.00		0.00	0.00	0.00	0.00	0.00	0.00	0.05	0.26	0.43	0.67	0.81	1.80	2.60	3.20	3.60	3.90	4.50	7.70	9.90	
01311500	0121	19550121	20130121	59	4.06	17.27	0.00	133.00		0.00	0.00	0.00	0.00	0.00	0.00	0.07	0.23	0.43	0.64	0.85	1.30	1.70	2.30	3.20	4.00	4.30	6.30	11.00	
01311500	0122	19550122	20130122	59	1.77	3.14	0.00	19.00		0.00	0.00	0.00	0.00	0.00	0.00	0.06	0.18	0.30	0.65	0.80	1.10	1.50	1.70	2.60	3.10	3.50	5.20	7.20	
01311500	0123	19550123	20130123	59	2.25	4.62	0.00	26.00		0.00	0.00	0.00	0.00	0.00	0.04	0.11	0.25	0.35	0.46	0.69	0.92	1.10	1.80	2.40	3.00	4.40	5.90	15.00	
01311500	0124	19550124	20130124	59	2.64	5.62	0.00	34.00		0.00	0.00	0.00	0.00	0.00	0.01	0.06	0.15	0.35	0.51	0.69	1.00	1.40	2.00	2.40	3.30	4.80	8.20	17.00	
01311500	0125	19550125	20130125	59	2.97	5.20	0.00	21.00		0.00	0.00	0.00	0.00	0.00	0.04	0.12	0.25	0.39	0.66	0.93	1.80	2.20	2.60	3.00	4.20	6.90	9.40	21.00	
01311500	0126	19550126	20130126	59	3.82	15.49	0.00	119.00		0.00	0.00	0.00	0.00	0.00	0.10	0.16	0.35	0.51	0.59	0.83	1.10	1.50	2.20	2.50	3.90	4.70	6.50	9.90	
01311500	0127	19550127	20130127	59	2.08	3.04	0.00	14.00		0.00	0.00	0.00	0.00	0.01	0.11	0.20	0.35	0.60	0.76	0.85	1.40	1.90	2.40	2.90	3.30	4.30	7.10	8.10	
01311500	0128	19550128	20130128	59	3.76	13.16	0.00	100.00		0.00	0.00	0.00	0.00	0.00	0.02	0.16	0.35	0.44	0.60	0.67	1.10	2.10	2.40	3.00	4.10	5.10	7.70	11.00	
01311500	0129	19550129	20130129	59	2.12	3.63	0.00	20.00		0.00	0.00	0.00	0.00	0.00	0.02	0.08	0.37	0.52	0.60	0.69	0.92	1.30	1.80	2.20	4.10	5.10	7.70	10.00	
01311500	0130	19550130	20130130	59	1.92	3.19	0.00	15.00		0.00	0.00	0.00	0.00	0.00	0.01	0.09	0.30	0.37	0.56	0.61	0.92	1.30	1.90	2.00	3.70	4.30	5.70	10.00	
01311500	0131	19550131	20130131	59	1.54	2.36	0.00	9.90		0.00	0.00	0.00	0.00	0.00	0.00	0.04	0.29	0.42	0.53	0.60	0.80	1.10	1.70	1.90	2.30	4.00	5.20	8.30	
01311500	0201	19550201	20130201	59	1.78	3.49	0.00	22.00		0.00	0.00	0.00	0.00	0.00	0.00	0.14	0.37	0.50	0.51	0.57	0.80	0.89	1.40	1.80	3.10	3.70	5.50	9.00	
01311500	0202	19550202	20130202	59	2.64	4.20	0.00	19.00		0.00	0.00	0.00	0.00	0.00	0.00	0.12	0.32	0.50	0.58	0.76	1.10	1.80	2.80	3.40	5.30	7.10	8.30	13.00	
01311500	0203	19550203	20130203	59	3.10	5.24	0.00	26.00		0.00	0.00	0.00	0.00	0.00	0.00	0.29	0.46	0.51	0.73	1.20	1.60	2.70	3.40	3.70	4.80	5.60	10.00	17.00	
01311500	0204	19550204	20130204	59	2.08	2.96	0.00	11.00		0.00	0.00	0.00	0.00	0.00	0.10	0.29	0.44	0.58	0.69	0.96	1.50	1.60	2.40	3.00	3.00	5.00	7.70	10.00	
01311500	0205	19550205	20130205	59	2.14	3.28	0.00	15.00		0.00	0.00	0.00	0.00	0.00	0.04	0.19	0.33	0.47	0.59	0.86	1.30	1.90	2.00	3.00	3.50	4.80	7.30	9.80	
01311500	0206	19550206	20130206	59	2.81	7.36	0.00	53.00		0.00	0.00	0.00	0.00	0.00	0.00	0.18	0.24	0.40	0.59	0.91	1.50	1.70	2.20	2.70	3.90	4.30	5.60	12.00	
01311500	0207	19550207	20130207	59	2.29	4.55	0.00	26.00		0.00	0.00	0.00	0.00	0.00	0.00	0.18	0.23	0.38	0.48	0.76	1.00	1.50	1.90	2.50	3.80	4.30	5.90	10.00	
01311500	0208	19550208	20130208	59	2.75	9.00	0.00	68.00		0.00	0.00	0.00	0.00	0.00	0.00	0.07	0.18	0.36	0.49	0.66	0.79	1.20	1.50	2.80	3.50	4.90	5.90	8.60	
01311500	0209	19550209	20130209	59	1.58	2.44	0.00	11.00		0.00	0.00	0.00	0.00	0.00	0.00	0.10	0.32	0.42	0.59	0.66	0.92	1.20	1.70	2.20	2.90	4.00	4.50	7.50	
01311500	0210	19550210	20130210	59	2.17	4.48	0.00	27.00		0.00	0.00	0.00	0.00	0.00	0.04	0.10	0.29	0.42	0.50	0.78	0.93	1.20	1.90	2.40	3.60	3.90	5.00	10.00	
01311500	0211	19550211	20130211	59	1.66	2.61	0.00	12.00		0.00	0.00	0.00	0.00	0.00	0.00	0.10	0.28	0.35	0.43	0.60	0.69	1.00	1.70	2.20	3.30	3.80	6.10	8.30	
01311500	0212	19550212	20130212	59	2.43	4.35	0.00	20.00		0.00	0.00	0.00	0.00	0.00	0.00	0.10	0.29	0.42	0.59	0.65	0.92	1.50	2.00	3.30	3.90	4.60	8.20	16.00	
01311500	0213	19550213	20130213	59	2.36	4.83	0.00	32.00		0.00	0.00	0.00	0.00	0.00	0.07	0.16	0.36	0.51	0.61	0.73	1.30	1.80	2.90	3.20	3.70	4.20	5.90	9.80	
01311500	0214	19550214	20130214	59	1.70	2.26	0.00	10.00		0.00	0.00	0.00	0.00	0.00	0.04	0.10	0.38	0.50	0.59	0.75	0.83	1.50	2.20	3.40	3.80	4.10	5.80	6.00	
01311500	0215	19550215	20130215	59	1.81	2.72	0.00	12.00		0.00	0.00	0.00	0.00	0.00	0.00	0.04	0.13	0.39	0.50	0.73	0.86	1.30	2.30	3.00	3.70	4.00	5.70	9.00	
01311500	0216	19550216	20130216	59	1.70	2.15	0.00	10.00		0.00	0.00	0.00	0.00	0.00	0.00	0.04	0.31	0.46	0.69	1.10	1.30	1.30	3.20	3.40	3.90	4.10	4.60	5.70	
01311500	0217	19550217	20130217	59	1.55	2.33	0.00	13.00		0.00	0.00	0.00	0.00	0.00	0.00	0.01	0.09	0.36	0.59	0.74	0.83	1.10	2.00	3.20	3.50	3.80	4.40	5.70	
01311500	0218	19550218	20130218	59	2.52	4.95	0.00	25.00		0.00	0.00	0.00	0.00	0.00	0.00	0.00	0.13	0.35	0.47	0.69	0.92	1.00	2.00	3.60	3.70	5.30	6.40	12.00	
01311500	0219	19550219	20130219	59	2.51	5.28	0.00	36.00		0.00	0.00	0.00	0.00	0.00	0.00	0.02	0.27	0.35	0.43	0.80	1.10	1.50	2.80	3.40	3.80	5.70	7.00	9.60	
01311500	0220	19550220	20130220	59	2.04	3.34	0.00	17.00		0.00	0.00	0.00	0.00	0.00	0.00	0.02	0.35	0.44	0.68	0.80	0.98	1.30	2.00	3.00	3.50	4.10	6.20	9.70	
01311500	0221	19550221	20130221	59	1.67	2.22	0.00	8.40		0.00	0.00	0.00	0.00	0.00	0.00	0.02	0.18	0.35	0.52	0.80	1.10	1.80	2.20	3.30	3.60	4.30	4.40	7.10	
01311500	0222	19550222	20130222	59	2.06	4.21	0.00	30.00		0.00	0.00	0.00	0.00	0.00	0.00	0.00	0.28	0.42	0.61	0.84	1.10	1.70	2.30	3.30	3.90	4.10	5.60	6.70	
01311500	0223	19550223	20130223	59	2.31	4.66	0.00	29.00		0.00	0.00	0.00	0.00	0.00	0.00	0.07	0.34	0.42	0.55	0.72	0.93	1.40	1.80	3.30	4.00	4.30	6.40	8.90	
01311500	0224	19550224	20130224	59	3.13	5.10	0.00	26.00		0.00	0.00	0.00	0.00	0.00	0.23	0.41	0.51	0.59	0.88	1.10	1.40	3.10	4.00	4.30	5.30	6.40	8.90	17.00	
01311500	0225	19550225	20130225	59	3.07	5.40	0.00	28.00		0.00	0.00	0.00	0.00	0.00	0.18	0.33	0.42	0.59	0.81	1.30	1.60	1.60	2.80	3.40	5.30	6.10	9.70	15.00	
01311500	0226	19550226	20130226	59	2.81	5.01	0.00	25.00		0.00	0.00	0.00	0.00	0.00	0.07	0.30	0.48	0.59	0.72	0.94	1.20	1.60	1.90	3.00	4.00	5.60	9.30	14.00	
01311500	0227	19550227	20130227	59	2.53	4.32	0.00	17.00		0.00	0.00	0.00	0.00	0.00	0.01	0.15	0.29	0.40	0.59	0.69	0.91	1.10	1.60	2.90	4.90	6.60	9.40	15.00	
01311500	0228	19550228	20130228	59	3.30	8.26	0.00	57.00		0.00	0.00	0.00	0.00	0.00	0.07	0.14	0.32	0.42	0.51	0.69	1.00	1.50	1.90	3.50	4.60	5.40	8.70	14.00	
01311500	0229	19560229	20120229	15	2.19	3.28	0.00	9.80			0.00	0.00	0.00	0.02	0.04	0.06	0.11	0.27	0.69	0.87	0.93	1.64	2.74	2.90	5.70	7.48	8.84		
01311500	0301	19550301	20130301	59	2.04	2.88	0.00	10.00		0.00	0.00	0.00	0.00	0.00	0.06	0.14	0.36	0.39	0.66	0.80	1.00	1.50	2.30	3.10	4.80	5.70	7.70	9.00	
01311500	0302	19550302	20130302	59	3.10	6.98	0.00	46.00		0.00	0.00	0.00	0.00	0.00	0.00	0.07	0.29	0.35	0.39	0.74	1.10	1.80	2.40	3.80	5.10	6.50	7.70	13.00	
01311500	0303	19550303	20130303	59	2.05	2.56	0.00	9.00		0.00	0.00	0.00	0.00	0.00	0.04	0.14	0.25	0.42	0.69	0.79	1.80	2.20	3.30	3.80	4.30	5.70	6.30	7.90	
01311500	0304	19550304	20130304	59	2.88	4.21	0.00	22.00		0.00	0.00	0.00	0.00	0.04	0.22	0.28	0.47	0.69	1.20	1.70	2.10	2.80	3.30	4.30	5.10	6.30	7.70	12.00	
01311500	0305	19550305	20130305	59	2.08	2.37	0.00	7.60		0.00	0.00	0.00	0.00	0.00	0.13	0.20	0.80	0.93	1.10	1.80	1.90	2.10	2.80	3.60	4.30	5.60	6.30	7.20	
01311500	0306	19550306	20130306	59	3.42	6.85	0.00	34.00		0.00	0.00	0.00	0.00	0.00	0.13	0.19	0.31	0.71	0.99	1.20	1.70	2.30	2.70	3.10	4.60	5.90	9.40	27.00	
01311500	0307	19550307	20130307	59	3.35	6.48	0.00	41.00		0.00	0.00	0.00	0.00	0.00	0.08	0.26	0.36	0.52	0.64	1.30	1.90	2.80	3.30	4.90	6.10	7.30	7.60	15.00	
01311500	0308	19550308	20130308	59	2.47	4.77	0.00	30.00		0.00	0.00	0.00	0.00	0.00	0.00	0.35	0.50	0.59	0.80	1.10	1.40	1.70	2.50	3.30	3.80	5.10	6.30	6.90	
01311500	0309	19550309	20130309	59	3.19	8.03	0.00	57.00		0.00	0.00	0.00	0.00	0.00	0.07	0.15	0.35	0.49	0.60	0.73	0.80	1.20	2.30	2.90	4.00	6.10	8.70	14.00	
01311500	0310	19550310	20130310	59	2.01	3.24	0.00	19.00		0.00	0.00	0.00	0.00	0.00	0.12	0.29	0.36	0.42	0.50	0.65	1.10	1.50	2.00	3.20	4.00	5.10	6.00	8.10	
01311500	0311	19550311	20130311	59	2.24	3.41	0.00	20.00		0.00	0.00	0.00	0.00	0.13	0.23	0.35	0.42	0.48	0.67	0.82	1.50	2.10	2.90	3.40	3.70	5.70	6.30	8.30	
01311500	0312	19550312	20130312	59	3.01	6.09	0.00	42.00		0.00	0.00	0.00	0.00	0.14	0.20	0.26	0.41	0.47	0.59	0.80	1.10	2.30	3.10	4.10	5.30	6.50	9.50	11.00	
01311500	0313	19550313	20130313	59	3.58	7.10	0.00	44.00		0.00	0.00	0.00	0.00	0.07	0.16	0.26	0.45	0.55	0.79	0.88	1.70	2.20	3.10	4.30	5.70	6.30	11.00	18.00	
01311500	0314	19550314	20130314	59	3.46	7.32	0.00	38.00		0.00	0.00	0.00	0.00	0.04	0.10	0.29	0.35	0.59	0.71	1.20	1.70	2.10	2.50	3.10	4.20	5.70	6.30	26.00	
01311500	0315	19550315	20130315	59	2.26	3.27	0.00	15.00		0.00	0.00	0.00	0.00	0.07	0.23	0.44	0.53	0.69	0.86	1.10	1.70	1.80	2.70	3.30	4.20	5.50	6.20	11.00	
01311500	0316	19550316	20130316	59	2.00	2.79	0.00	11.00		0.00	0.00	0.00	0.00	0.02	0.23	0.35	0.51	0.59	0.74	0.97	1.20	1.60	2.00	2.90	3.40	4.90	7.30	8.80	
01311500	0317	19550317	20130317	59	2.48	3.16	0.00	12.00		0.00	0.00	0.00	0.00	0.00	0.12	0.47	0.55	0.59	0.98	1.30	1.80	2.80	3.40	4.00	5.20	6.10	7.50	9.90	
01311500	0318	19550318	20130318	59	2.32	2.74	0.00	9.70		0.00	0.00	0.00	0.00	0.10	0.37	0.45	0.50	0.65	0.92	1.30	1.70	2.90	3.40	4.30	5.10	5.90	6.80	8.80	
01311500	0319	19550319	20130319	59	2.85	4.23	0.00	25.00		0.00	0.00	0.00	0.00	0.18	0.42	0.43	0.59	0.76	0.89	1.20	2.10	2.30	3.40	4.70	5.50	6.30	8.60	11.00	
01311500	0320	19550320	20130320	59	2.67	3.23	0.00	12.00		0.00	0.00	0.00	0.00	0.02	0.36	0.42	0.60	0.67	0.98	1.10	1.80	3.30	4.50	4.90	5.10	6.20	8.20	9.50	
01311500	0321	19550321	20130321	59	3.14	4.30	0.00	23.00		0.00	0.00	0.00	0.10	0.31	0.48	0.61	0.73	1.20	1.40	1.80	2.30	3.00	3.60	4.10	6.40	7.10	8.10	12.00	
01311500	0322	19550322	20130322	59	3.80	6.01	0.00	27.00		0.00	0.00	0.00	0.25	0.35	0.48	0.59	0.62	0.82	1.20	1.40	1.70	2.90	3.60	4.60	6.30	7.70	13.00	19.00	
01311500	0323	19550323	20130323	59	2.51	3.72	0.00	18.00		0.00	0.00	0.00	0.07	0.25	0.33	0.41	0.50	0.61	0.69	1.10	1.60	2.20	2.90	3.50	4.00	5.00	7.90	12.00	
01311500	0324	19550324	20130324	59	2.65	3.83	0.00	18.00		0.00	0.00	0.00	0.04	0.13	0.29	0.37	0.51	0.67	0.80	0.94	1.50	2.10	3.00	3.50	4.80	6.30	9.00	11.00	
01311500	0325	19550325	20130325	59	2.66	4.36	0.00	27.00		0.00	0.00	0.00	0.02	0.09	0.19	0.45	0.50	0.72	0.85	0.93	1.40	2.60	2.90	3.70	4.80	5.70	7.60	10.00	
01311500	0326	19550326	20130326	59	2.36	3.70	0.00	21.00		0.00	0.00	0.00	0.03	0.07	0.21	0.26	0.42	0.54	0.76	0.86	1.30	2.10	2.80	3.40	4.00	5.20	6.70	10.00	
01311500	0327	19550327	20130327	59	2.34	2.67	0.00	11.00		0.00	0.00	0.00	0.00	0.24	0.43	0.59	0.69	0.80	1.10	1.40	1.90	2.80	3.40	4.10	4.90	5.70	6.10	7.70	
01311500	0328	19550328	20130328	59	3.09	6.34	0.00	46.00		0.00	0.00	0.00	0.00	0.19	0.36	0.46	0.59	0.68	0.82	1.10	1.80	2.90	3.30	4.50	5.60	6.30	7.50	9.30	
01311500	0329	19550329	20130329	59	3.39	6.55	0.00	43.00		0.00	0.00	0.00	0.00	0.10	0.21	0.56	0.60	0.99	1.10	1.50	2.20	2.40	3.40	4.60	5.20	6.20	8.10	11.00	
01311500	0330	19550330	20130330	59	4.30	12.55	0.00	82.00		0.00	0.00	0.00	0.12	0.26	0.40	0.50	0.62	0.84	0.92	1.50	2.00	2.60	3.00	3.60	4.60	4.90	6.90	11.00	
01311500	0331	19550331	20130331	59	3.55	5.12	0.00	23.00		0.00	0.00	0.00	0.12	0.23	0.42	0.53	0.80	0.98	1.40	1.80	2.40	2.50	4.00	5.10	5.90	7.20	11.00	19.00	
01311500	0401	19550401	20130401	59	3.56	4.90	0.00	25.00		0.00	0.00	0.05	0.13	0.33	0.49	0.64	0.92	0.98	1.60	2.40	2.70	3.50	4.60	5.60	6.50	7.20	9.80	12.00	
01311500	0402	19550402	20130402	59	3.95	5.88	0.00	26.00		0.00	0.00	0.08	0.14	0.23	0.35	0.45	0.59	0.65	1.00	1.50	2.40	3.30	4.90	6.10	7.60	9.00	9.50	22.00	
01311500	0403	19550403	20130403	59	3.27	4.25	0.00	18.00		0.00	0.00	0.04	0.13	0.36	0.43	0.50	0.80	0.97	1.70	1.90	2.30	2.90	3.30	4.30	7.20	9.10	11.00	11.00	
01311500	0404	19550404	20130404	59	3.25	4.32	0.00	19.00		0.00	0.00	0.05	0.18	0.35	0.42	0.63	0.87	1.20	1.40	1.60	1.90	2.80	3.20	4.60	6.50	8.00	9.00	15.00	
01311500	0405	19550405	20130405	59	4.09	8.90	0.00	52.00		0.00	0.00	0.00	0.04	0.14	0.38	0.50	0.60	0.92	1.10	1.50	1.70	2.40	3.70	4.00	5.70	6.60	9.00	18.00	
01311500	0406	19550406	20130406	59	2.91	5.61	0.00	39.00		0.00	0.00	0.00	0.00	0.20	0.38	0.58	0.69	1.10	1.20	1.50	1.60	2.60	3.10	3.30	4.40	5.10	8.60	9.70	
01311500	0407	19550407	20130407	59	3.24	4.80	0.00	19.00		0.00	0.00	0.00	0.02	0.10	0.34	0.42	0.55	1.00	1.10	1.50	1.60	1.90	2.80	4.10	6.20	8.40	11.00	15.00	
01311500	0408	19550408	20130408	59	3.26	5.08	0.00	27.00		0.00	0.00	0.00	0.04	0.25	0.37	0.42	0.51	1.00	1.20	1.40	1.50	2.50	2.70	4.70	5.70	8.50	10.00	11.00	
01311500	0409	19550409	20130409	59	3.26	4.67	0.00	25.00		0.00	0.00	0.00	0.00	0.29	0.39	0.55	0.79	1.10	1.30	1.40	1.90	2.60	3.70	4.90	6.70	8.40	9.00	13.00	
01311500	0410	19550410	20130410	59	4.45	9.01	0.00	48.00		0.00	0.00	0.00	0.02	0.25	0.52	0.60	0.92	1.20	1.40	1.60	2.20	2.60	3.70	4.80	5.60	8.70	9.40	27.00	
01311500	0411	19550411	20130411	59	2.68	3.47	0.00	15.00		0.00	0.00	0.00	0.15	0.36	0.45	0.52	0.99	1.20	1.30	1.50	1.60	2.10	2.60	3.90	4.90	6.90	8.70	11.00	
01311500	0412	19550412	20130412	59	3.03	4.77	0.00	29.00		0.00	0.00	0.00	0.03	0.19	0.33	0.45	0.50	0.76	1.10	1.20	1.40	2.30	3.80	4.50	6.10	7.10	10.00	10.00	
01311500	0413	19550413	20130413	59	3.79	6.93	0.00	47.00		0.00	0.00	0.00	0.07	0.23	0.35	0.44	0.66	0.91	1.20	1.40	2.30	2.90	4.30	6.00	6.90	7.90	9.00	14.00	
01311500	0414	19550414	20130414	59	2.57	3.11	0.00	11.00		0.00	0.00	0.00	0.00	0.14	0.29	0.40	0.62	0.80	1.00	1.40	2.00	3.00	4.00	4.10	4.90	6.80	8.60	9.80	
01311500	0415	19550415	20130415	59	3.57	7.39	0.00	51.00		0.00	0.00	0.00	0.00	0.18	0.41	0.51	0.82	0.94	1.20	1.50	2.40	2.60	3.80	4.30	4.90	5.70	8.80	11.00	
01311500	0416	19550416	20130416	59	4.52	7.39	0.00	34.00		0.00	0.00	0.01	0.29	0.32	0.67	0.80	1.20	1.40	1.70	2.10	2.60	2.90	3.80	5.10	6.10	8.90	13.00	23.00	
01311500	0417	19550417	20130417	59	2.97	3.53	0.00	17.00		0.00	0.00	0.14	0.24	0.43	0.69	0.92	0.92	1.40	1.60	1.90	2.50	2.70	3.60	4.00	5.10	7.80	9.00	9.90	
01311500	0418	19550418	20130418	59	2.49	2.93	0.00	11.00		0.00	0.00	0.08	0.23	0.29	0.43	0.60	0.96	1.20	1.40	1.60	2.00	2.50	3.40	3.60	3.80	4.60	8.20	10.00	
01311500	0419	19550419	20130419	59	2.59	3.21	0.00	12.00		0.00	0.00	0.08	0.14	0.29	0.37	0.51	0.82	0.96	1.10	1.40	1.80	2.30	2.70	3.90	4.40	6.80	8.80	9.70	
01311500	0420	19550420	20130420	59	2.50	3.15	0.00	11.00		0.00	0.00	0.03	0.20	0.23	0.29	0.36	0.52	0.87	1.00	1.40	1.60	2.20	3.40	4.20	5.00	6.60	8.40	9.20	
01311500	0421	19550421	20130421	59	3.08	5.70	0.00	35.00		0.00	0.00	0.00	0.09	0.15	0.29	0.30	0.37	0.77	0.87	1.30	1.60	2.10	3.30	3.50	4.40	6.30	8.80	16.00	
01311500	0422	19550422	20130422	59	2.91	3.91	0.00	22.00		0.00	0.00	0.00	0.13	0.19	0.36	0.62	0.69	0.80	1.50	1.90	2.30	3.10	3.30	4.10	5.30	6.60	8.80	9.90	
01311500	0423	19550423	20130423	59	4.16	8.92	0.00	59.00		0.00	0.00	0.00	0.09	0.21	0.36	0.40	0.69	0.80	1.40	1.70	1.80	2.30	3.20	4.10	4.90	8.40	11.00	24.00	
01311500	0424	19550424	20130424	59	3.20	4.90	0.00	32.00		0.00	0.00	0.07	0.21	0.27	0.31	0.76	0.85	1.10	1.70	2.10	2.40	2.90	3.90	4.30	5.20	6.80	8.60	11.00	
01311500	0425	19550425	20130425	59	2.79	3.60	0.00	16.00		0.00	0.00	0.04	0.23	0.35	0.42	0.71	0.91	0.99	1.60	1.80	2.20	2.90	3.30	3.60	4.10	4.60	8.80	12.00	
01311500	0426	19550426	20130426	59	3.07	4.70	0.00	24.00		0.00	0.00	0.16	0.26	0.42	0.58	0.70	0.80	0.88	1.00	1.30	1.80	2.40	3.10	3.60	4.30	5.50	11.00	14.00	
01311500	0427	19550427	20130427	59	3.34	4.88	0.00	25.00		0.00	0.00	0.00	0.13	0.30	0.35	0.46	0.69	0.92	1.20	1.70	1.70	2.50	3.60	4.30	7.10	8.60	9.80	15.00	
01311500	0428	19550428	20130428	59	3.70	5.92	0.00	28.00		0.00	0.00	0.01	0.11	0.33	0.40	0.62	0.73	1.10	1.20	1.60	2.70	3.20	3.50	4.60	5.80	7.50	9.70	20.00	
01311500	0429	19550429	20130429	59	2.43	3.39	0.00	12.00		0.00	0.00	0.00	0.09	0.17	0.33	0.50	0.69	0.75	1.10	1.20	1.40	2.40	2.70	3.10	3.20	5.00	9.70	12.00	
01311500	0430	19550430	20130430	59	2.30	3.28	0.00	17.00		0.00	0.00	0.00	0.07	0.26	0.35	0.50	0.59	0.71	0.81	1.20	1.60	1.80	2.70	3.10	3.80	4.70	7.30	9.20	
01311500	0501	19550501	20120501	58	2.69	3.51	0.00	16.00		0.00	0.00	0.00	0.09	0.18	0.35	0.57	0.77	0.98	1.20	1.44	1.78	2.40	3.00	4.25	5.26	6.53	8.64	10.10	
01311500	0502	19550502	20120502	58	3.26	6.22	0.00	43.00		0.00	0.00	0.00	0.12	0.28	0.37	0.48	0.58	0.82	0.89	1.04	2.10	2.63	3.37	4.60	5.28	6.82	8.87	10.15	
01311500	0503	19550503	20120503	58	2.77	3.88	0.00	17.00		0.00	0.00	0.00	0.18	0.31	0.44	0.59	0.66	0.69	0.80	1.04	1.36	2.81	3.60	4.00	5.72	6.16	7.18	13.10	
01311500	0504	19550504	20120504	58	2.42	2.96	0.00	12.00		0.00	0.00	0.00	0.23	0.34	0.37	0.46	0.59	0.77	0.99	1.40	1.84	2.75	3.50	3.73	4.12	5.71	7.47	10.00	
01311500	0505	19550505	20120505	58	2.10	2.71	0.00	12.00		0.00	0.00	0.02	0.12	0.23	0.27	0.36	0.52	0.65	0.82	1.02	1.40	2.17	2.92	3.50	3.92	4.61	6.51	8.73	
01311500	0506	19550506	20120506	58	2.78	5.31	0.00	33.00		0.00	0.00	0.00	0.06	0.18	0.28	0.33	0.56	0.77	0.88	1.04	2.04	2.54	3.12	3.62	4.00	4.23	5.67	12.45	
01311500	0507	19550507	20120507	58	2.88	4.67	0.00	21.00		0.00	0.00	0.00	0.14	0.28	0.38	0.43	0.70	0.79	0.82	1.00	1.90	2.40	2.76	3.98	4.30	5.30	6.60	18.00	
01311500	0508	19550508	20120508	58	2.49	2.99	0.00	12.00		0.00	0.00	0.00	0.12	0.24	0.31	0.59	0.77	0.93	1.25	1.70	2.08	2.63	3.63	4.03	4.52	5.47	6.27	9.81	
01311500	0509	19550509	20120509	58	2.83	3.73	0.00	18.00		0.00	0.00	0.14	0.17	0.27	0.47	0.60	0.78	0.84	0.97	1.52	2.04	2.91	3.66	4.30	5.40	5.73	8.06	11.15	
01311500	0510	19550510	20120510	58	2.96	4.61	0.00	23.00		0.00	0.00	0.10	0.17	0.29	0.55	0.67	0.71	0.83	0.96	1.50	1.84	2.17	2.78	3.62	4.92	6.00	8.80	12.45	
01311500	0511	19550511	20120511	58	2.83	4.27	0.00	24.00		0.00	0.00	0.04	0.16	0.33	0.46	0.49	0.58	0.69	0.81	1.00	1.48	2.44	3.15	3.85	5.38	6.41	8.50	11.10	
01311500	0512	19550512	20120512	58	2.74	4.88	0.00	31.00		0.00	0.00	0.01	0.12	0.32	0.41	0.52	0.57	0.65	0.80	0.83	1.22	2.41	3.05	3.50	3.82	5.93	8.41	10.25	
01311500	0513	19550513	20120513	58	2.05	2.60	0.00	11.00		0.00	0.00	0.00	0.23	0.30	0.44	0.49	0.62	0.69	0.76	1.00	1.42	2.13	2.70	2.83	3.48	4.80	5.92	8.38	
01311500	0514	19550514	20120514	58	2.41	4.39	0.00	30.00		0.00	0.00	0.00	0.19	0.28	0.43	0.51	0.59	0.72	0.84	1.00	1.40	2.07	2.73	3.05	3.54	4.95	6.08	9.14	
01311500	0515	19550515	20120515	58	2.74	4.60	0.00	28.00		0.00	0.00	0.04	0.16	0.23	0.35	0.42	0.52	0.57	0.84	1.04	1.40	2.20	2.96	3.50	4.64	5.46	7.97	11.15	
01311500	0516	19550516	20120516	58	2.96	3.92	0.00	18.00		0.00	0.00	0.13	0.25	0.40	0.45	0.66	0.76	0.92	0.99	1.73	2.64	3.27	3.70	3.90	5.62	6.36	8.03	12.25	
01311500	0517	19550517	20120517	58	3.31	5.26	0.00	25.00		0.00	0.00	0.09	0.17	0.35	0.42	0.50	0.60	0.69	0.80	1.10	2.54	3.21	3.83	4.25	5.22	6.10	8.83	20.05	
01311500	0518	19550518	20120518	58	2.93	4.22	0.00	17.00		0.00	0.00	0.04	0.15	0.29	0.39	0.42	0.66	0.78	0.86	1.04	2.48	3.10	3.56	4.03	4.42	5.63	8.37	16.05	
01311500	0519	19550519	20120519	58	3.24	5.24	0.00	27.00		0.00	0.00	0.01	0.16	0.23	0.36	0.50	0.55	0.83	0.88	1.59	2.44	3.04	3.30	3.65	4.94	6.92	8.11	17.25	
01311500	0520	19550520	20120520	58	2.62	3.83	0.00	18.00		0.00	0.00	0.00	0.12	0.17	0.35	0.54	0.63	0.72	0.80	0.93	2.12	2.74	3.13	3.42	4.36	5.36	6.85	14.05	
01311500	0521	19550521	20120521	58	2.36	4.54	0.00	32.00		0.00	0.00	0.03	0.10	0.28	0.41	0.49	0.58	0.69	0.82	1.03	1.46	1.90	2.73	3.05	3.44	4.28	5.67	8.27	
01311500	0522	19550522	20120522	58	2.10	2.99	0.00	15.00		0.00	0.00	0.02	0.20	0.23	0.34	0.48	0.53	0.59	0.66	0.79	1.26	2.37	2.93	3.12	3.32	4.04	5.73	8.91	
01311500	0523	19550523	20120523	58	2.76	6.75	0.00	50.00		0.00	0.00	0.00	0.12	0.21	0.29	0.36	0.40	0.62	0.85	0.99	1.88	2.63	3.13	3.23	3.52	4.42	5.61	9.05	
01311500	0524	19550524	20120524	58	3.24	5.76	0.00	32.00		0.00	0.00	0.00	0.09	0.20	0.28	0.39	0.50	0.61	0.88	1.23	2.34	2.70	3.00	3.38	4.46	7.63	8.84	13.60	
01311500	0525	19550525	20120525	58	2.40	4.12	0.00	28.00		0.00	0.00	0.00	0.02	0.14	0.25	0.34	0.51	0.60	0.93	1.40	1.94	2.50	2.85	3.27	3.68	5.03	5.78	7.51	
01311500	0526	19550526	20120526	58	2.57	6.23	0.00	42.00		0.00	0.00	0.00	0.00	0.04	0.16	0.23	0.39	0.50	0.56	0.79	0.94	1.88	2.49	3.02	3.46	4.08	5.10	8.13	
01311500	0527	19550527	20120527	58	1.98	3.08	0.00	14.00		0.00	0.00	0.00	0.00	0.00	0.14	0.26	0.29	0.39	0.55	0.66	0.88	1.37	2.12	2.80	3.40	4.76	5.70	10.05	
01311500	0528	19550528	20120528	58	1.89	2.64	0.00	9.90		0.00	0.00	0.00	0.00	0.03	0.21	0.33	0.41	0.49	0.57	0.90	1.54	1.94	2.29	2.60	2.82	4.93	5.33	9.71	
01311500	0529	19550529	20120529	58	3.83	9.43	0.00	62.00		0.00	0.00	0.00	0.04	0.20	0.28	0.42	0.54	0.70	1.06	1.45	1.78	2.04	2.40	2.80	3.70	5.36	8.69	22.40	
01311500	0530	19550530	20120530	58	2.99	8.18	0.00	60.00		0.00	0.00	0.00	0.04	0.09	0.13	0.29	0.42	0.54	0.69	1.01	1.24	1.77	2.16	3.08	3.90	4.54	5.94	13.05	
01311500	0531	19550531	20120531	58	2.66	6.92	0.00	50.00		0.00	0.00	0.00	0.02	0.15	0.24	0.36	0.50	0.61	0.78	0.96	1.30	1.54	1.99	2.33	2.96	4.84	5.51	9.35	
01311500	0601	19550601	20120601	58	3.20	6.35	0.00	42.00		0.00	0.00	0.00	0.21	0.28	0.35	0.46	0.65	0.71	0.90	1.30	1.68	1.94	2.43	3.10	5.02	6.38	9.03	14.15	
01311500	0602	19550602	20120602	58	3.62	6.51	0.00	34.00		0.00	0.00	0.00	0.13	0.27	0.36	0.39	0.43	0.47	0.64	0.96	1.50	2.48	3.09	3.55	5.12	9.02	10.10	22.00	
01311500	0603	19550603	20120603	58	2.88	4.99	0.00	23.00		0.00	0.00	0.05	0.14	0.20	0.27	0.45	0.56	0.59	0.79	1.08	1.72	2.30	2.70	3.35	4.16	5.20	6.89	17.30	
01311500	0604	19550604	20120604	58	3.90	8.55	0.00	49.00		0.00	0.00	0.03	0.13	0.24	0.35	0.42	0.67	0.79	0.98	1.49	2.18	2.80	3.35	4.15	5.48	7.63	8.41	12.60	
01311500	0605	19550605	20120605	58	2.20	2.96	0.00	12.00		0.00	0.00	0.05	0.16	0.23	0.38	0.54	0.60	0.80	0.95	1.04	1.20	1.91	2.36	2.98	3.62	5.17	7.42	10.05	
01311500	0606	19550606	20120606	58	2.88	6.07	0.00	33.00		0.00	0.00	0.00	0.07	0.22	0.30	0.39	0.50	0.62	0.69	1.25	1.74	2.00	2.26	3.15	3.94	4.96	6.76	9.10	
01311500	0607	19550607	20120607	58	2.34	3.47	0.00	18.00		0.00	0.00	0.02	0.20	0.23	0.34	0.41	0.52	0.57	0.75	1.25	1.82	2.13	2.56	2.92	3.64	5.01	7.31	11.10	
01311500	0608	19550608	20120608	58	1.41	1.91	0.00	7.70		0.00	0.00	0.00	0.10	0.17	0.23	0.28	0.41	0.46	0.55	0.90	1.20	1.30	1.53	2.02	2.22	2.63	3.76	7.10	
01311500	0609	19550609	20120609	58	2.12	3.95	0.00	22.00		0.00	0.00	0.00	0.05	0.13	0.19	0.25	0.37	0.50	0.67	0.84	1.14	1.44	1.75	2.20	2.98	3.62	5.85	11.25	
01311500	0610	19550610	20120610	58	2.12	5.27	0.00	37.00		0.00	0.00	0.00	0.00	0.09	0.17	0.20	0.25	0.35	0.42	0.58	0.91	1.10	1.40	2.08	3.00	3.92	4.86	8.77	
01311500	0611	19550611	20120611	58	1.24	1.83	0.00	8.20		0.00	0.00	0.00	0.00	0.00	0.10	0.17	0.24	0.26	0.35	0.46	0.69	1.03	1.30	1.60	2.48	3.40	3.86	5.11	
01311500	0612	19550612	20120612	58	2.91	5.73	0.00	30.00		0.00	0.00	0.00	0.00	0.02	0.09	0.12	0.20	0.29	0.36	0.63	1.04	1.34	3.26	3.62	4.42	6.08	7.07	21.05	
01311500	0613	19550613	20120613	58	3.54	7.10	0.00	38.00		0.00	0.00	0.00	0.01	0.09	0.12	0.16	0.24	0.37	0.54	1.25	1.76	2.83	3.39	4.62	4.92	5.52	7.56	20.55	
01311500	0614	19550614	20120614	58	2.83	6.31	0.00	38.00		0.00	0.00	0.00	0.00	0.08	0.15	0.23	0.27	0.33	0.49	0.88	1.14	1.64	2.10	2.52	2.94	3.68	7.15	17.20	
01311500	0615	19550615	20120615	58	1.97	3.66	0.00	22.00		0.00	0.00	0.00	0.00	0.00	0.07	0.16	0.20	0.27	0.45	0.53	0.89	1.10	1.80	2.45	3.28	4.79	5.90	8.34	
01311500	0616	19550616	20120616	58	1.39	1.79	0.00	7.30		0.00	0.00	0.00	0.00	0.03	0.08	0.13	0.30	0.35	0.46	0.71	1.00	1.33	1.90	2.50	2.90	3.80	4.62	5.13	
01311500	0617	19550617	20120617	58	2.83	7.40	0.00	52.00		0.00	0.00	0.00	0.00	0.02	0.10	0.16	0.27	0.42	0.66	0.90	1.00	1.24	2.43	2.65	3.26	5.10	5.82	13.30	
01311500	0618	19550618	20120618	58	2.77	6.64	0.00	43.00		0.00	0.00	0.00	0.00	0.00	0.05	0.10	0.22	0.36	0.55	0.64	0.78	1.14	2.12	2.70	3.02	4.92	6.77	15.30	
01311500	0619	19550619	20120619	58	1.89	2.44	0.00	9.40		0.00	0.00	0.00	0.00	0.03	0.07	0.13	0.42	0.58	0.94	1.15	1.78	2.20	2.33	2.73	3.00	4.54	5.84	8.02	
01311500	0620	19550620	20120620	58	1.78	2.91	0.00	16.00		0.00	0.00	0.00	0.00	0.04	0.06	0.10	0.24	0.42	0.66	0.92	1.20	1.70	1.93	2.40	2.52	3.00	5.97	8.63	
01311500	0621	19550621	20120621	58	1.78	4.19	0.00	28.00		0.00	0.00	0.00	0.00	0.04	0.09	0.21	0.30	0.35	0.47	0.52	0.70	0.95	1.56	1.95	2.16	2.60	3.63	8.44	
01311500	0622	19550622	20120622	58	2.25	4.04	0.00	18.00		0.00	0.00	0.00	0.00	0.01	0.14	0.20	0.23	0.38	0.55	0.81	0.99	1.57	1.90	2.17	2.56	3.92	8.10	14.05	
01311500	0623	19550623	20120623	58	1.65	2.49	0.00	10.00		0.00	0.00	0.00	0.00	0.01	0.03	0.12	0.19	0.29	0.41	0.61	0.77	1.57	2.06	2.42	3.02	4.00	6.05	7.81	
01311500	0624	19550624	20120624	58	2.52	5.61	0.00	28.00		0.00	0.00	0.00	0.00	0.00	0.04	0.07	0.17	0.31	0.41	0.64	0.81	1.34	2.00	2.08	2.76	4.82	6.47	20.30	
01311500	0625	19550625	20120625	58	2.90	7.96	0.00	55.00		0.00	0.00	0.00	0.00	0.00	0.05	0.16	0.31	0.37	0.56	0.80	0.90	1.17	1.83	2.08	3.30	4.62	6.86	12.60	
01311500	0626	19550626	20120626	58	1.46	2.24	0.00	9.10		0.00	0.00	0.00	0.00	0.00	0.03	0.14	0.20	0.23	0.33	0.46	0.72	0.91	1.32	2.15	3.00	3.94	4.94	7.71	
01311500	0627	19550627	20120627	58	1.66	3.81	0.00	24.00		0.00	0.00	0.00	0.00	0.00	0.04	0.10	0.16	0.22	0.25	0.37	0.48	0.82	1.10	1.60	2.00	3.06	5.04	7.54	
01311500	0628	19550628	20120628	58	2.09	5.21	0.00	35.00		0.00	0.00	0.00	0.00	0.00	0.00	0.05	0.09	0.17	0.30	0.41	0.61	0.84	1.33	1.60	2.58	3.62	5.60	10.05	
01311500	0629	19550629	20120629	58	1.58	3.43	0.00	24.00		0.00	0.00	0.00	0.00	0.00	0.02	0.12	0.23	0.31	0.48	0.55	0.73	1.20	1.50	1.90	2.46	3.25	4.20	5.42	
01311500	0630	19550630	20120630	58	4.11	17.32	0.00	131.00		0.00	0.00	0.00	0.00	0.00	0.00	0.10	0.15	0.39	0.56	0.65	0.95	1.44	1.53	2.02	3.04	5.32	6.24	12.45	
01311500	0701	19540701	20120701	59	1.90	3.55	0.00	21.00		0.00	0.00	0.00	0.00	0.00	0.10	0.13	0.19	0.43	0.51	0.80	1.20	1.50	1.60	2.20	2.80	3.60	5.50	11.00	
01311500	0702	19540702	20120702	59	1.35	2.53	0.00	14.00		0.00	0.00	0.00	0.00	0.02	0.07	0.14	0.22	0.28	0.39	0.51	0.61	0.88	1.00	1.40	2.10	2.60	3.60	8.50	
01311500	0703	19540703	20120703	59	1.48	2.76	0.00	14.00		0.00	0.00	0.00	0.00	0.00	0.04	0.10	0.14	0.37	0.51	0.60	0.79	1.30	1.40	1.60	1.80	2.60	3.50	11.00	
01311500	0704	19540704	20120704	59	1.80	3.65	0.00	20.00		0.00	0.00	0.00	0.00	0.00	0.05	0.11	0.18	0.35	0.46	0.64	0.76	1.10	1.40	1.70	2.00	3.00	5.60	9.90	
01311500	0705	19540705	20120705	59	2.98	6.50	0.00	34.00		0.00	0.00	0.00	0.00	0.03	0.07	0.14	0.20	0.32	0.35	1.00	1.30	1.60	2.10	3.10	3.80	4.60	8.20	25.00	
01311500	0706	19540706	20120706	59	1.78	3.24	0.00	14.00		0.00	0.00	0.00	0.00	0.00	0.01	0.03	0.07	0.11	0.29	0.47	0.85	1.00	1.40	1.90	2.80	3.70	6.40	11.00	
01311500	0707	19540707	20120707	59	1.74	3.62	0.00	21.00		0.00	0.00	0.00	0.00	0.00	0.00	0.01	0.04	0.08	0.18	0.23	0.50	0.88	1.20	1.80	2.20	4.10	5.60	9.20	
01311500	0708	19540708	20120708	59	1.44	2.76	0.00	16.00		0.00	0.00	0.00	0.00	0.00	0.00	0.03	0.05	0.08	0.18	0.43	0.64	0.80	1.20	1.90	2.60	3.00	5.00	6.40	
01311500	0709	19540709	20120709	59	1.54	3.00	0.00	15.00		0.00	0.00	0.00	0.00	0.00	0.00	0.03	0.05	0.16	0.31	0.50	0.77	1.00	1.20	1.70	1.90	2.90	4.30	11.00	
01311500	0710	19540710	20120710	59	0.94	1.48	0.00	7.80		0.00	0.00	0.00	0.00	0.00	0.00	0.04	0.09	0.17	0.30	0.38	0.66	0.95	1.10	1.30	1.60	1.90	2.90	4.20	
01311500	0711	19540711	20120711	59	1.83	4.10	0.00	19.00		0.00	0.00	0.00	0.00	0.00	0.00	0.03	0.07	0.08	0.12	0.31	0.44	0.69	1.30	1.60	2.30	3.30	5.20	15.00	
01311500	0712	19540712	20120712	59	1.39	2.36	0.00	10.00		0.00	0.00	0.00	0.00	0.00	0.00	0.00	0.02	0.09	0.13	0.36	0.39	1.10	1.40	1.60	2.60	3.70	5.40	6.10	
01311500	0713	19540713	20120713	59	2.82	5.62	0.00	25.00		0.00	0.00	0.00	0.00	0.00	0.00	0.00	0.04	0.15	0.48	0.64	1.00	1.20	1.80	2.10	3.60	6.00	9.60	20.00	
01311500	0714	19540714	20120714	59	1.75	3.66	0.00	20.00		0.00	0.00	0.00	0.00	0.00	0.00	0.00	0.03	0.10	0.24	0.36	0.59	0.92	1.00	1.70	2.20	4.30	6.00	10.00	
01311500	0715	19540715	20120715	59	2.18	4.24	0.00	19.00		0.00	0.00	0.00	0.00	0.00	0.00	0.00	0.02	0.06	0.18	0.24	0.46	0.81	1.00	2.40	4.00	5.30	7.30	14.00	
01311500	0716	19540716	20120716	59	1.12	1.79	0.00	8.20		0.00	0.00	0.00	0.00	0.00	0.00	0.00	0.02	0.08	0.20	0.29	0.57	1.00	1.20	1.80	2.20	2.50	3.90	5.50	
01311500	0717	19540717	20120717	59	1.52	4.15	0.00	26.00		0.00	0.00	0.00	0.00	0.00	0.00	0.00	0.02	0.09	0.21	0.26	0.60	0.68	0.86	1.10	1.60	2.90	3.20	6.30	
01311500	0718	19540718	20120718	59	2.43	6.49	0.00	43.00		0.00	0.00	0.00	0.00	0.00	0.00	0.00	0.05	0.09	0.23	0.43	0.56	1.30	1.50	2.20	2.60	3.70	5.80	15.00	
01311500	0719	19540719	20120719	59	1.12	1.90	0.00	11.00		0.00	0.00	0.00	0.00	0.00	0.00	0.01	0.04	0.13	0.33	0.45	0.70	0.88	1.20	1.30	1.80	2.60	3.60	4.70	
01311500	0720	19540720	20120720	59	1.10	2.23	0.00	15.00		0.00	0.00	0.00	0.00	0.00	0.00	0.02	0.05	0.19	0.33	0.41	0.62	0.83	1.00	1.40	2.10	2.60	2.90	4.20	
01311500	0721	19540721	20120721	59	2.62	6.54	0.00	32.00		0.00	0.00	0.00	0.00	0.00	0.00	0.00	0.00	0.16	0.26	0.32	0.55	0.79	1.20	1.50	2.90	4.30	6.80	19.00	
01311500	0722	19540722	20120722	59	1.78	3.26	0.00	15.00		0.00	0.00	0.00	0.00	0.00	0.00	0.00	0.05	0.13	0.30	0.42	0.53	0.92	1.10	2.60	2.90	3.90	6.70	11.00	
01311500	0723	19540723	20120723	59	1.83	4.07	0.00	27.00		0.00	0.00	0.00	0.00	0.00	0.00	0.02	0.15	0.27	0.37	0.46	0.76	0.95	1.10	1.50	2.40	3.80	6.30	8.50	
01311500	0724	19540724	20120724	59	2.33	6.37	0.00	45.00		0.00	0.00	0.00	0.00	0.00	0.00	0.02	0.16	0.30	0.42	0.54	0.88	1.00	1.70	2.20	2.40	4.20	4.50	8.40	
01311500	0725	19540725	20120725	59	1.30	2.68	0.00	15.00		0.00	0.00	0.00	0.00	0.00	0.00	0.00	0.02	0.14	0.30	0.33	0.56	0.88	0.92	1.40	2.00	2.20	3.70	7.40	
01311500	0726	19540726	20120726	59	1.84	4.70	0.00	29.00		0.00	0.00	0.00	0.00	0.00	0.00	0.00	0.02	0.07	0.19	0.39	0.51	0.76	1.20	1.40	2.10	3.10	5.10	9.80	
01311500	0727	19540727	20120727	59	2.53	6.18	0.00	37.00		0.00	0.00	0.00	0.00	0.00	0.00	0.00	0.00	0.10	0.22	0.56	0.65	0.92	1.20	1.60	2.40	5.00	7.50	14.00	
01311500	0728	19540728	20120728	59	2.38	7.95	0.00	44.00		0.00	0.00	0.00	0.00	0.00	0.00	0.00	0.00	0.01	0.15	0.41	0.54	0.88	1.00	1.40	2.20	2.30	3.50	9.00	
01311500	0729	19540729	20120729	59	1.68	3.47	0.00	16.00		0.00	0.00	0.00	0.00	0.00	0.00	0.00	0.04	0.15	0.33	0.43	0.57	0.97	1.10	1.30	2.00	2.90	6.50	13.00	
01311500	0730	19540730	20120730	59	2.50	8.51	0.00	61.00		0.00	0.00	0.00	0.00	0.00	0.00	0.00	0.02	0.11	0.27	0.40	0.83	1.10	1.10	1.80	2.20	3.80	5.50	6.00	
01311500	0731	19540731	20120731	59	2.65	7.50	0.00	41.00		0.00	0.00	0.00	0.00	0.00	0.00	0.00	0.04	0.10	0.18	0.38	0.54	0.63	0.92	1.10	1.40	3.00	7.10	19.00	
01311500	0801	19540801	20120801	59	1.49	3.40	0.00	17.00		0.00	0.00	0.00	0.00	0.00	0.00	0.00	0.00	0.04	0.10	0.29	0.45	0.69	1.10	1.10	1.60	2.60	4.00	13.00	
01311500	0802	19540802	20120802	59	1.08	2.03	0.00	8.50		0.00	0.00	0.00	0.00	0.00	0.00	0.00	0.00	0.08	0.13	0.24	0.37	0.69	0.94	1.20	1.70	2.40	2.90	7.50	
01311500	0803	19540803	20120803	59	1.67	5.58	0.00	39.00		0.00	0.00	0.00	0.00	0.00	0.00	0.00	0.00	0.03	0.08	0.25	0.35	0.43	0.78	1.10	1.10	1.90	3.50	7.70	
01311500	0804	19540804	20120804	59	1.10	2.05	0.00	8.20		0.00	0.00	0.00	0.00	0.00	0.00	0.00	0.00	0.01	0.07	0.23	0.36	0.44	0.79	0.85	1.30	3.20	5.30	6.50	
01311500	0805	19540805	20120805	59	1.36	2.80	0.00	14.00		0.00	0.00	0.00	0.00	0.00	0.00	0.00	0.00	0.00	0.03	0.23	0.34	0.62	0.80	1.00	1.80	3.10	4.80	8.30	
01311500	0806	19540806	20120806	59	1.42	3.66	0.00	25.00		0.00	0.00	0.00	0.00	0.00	0.00	0.00	0.00	0.00	0.05	0.25	0.41	0.62	0.80	1.50	1.90	2.60	4.50	5.20	
01311500	0807	19540807	20120807	59	0.92	1.66	0.00	7.80		0.00	0.00	0.00	0.00	0.00	0.00	0.00	0.00	0.02	0.20	0.25	0.35	0.50	0.67	0.93	1.40	2.10	3.80	4.90	
01311500	0808	19540808	20120808	59	2.51	7.86	0.00	45.00		0.00	0.00	0.00	0.00	0.00	0.00	0.00	0.00	0.01	0.08	0.34	0.52	0.67	0.80	1.20	2.00	3.20	5.70	10.00	
01311500	0809	19540809	20120809	59	2.68	6.81	0.00	36.00		0.00	0.00	0.00	0.00	0.00	0.00	0.00	0.00	0.07	0.16	0.34	0.50	0.69	0.85	1.10	2.60	4.60	8.00	17.00	
01311500	0810	19540810	20120810	59	2.42	5.84	0.00	38.00		0.00	0.00	0.00	0.00	0.00	0.00	0.00	0.00	0.00	0.02	0.15	0.55	0.69	1.00	1.90	4.10	5.00	7.60	14.00	
01311500	0811	19540811	20120811	59	2.22	5.95	0.00	39.00		0.00	0.00	0.00	0.00	0.00	0.00	0.00	0.00	0.02	0.23	0.40	0.49	0.79	0.97	1.80	2.60	4.30	4.70	11.00	
01311500	0812	19540812	20120812	59	4.57	19.34	0.00	140.00		0.00	0.00	0.00	0.00	0.00	0.00	0.00	0.00	0.07	0.14	0.32	0.59	0.97	1.30	2.60	3.60	4.10	4.40	13.00	
01311500	0813	19540813	20120813	59	2.62	11.22	0.00	86.00		0.00	0.00	0.00	0.00	0.00	0.00	0.00	0.00	0.02	0.12	0.22	0.46	0.66	0.92	1.50	2.90	3.90	5.30	6.70	
01311500	0814	19540814	20120814	59	3.08	12.35	0.00	88.00		0.00	0.00	0.00	0.00	0.00	0.00	0.00	0.02	0.04	0.08	0.14	0.50	0.69	1.00	1.30	2.30	3.30	4.60	6.70	
01311500	0815	19540815	20120815	59	1.63	3.28	0.00	17.00		0.00	0.00	0.00	0.00	0.00	0.00	0.00	0.01	0.09	0.20	0.38	0.55	0.71	1.00	1.70	2.10	3.70	4.90	10.00	
01311500	0816	19540816	20120816	59	1.57	3.01	0.00	15.00		0.00	0.00	0.00	0.00	0.00	0.00	0.00	0.01	0.08	0.29	0.44	0.59	0.69	0.94	1.60	2.40	4.00	5.90	8.20	
01311500	0817	19540817	20120817	59	1.81	3.13	0.00	15.00		0.00	0.00	0.00	0.00	0.00	0.00	0.00	0.01	0.14	0.16	0.38	0.59	0.83	1.00	3.00	3.70	4.60	6.50	9.40	
01311500	0818	19540818	20120818	59	1.93	4.65	0.00	29.00		0.00	0.00	0.00	0.00	0.00	0.00	0.00	0.00	0.03	0.09	0.26	0.50	0.74	1.00	2.20	3.40	3.60	4.70	10.00	
01311500	0819	19540819	20120819	59	2.58	8.47	0.00	50.00		0.00	0.00	0.00	0.00	0.00	0.00	0.00	0.02	0.04	0.10	0.18	0.39	0.64	1.00	1.20	1.80	3.00	3.80	28.00	
01311500	0820	19540820	20120820	59	1.81	3.89	0.00	16.00		0.00	0.00	0.00	0.00	0.00	0.00	0.00	0.02	0.08	0.15	0.34	0.43	0.55	0.81	1.20	1.90	3.40	5.00	13.00	
01311500	0821	19540821	20120821	59	3.57	8.02	0.00	41.00		0.00	0.00	0.00	0.00	0.00	0.00	0.00	0.00	0.02	0.14	0.25	0.47	0.58	1.10	1.60	4.60	9.60	13.00	25.00	
01311500	0822	19540822	20120822	59	3.07	9.33	0.00	64.00		0.00	0.00	0.00	0.00	0.00	0.00	0.00	0.00	0.02	0.07	0.30	0.42	0.61	1.10	1.80	2.50	4.80	6.30	18.00	
01311500	0823	19540823	20120823	59	2.16	5.96	0.00	41.00		0.00	0.00	0.00	0.00	0.00	0.00	0.00	0.00	0.09	0.14	0.26	0.48	0.76	1.00	1.30	3.40	4.30	5.20	14.00	
01311500	0824	19540824	20120824	59	1.69	4.04	0.00	27.00		0.00	0.00	0.00	0.00	0.00	0.00	0.00	0.03	0.11	0.22	0.35	0.65	0.79	1.10	1.50	2.50	3.90	4.30	8.10	
01311500	0825	19540825	20120825	59	2.36	6.23	0.00	40.00		0.00	0.00	0.00	0.00	0.00	0.00	0.00	0.04	0.12	0.20	0.26	0.55	0.63	0.85	1.40	2.10	3.80	8.40	11.00	
01311500	0826	19540826	20120826	59	1.45	2.85	0.00	11.00		0.00	0.00	0.00	0.00	0.00	0.00	0.00	0.00	0.00	0.05	0.25	0.36	0.60	0.84	1.20	2.00	3.40	5.60	10.00	
01311500	0827	19540827	20120827	59	1.22	2.23	0.00	11.00		0.00	0.00	0.00	0.00	0.00	0.00	0.00	0.00	0.03	0.25	0.36	0.46	0.65	1.00	1.30	2.30	3.20	3.80	6.30	
01311500	0828	19540828	20120828	59	3.82	15.22	0.00	115.00		0.00	0.00	0.00	0.00	0.00	0.00	0.00	0.00	0.17	0.24	0.29	0.56	1.10	1.30	2.10	3.20	5.10	8.50	14.00	
01311500	0829	19540829	20120829	59	1.97	4.82	0.00	32.00		0.00	0.00	0.00	0.00	0.00	0.00	0.00	0.00	0.16	0.18	0.30	0.41	0.70	1.10	1.80	2.40	3.80	5.50	11.00	
01311500	0830	19540830	20120830	59	1.23	2.35	0.00	12.00		0.00	0.00	0.00	0.00	0.00	0.00	0.00	0.00	0.06	0.19	0.24	0.34	0.69	1.10	1.30	1.70	3.30	4.30	6.30	
01311500	0831	19540831	20120831	59	1.62	6.68	0.00	50.00		0.00	0.00	0.00	0.00	0.00	0.00	0.00	0.00	0.00	0.03	0.21	0.22	0.32	0.55	0.59	0.81	1.20	2.90	8.90	
01311500	0901	19540901	20120901	59	0.96	2.32	0.00	11.00		0.00	0.00	0.00	0.00	0.00	0.00	0.00	0.00	0.00	0.02	0.07	0.19	0.25	0.38	0.58	0.76	1.50	3.70	8.50	
01311500	0902	19540902	20120902	59	3.57	18.73	0.00	144.00		0.00	0.00	0.00	0.00	0.00	0.00	0.00	0.00	0.05	0.10	0.21	0.38	0.52	0.76	1.10	1.70	4.10	4.30	8.30	
01311500	0903	19540903	20120903	59	1.53	2.87	0.00	15.00		0.00	0.00	0.00	0.00	0.00	0.00	0.00	0.00	0.01	0.05	0.22	0.76	1.20	1.30	1.60	2.20	3.80	5.20	8.00	
01311500	0904	19540904	20120904	59	1.75	3.86	0.00	24.00		0.00	0.00	0.00	0.00	0.00	0.00	0.00	0.00	0.00	0.15	0.18	0.42	0.87	1.00	1.20	2.20	4.30	6.10	8.70	
01311500	0905	19540905	20120905	59	0.95	1.77	0.00	7.60		0.00	0.00	0.00	0.00	0.00	0.00	0.00	0.00	0.00	0.04	0.10	0.23	0.36	0.92	0.98	1.60	2.50	3.80	5.90	
01311500	0906	19540906	20120906	59	1.70	5.51	0.00	37.00		0.00	0.00	0.00	0.00	0.00	0.00	0.00	0.00	0.00	0.01	0.16	0.20	0.35	0.59	0.90	1.50	1.80	4.30	9.70	
01311500	0907	19540907	20120907	59	1.79	4.31	0.00	20.00		0.00	0.00	0.00	0.00	0.00	0.00	0.00	0.00	0.06	0.12	0.20	0.39	0.42	0.62	0.78	0.94	2.90	6.60	13.00	
01311500	0908	19540908	20120908	59	2.21	7.33	0.00	50.00		0.00	0.00	0.00	0.00	0.00	0.00	0.00	0.00	0.00	0.09	0.16	0.40	0.51	0.66	1.00	1.30	1.90	4.80	17.00	
01311500	0909	19540909	20120909	59	1.06	2.14	0.00	9.80		0.00	0.00	0.00	0.00	0.00	0.00	0.00	0.00	0.00	0.16	0.31	0.39	0.54	0.76	0.96	1.30	1.90	4.10	8.30	
01311500	0910	19540910	20120910	59	1.07	2.11	0.00	9.80		0.00	0.00	0.00	0.00	0.00	0.00	0.00	0.00	0.00	0.06	0.29	0.41	0.50	0.82	0.99	1.20	3.00	3.80	6.80	
01311500	0911	19540911	20120911	59	3.48	13.51	0.00	100.00		0.00	0.00	0.00	0.00	0.00	0.00	0.00	0.00	0.00	0.12	0.18	0.28	0.31	1.10	1.60	2.60	3.40	8.20	16.00	
01311500	0912	19540912	20120912	59	4.03	17.20	0.00	128.00		0.00	0.00	0.00	0.00	0.00	0.00	0.00	0.01	0.10	0.16	0.20	0.43	0.80	1.20	1.60	2.70	3.70	7.90	15.00	
01311500	0913	19540913	20120913	59	1.94	6.07	0.00	44.00		0.00	0.00	0.00	0.00	0.00	0.00	0.00	0.00	0.03	0.14	0.29	0.42	0.62	0.95	1.40	1.80	3.30	4.20	8.70	
01311500	0914	19540914	20120914	59	1.17	2.49	0.00	11.00		0.00	0.00	0.00	0.00	0.00	0.00	0.01	0.07	0.10	0.23	0.25	0.43	0.56	0.72	1.00	1.10	1.40	4.00	9.90	
01311500	0915	19540915	20120915	59	1.89	4.98	0.00	34.00		0.00	0.00	0.00	0.00	0.00	0.00	0.00	0.00	0.01	0.05	0.15	0.23	0.70	1.00	1.20	2.10	4.00	7.30	9.40	
01311500	0916	19540916	20120916	59	1.84	6.34	0.00	47.00		0.00	0.00	0.00	0.00	0.00	0.00	0.00	0.00	0.00	0.05	0.07	0.23	0.56	0.87	1.10	1.50	3.40	4.20	8.60	
01311500	0917	19540917	20120917	59	1.61	3.01	0.00	14.00		0.00	0.00	0.00	0.00	0.00	0.00	0.00	0.00	0.00	0.05	0.09	0.19	0.42	0.83	2.10	3.40	5.60	6.20	7.40	
01311500	0918	19540918	20120918	59	1.92	4.59	0.00	29.00		0.00	0.00	0.00	0.00	0.00	0.00	0.00	0.00	0.00	0.02	0.13	0.35	0.55	0.71	1.70	2.20	5.60	6.80	9.50	
01311500	0919	19540919	20120919	59	1.97	3.82	0.00	15.00		0.00	0.00	0.00	0.00	0.00	0.00	0.00	0.00	0.00	0.15	0.19	0.23	0.27	0.79	1.20	3.70	5.30	10.00	12.00	
01311500	0920	19540920	20120920	59	1.73	4.56	0.00	30.00		0.00	0.00	0.00	0.00	0.00	0.00	0.00	0.00	0.00	0.03	0.07	0.20	0.35	0.66	0.82	1.70	4.40	6.70	10.00	
01311500	0921	19540921	20120921	59	2.85	8.65	0.00	60.00		0.00	0.00	0.00	0.00	0.00	0.00	0.00	0.00	0.00	0.02	0.12	0.23	0.55	0.82	1.30	1.70	6.50	7.80	14.00	
01311500	0922	19540922	20120922	59	1.59	3.08	0.00	14.00		0.00	0.00	0.00	0.00	0.00	0.00	0.00	0.00	0.00	0.05	0.26	0.36	0.68	0.84	1.30	1.70	5.00	6.40	9.70	
01311500	0923	19540923	20120923	59	1.83	4.32	0.00	26.00		0.00	0.00	0.00	0.00	0.00	0.00	0.00	0.00	0.00	0.00	0.11	0.25	0.48	0.82	1.00	1.70	5.00	7.10	8.60	
01311500	0924	19540924	20120924	59	1.53	4.14	0.00	20.00		0.00	0.00	0.00	0.00	0.00	0.00	0.00	0.00	0.00	0.00	0.05	0.25	0.30	0.51	0.76	1.00	1.30	4.30	15.00	
01311500	0925	19540925	20120925	59	1.32	3.16	0.00	19.00		0.00	0.00	0.00	0.00	0.00	0.00	0.00	0.00	0.00	0.00	0.12	0.20	0.25	0.54	0.76	1.30	3.50	5.70	8.20	
01311500	0926	19540926	20120926	59	2.67	6.84	0.00	40.00		0.00	0.00	0.00	0.00	0.00	0.00	0.00	0.00	0.00	0.00	0.15	0.23	0.40	1.10	1.80	3.30	5.60	8.10	15.00	
01311500	0927	19540927	20120927	59	3.40	7.13	0.00	35.00		0.00	0.00	0.00	0.00	0.00	0.00	0.00	0.00	0.00	0.13	0.26	0.76	1.10	2.00	4.60	6.00	8.30	11.00	17.00	
01311500	0928	19540928	20120928	59	2.00	4.26	0.00	20.00		0.00	0.00	0.00	0.00	0.00	0.00	0.00	0.00	0.00	0.06	0.16	0.32	0.94	1.20	1.80	3.10	4.30	6.00	13.00	
01311500	0929	19540929	20120929	59	2.31	7.22	0.00	53.00		0.00	0.00	0.00	0.00	0.00	0.00	0.00	0.00	0.00	0.10	0.18	0.39	0.58	1.10	1.60	2.90	4.70	6.30	11.00	
01311500	0930	19540930	20120930	59	1.68	3.54	0.00	18.00		0.00	0.00	0.00	0.00	0.00	0.00	0.00	0.00	0.00	0.01	0.12	0.29	0.40	0.82	1.70	2.20	4.10	6.50	11.00	
01311500	1001	19541001	20121001	59	2.35	8.42	0.00	52.00		0.00	0.00	0.00	0.00	0.00	0.00	0.00	0.00	0.00	0.07	0.14	0.29	0.42	0.50	0.88	1.10	2.30	5.20	7.60	
01311500	1002	19541002	20121002	59	1.33	2.60	0.00	11.00		0.00	0.00	0.00	0.00	0.00	0.00	0.00	0.00	0.00	0.00	0.18	0.29	0.42	0.71	1.10	2.20	4.60	6.40	8.10	
01311500	1003	19541003	20121003	59	1.88	4.93	0.00	29.00		0.00	0.00	0.00	0.00	0.00	0.00	0.00	0.00	0.00	0.00	0.07	0.19	0.31	0.65	1.00	1.40	4.40	6.50	11.00	
01311500	1004	19541004	20121004	59	1.00	2.11	0.00	8.50		0.00	0.00	0.00	0.00	0.00	0.00	0.00	0.00	0.00	0.00	0.10	0.28	0.32	0.36	0.46	1.10	1.70	4.80	7.00	
01311500	1005	19541005	20121005	59	1.47	4.44	0.00	32.00		0.00	0.00	0.00	0.00	0.00	0.00	0.00	0.00	0.00	0.00	0.01	0.14	0.29	0.48	1.20	1.50	3.10	4.70	6.40	
01311500	1006	19541006	20121006	59	1.27	2.86	0.00	15.00		0.00	0.00	0.00	0.00	0.00	0.00	0.00	0.00	0.00	0.00	0.04	0.23	0.35	0.40	0.94	1.40	3.20	5.30	8.20	
01311500	1007	19541007	20121007	59	2.19	7.38	0.00	47.00		0.00	0.00	0.00	0.00	0.00	0.00	0.00	0.00	0.00	0.00	0.10	0.21	0.27	0.45	0.96	1.30	1.90	4.00	18.00	
01311500	1008	19541008	20121008	59	1.40	3.07	0.00	16.00		0.00	0.00	0.00	0.00	0.00	0.00	0.00	0.00	0.00	0.00	0.06	0.19	0.35	1.00	1.20	1.80	3.20	5.50	9.50	
01311500	1009	19541009	20121009	59	1.27	2.32	0.00	11.00		0.00	0.00	0.00	0.00	0.00	0.00	0.00	0.00	0.00	0.04	0.18	0.22	1.20	1.20	1.50	2.00	3.50	5.00	7.80	
01311500	1010	19541010	20121010	59	1.39	3.91	0.00	28.00		0.00	0.00	0.00	0.00	0.00	0.00	0.00	0.00	0.00	0.14	0.21	0.24	0.40	1.00	1.20	1.50	2.40	3.80	6.20	
01311500	1011	19541011	20121011	59	1.96	6.90	0.00	52.00		0.00	0.00	0.00	0.00	0.00	0.00	0.00	0.00	0.00	0.04	0.23	0.30	0.92	1.00	1.20	2.20	3.60	5.10	7.20	
01311500	1012	19541012	20121012	59	2.85	9.74	0.00	72.00		0.00	0.00	0.00	0.00	0.00	0.00	0.00	0.00	0.00	0.07	0.23	0.28	0.81	0.90	1.30	3.20	4.90	6.80	12.00	
01311500	1013	19541013	20121013	59	1.76	4.83	0.00	29.00		0.00	0.00	0.00	0.00	0.00	0.00	0.00	0.00	0.00	0.02	0.11	0.32	0.76	0.85	1.30	1.70	2.00	5.50	12.00	
01311500	1014	19541014	20121014	59	4.31	21.12	0.00	161.00		0.00	0.00	0.00	0.00	0.00	0.00	0.00	0.00	0.00	0.00	0.08	0.18	0.37	0.59	1.00	1.50	4.40	5.90	15.00	
01311500	1015	19541015	20121015	59	1.73	4.04	0.00	22.00		0.00	0.00	0.00	0.00	0.00	0.00	0.00	0.00	0.00	0.00	0.11	0.23	0.31	0.59	1.00	2.20	5.10	5.70	7.70	
01311500	1016	19541016	20121016	59	1.32	2.78	0.00	16.00		0.00	0.00	0.00	0.00	0.00	0.00	0.00	0.00	0.00	0.00	0.10	0.27	0.34	0.59	1.10	2.40	4.00	5.50	6.50	
01311500	1017	19541017	20121017	59	1.14	2.34	0.00	12.00		0.00	0.00	0.00	0.00	0.00	0.00	0.00	0.00	0.00	0.00	0.04	0.19	0.44	0.54	0.95	1.90	2.20	5.20	6.30	
01311500	1018	19541018	20121018	59	1.70	3.05	0.00	16.00		0.00	0.00	0.00	0.00	0.00	0.00	0.00	0.00	0.00	0.00	0.17	0.44	0.82	1.30	2.60	3.70	4.80	5.00	8.60	
01311500	1019	19541019	20121019	59	3.12	8.56	0.00	55.00		0.00	0.00	0.00	0.00	0.00	0.00	0.00	0.00	0.00	0.00	0.30	0.50	0.78	2.20	3.50	4.60	5.50	6.70	11.00	
01311500	1020	19541020	20121020	59	3.04	8.73	0.00	61.00		0.00	0.00	0.00	0.00	0.00	0.00	0.00	0.00	0.00	0.12	0.23	0.66	1.10	1.80	2.20	3.90	4.80	8.00	16.00	
01311500	1021	19541021	20121021	59	1.41	2.43	0.00	11.00		0.00	0.00	0.00	0.00	0.00	0.00	0.00	0.00	0.02	0.17	0.23	0.40	0.71	1.00	2.20	2.80	3.80	5.00	6.80	
01311500	1022	19541022	20121022	59	1.39	3.38	0.00	21.00		0.00	0.00	0.00	0.00	0.00	0.00	0.00	0.00	0.00	0.00	0.17	0.35	0.55	0.88	1.10	1.70	2.20	4.50	8.00	
01311500	1023	19541023	20121023	59	2.47	7.29	0.00	47.00		0.00	0.00	0.00	0.00	0.00	0.00	0.00	0.00	0.00	0.00	0.07	0.17	0.42	0.63	0.86	1.70	5.20	7.40	18.00	
01311500	1024	19541024	20121024	59	2.12	4.42	0.00	19.00		0.00	0.00	0.00	0.00	0.00	0.00	0.00	0.00	0.00	0.00	0.07	0.12	0.40	0.85	1.80	3.50	5.90	7.90	17.00	
01311500	1025	19541025	20121025	59	2.22	5.21	0.00	31.00		0.00	0.00	0.00	0.00	0.00	0.00	0.00	0.00	0.00	0.07	0.36	0.59	0.78	0.99	1.70	2.80	5.20	6.70	12.00	
01311500	1026	19541026	20121026	59	1.73	3.85	0.00	26.00		0.00	0.00	0.00	0.00	0.00	0.00	0.00	0.00	0.00	0.02	0.18	0.59	0.76	1.60	2.20	2.50	5.00	5.20	6.70	
01311500	1027	19541027	20121027	59	1.56	3.47	0.00	22.00		0.00	0.00	0.00	0.00	0.00	0.00	0.00	0.00	0.00	0.01	0.07	0.32	0.66	1.20	1.40	2.00	3.60	6.30	7.80	
01311500	1028	19541028	20121028	59	2.31	5.42	0.00	28.00		0.00	0.00	0.00	0.00	0.00	0.00	0.00	0.00	0.00	0.00	0.14	0.40	0.92	1.20	1.50	3.40	4.60	5.80	19.00	
01311500	1029	19541029	20121029	59	1.97	4.33	0.00	21.00		0.00	0.00	0.00	0.00	0.00	0.00	0.00	0.00	0.00	0.00	0.19	0.32	0.55	0.79	1.20	3.10	5.50	6.10	16.00	
01311500	1030	19541030	20121030	59	1.46	3.09	0.00	16.00		0.00	0.00	0.00	0.00	0.00	0.00	0.00	0.00	0.00	0.00	0.16	0.29	0.75	0.80	1.20	2.80	3.80	4.30	9.00	
01311500	1031	19541031	20121031	59	1.73	4.96	0.00	35.00		0.00	0.00	0.00	0.00	0.00	0.00	0.00	0.00	0.00	0.00	0.00	0.28	0.60	0.83	1.20	1.90	3.70	6.20	8.60	
01311500	1101	19541101	20121101	59	1.94	5.57	0.00	36.00		0.00	0.00	0.00	0.00	0.00	0.00	0.00	0.00	0.00	0.00	0.02	0.28	0.50	0.73	1.10	1.80	3.80	5.90	7.80	
01311500	1102	19541102	20121102	59	1.90	5.48	0.00	38.00		0.00	0.00	0.00	0.00	0.00	0.00	0.00	0.00	0.00	0.00	0.21	0.32	0.51	0.85	1.20	1.90	3.00	5.70	8.80	
01311500	1103	19541103	20121103	59	2.24	5.40	0.00	32.00		0.00	0.00	0.00	0.00	0.00	0.00	0.00	0.00	0.00	0.00	0.23	0.63	0.88	1.20	1.70	2.60	5.70	7.30	11.00	
01311500	1104	19541104	20121104	59	1.76	3.68	0.00	21.00		0.00	0.00	0.00	0.00	0.00	0.00	0.00	0.00	0.00	0.00	0.14	0.28	0.59	0.90	1.60	3.00	4.10	8.20	9.50	
01311500	1105	19541105	20121105	59	1.88	4.15	0.00	21.00		0.00	0.00	0.00	0.00	0.00	0.00	0.00	0.00	0.00	0.04	0.18	0.33	0.53	1.00	1.60	2.40	3.30	7.70	9.10	
01311500	1106	19541106	20121106	59	1.59	2.67	0.00	10.00		0.00	0.00	0.00	0.00	0.00	0.00	0.00	0.00	0.00	0.12	0.45	0.60	0.86	1.40	2.10	2.70	4.10	6.80	8.20	
01311500	1107	19541107	20121107	59	1.87	4.70	0.00	32.00		0.00	0.00	0.00	0.00	0.00	0.00	0.00	0.00	0.00	0.13	0.24	0.43	0.69	0.86	1.50	2.50	4.10	7.10	9.20	
01311500	1108	19541108	20121108	59	4.04	11.79	0.00	77.00		0.00	0.00	0.00	0.00	0.00	0.00	0.00	0.00	0.00	0.10	0.50	0.69	1.00	1.90	3.90	4.70	6.30	8.80	28.00	
01311500	1109	19541109	20121109	59	1.74	2.70	0.00	9.60		0.00	0.00	0.00	0.00	0.00	0.00	0.00	0.00	0.00	0.09	0.24	0.80	1.30	1.70	2.90	4.00	5.40	6.20	8.40	
01311500	1110	19541110	20121110	59	2.98	6.78	0.00	40.00		0.00	0.00	0.00	0.00	0.00	0.00	0.00	0.00	0.00	0.18	0.32	0.99	1.30	1.70	2.50	4.90	5.90	7.50	16.00	
01311500	1111	19541111	20121111	59	1.63	2.95	0.00	16.00		0.00	0.00	0.00	0.00	0.00	0.00	0.00	0.00	0.00	0.11	0.52	0.73	1.00	1.50	2.10	2.60	4.40	5.40	7.90	
01311500	1112	19541112	20121112	59	2.29	4.22	0.00	25.00		0.00	0.00	0.00	0.00	0.00	0.00	0.00	0.00	0.00	0.11	0.48	0.80	0.90	1.90	3.40	5.10	6.70	7.90	9.50	
01311500	1113	19541113	20121113	59	1.81	3.12	0.00	16.00		0.00	0.00	0.00	0.00	0.00	0.00	0.00	0.00	0.02	0.23	0.45	0.59	0.94	1.40	2.50	3.80	5.50	6.30	8.30	
01311500	1114	19541114	20121114	59	1.82	3.55	0.00	20.00		0.00	0.00	0.00	0.00	0.00	0.00	0.00	0.00	0.17	0.31	0.50	0.92	1.30	1.40	1.80	2.60	4.40	6.40	9.60	
01311500	1115	19541115	20121115	59	1.86	2.89	0.00	11.00		0.00	0.00	0.00	0.00	0.00	0.00	0.00	0.00	0.13	0.29	0.59	1.20	1.70	2.00	2.40	3.40	5.40	6.30	9.40	
01311500	1116	19541116	20121116	59	1.76	3.41	0.00	22.00		0.00	0.00	0.00	0.00	0.00	0.00	0.00	0.00	0.08	0.18	0.38	0.80	1.30	1.80	2.40	2.90	4.90	5.70	6.80	
01311500	1117	19541117	20121117	59	2.01	3.49	0.00	13.00		0.00	0.00	0.00	0.00	0.00	0.00	0.00	0.00	0.06	0.17	0.36	0.80	1.00	1.20	1.60	4.40	6.40	7.40	12.00	
01311500	1118	19541118	20121118	59	1.64	3.15	0.00	17.00		0.00	0.00	0.00	0.00	0.00	0.00	0.00	0.00	0.00	0.07	0.26	0.56	0.85	1.30	1.50	2.80	4.90	6.40	9.30	
01311500	1119	19541119	20121119	59	1.39	2.28	0.00	9.70		0.00	0.00	0.00	0.00	0.00	0.00	0.00	0.00	0.00	0.10	0.17	0.54	0.87	1.40	2.00	2.90	3.20	5.90	6.30	
01311500	1120	19541120	20121120	59	2.84	5.97	0.00	30.00		0.00	0.00	0.00	0.00	0.00	0.00	0.00	0.00	0.10	0.14	0.53	0.63	1.40	1.70	2.40	3.40	5.70	10.00	19.00	
01311500	1121	19541121	20121121	59	1.92	3.50	0.00	22.00		0.00	0.00	0.00	0.00	0.00	0.00	0.00	0.00	0.09	0.36	0.78	1.30	1.50	2.20	2.50	3.40	4.30	6.00	8.40	
01311500	1122	19541122	20121122	59	2.01	4.10	0.00	20.00		0.00	0.00	0.00	0.00	0.00	0.00	0.00	0.00	0.04	0.11	0.41	0.70	1.20	1.50	1.80	2.20	4.00	8.90	12.00	
01311500	1123	19541123	20121123	59	1.96	4.05	0.00	19.00		0.00	0.00	0.00	0.00	0.00	0.00	0.00	0.00	0.00	0.26	0.35	0.68	1.30	1.40	1.60	2.50	3.70	6.30	12.00	
01311500	1124	19541124	20121124	59	1.53	2.99	0.00	16.00		0.00	0.00	0.00	0.00	0.00	0.00	0.00	0.00	0.01	0.21	0.45	0.59	1.00	1.10	1.50	2.10	3.10	5.50	8.80	
01311500	1125	19541125	20121125	59	1.44	2.23	0.00	9.00		0.00	0.00	0.00	0.00	0.00	0.00	0.00	0.00	0.18	0.23	0.80	0.93	1.20	1.40	1.60	2.20	3.70	5.30	6.70	
01311500	1126	19541126	20121126	59	2.42	3.96	0.00	16.00		0.00	0.00	0.00	0.00	0.00	0.00	0.00	0.00	0.10	0.39	0.83	1.20	1.80	2.20	2.60	4.20	5.90	9.00	13.00	
01311500	1127	19541127	20121127	59	1.41	1.99	0.00	8.30		0.00	0.00	0.00	0.00	0.00	0.00	0.00	0.00	0.06	0.48	0.73	1.20	1.30	1.90	2.30	2.80	3.40	4.90	5.70	
01311500	1128	19541128	20121128	59	2.17	3.69	0.00	16.00		0.00	0.00	0.00	0.00	0.00	0.00	0.00	0.03	0.23	0.56	0.72	1.10	1.50	1.90	2.50	3.10	4.90	10.00	12.00	
01311500	1129	19541129	20121129	59	2.45	5.01	0.00	25.00		0.00	0.00	0.00	0.00	0.00	0.00	0.00	0.10	0.34	0.71	1.10	1.20	1.50	1.60	2.20	2.80	4.00	6.00	18.00	
01311500	1130	19541130	20121130	59	2.02	4.02	0.00	24.00		0.00	0.00	0.00	0.00	0.00	0.00	0.00	0.01	0.05	0.13	0.50	0.77	1.20	1.50	2.30	3.30	5.00	7.70	9.90	
01311500	1201	19541201	20121201	59	2.01	3.57	0.00	17.00		0.00	0.00	0.00	0.00	0.00	0.00	0.00	0.00	0.04	0.10	0.48	0.81	1.30	2.40	2.80	3.40	4.80	5.50	12.00	
01311500	1202	19541202	20121202	59	1.89	4.11	0.00	24.00		0.00	0.00	0.00	0.00	0.00	0.00	0.00	0.00	0.07	0.18	0.37	0.54	1.10	1.60	2.20	2.90	3.30	4.90	14.00	
01311500	1203	19541203	20121203	59	2.10	4.16	0.00	18.00		0.00	0.00	0.00	0.00	0.00	0.00	0.00	0.00	0.09	0.19	0.52	0.89	1.10	1.60	2.00	2.70	4.60	7.30	14.00	
01311500	1204	19541204	20121204	59	2.32	5.06	0.00	29.00		0.00	0.00	0.00	0.00	0.00	0.00	0.00	0.02	0.19	0.47	1.00	1.00	1.30	1.70	2.10	2.40	4.60	5.10	16.00	
01311500	1205	19541205	20121205	59	1.79	3.06	0.00	15.00		0.00	0.00	0.00	0.00	0.00	0.00	0.00	0.02	0.25	0.68	0.94	1.20	1.50	1.60	2.10	2.30	3.30	6.40	8.40	
01311500	1206	19541206	20121206	59	1.98	3.42	0.00	18.00		0.00	0.00	0.00	0.00	0.00	0.00	0.00	0.29	0.50	0.80	0.89	1.00	1.20	1.70	2.40	3.10	4.80	6.40	11.00	
01311500	1207	19541207	20121207	59	2.16	4.05	0.00	22.00		0.00	0.00	0.00	0.00	0.00	0.00	0.00	0.21	0.33	0.47	0.58	0.88	1.20	1.50	2.60	3.20	5.10	6.40	13.00	
01311500	1208	19541208	20121208	59	1.88	3.38	0.00	17.00		0.00	0.00	0.00	0.00	0.00	0.00	0.00	0.10	0.29	0.35	0.57	0.82	0.96	1.50	1.90	4.10	4.90	5.90	12.00	
01311500	1209	19541209	20121209	59	2.51	4.87	0.00	30.00		0.00	0.00	0.00	0.00	0.00	0.00	0.00	0.22	0.31	0.36	0.69	0.91	1.00	1.40	2.20	5.50	7.20	9.10	10.00	
01311500	1210	19541210	20121210	59	1.74	2.41	0.00	8.70		0.00	0.00	0.00	0.00	0.00	0.00	0.00	0.22	0.26	0.42	1.10	1.30	1.40	1.80	2.20	4.10	4.80	6.40	7.20	
01311500	1211	19541211	20121211	59	2.84	5.72	0.00	37.00		0.00	0.00	0.00	0.00	0.00	0.00	0.00	0.13	0.25	0.53	0.97	1.50	1.90	2.50	3.70	5.50	5.60	8.60	13.00	
01311500	1212	19541212	20121212	59	2.92	7.45	0.00	54.00		0.00	0.00	0.00	0.00	0.00	0.00	0.00	0.07	0.18	0.40	0.61	1.20	1.50	2.20	3.80	5.20	5.60	8.20	10.00	
01311500	1213	19541213	20121213	59	1.95	3.22	0.00	16.00		0.00	0.00	0.00	0.00	0.00	0.00	0.00	0.14	0.18	0.35	0.62	1.20	1.40	1.90	2.20	3.40	5.70	6.20	8.80	
01311500	1214	19541214	20121214	59	2.52	4.16	0.00	22.00		0.00	0.00	0.00	0.00	0.00	0.00	0.09	0.18	0.31	0.44	0.92	1.40	1.90	2.40	3.90	5.30	5.80	7.80	12.00	
01311500	1215	19541215	20121215	59	1.93	3.27	0.00	16.00		0.00	0.00	0.00	0.00	0.00	0.00	0.07	0.20	0.34	0.58	0.80	0.92	1.60	1.90	2.20	3.00	4.30	5.50	11.00	
01311500	1216	19541216	20121216	59	2.56	5.20	0.00	27.00		0.00	0.00	0.00	0.00	0.00	0.01	0.05	0.12	0.26	0.51	0.68	1.00	1.40	1.60	3.30	4.40	5.00	7.10	13.00	
01311500	1217	19541217	20121217	59	2.01	2.98	0.00	14.00		0.00	0.00	0.00	0.00	0.00	0.00	0.02	0.06	0.23	0.33	0.43	1.30	2.00	3.00	3.30	4.20	5.20	5.70	8.00	
01311500	1218	19541218	20121218	59	2.26	4.39	0.00	23.00		0.00	0.00	0.00	0.00	0.00	0.00	0.01	0.01	0.23	0.26	0.34	1.00	1.60	2.20	2.80	3.80	5.00	6.20	11.00	
01311500	1219	19541219	20121219	59	1.48	2.32	0.00	11.00		0.00	0.00	0.00	0.00	0.00	0.00	0.00	0.01	0.11	0.29	0.39	0.87	1.10	1.70	2.40	3.10	4.20	4.90	6.30	
01311500	1220	19541220	20121220	59	1.52	2.35	0.00	10.00		0.00	0.00	0.00	0.00	0.00	0.00	0.00	0.01	0.10	0.18	0.27	0.29	1.20	1.90	2.40	3.50	4.60	5.30	6.70	
01311500	1221	19541221	20121221	59	3.05	6.01	0.00	32.00		0.00	0.00	0.00	0.00	0.00	0.00	0.00	0.09	0.29	0.36	0.68	0.92	1.60	2.00	3.50	4.60	6.50	9.90	18.00	
01311500	1222	19541222	20121222	59	2.47	5.14	0.00	35.00		0.00	0.00	0.00	0.00	0.00	0.00	0.05	0.14	0.29	0.48	0.74	1.10	1.80	2.40	3.40	4.60	5.70	6.40	9.10	
01311500	1223	19541223	20121223	59	2.29	3.65	0.00	18.00		0.00	0.00	0.00	0.00	0.00	0.00	0.03	0.14	0.20	0.30	0.54	1.60	2.30	2.80	3.50	4.00	5.10	7.70	11.00	
01311500	1224	19541224	20121224	59	1.90	2.85	0.00	12.00		0.00	0.00	0.00	0.00	0.00	0.00	0.00	0.08	0.16	0.44	0.69	1.10	1.20	2.20	3.40	4.80	5.10	6.40	7.30	
01311500	1225	19541225	20121225	59	2.22	3.30	0.00	13.00		0.00	0.00	0.00	0.00	0.00	0.00	0.00	0.10	0.29	0.35	0.58	1.40	2.10	2.60	4.00	4.50	5.10	6.90	10.00	
01311500	1226	19541226	20121226	59	2.48	4.32	0.00	21.00		0.00	0.00	0.00	0.00	0.00	0.03	0.09	0.14	0.29	0.35	0.60	1.50	1.80	2.40	3.20	4.00	5.00	6.80	14.00	
01311500	1227	19541227	20121227	59	2.04	3.70	0.00	21.00		0.00	0.00	0.00	0.00	0.00	0.00	0.02	0.10	0.19	0.35	0.52	0.97	1.70	2.00	2.90	3.60	4.10	6.10	9.20	
01311500	1228	19541228	20121228	59	1.57	2.23	0.00	8.80		0.00	0.00	0.00	0.00	0.00	0.00	0.00	0.10	0.32	0.37	0.73	0.84	1.20	1.80	2.90	3.80	4.10	5.40	6.10	
01311500	1229	19541229	20121229	59	2.12	2.96	0.00	12.00		0.00	0.00	0.00	0.00	0.00	0.00	0.04	0.10	0.23	0.43	0.69	1.40	1.70	2.60	4.20	4.60	6.00	7.10	8.00	
01311500	1230	19541230	20121230	59	2.25	4.55	0.00	29.00		0.00	0.00	0.00	0.00	0.00	0.00	0.04	0.12	0.23	0.43	0.69	0.80	1.40	1.70	3.10	3.80	4.90	6.70	11.00	
01311500	1231	19541231	20121231	59	1.65	2.31	0.00	8.80		0.00	0.00	0.00	0.00	0.00	0.00	0.01	0.10	0.35	0.50	0.73	0.94	1.30	1.70	2.60	4.50	4.60	5.90	6.90	
