site_no	monthday	begin_dt	end_dt	count_nu	mean	std	min	max	p01	p05	p10	p15	p20	p25	p30	p35	p40	p45	p50	p55	p60	p65	p70	p75	p80	p85	p90	p95	p99
01381400	ALL	19950824	20150113	7083	27.73	45.39	1.90	1460.00	3.10	4.60	5.70	6.70	7.70	8.80	10.00	12.00	13.00	15.00	16.00	18.00	21.00	23.00	27.00	31.00	36.00	42.00	53.00	82.00	193.00
01381400	0101	19960101	20150101	20	31.61	37.83	3.90	180.00		3.92	4.54	7.74	9.00	11.25	12.60	14.35	16.20	19.80	24.50	29.75	32.60	33.00	33.70	34.00	40.40	47.10	52.50	173.65	
01381400	0102	19960102	20150102	20	29.64	30.82	3.90	139.00		3.91	4.58	9.21	11.00	11.00	12.50	16.00	16.00	16.90	19.00	22.20	28.20	32.30	33.70	35.50	38.40	44.95	72.10	135.80	
01381400	0103	19960103	20150103	20	37.21	43.85	4.20	172.00		4.54	11.20	13.00	13.20	14.25	15.00	15.70	17.40	19.35	21.50	23.65	25.00	27.60	37.40	42.50	44.60	53.50	136.90	170.70	
01381400	0104	19960104	20150104	20	31.11	20.94	4.20	72.00		4.49	10.10	11.15	12.00	12.50	15.20	18.70	20.00	20.90	23.50	26.65	33.40	38.30	41.10	47.25	56.20	60.55	67.30	71.80	
01381400	0105	19960105	20150105	20	27.70	21.72	4.20	103.00		4.43	9.02	11.30	13.00	13.25	14.60	16.35	18.60	21.00	21.50	23.65	25.60	28.60	35.60	38.00	39.60	42.55	49.30	100.35	
01381400	0106	19960106	20150106	20	29.71	24.41	4.10	95.00		4.22	6.69	8.03	11.40	13.50	15.30	16.00	17.20	19.45	20.50	21.55	24.40	31.85	37.10	42.50	45.60	61.30	73.90	94.00	
01381400	0107	19960107	20150107	20	28.09	17.67	5.00	68.00		5.05	6.26	8.04	10.40	12.25	14.50	18.70	21.20	24.80	28.00	29.55	31.20	33.95	36.40	38.50	41.40	46.25	59.60	67.65	
01381400	0108	19960108	20150108	20	39.23	43.23	4.60	179.00		4.64	5.61	8.18	12.00	12.50	14.60	17.05	19.40	20.90	23.50	27.20	31.40	35.60	37.70	48.50	64.00	71.25	115.20	176.05	
01381400	0109	19960109	20150109	20	33.83	32.47	4.90	150.00		5.04	8.13	12.15	13.20	14.50	16.30	17.70	19.40	21.80	24.00	26.75	32.60	35.65	36.70	40.00	41.80	58.15	72.70	146.20	
01381400	0110	19960110	20150110	20	29.52	20.07	4.90	91.00		5.04	8.04	12.00	12.40	14.75	17.30	18.70	20.40	21.90	25.50	29.65	31.60	32.65	35.10	39.00	46.40	50.55	51.00	89.00	
01381400	0111	19960111	20150111	20	30.58	21.64	7.60	86.00		7.67	9.20	11.15	12.40	14.25	15.60	18.40	21.40	22.45	26.00	29.55	32.40	34.65	35.70	37.50	43.60	45.00	78.30	85.80	
01381400	0112	19960112	20150112	20	37.25	30.32	9.00	122.00		9.01	9.26	9.98	12.40	18.25	19.30	20.70	23.60	26.90	28.50	32.30	35.00	35.65	36.70	42.25	56.80	77.00	93.50	120.65	
01381400	0113	19960113	20150113	20	23.79	12.96	7.60	54.00		7.62	8.12	9.32	11.20	16.25	17.30	18.00	18.80	20.00	20.00	22.20	24.00	24.00	25.40	30.50	39.20	42.70	43.90	53.50	
01381400	0114	19960114	20140114	19	27.98	25.09	6.00	116.00		6.00	8.00	8.60	10.00	16.00	16.00	17.00	18.00	21.00	22.00	23.00	23.00	28.00	30.00	31.00	34.00	43.00	61.00	116.00	
01381400	0115	19960115	20140115	19	26.96	18.44	5.70	81.00		5.70	8.50	16.00	16.00	16.00	17.00	19.00	19.00	19.00	20.00	23.00	25.00	25.00	27.00	29.00	41.00	43.00	62.00	81.00	
01381400	0116	19960116	20140116	19	30.64	23.02	5.70	95.00		5.70	8.50	14.00	16.00	16.00	17.00	18.00	19.00	20.00	22.00	23.00	28.00	33.00	39.00	39.00	43.00	48.00	78.00	95.00	
01381400	0117	19960117	20140117	19	24.86	13.81	5.40	65.00		5.40	8.00	15.00	16.00	16.00	17.00	17.00	17.00	18.00	20.00	26.00	27.00	30.00	31.00	31.00	33.00	37.00	43.00	65.00	
01381400	0118	19960118	20140118	19	36.32	34.71	5.10	135.00		5.10	12.00	15.00	17.00	18.00	19.00	20.00	20.00	21.00	27.00	27.00	30.00	32.00	37.00	37.00	45.00	49.00	124.00	135.00	
01381400	0119	19960119	20140119	19	45.92	59.16	5.50	240.00		5.50	15.00	16.00	16.00	17.00	18.00	23.00	23.00	25.00	25.00	26.00	29.00	30.00	34.00	34.00	38.00	95.00	163.00	240.00	
01381400	0120	19960120	20140120	19	40.58	73.55	6.10	340.00		6.10	15.00	15.00	15.00	16.00	16.00	19.00	20.00	20.00	20.00	22.00	23.00	23.00	26.00	32.00	36.00	51.00	56.00	340.00	
01381400	0121	19960121	20140121	19	23.21	16.00	4.90	75.00		4.90	13.00	13.00	13.00	14.00	14.00	16.00	17.00	17.00	18.00	20.00	20.00	23.00	24.00	28.00	29.00	30.00	52.00	75.00	
01381400	0122	19960122	20140122	19	21.94	10.75	4.80	46.00		4.80	13.00	13.00	13.00	13.00	14.00	15.00	16.00	17.00	19.00	22.00	25.00	25.00	28.00	28.00	29.00	33.00	43.00	46.00	
01381400	0123	19960123	20140123	19	25.06	16.40	5.10	66.00		5.10	12.00	12.00	12.00	12.00	14.00	16.00	16.00	16.00	17.00	20.00	27.00	28.00	32.00	33.00	35.00	50.00	53.00	66.00	
01381400	0124	19960124	20140124	19	41.47	48.96	12.00	193.00		12.00	12.00	12.00	13.00	14.00	14.00	15.00	15.00	16.00	17.00	18.00	26.00	27.00	29.00	63.00	77.00	85.00	130.00	193.00	
01381400	0125	19960125	20140125	19	55.47	73.46	11.00	255.00		11.00	12.00	12.00	13.00	13.00	14.00	14.00	15.00	15.00	21.00	26.00	27.00	35.00	50.00	67.00	79.00	153.00	222.00	255.00	
01381400	0126	19960126	20140126	19	31.71	31.43	7.50	139.00		7.50	11.00	12.00	13.00	13.00	14.00	14.00	15.00	16.00	19.00	23.00	26.00	30.00	31.00	42.00	43.00	64.00	70.00	139.00	
01381400	0127	19960127	20140127	19	32.96	41.59	6.20	192.00		6.20	12.00	12.00	13.00	13.00	13.00	14.00	16.00	19.00	19.00	22.00	23.00	24.00	36.00	37.00	38.00	45.00	72.00	192.00	
01381400	0128	19960128	20140128	19	36.30	44.17	5.70	168.00		5.70	12.00	12.00	13.00	14.00	14.00	18.00	18.00	20.00	20.00	23.00	24.00	27.00	36.00	38.00	38.00	41.00	148.00	168.00	
01381400	0129	19960129	20140129	19	29.18	23.63	5.50	100.00		5.50	12.00	12.00	13.00	14.00	15.00	17.00	17.00	19.00	23.00	24.00	29.00	30.00	33.00	33.00	39.00	40.00	79.00	100.00	
01381400	0130	19960130	20140130	19	26.28	18.17	5.40	86.00		5.40	12.00	12.00	14.00	15.00	16.00	18.00	19.00	20.00	20.00	22.00	23.00	27.00	31.00	31.00	36.00	45.00	47.00	86.00	
01381400	0131	19960131	20140131	19	32.35	35.60	5.70	163.00		5.70	11.00	12.00	12.00	13.00	14.00	15.00	18.00	20.00	21.00	22.00	26.00	29.00	30.00	38.00	42.00	50.00	73.00	163.00	
01381400	0201	19960201	20140201	19	27.21	16.22	10.00	65.00		10.00	12.00	13.00	13.00	15.00	16.00	17.00	18.00	20.00	21.00	27.00	27.00	27.00	34.00	34.00	40.00	46.00	62.00	65.00	
01381400	0202	19960202	20140202	19	32.47	29.88	11.00	135.00		11.00	12.00	12.00	14.00	17.00	18.00	19.00	21.00	21.00	24.00	24.00	25.00	25.00	29.00	32.00	41.00	62.00	75.00	135.00	
01381400	0203	19960203	20140203	19	28.98	17.63	6.60	66.00		6.60	11.00	14.00	15.00	16.00	19.00	19.00	21.00	23.00	24.00	25.00	26.00	32.00	33.00	34.00	41.00	59.00	66.00	66.00	
01381400	0204	19960204	20140204	19	25.05	14.25	5.90	55.00		5.90	11.00	12.00	14.00	16.00	18.00	20.00	20.00	20.00	23.00	23.00	24.00	24.00	24.00	24.00	36.00	53.00	53.00	55.00	
01381400	0205	19960205	20140205	19	30.41	29.38	5.80	132.00		5.80	10.00	14.00	15.00	15.00	16.00	17.00	18.00	20.00	21.00	22.00	22.00	23.00	27.00	28.00	46.00	55.00	71.00	132.00	
01381400	0206	19960206	20140206	19	29.08	20.38	6.50	87.00		6.50	11.00	13.00	14.00	14.00	15.00	16.00	19.00	22.00	22.00	23.00	29.00	32.00	36.00	37.00	43.00	48.00	65.00	87.00	
01381400	0207	19960207	20140207	19	28.42	29.09	4.90	140.00		4.90	10.00	12.00	14.00	14.00	14.00	14.00	15.00	21.00	21.00	24.00	26.00	28.00	29.00	31.00	37.00	42.00	43.00	140.00	
01381400	0208	19960208	20140208	19	23.70	12.19	4.80	49.00		4.80	9.50	12.00	12.00	14.00	15.00	15.00	20.00	20.00	22.00	23.00	24.00	25.00	32.00	36.00	38.00	39.00	40.00	49.00	
01381400	0209	19960209	20140209	19	21.91	11.39	4.50	53.00		4.50	9.80	11.00	12.00	13.00	15.00	16.00	19.00	20.00	20.00	22.00	22.00	23.00	26.00	26.00	34.00	34.00	36.00	53.00	
01381400	0210	19960210	20140210	19	23.68	13.53	4.90	51.00		4.90	10.00	11.00	12.00	13.00	14.00	15.00	19.00	20.00	20.00	21.00	22.00	23.00	33.00	33.00	34.00	47.00	47.00	51.00	
01381400	0211	19960211	20140211	19	23.42	11.08	10.00	52.00		10.00	12.00	12.00	12.00	14.00	15.00	19.00	20.00	20.00	20.00	22.00	23.00	27.00	29.00	30.00	32.00	35.00	41.00	52.00	
01381400	0212	19960212	20140212	19	25.21	16.52	5.90	80.00		5.90	12.00	12.00	13.00	14.00	15.00	18.00	19.00	19.00	20.00	23.00	25.00	29.00	29.00	29.00	35.00	36.00	45.00	80.00	
01381400	0213	19960213	20140213	19	38.14	72.24	5.60	334.00		5.60	11.00	12.00	13.00	14.00	17.00	18.00	19.00	21.00	21.00	22.00	24.00	25.00	28.00	29.00	33.00	34.00	44.00	334.00	
01381400	0214	19960214	20140214	19	36.58	42.33	5.10	179.00		5.10	12.00	13.00	15.00	16.00	17.00	18.00	18.00	19.00	22.00	25.00	27.00	29.00	31.00	37.00	43.00	50.00	119.00	179.00	
01381400	0215	19960215	20140215	19	36.23	36.05	5.30	154.00		5.30	12.00	14.00	14.00	15.00	18.00	18.00	18.00	20.00	23.00	25.00	27.00	30.00	33.00	37.00	67.00	68.00	90.00	154.00	
01381400	0216	19960216	20140216	19	26.35	14.84	4.60	56.00		4.60	10.00	12.00	13.00	14.00	15.00	19.00	19.00	20.00	22.00	27.00	28.00	29.00	34.00	40.00	41.00	43.00	54.00	56.00	
01381400	0217	19960217	20140217	19	26.82	15.18	4.50	58.00		4.50	10.00	13.00	13.00	14.00	18.00	18.00	20.00	21.00	22.00	24.00	30.00	31.00	32.00	35.00	46.00	47.00	53.00	58.00	
01381400	0218	19960218	20140218	19	39.64	41.63	4.20	161.00		4.20	11.00	14.00	14.00	16.00	17.00	18.00	23.00	26.00	28.00	30.00	30.00	34.00	37.00	44.00	46.00	59.00	141.00	161.00	
01381400	0219	19960219	20140219	19	30.96	21.21	4.20	84.00		4.20	14.00	15.00	17.00	18.00	22.00	23.00	23.00	24.00	25.00	25.00	27.00	28.00	30.00	33.00	39.00	54.00	83.00	84.00	
01381400	0220	19960220	20140220	19	25.28	11.37	4.30	52.00		4.30	13.00	16.00	17.00	18.00	19.00	20.00	22.00	24.00	25.00	26.00	26.00	27.00	27.00	30.00	31.00	33.00	50.00	52.00	
01381400	0221	19960221	20140221	19	29.47	23.07	11.00	116.00		11.00	14.00	16.00	17.00	17.00	18.00	18.00	19.00	19.00	24.00	24.00	30.00	30.00	31.00	32.00	36.00	43.00	45.00	116.00	
01381400	0222	19960222	20140222	19	33.51	27.77	5.70	118.00		5.70	14.00	16.00	16.00	16.00	16.00	19.00	24.00	25.00	26.00	28.00	29.00	32.00	34.00	37.00	42.00	45.00	94.00	118.00	
01381400	0223	19960223	20140223	19	43.63	65.84	5.00	308.00		5.00	13.00	16.00	16.00	18.00	19.00	25.00	26.00	27.00	30.00	31.00	31.00	31.00	34.00	39.00	39.00	43.00	78.00	308.00	
01381400	0224	19960224	20140224	19	46.72	49.44	4.60	179.00		4.60	12.00	13.00	15.00	18.00	22.00	23.00	24.00	24.00	27.00	27.00	30.00	36.00	39.00	43.00	97.00	98.00	156.00	179.00	
01381400	0225	19960225	20140225	19	41.76	37.25	4.50	148.00		4.50	12.00	13.00	17.00	20.00	21.00	23.00	24.00	26.00	27.00	28.00	39.00	42.00	42.00	50.00	65.00	71.00	121.00	148.00	
01381400	0226	19960226	20140226	19	34.13	23.55	4.40	88.00		4.40	12.00	13.00	16.00	17.00	19.00	20.00	22.00	23.00	25.00	26.00	30.00	44.00	46.00	47.00	53.00	61.00	82.00	88.00	
01381400	0227	19960227	20140227	19	32.18	20.19	4.40	79.00		4.40	13.00	13.00	15.00	19.00	19.00	20.00	23.00	24.00	25.00	25.00	32.00	37.00	39.00	48.00	52.00	55.00	69.00	79.00	
01381400	0228	19960228	20140228	19	32.32	17.76	4.10	76.00		4.10	15.00	15.00	19.00	20.00	22.00	23.00	24.00	24.00	25.00	28.00	34.00	39.00	43.00	46.00	48.00	49.00	60.00	76.00	
01381400	0229	19960229	20120229	5	31.80	9.20	19.00	42.00					20.40	22.50	24.60	26.90	29.60	32.30	35.00	35.60	36.20	36.80	38.00	39.50	41.00				
01381400	0301	19960301	20140301	19	30.31	15.33	3.90	72.00		3.90	13.00	18.00	18.00	20.00	24.00	26.00	26.00	26.00	26.00	28.00	31.00	32.00	33.00	38.00	41.00	48.00	52.00	72.00	
01381400	0302	19960302	20140302	19	51.21	91.46	3.90	421.00		3.90	13.00	17.00	19.00	19.00	23.00	23.00	26.00	30.00	30.00	30.00	32.00	33.00	37.00	37.00	39.00	44.00	96.00	421.00	
01381400	0303	19960303	20140303	19	35.95	21.43	13.00	94.00		13.00	15.00	19.00	21.00	22.00	24.00	26.00	27.00	27.00	28.00	31.00	33.00	37.00	38.00	43.00	43.00	62.00	80.00	94.00	
01381400	0304	19960304	20140304	19	31.00	16.96	12.00	87.00		12.00	14.00	17.00	19.00	20.00	20.00	21.00	24.00	25.00	28.00	31.00	33.00	34.00	36.00	37.00	38.00	44.00	49.00	87.00	
01381400	0305	19960305	20140305	19	33.74	32.12	10.00	159.00		10.00	13.00	14.00	17.00	18.00	18.00	21.00	24.00	25.00	27.00	30.00	33.00	33.00	33.00	36.00	40.00	41.00	49.00	159.00	
01381400	0306	19960306	20140306	19	38.03	28.90	8.60	121.00		8.60	13.00	15.00	15.00	17.00	18.00	21.00	23.00	26.00	31.00	34.00	36.00	36.00	38.00	53.00	60.00	74.00	83.00	121.00	
01381400	0307	19960307	20140307	19	50.42	90.27	8.00	415.00		8.00	11.00	15.00	17.00	17.00	18.00	21.00	22.00	27.00	28.00	32.00	32.00	33.00	35.00	38.00	41.00	57.00	91.00	415.00	
01381400	0308	19960308	20140308	19	42.02	48.16	7.30	226.00		7.30	15.00	16.00	16.00	17.00	21.00	22.00	22.00	24.00	27.00	33.00	35.00	37.00	39.00	48.00	50.00	62.00	81.00	226.00	
01381400	0309	19960309	20140309	19	42.47	42.70	7.00	184.00		7.00	17.00	18.00	19.00	20.00	21.00	22.00	22.00	23.00	24.00	34.00	38.00	38.00	40.00	49.00	50.00	56.00	125.00	184.00	
01381400	0310	19960310	20140310	19	37.19	27.46	9.70	121.00		9.70	15.00	15.00	19.00	20.00	20.00	22.00	23.00	26.00	28.00	35.00	35.00	36.00	38.00	42.00	50.00	72.00	80.00	121.00	
01381400	0311	19960311	20140311	19	51.58	92.90	7.00	430.00		7.00	14.00	14.00	17.00	18.00	21.00	22.00	27.00	29.00	30.00	33.00	34.00	37.00	38.00	41.00	48.00	48.00	72.00	430.00	
01381400	0312	19960312	20140312	19	41.07	29.81	6.40	125.00		6.40	13.00	14.00	19.00	20.00	24.00	25.00	26.00	28.00	33.00	35.00	36.00	39.00	45.00	66.00	69.00	78.00	79.00	125.00	
01381400	0313	19960313	20140313	19	54.06	63.19	7.20	288.00		7.20	12.00	14.00	18.00	19.00	23.00	24.00	24.00	25.00	34.00	37.00	48.00	50.00	59.00	70.00	82.00	94.00	99.00	288.00	
01381400	0314	19960314	20140314	19	85.12	220.49	7.30	992.00		7.30	12.00	14.00	18.00	19.00	23.00	24.00	26.00	28.00	28.00	31.00	38.00	48.00	50.00	55.00	63.00	64.00	77.00	992.00	
01381400	0315	19960315	20140315	19	46.81	50.38	6.40	209.00		6.40	12.00	13.00	15.00	23.00	23.00	26.00	27.00	30.00	33.00	34.00	35.00	44.00	46.00	49.00	54.00	56.00	154.00	209.00	
01381400	0316	19960316	20140316	19	41.33	34.72	6.30	161.00		6.30	12.00	13.00	14.00	23.00	25.00	26.00	26.00	31.00	32.00	32.00	41.00	42.00	46.00	53.00	56.00	72.00	74.00	161.00	
01381400	0317	19960317	20140317	19	41.26	30.25	5.90	123.00		5.90	12.00	13.00	14.00	22.00	24.00	25.00	30.00	31.00	34.00	37.00	40.00	45.00	46.00	50.00	53.00	89.00	90.00	123.00	
01381400	0318	19960318	20140318	19	35.58	21.44	12.00	98.00		12.00	13.00	13.00	15.00	22.00	22.00	23.00	27.00	30.00	36.00	37.00	37.00	42.00	42.00	43.00	44.00	47.00	73.00	98.00	
01381400	0319	19960319	20140319	19	39.42	27.32	12.00	119.00		12.00	13.00	13.00	14.00	22.00	24.00	25.00	27.00	33.00	35.00	38.00	38.00	40.00	40.00	47.00	51.00	76.00	82.00	119.00	
01381400	0320	19960320	20140320	19	52.79	39.77	12.00	138.00		12.00	12.00	13.00	21.00	26.00	30.00	35.00	35.00	38.00	38.00	40.00	48.00	54.00	60.00	70.00	72.00	130.00	131.00	138.00	
01381400	0321	19960321	20140321	19	51.11	45.80	11.00	223.00		11.00	12.00	13.00	29.00	29.00	31.00	34.00	35.00	38.00	39.00	45.00	50.00	57.00	60.00	60.00	61.00	63.00	81.00	223.00	
01381400	0322	19960322	20140322	19	63.89	88.08	11.00	405.00		11.00	12.00	13.00	17.00	23.00	26.00	28.00	31.00	33.00	40.00	47.00	48.00	52.00	56.00	74.00	76.00	94.00	128.00	405.00	
01381400	0323	19960323	20140323	19	52.68	57.76	11.00	264.00		11.00	12.00	12.00	12.00	24.00	27.00	28.00	28.00	30.00	31.00	43.00	44.00	54.00	57.00	62.00	66.00	83.00	113.00	264.00	
01381400	0324	19960324	20140324	19	39.21	23.22	11.00	95.00		11.00	11.00	12.00	12.00	23.00	25.00	26.00	27.00	29.00	40.00	42.00	43.00	47.00	49.00	57.00	58.00	69.00	69.00	95.00	
01381400	0325	19960325	20140325	19	34.50	17.44	9.50	71.00		9.50	11.00	12.00	12.00	23.00	24.00	25.00	27.00	30.00	39.00	39.00	40.00	42.00	43.00	44.00	50.00	56.00	58.00	71.00	
01381400	0326	19960326	20140326	19	33.74	16.45	10.00	73.00		10.00	11.00	12.00	13.00	23.00	23.00	24.00	29.00	35.00	37.00	38.00	38.00	41.00	41.00	47.00	48.00	48.00	50.00	73.00	
01381400	0327	19960327	20140327	19	33.00	13.71	11.00	59.00		11.00	12.00	16.00	21.00	21.00	23.00	30.00	31.00	31.00	34.00	36.00	36.00	38.00	39.00	42.00	42.00	46.00	59.00	59.00	
01381400	0328	19960328	20140328	19	37.05	26.50	11.00	127.00		11.00	11.00	12.00	15.00	20.00	23.00	27.00	27.00	33.00	34.00	36.00	36.00	37.00	39.00	42.00	55.00	59.00	60.00	127.00	
01381400	0329	19960329	20140329	19	51.89	67.16	11.00	243.00		11.00	11.00	11.00	16.00	19.00	25.00	26.00	30.00	32.00	32.00	34.00	35.00	36.00	38.00	46.00	52.00	54.00	235.00	243.00	
01381400	0330	19960330	20140330	19	66.37	85.40	10.00	329.00		10.00	11.00	11.00	18.00	22.00	25.00	26.00	26.00	29.00	29.00	33.00	34.00	39.00	57.00	82.00	98.00	138.00	244.00	329.00	
01381400	0331	19960331	20140331	19	53.82	57.32	9.50	244.00		9.50	11.00	13.00	18.00	24.00	27.00	29.00	31.00	33.00	33.00	34.00	36.00	47.00	55.00	59.00	74.00	91.00	154.00	244.00	
01381400	0401	19960401	20140401	19	45.63	37.89	10.00	149.00		10.00	11.00	14.00	16.00	23.00	24.00	27.00	34.00	40.00	41.00	42.00	45.00	45.00	47.00	50.00	51.00	57.00	141.00	149.00	
01381400	0402	19960402	20140402	19	63.14	65.94	8.70	267.00		8.70	10.00	18.00	22.00	22.00	28.00	31.00	33.00	33.00	35.00	37.00	41.00	49.00	51.00	101.00	112.00	147.00	154.00	267.00	
01381400	0403	19960403	20140403	19	54.68	71.54	10.00	333.00		10.00	11.00	13.00	16.00	22.00	28.00	29.00	29.00	29.00	30.00	37.00	42.00	45.00	51.00	67.00	77.00	78.00	92.00	333.00	
01381400	0404	19960404	20140404	19	45.37	28.63	12.00	134.00		12.00	12.00	16.00	18.00	29.00	29.00	29.00	40.00	41.00	43.00	43.00	47.00	50.00	52.00	56.00	61.00	72.00	78.00	134.00	
01381400	0405	19960405	20140405	19	37.34	22.02	8.50	101.00		8.50	11.00	14.00	15.00	23.00	26.00	27.00	30.00	32.00	36.00	39.00	40.00	44.00	45.00	48.00	49.00	52.00	69.00	101.00	
01381400	0406	19960406	20140406	19	32.69	18.14	8.10	81.00		8.10	10.00	13.00	14.00	23.00	25.00	26.00	26.00	28.00	29.00	29.00	34.00	38.00	39.00	41.00	46.00	49.00	62.00	81.00	
01381400	0407	19960407	20140407	19	31.38	16.29	7.40	68.00		7.40	9.90	11.00	14.00	23.00	23.00	24.00	26.00	26.00	26.00	33.00	35.00	36.00	38.00	43.00	47.00	51.00	55.00	68.00	
01381400	0408	19960408	20140408	19	36.43	26.06	7.20	118.00		7.20	10.00	14.00	19.00	22.00	24.00	24.00	25.00	25.00	27.00	31.00	35.00	41.00	41.00	42.00	50.00	68.00	69.00	118.00	
01381400	0409	19960409	20140409	19	33.91	17.43	7.30	64.00		7.30	11.00	14.00	17.00	23.00	23.00	25.00	27.00	27.00	31.00	32.00	37.00	38.00	41.00	52.00	54.00	60.00	61.00	64.00	
01381400	0410	19960410	20140410	19	45.11	60.45	8.00	284.00		8.00	10.00	15.00	16.00	17.00	22.00	23.00	23.00	25.00	27.00	31.00	36.00	40.00	45.00	49.00	53.00	65.00	68.00	284.00	
01381400	0411	19960411	20140411	19	32.42	19.51	6.90	90.00		6.90	10.00	16.00	20.00	21.00	22.00	22.00	25.00	25.00	26.00	29.00	31.00	35.00	39.00	40.00	47.00	50.00	61.00	90.00	
01381400	0412	19960412	20140412	19	38.41	22.14	6.90	94.00		6.90	9.90	15.00	18.00	23.00	26.00	28.00	32.00	34.00	37.00	41.00	42.00	43.00	43.00	48.00	50.00	60.00	79.00	94.00	
01381400	0413	19960413	20140413	19	43.96	35.32	7.50	146.00		7.50	9.70	15.00	15.00	22.00	23.00	25.00	27.00	28.00	35.00	37.00	41.00	47.00	51.00	54.00	60.00	90.00	102.00	146.00	
01381400	0414	19960414	20140414	19	33.82	23.27	9.50	114.00		9.50	15.00	16.00	16.00	17.00	20.00	21.00	24.00	26.00	29.00	32.00	33.00	38.00	41.00	42.00	46.00	50.00	53.00	114.00	
01381400	0415	19960415	20140415	19	57.41	107.76	9.70	497.00		9.70	14.00	17.00	19.00	21.00	22.00	24.00	27.00	29.00	31.00	31.00	35.00	38.00	38.00	46.00	53.00	69.00	70.00	497.00	
01381400	0416	19960416	20140416	19	76.34	148.33	9.50	662.00		9.50	12.00	14.00	14.00	17.00	18.00	26.00	27.00	29.00	31.00	33.00	38.00	39.00	42.00	47.00	80.00	134.00	178.00	662.00	
01381400	0417	19960417	20140417	19	64.74	113.90	9.10	509.00		9.10	10.00	13.00	14.00	15.00	17.00	28.00	30.00	32.00	32.00	35.00	36.00	38.00	39.00	50.00	50.00	109.00	164.00	509.00	
01381400	0418	19960418	20140418	19	38.10	28.69	8.10	109.00		8.10	8.80	13.00	13.00	15.00	17.00	24.00	30.00	31.00	34.00	35.00	36.00	39.00	46.00	46.00	47.00	68.00	104.00	109.00	
01381400	0419	19960419	20140419	19	33.74	21.54	9.10	83.00		9.10	13.00	14.00	14.00	17.00	20.00	21.00	27.00	28.00	29.00	32.00	32.00	33.00	35.00	45.00	47.00	59.00	83.00	83.00	
01381400	0420	19960420	20140420	19	36.20	21.07	8.80	75.00		8.80	13.00	15.00	16.00	24.00	26.00	29.00	29.00	30.00	30.00	31.00	31.00	32.00	33.00	55.00	65.00	71.00	74.00	75.00	
01381400	0421	19960421	20140421	19	31.21	15.85	8.90	64.00		8.90	12.00	12.00	16.00	21.00	25.00	26.00	27.00	28.00	28.00	29.00	30.00	30.00	32.00	43.00	48.00	51.00	62.00	64.00	
01381400	0422	19960422	20140422	19	32.11	17.05	14.00	81.00		14.00	15.00	17.00	18.00	22.00	24.00	25.00	25.00	25.00	26.00	27.00	28.00	29.00	38.00	38.00	47.00	55.00	56.00	81.00	
01381400	0423	19960423	20140423	19	40.74	32.30	11.00	124.00		11.00	15.00	17.00	19.00	22.00	25.00	25.00	26.00	27.00	28.00	31.00	32.00	36.00	37.00	46.00	51.00	90.00	112.00	124.00	
01381400	0424	19960424	20140424	19	30.54	16.64	9.20	84.00		9.20	14.00	16.00	17.00	21.00	21.00	24.00	24.00	26.00	29.00	30.00	30.00	31.00	32.00	35.00	44.00	46.00	47.00	84.00	
01381400	0425	19960425	20140425	19	29.32	16.46	13.00	76.00		13.00	15.00	16.00	16.00	18.00	22.00	22.00	23.00	23.00	25.00	26.00	27.00	28.00	28.00	32.00	39.00	44.00	64.00	76.00	
01381400	0426	19960426	20140426	19	35.89	27.14	13.00	117.00		13.00	13.00	15.00	15.00	17.00	21.00	21.00	21.00	22.00	22.00	26.00	39.00	43.00	44.00	45.00	49.00	52.00	87.00	117.00	
01381400	0427	19960427	20140427	19	38.37	32.45	10.00	133.00		10.00	13.00	15.00	15.00	19.00	19.00	20.00	20.00	22.00	25.00	27.00	29.00	34.00	37.00	57.00	66.00	78.00	90.00	133.00	
01381400	0428	19960428	20140428	19	40.16	32.85	12.00	126.00		12.00	14.00	14.00	18.00	18.00	21.00	23.00	24.00	25.00	28.00	33.00	34.00	35.00	37.00	39.00	66.00	90.00	106.00	126.00	
01381400	0429	19960429	20140429	19	39.68	35.76	12.00	140.00		12.00	12.00	15.00	17.00	18.00	20.00	22.00	22.00	24.00	27.00	30.00	31.00	32.00	42.00	47.00	52.00	66.00	125.00	140.00	
01381400	0430	19960430	20140430	19	43.32	62.60	11.00	289.00		11.00	12.00	15.00	16.00	17.00	20.00	21.00	22.00	25.00	27.00	27.00	27.00	29.00	31.00	35.00	43.00	63.00	93.00	289.00	
01381400	0501	19960501	20140501	19	56.11	113.63	13.00	517.00		13.00	14.00	16.00	16.00	17.00	20.00	21.00	24.00	26.00	27.00	28.00	28.00	30.00	32.00	35.00	38.00	56.00	108.00	517.00	
01381400	0502	19960502	20140502	19	36.89	28.78	14.00	114.00		14.00	14.00	16.00	16.00	18.00	19.00	19.00	23.00	23.00	24.00	24.00	25.00	29.00	49.00	52.00	57.00	73.00	92.00	114.00	
01381400	0503	19960503	20140503	19	42.74	38.86	13.00	170.00		13.00	13.00	15.00	16.00	16.00	18.00	22.00	22.00	23.00	37.00	41.00	42.00	42.00	43.00	48.00	49.00	77.00	105.00	170.00	
01381400	0504	19960504	20140504	19	34.58	23.06	13.00	91.00		13.00	15.00	17.00	17.00	18.00	18.00	20.00	20.00	20.00	21.00	23.00	34.00	37.00	45.00	48.00	64.00	65.00	71.00	91.00	
01381400	0505	19960505	20140505	19	27.74	14.11	12.00	55.00		12.00	14.00	15.00	15.00	17.00	18.00	18.00	19.00	20.00	20.00	21.00	30.00	31.00	38.00	41.00	45.00	45.00	53.00	55.00	
01381400	0506	19960506	20140506	19	28.68	15.62	12.00	61.00		12.00	14.00	14.00	14.00	16.00	16.00	18.00	18.00	19.00	21.00	28.00	29.00	33.00	39.00	43.00	47.00	49.00	54.00	61.00	
01381400	0507	19960507	20140507	19	32.63	34.36	12.00	166.00		12.00	13.00	13.00	13.00	16.00	16.00	17.00	17.00	18.00	20.00	27.00	30.00	34.00	39.00	40.00	41.00	44.00	44.00	166.00	
01381400	0508	19960508	20140508	19	28.89	13.86	13.00	57.00		13.00	13.00	13.00	15.00	16.00	18.00	18.00	21.00	26.00	26.00	30.00	30.00	35.00	37.00	41.00	43.00	46.00	51.00	57.00	
01381400	0509	19960509	20140509	19	32.42	21.63	13.00	108.00		13.00	16.00	17.00	17.00	17.00	18.00	18.00	24.00	25.00	26.00	26.00	33.00	37.00	42.00	43.00	45.00	45.00	46.00	108.00	
01381400	0510	19960510	20140510	19	34.63	38.67	13.00	184.00		13.00	15.00	16.00	16.00	16.00	17.00	19.00	22.00	22.00	24.00	25.00	25.00	26.00	31.00	35.00	39.00	41.00	72.00	184.00	
01381400	0511	19960511	20140511	19	35.84	41.66	12.00	193.00		12.00	13.00	13.00	14.00	15.00	16.00	20.00	21.00	22.00	24.00	25.00	27.00	29.00	34.00	35.00	39.00	43.00	86.00	193.00	
01381400	0512	19960512	20140512	19	42.37	49.30	11.00	207.00		11.00	13.00	14.00	15.00	17.00	19.00	19.00	21.00	23.00	26.00	27.00	29.00	32.00	32.00	34.00	42.00	110.00	114.00	207.00	
01381400	0513	19960513	20140513	19	29.74	24.06	11.00	120.00		11.00	12.00	14.00	16.00	18.00	18.00	19.00	20.00	22.00	23.00	25.00	29.00	30.00	30.00	31.00	35.00	46.00	46.00	120.00	
01381400	0514	19960514	20140514	19	32.00	34.51	11.00	155.00		11.00	12.00	12.00	14.00	16.00	16.00	17.00	18.00	21.00	21.00	25.00	25.00	26.00	28.00	30.00	32.00	39.00	90.00	155.00	
01381400	0515	19960515	20140515	19	27.32	17.12	12.00	75.00		12.00	12.00	14.00	15.00	16.00	17.00	19.00	20.00	20.00	20.00	22.00	24.00	28.00	28.00	34.00	37.00	42.00	64.00	75.00	
01381400	0516	19960516	20140516	19	40.32	49.64	11.00	234.00		11.00	12.00	14.00	16.00	17.00	17.00	17.00	20.00	23.00	24.00	27.00	36.00	37.00	42.00	43.00	53.00	59.00	64.00	234.00	
01381400	0517	19960517	20140517	19	33.58	27.83	11.00	124.00		11.00	13.00	13.00	15.00	15.00	16.00	18.00	19.00	20.00	24.00	24.00	27.00	29.00	40.00	51.00	54.00	56.00	69.00	124.00	
01381400	0518	19960518	20140518	19	34.84	36.19	11.00	166.00		11.00	12.00	13.00	14.00	14.00	15.00	18.00	20.00	23.00	24.00	26.00	27.00	28.00	31.00	41.00	47.00	51.00	81.00	166.00	
01381400	0519	19960519	20140519	19	39.16	41.77	11.00	189.00		11.00	12.00	13.00	15.00	16.00	19.00	23.00	24.00	25.00	28.00	29.00	30.00	32.00	38.00	40.00	46.00	52.00	102.00	189.00	
01381400	0520	19960520	20140520	19	30.42	21.45	11.00	88.00		11.00	12.00	14.00	15.00	15.00	21.00	21.00	22.00	23.00	23.00	24.00	24.00	28.00	30.00	35.00	42.00	49.00	81.00	88.00	
01381400	0521	19960521	20140521	19	27.58	16.90	13.00	75.00		13.00	14.00	15.00	16.00	16.00	18.00	18.00	19.00	20.00	21.00	21.00	21.00	28.00	32.00	32.00	39.00	44.00	62.00	75.00	
01381400	0522	19960522	20140522	19	25.68	13.00	11.00	58.00		11.00	13.00	13.00	14.00	16.00	17.00	17.00	19.00	20.00	20.00	22.00	26.00	30.00	31.00	35.00	38.00	44.00	44.00	58.00	
01381400	0523	19960523	20140523	19	29.89	21.74	11.00	102.00		11.00	12.00	13.00	16.00	17.00	17.00	18.00	19.00	19.00	20.00	24.00	30.00	30.00	33.00	38.00	46.00	47.00	56.00	102.00	
01381400	0524	19960524	20140524	19	43.84	48.88	12.00	188.00		12.00	13.00	16.00	17.00	17.00	17.00	18.00	19.00	20.00	23.00	27.00	28.00	31.00	33.00	49.00	70.00	81.00	154.00	188.00	
01381400	0525	19960525	20140525	19	27.16	15.49	13.00	68.00		13.00	15.00	15.00	15.00	16.00	16.00	16.00	16.00	19.00	20.00	25.00	25.00	29.00	34.00	36.00	39.00	42.00	57.00	68.00	
01381400	0526	19960526	20140526	19	27.63	18.92	12.00	93.00		12.00	14.00	15.00	15.00	15.00	15.00	16.00	20.00	20.00	21.00	22.00	24.00	30.00	31.00	35.00	37.00	44.00	46.00	93.00	
01381400	0527	19960527	20140527	19	26.42	18.24	12.00	89.00		12.00	12.00	14.00	15.00	15.00	16.00	16.00	17.00	19.00	20.00	24.00	26.00	26.00	27.00	27.00	37.00	41.00	49.00	89.00	
01381400	0528	19960528	20140528	19	22.11	8.96	12.00	43.00		12.00	12.00	14.00	14.00	15.00	15.00	15.00	16.00	18.00	22.00	24.00	24.00	25.00	25.00	25.00	29.00	35.00	37.00	43.00	
01381400	0529	19960529	20140529	19	20.21	7.25	13.00	38.00		13.00	13.00	13.00	14.00	14.00	14.00	14.00	16.00	17.00	20.00	21.00	22.00	22.00	23.00	23.00	26.00	27.00	34.00	38.00	
01381400	0530	19960530	20140530	19	19.79	9.26	11.00	51.00		11.00	12.00	13.00	13.00	13.00	13.00	14.00	14.00	16.00	18.00	21.00	21.00	22.00	22.00	23.00	25.00	25.00	29.00	51.00	
01381400	0531	19960531	20140531	19	17.95	6.56	11.00	35.00		11.00	12.00	13.00	13.00	13.00	13.00	13.00	15.00	15.00	15.00	17.00	19.00	20.00	20.00	21.00	21.00	23.00	32.00	35.00	
01381400	0601	19960601	20140601	19	29.95	49.79	10.00	233.00		10.00	11.00	12.00	13.00	13.00	13.00	14.00	15.00	16.00	18.00	18.00	19.00	19.00	20.00	27.00	28.00	28.00	42.00	233.00	
01381400	0602	19960602	20140602	19	38.39	49.34	8.50	184.00		8.50	10.00	11.00	12.00	12.00	13.00	13.00	14.00	17.00	19.00	19.00	23.00	23.00	25.00	46.00	49.00	77.00	154.00	184.00	
01381400	0603	19960603	20140603	19	30.06	27.83	8.10	120.00		8.10	10.00	11.00	12.00	12.00	13.00	16.00	18.00	20.00	21.00	21.00	23.00	29.00	30.00	33.00	39.00	60.00	75.00	120.00	
01381400	0604	19960604	20140604	19	34.13	34.18	7.50	151.00		7.50	11.00	15.00	15.00	16.00	16.00	17.00	18.00	19.00	19.00	20.00	28.00	29.00	30.00	44.00	51.00	58.00	84.00	151.00	
01381400	0605	19960605	20140605	19	28.28	30.29	7.30	134.00		7.30	10.00	11.00	12.00	13.00	16.00	16.00	17.00	17.00	17.00	20.00	23.00	25.00	25.00	26.00	29.00	37.00	82.00	134.00	
01381400	0606	19960606	20140606	19	22.79	14.54	7.10	62.00		7.10	10.00	11.00	11.00	13.00	15.00	16.00	16.00	17.00	19.00	20.00	21.00	21.00	22.00	26.00	36.00	38.00	52.00	62.00	
01381400	0607	19960607	20140607	19	35.79	41.63	7.00	149.00		7.00	10.00	11.00	12.00	13.00	13.00	16.00	17.00	17.00	19.00	19.00	19.00	21.00	21.00	43.00	57.00	82.00	134.00	149.00	
01381400	0608	19960608	20140608	19	45.86	101.05	6.70	449.00		6.70	9.70	9.90	11.00	12.00	12.00	13.00	14.00	15.00	17.00	18.00	18.00	18.00	19.00	24.00	30.00	52.00	123.00	449.00	
01381400	0609	19960609	20140609	19	28.41	30.79	6.50	132.00		6.50	9.20	11.00	12.00	12.00	14.00	14.00	16.00	17.00	17.00	17.00	18.00	18.00	19.00	26.00	48.00	60.00	73.00	132.00	
01381400	0610	19960610	20140610	19	23.05	15.03	6.40	67.00		6.40	9.50	12.00	12.00	14.00	15.00	17.00	17.00	17.00	17.00	19.00	20.00	21.00	23.00	26.00	38.00	39.00	48.00	67.00	
01381400	0611	19960611	20140611	19	32.92	43.57	6.40	158.00		6.40	12.00	12.00	13.00	13.00	14.00	14.00	15.00	15.00	16.00	16.00	19.00	20.00	28.00	28.00	33.00	43.00	150.00	158.00	
01381400	0612	19960612	20140612	19	29.43	28.25	6.30	121.00		6.30	8.80	10.00	11.00	12.00	12.00	12.00	14.00	15.00	18.00	19.00	23.00	34.00	34.00	40.00	43.00	57.00	69.00	121.00	
01381400	0613	19960613	20140613	19	44.03	49.10	6.90	153.00		6.90	8.40	9.30	10.00	11.00	12.00	15.00	16.00	17.00	18.00	18.00	24.00	27.00	71.00	72.00	75.00	122.00	151.00	153.00	
01381400	0614	19960614	20140614	19	48.16	65.24	7.30	264.00		7.30	8.80	10.00	11.00	15.00	15.00	16.00	16.00	18.00	19.00	27.00	29.00	35.00	35.00	43.00	74.00	118.00	154.00	264.00	
01381400	0615	19960615	20140615	19	31.14	27.30	8.20	108.00		8.20	8.40	10.00	11.00	11.00	14.00	15.00	16.00	19.00	24.00	24.00	26.00	32.00	32.00	36.00	50.00	64.00	83.00	108.00	
01381400	0616	19960616	20140616	19	19.80	11.31	6.20	44.00		6.20	9.00	10.00	11.00	12.00	13.00	14.00	15.00	15.00	17.00	17.00	18.00	18.00	21.00	26.00	27.00	41.00	42.00	44.00	
01381400	0617	19960617	20140617	19	25.72	21.06	6.60	83.00		6.60	11.00	11.00	12.00	13.00	14.00	14.00	14.00	16.00	16.00	19.00	20.00	20.00	23.00	38.00	43.00	44.00	71.00	83.00	
01381400	0618	19960618	20140618	19	24.96	23.32	7.50	104.00		7.50	8.70	10.00	12.00	12.00	13.00	14.00	14.00	15.00	16.00	17.00	19.00	24.00	25.00	26.00	29.00	49.00	59.00	104.00	
01381400	0619	19960619	20140619	19	28.14	34.19	6.20	132.00		6.20	8.40	10.00	10.00	10.00	13.00	14.00	14.00	16.00	17.00	17.00	18.00	23.00	24.00	24.00	25.00	41.00	112.00	132.00	
01381400	0620	19960620	20140620	19	19.37	14.02	5.90	57.00		5.90	8.00	8.30	9.90	12.00	12.00	13.00	14.00	15.00	15.00	15.00	15.00	17.00	19.00	20.00	23.00	39.00	50.00	57.00	
01381400	0621	19960621	20140621	19	24.94	36.00	8.00	159.00		8.00	8.00	8.60	9.50	9.70	11.00	12.00	12.00	13.00	13.00	14.00	14.00	15.00	18.00	18.00	21.00	33.00	77.00	159.00	
01381400	0622	19960622	20140622	19	27.66	42.12	6.70	196.00		6.70	8.10	8.90	9.80	11.00	11.00	12.00	12.00	13.00	14.00	17.00	17.00	19.00	27.00	29.00	34.00	39.00	41.00	196.00	
01381400	0623	19960623	20140623	19	20.27	15.08	5.80	70.00		5.80	8.30	8.50	9.60	10.00	11.00	11.00	12.00	12.00	16.00	19.00	19.00	23.00	25.00	27.00	30.00	30.00	38.00	70.00	
01381400	0624	19960624	20140624	19	20.49	15.95	5.40	56.00		5.40	7.50	7.80	8.00	9.30	9.40	11.00	12.00	13.00	13.00	15.00	16.00	18.00	25.00	26.00	40.00	45.00	52.00	56.00	
01381400	0625	19960625	20140625	19	18.22	15.31	5.30	70.00		5.30	7.30	7.50	8.90	9.20	10.00	12.00	12.00	12.00	14.00	15.00	15.00	16.00	19.00	21.00	24.00	24.00	44.00	70.00	
01381400	0626	19960626	20140626	19	17.62	12.59	5.30	57.00		5.30	7.10	8.30	9.10	11.00	11.00	11.00	11.00	13.00	15.00	15.00	15.00	16.00	17.00	21.00	24.00	28.00	40.00	57.00	
01381400	0627	19960627	20140627	19	15.85	9.11	5.10	37.00		5.10	7.80	9.00	9.20	10.00	10.00	11.00	11.00	11.00	12.00	13.00	14.00	15.00	16.00	23.00	26.00	27.00	34.00	37.00	
01381400	0628	19960628	20140628	19	32.05	56.00	5.00	237.00		5.00	8.00	10.00	10.00	10.00	10.00	11.00	11.00	11.00	13.00	13.00	13.00	15.00	19.00	19.00	33.00	39.00	122.00	237.00	
01381400	0629	19960629	20140629	19	16.65	13.83	8.50	68.00		8.50	9.60	9.70	9.70	9.80	10.00	11.00	11.00	11.00	12.00	12.00	13.00	14.00	15.00	15.00	18.00	28.00	31.00	68.00	
01381400	0630	19960630	20140630	19	15.24	9.11	8.00	39.00		8.00	8.20	8.80	8.90	9.20	9.30	9.40	9.80	10.00	11.00	12.00	12.00	14.00	17.00	20.00	22.00	29.00	32.00	39.00	
01381400	0701	19960701	20140701	19	18.76	25.33	6.30	120.00		6.30	7.50	8.00	8.00	8.60	9.10	9.10	9.20	9.60	11.00	11.00	12.00	16.00	17.00	18.00	22.00	27.00	27.00	120.00	
01381400	0702	19960702	20140702	19	20.72	28.56	7.30	123.00		7.30	7.30	7.40	8.40	8.50	8.50	8.60	9.60	10.00	10.00	12.00	12.00	13.00	14.00	16.00	23.00	25.00	70.00	123.00	
01381400	0703	19960703	20140703	19	15.26	12.07	5.60	50.00		5.60	6.80	6.90	7.30	8.30	8.30	9.00	9.50	9.50	9.80	11.00	11.00	12.00	12.00	22.00	24.00	29.00	38.00	50.00	
01381400	0704	19960704	20140704	19	12.69	6.78	5.20	29.00		5.20	6.40	6.60	7.00	8.00	8.60	8.60	9.30	9.40	11.00	11.00	11.00	12.00	15.00	15.00	22.00	23.00	23.00	29.00	
01381400	0705	19960705	20140705	19	16.94	14.91	4.80	61.00		4.80	5.80	6.60	6.60	7.30	8.40	9.00	9.40	10.00	11.00	11.00	14.00	16.00	19.00	21.00	23.00	31.00	47.00	61.00	
01381400	0706	19960706	20140706	19	12.53	9.68	4.40	48.00		4.40	5.50	6.40	7.00	7.40	7.80	8.60	8.70	9.30	10.00	10.00	10.00	11.00	12.00	15.00	18.00	19.00	20.00	48.00	
01381400	0707	19960707	20140707	19	10.68	5.43	4.00	25.00		4.00	5.30	6.80	6.80	6.90	7.60	8.30	8.40	8.80	8.90	9.60	9.80	9.80	10.00	12.00	18.00	18.00	19.00	25.00	
01381400	0708	19960708	20140708	19	12.85	8.08	3.80	38.00		3.80	5.10	6.40	6.40	8.10	8.20	8.40	8.60	8.80	9.40	10.00	13.00	15.00	17.00	19.00	19.00	20.00	20.00	38.00	
01381400	0709	19960709	20140709	19	12.53	5.45	3.90	26.00		3.90	7.80	7.90	8.00	8.10	8.40	9.20	9.30	9.40	11.00	12.00	13.00	16.00	17.00	17.00	17.00	18.00	19.00	26.00	
01381400	0710	19960710	20140710	19	12.12	5.12	4.20	23.00		4.20	7.20	7.60	7.70	8.20	8.60	9.00	9.70	10.00	10.00	11.00	13.00	14.00	15.00	16.00	17.00	17.00	22.00	23.00	
01381400	0711	19960711	20140711	19	12.97	11.55	3.80	56.00		3.80	5.10	7.00	7.40	7.40	7.50	7.60	8.00	8.80	8.80	9.50	9.50	10.00	15.00	16.00	18.00	19.00	22.00	56.00	
01381400	0712	19960712	20140712	19	12.16	7.70	3.70	33.00		3.70	4.80	6.40	6.60	6.90	7.20	7.40	8.30	8.40	9.00	9.40	11.00	11.00	16.00	17.00	20.00	21.00	24.00	33.00	
01381400	0713	19960713	20140713	19	31.69	63.70	3.80	270.00		3.80	4.70	6.10	7.10	7.10	7.10	7.80	8.10	8.60	9.10	9.20	9.50	15.00	15.00	18.00	19.00	59.00	118.00	270.00	
01381400	0714	19960714	20140714	19	18.92	23.21	3.70	100.00		3.70	4.90	5.80	7.00	7.30	7.60	8.30	8.50	8.60	8.80	11.00	14.00	14.00	16.00	21.00	22.00	37.00	54.00	100.00	
01381400	0715	19960715	20140715	19	24.79	41.66	3.70	178.00		3.70	4.80	5.60	6.70	7.00	7.50	7.70	7.70	8.00	8.30	13.00	13.00	14.00	14.00	19.00	20.00	52.00	81.00	178.00	
01381400	0716	19960716	20140716	19	21.03	33.06	3.50	137.00		3.50	4.50	5.40	6.60	6.90	7.30	7.50	7.60	7.80	8.00	8.40	13.00	13.00	13.00	14.00	18.00	39.00	79.00	137.00	
01381400	0717	19960717	20140717	19	12.31	10.32	3.30	46.00		3.30	4.20	5.10	6.50	6.50	6.90	7.30	7.30	7.80	7.90	8.10	11.00	12.00	13.00	15.00	16.00	21.00	29.00	46.00	
01381400	0718	19960718	20140718	19	11.65	6.97	3.10	29.00		3.10	4.40	6.20	6.50	6.90	7.20	7.70	7.80	8.30	8.30	11.00	12.00	12.00	14.00	15.00	16.00	22.00	24.00	29.00	
01381400	0719	19960719	20140719	19	11.05	5.68	3.30	26.00		3.30	6.30	6.60	6.70	6.90	7.10	7.90	8.00	8.30	8.90	10.00	12.00	12.00	13.00	14.00	14.00	18.00	21.00	26.00	
01381400	0720	19960720	20140720	19	9.81	4.50	3.40	23.00		3.40	4.90	6.10	6.10	6.60	6.80	7.50	7.60	7.90	8.60	9.80	11.00	12.00	12.00	12.00	13.00	13.00	15.00	23.00	
01381400	0721	19960721	20140721	19	9.39	4.73	3.40	23.00		3.40	4.50	4.70	5.50	6.10	6.70	6.80	7.20	7.80	8.10	8.80	9.90	10.00	11.00	12.00	13.00	15.00	15.00	23.00	
01381400	0722	19960722	20140722	19	16.36	19.63	3.60	74.00		3.60	4.40	5.40	6.00	6.40	6.40	6.90	7.00	7.20	7.50	10.00	11.00	11.00	12.00	14.00	16.00	48.00	54.00	74.00	
01381400	0723	19960723	20140723	19	33.02	50.01	3.30	186.00		3.30	5.00	5.20	6.20	6.70	6.90	7.30	8.80	8.90	11.00	12.00	12.00	14.00	20.00	37.00	50.00	107.00	120.00	186.00	
01381400	0724	19960724	20140724	19	26.14	37.96	2.80	160.00		2.80	4.90	5.70	6.50	6.50	6.70	7.00	8.20	8.40	11.00	14.00	14.00	16.00	21.00	37.00	39.00	46.00	82.00	160.00	
01381400	0725	19960725	20140725	19	15.52	21.41	2.70	101.00		2.70	4.30	6.10	6.30	6.40	7.30	7.50	8.30	8.90	10.00	11.00	12.00	13.00	14.00	14.00	18.00	21.00	23.00	101.00	
01381400	0726	19960726	20140726	19	12.05	6.91	2.60	29.00		2.60	4.10	5.60	5.90	7.00	7.40	7.60	9.00	9.80	11.00	12.00	12.00	13.00	16.00	17.00	17.00	19.00	24.00	29.00	
01381400	0727	19960727	20140727	19	15.23	20.72	2.30	97.00		2.30	4.20	5.50	5.70	6.10	7.20	7.80	8.50	8.50	8.60	10.00	11.00	14.00	14.00	16.00	16.00	19.00	28.00	97.00	
01381400	0728	19960728	20140728	19	17.39	23.67	2.50	104.00		2.50	4.30	5.70	5.80	6.00	6.50	6.80	7.20	8.60	10.00	12.00	12.00	13.00	15.00	16.00	20.00	23.00	52.00	104.00	
01381400	0729	19960729	20140729	19	17.68	32.12	2.70	148.00		2.70	4.20	4.90	5.60	6.40	6.40	7.40	8.10	8.90	9.40	10.00	11.00	12.00	12.00	15.00	15.00	24.00	25.00	148.00	
01381400	0730	19960730	20140730	19	9.72	5.13	2.80	21.00		2.80	3.80	4.70	5.90	6.10	6.20	6.30	7.20	7.70	8.90	9.10	10.00	10.00	12.00	14.00	14.00	15.00	20.00	21.00	
01381400	0731	19960731	20140731	19	10.29	6.97	2.90	33.00		2.90	3.50	4.60	5.70	6.00	6.10	6.30	6.40	8.00	8.90	9.30	9.90	11.00	12.00	14.00	14.00	15.00	19.00	33.00	
01381400	0801	19960801	20140801	19	10.91	6.67	2.70	27.00		2.70	3.40	4.60	5.60	5.80	5.90	6.20	6.70	7.60	8.70	12.00	12.00	13.00	14.00	15.00	16.00	20.00	21.00	27.00	
01381400	0802	19960802	20140802	19	17.11	33.95	2.20	156.00		2.20	4.50	4.50	5.40	5.50	5.90	6.30	7.30	7.70	8.70	10.00	12.00	13.00	14.00	14.00	14.00	14.00	20.00	156.00	
01381400	0803	19960803	20140803	19	12.74	16.62	1.90	78.00		1.90	4.20	5.30	5.60	5.80	5.90	6.40	7.30	7.40	8.00	9.30	10.00	11.00	11.00	13.00	13.00	13.00	26.00	78.00	
01381400	0804	19960804	20140804	19	13.57	18.86	2.10	89.00		2.10	3.80	4.10	5.20	5.60	6.10	6.10	8.90	9.00	9.90	11.00	11.00	11.00	12.00	12.00	14.00	15.00	22.00	89.00	
01381400	0805	19960805	20140805	19	10.64	10.62	2.20	51.00		2.20	3.70	4.10	5.20	5.40	5.70	6.10	6.20	7.30	8.60	8.70	9.00	10.00	10.00	12.00	13.00	15.00	19.00	51.00	
01381400	0806	19960806	20140806	19	11.02	14.87	2.10	71.00		2.10	3.40	4.30	4.90	5.20	5.90	6.00	6.20	7.10	7.90	8.30	8.40	9.70	9.90	11.00	12.00	12.00	14.00	71.00	
01381400	0807	19960807	20140807	19	8.31	4.48	1.90	21.00		1.90	3.10	4.10	4.80	4.90	5.60	5.60	6.20	7.10	7.90	7.90	9.20	9.60	11.00	11.00	11.00	12.00	14.00	21.00	
01381400	0808	19960808	20140808	19	19.71	48.41	2.50	218.00		2.50	2.90	4.30	4.60	4.90	5.40	5.50	5.60	6.40	7.70	7.70	8.80	9.20	11.00	11.00	12.00	18.00	29.00	218.00	
01381400	0809	19960809	20140809	19	10.47	7.61	2.70	27.00		2.70	3.00	4.60	4.70	4.80	5.10	5.50	5.50	7.40	7.70	8.00	10.00	11.00	11.00	14.00	19.00	24.00	24.00	27.00	
01381400	0810	19960810	20140810	19	15.81	23.87	2.20	110.00		2.20	2.90	4.40	4.60	5.30	7.10	7.60	7.60	9.60	11.00	11.00	11.00	12.00	12.00	13.00	17.00	19.00	33.00	110.00	
01381400	0811	19960811	20140811	19	14.12	11.93	2.90	40.00		2.90	3.60	4.00	4.50	6.90	7.40	7.50	8.20	8.90	9.30	10.00	10.00	11.00	13.00	22.00	27.00	35.00	37.00	40.00	
01381400	0812	19960812	20140812	19	20.19	34.27	2.80	144.00		2.80	3.60	3.80	4.40	5.40	6.10	6.90	7.40	8.00	8.70	8.80	8.80	9.90	10.00	13.00	13.00	57.00	62.00	144.00	
01381400	0813	19960813	20140813	19	15.73	19.39	2.70	86.00		2.70	3.40	3.60	5.00	5.00	5.50	5.80	6.00	7.80	9.00	11.00	11.00	11.00	17.00	18.00	28.00	31.00	32.00	86.00	
01381400	0814	19960814	20140814	19	17.34	27.00	2.60	123.00		2.60	3.50	4.30	5.10	5.60	5.90	7.60	7.80	9.50	9.60	11.00	11.00	12.00	14.00	16.00	20.00	21.00	40.00	123.00	
01381400	0815	19960815	20140815	19	15.44	19.72	2.60	78.00		2.60	4.50	5.10	5.30	5.80	6.00	6.80	7.20	7.30	7.80	8.90	9.10	10.00	10.00	16.00	19.00	25.00	59.00	78.00	
01381400	0816	19960816	20140816	19	10.94	10.12	2.60	45.00		2.60	4.00	4.40	4.70	5.20	5.40	6.60	6.70	7.20	7.50	8.70	8.90	9.30	9.70	12.00	15.00	17.00	28.00	45.00	
01381400	0817	19960817	20140817	19	9.56	5.57	2.50	21.00		2.50	3.10	4.20	5.00	5.10	5.10	5.80	6.30	7.10	8.30	8.90	9.30	11.00	14.00	14.00	15.00	18.00	18.00	21.00	
01381400	0818	19960818	20140818	19	9.58	5.10	2.40	19.00		2.40	2.90	3.70	4.40	5.00	5.90	6.80	8.10	8.80	9.30	9.80	11.00	11.00	12.00	13.00	13.00	17.00	19.00	19.00	
01381400	0819	19960819	20140819	19	9.32	6.70	2.30	33.00		2.30	2.60	4.20	4.90	5.30	5.70	6.20	6.90	8.70	8.70	8.80	8.80	10.00	11.00	11.00	11.00	12.00	16.00	33.00	
01381400	0820	19960820	20140820	19	9.80	7.36	3.10	36.00		3.10	3.80	4.00	4.50	4.70	5.60	6.70	6.80	8.40	9.20	9.40	10.00	10.00	11.00	11.00	11.00	13.00	18.00	36.00	
01381400	0821	19960821	20140821	19	12.73	12.49	2.70	48.00		2.70	3.70	4.40	4.70	4.70	5.20	6.60	7.70	8.00	8.10	9.10	10.00	10.00	12.00	14.00	18.00	23.00	42.00	48.00	
01381400	0822	19960822	20140822	19	14.36	13.88	2.50	55.00		2.50	3.80	4.00	4.50	4.70	4.90	5.90	8.80	9.80	10.00	11.00	11.00	12.00	13.00	19.00	25.00	27.00	41.00	55.00	
01381400	0823	19960823	20140823	19	9.72	5.68	3.30	25.00		3.30	3.40	3.80	4.40	4.70	4.70	7.70	8.80	9.00	9.20	9.70	10.00	10.00	11.00	13.00	13.00	14.00	20.00	25.00	
01381400	0824	19950824	20140824	20	7.76	3.09	2.90	12.00		2.94	3.80	3.86	4.28	4.60	4.63	5.61	7.66	8.24	8.30	8.41	8.68	9.32	9.60	10.65	11.00	11.85	12.00	12.00	
01381400	0825	19950825	20140825	20	7.70	3.58	2.80	18.00		2.83	3.52	3.73	4.02	4.55	5.27	6.67	6.84	7.17	7.60	7.75	7.92	8.32	9.55	10.00	10.80	11.00	11.00	17.65	
01381400	0826	19950826	20140826	20	9.62	7.46	3.30	35.00		3.32	3.71	3.89	4.44	4.92	6.14	6.98	7.54	7.60	7.70	7.86	8.20	9.12	9.57	9.90	10.00	15.95	21.50	34.35	
01381400	0827	19950827	20140827	20	9.03	7.24	3.00	31.00		3.04	3.71	3.91	4.56	4.83	5.11	5.84	6.38	6.91	7.50	7.71	7.98	8.29	8.96	9.28	9.54	11.64	25.50	30.80	
01381400	0828	19950828	20140828	20	81.12	324.61	2.80	1460.00		2.84	3.75	4.23	4.52	5.00	5.18	5.71	6.02	6.38	6.90	7.64	8.30	8.63	8.70	10.43	11.80	19.65	27.30	1388.40	
01381400	0829	19950829	20140829	20	19.82	44.28	3.70	204.00		3.71	3.90	3.98	4.44	4.80	5.49	5.77	5.98	6.64	7.75	8.37	9.04	9.40	9.82	11.50	14.40	26.90	38.90	195.80	
01381400	0830	19950830	20140830	20	11.95	18.15	3.60	86.00		3.61	3.82	4.03	4.22	4.50	5.22	5.71	6.38	6.94	7.40	7.70	7.82	8.16	9.00	9.53	10.72	14.40	24.90	83.00	
01381400	0831	19950831	20140831	20	9.88	11.75	3.60	58.00		3.60	3.74	4.14	4.48	4.85	5.06	5.27	6.00	7.04	7.30	7.40	7.52	8.19	8.92	9.32	11.48	12.85	14.80	55.85	
01381400	0901	19950901	20140901	20	9.32	9.38	3.50	46.00		3.50	3.54	4.00	4.68	5.00	5.09	5.79	6.74	6.84	7.05	7.31	7.82	8.10	8.24	8.90	9.10	11.56	19.20	44.70	
01381400	0902	19950902	20140902	20	16.98	31.67	3.40	140.00		3.42	3.76	4.33	4.58	4.95	5.13	5.45	6.14	6.59	6.80	6.90	7.26	7.63	8.05	8.65	9.36	35.42	52.60	135.70	
01381400	0903	19950903	20140903	20	20.79	53.95	3.30	247.00		3.31	3.42	3.67	4.18	4.58	4.89	5.21	5.40	5.80	6.65	7.11	7.26	7.50	8.37	8.70	9.18	27.75	35.50	236.45	
01381400	0904	19950904	20140904	20	9.62	9.31	3.00	32.00		3.01	3.22	3.46	3.88	4.28	4.62	4.90	5.02	5.79	6.55	6.88	7.22	7.37	8.24	8.82	10.58	27.15	30.00	31.90	
01381400	0905	19950905	20140905	20	8.87	7.51	3.10	31.00		3.12	3.41	3.56	3.98	4.38	4.63	4.74	4.96	5.70	6.40	6.72	6.96	7.52	7.87	8.28	13.68	20.10	21.90	30.55	
01381400	0906	19950906	20140906	20	18.75	39.08	3.10	174.00		3.10	3.22	3.43	3.78	4.55	4.88	5.65	6.38	6.50	6.60	7.03	7.54	8.03	8.76	9.75	15.60	21.25	61.60	168.60	
01381400	0907	19950907	20140907	20	35.45	93.70	3.10	400.00		3.10	3.13	3.55	4.46	4.80	5.28	5.70	5.98	6.45	6.55	6.88	7.22	7.56	8.05	13.30	15.80	17.70	159.30	388.75	
01381400	0908	19950908	20140908	20	25.09	71.09	3.10	326.00		3.10	3.13	3.56	4.52	4.70	5.45	6.57	6.74	6.94	7.15	7.42	8.02	10.05	11.70	14.25	16.60	22.10	23.90	310.90	
01381400	0909	19950909	20140909	20	16.40	32.43	3.10	151.00		3.10	3.14	3.60	4.26	4.60	4.90	5.39	6.58	7.04	7.15	7.31	7.94	8.43	13.05	15.75	16.80	17.85	29.70	145.00	
01381400	0910	19950910	20140910	20	12.26	20.76	3.00	99.00		3.00	3.22	4.34	4.60	4.67	4.93	5.17	5.90	6.77	7.15	7.25	7.72	8.46	9.19	12.85	14.00	14.00	14.90	94.80	
01381400	0911	19950911	20140911	20	14.20	22.30	2.90	82.00		2.91	3.15	3.71	4.30	4.35	4.53	4.74	5.24	5.96	6.70	7.05	7.76	8.65	9.32	12.88	14.00	14.00	68.90	81.65	
01381400	0912	19950912	20140912	20	14.08	20.84	2.70	83.00		2.73	3.24	3.65	3.92	4.03	4.22	4.64	5.18	6.09	6.90	7.38	8.26	9.54	12.10	13.75	14.80	16.70	58.40	82.00	
01381400	0913	19950913	20140913	20	10.46	10.98	3.00	53.00		3.00	3.15	3.65	3.94	4.10	4.19	4.64	5.58	6.34	6.80	8.74	10.60	11.65	12.70	13.75	14.00	14.00	16.70	51.20	
01381400	0914	19950914	20140914	20	11.45	11.18	3.00	46.00		3.02	3.56	4.10	4.14	4.62	5.72	6.07	6.24	6.62	7.05	7.21	8.08	8.79	10.37	14.00	15.80	25.35	31.50	45.30	
01381400	0915	19950915	20140915	20	13.26	14.80	3.50	60.00		3.53	4.11	4.23	4.52	5.05	5.32	5.95	6.72	7.04	7.25	7.52	8.00	8.39	9.41	16.70	20.60	26.95	41.50	59.15	
01381400	0916	19950916	20140916	20	55.38	189.06	3.50	856.00		3.52	4.01	4.12	4.30	5.10	6.42	6.80	7.08	7.33	7.75	8.16	8.48	9.12	12.62	16.25	24.20	36.20	64.10	816.55	
01381400	0917	19950917	20140917	20	36.84	109.61	3.80	498.00		3.81	4.01	4.17	4.64	4.95	5.70	6.58	6.98	7.33	7.65	8.03	8.54	9.15	11.22	14.25	18.20	31.75	66.40	476.60	
01381400	0918	19950918	20140918	20	19.23	27.73	3.50	111.00		3.52	3.81	3.99	4.58	4.92	5.21	5.91	6.54	6.95	7.10	7.80	8.54	11.49	15.80	19.25	28.80	40.35	71.70	109.20	
01381400	0919	19950919	20140919	20	14.01	14.45	3.30	60.00		3.31	3.54	3.92	4.08	4.50	4.98	5.71	6.50	6.80	7.40	8.49	10.76	12.65	14.40	20.25	26.00	28.70	35.30	58.80	
01381400	0920	19950920	20140920	20	9.91	7.09	3.20	28.00		3.21	3.44	3.83	4.16	4.90	5.50	6.38	6.70	7.06	7.70	8.39	9.52	10.65	11.00	11.75	12.80	17.25	26.10	27.95	
01381400	0921	19950921	20140921	20	9.63	6.93	3.30	27.00		3.31	3.54	3.90	4.08	4.83	5.38	6.57	6.70	6.83	7.40	7.96	8.46	8.77	8.94	10.50	15.80	18.70	24.40	26.90	
01381400	0922	19950922	20140922	20	12.57	11.60	3.00	45.00		3.02	3.48	4.30	4.90	5.22	6.26	6.58	7.02	7.25	7.50	7.81	8.26	9.47	14.90	17.00	17.80	29.90	33.80	44.45	
01381400	0923	19950923	20140923	20	15.14	21.37	2.80	76.00		2.81	3.18	4.02	4.82	5.47	6.12	6.61	7.04	7.19	7.65	8.16	8.36	8.46	10.25	11.75	12.80	26.60	70.40	75.95	
01381400	0924	19950924	20140924	20	14.94	29.79	2.80	138.00		2.81	3.05	3.67	4.62	4.78	5.09	5.51	6.10	6.49	6.70	6.96	7.58	7.90	8.11	10.30	11.80	17.10	32.40	132.80	
01381400	0925	19950925	20140925	20	9.47	8.23	2.80	39.00		2.81	3.17	3.92	4.68	5.15	5.84	6.40	6.44	6.63	6.80	7.08	7.48	7.73	9.34	10.75	11.80	15.40	20.50	38.10	
01381400	0926	19950926	20140926	20	12.65	13.41	3.30	55.00		3.31	3.50	4.42	4.72	5.62	5.94	6.50	6.58	6.75	7.15	7.61	8.78	9.82	10.00	11.50	18.40	28.50	37.20	54.15	
01381400	0927	19950927	20140927	20	11.49	8.09	4.00	31.00		4.04	4.91	5.06	5.54	6.17	6.43	6.54	6.76	7.22	8.15	9.07	9.48	9.73	13.44	15.75	17.60	24.80	26.90	30.80	
01381400	0928	19950928	20140928	20	15.79	19.44	3.20	69.00		3.21	3.62	4.78	5.34	6.03	6.43	6.61	7.12	7.69	8.15	8.94	9.48	9.79	9.97	10.75	19.80	44.95	58.90	68.55	
01381400	0929	19950929	20140929	20	24.64	62.72	3.40	288.00		3.41	3.62	4.71	4.84	5.03	5.34	5.97	6.22	6.49	6.80	8.10	9.18	12.36	14.00	14.75	15.00	24.35	42.20	275.80	
01381400	0930	19950930	20140930	20	12.29	10.60	3.50	34.00		3.50	3.56	4.21	4.80	4.80	5.07	5.88	6.28	6.58	7.55	8.46	9.20	9.66	14.81	18.50	20.60	32.05	34.00	34.00	
01381400	1001	19951001	20141001	20	19.64	42.04	3.10	194.00		3.13	3.72	4.00	4.62	4.83	5.29	5.75	6.24	6.53	7.35	8.01	8.46	12.14	14.00	14.75	18.20	19.00	40.60	186.45	
01381400	1002	19951002	20141002	20	11.82	12.41	3.00	55.00		3.02	3.34	3.88	4.92	5.03	5.43	6.20	6.40	7.20	7.95	8.15	8.80	9.72	11.40	12.75	15.40	18.55	32.50	53.95	
01381400	1003	19951003	20141003	20	10.12	7.79	3.10	31.00		3.11	3.34	3.82	4.56	4.83	5.26	6.17	6.38	6.95	8.00	8.78	9.18	9.69	10.67	11.75	13.60	17.40	27.90	30.90	
01381400	1004	19951004	20141004	20	9.79	6.46	3.00	29.00		3.08	4.50	4.51	4.66	5.20	6.19	6.40	6.80	7.67	8.25	8.61	8.94	9.43	10.58	11.75	12.00	17.95	20.80	28.60	
01381400	1005	19951005	20141005	20	12.54	10.90	3.10	45.00		3.15	4.14	4.71	5.96	6.25	6.43	6.71	7.42	7.95	8.40	8.91	9.30	9.63	10.61	16.25	20.40	25.25	32.30	44.40	
01381400	1006	19951006	20141006	20	14.21	25.15	3.20	119.00		3.24	4.03	4.39	4.98	5.53	6.29	6.67	7.00	7.22	7.60	7.75	8.10	8.37	10.22	11.00	13.40	16.55	23.30	114.25	
01381400	1007	19951007	20141007	20	10.03	5.12	3.70	22.00		3.75	4.60	4.83	6.18	6.53	6.78	7.34	7.88	8.35	8.60	9.07	9.66	9.96	11.40	12.00	14.40	17.55	19.80	21.90	
01381400	1008	19951008	20141008	20	22.92	44.26	3.50	205.00		3.54	4.57	6.10	6.22	6.78	7.06	7.48	8.08	8.79	9.65	9.86	11.16	12.00	13.40	19.25	23.40	38.45	42.80	196.90	
01381400	1009	19951009	20141009	20	41.55	128.28	3.50	582.00		3.55	4.66	6.19	6.72	6.88	7.13	7.27	7.60	8.04	8.55	9.01	9.22	9.37	9.82	10.75	18.20	25.10	74.60	556.90	
01381400	1010	19951010	20141010	20	11.79	7.48	4.30	28.00		4.32	4.71	5.78	6.30	6.72	6.86	7.46	8.38	8.81	9.20	9.26	9.66	9.96	12.10	16.00	19.40	24.25	26.80	27.95	
01381400	1011	19951011	20141011	20	14.16	16.86	4.70	82.00		4.78	6.21	6.34	6.62	6.70	6.73	7.12	7.90	8.29	8.65	9.06	9.20	9.53	14.81	17.00	18.60	19.85	22.70	79.05	
01381400	1012	19951012	20141012	20	27.83	47.25	4.70	173.00		4.75	5.74	6.14	6.42	6.58	6.86	7.07	7.44	7.89	8.25	8.66	8.98	11.63	13.70	14.75	19.00	94.80	119.70	170.40	
01381400	1013	19951013	20141013	20	18.12	35.31	4.60	165.00		4.66	5.80	5.83	6.02	6.10	6.13	6.34	6.64	6.75	7.35	8.23	8.56	8.73	11.74	13.00	20.20	22.85	31.10	158.35	
01381400	1014	19951014	20141014	20	19.29	30.12	4.60	116.00		4.63	5.27	5.96	6.30	6.42	6.86	7.28	7.92	8.37	8.85	9.00	9.60	11.30	13.40	15.50	16.80	19.55	88.40	115.00	
01381400	1015	19951015	20141015	20	17.41	16.57	5.00	61.00		5.04	5.94	6.38	6.80	7.05	8.34	9.74	10.40	11.00	11.00	11.55	12.00	12.65	13.00	15.25	28.00	45.45	50.70	60.50	
01381400	1016	19951016	20141016	20	14.97	12.29	4.90	59.00		4.92	5.28	6.06	6.48	6.83	7.02	8.24	10.00	10.90	12.00	12.55	14.20	15.00	15.70	19.00	21.60	25.40	26.00	57.35	
01381400	1017	19951017	20141017	20	11.74	7.12	4.80	31.00		4.80	5.05	6.42	6.50	6.53	6.60	6.67	7.64	8.90	9.45	10.55	11.00	11.65	12.70	14.50	19.00	20.85	23.70	30.65	
01381400	1018	19951018	20141018	20	14.78	21.55	4.50	104.00		4.53	5.12	6.21	6.30	6.38	6.63	7.19	8.34	8.84	9.05	9.10	9.64	10.65	11.70	12.75	17.80	19.85	20.90	99.85	
01381400	1019	19951019	20141019	20	37.90	98.60	4.70	450.00		4.75	5.83	6.14	6.50	7.05	7.65	8.00	8.04	8.14	8.85	9.66	10.52	12.95	16.10	23.75	26.80	42.30	75.60	431.45	
01381400	1020	19951020	20141020	20	52.30	144.83	4.80	660.00		4.83	5.47	6.14	6.40	6.50	6.92	7.41	8.04	8.58	8.80	9.46	13.60	16.00	25.10	38.00	46.60	56.50	87.70	631.55	
01381400	1021	19951021	20141021	20	20.32	29.42	4.70	125.00		4.74	5.45	5.96	6.36	6.62	6.79	7.07	7.64	8.35	9.20	10.55	11.00	11.65	14.80	20.50	26.00	29.55	71.40	122.55	
01381400	1022	19951022	20141022	20	16.38	20.38	4.70	88.00		4.74	5.43	5.76	6.10	6.22	6.60	6.67	6.84	7.58	8.80	9.64	11.20	12.65	15.10	16.75	20.20	21.85	52.60	86.40	
01381400	1023	19951023	20141023	20	14.90	15.20	4.80	69.00		4.83	5.31	5.47	5.94	6.17	6.52	6.80	6.88	7.36	8.00	8.91	9.80	14.55	18.40	20.50	21.00	26.10	33.30	67.25	
01381400	1024	19951024	20141024	20	14.46	14.66	4.80	58.00		4.84	5.61	5.71	5.86	6.22	6.66	6.80	7.00	7.53	8.45	9.54	11.16	12.65	15.80	17.75	18.00	18.85	48.70	57.70	
01381400	1025	19951025	20141025	20	20.80	29.10	4.80	125.00		4.83	5.36	5.95	6.30	6.72	6.98	7.40	8.04	9.27	9.75	10.51	12.80	14.65	16.40	17.75	20.40	43.95	66.00	122.15	
01381400	1026	19951026	20141026	20	15.57	12.95	4.40	44.00		4.43	5.09	5.96	6.40	6.80	6.92	7.45	8.50	9.54	9.85	10.00	12.40	14.65	16.40	17.75	30.80	39.10	40.00	43.80	
01381400	1027	19951027	20141027	20	25.88	39.04	4.40	172.00		4.43	5.19	6.04	6.38	6.83	7.47	8.52	9.38	10.18	12.00	14.10	16.20	18.95	21.40	26.50	32.00	38.10	80.40	167.65	
01381400	1028	19951028	20141028	20	47.56	66.63	4.50	258.00		4.53	5.16	5.78	6.26	6.90	8.37	9.04	9.46	10.45	12.00	16.30	26.20	37.50	45.90	85.50	102.00	103.85	155.30	253.15	
01381400	1029	19951029	20141029	20	29.50	37.35	4.50	158.00		4.54	5.48	6.25	6.50	6.65	7.43	8.55	9.24	10.06	11.50	15.30	18.00	27.10	37.60	42.25	47.80	66.00	76.20	153.95	
01381400	1030	19951030	20141030	20	23.06	25.67	4.90	97.00		4.92	5.42	5.71	6.36	6.70	7.24	8.43	9.76	10.45	11.50	13.10	15.20	16.65	19.80	33.75	39.60	57.00	70.80	95.75	
01381400	1031	19951031	20141031	20	16.24	13.62	4.70	56.00		4.71	5.06	5.71	6.32	6.58	7.22	7.99	9.06	9.62	10.50	11.55	13.80	15.65	16.70	23.75	29.20	34.25	35.90	55.00	
01381400	1101	19951101	20141101	20	17.84	15.74	5.00	64.00		5.00	5.16	5.88	6.98	7.50	8.25	8.63	8.90	9.24	10.65	13.10	15.20	17.95	19.00	24.25	30.80	32.85	46.50	63.20	
01381400	1102	19951102	20141102	20	23.25	29.62	5.10	125.00		5.12	5.43	5.79	6.40	6.85	7.06	7.34	8.12	8.99	10.05	12.65	15.20	19.25	22.40	27.50	38.60	41.00	71.60	122.50	
01381400	1103	19951103	20141103	20	16.19	12.66	4.80	45.00		4.81	5.14	5.54	5.92	6.45	6.63	6.84	7.66	8.90	9.65	11.05	13.80	20.20	23.00	25.25	31.60	34.70	35.90	44.55	
01381400	1104	19951104	20141104	20	14.55	8.85	4.60	31.00		4.63	5.33	5.60	5.72	6.28	6.53	7.16	8.68	10.57	13.00	14.55	16.80	18.00	20.80	22.75	24.60	25.85	28.70	30.90	
01381400	1105	19951105	20141105	20	14.12	9.05	4.80	33.00		4.82	5.21	5.32	5.52	6.10	6.43	7.03	8.32	9.79	11.00	13.20	15.00	16.95	18.70	23.50	25.00	25.85	27.80	32.75	
01381400	1106	19951106	20141106	20	14.13	8.48	4.60	34.00		4.62	5.03	5.33	6.10	8.57	8.86	9.35	10.40	11.00	11.00	11.55	13.20	14.65	16.40	22.25	24.80	25.00	26.80	33.65	
01381400	1107	19951107	20141107	20	13.17	7.81	4.40	28.00		4.45	5.31	5.42	5.80	7.10	7.79	8.73	8.84	9.39	10.50	11.00	12.20	13.65	16.10	22.25	24.00	24.00	25.80	27.90	
01381400	1108	19951108	20141108	20	23.95	49.57	4.60	231.00		4.64	5.41	5.51	5.70	6.20	6.62	7.11	8.50	10.45	11.00	11.55	12.60	14.30	15.70	19.00	22.40	28.10	38.90	221.45	
01381400	1109	19951109	20141109	20	22.07	39.10	4.50	177.00		4.54	5.31	5.45	5.74	6.05	6.59	7.08	8.04	9.24	10.45	11.00	12.20	14.30	15.70	17.50	21.20	22.85	64.40	171.60	
01381400	1110	19951110	20141110	20	17.12	16.58	4.50	59.00		4.55	5.50	5.56	6.00	6.45	6.99	8.01	8.68	9.45	9.75	11.65	13.60	15.30	17.40	21.00	22.00	37.30	57.10	59.00	
01381400	1111	19951111	20141111	20	13.91	10.48	4.60	49.00		4.64	5.42	5.66	6.06	6.45	7.32	8.58	9.46	10.00	11.00	12.00	12.60	13.65	14.70	17.25	21.20	22.85	27.50	47.95	
01381400	1112	19951112	20141112	20	25.25	48.94	4.40	228.00		4.46	5.50	5.56	5.96	6.28	6.86	7.84	8.58	9.62	10.50	11.55	13.20	17.90	22.80	24.00	24.80	30.95	44.60	218.90	
01381400	1113	19951113	20141113	20	18.51	16.67	4.50	60.00		4.53	5.13	5.49	6.06	6.50	7.34	8.60	9.94	10.45	11.50	12.55	13.60	17.90	20.00	22.25	36.60	45.95	47.90	59.40	
01381400	1114	19951114	20141114	20	17.30	14.68	4.60	58.00		4.62	5.03	5.39	6.10	7.00	8.41	11.00	11.40	12.45	13.50	14.55	16.20	18.30	19.70	20.75	21.80	22.85	51.80	57.85	
01381400	1115	19951115	20141115	20	22.16	29.79	4.70	136.00		4.71	4.84	5.26	5.82	7.35	9.51	10.35	11.40	12.00	13.00	14.55	15.60	16.65	18.40	20.50	23.40	40.15	55.60	132.05	
01381400	1116	19951116	20141116	20	18.86	17.46	4.70	59.00		4.71	4.84	5.25	5.74	6.90	7.86	9.15	10.40	11.00	11.00	13.20	15.60	16.65	19.10	20.00	33.60	48.90	55.50	58.85	
01381400	1117	19951117	20141117	20	33.16	42.80	4.60	148.00		4.62	5.05	5.71	7.00	7.60	8.65	9.80	10.40	11.90	14.50	16.00	18.40	25.85	36.70	40.00	59.20	64.00	136.90	147.85	
01381400	1118	19951118	20141118	20	20.91	24.76	4.50	112.00		4.55	5.60	6.59	7.16	7.58	8.46	9.47	9.84	10.39	11.00	11.00	14.00	19.25	21.70	24.25	30.60	35.40	51.30	109.05	
01381400	1119	19951119	20141119	20	16.38	12.65	4.70	44.00		4.74	5.48	6.20	6.50	7.83	8.44	9.04	9.46	10.00	10.50	11.00	11.60	15.90	20.10	21.75	31.60	35.70	41.40	43.90	
01381400	1120	19951120	20141120	20	27.11	50.16	5.20	234.00		5.21	5.31	5.52	6.36	7.30	8.23	8.76	9.76	10.00	11.00	14.75	18.80	20.00	20.70	22.50	29.40	39.50	47.30	224.70	
01381400	1121	19951121	20141121	20	16.34	13.01	4.90	58.00		4.92	5.33	5.69	6.26	6.78	7.72	8.31	9.26	12.14	15.50	16.00	16.00	16.65	18.40	19.00	20.60	27.80	37.10	57.00	
01381400	1122	19951122	20141122	20	19.64	16.69	4.70	62.00		4.72	5.23	5.59	6.16	6.58	7.31	7.83	8.74	10.45	11.50	12.00	15.60	23.20	32.30	36.50	38.60	39.00	40.80	60.95	
01381400	1123	19951123	20141123	20	35.87	83.19	4.60	382.00		4.64	5.41	5.56	6.02	6.65	7.31	7.91	8.62	9.67	10.50	11.55	15.00	18.30	22.50	32.25	36.60	37.00	69.40	366.55	
01381400	1124	19951124	20141124	20	21.48	23.67	4.70	95.00		4.71	5.05	5.56	5.94	6.22	6.96	7.87	9.20	11.45	12.50	14.10	17.40	19.65	22.80	24.00	32.00	40.80	68.10	93.80	
01381400	1125	19951125	20141125	20	19.41	15.00	5.00	57.00		5.02	5.47	6.14	6.62	7.50	7.77	9.31	11.00	12.35	15.50	17.55	18.60	19.65	21.40	28.00	37.20	40.70	42.80	56.30	
01381400	1126	19951126	20141126	20	29.50	28.81	6.00	130.00		6.08	7.59	8.79	11.20	12.25	13.30	14.00	14.80	16.90	19.50	21.55	25.60	30.60	32.70	38.25	44.80	48.55	67.00	126.95	
01381400	1127	19951127	20141127	20	37.51	42.77	5.30	186.00		5.39	7.32	8.52	9.56	11.00	11.00	11.70	15.00	18.90	21.50	27.95	33.20	36.60	42.20	49.25	58.20	68.50	95.20	181.60	
01381400	1128	19951128	20141128	20	27.98	36.09	4.50	171.00		4.59	6.43	7.69	8.56	10.00	10.30	11.70	14.20	16.90	18.50	19.00	19.60	25.20	30.80	35.00	39.20	40.85	48.20	164.90	
01381400	1129	19951129	20141129	20	23.12	24.23	4.60	89.00		4.68	6.26	6.94	8.02	9.45	9.93	10.00	10.80	12.45	14.50	16.00	17.80	19.65	20.00	23.00	32.00	48.45	80.70	88.75	
01381400	1130	19951130	20141130	20	29.96	46.24	4.80	199.00		4.89	6.70	7.00	8.82	9.47	10.00	10.00	10.40	12.80	15.00	16.65	18.00	18.65	21.80	27.50	33.00	38.25	105.60	194.70	
01381400	1201	19951201	20141201	20	36.27	41.45	4.50	133.00		4.59	6.50	8.31	8.44	8.80	9.88	11.35	13.20	15.45	17.50	19.00	28.60	37.60	40.40	44.00	46.60	109.05	127.20	132.75	
01381400	1202	19951202	20141202	20	43.94	91.43	4.20	420.00		4.27	5.80	7.62	7.84	8.53	9.02	9.89	11.80	13.45	14.50	16.65	18.60	28.10	33.00	38.25	48.00	75.50	80.90	403.05	
01381400	1203	19951203	20141203	20	28.96	34.46	4.10	129.00		4.20	6.09	6.95	7.52	8.93	9.51	10.70	13.20	15.00	16.00	20.30	26.00	29.30	30.70	32.50	35.40	37.70	111.80	128.55	
01381400	1204	19951204	20141204	20	20.28	17.46	4.10	82.00		4.21	6.31	6.62	8.16	9.22	9.33	9.96	12.60	15.00	15.50	16.55	17.00	21.55	26.80	29.50	30.80	31.85	34.70	79.65	
01381400	1205	19951205	20141205	20	18.45	15.79	4.10	73.00		4.21	6.41	6.51	7.04	8.85	9.06	9.23	9.98	11.45	13.50	15.00	15.60	18.60	23.50	27.25	28.80	30.70	33.70	71.05	
01381400	1206	19951206	20141206	20	28.41	43.44	4.10	205.00		4.21	6.31	6.64	8.00	8.12	8.62	8.97	9.86	11.90	16.50	22.75	26.20	28.30	29.00	29.75	32.40	39.80	45.50	197.05	
01381400	1207	19951207	20141207	20	33.11	42.13	4.60	180.00		4.67	6.04	6.62	7.92	8.00	8.09	9.24	12.60	15.90	17.00	20.30	23.00	26.25	30.80	43.25	50.20	78.20	85.70	175.30	
01381400	1208	19951208	20141208	20	39.85	72.69	5.40	275.00		5.43	6.11	6.38	7.42	7.62	8.12	9.66	12.80	14.45	15.00	16.10	18.80	20.65	21.00	24.00	29.80	57.35	204.20	272.25	
01381400	1209	19951209	20141209	20	33.41	38.71	6.00	132.00		6.04	6.82	7.00	7.04	7.70	10.04	12.35	13.80	15.45	16.50	20.30	23.00	23.65	28.20	31.50	67.20	93.85	113.20	131.15	
01381400	1210	19951210	20141210	20	31.89	28.47	5.90	93.00		5.92	6.32	6.59	7.28	9.50	14.60	16.35	17.00	19.25	23.00	24.00	26.40	28.65	31.80	48.75	58.80	82.10	86.90	92.70	
01381400	1211	19951211	20141211	20	42.61	73.59	5.00	339.00		5.05	6.11	6.30	7.52	10.25	11.60	13.35	15.60	19.35	22.00	23.00	24.80	27.30	29.40	48.00	54.80	70.30	88.30	326.55	
01381400	1212	19951212	20141212	20	53.31	82.76	4.60	362.00		4.67	6.07	7.04	9.40	11.00	11.00	12.40	16.60	19.45	20.50	22.10	24.80	33.80	47.10	73.50	88.20	124.00	130.90	350.45	
01381400	1213	19951213	20141213	20	31.47	25.73	4.80	88.00		4.86	6.01	6.40	8.36	9.80	12.20	15.35	16.40	17.45	18.50	24.50	32.00	41.80	46.00	52.75	61.40	63.00	73.80	87.35	
01381400	1214	19951214	20141214	20	44.41	55.98	5.70	235.00		5.71	6.04	7.54	9.02	11.12	16.00	16.00	17.20	22.60	27.50	29.10	30.60	32.30	40.70	47.00	63.20	106.10	126.50	229.65	
01381400	1215	19951215	20141215	20	33.17	35.38	5.70	145.00		5.75	6.79	8.52	9.08	12.00	15.00	15.00	15.80	18.35	21.00	23.10	25.80	27.65	36.40	41.50	46.80	56.50	102.10	143.10	
01381400	1216	19951216	20141216	20	36.18	53.44	4.70	243.00		4.75	6.05	8.44	9.28	9.95	11.90	14.35	15.80	17.90	21.00	24.10	25.60	27.30	28.70	32.00	37.80	63.65	93.20	235.65	
01381400	1217	19951217	20141217	20	35.62	35.84	4.80	118.00		4.86	6.22	9.10	9.16	10.30	14.50	18.70	20.00	20.90	22.50	23.55	24.60	25.65	32.30	41.75	68.00	91.85	114.80	117.95	
01381400	1218	19951218	20141218	20	32.67	31.21	5.80	125.00		5.94	8.61	8.80	9.50	11.43	16.00	16.70	18.80	20.45	21.50	22.00	23.20	29.85	33.00	39.00	50.60	75.95	86.30	123.10	
01381400	1219	19951219	20141219	20	23.52	19.91	5.60	80.00		5.70	7.55	8.04	8.40	8.93	10.71	15.05	17.00	17.90	19.50	20.55	21.60	22.00	24.10	26.50	30.20	34.40	69.20	79.65	
01381400	1220	19951220	20141220	20	25.43	20.27	5.40	72.00		5.41	5.86	8.23	8.56	9.38	10.83	13.35	14.80	17.80	20.50	22.10	23.60	24.65	29.20	31.75	41.60	60.15	63.90	71.60	
01381400	1221	19951221	20141221	20	40.36	64.82	4.80	304.00		4.84	5.83	8.05	9.32	11.50	13.00	14.40	18.20	20.00	20.50	23.20	26.80	31.25	42.80	49.25	54.00	60.10	61.90	291.90	
01381400	1222	19951222	20141222	20	26.09	17.57	4.50	62.00		4.59	6.53	7.78	8.76	11.25	12.30	15.10	19.40	20.45	22.00	24.10	25.60	28.60	34.20	41.25	46.20	52.10	53.90	61.60	
01381400	1223	19951223	20141223	20	37.42	31.87	4.40	117.00		4.46	5.78	8.39	14.00	15.00	18.60	20.70	22.40	23.90	25.50	27.10	29.80	42.05	49.40	52.25	53.80	81.20	100.40	116.25	
01381400	1224	19951224	20141224	20	48.10	63.47	5.60	243.00		5.69	7.49	9.32	11.40	17.00	17.30	18.00	18.00	20.25	24.50	29.30	34.40	36.65	41.20	46.00	61.40	83.70	191.40	241.00	
01381400	1225	19951225	20141225	20	39.51	41.44	5.20	152.00		5.28	6.84	7.42	8.80	10.65	15.60	17.35	18.40	22.60	28.50	30.55	32.20	33.65	34.70	39.50	72.20	90.20	125.30	150.85	
01381400	1226	19951226	20141226	20	32.90	27.64	5.30	98.00		5.33	6.09	7.14	8.64	9.90	13.20	16.35	17.00	19.70	26.00	29.55	31.20	34.60	39.50	51.50	59.00	65.95	86.80	97.55	
01381400	1227	19951227	20141227	20	46.67	68.83	4.90	314.00		4.91	5.46	9.66	10.20	12.00	15.00	15.35	16.80	19.80	24.50	30.30	34.20	35.65	45.10	52.75	66.80	75.10	109.30	303.95	
01381400	1228	19951228	20141228	20	33.32	33.60	5.20	145.00		5.22	5.94	8.28	9.34	9.53	11.22	15.35	16.40	18.35	22.50	26.10	28.80	32.60	37.50	44.25	62.00	68.55	69.90	141.25	
01381400	1229	19951229	20141229	20	31.41	25.77	4.40	114.00		4.51	6.83	8.11	8.84	10.55	14.30	17.80	23.00	23.45	25.00	26.55	34.20	39.65	40.00	41.50	44.40	55.20	61.50	111.40	
01381400	1230	19951230	20141230	20	35.37	39.23	4.90	185.00		5.08	8.56	10.00	10.40	12.25	13.60	17.10	21.40	22.00	23.50	29.40	33.60	35.30	37.40	42.50	48.00	57.50	65.30	179.05	
01381400	1231	19951231	20141231	20	24.48	15.18	4.20	60.00		4.25	5.54	7.79	9.04	12.00	13.20	16.70	18.00	19.80	23.50	26.10	28.80	30.65	32.40	33.75	34.80	38.40	50.70	59.60	
