site_no	monthday	begin_dt	end_dt	count_nu	mean	std	min	max	p01	p05	p10	p15	p20	p25	p30	p35	p40	p45	p50	p55	p60	p65	p70	p75	p80	p85	p90	p95	p99
01399670	ALL	19770301	20150104	13824	29.65	48.61	0.07	964.00	2.60	4.00	5.00	5.90	6.80	7.70	8.70	9.80	11.00	12.00	14.00	15.00	17.00	20.00	23.00	27.00	35.00	47.25	73.00	121.00	241.00
01399670	0101	19780101	20150101	38	35.18	49.66	5.60	264.00		6.08	7.68	8.67	9.16	11.35	12.70	13.00	13.60	15.00	16.50	18.35	20.40	22.35	27.30	37.50	42.20	61.00	108.90	140.50	
01399670	0102	19780102	20150102	38	34.79	43.54	5.60	184.00		6.36	8.16	8.59	9.56	11.00	11.00	12.00	12.00	13.55	17.00	21.00	23.20	28.00	30.60	34.75	38.80	61.95	121.90	145.05	
01399670	0103	19780103	20150103	38	35.97	58.89	5.80	317.00		6.08	8.42	9.03	9.48	10.00	10.70	11.00	12.00	13.00	17.50	19.00	21.40	22.00	26.00	29.25	38.60	52.10	107.90	191.60	
01399670	0104	19780104	20150104	38	34.32	66.94	6.20	409.00		6.49	8.08	9.94	10.80	11.00	11.00	12.00	12.60	14.10	16.00	18.00	19.00	23.00	23.00	26.50	30.60	48.40	69.20	124.95	
01399670	0105	19780105	20140105	37	26.04	27.25	5.90	126.00		6.17	7.78	8.51	9.12	9.60	10.40	12.30	14.00	16.10	18.00	19.80	20.80	23.00	24.60	27.00	33.00	40.90	70.60	112.50	
01399670	0106	19780106	20140106	37	24.87	28.51	5.40	118.00		6.30	7.18	7.67	7.86	8.55	8.82	9.21	11.40	13.10	14.00	17.90	19.00	21.40	22.00	25.50	28.20	35.50	87.00	108.10	
01399670	0107	19780107	20140107	37	24.05	25.02	5.60	121.00		5.87	7.08	7.99	8.54	9.25	10.22	12.00	13.20	16.10	18.00	19.90	22.00	22.00	23.60	24.50	26.00	30.90	62.20	92.20	
01399670	0108	19780108	20140108	37	33.44	57.56	4.60	310.00		5.14	6.44	7.33	7.78	8.65	11.40	13.00	13.20	15.00	16.00	17.00	19.40	20.00	21.60	23.50	28.00	43.80	91.60	178.60	
01399670	0109	19780109	20140109	37	27.06	37.96	4.50	198.00		5.40	6.40	7.61	8.60	9.40	11.00	12.60	14.00	14.10	15.00	16.80	18.00	18.70	23.00	27.00	33.40	41.20	50.20	152.10	
01399670	0110	19780110	20140110	37	21.65	19.93	4.80	116.00		5.16	7.32	8.84	9.52	10.00	11.00	11.60	13.20	15.00	15.00	15.90	17.80	20.80	24.80	27.50	28.80	38.60	43.20	56.60	
01399670	0111	19780111	20140111	37	27.22	33.35	3.70	145.00		4.78	7.06	7.37	8.24	8.90	9.88	12.00	14.20	15.00	16.00	17.80	20.40	22.70	26.60	29.50	30.00	31.50	87.60	133.30	
01399670	0112	19780112	20140112	37	28.40	36.10	5.90	196.00		5.99	6.48	7.85	9.00	10.50	11.40	13.00	13.00	14.00	16.00	16.90	18.60	21.70	23.00	24.50	36.40	62.90	74.80	104.20	
01399670	0113	19780113	20140113	37	18.56	14.11	5.20	75.00		5.38	6.44	8.46	9.36	9.75	9.90	11.30	12.00	12.10	14.00	15.00	17.80	19.40	21.20	23.00	24.80	26.30	42.00	49.80	
01399670	0114	19780114	20140114	37	26.83	33.22	3.60	158.00		4.50	6.08	7.50	8.50	8.70	9.44	10.30	12.00	12.10	13.00	15.80	18.40	23.10	27.20	32.00	33.80	41.40	71.80	129.20	
01399670	0115	19780115	20140115	37	21.09	16.45	3.20	74.00		4.73	7.28	8.62	8.96	9.45	10.40	11.00	12.00	13.10	16.00	17.00	20.60	21.00	22.00	27.00	30.60	43.50	49.00	56.90	
01399670	0116	19780116	20140116	37	22.90	21.33	2.70	106.00		4.86	6.90	7.57	8.00	9.45	10.40	11.00	11.20	13.30	16.00	17.90	18.80	21.80	24.00	27.50	33.80	44.30	57.00	68.20	
01399670	0117	19780117	20140117	37	22.20	31.05	4.90	190.00		4.99	5.64	7.35	8.08	10.10	11.40	12.00	12.20	13.20	16.00	16.00	19.40	20.70	21.00	22.50	23.40	25.00	31.60	82.00	
01399670	0118	19780118	20140118	37	32.26	47.76	3.60	236.00		4.50	6.86	8.17	9.64	10.50	11.40	12.60	14.00	14.00	14.00	15.90	17.80	19.70	24.60	27.00	47.80	58.70	73.60	191.90	
01399670	0119	19780119	20140119	37	35.58	79.55	2.90	496.00		4.88	8.22	9.27	10.56	12.00	12.40	13.00	14.40	16.00	16.00	16.90	18.80	21.80	26.60	40.00	44.40	45.00	53.80	111.70	
01399670	0120	19780120	20140120	37	27.41	25.55	2.40	125.00		5.10	8.24	9.62	11.00	12.00	12.40	13.00	13.20	15.00	18.00	18.90	20.60	25.10	29.60	35.50	45.20	58.90	64.60	80.00	
01399670	0121	19780121	20140121	37	36.57	81.24	2.80	506.00		4.96	7.46	8.80	9.92	10.50	12.00	12.00	13.20	14.00	17.00	17.90	25.60	28.70	29.00	35.00	41.80	49.60	58.00	114.50	
01399670	0122	19780122	20140122	37	22.74	19.37	3.20	87.00		4.19	5.44	7.94	8.58	9.10	11.00	12.30	13.20	14.10	17.00	18.00	19.80	24.10	27.40	29.50	32.40	40.20	47.20	78.90	
01399670	0123	19780123	20140123	37	25.91	30.24	4.50	168.00		4.59	7.02	7.94	8.86	11.00	12.00	14.30	16.00	16.10	17.00	19.00	20.00	25.70	27.20	30.50	31.00	31.90	42.60	109.50	
01399670	0124	19780124	20140124	37	41.52	66.23	4.70	351.00		5.69	6.94	8.00	9.72	11.00	12.00	12.00	14.00	14.10	16.00	17.00	18.00	20.00	28.40	37.00	56.60	88.50	131.20	180.90	
01399670	0125	19780125	20140125	37	47.06	72.03	5.70	309.00		6.60	6.94	7.59	10.28	11.50	13.00	13.00	14.20	18.20	22.00	23.90	27.40	31.80	36.20	41.00	58.00	78.70	130.40	279.30	
01399670	0126	19780126	20140126	37	47.02	101.72	5.10	600.00		5.46	6.94	7.94	8.78	11.00	12.00	12.30	14.00	16.30	20.00	21.90	23.60	27.00	27.60	37.50	48.40	65.20	94.00	260.70	
01399670	0127	19780127	20140127	37	35.85	58.37	4.20	326.00		4.65	6.72	7.01	8.34	11.00	12.00	13.00	13.20	14.10	15.00	17.80	20.00	21.70	24.00	27.50	45.40	72.00	93.20	167.60	
01399670	0128	19780128	20140128	37	31.77	50.26	4.00	290.00		4.36	6.70	7.27	9.08	10.00	11.00	12.00	12.00	14.10	16.00	19.70	21.80	24.10	26.80	35.00	37.60	46.20	65.60	147.80	
01399670	0129	19780129	20140129	37	27.31	45.60	2.70	280.00		4.14	6.62	7.40	9.12	10.00	12.00	12.00	12.00	12.10	14.00	14.90	17.60	19.70	23.80	30.00	35.00	42.10	52.40	92.80	
01399670	0130	19780130	20140130	37	26.34	40.09	2.10	241.00		3.99	6.42	7.45	8.96	9.90	10.40	11.00	12.00	12.20	14.00	16.00	18.60	23.40	24.60	26.50	31.60	37.70	52.00	99.70	
01399670	0131	19780131	20140131	37	24.34	30.13	2.00	172.00		5.33	6.48	7.07	7.56	8.60	10.28	11.30	12.40	14.10	15.00	18.60	20.80	22.70	26.20	28.00	31.40	34.20	44.80	102.70	
01399670	0201	19780201	20140201	37	23.68	23.90	2.90	102.00		5.60	6.30	7.27	8.40	9.20	10.16	11.00	12.00	12.20	16.00	17.80	21.60	24.00	25.60	28.00	31.00	35.90	53.00	95.70	
01399670	0202	19780202	20140202	37	23.42	19.36	5.00	85.00		5.18	5.96	8.49	9.22	11.00	11.00	11.00	13.20	16.10	19.00	19.90	23.40	25.00	27.20	28.50	29.40	39.40	56.40	80.50	
01399670	0203	19780203	20140203	37	31.83	59.76	4.60	370.00		5.14	6.08	7.49	8.90	11.00	13.00	13.30	14.20	18.00	19.00	20.90	22.80	24.00	25.60	28.00	34.40	43.30	47.80	121.60	
01399670	0204	19780204	20140204	37	26.30	27.23	4.80	133.00		4.80	5.92	8.32	10.40	11.00	12.00	13.00	14.20	15.10	18.00	18.90	19.80	23.10	26.60	30.00	37.60	45.00	56.00	97.00	
01399670	0205	19780205	20140205	37	22.15	17.11	2.50	96.00		4.48	4.96	7.07	9.10	10.90	12.40	14.30	15.20	17.00	19.00	19.90	21.80	23.40	27.80	31.50	33.00	35.50	42.40	49.20	
01399670	0206	19780206	20140206	37	24.81	34.54	2.60	219.00		4.22	4.66	7.17	8.36	10.40	13.00	13.30	15.20	17.00	20.00	21.00	22.80	24.40	26.60	27.50	29.60	33.90	37.60	61.50	
01399670	0207	19780207	20140207	37	22.29	26.93	2.80	167.00		4.51	4.96	7.10	8.48	9.85	11.00	14.00	15.20	16.10	17.00	17.00	18.80	21.10	23.00	24.00	25.40	30.00	41.00	64.40	
01399670	0208	19780208	20140208	37	18.05	10.39	2.60	46.00		4.49	5.12	7.35	9.04	11.00	13.00	13.30	14.20	16.00	16.00	17.00	18.00	19.70	20.60	22.50	25.20	30.60	32.60	45.10	
01399670	0209	19780209	20140209	37	14.78	6.98	2.40	32.00		4.02	4.40	7.60	8.60	10.05	11.00	11.30	12.20	14.00	14.00	14.90	15.00	16.00	18.60	20.00	21.40	23.30	25.20	26.60	
01399670	0210	19780210	20140210	37	16.72	14.78	2.30	86.00		3.56	5.36	7.10	7.80	9.05	9.82	10.30	12.20	13.00	13.00	13.90	15.00	15.70	16.60	18.00	20.80	24.80	33.80	45.50	
01399670	0211	19780211	20140211	37	16.58	10.19	2.40	58.00		4.02	6.90	8.10	9.00	10.00	11.00	11.30	12.20	13.10	15.00	15.90	17.00	17.00	19.60	20.50	22.20	24.90	28.80	36.40	
01399670	0212	19780212	20140212	37	20.04	18.48	3.60	110.00		4.23	7.70	9.00	10.36	11.00	11.00	11.30	13.40	15.00	16.00	17.90	18.80	19.00	19.60	21.50	23.20	26.30	40.60	60.50	
01399670	0213	19780213	20140213	37	30.96	84.76	3.80	528.00		4.25	7.42	8.46	9.60	11.00	13.00	14.00	14.00	14.10	15.00	15.90	16.80	17.70	19.20	21.00	21.40	23.20	31.20	113.10	
01399670	0214	19780214	20140214	37	22.86	25.21	3.60	134.00		4.68	7.24	8.85	11.00	11.00	11.40	12.30	14.00	15.00	15.00	16.00	17.00	18.70	19.60	22.50	28.60	33.20	43.80	99.80	
01399670	0215	19780215	20140215	37	27.03	43.66	3.80	250.00		5.15	8.20	9.56	9.96	10.00	11.40	12.30	14.00	15.00	16.00	17.00	17.00	17.00	18.00	21.00	24.40	35.70	51.00	143.80	
01399670	0216	19780216	20140216	37	21.58	18.17	4.10	101.00		4.64	5.70	9.41	9.88	11.00	12.00	13.30	14.00	15.10	17.00	18.00	19.60	20.70	22.00	24.50	29.80	36.30	43.00	63.20	
01399670	0217	19780217	20140217	37	19.80	13.20	2.30	60.00		4.73	7.62	8.92	10.40	11.00	11.40	13.00	14.00	15.00	15.00	16.00	17.00	18.70	22.00	27.00	32.00	37.00	37.40	53.70	
01399670	0218	19780218	20140218	37	26.21	27.05	4.60	108.00		5.32	7.98	8.99	9.72	10.00	11.00	12.30	14.00	15.00	15.00	16.80	18.80	20.00	21.60	28.50	37.20	49.70	77.00	99.90	
01399670	0219	19780219	20140219	37	21.59	15.39	6.50	84.00		6.68	7.90	9.64	10.60	12.00	13.40	14.00	15.00	16.00	16.00	18.00	20.60	21.00	23.80	26.00	29.60	34.90	42.00	57.00	
01399670	0220	19780220	20140220	37	28.17	36.54	7.60	215.00		9.22	9.68	10.00	11.00	12.50	13.40	15.00	16.00	17.00	18.00	18.00	21.40	23.40	25.60	28.00	29.40	38.30	47.40	116.90	
01399670	0221	19780221	20140221	37	29.13	27.36	7.90	112.00		8.53	9.42	10.70	12.00	13.00	13.40	15.00	16.20	18.20	20.00	20.90	22.60	24.00	25.00	27.50	36.40	55.70	84.80	104.80	
01399670	0222	19780222	20140222	37	28.83	24.36	8.20	107.00		8.38	10.80	13.00	13.60	14.00	14.40	15.30	16.20	17.10	19.00	20.00	21.00	23.00	25.00	31.00	49.80	57.50	68.00	89.90	
01399670	0223	19780223	20140223	37	33.56	45.06	5.50	275.00		7.57	8.82	12.70	13.00	14.50	15.40	16.30	17.20	18.10	22.00	22.90	25.60	29.70	33.20	37.00	41.40	47.20	58.20	119.30	
01399670	0224	19780224	20140224	37	41.85	41.25	6.90	207.00		8.43	11.40	13.00	13.60	14.50	16.40	17.00	18.20	20.10	23.00	28.00	33.60	36.40	54.00	61.00	65.80	94.90	99.00	121.50	
01399670	0225	19780225	20140225	37	38.58	54.85	6.80	316.00		8.42	10.60	12.70	13.00	14.00	14.40	16.30	17.20	18.40	22.00	24.80	27.60	32.20	36.20	39.50	46.80	59.90	69.40	179.20	
01399670	0226	19780226	20140226	37	31.75	59.54	7.10	376.00		8.54	9.76	11.70	12.00	13.50	14.00	14.30	16.00	17.00	18.00	19.00	22.40	27.70	28.00	28.50	30.40	39.30	45.40	90.70	
01399670	0227	19780227	20140227	37	22.17	16.68	4.40	89.00		7.10	9.42	10.64	12.20	13.50	14.40	15.30	16.00	16.10	17.00	17.90	19.80	21.40	23.60	24.50	26.40	28.30	49.00	67.40	
01399670	0228	19780228	20140228	37	24.04	20.93	8.90	96.00		9.44	9.58	11.00	12.00	12.50	13.00	14.00	15.00	16.00	17.00	17.00	18.00	21.40	22.00	25.00	26.40	43.30	52.40	96.00	
01399670	0229	19800229	20120229	9	21.22	13.09	11.00	55.00			11.00	12.50	14.00	14.50	15.00	15.50	16.00	17.50	19.00	19.50	20.00	20.00	20.00	20.50	21.00	38.00	55.00		
01399670	0301	19770301	20140301	38	25.63	31.06	7.70	195.00		8.27	9.03	9.89	11.00	13.00	14.70	15.00	15.60	17.00	18.00	18.00	18.40	20.35	22.30	25.25	29.20	40.45	44.40	70.55	
01399670	0302	19770302	20140302	38	37.08	70.20	7.90	415.00		8.38	8.89	10.85	12.00	13.00	14.00	16.00	16.00	17.00	17.00	17.45	18.00	18.35	20.30	22.25	26.00	58.05	81.10	178.45	
01399670	0303	19770303	20140303	38	23.61	21.37	7.10	117.00		7.48	8.34	10.78	11.00	13.75	14.70	15.00	16.00	16.55	17.00	18.00	18.40	19.00	20.00	21.00	32.00	34.65	52.40	79.95	
01399670	0304	19770304	20140304	38	27.18	33.13	6.90	174.00		7.18	7.88	9.88	11.00	12.00	13.00	13.65	15.00	16.00	16.50	17.00	18.40	20.35	21.00	23.50	29.60	34.50	77.90	117.00	
01399670	0305	19770305	20140305	38	28.20	29.32	7.00	163.00		7.00	8.88	11.00	12.00	12.00	13.70	14.65	15.60	16.55	17.00	18.00	19.80	23.70	27.00	28.50	38.80	53.65	66.00	83.20	
01399670	0306	19770306	20140306	38	32.16	43.54	6.50	216.00		6.59	8.78	10.80	11.80	12.00	12.70	14.00	14.60	16.00	17.00	19.45	20.80	26.05	30.60	34.00	37.40	44.35	65.40	190.35	
01399670	0307	19770307	20140307	38	32.33	44.98	6.10	280.00		8.00	8.93	10.85	11.00	13.00	13.00	14.00	16.60	23.10	24.00	24.45	25.00	26.00	28.60	31.00	35.60	49.75	60.70	91.90	
01399670	0308	19770308	20140308	38	37.14	76.67	5.40	490.00		8.82	10.90	11.00	12.00	12.00	12.70	17.25	20.20	22.00	22.50	23.45	25.40	30.00	33.00	38.50	41.20	44.00	45.40	83.40	
01399670	0309	19770309	20140309	38	30.66	32.08	5.20	151.00		7.67	9.41	10.85	12.00	12.75	13.00	13.65	17.00	19.10	22.00	22.00	26.20	28.70	30.60	33.50	38.40	43.45	59.70	135.80	
01399670	0310	19770310	20140310	38	35.59	60.62	7.90	321.00		8.09	9.03	11.00	12.00	13.00	13.70	14.65	15.00	16.00	17.50	21.90	24.40	26.00	26.30	30.25	31.40	41.15	54.50	242.15	
01399670	0311	19770311	20140311	38	33.27	52.83	5.30	324.00		8.15	9.85	11.00	11.80	12.00	15.00	16.65	18.60	19.00	20.00	20.45	22.40	23.00	25.60	27.00	30.80	43.80	71.80	120.70	
01399670	0312	19770312	20140312	38	27.44	19.81	5.00	91.00		9.46	11.80	13.00	13.00	15.25	17.00	18.00	18.00	19.00	20.50	22.00	22.00	23.35	27.10	34.50	36.20	51.45	64.00	73.90	
01399670	0313	19770313	20140313	38	39.63	66.29	6.50	407.00		8.40	9.23	12.00	13.80	15.75	16.00	18.30	19.00	20.00	20.00	21.00	24.20	30.35	35.60	37.25	43.20	47.40	76.40	146.70	
01399670	0314	19770314	20140314	38	48.47	80.92	6.30	423.00		8.29	10.00	11.00	12.00	13.00	13.70	14.65	16.00	17.00	18.00	21.90	23.40	25.40	31.30	32.25	44.40	105.40	126.80	268.15	
01399670	0315	19770315	20140315	38	32.37	37.90	5.40	185.00		8.06	9.46	9.96	11.00	12.50	13.70	14.65	15.00	15.55	17.00	19.00	22.80	24.35	26.60	29.25	32.60	79.40	95.70	116.60	
01399670	0316	19770316	20140316	38	25.40	20.82	5.20	89.00		7.76	9.46	9.77	10.80	13.00	13.70	14.00	15.00	16.00	18.00	19.00	22.00	22.35	24.60	29.25	31.00	49.95	71.10	72.85	
01399670	0317	19770317	20140317	38	26.62	23.05	4.70	113.00		7.83	9.00	9.57	11.80	12.00	13.40	15.00	16.20	17.55	19.50	20.90	22.00	23.00	26.90	33.25	36.80	52.00	55.10	95.90	
01399670	0318	19770318	20140318	38	28.44	23.78	7.60	107.00		8.55	8.79	10.70	11.00	13.75	15.70	17.00	18.00	19.00	20.50	21.90	24.00	26.35	27.30	34.25	42.40	46.30	61.60	98.45	
01399670	0319	19770319	20140319	38	33.97	38.14	7.60	205.00		8.17	8.67	11.00	12.00	13.00	14.00	14.00	18.00	19.55	21.00	23.00	26.00	30.35	33.60	36.50	39.40	52.15	94.90	114.75	
01399670	0320	19770320	20140320	38	35.54	30.62	7.90	132.00		8.00	8.55	11.00	11.00	12.50	13.70	16.65	19.20	21.55	24.00	25.45	31.40	33.35	40.10	51.25	62.20	72.25	86.60	100.65	
01399670	0321	19770321	20140321	38	44.75	60.48	7.00	336.00		7.38	8.24	11.00	12.00	15.25	16.70	18.65	20.60	22.00	23.50	31.80	35.40	37.35	38.30	39.75	56.20	73.35	102.80	173.55	
01399670	0322	19770322	20140322	38	50.70	76.61	6.80	350.00		7.18	8.28	10.00	11.80	13.00	14.70	16.30	19.20	20.55	21.00	22.00	29.00	33.70	38.60	52.00	60.20	82.10	141.90	304.40	
01399670	0323	19770323	20140323	38	34.19	34.93	6.60	167.00		7.36	9.41	10.85	11.80	12.00	13.00	14.95	16.60	17.55	19.50	22.45	27.40	28.35	37.00	46.25	50.80	60.00	100.70	113.80	
01399670	0324	19770324	20140324	38	36.35	45.06	6.00	265.00		7.14	8.88	9.76	11.00	11.00	11.70	13.95	16.20	18.55	20.00	22.90	27.00	35.05	38.30	49.75	62.40	68.45	72.90	102.55	
01399670	0325	19770325	20140325	38	29.43	26.21	6.20	117.00		6.87	8.32	9.32	10.00	11.75	12.70	14.65	17.00	18.00	19.00	21.45	23.00	28.75	33.30	36.50	41.80	60.20	72.60	91.35	
01399670	0326	19770326	20140326	38	28.09	24.94	6.50	115.00		6.79	8.62	9.44	11.58	13.00	14.40	16.65	17.60	19.65	21.00	22.00	23.20	27.00	29.00	31.25	36.20	45.05	57.40	102.65	
01399670	0327	19770327	20140327	38	33.98	37.96	6.80	187.00		6.89	8.65	9.37	10.00	12.00	13.40	15.65	17.60	18.00	20.00	21.45	23.00	24.70	28.60	32.50	50.20	72.95	90.10	115.75	
01399670	0328	19770328	20140328	38	36.01	42.47	6.20	181.00		7.15	8.79	9.34	9.96	11.00	13.70	15.00	16.00	17.10	18.50	20.45	23.00	25.35	26.60	37.00	57.60	86.30	93.20	176.25	
01399670	0329	19770329	20140329	38	36.09	40.19	6.20	177.00		7.05	8.80	9.09	9.88	10.75	14.00	15.30	16.60	18.00	19.00	20.45	21.00	22.00	30.60	49.25	62.40	78.20	97.30	146.60	
01399670	0330	19770330	20140330	38	41.97	55.87	6.00	236.00		8.09	8.69	9.26	10.80	13.25	14.70	15.65	16.60	18.55	19.00	22.90	26.20	35.75	40.00	42.25	53.60	62.75	117.00	228.40	
01399670	0331	19770331	20140331	38	38.37	38.81	6.30	167.00		8.11	8.87	9.85	13.80	14.00	15.70	17.00	18.00	19.55	21.50	23.35	26.80	35.35	37.90	44.00	56.20	86.10	110.00	134.70	
01399670	0401	19770401	20140401	38	32.43	26.60	8.00	103.00		8.47	9.97	11.85	13.00	14.00	14.70	17.30	18.00	19.55	21.00	23.00	32.00	33.00	33.30	37.50	48.20	68.30	78.20	101.10	
01399670	0402	19770402	20140402	38	46.14	81.99	7.30	497.00		7.39	8.23	10.69	12.80	14.00	16.40	17.65	19.60	20.55	22.50	25.00	27.40	29.35	38.00	40.25	45.80	69.50	122.50	153.10	
01399670	0403	19770403	20140403	38	38.71	42.54	6.50	188.00		7.54	8.27	9.94	11.80	12.75	13.70	16.65	18.00	22.10	24.00	26.00	28.20	35.35	37.30	44.25	54.60	64.05	106.10	172.80	
01399670	0404	19770404	20140404	38	45.21	69.01	5.90	387.00		7.61	9.83	11.85	12.00	12.00	16.10	17.65	23.40	25.00	26.50	28.45	31.20	33.70	36.00	37.50	45.20	65.30	100.30	228.35	
01399670	0405	19770405	20140405	38	49.75	103.10	5.40	600.00		7.39	7.87	9.57	11.00	12.75	14.40	16.65	18.60	19.00	21.00	24.45	29.00	31.00	31.90	35.50	42.20	54.75	110.00	294.10	
01399670	0406	19770406	20140406	38	33.49	40.92	7.00	210.00		7.09	7.56	9.04	9.98	11.75	16.70	17.00	17.00	18.55	21.00	23.45	24.00	25.70	29.00	31.00	33.20	55.80	87.20	147.30	
01399670	0407	19770407	20140407	38	27.49	27.03	5.10	120.00		6.24	7.64	8.54	9.80	11.50	14.40	16.00	16.60	17.55	19.00	21.45	22.40	24.70	27.30	29.00	33.80	39.45	65.30	105.75	
01399670	0408	19770408	20140408	38	27.31	26.09	4.80	132.00		6.32	7.92	9.10	9.90	12.00	13.70	16.00	17.00	17.55	18.50	19.45	22.40	25.35	26.90	30.25	36.60	44.05	56.50	92.10	
01399670	0409	19770409	20140409	38	27.77	27.16	4.30	155.00		6.11	8.08	10.76	11.00	12.00	14.70	15.00	18.00	19.00	20.00	21.45	24.40	27.35	29.30	31.75	36.40	38.60	57.20	89.45	
01399670	0410	19770410	20140410	38	36.13	54.39	3.60	296.00		6.36	8.15	10.00	10.80	11.75	14.00	14.65	16.00	17.55	20.00	23.35	25.00	28.35	29.90	36.50	41.20	46.35	68.90	201.95	
01399670	0411	19770411	20140411	38	25.06	20.43	3.90	90.00		5.51	8.82	9.98	11.00	12.50	13.70	14.00	15.20	17.00	19.00	20.45	21.80	24.35	26.60	29.25	38.20	42.15	45.80	90.00	
01399670	0412	19770412	20140412	38	25.43	21.59	3.80	127.00		5.32	8.82	9.64	10.80	12.75	13.00	16.00	17.60	19.55	21.50	22.00	23.20	26.05	29.30	30.75	34.40	36.45	40.70	70.00	
01399670	0413	19770413	20140413	38	30.21	32.87	3.10	133.00		6.14	8.69	9.37	9.48	10.65	12.70	15.00	18.00	18.55	19.00	20.00	23.40	25.35	28.00	30.25	35.60	44.30	101.90	125.40	
01399670	0414	19770414	20140414	38	24.82	22.58	3.00	112.00		7.28	9.04	9.37	9.84	10.75	13.70	14.65	15.60	17.00	18.00	19.45	20.40	22.05	24.30	27.00	30.00	37.30	65.30	80.65	
01399670	0415	19770415	20140415	38	44.57	107.30	3.00	646.00		7.37	9.10	9.30	9.72	10.75	14.40	15.65	17.60	18.00	19.00	20.00	22.00	24.00	25.60	34.25	40.00	42.90	56.10	261.25	
01399670	0416	19770416	20140416	38	66.88	126.87	3.40	593.00		7.39	8.68	9.20	9.96	13.00	13.70	15.00	16.60	18.55	19.50	21.45	23.80	28.35	30.80	67.25	70.80	109.50	192.20	513.20	
01399670	0417	19770417	20140417	38	40.73	60.62	2.50	302.00		6.96	8.29	9.10	11.80	12.75	13.70	14.65	17.00	18.00	18.50	21.45	23.80	26.40	30.50	38.00	45.00	66.05	111.50	234.55	
01399670	0418	19770418	20140418	38	25.95	19.18	2.10	75.00		6.09	7.80	9.05	10.00	12.00	13.00	14.30	16.60	18.00	21.00	22.45	24.00	26.40	31.30	34.00	38.60	47.60	61.90	73.10	
01399670	0419	19770419	20140419	38	21.88	15.19	2.20	75.00		5.71	7.84	9.00	9.66	11.00	11.70	14.30	15.00	16.00	17.00	20.45	22.00	23.00	27.00	28.25	30.20	34.35	43.60	57.90	
01399670	0420	19770420	20140420	38	22.62	16.66	3.60	84.00		5.69	7.07	8.88	10.68	11.00	12.00	14.00	14.60	16.10	18.50	20.00	20.40	22.05	24.30	27.25	34.60	42.00	48.20	58.35	
01399670	0421	19770421	20140421	38	22.48	20.70	2.40	127.00		5.44	7.12	8.62	9.74	11.75	13.70	15.00	16.60	17.55	18.50	19.00	20.40	21.70	23.00	24.00	27.60	32.90	41.00	60.50	
01399670	0422	19770422	20140422	38	21.39	13.37	2.10	68.00		6.75	8.10	10.64	11.80	13.50	15.00	15.65	16.60	17.00	18.00	19.00	19.40	21.00	21.30	24.25	27.80	37.90	44.00	48.05	
01399670	0423	19770423	20140423	38	27.47	32.53	1.90	150.00		5.70	8.16	9.98	11.00	12.75	13.00	14.65	15.00	16.00	17.00	17.45	18.40	20.35	22.30	24.50	34.20	36.05	67.50	141.45	
01399670	0424	19770424	20140424	38	22.50	17.91	2.00	91.00		4.85	8.96	9.65	10.80	12.00	13.00	14.65	16.00	17.00	17.50	18.00	18.00	21.00	22.00	25.50	28.80	34.55	49.20	70.10	
01399670	0425	19770425	20140425	38	23.13	22.07	2.00	126.00		7.22	8.72	9.15	9.82	12.00	13.00	14.65	15.00	15.00	15.50	16.45	17.00	18.35	24.60	28.00	29.20	33.50	58.00	63.30	
01399670	0426	19770426	20140426	38	26.90	22.14	1.90	103.00		7.12	8.06	9.21	9.38	11.35	13.00	14.00	14.00	15.55	17.00	22.25	26.20	30.70	33.00	33.50	40.00	53.00	66.10	74.50	
01399670	0427	19770427	20140427	38	28.37	34.02	1.90	205.00		5.51	7.47	8.40	8.76	10.62	12.00	12.65	14.20	15.55	18.50	19.45	21.20	27.10	36.00	37.50	41.40	46.05	52.60	80.55	
01399670	0428	19770428	20140428	38	29.58	29.46	1.80	136.00		6.93	7.93	8.47	10.00	10.75	12.00	14.65	15.00	15.55	18.00	21.90	24.20	27.35	28.60	33.00	41.20	66.15	74.80	107.50	
01399670	0429	19770429	20140429	38	21.10	14.12	1.80	71.00		6.64	7.87	9.30	10.00	11.00	11.70	12.65	14.00	14.55	16.00	18.90	21.00	23.35	27.00	27.50	31.80	35.75	40.50	48.20	
01399670	0430	19770430	20140430	38	33.74	92.16	1.70	578.00		7.12	8.49	8.98	9.46	9.72	11.70	13.00	13.00	14.10	15.50	16.45	18.40	19.35	20.90	24.00	28.20	29.15	32.30	129.60	
01399670	0501	19770501	20140501	38	24.92	46.65	1.80	297.00		6.93	7.56	8.46	9.26	10.75	11.00	12.65	14.20	15.00	16.50	18.00	19.00	21.35	22.00	22.25	24.20	25.00	27.30	81.35	
01399670	0502	19770502	20140502	38	25.22	27.84	4.80	148.00		6.89	8.38	9.24	9.88	11.00	11.70	12.00	14.00	14.55	15.50	17.00	19.40	21.00	23.00	23.25	29.40	38.65	70.10	93.85	
01399670	0503	19770503	20140503	38	24.73	23.65	6.60	122.00		6.70	8.27	8.86	9.52	10.75	11.70	12.65	13.60	15.00	17.50	18.45	21.00	22.70	25.00	27.25	31.60	36.95	63.90	80.20	
01399670	0504	19770504	20140504	38	23.64	29.05	6.10	185.00		6.29	7.88	8.93	9.46	10.75	11.70	12.65	13.60	15.55	17.50	18.00	19.00	20.70	25.30	27.00	31.00	33.20	40.10	57.70	
01399670	0505	19770505	20140505	38	19.09	10.38	6.10	44.00		7.14	8.39	8.69	9.28	10.75	11.70	12.00	13.00	16.55	17.00	17.90	19.40	20.00	24.00	25.50	27.80	32.15	36.10	44.00	
01399670	0506	19770506	20140506	38	24.28	27.61	6.40	145.00		6.40	7.78	8.34	9.32	10.62	11.00	12.00	13.00	14.00	16.50	18.00	19.00	21.00	21.30	27.00	28.20	31.90	44.00	97.50	
01399670	0507	19770507	20140507	38	25.21	46.93	5.90	297.00		5.90	7.10	7.69	7.88	9.65	11.00	11.00	12.00	12.55	14.50	16.00	16.40	18.35	20.30	22.50	26.20	29.20	52.00	65.20	
01399670	0508	19770508	20140508	38	21.95	20.28	6.50	105.00		6.69	7.36	9.09	9.40	9.80	10.67	12.65	13.00	14.00	14.50	16.45	17.40	19.00	19.90	26.75	29.60	36.15	51.20	78.40	
01399670	0509	19770509	20140509	38	22.00	22.42	6.10	137.00		6.67	7.33	8.05	10.62	11.75	12.00	12.00	14.00	14.00	16.50	17.00	17.40	18.35	21.50	25.25	27.80	37.00	40.40	61.95	
01399670	0510	19770510	20140510	38	24.97	41.21	6.60	250.00		6.88	7.48	7.69	10.68	11.00	11.00	12.30	13.00	13.55	14.50	16.00	17.00	18.00	19.00	21.50	24.20	26.60	38.60	113.20	
01399670	0511	19770511	20140511	38	30.48	46.04	6.80	226.00		6.80	7.39	8.61	9.82	10.00	11.70	12.00	12.00	14.10	15.00	15.45	16.00	17.00	17.00	19.25	24.40	67.20	92.10	169.00	
01399670	0512	19770512	20140512	38	29.82	47.96	5.90	265.00		6.18	6.95	8.20	8.88	9.97	11.70	12.65	13.00	13.55	15.00	17.00	17.00	18.35	20.30	22.50	30.40	47.75	61.50	159.55	
01399670	0513	19770513	20140513	38	23.71	33.32	5.70	207.00		6.08	6.49	7.89	8.92	9.88	11.00	12.00	13.00	13.55	14.50	15.45	16.40	17.70	19.30	22.25	29.80	42.15	47.20	66.40	
01399670	0514	19770514	20140514	38	22.49	30.74	4.90	181.00		5.66	6.74	8.12	9.00	9.43	10.67	12.00	12.60	13.55	14.00	15.00	15.40	17.00	18.00	21.00	25.80	30.90	40.60	98.35	
01399670	0515	19770515	20140515	38	18.23	12.45	3.90	55.00		5.42	6.09	8.17	8.70	9.62	10.00	10.65	12.60	13.00	14.00	14.90	16.80	18.35	20.60	22.75	27.20	33.75	38.10	49.30	
01399670	0516	19770516	20140516	38	27.09	30.92	4.40	164.00		5.25	6.03	7.88	8.48	9.40	9.97	11.65	12.60	14.00	15.00	16.45	21.20	26.00	30.90	33.75	38.20	43.70	62.30	107.00	
01399670	0517	19770517	20140517	38	27.50	49.25	5.10	292.00		5.29	6.25	7.94	8.72	9.10	9.88	10.65	12.60	13.00	13.50	14.00	16.40	18.00	21.30	30.00	31.00	32.75	44.00	141.90	
01399670	0518	19770518	20140518	38	22.04	18.73	5.20	81.00		6.81	8.22	8.79	9.14	11.75	12.00	12.65	13.00	13.00	15.00	15.45	17.00	20.70	22.00	24.50	28.80	36.85	56.20	77.20	
01399670	0519	19770519	20140519	38	23.52	24.79	6.60	145.00		6.98	8.03	8.74	10.68	11.00	12.70	13.65	14.00	14.55	16.00	16.90	18.00	19.00	19.30	22.50	28.00	45.45	50.10	66.15	
01399670	0520	19770520	20140520	38	21.89	21.73	4.70	105.00		5.94	7.72	8.47	8.82	10.72	13.00	13.00	13.00	14.55	15.50	16.00	17.00	18.00	19.30	22.50	25.80	33.90	45.80	98.35	
01399670	0521	19770521	20140521	38	19.52	16.15	5.70	89.00		6.94	8.27	9.51	10.00	10.75	11.00	11.00	12.00	12.55	13.00	13.45	15.40	17.00	18.90	25.50	28.80	33.00	35.80	59.55	
01399670	0522	19770522	20140522	38	16.89	10.14	5.50	52.00		5.97	8.26	8.79	9.18	9.38	9.88	10.65	11.60	12.55	13.00	13.45	16.40	18.00	20.20	24.00	25.20	26.45	31.00	40.60	
01399670	0523	19770523	20140523	38	20.06	22.41	5.30	136.00		5.58	6.49	8.30	8.48	9.68	9.97	11.00	11.00	12.00	13.50	14.00	15.40	17.00	19.30	21.25	25.40	33.00	38.10	58.10	
01399670	0524	19770524	20140524	38	26.94	37.27	5.20	192.00		5.39	6.85	7.87	9.28	9.75	9.97	10.00	11.60	12.00	12.50	13.45	14.40	16.35	18.60	28.25	33.40	45.50	72.70	129.30	
01399670	0525	19770525	20140525	38	23.06	28.35	3.50	138.00		5.69	7.38	7.67	9.08	9.28	9.82	11.00	11.00	12.00	13.00	13.45	16.00	17.70	19.00	20.00	25.40	38.30	61.80	110.45	
01399670	0526	19770526	20140526	38	22.70	31.30	2.70	183.00		6.03	7.64	8.49	8.96	9.47	10.70	11.00	11.00	11.55	13.00	14.00	16.00	17.35	19.30	23.50	27.00	31.60	39.20	100.35	
01399670	0527	19770527	20140527	38	22.67	32.30	2.30	161.00		6.29	7.06	8.00	8.54	9.18	9.54	9.89	11.00	12.00	14.00	14.00	15.00	16.00	18.30	21.00	25.20	26.60	36.90	140.10	
01399670	0528	19770528	20140528	38	19.14	23.58	4.60	143.00		5.55	6.15	6.96	7.78	8.12	9.27	9.77	10.00	11.00	11.50	13.00	13.40	14.35	20.30	21.00	25.40	28.15	38.30	57.50	
01399670	0529	19770529	20140529	38	27.95	52.73	5.30	303.00		5.68	6.78	8.05	8.76	9.10	9.40	9.73	9.90	10.00	11.00	12.45	14.00	17.70	19.00	20.00	21.20	29.40	68.40	150.05	
01399670	0530	19770530	20140530	38	27.08	53.19	5.20	299.00		5.67	6.10	6.71	7.34	8.18	8.78	9.00	9.20	9.76	10.90	12.90	15.00	15.35	17.00	17.25	18.20	23.00	92.40	148.90	
01399670	0531	19770531	20140531	38	20.44	28.07	4.80	140.00		5.66	6.17	6.99	7.42	7.97	8.27	8.37	9.80	11.00	11.00	11.00	12.40	14.35	16.00	22.25	23.60	26.30	46.70	119.10	
01399670	0601	19770601	20140601	38	23.72	36.99	5.70	198.00		5.70	5.99	7.11	7.90	8.10	9.28	9.50	10.60	11.00	13.50	15.00	16.40	17.00	17.30	18.75	23.40	30.60	41.40	141.95	
01399670	0602	19770602	20140602	38	26.73	38.40	5.30	193.00		5.58	6.55	7.57	8.16	8.57	9.70	11.00	11.00	12.00	12.50	14.45	15.40	17.35	18.60	21.00	29.80	46.15	78.90	141.70	
01399670	0603	19770603	20140603	38	19.74	25.13	4.20	139.00		5.15	6.04	7.29	7.60	8.38	9.14	9.49	9.88	10.55	11.00	12.45	13.80	15.35	16.60	20.50	24.20	31.30	39.20	93.40	
01399670	0604	19770604	20140604	38	25.70	41.68	3.80	235.00		4.84	5.63	6.89	7.54	8.40	9.04	10.00	11.20	13.00	15.00	15.45	16.40	18.00	19.60	26.75	30.20	34.45	44.80	143.80	
01399670	0605	19770605	20140605	38	22.66	29.35	4.70	149.00		4.99	5.30	6.76	7.26	8.53	9.25	9.83	11.80	13.00	13.00	14.00	16.40	18.05	22.00	23.00	25.20	29.00	48.70	105.30	
01399670	0606	19770606	20140606	38	23.54	43.98	4.70	252.00		4.70	6.08	7.42	9.16	9.30	9.40	9.89	10.60	11.00	12.00	12.00	12.40	13.00	14.60	19.25	25.20	26.00	37.40	145.60	
01399670	0607	19770607	20140607	38	32.51	50.38	4.80	276.00		4.89	6.69	7.83	8.78	9.38	10.00	10.65	11.60	12.00	12.00	13.90	17.40	19.05	23.00	33.25	42.80	61.15	94.10	144.90	
01399670	0608	19770608	20140608	38	22.99	32.69	4.60	155.00		4.88	6.09	6.47	7.22	8.57	9.21	9.30	9.88	10.55	11.00	12.00	12.80	15.00	16.30	18.75	27.00	37.30	58.30	137.90	
01399670	0609	19770609	20140609	38	24.34	40.98	2.90	198.00		4.33	5.14	7.37	8.40	8.62	8.91	9.43	9.80	11.55	12.00	12.90	15.00	15.70	18.30	20.75	23.20	34.00	37.50	181.85	
01399670	0610	19770610	20140610	38	22.12	31.62	4.40	142.00		4.50	5.89	7.66	7.94	8.35	8.50	9.79	10.60	11.55	12.50	13.00	15.40	16.00	17.30	18.00	22.20	28.45	38.10	142.00	
01399670	0611	19770611	20140611	38	21.21	32.44	4.50	138.00		4.69	6.21	6.94	7.64	7.88	8.10	8.53	9.76	10.00	11.00	11.00	12.00	12.00	14.00	16.25	18.80	25.50	41.90	132.30	
01399670	0612	19770612	20140612	38	19.58	23.67	4.60	138.00		6.21	7.07	7.27	7.82	8.60	8.94	9.50	9.92	10.55	11.00	12.00	12.40	13.70	15.30	18.75	28.80	36.15	45.30	62.95	
01399670	0613	19770613	20140613	38	29.88	42.09	5.00	227.00		5.57	6.83	6.99	8.24	8.72	9.04	9.60	9.92	11.55	12.00	13.90	15.40	17.05	28.10	37.25	40.40	62.35	90.20	103.50	
01399670	0614	19770614	20140614	38	24.48	24.28	5.10	98.00		6.14	6.96	7.42	8.26	8.57	8.67	11.02	12.00	12.00	12.50	13.90	15.80	18.35	22.00	40.00	43.80	53.45	66.10	85.65	
01399670	0615	19770615	20140615	38	19.17	16.71	6.10	60.00		6.20	6.50	6.79	7.42	8.15	8.44	9.65	11.00	11.00	12.00	13.00	15.00	15.35	17.60	21.50	27.80	45.30	56.20	59.05	
01399670	0616	19770616	20140616	38	17.95	21.48	4.30	108.00		5.25	6.27	6.58	7.08	7.47	7.78	8.59	8.96	9.41	10.00	11.00	11.80	14.35	17.30	20.25	21.40	25.75	32.20	89.95	
01399670	0617	19770617	20140617	38	21.28	27.15	0.42	134.00		4.01	5.21	6.29	6.40	6.72	7.14	7.59	8.42	8.81	10.50	12.45	15.40	16.35	18.60	21.00	27.20	37.80	67.30	84.60	
01399670	0618	19770618	20140618	38	22.06	33.31	4.00	168.00		4.86	5.47	6.14	6.40	6.65	6.87	7.20	7.96	8.05	9.40	11.45	16.00	17.00	18.00	21.25	25.60	34.40	49.20	134.75	
01399670	0619	19770619	20140619	38	22.41	26.36	4.20	133.00		5.05	5.86	6.42	6.68	6.90	7.41	7.56	10.32	12.00	15.00	16.00	17.00	19.00	23.30	25.50	30.40	38.90	48.10	103.55	
01399670	0620	19770620	20140620	38	21.42	25.42	3.90	132.00		5.04	5.47	6.05	6.76	7.17	7.44	8.32	9.18	12.65	14.00	14.45	15.00	16.35	18.00	19.50	36.20	42.00	48.90	89.25	
01399670	0621	19770621	20140621	38	21.34	33.41	5.10	171.00		5.10	5.38	5.50	5.76	6.17	6.54	7.54	9.02	11.00	12.00	13.00	14.00	15.00	16.00	16.75	19.20	31.30	49.20	133.00	
01399670	0622	19770622	20140622	38	20.84	22.81	4.80	130.00		5.08	5.79	6.78	7.62	7.95	8.14	10.62	12.20	13.00	13.50	14.00	15.00	16.00	19.60	26.00	30.20	38.35	47.00	63.50	
01399670	0623	19770623	20140623	38	22.63	28.50	4.10	129.00		4.58	5.38	5.80	6.22	6.45	6.71	7.26	7.68	10.05	13.00	14.45	15.40	16.35	17.30	19.25	29.80	42.55	78.60	94.80	
01399670	0624	19770624	20140624	38	25.66	34.52	3.60	156.00		4.26	4.59	5.56	6.08	6.40	7.41	9.37	10.00	11.55	12.50	14.00	15.40	16.00	20.30	24.25	31.80	53.25	82.10	130.35	
01399670	0625	19770625	20140625	38	24.58	28.47	3.00	129.00		3.29	4.30	6.27	6.48	7.25	8.77	9.93	11.60	12.55	13.00	14.00	15.20	17.00	22.30	27.75	35.60	62.60	73.10	89.10	
01399670	0626	19770626	20140626	38	24.47	30.17	3.30	140.00		3.40	4.28	5.79	7.18	8.00	8.91	9.23	10.00	12.00	12.00	12.45	16.00	18.00	18.30	21.50	32.00	66.00	73.10	93.45	
01399670	0627	19770627	20140627	38	21.74	29.33	3.30	130.00		3.77	5.09	5.87	6.58	7.22	7.57	7.89	8.28	8.81	9.50	10.45	11.40	14.35	16.30	19.00	24.20	35.70	78.20	95.80	
01399670	0628	19770628	20140628	38	30.80	70.26	3.30	423.00		3.58	4.77	5.47	6.12	6.47	6.94	7.23	9.28	10.55	11.50	12.45	13.40	15.35	16.30	17.25	25.80	56.15	73.30	143.70	
01399670	0629	19770629	20140629	38	22.90	30.55	3.50	128.00		4.45	5.16	5.60	6.06	6.70	7.94	8.46	10.00	10.00	12.00	13.45	14.00	15.00	15.30	18.75	24.20	49.55	74.50	123.25	
01399670	0630	19770630	20140630	38	25.83	40.61	3.60	215.00		4.55	4.70	5.39	5.96	6.17	6.41	8.25	9.76	11.00	13.00	13.00	14.80	16.35	18.30	20.00	27.40	48.10	74.60	132.35	
01399670	0701	19770701	20140701	38	36.93	69.27	3.00	337.00		4.04	4.48	5.17	5.38	5.67	6.18	6.90	7.80	9.51	12.50	13.00	14.40	17.00	19.30	23.00	35.40	65.50	133.10	221.10	
01399670	0702	19770702	20140702	38	30.06	43.36	2.80	199.00		4.13	4.88	5.46	5.94	6.08	6.72	9.53	11.20	12.00	13.00	14.00	16.00	19.10	25.80	37.00	44.20	51.75	80.10	155.30	
01399670	0703	19770703	20140703	38	23.75	26.55	2.80	129.00		4.22	4.68	4.99	7.56	9.28	10.70	11.00	11.00	12.00	14.00	15.00	16.40	22.35	25.00	26.00	26.00	51.90	70.40	85.30	
01399670	0704	19770704	20140704	38	21.05	27.43	3.20	144.00		3.96	4.49	4.77	6.24	7.25	8.95	9.46	10.60	12.00	12.00	13.90	15.40	17.00	18.00	19.25	21.20	27.90	57.80	87.00	
01399670	0705	19770705	20140705	38	32.06	48.51	2.80	199.00		3.94	4.49	4.99	6.26	7.25	8.47	9.23	9.56	9.71	11.50	12.00	13.20	15.70	18.00	37.75	51.20	69.75	91.90	176.20	
01399670	0706	19770706	20140706	38	26.06	43.34	2.40	231.00		4.01	4.38	5.42	5.92	7.12	7.85	8.29	8.56	9.43	9.85	9.95	11.80	13.70	16.30	19.25	27.00	57.30	85.00	122.70	
01399670	0707	19770707	20140707	38	43.35	99.88	2.40	550.00		4.11	4.56	5.67	5.98	6.42	7.20	7.39	8.22	8.55	9.75	10.45	11.00	13.70	16.00	20.50	31.80	79.60	129.30	256.45	
01399670	0708	19770708	20140708	38	35.85	60.60	2.20	259.00		3.62	4.48	4.97	5.96	6.10	6.85	8.32	8.90	10.00	12.00	12.45	14.00	16.35	20.50	33.25	52.00	59.20	135.30	242.85	
01399670	0709	19770709	20140709	38	36.82	61.79	2.20	257.00		3.53	4.10	5.80	6.10	7.22	7.64	9.55	10.00	11.00	13.00	14.45	16.40	17.00	18.30	37.00	44.60	68.55	130.30	255.10	
01399670	0710	19770710	20140710	38	32.62	52.12	2.40	239.00		3.35	3.89	5.27	6.02	6.55	7.92	8.33	8.94	10.55	12.00	13.00	15.40	16.35	21.60	26.00	34.80	70.25	128.50	168.70	
01399670	0711	19770711	20140711	38	30.32	49.32	2.20	238.00		3.25	4.05	5.12	5.78	5.80	6.21	6.76	7.80	9.20	9.50	10.62	13.00	13.00	14.00	24.25	54.40	83.60	93.60	147.75	
01399670	0712	19770712	20140712	38	38.39	58.82	2.00	253.00		3.23	3.77	4.99	5.58	5.85	5.97	6.17	7.56	8.88	10.50	11.45	12.00	14.35	20.30	53.25	83.20	115.50	129.20	172.25	
01399670	0713	19770713	20140713	38	49.09	74.61	2.00	301.00		2.95	3.64	4.99	5.68	6.10	6.37	7.45	8.76	10.10	12.00	13.45	18.00	26.85	41.40	63.50	87.20	131.25	177.20	261.10	
01399670	0714	19770714	20140714	38	42.55	67.65	2.10	259.00		2.86	4.62	4.90	5.24	6.20	6.86	7.46	8.32	8.86	10.00	11.00	12.80	18.10	38.90	45.75	80.60	91.80	177.40	255.20	
01399670	0715	19770715	20140715	38	33.81	55.34	2.70	255.00		3.65	4.35	4.67	5.08	5.35	6.00	7.85	9.04	9.46	11.00	11.45	13.60	27.05	31.00	33.00	37.60	68.95	91.40	184.70	
01399670	0716	19770716	20140716	38	36.10	58.55	3.00	259.00		3.38	4.08	4.30	5.70	6.22	6.47	7.58	8.22	9.29	10.40	13.45	14.80	20.05	26.90	33.75	46.60	68.50	121.30	193.45	
01399670	0717	19770717	20140717	38	39.73	65.71	2.60	268.00		3.74	3.99	4.10	4.70	5.58	6.56	6.80	7.08	8.31	9.45	10.90	14.40	16.05	23.90	32.75	47.00	135.45	155.10	215.75	
01399670	0718	19770718	20140718	38	39.59	68.24	2.50	287.00		3.45	3.90	4.64	5.16	6.30	6.64	6.96	8.38	8.72	11.00	12.00	13.00	14.00	17.10	28.25	57.80	102.25	155.50	233.80	
01399670	0719	19770719	20140719	38	36.61	66.77	3.80	292.00		4.28	5.17	5.47	5.66	6.03	6.40	6.60	7.46	8.22	8.85	10.90	12.00	14.35	15.30	17.50	31.20	79.85	145.00	224.55	
01399670	0720	19770720	20140720	38	34.12	59.60	3.30	285.00		3.68	4.69	5.27	5.66	6.17	6.57	7.00	7.22	8.09	8.90	10.45	11.40	12.35	13.60	31.75	55.40	64.80	131.00	187.15	
01399670	0721	19770721	20140721	38	34.73	56.73	3.40	260.00		3.59	4.19	4.72	5.00	5.62	6.01	6.37	6.96	7.94	9.15	10.00	10.40	16.80	25.20	42.50	56.60	72.50	122.70	198.25	
01399670	0722	19770722	20140722	38	40.17	64.25	3.00	253.00		3.00	3.93	4.60	4.86	5.42	6.27	7.76	8.48	9.07	10.50	11.45	13.80	23.40	29.30	35.00	54.60	111.85	137.90	235.90	
01399670	0723	19770723	20140723	38	48.97	80.71	2.40	329.00		2.88	3.44	4.69	4.88	5.22	6.00	7.24	9.02	10.00	11.00	12.45	15.20	20.35	22.30	56.00	107.60	128.15	158.10	294.80	
01399670	0724	19770724	20140724	38	43.45	63.47	2.40	239.00		2.50	3.16	4.41	5.28	5.40	6.35	6.86	8.04	9.79	11.00	12.00	14.00	15.00	31.00	71.50	93.60	117.45	144.40	209.55	
01399670	0725	19770725	20140725	38	31.21	54.09	2.20	266.00		2.29	3.71	3.98	4.86	5.50	6.30	6.86	7.28	8.46	8.60	9.13	10.40	11.00	14.60	28.00	41.40	82.05	121.40	147.25	
01399670	0726	19770726	20140726	38	38.62	56.85	2.20	274.00		3.15	4.00	4.64	5.38	5.50	6.43	7.76	8.94	9.46	10.50	13.90	21.40	24.70	34.30	48.75	82.20	87.30	126.10	166.65	
01399670	0727	19770727	20140727	38	36.60	56.41	2.00	279.00		3.71	4.25	4.69	5.46	5.97	6.78	7.95	8.58	11.05	15.00	18.35	20.40	21.70	26.10	41.00	55.00	85.55	114.40	178.30	
01399670	0728	19770728	20140728	38	40.70	70.35	2.30	283.00		3.25	3.85	4.18	5.08	5.92	6.38	8.12	9.72	10.55	12.00	13.90	16.80	22.05	28.00	33.25	52.40	60.95	179.10	245.00	
01399670	0729	19770729	20140729	38	31.59	58.00	3.30	292.00		3.87	4.08	4.74	5.16	5.85	7.27	8.23	8.36	8.82	9.40	10.39	11.80	14.35	16.00	22.25	42.80	55.50	116.10	194.15	
01399670	0730	19770730	20140730	38	31.48	61.24	2.00	292.00		2.95	4.01	4.30	5.16	5.88	6.47	6.76	7.24	7.82	8.20	9.73	12.40	14.00	16.30	20.50	29.20	49.60	94.50	203.65	
01399670	0731	19770731	20140731	38	33.18	60.29	1.70	283.00		2.94	3.99	4.54	5.60	5.78	6.71	7.29	9.20	12.10	13.00	14.90	17.00	19.05	21.30	28.25	42.00	49.15	65.70	226.00	
01399670	0801	19770801	20140801	38	33.17	59.51	1.60	280.00		2.93	4.45	5.51	5.80	6.22	6.64	8.72	9.20	10.00	11.00	12.45	13.40	17.80	27.90	36.00	41.20	48.35	88.80	249.60	
01399670	0802	19770802	20140802	38	46.31	79.27	1.60	336.00		3.02	4.06	4.20	5.26	5.50	6.27	6.93	8.40	11.00	13.00	15.90	18.40	21.70	40.00	53.00	73.20	89.20	116.60	282.80	
01399670	0803	19770803	20140803	38	36.84	61.46	1.60	285.00		2.83	3.88	3.98	4.26	5.33	5.77	6.07	7.10	8.94	11.50	12.45	13.40	14.70	25.90	43.75	53.20	91.75	104.70	210.90	
01399670	0804	19770804	20140804	38	34.96	55.74	1.10	291.00		3.00	3.80	4.37	4.74	5.17	5.68	6.03	7.12	9.74	12.00	13.35	16.40	21.35	27.90	37.50	61.20	85.65	107.70	139.00	
01399670	0805	19770805	20140805	38	35.20	57.21	0.10	286.00		3.14	4.15	4.30	4.48	5.05	5.47	6.83	7.38	8.92	10.00	11.45	12.80	16.35	23.10	36.75	70.00	92.60	125.40	148.25	
01399670	0806	19770806	20140806	38	38.25	58.23	0.09	263.00		3.23	3.68	4.24	4.68	5.20	6.24	6.70	6.86	7.58	8.80	9.45	11.80	14.70	37.80	59.00	72.00	95.15	136.30	158.50	
01399670	0807	19770807	20140807	38	45.84	71.12	0.09	235.00		3.14	3.67	4.57	4.98	5.42	5.57	6.16	7.30	8.27	8.70	9.67	12.00	15.10	26.20	60.00	113.00	133.35	174.40	233.10	
01399670	0808	19770808	20140808	38	38.70	62.43	0.08	231.00		3.04	3.65	4.20	4.56	4.70	5.27	5.43	6.46	7.05	8.80	11.00	12.40	15.10	24.50	36.50	58.80	122.05	160.40	211.05	
01399670	0809	19770809	20140809	38	32.63	55.91	0.09	235.00		3.23	4.08	4.40	4.66	5.25	5.61	6.75	7.40	7.96	9.25	11.00	11.00	12.00	15.60	25.25	28.20	116.30	122.10	192.25	
01399670	0810	19770810	20140810	38	37.98	58.51	0.10	235.00		3.81	4.10	4.69	5.00	5.35	7.08	8.06	8.54	9.46	10.50	12.80	21.80	23.35	26.60	35.00	54.80	81.55	145.00	200.80	
01399670	0811	19770811	20140811	38	37.34	55.64	0.10	243.00		3.62	4.28	4.92	5.20	6.53	7.66	8.23	8.72	9.19	10.00	11.45	15.00	21.35	28.60	49.75	70.20	84.65	135.50	175.55	
01399670	0812	19770812	20140812	38	38.31	58.75	0.10	252.00		2.38	3.88	4.50	4.68	4.80	6.24	7.29	8.26	10.05	11.50	13.00	14.00	17.35	27.70	40.00	68.60	106.20	139.30	183.60	
01399670	0813	19770813	20140813	38	37.67	57.12	0.10	261.00		3.23	4.26	4.47	4.84	5.12	5.85	8.41	10.60	11.00	11.50	12.45	18.40	27.10	37.20	42.50	49.20	83.90	127.00	196.40	
01399670	0814	19770814	20140814	38	40.32	59.72	0.10	278.00		4.00	4.39	4.99	5.74	6.50	7.82	8.16	8.56	9.78	11.00	13.35	15.40	21.05	32.90	49.25	83.20	114.95	136.50	157.35	
01399670	0815	19770815	20140815	38	29.46	52.15	0.10	282.00		3.52	4.29	4.67	4.98	5.10	5.27	5.56	5.76	6.61	8.40	10.34	11.00	13.05	18.30	28.75	57.20	68.50	80.10	143.30	
01399670	0816	19770816	20140816	38	24.36	50.89	0.11	282.00		3.33	3.89	4.25	4.50	4.50	4.70	4.96	5.00	5.66	7.00	8.35	9.34	10.00	11.00	13.25	24.60	46.75	77.40	143.30	
01399670	0817	19770817	20140817	38	29.62	52.11	0.11	283.00		2.86	4.18	4.38	4.48	5.28	6.24	6.40	7.54	8.13	9.50	9.89	11.00	16.35	19.50	25.00	53.00	64.35	81.00	143.35	
01399670	0818	19770818	20140818	38	33.27	56.89	0.18	283.00		2.86	3.79	4.17	4.28	5.50	6.29	7.70	8.56	9.37	11.00	11.45	13.40	15.35	16.30	18.75	53.20	82.45	119.80	151.90	
01399670	0819	19770819	20140819	38	33.33	58.76	0.62	282.00		3.07	3.99	4.18	4.44	5.35	6.42	6.67	6.80	7.55	8.55	8.85	9.06	10.35	13.30	17.50	54.00	111.15	117.00	159.45	
01399670	0820	19770820	20140820	38	34.13	55.59	0.94	235.00		2.90	3.90	4.18	4.60	4.70	5.65	6.09	6.92	7.67	8.45	9.34	9.76	11.35	12.30	15.25	99.80	107.50	126.10	152.35	
01399670	0821	19770821	20140821	38	35.72	55.17	1.10	226.00		2.91	3.74	3.98	4.24	4.67	5.00	5.88	6.88	8.61	8.75	9.90	12.20	15.00	18.60	43.75	60.60	117.45	135.20	158.55	
01399670	0822	19770822	20140822	38	43.91	65.90	1.10	249.00		3.10	3.39	3.69	3.78	4.50	5.15	6.62	8.20	8.71	9.60	10.00	13.40	23.70	30.30	46.75	115.60	134.15	152.80	200.55	
01399670	0823	19770823	20140823	38	38.04	61.83	3.00	241.00		3.10	3.38	3.85	4.22	5.17	6.56	7.30	8.02	8.38	8.90	9.09	10.00	12.05	22.90	26.00	62.00	129.90	153.60	191.60	
01399670	0824	19770824	20140824	38	39.37	61.40	1.80	196.00		2.75	3.56	3.80	4.82	5.78	6.37	6.96	7.30	7.51	9.25	9.72	11.00	11.35	13.30	33.00	84.40	136.10	160.60	188.40	
01399670	0825	19770825	20140825	38	35.00	55.36	2.70	183.00		2.89	3.74	3.88	4.44	4.75	5.27	5.53	6.88	7.75	8.55	9.00	10.00	10.35	14.90	24.75	70.40	136.60	145.80	164.00	
01399670	0826	19770826	20140826	38	34.88	53.98	2.60	183.00		2.69	3.80	4.50	5.00	5.17	6.78	7.20	7.82	8.10	8.20	9.04	10.00	10.35	14.90	27.00	62.40	133.05	143.30	165.90	
01399670	0827	19770827	20140827	38	36.63	56.06	2.50	185.00		2.59	4.44	4.75	4.90	6.33	6.57	6.80	7.06	7.56	8.10	9.00	10.16	12.05	16.90	26.00	94.00	131.55	146.90	166.00	
01399670	0828	19770828	20140828	38	64.55	161.06	2.50	964.00		2.59	4.35	4.49	4.68	5.10	6.06	6.46	6.66	6.86	8.35	9.34	11.40	12.35	16.30	92.75	129.20	155.00	163.20	204.95	
01399670	0829	19770829	20140829	38	38.70	56.38	2.40	175.00		3.73	4.08	4.20	4.20	5.22	5.98	6.33	6.60	7.46	8.00	11.00	12.40	14.75	31.90	41.00	79.80	137.00	154.50	165.50	
01399670	0830	19770830	20140830	38	37.06	57.60	2.10	166.00		2.67	3.79	3.90	4.00	4.00	4.93	5.70	5.98	6.31	6.90	8.67	9.78	11.35	20.00	24.25	103.40	145.05	154.20	157.45	
01399670	0831	19770831	20140831	38	38.78	60.51	2.10	202.00		2.77	3.28	3.58	3.84	4.15	4.48	4.83	5.28	5.81	6.35	7.73	8.84	10.00	12.80	38.25	120.80	140.90	151.40	160.20	
01399670	0901	19770901	20140901	38	36.04	57.67	2.00	194.00		2.67	3.10	3.27	3.74	4.45	5.17	5.39	5.96	6.86	7.10	7.94	8.30	9.11	11.91	25.00	109.00	119.60	151.10	170.25	
01399670	0902	19770902	20140902	38	32.49	52.39	1.90	185.00		2.56	3.16	3.38	3.80	4.42	4.77	5.09	5.42	5.96	6.75	7.54	8.28	12.70	20.20	33.50	47.40	97.10	152.60	167.90	
01399670	0903	19770903	20140903	38	30.35	52.69	1.80	199.00		2.46	3.52	3.90	3.98	4.10	4.17	4.73	5.38	5.80	7.55	8.66	10.40	12.00	14.00	22.00	36.60	66.20	149.00	174.30	
01399670	0904	19770904	20140904	38	30.98	51.77	1.80	214.00		2.46	3.05	3.60	3.96	4.08	4.67	5.49	6.92	7.43	8.10	9.06	11.00	13.00	14.00	21.50	63.40	75.50	110.00	169.35	
01399670	0905	19770905	20140905	38	32.76	53.13	1.90	222.00		2.56	2.88	3.69	3.96	4.17	4.74	5.56	6.76	7.21	8.60	9.79	11.40	13.70	23.60	31.25	51.20	89.25	126.60	168.80	
01399670	0906	19770906	20140906	38	42.91	67.40	2.20	225.00		2.48	3.41	3.58	3.70	4.20	4.58	5.03	5.20	5.52	6.85	7.78	8.60	10.00	16.30	66.25	105.00	138.05	167.10	210.75	
01399670	0907	19770907	20140907	38	34.63	60.56	2.10	267.00		2.38	3.30	3.90	4.08	4.47	5.30	5.70	6.46	7.01	7.65	7.90	8.28	9.77	11.30	31.75	44.40	105.60	143.90	170.10	
01399670	0908	19770908	20140908	38	40.52	87.97	2.10	492.00		2.10	3.57	3.88	4.06	4.67	5.31	6.26	6.62	7.10	7.60	8.04	8.90	14.00	15.50	27.25	49.20	91.15	159.20	177.55	
01399670	0909	19770909	20140909	38	27.37	44.75	2.20	161.00		2.20	3.57	3.77	4.00	4.25	4.47	5.69	6.30	6.41	7.10	7.54	9.52	14.70	17.60	23.00	32.00	78.20	96.60	160.05	
01399670	0910	19770910	20140910	38	24.45	45.05	2.10	164.00		2.19	3.38	3.90	4.00	4.10	4.51	4.76	5.06	5.37	6.45	6.95	7.70	8.25	9.50	10.00	19.20	52.45	97.50	160.20	
01399670	0911	19770911	20140911	38	26.84	45.53	2.10	166.00		2.58	3.50	3.70	3.86	3.98	4.24	4.59	5.40	6.25	6.50	7.57	8.58	10.05	13.30	18.50	37.20	63.95	99.30	161.25	
01399670	0912	19770912	20140912	38	26.16	46.05	0.95	174.00		2.52	3.08	3.27	3.40	3.48	4.00	4.79	5.66	6.25	6.75	7.25	7.72	9.35	13.30	16.50	30.80	59.70	99.20	161.65	
01399670	0913	19770913	20140913	38	27.59	46.89	1.60	185.00		2.74	3.27	3.48	3.60	3.85	4.14	4.37	4.50	6.67	7.55	9.27	10.00	11.35	13.50	19.75	40.40	66.60	98.30	162.20	
01399670	0914	19770914	20140914	38	29.21	52.22	2.60	194.00		2.69	3.17	3.48	3.76	3.95	4.24	4.72	5.16	6.15	6.70	7.13	7.44	9.68	14.20	19.00	23.60	84.65	154.10	162.65	
01399670	0915	19770915	20140915	38	26.01	45.75	2.70	191.00		2.89	3.08	3.46	3.70	4.08	4.41	4.63	5.52	6.26	6.70	7.94	8.54	9.18	10.25	21.50	33.00	51.00	109.60	162.50	
01399670	0916	19770916	20140916	38	45.55	146.08	2.50	885.00		2.50	3.33	3.48	3.74	4.05	4.45	4.70	6.16	6.96	7.15	7.57	8.46	10.57	12.00	15.25	18.20	65.55	146.40	204.80	
01399670	0917	19770917	20140917	38	21.69	38.30	2.20	166.00		2.87	3.38	3.70	3.88	3.98	4.38	5.13	6.14	7.05	7.85	8.28	8.88	9.71	11.30	16.00	18.20	30.70	111.30	120.40	
01399670	0918	19770918	20140918	38	25.26	46.44	2.80	218.00		2.80	3.35	3.69	3.80	4.15	4.65	5.36	6.22	6.62	7.20	7.63	8.30	12.40	16.60	22.00	26.20	54.30	78.80	182.85	
01399670	0919	19770919	20140919	38	22.81	40.42	2.60	202.00		2.69	3.42	3.58	3.68	3.98	4.14	4.86	5.34	6.43	6.90	8.29	9.92	14.35	17.20	24.50	27.40	33.45	59.70	146.90	
01399670	0920	19770920	20140920	38	37.35	99.41	2.50	577.00		2.50	3.06	3.38	3.56	4.03	4.27	5.75	6.22	6.55	7.35	8.59	9.28	11.35	12.00	15.25	19.40	53.25	125.10	194.15	
01399670	0921	19770921	20140921	38	25.90	45.49	2.70	167.00		2.79	2.99	3.60	4.00	4.15	4.70	4.96	5.10	5.62	6.55	6.94	9.82	10.70	13.60	15.25	24.60	55.80	121.40	156.55	
01399670	0922	19770922	20140922	38	25.96	44.86	2.60	202.00		3.46	3.69	3.88	4.00	4.17	4.44	4.73	5.10	6.30	6.60	8.67	10.50	12.70	16.60	19.75	27.40	50.75	96.50	161.15	
01399670	0923	19770923	20140923	38	19.62	31.25	2.50	159.00		3.35	3.70	4.27	4.40	4.58	4.84	5.26	5.70	6.36	8.10	8.69	9.12	10.35	12.00	16.75	32.00	39.15	43.50	104.85	
01399670	0924	19770924	20140924	38	18.81	32.83	1.00	159.00		2.14	3.10	3.40	3.78	4.00	4.37	5.05	5.64	6.07	6.45	6.99	7.40	7.50	8.27	10.75	25.20	40.15	62.70	101.05	
01399670	0925	19770925	20140925	38	21.13	33.48	1.00	159.00		2.14	3.26	3.40	3.58	3.77	4.04	4.92	5.58	6.26	6.80	6.95	7.50	8.70	18.30	22.00	29.60	45.20	83.40	99.15	
01399670	0926	19770926	20140926	38	22.32	33.20	2.90	160.00		3.09	3.65	4.10	4.66	4.97	5.34	5.76	6.10	6.61	6.85	7.47	10.02	14.70	16.90	21.75	34.20	51.45	76.00	102.05	
01399670	0927	19770927	20140927	38	28.22	52.71	2.90	276.00		3.38	3.96	4.44	4.74	5.05	5.44	6.15	6.72	6.90	7.40	9.78	11.40	13.35	18.60	23.75	31.00	52.85	79.00	164.85	
01399670	0928	19770928	20140928	38	34.31	70.15	1.80	347.00		2.75	3.85	4.25	4.46	5.12	5.89	6.56	6.96	7.32	8.05	8.84	9.46	12.00	14.20	27.00	34.80	74.60	85.90	246.30	
01399670	0929	19770929	20140929	38	27.24	55.60	1.10	285.00		2.71	3.27	4.29	4.70	4.97	5.48	5.96	6.12	6.55	6.80	7.27	8.04	11.16	15.30	16.50	22.00	40.00	83.80	163.40	
01399670	0930	19770930	20140930	38	18.71	29.69	0.94	157.00		2.80	3.47	4.08	4.20	4.47	5.00	5.20	5.80	6.17	6.45	7.12	7.74	9.18	13.30	18.25	25.40	40.40	58.10	78.15	
01399670	1001	19771001	20141001	38	31.69	61.70	0.91	310.00		2.71	3.97	4.00	4.10	4.33	4.97	5.46	5.88	6.21	6.60	7.88	8.22	8.74	10.60	16.50	53.60	74.75	104.80	175.10	
01399670	1002	19771002	20141002	38	26.72	38.62	0.90	157.00		2.52	3.07	3.79	4.86	5.17	5.80	6.00	6.12	6.72	7.40	7.88	9.98	14.70	20.00	32.25	43.80	75.65	92.70	119.00	
01399670	1003	19771003	20141003	38	26.86	37.81	0.86	135.00		2.32	3.75	4.05	4.66	4.92	5.17	5.56	6.52	7.43	8.40	9.89	12.40	14.75	23.30	30.50	51.80	67.20	83.30	133.10	
01399670	1004	19771004	20141004	38	27.01	44.64	0.90	196.00		2.52	2.89	3.83	4.56	4.75	5.17	5.53	5.96	6.49	7.60	8.67	11.40	13.00	17.50	25.00	33.60	66.35	92.70	156.10	
01399670	1005	19771005	20141005	38	28.62	44.20	2.70	207.00		3.27	4.00	4.49	4.58	5.53	5.70	5.87	6.32	8.04	10.50	11.90	13.00	14.35	20.10	28.25	47.00	68.05	83.60	152.85	
01399670	1006	19771006	20141006	38	24.92	44.33	2.60	207.00		2.79	3.37	3.96	4.08	4.42	5.25	5.60	5.76	6.10	6.65	7.99	8.36	9.13	10.60	15.50	30.40	60.40	83.90	138.60	
01399670	1007	19771007	20141007	38	22.74	42.93	2.40	179.00		2.78	3.16	3.69	3.70	4.03	4.41	5.25	5.66	5.96	6.75	7.34	7.66	8.21	10.30	12.50	17.80	31.50	83.90	152.40	
01399670	1008	19771008	20141008	38	26.32	47.81	1.90	209.00		2.56	3.29	3.67	4.02	4.35	4.78	5.20	5.30	5.58	6.40	6.94	7.78	9.87	11.30	14.00	27.80	61.95	93.30	154.85	
01399670	1009	19771009	20141009	38	32.12	62.61	2.00	282.00		2.48	3.24	3.69	3.88	4.25	4.80	5.20	5.46	6.03	6.65	7.33	9.34	11.00	11.60	20.50	32.40	66.35	136.50	223.10	
01399670	1010	19771010	20141010	38	19.96	31.01	2.00	138.00		2.57	3.32	3.50	3.84	4.25	5.27	6.08	6.60	6.96	7.90	8.34	10.00	12.40	16.30	18.50	21.40	29.25	64.90	117.10	
01399670	1011	19771011	20141011	38	19.88	29.90	1.80	127.00		2.46	2.89	3.48	3.86	5.05	5.81	6.67	6.86	7.44	8.40	9.22	10.00	11.35	12.90	17.00	20.40	36.65	80.70	107.05	
01399670	1012	19771012	20141012	38	34.80	95.94	1.60	583.00		3.12	3.57	3.69	4.42	5.75	6.59	6.80	7.30	7.82	8.40	8.79	9.88	11.00	12.20	16.50	37.20	46.70	92.50	149.80	
01399670	1013	19771013	20141013	38	18.65	26.91	1.60	127.00		3.31	3.40	3.87	4.16	5.00	5.40	6.10	6.38	6.91	7.40	7.49	9.00	10.00	11.60	17.25	22.80	48.05	63.30	78.55	
01399670	1014	19771014	20141014	38	21.68	32.62	3.50	127.00		3.50	3.77	4.10	4.52	5.00	5.81	6.13	6.74	7.51	7.65	8.10	9.54	10.35	13.60	19.50	28.00	40.30	80.50	123.20	
01399670	1015	19771015	20141015	38	22.99	32.78	3.20	127.00		3.39	3.69	4.67	4.90	5.38	5.81	6.49	6.80	7.10	7.45	7.88	9.22	10.22	13.50	27.50	38.00	51.10	80.90	121.30	
01399670	1016	19771016	20141016	38	19.88	30.40	3.20	127.00		3.48	3.79	3.97	4.66	4.90	5.14	5.93	6.42	6.67	7.30	8.81	11.08	14.00	14.00	14.00	17.60	42.80	62.60	115.60	
01399670	1017	19771017	20141017	38	19.19	29.20	2.90	127.00		3.28	3.50	3.67	4.24	4.65	4.94	5.33	5.84	6.20	6.70	7.37	8.80	12.35	14.30	16.50	26.80	39.30	48.60	110.85	
01399670	1018	19771018	20141018	38	23.01	32.48	3.20	128.00		3.29	3.49	3.50	4.40	4.50	4.97	5.63	5.86	6.32	7.20	9.72	12.00	12.70	14.30	21.00	52.20	54.65	66.20	124.20	
01399670	1019	19771019	20141019	38	44.39	120.83	2.60	737.00		3.36	3.49	4.16	4.84	5.10	5.85	6.17	6.20	7.10	7.50	8.72	11.00	13.05	20.80	32.00	56.60	89.15	100.10	160.35	
01399670	1020	19771020	20141020	38	34.19	61.85	1.40	331.00		2.54	3.39	3.67	5.24	5.60	5.90	6.26	6.40	7.01	8.15	10.39	11.40	15.70	22.00	46.00	49.40	62.10	121.60	147.65	
01399670	1021	19771021	20141021	38	33.62	63.00	3.70	345.00		3.70	4.52	4.87	5.24	5.45	5.95	6.26	6.52	6.96	9.55	11.00	12.00	15.35	18.30	26.00	50.40	76.30	116.20	150.25	
01399670	1022	19771022	20141022	38	24.57	33.42	3.40	127.00		3.69	3.90	4.17	5.02	5.30	5.71	5.96	6.80	7.63	9.75	11.00	12.40	14.05	20.30	38.00	45.20	47.75	63.00	127.00	
01399670	1023	19771023	20141023	38	28.54	45.90	2.80	221.00		3.75	3.98	4.37	5.22	5.47	5.64	6.12	6.68	7.37	8.50	11.00	13.00	20.00	21.30	28.75	36.20	45.80	112.80	131.70	
01399670	1024	19771024	20141024	38	29.10	43.52	3.30	180.00		3.68	4.00	4.44	5.16	5.50	5.84	6.00	6.38	7.14	9.35	10.00	12.00	13.35	17.70	30.50	42.40	88.40	110.60	129.65	
01399670	1025	19771025	20141025	38	22.92	29.98	3.70	118.00		3.89	4.49	5.20	5.38	5.55	6.07	6.33	6.70	7.23	7.80	9.12	9.94	14.35	20.90	26.75	37.00	53.70	74.40	101.85	
01399670	1026	19771026	20141026	38	16.20	20.30	3.30	118.00		3.68	4.53	4.88	5.28	5.53	5.81	6.83	7.42	7.70	7.80	8.96	12.20	14.00	17.30	21.25	24.20	27.75	35.20	54.35	
01399670	1027	19771027	20141027	38	30.69	68.50	3.50	358.00		3.69	4.44	5.50	5.58	5.88	6.35	7.09	7.46	7.55	7.90	8.22	12.20	14.70	19.30	20.25	24.20	37.30	57.00	247.80	
01399670	1028	19771028	20141028	38	38.73	56.99	3.20	243.00		3.20	5.12	5.38	5.76	5.90	6.68	6.93	7.00	7.46	9.40	16.00	18.00	23.40	30.80	53.00	64.20	102.65	143.80	184.10	
01399670	1029	19771029	20141029	38	31.29	67.92	3.20	414.00		3.58	4.37	4.94	5.34	5.58	5.60	6.16	6.68	6.96	12.00	14.45	16.00	18.05	24.00	33.25	41.00	54.00	58.40	114.75	
01399670	1030	19771030	20141030	38	23.52	27.92	3.30	104.00		3.49	4.39	4.87	5.28	5.40	5.70	6.36	7.38	10.00	11.50	12.90	14.80	17.00	18.30	25.00	51.40	55.20	80.50	92.60	
01399670	1031	19771031	20141031	38	19.38	22.57	2.30	91.00		3.44	4.46	4.67	5.00	5.25	5.77	6.29	6.92	8.81	10.00	11.00	13.00	14.35	19.00	20.25	36.20	43.20	53.80	89.10	
01399670	1101	19771101	20141101	38	19.02	21.39	3.40	91.00		3.40	4.08	4.92	5.08	5.67	6.17	6.96	7.66	8.65	10.50	12.00	12.80	15.70	20.00	22.00	30.60	37.60	52.60	80.55	
01399670	1102	19771102	20141102	38	18.54	23.07	3.90	91.00		4.09	4.46	4.86	5.64	6.33	6.57	6.89	7.36	8.26	9.05	10.00	11.00	13.05	15.00	18.75	25.40	32.15	67.80	89.10	
01399670	1103	19771103	20141103	38	21.77	31.87	3.50	151.00		4.17	4.99	5.36	5.76	6.10	6.41	6.90	7.80	8.22	8.70	10.45	11.00	13.00	16.90	20.00	25.00	35.65	77.80	111.10	
01399670	1104	19771104	20141104	38	18.16	24.62	3.30	123.00		3.68	5.15	5.29	5.46	6.15	6.57	6.90	7.38	8.32	9.15	10.00	10.40	12.70	17.00	17.25	21.00	31.75	40.80	85.00	
01399670	1105	19771105	20141105	38	19.27	23.60	3.90	124.00		4.38	5.13	5.20	5.70	6.17	6.50	6.86	9.02	9.81	10.50	11.90	15.20	18.00	19.30	21.25	23.00	37.00	47.10	85.05	
01399670	1106	19771106	20141106	38	17.49	22.80	3.10	119.00		4.43	4.78	5.38	5.70	6.10	7.53	8.59	9.10	9.87	10.50	11.00	12.00	12.00	14.00	17.50	21.60	24.30	34.90	83.85	
01399670	1107	19771107	20141107	38	17.32	26.34	2.00	116.00		3.33	5.02	5.29	6.10	6.62	6.91	7.50	7.80	8.28	8.70	8.95	9.08	9.27	9.53	11.50	13.80	22.15	60.40	101.75	
01399670	1108	19771108	20141108	38	30.27	73.33	4.10	426.00		4.76	5.10	5.84	6.08	6.20	6.37	6.73	7.36	7.55	7.80	8.40	8.58	8.94	10.60	15.25	20.60	36.45	85.40	170.45	
01399670	1109	19771109	20141109	38	19.56	25.22	2.30	115.00		4.01	4.78	5.75	5.90	5.97	6.34	6.70	7.10	7.31	8.05	8.64	9.22	11.21	16.00	20.50	32.40	40.60	64.00	83.65	
01399670	1110	19771110	20141110	38	23.67	33.88	4.80	175.00		4.99	5.39	5.86	6.00	6.10	6.17	6.82	7.28	9.02	11.00	11.00	16.00	20.70	24.00	25.00	28.00	36.15	71.30	112.30	
01399670	1111	19771111	20141111	38	21.48	24.86	4.10	91.00		4.86	5.28	5.47	5.58	5.97	6.07	6.53	7.40	7.91	8.95	10.12	15.00	16.70	18.00	25.25	37.20	52.15	70.90	82.45	
01399670	1112	19771112	20141112	38	23.51	33.07	0.07	175.00		2.95	4.70	5.25	5.40	5.80	5.97	6.17	6.76	7.75	10.45	14.00	15.40	18.70	23.50	28.00	29.00	49.20	71.20	87.60	
01399670	1113	19771113	20141113	38	21.46	23.38	0.10	96.00		2.57	4.67	5.05	5.60	5.88	6.30	7.01	8.10	10.01	12.00	14.00	16.20	21.70	25.90	28.50	32.40	38.70	60.20	87.45	
01399670	1114	19771114	20141114	38	20.08	24.09	4.80	113.00		4.99	5.18	5.79	5.88	7.35	7.57	7.92	9.32	10.55	11.50	13.45	14.00	16.00	17.60	19.25	22.20	28.20	64.30	86.40	
01399670	1115	19771115	20141115	38	27.03	39.33	4.20	198.00		4.87	5.57	5.69	6.38	7.22	7.80	9.53	10.48	11.00	12.00	12.90	14.40	16.35	17.30	18.75	34.60	61.55	85.80	119.15	
01399670	1116	19771116	20141116	38	35.42	60.64	3.70	341.00		4.17	5.32	5.58	6.06	6.28	7.76	9.16	9.56	10.00	11.00	12.45	15.20	18.05	33.00	41.00	49.20	85.60	92.50	141.50	
01399670	1117	19771117	20141117	38	44.22	72.58	3.70	350.00		4.27	5.27	5.86	6.40	6.78	7.77	8.43	9.04	9.56	12.50	16.00	18.00	25.05	40.40	55.00	68.80	86.80	120.10	259.75	
01399670	1118	19771118	20141118	38	24.63	33.60	3.60	158.00		3.88	4.84	5.69	6.38	6.83	7.96	9.26	9.58	9.91	12.00	14.00	16.40	17.35	18.60	20.75	28.00	45.20	79.80	117.15	
01399670	1119	19771119	20141119	38	20.92	26.45	3.60	115.00		3.69	4.75	5.58	6.24	7.03	7.30	7.63	7.86	8.38	9.70	11.90	13.40	15.35	17.00	19.25	25.60	49.45	60.30	97.90	
01399670	1120	19771120	20141120	38	30.41	59.08	3.40	312.00		3.88	4.78	5.29	5.58	6.75	6.80	7.13	8.04	9.07	11.50	12.45	14.00	14.70	16.30	18.50	25.60	43.35	99.70	191.35	
01399670	1121	19771121	20141121	38	25.78	40.00	4.80	207.00		4.99	5.36	5.50	5.92	6.40	6.57	7.66	9.18	10.55	11.50	12.45	13.00	14.35	15.30	17.00	36.20	54.15	83.50	119.60	
01399670	1122	19771122	20141122	38	24.61	28.63	4.50	115.00		4.69	5.29	5.58	6.14	6.65	7.08	8.49	9.04	10.23	13.00	14.45	15.40	16.70	24.60	27.75	38.40	54.35	82.80	97.90	
01399670	1123	19771123	20141123	38	37.45	71.93	4.20	386.00		4.67	5.29	5.87	5.98	6.33	7.08	7.70	8.10	8.89	10.20	14.00	16.60	21.05	23.90	30.00	41.80	77.25	93.80	234.95	
01399670	1124	19771124	20141124	38	21.42	24.12	4.10	105.00		4.67	5.06	5.58	5.96	6.47	6.67	7.96	9.28	11.55	14.00	15.45	17.00	19.35	22.30	23.50	26.60	38.05	53.10	100.25	
01399670	1125	19771125	20141125	38	22.19	32.99	4.10	176.00		4.29	4.98	5.18	6.08	6.20	6.74	8.10	8.72	10.41	12.00	13.45	14.40	19.00	19.30	23.00	25.20	31.30	40.40	108.55	
01399670	1126	19771126	20141126	38	31.47	42.19	3.90	197.00		4.56	5.07	6.13	6.86	7.78	8.98	9.96	11.00	12.00	12.50	14.35	18.20	22.10	30.80	41.50	44.80	68.00	89.40	156.15	
01399670	1127	19771127	20141127	38	24.19	25.18	3.90	110.00		4.28	5.52	5.99	6.16	7.62	8.37	8.89	11.00	11.55	13.50	17.00	17.40	18.70	25.00	33.75	38.60	59.00	67.10	85.30	
01399670	1128	19771128	20141128	38	39.29	67.13	2.60	344.00		5.07	5.48	7.23	7.90	8.28	10.34	12.00	14.20	16.00	17.00	18.45	20.40	23.35	27.30	30.25	43.40	61.85	103.20	243.30	
01399670	1129	19771129	20141129	38	28.63	30.61	5.10	162.00		5.29	5.76	6.60	7.08	9.50	10.70	11.65	13.00	13.55	16.00	17.90	20.80	30.80	36.00	39.75	45.00	58.30	65.20	84.10	
01399670	1130	19771130	20141130	38	31.28	45.69	4.90	213.00		5.00	5.49	6.14	7.54	8.40	9.36	11.00	11.60	12.55	14.00	15.90	18.40	23.70	25.60	29.00	41.00	59.45	75.10	192.10	
01399670	1201	19771201	20141201	38	34.08	41.99	4.60	175.00		5.55	6.07	6.58	8.50	9.47	9.91	11.30	12.00	13.00	14.00	16.80	21.20	25.75	32.40	39.25	52.20	69.35	118.40	137.00	
01399670	1202	19771202	20141202	38	32.16	55.40	3.50	331.00		5.12	5.86	7.08	7.82	8.60	9.66	10.65	11.60	12.00	14.00	14.45	19.80	23.05	27.20	33.00	43.40	51.50	69.60	120.10	
01399670	1203	19771203	20141203	38	31.17	40.94	4.50	217.00		4.79	5.89	6.96	8.14	9.55	11.00	11.65	12.60	15.00	16.50	18.45	20.40	23.70	25.90	30.50	46.20	59.20	79.70	122.95	
01399670	1204	19771204	20141204	38	33.98	50.04	4.60	272.00		5.36	6.07	6.64	9.24	10.00	11.40	12.65	14.00	15.00	18.00	20.00	20.00	21.00	25.60	31.00	42.40	61.30	85.60	146.60	
01399670	1205	19771205	20141205	38	37.45	69.11	4.70	407.00		4.89	5.29	6.38	8.86	9.65	10.70	11.00	13.20	16.55	17.50	18.90	20.80	24.35	29.30	33.25	41.00	56.30	81.30	168.55	
01399670	1206	19771206	20141206	38	33.95	34.94	4.40	140.00		4.50	7.73	8.65	9.62	10.00	12.70	14.30	15.00	16.55	18.00	23.25	28.60	35.00	37.30	39.75	57.40	65.50	83.10	133.35	
01399670	1207	19771207	20141207	38	34.28	38.42	4.00	137.00		4.29	7.34	8.19	8.60	9.40	10.70	12.65	13.60	14.55	17.00	18.35	23.00	28.35	32.30	35.50	63.80	84.30	111.90	137.00	
01399670	1208	19771208	20141208	38	28.69	42.00	3.90	220.00		4.18	7.14	7.80	8.56	9.62	10.00	12.00	12.00	13.10	14.00	16.00	16.00	19.00	21.60	23.25	25.20	43.00	96.50	117.40	
01399670	1209	19771209	20141209	38	34.50	55.76	3.70	298.00		3.98	6.60	7.21	7.92	8.70	9.81	10.00	10.00	12.10	14.50	16.00	17.20	19.70	21.30	28.00	53.40	61.95	86.30	157.40	
01399670	1210	19771210	20141210	38	24.61	21.00	3.90	98.00		4.95	6.54	7.55	8.58	9.68	10.00	11.65	13.00	16.00	17.50	19.00	20.00	22.05	34.30	37.50	41.20	47.15	50.10	75.20	
01399670	1211	19771211	20141211	38	40.75	67.15	4.20	363.00		6.10	7.54	9.34	9.94	10.75	12.70	13.00	13.00	14.10	18.00	19.90	27.40	29.00	35.80	43.25	50.80	56.90	72.30	232.85	
01399670	1212	19771212	20141212	38	40.84	71.85	4.50	435.00		6.30	7.15	7.69	8.88	9.80	10.00	11.30	13.00	15.55	17.00	20.00	26.40	29.40	40.80	53.75	62.00	63.75	72.80	149.05	
01399670	1213	19771213	20141213	38	37.08	62.66	3.80	386.00		5.51	6.95	8.27	9.10	9.85	11.00	12.00	13.00	14.00	16.00	24.45	25.00	35.35	36.60	42.75	51.00	63.75	80.10	101.95	
01399670	1214	19771214	20141214	38	38.69	50.57	4.70	272.00		6.60	7.81	8.67	9.76	10.75	12.40	13.00	14.60	17.65	19.50	23.45	30.00	36.70	41.10	47.00	49.20	64.10	98.00	163.70	
01399670	1215	19771215	20141215	38	31.14	27.17	5.30	110.00		6.44	8.77	9.96	11.00	11.75	12.70	14.00	17.00	18.55	21.50	23.00	24.00	30.70	33.60	38.75	52.00	70.30	76.20	97.65	
01399670	1216	19771216	20141216	38	34.03	38.05	5.00	206.00		5.19	8.81	10.00	11.00	11.00	13.10	14.65	16.00	18.00	19.50	22.45	25.00	32.05	35.80	42.25	52.20	56.40	85.30	109.10	
01399670	1217	19771217	20141217	38	38.51	49.38	5.00	253.00		5.19	8.79	9.51	10.00	11.50	13.00	15.65	16.60	18.00	19.50	20.45	23.80	32.35	37.20	43.25	51.40	63.85	102.00	163.70	
01399670	1218	19771218	20141218	38	32.62	31.97	4.50	121.00		4.69	8.02	8.79	9.46	10.00	10.70	13.30	14.00	14.55	16.50	21.70	25.40	29.80	43.90	47.25	51.20	70.20	100.10	110.55	
01399670	1219	19771219	20141219	38	26.80	29.12	4.50	122.00		6.21	6.95	7.55	8.62	9.35	9.85	11.65	12.60	14.00	14.00	15.90	18.80	22.00	22.30	30.25	42.40	52.00	78.00	109.65	
01399670	1220	19771220	20141220	38	25.86	27.59	4.40	123.00		6.39	7.30	7.80	8.60	9.05	10.00	11.65	12.60	15.10	17.50	18.00	18.00	25.05	27.30	30.25	34.80	38.30	60.20	108.75	
01399670	1221	19771221	20141221	38	40.51	61.75	4.20	311.00		6.86	7.39	8.35	9.92	11.00	12.40	14.00	15.60	17.00	17.00	19.45	21.00	27.35	29.30	32.00	46.20	93.20	109.40	221.70	
01399670	1222	19771222	20141222	38	32.46	38.50	3.90	188.00		6.75	7.18	8.34	9.74	10.75	13.00	13.65	15.60	17.00	17.00	17.45	20.40	24.75	29.20	33.75	53.40	58.45	94.40	131.00	
01399670	1223	19771223	20141223	38	33.82	34.42	6.50	165.00		6.97	9.36	9.98	10.00	12.50	13.00	13.65	16.20	17.00	18.50	20.90	22.00	27.35	35.80	48.50	63.80	72.30	86.10	110.85	
01399670	1224	19771224	20141224	38	38.43	54.04	6.10	318.00		6.86	9.25	9.81	10.80	12.00	13.40	14.00	14.60	15.00	21.00	23.90	31.40	33.00	37.90	41.25	45.60	72.45	92.80	119.45	
01399670	1225	19771225	20141225	38	40.22	49.88	5.90	268.00		6.09	7.04	8.46	10.80	12.00	13.40	14.00	16.40	20.20	22.50	24.45	29.00	31.70	41.00	51.75	63.00	75.10	98.10	152.10	
01399670	1226	19771226	20141226	38	31.40	35.07	5.20	174.00		6.43	6.97	7.20	9.62	12.00	13.00	14.65	15.00	16.65	19.50	20.45	26.60	30.00	31.00	33.25	44.20	50.50	70.10	126.50	
01399670	1227	19771227	20141227	38	35.12	44.81	5.10	227.00		6.24	6.77	8.38	8.60	9.90	11.70	12.65	13.00	14.00	18.00	22.45	24.40	26.00	29.80	34.50	48.40	71.50	107.80	126.30	
01399670	1228	19771228	20141228	38	26.88	27.24	4.80	118.00		5.75	6.48	8.40	10.64	11.75	12.00	12.00	13.60	15.00	15.50	17.90	19.80	24.35	26.60	30.50	39.20	44.50	80.20	107.55	
01399670	1229	19771229	20141229	38	31.55	31.27	6.00	122.00		6.00	6.27	8.36	9.80	12.50	13.00	15.00	15.60	16.55	19.00	24.90	27.00	29.00	29.00	30.75	45.40	64.75	90.10	111.55	
01399670	1230	19771230	20141230	38	26.69	29.41	5.70	141.00		5.79	6.09	7.64	9.36	10.00	10.00	12.30	14.00	14.55	16.50	18.45	21.40	23.70	25.00	28.00	35.80	42.90	68.40	110.60	
01399670	1231	19771231	20141231	38	26.45	31.60	5.70	118.00		5.79	7.36	8.04	9.06	9.88	10.00	11.30	12.60	13.00	14.00	16.45	18.00	20.35	22.30	23.00	24.20	44.40	104.30	113.25	
