site_no	monthday	begin_dt	end_dt	count_nu	mean	std	min	max	p01	p05	p10	p15	p20	p25	p30	p35	p40	p45	p50	p55	p60	p65	p70	p75	p80	p85	p90	p95	p99
01410000	ALL	19301001	20140320	30487	85.72	62.33	4.00	1840.00	24.00	31.00	36.00	40.00	44.00	48.00	53.00	57.00	61.00	66.00	70.00	75.00	81.00	87.00	94.00	102.00	112.00	126.00	148.00	195.00	324.00
01410000	0101	19310101	20140101	84	96.54	57.87	27.00	330.00		35.50	44.50	50.75	55.00	58.50	61.00	68.75	75.00	80.00	84.00	88.75	94.00	100.25	107.50	109.75	116.00	136.00	172.00	259.00	
01410000	0102	19310102	20140102	84	98.08	54.93	27.00	290.00		36.00	44.00	51.00	55.00	61.00	68.50	72.75	77.00	80.00	86.00	91.00	97.00	101.25	105.50	119.00	122.00	135.50	175.50	243.75	
01410000	0103	19310103	20140103	84	100.51	53.64	27.00	276.00		39.25	44.00	51.75	57.00	62.25	69.00	71.00	77.00	80.50	89.00	91.50	98.00	104.25	111.50	121.75	142.00	159.75	185.00	211.75	
01410000	0104	19310104	20140104	84	102.51	57.75	27.00	358.00		39.50	44.50	53.75	59.00	67.25	69.50	73.00	78.00	83.00	86.50	90.75	95.00	100.75	111.00	131.50	150.00	166.00	180.00	203.75	
01410000	0105	19310105	20140105	84	99.80	54.05	27.00	372.00		39.25	48.50	53.75	63.00	66.00	69.50	77.75	80.00	81.25	85.00	90.00	95.00	101.25	108.00	118.75	136.00	147.75	166.50	205.75	
01410000	0106	19310106	20140106	84	97.42	49.66	29.00	309.00		41.50	49.00	53.75	61.00	66.00	68.00	72.00	76.00	79.25	81.50	92.25	99.00	103.50	108.00	119.50	126.00	135.25	161.00	198.75	
01410000	0107	19310107	20140107	84	99.63	51.67	32.00	321.00		38.50	48.50	57.25	64.00	67.00	69.00	74.00	79.00	83.25	91.50	95.50	101.00	105.25	110.00	115.75	129.00	137.25	162.00	207.50	
01410000	0108	19310108	20140108	84	100.45	54.85	32.00	339.00		39.50	50.00	56.50	63.00	66.00	70.50	74.00	77.00	86.00	88.50	91.75	100.00	102.25	107.50	114.75	126.00	138.00	180.50	238.25	
01410000	0109	19310109	20140109	84	101.87	55.23	31.00	307.00		39.00	48.00	54.75	62.00	66.50	71.00	73.00	78.00	83.00	87.00	92.75	102.00	109.25	118.50	119.75	134.00	136.25	173.50	240.75	
01410000	0110	19310110	20140110	84	102.21	52.02	29.00	297.00		41.50	51.50	56.75	64.00	66.00	69.00	73.00	80.00	83.50	87.50	96.00	108.00	113.25	117.50	120.00	132.00	144.50	174.50	230.75	
01410000	0111	19310111	20140111	84	100.75	48.84	19.00	248.00		39.00	51.50	58.00	63.00	68.25	70.50	74.50	78.00	84.00	88.50	99.75	104.00	106.25	111.00	125.25	129.00	138.00	176.00	210.25	
01410000	0112	19310112	20140112	84	100.17	51.08	18.00	363.00		38.75	52.00	60.00	64.00	68.00	70.50	75.75	81.00	84.50	89.50	97.50	100.00	103.75	112.00	120.50	128.00	136.75	165.00	202.75	
01410000	0113	19310113	20140113	84	99.50	55.40	29.00	460.00		39.50	53.50	58.75	63.00	70.25	73.00	76.25	82.00	86.00	89.50	95.50	99.00	106.00	109.50	118.50	120.00	132.50	148.50	194.50	
01410000	0114	19310114	20140114	84	98.90	50.36	32.00	390.00		39.75	51.00	56.75	65.00	67.25	71.50	77.00	83.00	85.50	89.50	94.00	100.00	105.00	112.00	115.75	124.00	136.75	161.50	190.75	
01410000	0115	19310115	20140115	84	101.01	51.32	31.00	331.00		42.00	50.00	58.50	66.00	69.25	73.50	81.00	84.00	86.00	88.00	92.75	101.00	105.50	114.00	119.75	126.00	137.00	161.00	202.50	
01410000	0116	19310116	20140116	84	99.46	49.83	30.00	311.00		40.50	48.50	55.75	67.00	71.00	75.00	77.00	80.00	88.00	90.50	93.00	98.00	102.50	112.50	116.00	124.00	131.75	160.50	195.25	
01410000	0117	19310117	20140117	84	95.98	45.66	30.00	286.00		40.00	49.50	55.00	63.00	69.50	72.50	75.75	80.00	86.00	90.00	91.00	93.00	102.00	107.00	111.25	122.00	125.00	151.50	206.75	
01410000	0118	19310118	20140118	84	96.35	45.11	31.00	273.00		40.25	49.50	57.25	65.00	68.25	71.00	74.75	80.00	85.25	89.00	92.50	100.00	102.00	107.00	114.00	119.00	120.25	150.50	200.50	
01410000	0119	19310119	20140119	84	97.24	45.84	30.00	281.00		42.75	49.00	59.50	62.00	68.00	72.00	74.00	78.00	84.25	86.00	93.75	100.00	103.00	105.00	111.75	116.00	135.50	172.00	196.00	
01410000	0120	19310120	20140120	84	100.15	51.70	31.00	287.00		45.50	50.00	57.50	65.00	68.25	72.50	76.50	83.00	86.00	90.00	94.75	97.00	99.25	103.50	109.25	117.00	130.25	184.00	232.50	
01410000	0121	19310121	20140121	84	104.12	61.33	31.00	319.00		45.00	49.00	55.25	64.00	68.00	72.00	76.25	81.00	84.75	89.50	95.50	100.00	102.50	108.50	113.75	123.00	143.25	162.00	279.00	
01410000	0122	19310122	20140122	84	104.44	69.36	31.00	509.00		43.50	47.50	55.25	59.00	65.25	67.50	75.00	84.00	88.00	90.00	93.25	100.00	102.75	109.50	113.00	124.00	136.75	168.50	265.25	
01410000	0123	19310123	20140123	84	102.04	63.74	32.00	514.00		44.25	51.50	56.00	61.00	65.25	70.00	75.50	83.00	88.00	90.50	93.00	96.00	99.00	106.00	113.00	128.00	139.50	171.00	213.25	
01410000	0124	19310124	20140124	84	101.12	57.16	34.00	441.00		45.00	48.00	56.75	65.00	67.50	75.00	80.00	84.00	87.25	89.50	91.75	96.00	100.25	107.50	114.50	120.00	138.00	165.00	208.75	
01410000	0125	19310125	20140125	84	105.56	69.19	35.00	552.00		44.25	50.00	56.75	60.00	65.50	73.50	78.50	83.00	86.25	88.00	90.00	97.00	101.00	115.50	120.75	133.00	163.50	168.50	209.00	
01410000	0126	19310126	20140126	84	107.90	70.05	33.00	521.00		44.00	52.00	57.75	65.00	68.25	76.50	78.75	82.00	83.25	86.50	90.75	97.00	105.25	116.00	125.25	138.00	150.25	175.00	241.50	
01410000	0127	19310127	20140127	84	106.81	66.51	32.00	436.00		45.25	53.00	57.75	62.00	67.25	72.00	77.00	79.00	82.50	87.50	90.75	98.00	103.25	114.50	132.50	138.00	144.50	176.50	239.00	
01410000	0128	19310128	20140128	84	105.37	60.24	31.00	360.00		45.00	53.00	57.50	63.00	69.00	72.50	76.75	79.00	86.00	89.50	92.75	96.00	102.00	108.50	121.75	125.00	158.75	200.00	232.50	
01410000	0129	19310129	20140129	84	104.42	62.01	31.00	308.00		44.00	51.50	56.75	59.00	65.25	71.50	74.50	77.00	82.25	87.00	89.00	92.00	98.75	112.00	114.75	129.00	166.75	198.50	265.50	
01410000	0130	19310130	20140130	84	100.06	56.17	31.00	331.00		43.25	50.50	56.50	61.00	65.25	68.00	71.75	75.00	79.50	84.50	86.75	94.00	99.25	109.00	112.00	122.00	150.00	179.00	239.25	
01410000	0131	19310131	20140131	84	97.10	53.19	33.00	396.00		44.00	52.00	59.25	65.00	66.25	69.00	71.75	75.00	79.00	82.00	85.75	94.00	96.50	104.50	111.25	126.00	139.00	161.50	199.00	
01410000	0201	19310201	20140201	84	94.79	45.57	33.00	298.00		43.25	53.50	58.75	65.00	67.25	70.50	74.50	77.00	80.25	83.00	87.50	92.00	95.25	103.50	110.25	118.00	130.25	141.00	175.75	
01410000	0202	19310202	20140202	84	95.92	49.06	32.00	320.00		47.50	52.00	58.00	65.00	69.00	71.50	74.75	77.00	81.00	83.50	87.50	93.00	98.25	105.00	110.00	119.00	124.00	137.00	202.00	
01410000	0203	19310203	20140203	84	97.57	51.60	31.00	364.00		48.00	55.00	62.00	66.00	68.25	70.50	76.00	79.00	82.00	87.00	92.00	96.00	101.00	108.50	109.75	118.00	124.00	133.50	204.75	
01410000	0204	19310204	20140204	84	99.64	54.21	31.00	380.00		46.75	58.00	66.00	68.00	69.25	74.00	79.50	81.00	86.25	88.00	92.75	97.00	102.25	105.00	111.75	118.00	128.50	141.00	179.25	
01410000	0205	19310205	20140205	84	99.67	49.88	29.00	360.00		45.00	58.00	63.75	66.00	67.00	76.00	81.25	83.00	87.25	90.00	92.50	98.00	105.00	110.00	118.00	123.00	127.25	133.50	170.00	
01410000	0206	19310206	20140206	84	97.73	46.31	28.00	300.00		44.50	55.00	64.00	66.00	69.00	73.00	75.00	80.00	81.00	86.00	93.50	97.00	99.25	108.50	113.75	119.00	127.00	150.00	204.25	
01410000	0207	19310207	20140207	84	100.30	45.46	30.00	273.00		45.00	60.50	63.00	68.00	72.00	77.00	77.00	81.00	85.25	89.00	94.00	101.00	107.25	112.50	118.75	120.00	128.50	151.00	213.50	
01410000	0208	19310208	20140208	84	103.13	47.98	31.00	287.00		51.25	59.00	63.75	66.00	71.25	74.50	79.75	82.00	84.75	92.00	96.00	102.00	110.00	115.00	122.00	130.00	144.75	159.00	213.75	
01410000	0209	19310209	20140209	84	100.55	45.76	30.00	282.00		50.50	59.50	62.00	65.00	69.50	74.00	78.00	81.00	85.50	91.00	95.75	99.00	101.25	108.50	114.75	126.00	138.50	153.50	215.50	
01410000	0210	19310210	20140210	84	98.10	41.26	29.00	259.00		49.25	60.50	63.00	65.00	69.00	75.50	77.75	80.00	85.25	89.00	93.50	100.00	102.25	107.00	112.75	118.00	140.50	153.00	184.00	
01410000	0211	19310211	20140211	84	96.74	38.08	32.00	230.00		54.75	60.00	64.00	65.00	69.50	74.50	77.75	80.00	83.00	84.50	92.50	98.00	100.25	107.00	113.75	121.00	135.50	152.50	179.75	
01410000	0212	19310212	20140212	84	97.92	39.11	30.00	280.00		54.50	60.00	66.00	69.00	73.00	75.00	77.75	79.00	83.50	87.50	94.50	98.00	105.25	109.00	112.50	120.00	135.00	148.50	173.50	
01410000	0213	19310213	20140213	84	97.40	35.98	29.00	250.00		54.50	59.00	63.75	68.00	72.00	74.00	78.75	82.00	90.00	94.00	99.50	102.00	105.25	107.00	110.75	120.00	126.75	143.50	168.75	
01410000	0214	19310214	20140214	84	99.12	35.16	28.00	220.00		56.00	58.50	63.75	68.00	74.00	77.00	81.50	84.00	91.00	93.50	99.75	102.00	105.00	110.50	120.75	125.00	136.00	152.50	165.75	
01410000	0215	19310215	20140215	84	105.96	47.23	28.00	260.00		56.00	59.00	64.50	66.00	72.25	75.00	81.50	86.00	89.25	92.00	100.00	107.00	110.50	117.00	125.25	143.00	153.00	168.00	197.50	
01410000	0216	19310216	20140216	84	106.63	51.09	28.00	323.00		54.75	61.00	64.50	70.00	72.00	75.00	80.00	83.00	86.00	89.50	93.00	108.00	113.25	118.00	124.75	140.00	156.50	177.50	199.75	
01410000	0217	19310217	20140217	84	104.71	48.94	28.00	316.00		56.00	61.50	66.00	69.00	74.00	75.50	79.00	85.00	87.00	90.00	100.00	106.00	109.00	113.50	124.75	126.00	150.25	160.50	192.25	
01410000	0218	19310218	20140218	84	102.60	46.23	28.00	330.00		58.00	62.00	67.00	72.00	74.00	76.50	81.75	84.00	87.25	92.00	94.00	100.00	106.75	113.50	122.25	128.00	139.50	148.50	168.00	
01410000	0219	19310219	20140219	84	102.24	41.99	27.00	274.00		55.75	60.50	68.00	71.00	73.25	78.00	81.00	85.00	90.00	92.00	94.00	100.00	105.25	112.50	123.25	128.00	137.00	157.50	194.50	
01410000	0220	19310220	20140220	84	103.83	43.14	28.00	240.00		55.00	64.50	66.75	68.00	74.50	80.00	85.00	87.00	91.25	92.50	95.50	100.00	104.50	116.00	121.25	131.00	141.25	159.50	206.75	
01410000	0221	19310221	20140221	84	102.12	40.52	28.00	247.00		54.25	63.50	65.00	69.00	73.25	79.00	81.00	84.00	87.25	91.50	94.00	101.00	109.00	116.50	125.75	132.00	140.25	156.50	191.25	
01410000	0222	19310222	20140222	84	102.51	38.26	27.00	238.00		52.00	60.50	64.75	71.00	75.50	80.00	83.00	84.00	92.25	98.50	103.75	105.00	109.00	115.00	121.50	129.00	146.25	158.00	171.75	
01410000	0223	19310223	20140223	84	106.67	45.91	27.00	295.00		50.50	57.50	67.25	70.00	75.75	82.00	85.00	90.00	93.50	97.00	98.75	103.00	110.50	119.50	127.00	136.00	150.50	172.50	198.00	
01410000	0224	19310224	20140224	84	112.15	63.16	27.00	374.00		52.75	59.00	66.00	71.00	76.75	80.00	82.00	87.00	94.50	97.00	98.75	102.00	111.25	114.50	123.00	138.00	152.00	204.00	242.50	
01410000	0225	19310225	20140225	84	114.99	77.61	27.00	450.00		52.50	60.50	70.75	75.00	78.00	80.00	81.00	87.00	92.00	94.00	95.75	99.00	103.25	109.00	118.75	138.00	149.50	172.50	354.75	
01410000	0226	19310226	20140226	84	116.88	100.99	27.00	834.00		52.00	61.00	71.75	73.00	75.25	77.00	82.00	87.00	88.50	91.00	93.00	100.00	104.25	111.00	118.75	130.00	138.25	170.00	310.75	
01410000	0227	19310227	20140227	84	113.96	95.28	27.00	815.00		52.75	60.00	69.00	71.00	73.00	75.00	80.50	83.00	86.25	88.00	90.00	96.00	105.00	109.00	117.75	130.00	155.75	198.00	247.00	
01410000	0228	19310228	20140228	84	110.26	80.66	27.00	638.00		51.00	59.00	66.50	72.00	73.00	73.50	75.00	79.00	81.50	86.00	89.00	93.00	103.50	107.50	110.00	151.00	162.25	179.50	234.50	
01410000	0229	19320229	20120229	21	99.81	46.41	46.00	229.00		46.90	55.80	60.80	66.60	70.00	72.80	74.70	82.20	84.90	86.00	87.20	90.00	95.20	99.60	116.50	140.00	165.60	176.40	223.80	
01410000	0301	19310301	20140301	84	108.43	68.19	26.00	438.00		52.50	59.50	66.75	71.00	73.00	75.50	78.00	81.00	84.00	87.00	93.50	96.00	100.25	103.00	117.75	144.00	159.25	177.50	229.50	
01410000	0302	19310302	20140302	84	106.00	57.56	27.00	356.00		51.25	62.00	67.00	71.00	73.00	75.50	79.00	83.00	86.50	90.00	92.00	94.00	100.50	106.50	121.25	129.00	145.25	176.50	236.75	
01410000	0303	19310303	20140303	84	107.94	56.70	38.00	304.00		52.25	61.50	67.00	71.00	73.25	77.00	79.00	84.00	85.25	89.50	92.75	95.00	98.25	107.50	122.00	136.00	150.75	206.00	242.50	
01410000	0304	19310304	20140304	84	112.79	62.19	36.00	435.00		52.75	61.00	67.50	71.00	73.25	75.00	78.75	83.00	87.50	90.00	97.25	109.00	112.25	118.50	129.00	149.00	180.25	200.50	219.75	
01410000	0305	19310305	20140305	84	114.23	61.11	33.00	408.00		56.25	60.50	67.00	71.00	73.00	77.00	81.75	84.00	88.75	92.50	102.00	108.00	112.50	124.00	135.50	161.00	181.25	201.50	232.25	
01410000	0306	19310306	20140306	84	114.92	56.77	32.00	345.00		56.50	65.00	68.50	73.00	76.25	80.00	84.00	87.00	94.00	102.00	104.25	109.00	118.00	123.00	127.75	158.00	179.25	192.50	249.25	
01410000	0307	19310307	20140307	84	120.67	63.29	31.00	456.00		57.50	64.00	71.00	74.00	78.00	84.00	92.75	98.00	102.00	107.00	113.00	116.00	120.00	131.50	141.00	151.00	164.50	200.00	252.00	
01410000	0308	19310308	20140308	84	121.35	62.53	31.00	481.00		58.25	65.00	71.75	76.00	82.00	86.50	90.00	93.00	101.25	110.00	114.75	122.00	129.00	138.00	147.00	153.00	160.00	191.50	225.00	
01410000	0309	19310309	20140309	84	120.96	64.77	30.00	413.00		57.00	67.00	71.25	78.00	82.00	88.50	92.75	97.00	103.50	107.00	108.75	114.00	126.75	137.00	141.00	150.00	154.00	177.50	268.25	
01410000	0310	19310310	20140310	84	119.36	73.01	30.00	598.00		56.25	64.50	74.50	79.00	82.00	85.00	89.75	94.00	99.25	100.50	106.00	108.00	118.00	126.00	141.50	148.00	155.00	174.00	241.50	
01410000	0311	19310311	20140311	84	114.70	64.60	28.00	523.00		55.50	61.50	73.25	77.00	82.00	85.00	87.00	91.00	93.50	97.00	98.00	105.00	114.00	128.00	134.50	141.00	152.25	182.50	236.75	
01410000	0312	19310312	20140312	84	114.01	58.35	28.00	431.00		58.75	70.00	75.00	78.00	80.25	82.50	84.75	86.00	89.00	91.50	96.50	106.00	113.75	121.50	128.50	146.00	161.50	191.00	228.75	
01410000	0313	19310313	20140313	84	118.65	61.68	31.00	351.00		64.50	69.00	70.75	74.00	76.00	77.00	79.75	82.00	87.25	93.50	99.75	107.00	116.50	135.50	148.75	164.00	181.25	217.00	231.25	
01410000	0314	19310314	20140314	84	128.56	79.99	31.00	516.00		63.00	67.00	71.00	74.00	76.25	81.50	85.50	89.00	96.50	101.00	107.00	116.00	123.50	138.00	153.50	164.00	192.00	237.00	315.75	
01410000	0315	19310315	20140315	84	130.56	84.37	30.00	605.00		60.50	64.00	68.00	71.00	79.00	84.00	94.25	99.00	105.50	109.50	112.00	125.00	133.25	140.50	149.25	163.00	186.75	203.00	300.25	
01410000	0316	19310316	20140316	84	126.87	81.60	30.00	591.00		54.25	59.00	64.75	69.00	75.00	83.00	96.75	101.00	105.00	108.50	112.50	118.00	127.00	134.00	149.75	166.00	180.00	207.00	291.00	
01410000	0317	19310317	20140317	84	121.92	72.08	30.00	507.00		50.25	56.50	64.75	69.00	72.25	81.00	89.75	99.00	105.00	109.50	112.00	117.00	124.25	135.00	144.75	158.00	171.00	199.50	275.50	
01410000	0318	19310318	20140318	84	121.35	65.18	38.00	420.00		47.50	58.50	69.50	71.00	75.50	83.00	94.00	99.00	103.00	108.50	111.00	116.00	125.75	135.50	140.50	157.00	167.50	216.50	245.25	
01410000	0319	19310319	20140319	84	123.05	61.69	40.00	342.00		45.25	63.50	69.75	75.00	82.00	84.00	88.75	96.00	98.25	103.50	108.00	122.00	135.25	144.50	150.75	167.00	186.25	200.50	242.50	
01410000	0320	19310320	20140320	84	119.96	56.89	42.00	309.00		47.50	59.00	69.00	75.00	81.75	86.50	89.00	94.00	97.00	104.50	106.75	114.00	133.50	144.00	154.25	163.00	175.50	194.00	249.25	
01410000	0321	19310321	20130321	83	117.27	54.79	37.00	353.00		47.60	60.00	69.60	75.40	83.00	86.20	90.40	93.00	98.80	101.00	106.20	117.60	131.60	141.40	147.00	153.20	174.80	187.20	208.00	
01410000	0322	19310322	20130322	83	121.08	58.47	38.00	410.00		47.60	57.20	67.00	79.20	84.00	88.00	94.00	101.60	111.00	113.00	119.80	128.80	134.00	137.80	142.00	156.40	169.00	183.00	212.60	
01410000	0323	19310323	20130323	83	122.83	60.74	39.00	389.00		47.40	55.00	67.60	77.80	81.00	88.00	93.00	97.00	108.20	120.00	124.00	130.80	137.20	143.80	145.00	157.00	166.00	193.00	233.60	
01410000	0324	19310324	20130324	83	120.27	61.35	40.00	348.00		46.00	52.00	64.60	74.00	79.00	87.00	89.80	97.00	102.60	112.00	116.00	122.20	127.20	130.00	136.00	157.80	180.40	191.80	267.20	
01410000	0325	19310325	20130325	83	115.98	58.01	42.00	312.00		46.20	50.40	65.60	71.60	79.00	81.60	89.40	96.60	101.60	106.00	109.80	115.40	122.20	129.00	131.00	145.80	164.20	180.20	274.00	
01410000	0326	19310326	20130326	83	111.98	52.92	40.00	274.00		46.00	51.40	64.60	70.00	78.00	82.80	88.80	92.60	96.80	102.00	105.20	108.00	113.00	124.00	140.00	143.60	150.00	182.80	243.00	
01410000	0327	19310327	20130327	83	108.35	48.18	40.00	255.00		44.20	56.40	65.20	67.80	76.00	84.00	86.40	89.60	94.60	100.00	102.00	106.40	111.80	124.80	130.00	137.00	147.00	174.80	228.00	
01410000	0328	19310328	20130328	83	109.95	49.61	38.00	252.00		44.40	59.40	66.60	70.00	75.00	81.60	86.00	89.60	91.80	95.00	101.00	104.00	113.60	126.00	132.00	145.00	161.80	185.40	229.80	
01410000	0329	19310329	20130329	83	115.30	68.77	37.00	412.00		43.00	55.80	65.00	72.20	77.00	82.00	84.40	87.60	93.80	98.00	100.20	105.00	118.00	119.80	130.00	138.60	151.00	190.60	296.60	
01410000	0330	19310330	20130330	83	122.72	92.20	37.00	531.00		43.00	56.60	62.80	66.80	72.00	77.00	82.00	86.80	90.00	98.00	105.00	109.00	120.20	127.80	136.00	144.60	165.00	210.00	366.40	
01410000	0331	19310331	20130331	83	123.58	91.54	38.00	562.00		42.00	57.40	63.20	69.00	73.00	76.20	82.40	85.00	89.60	98.00	106.60	115.40	118.00	125.80	134.00	146.00	167.80	217.60	362.20	
01410000	0401	19310401	20130401	83	124.86	82.62	37.00	487.00		48.00	60.00	64.20	69.00	76.00	80.00	81.00	85.60	93.80	105.00	110.00	115.20	120.00	129.80	136.00	147.40	200.40	230.00	342.40	
01410000	0402	19310402	20130402	83	124.30	76.16	37.00	413.00		41.20	58.20	64.80	71.00	79.00	83.00	85.40	88.00	90.00	96.00	109.60	114.40	120.00	133.00	144.00	181.20	200.00	231.00	295.20	
01410000	0403	19310403	20130403	83	123.24	70.71	30.00	370.00		41.00	52.80	66.00	67.80	72.00	78.20	84.00	89.00	95.40	104.00	109.20	119.40	125.60	134.60	157.00	175.60	200.60	231.00	279.40	
01410000	0404	19310404	20130404	83	118.92	65.11	29.00	325.00		42.40	59.40	63.60	67.60	71.00	77.40	80.40	86.60	94.00	100.00	110.20	120.00	123.20	131.60	141.00	155.80	199.60	222.20	252.60	
01410000	0405	19310405	20130405	83	118.82	70.23	35.00	422.00		41.20	54.40	63.20	68.80	71.00	77.60	87.00	91.60	100.80	106.00	110.60	114.00	118.00	121.80	131.00	146.20	172.40	213.20	279.80	
01410000	0406	19310406	20130406	83	119.46	73.73	35.00	497.00		43.20	55.00	65.40	72.40	79.00	84.40	87.40	95.60	98.80	103.00	106.20	110.40	120.20	124.80	130.00	151.00	170.00	195.20	241.60	
01410000	0407	19310407	20130407	83	117.54	65.94	35.00	430.00		43.00	54.40	67.20	71.00	77.00	80.40	88.80	94.60	102.00	106.00	110.20	112.40	116.00	124.40	134.00	144.20	169.40	200.00	231.40	
01410000	0408	19310408	20130408	83	117.53	60.62	33.00	329.00		46.00	51.00	67.40	73.80	75.00	80.40	88.00	92.60	99.80	105.00	111.00	118.40	124.80	134.00	141.00	152.20	173.40	201.60	257.00	
01410000	0409	19310409	20130409	83	119.55	59.32	32.00	325.00		45.60	56.20	67.00	72.60	79.00	81.20	89.00	94.00	99.60	105.00	111.20	122.40	123.60	136.60	141.00	152.20	188.20	210.20	249.20	
01410000	0410	19310410	20130410	83	120.66	58.57	38.00	319.00		48.40	57.00	66.00	67.00	76.00	83.00	91.00	95.00	99.00	108.00	112.20	118.00	130.80	136.60	150.00	184.40	190.80	206.00	220.80	
01410000	0411	19310411	20130411	83	118.72	62.41	36.00	332.00		49.20	56.40	62.00	66.40	75.00	80.80	87.00	93.00	95.80	101.00	104.20	111.00	119.60	139.80	158.00	169.80	180.60	211.80	238.00	
01410000	0412	19310412	20130412	83	117.10	59.93	34.00	329.00		49.60	58.40	62.60	67.80	75.00	83.40	92.00	95.60	96.80	98.00	103.20	116.00	122.40	128.80	140.00	157.80	172.40	196.80	245.60	
01410000	0413	19310413	20130413	83	117.88	56.71	35.00	293.00		48.00	59.00	63.60	69.80	73.00	80.60	86.80	91.60	97.80	102.00	115.40	118.00	125.20	136.60	151.00	167.20	187.20	195.00	224.80	
01410000	0414	19310414	20130414	83	116.73	58.32	35.00	328.00		45.00	53.80	59.60	64.00	70.00	77.20	82.20	90.40	96.80	107.00	111.80	118.20	130.00	139.00	151.00	170.00	183.00	192.80	227.00	
01410000	0415	19310415	20130415	83	119.22	70.67	36.00	443.00		43.60	53.40	58.60	63.60	69.00	75.20	82.00	87.80	96.80	101.00	109.00	116.00	130.60	147.00	158.00	163.60	172.80	201.40	235.60	
01410000	0416	19310416	20130416	83	126.69	103.18	39.00	829.00		45.60	53.80	57.80	63.80	69.00	78.20	82.80	89.80	99.60	104.00	110.40	116.00	123.00	138.00	145.00	161.40	186.80	212.20	246.80	
01410000	0417	19310417	20130417	83	128.43	99.74	38.00	704.00		46.40	50.60	57.00	62.00	69.00	78.20	83.60	90.60	96.80	105.00	113.40	121.60	130.00	139.00	147.00	164.20	187.20	229.60	269.40	
01410000	0418	19310418	20130418	83	122.35	83.99	34.00	498.00		42.80	50.00	58.00	65.40	71.00	75.00	77.00	85.60	87.80	99.00	110.00	115.00	127.40	132.80	142.00	164.40	181.00	225.00	280.80	
01410000	0419	19310419	20130419	83	111.87	67.42	35.00	392.00		41.80	52.40	58.80	66.00	71.00	73.20	78.40	82.00	85.60	100.00	102.00	107.40	114.60	120.00	122.00	137.60	153.80	202.80	271.20	
01410000	0420	19310420	20130420	83	103.94	55.58	34.00	313.00		43.40	51.40	59.60	63.80	68.00	71.00	73.40	79.60	82.80	95.00	98.00	101.00	104.60	114.40	119.00	134.00	148.20	173.60	243.20	
01410000	0421	19310421	20130421	83	99.99	50.03	33.00	273.00		41.80	50.40	53.00	59.80	68.00	71.00	72.00	75.60	84.00	90.00	96.00	98.00	102.60	108.00	116.00	138.00	148.20	174.40	219.40	
01410000	0422	19310422	20130422	83	99.02	46.71	34.00	256.00		45.60	51.20	54.60	61.20	65.00	68.40	72.80	81.60	86.00	92.00	96.00	98.40	103.60	107.60	117.00	127.60	147.60	172.00	191.00	
01410000	0423	19310423	20130423	83	100.13	43.54	30.00	226.00		47.00	51.00	55.80	63.80	67.00	72.40	78.20	83.20	89.00	94.00	96.00	99.40	108.60	111.60	126.00	135.20	143.60	169.60	181.40	
01410000	0424	19310424	20130424	83	97.58	40.58	34.00	218.00		45.20	55.00	57.00	61.40	68.00	71.00	74.40	83.20	84.80	90.00	93.20	102.00	104.60	108.60	119.00	131.00	148.40	159.20	183.80	
01410000	0425	19310425	20130425	83	98.66	46.09	37.00	285.00		45.60	53.40	57.40	61.80	66.00	69.40	78.40	81.00	83.00	88.00	90.20	100.00	103.20	108.00	119.00	126.60	137.40	161.80	196.80	
01410000	0426	19310426	20130426	83	98.58	46.16	38.00	305.00		48.00	52.00	54.60	59.80	64.00	69.80	75.80	80.20	83.00	88.00	94.00	97.80	103.00	112.40	119.00	130.40	142.60	157.80	179.20	
01410000	0427	19310427	20130427	83	98.90	45.87	36.00	261.00		47.20	54.80	58.20	65.00	70.00	71.00	75.00	77.80	84.80	89.00	92.40	96.80	101.60	106.00	115.00	127.40	142.40	167.00	201.40	
01410000	0428	19310428	20130428	83	102.14	56.86	36.00	362.00		44.20	54.00	57.00	61.80	67.00	70.00	73.40	75.60	86.60	90.00	93.00	96.40	103.00	112.40	118.00	131.20	144.00	160.20	242.40	
01410000	0429	19310429	20130429	83	103.71	61.92	36.00	440.00		44.80	55.00	61.00	63.80	65.00	69.00	71.00	75.60	82.80	84.00	88.00	91.80	100.00	110.60	125.00	129.20	145.40	180.00	242.00	
01410000	0430	19310430	20130430	83	99.12	56.39	36.00	370.00		46.20	52.80	58.00	62.80	65.00	71.00	72.40	75.60	78.00	80.00	86.20	91.00	93.60	102.60	115.00	125.60	142.60	165.20	232.40	
01410000	0501	19310501	20130501	83	95.64	51.04	36.00	302.00		48.60	55.40	57.60	63.00	65.00	69.00	70.80	74.00	76.00	79.00	83.20	86.00	89.60	103.80	111.00	120.20	129.60	156.60	214.80	
01410000	0502	19310502	20130502	83	94.54	48.45	35.00	304.00		48.60	55.40	59.00	60.80	64.00	66.20	70.00	72.60	75.80	81.00	82.20	85.80	94.20	103.60	109.00	114.80	134.20	155.60	217.40	
01410000	0503	19310503	20130503	83	93.58	43.75	36.00	274.00		47.60	54.80	57.60	60.00	62.00	66.00	71.00	75.00	80.00	82.00	90.40	93.40	97.00	104.20	111.00	119.20	120.40	144.20	193.60	
01410000	0504	19310504	20130504	83	90.53	39.62	32.00	241.00		44.20	49.80	54.60	57.00	61.00	65.00	68.00	71.80	80.00	84.00	87.20	89.00	97.00	107.80	114.00	118.20	126.40	144.60	175.40	
01410000	0505	19310505	20130505	83	90.43	41.00	30.00	236.00		44.40	48.80	51.00	57.00	60.00	63.20	67.00	73.00	80.00	82.00	83.00	89.40	99.20	102.80	115.00	120.20	129.40	142.00	179.20	
01410000	0506	19310506	20130506	83	89.99	44.03	29.00	269.00		40.00	45.80	51.60	55.00	60.00	64.00	66.00	72.60	74.00	79.00	84.00	93.00	95.60	101.00	109.00	115.60	123.60	137.80	195.20	
01410000	0507	19310507	20130507	83	91.16	45.46	31.00	308.00		38.80	45.80	51.00	55.00	60.00	66.20	69.80	73.60	75.00	81.00	88.20	90.60	96.00	104.80	113.00	119.20	123.40	136.00	180.20	
01410000	0508	19310508	20130508	83	92.94	45.75	35.00	321.00		40.60	44.40	51.60	57.20	62.00	66.20	71.00	73.60	79.00	85.00	91.00	95.00	98.20	106.60	119.00	121.20	131.00	142.00	178.60	
01410000	0509	19310509	20130509	83	96.78	56.25	36.00	431.00		42.20	46.60	55.80	58.80	64.00	68.00	70.40	72.00	77.20	85.00	90.00	95.40	99.20	107.00	120.00	124.20	134.40	148.20	176.40	
01410000	0510	19310510	20130510	83	103.48	73.95	36.00	638.00		42.20	53.40	57.00	60.80	64.00	69.00	75.00	77.00	83.40	85.00	90.60	96.80	107.60	113.00	116.00	131.60	152.40	161.20	206.00	
01410000	0511	19310511	20130511	83	110.40	86.02	33.00	678.00		41.00	48.40	54.00	58.80	64.00	69.00	74.40	78.80	86.00	91.00	97.40	102.20	110.00	115.00	126.00	141.00	152.00	172.00	261.20	
01410000	0512	19310512	20130512	83	110.19	88.07	34.00	694.00		41.60	51.60	56.60	62.40	64.00	69.40	74.40	77.80	81.80	91.00	92.00	104.40	109.20	117.60	126.00	135.60	157.40	173.80	243.80	
01410000	0513	19310513	20130513	83	107.56	81.75	8.40	661.00		41.40	47.00	53.20	58.80	64.00	68.80	74.20	80.00	83.80	87.00	90.40	96.80	110.60	118.00	122.00	141.20	165.00	181.80	222.20	
01410000	0514	19310514	20130514	83	109.40	81.64	31.00	560.00		42.40	45.40	54.60	60.00	62.00	66.00	71.40	75.80	79.80	86.00	89.40	102.40	110.20	118.60	127.00	141.40	151.20	172.40	300.40	
01410000	0515	19310515	20130515	83	107.13	71.69	38.00	454.00		44.40	49.00	56.60	60.00	65.00	69.20	74.40	77.60	82.80	88.00	90.20	94.00	101.60	112.60	123.00	134.60	154.40	183.80	292.20	
01410000	0516	19310516	20130516	83	101.61	61.39	36.00	352.00		46.40	51.80	54.60	58.00	62.00	65.20	68.40	74.20	79.00	85.00	88.00	92.40	103.60	105.00	113.00	133.00	148.00	167.60	272.00	
01410000	0517	19310517	20130517	83	96.81	56.02	34.00	297.00		45.20	49.80	54.20	57.80	60.00	66.20	69.00	74.00	79.00	80.00	83.00	86.20	92.60	100.00	107.00	120.00	141.80	177.60	257.00	
01410000	0518	19310518	20130518	83	91.71	50.79	38.00	272.00		41.00	49.00	51.60	54.00	59.00	63.20	66.00	73.60	76.00	79.00	80.20	84.00	87.60	95.80	106.00	112.40	130.80	158.80	228.40	
01410000	0519	19310519	20130519	83	91.45	50.81	20.00	279.00		40.00	48.40	52.20	56.00	59.00	64.00	67.00	73.00	75.00	78.00	80.00	82.40	90.00	94.80	105.00	113.20	126.60	168.60	226.20	
01410000	0520	19310520	20130520	83	92.53	57.56	5.70	406.00		40.20	48.40	50.00	57.00	60.00	62.40	65.40	69.00	72.60	78.00	81.20	83.80	90.00	96.80	106.00	127.00	140.20	152.20	191.40	
01410000	0521	19310521	20130521	83	92.12	52.01	30.00	359.00		42.00	49.40	53.20	56.00	59.00	62.00	64.40	66.60	71.40	74.00	81.20	88.00	92.00	98.00	112.00	124.80	135.40	163.60	189.80	
01410000	0522	19310522	20130522	83	91.69	48.78	35.00	271.00		45.20	47.00	52.60	54.00	61.00	63.20	67.00	68.00	71.80	78.00	81.20	86.80	90.20	96.00	105.00	116.20	146.00	161.60	211.20	
01410000	0523	19310523	20130523	83	89.23	46.17	38.00	254.00		43.20	47.20	51.00	56.60	60.00	62.00	65.40	67.00	71.00	75.00	79.40	82.40	84.60	90.00	110.00	123.60	136.00	146.20	216.00	
01410000	0524	19310524	20130524	83	86.19	41.29	36.00	230.00		40.60	45.40	48.60	54.00	57.00	60.20	64.00	66.60	68.80	74.00	78.00	82.00	85.20	99.40	116.00	124.20	126.00	142.40	178.60	
01410000	0525	19310525	20130525	83	85.63	51.06	27.00	380.00		38.40	42.40	45.60	50.00	56.00	58.00	60.20	63.60	66.00	70.00	74.60	81.60	86.60	99.40	106.00	114.20	122.80	142.00	178.80	
01410000	0526	19310526	20130526	83	86.53	51.79	31.00	350.00		38.20	40.40	46.20	50.60	54.00	57.00	59.00	61.60	65.60	67.00	78.20	86.40	91.00	98.20	108.00	111.60	125.60	140.60	186.40	
01410000	0527	19310527	20130527	83	85.45	46.91	32.00	290.00		36.20	40.40	47.00	50.00	53.00	55.20	58.40	61.00	67.80	74.00	81.00	85.00	88.60	95.20	106.00	118.40	129.20	147.60	163.00	
01410000	0528	19310528	20130528	83	83.24	42.68	19.00	240.00		35.20	41.20	49.00	50.00	55.00	57.00	58.40	60.60	68.20	75.00	77.00	80.40	88.60	91.00	107.00	119.00	124.40	132.20	192.40	
01410000	0529	19310529	20130529	83	80.57	43.54	24.00	263.00		35.00	41.40	45.60	51.00	54.00	55.00	58.00	59.00	61.40	69.00	70.20	74.00	79.60	92.00	105.00	110.40	114.00	130.00	185.20	
01410000	0530	19310530	20130530	83	83.22	61.90	33.00	437.00		36.40	40.40	43.60	49.00	52.00	52.20	55.00	57.00	62.80	64.00	66.20	72.00	78.20	84.40	95.00	105.60	115.40	138.80	215.80	
01410000	0531	19310531	20130531	83	87.27	82.91	31.00	613.00		36.20	38.80	45.00	49.00	49.00	52.20	55.00	57.00	58.80	63.00	67.20	71.40	73.60	79.00	90.00	98.20	115.20	164.00	215.20	
01410000	0601	19310601	20130601	83	85.83	84.10	35.00	657.00		36.20	39.40	45.00	47.00	51.00	53.20	55.40	56.00	57.80	60.00	63.00	66.40	69.20	76.80	86.00	95.60	104.40	151.00	249.00	
01410000	0602	19310602	20130602	83	82.70	71.20	31.00	521.00		34.00	39.60	44.00	46.00	48.00	50.20	53.40	56.00	57.00	60.00	62.00	65.00	74.60	84.60	91.00	94.00	106.40	141.60	247.60	
01410000	0603	19310603	20130603	83	79.80	56.18	28.00	399.00		36.40	41.40	43.00	45.80	50.00	50.20	53.00	54.20	58.00	61.00	66.20	71.40	75.60	83.00	89.00	95.60	114.60	137.20	205.60	
01410000	0604	19310604	20130604	83	78.46	48.31	27.00	312.00		33.20	39.40	43.20	45.00	49.00	50.00	52.40	57.60	63.00	66.00	67.40	74.40	77.20	85.20	91.00	101.60	116.60	127.80	195.40	
01410000	0605	19310605	20130605	83	76.49	43.37	27.00	270.00		32.40	39.40	43.00	44.00	49.00	52.00	53.40	59.20	62.00	65.00	69.00	73.40	78.60	84.00	88.00	96.20	108.80	123.60	176.40	
01410000	0606	19310606	20130606	83	77.47	46.48	24.00	293.00		32.40	38.40	42.00	45.80	49.00	51.40	53.40	57.60	60.00	66.00	68.20	74.40	77.60	82.00	85.00	98.60	116.00	134.20	168.60	
01410000	0607	19310607	20130607	83	74.73	42.01	25.00	270.00		32.40	39.80	42.60	45.00	47.00	50.00	53.00	56.60	58.00	60.00	65.60	73.00	75.60	80.00	85.00	96.40	112.00	132.20	151.60	
01410000	0608	19310608	20130608	83	73.99	45.06	26.00	287.00		33.80	41.40	43.60	45.00	47.00	50.00	51.00	53.60	55.00	60.00	65.20	67.40	70.60	74.80	81.00	97.60	106.00	126.00	177.00	
01410000	0609	19310609	20130609	83	70.55	39.56	28.00	305.00		33.60	41.00	44.60	46.00	47.00	49.40	52.40	54.20	58.00	60.00	62.20	67.00	69.00	71.00	82.00	89.20	97.20	116.00	138.60	
01410000	0610	19310610	20130610	83	67.31	32.37	27.00	241.00		33.40	38.00	43.00	44.80	47.00	48.00	50.00	53.00	57.80	59.00	62.40	66.40	70.60	74.00	78.00	84.00	94.20	105.00	131.60	
01410000	0611	19310611	20130611	83	64.61	28.29	26.00	175.00		34.20	36.80	41.00	42.00	45.00	46.20	50.00	51.00	55.00	58.00	62.40	67.40	68.60	72.00	75.00	77.20	89.00	101.00	138.00	
01410000	0612	19310612	20130612	83	65.99	27.97	31.00	147.00		36.40	39.40	41.00	43.00	45.00	48.40	51.00	53.00	54.80	59.00	62.20	64.40	66.60	69.80	75.00	88.00	96.40	100.60	142.00	
01410000	0613	19310613	20130613	83	70.00	33.66	34.00	197.00		38.00	40.00	41.00	46.60	48.00	51.00	53.00	55.00	55.00	57.00	60.20	64.00	67.20	75.20	82.00	87.40	96.00	132.80	149.00	
01410000	0614	19310614	20130614	83	75.07	44.46	33.00	267.00		36.40	38.00	41.60	45.00	47.00	50.20	52.00	53.00	57.80	61.00	64.00	66.40	71.20	78.00	84.00	89.00	107.60	143.80	183.60	
01410000	0615	19310615	20130615	83	77.61	56.02	32.00	397.00		36.00	38.40	40.60	43.00	46.00	48.20	51.40	53.20	56.80	59.00	61.00	68.40	71.20	79.60	84.00	93.60	114.20	151.80	188.00	
01410000	0616	19310616	20130616	83	77.71	66.09	25.00	493.00		34.40	39.40	41.00	43.60	47.00	48.20	51.00	53.00	54.00	59.00	63.00	66.40	70.00	75.80	83.00	87.00	102.00	141.80	173.20	
01410000	0617	19310617	20130617	83	74.59	57.17	18.00	436.00		35.60	39.00	40.00	42.80	45.00	47.20	50.00	51.60	54.00	58.00	61.40	65.40	69.80	72.00	80.00	99.80	108.40	125.20	150.80	
01410000	0618	19310618	20130618	83	74.17	53.30	32.00	361.00		33.40	38.00	39.00	41.00	44.00	47.20	49.00	51.00	53.00	56.00	61.40	66.80	73.00	76.60	90.00	97.20	101.40	114.40	175.20	
01410000	0619	19310619	20130619	83	74.05	47.39	30.00	269.00		34.20	38.00	39.60	42.60	45.00	47.00	48.40	49.60	51.80	58.00	63.00	68.80	76.20	78.80	88.00	98.00	101.40	132.60	200.20	
01410000	0620	19310620	20130620	83	70.96	39.56	29.00	208.00		32.60	37.00	39.00	40.80	44.00	46.20	47.40	49.00	51.00	57.00	63.00	65.00	74.20	84.00	89.00	95.20	103.60	123.00	171.60	
01410000	0621	19310621	20130621	83	67.02	34.09	27.00	182.00		29.40	35.00	38.60	41.00	43.00	44.20	46.00	48.00	50.00	54.00	59.20	67.40	76.00	79.80	86.00	91.20	98.40	103.20	147.80	
01410000	0622	19310622	20130622	83	67.88	38.34	28.00	227.00		29.00	33.40	37.60	39.80	42.00	43.20	45.00	47.00	48.00	54.00	59.20	67.00	71.20	81.60	88.00	93.00	99.40	113.00	141.20	
01410000	0623	19310623	20130623	83	66.45	38.73	4.00	210.00		28.20	33.40	36.00	38.00	40.00	42.00	44.00	46.00	48.80	52.00	59.00	62.80	71.60	77.00	83.00	88.20	103.00	121.00	157.00	
01410000	0624	19310624	20130624	83	65.53	36.49	24.00	214.00		29.40	36.00	38.00	39.00	41.00	43.00	44.00	45.60	47.80	50.00	57.20	61.40	65.60	74.60	80.00	88.20	103.20	123.80	138.00	
01410000	0625	19310625	20130625	83	64.41	32.68	25.00	186.00		30.80	36.00	37.00	39.00	40.00	42.20	44.40	45.60	48.80	52.00	55.20	63.40	68.20	71.80	84.00	88.00	105.00	110.00	126.20	
01410000	0626	19310626	20130626	83	62.83	32.64	25.00	189.00		30.20	34.40	36.00	37.00	40.00	41.40	43.40	44.60	47.00	50.00	55.00	60.40	64.00	68.60	83.00	88.60	96.20	106.60	125.80	
01410000	0627	19310627	20130627	83	61.54	31.20	25.00	184.00		29.20	33.00	35.60	37.00	40.00	42.00	43.00	46.00	47.80	52.00	55.20	58.00	62.80	65.80	78.00	82.00	92.80	104.40	136.40	
01410000	0628	19310628	20130628	83	59.82	26.89	26.00	140.00		28.40	32.40	34.60	37.80	40.00	41.20	42.40	45.60	48.00	53.00	55.20	58.40	68.80	73.00	77.00	78.00	86.00	99.20	123.60	
01410000	0629	19310629	20130629	83	60.29	29.93	25.00	244.00		32.00	34.00	36.60	38.80	40.00	43.00	45.00	47.60	53.00	54.00	56.00	59.60	66.60	68.00	72.00	78.00	80.80	91.20	106.20	
01410000	0630	19310630	20130630	83	61.47	30.79	25.00	241.00		28.20	34.40	37.00	38.00	40.00	42.00	46.40	50.00	51.80	55.00	60.20	63.00	68.00	71.00	74.00	77.40	82.20	93.60	113.20	
01410000	0701	19310701	20130701	83	59.11	26.10	25.00	158.00		29.20	32.40	35.60	37.80	39.00	41.00	45.40	50.00	51.80	54.00	59.00	59.40	64.20	66.80	71.00	80.00	81.00	87.60	110.60	
01410000	0702	19310702	20130702	83	59.18	24.11	25.00	141.00		29.00	32.00	35.60	37.00	40.00	44.00	46.20	48.60	51.80	55.00	58.00	60.40	65.00	68.00	74.00	79.00	81.40	93.80	110.60	
01410000	0703	19310703	20130703	83	61.12	32.80	24.00	257.00		29.20	32.00	35.00	37.80	41.00	42.20	45.80	47.60	50.00	54.00	56.40	59.40	61.60	67.80	74.00	80.40	85.20	101.80	117.60	
01410000	0704	19310704	20130704	83	64.01	56.72	23.00	502.00		28.00	32.00	35.20	36.00	39.00	40.40	43.40	46.20	48.00	50.00	53.00	60.80	67.20	69.80	73.00	78.20	83.20	97.60	113.40	
01410000	0705	19310705	20130705	83	65.73	69.45	22.00	645.00		29.20	32.40	35.00	37.00	38.00	40.00	42.00	45.60	51.00	53.00	57.40	61.00	66.60	67.80	74.00	80.00	83.40	96.40	119.40	
01410000	0706	19310706	20130706	83	63.43	55.06	22.00	505.00		28.20	30.40	33.60	36.00	37.00	39.00	43.20	47.00	52.00	54.00	58.00	59.40	64.20	69.00	75.00	77.20	81.80	93.60	120.00	
01410000	0707	19310707	20130707	83	61.10	42.24	28.00	361.00		28.40	32.00	33.00	35.00	38.00	39.00	42.00	46.60	51.00	53.00	54.20	58.40	61.60	65.60	68.00	73.60	85.40	99.20	126.80	
01410000	0708	19310708	20130708	83	61.93	43.67	25.00	272.00		27.20	29.60	32.60	34.00	37.00	38.40	42.00	43.60	46.80	50.00	51.20	55.40	60.00	62.80	67.00	77.20	84.20	114.20	132.60	
01410000	0709	19310709	20130709	83	60.84	44.42	24.00	333.00		27.20	31.40	33.00	34.80	36.00	37.20	40.00	42.60	46.80	48.00	52.20	54.00	57.00	59.80	67.00	73.00	87.00	113.00	137.00	
01410000	0710	19310710	20130710	83	59.59	39.63	24.00	293.00		28.00	31.40	32.60	34.80	35.00	38.00	40.00	42.00	45.80	47.00	52.00	55.20	60.60	62.00	69.00	76.00	86.20	98.00	134.40	
01410000	0711	19310711	20130711	83	60.76	36.90	24.00	228.00		28.00	30.40	32.00	33.00	35.00	39.00	41.40	44.60	47.80	51.00	55.00	56.40	61.60	65.40	72.00	80.00	85.00	101.80	136.20	
01410000	0712	19310712	20130712	83	58.17	32.29	23.00	217.00		28.00	29.80	33.00	34.00	36.00	38.00	41.00	44.60	46.00	50.00	54.00	56.00	58.60	65.60	70.00	74.60	85.60	97.60	119.00	
01410000	0713	19310713	20130713	83	59.17	34.38	4.40	206.00		28.00	29.80	33.00	34.80	35.00	37.00	41.80	43.00	46.80	51.00	53.00	57.00	59.60	64.60	72.00	78.80	86.00	105.20	118.40	
01410000	0714	19310714	20130714	83	68.48	82.51	17.00	727.00		29.00	31.40	33.60	34.00	35.00	39.40	42.00	43.00	46.00	49.00	50.20	53.40	59.60	63.60	72.00	79.20	89.20	102.60	185.80	
01410000	0715	19310715	20130715	83	70.59	81.51	22.00	685.00		27.00	31.40	32.00	33.00	36.00	40.20	42.00	44.00	46.00	49.00	51.00	54.40	62.20	68.40	77.00	87.00	95.40	105.20	174.80	
01410000	0716	19310716	20130716	83	69.67	65.70	25.00	484.00		26.20	30.00	33.00	34.00	37.00	40.00	41.40	44.00	47.60	49.00	57.00	60.40	63.20	71.20	81.00	88.40	101.80	122.80	155.60	
01410000	0717	19310717	20130717	83	65.89	55.52	23.00	329.00		26.20	30.40	32.00	34.00	37.00	39.20	40.40	43.60	46.80	49.00	52.20	55.40	58.20	64.00	68.00	77.20	96.40	124.40	163.60	
01410000	0718	19310718	20130718	83	62.96	46.45	22.00	280.00		27.20	31.00	32.00	33.00	35.00	38.20	39.40	43.00	45.00	47.00	51.20	54.00	60.00	62.80	67.00	77.60	96.60	126.60	146.00	
01410000	0719	19310719	20130719	83	61.27	45.61	22.00	322.00		27.20	29.40	32.00	34.80	35.00	38.40	41.80	43.60	45.00	47.00	50.00	54.00	56.80	62.00	66.00	80.80	88.00	103.60	125.80	
01410000	0720	19310720	20130720	83	62.60	53.43	22.00	420.00		26.20	30.00	31.60	33.00	36.00	42.00	43.00	46.00	47.80	49.00	50.20	53.40	55.00	58.00	65.00	84.40	92.40	101.20	111.20	
01410000	0721	19310721	20130721	83	65.75	66.71	22.00	482.00		27.00	29.40	31.60	34.80	36.00	41.00	42.00	44.00	47.00	50.00	52.00	54.00	55.60	59.80	66.00	81.20	89.60	100.80	127.20	
01410000	0722	19310722	20130722	83	65.81	64.40	22.00	435.00		25.60	31.40	32.60	36.00	38.00	39.20	42.00	43.00	45.80	50.00	52.20	54.00	57.20	60.80	69.00	76.20	84.80	94.40	195.60	
01410000	0723	19310723	20130723	83	67.48	68.63	20.00	420.00		24.60	30.40	33.60	35.00	37.00	38.20	40.40	42.00	44.60	49.00	52.00	54.40	58.00	61.60	67.00	70.60	86.00	116.80	192.80	
01410000	0724	19310724	20130724	83	70.81	73.61	19.00	466.00		27.20	28.80	33.00	35.00	37.00	38.20	40.40	44.00	46.60	49.00	51.00	53.00	54.60	60.40	66.00	72.20	90.80	153.40	226.20	
01410000	0725	19310725	20130725	83	68.48	67.95	22.00	482.00		26.20	28.00	31.00	32.80	35.00	38.20	40.00	42.00	44.80	47.00	51.00	52.80	56.60	61.00	66.00	74.20	99.80	139.60	213.20	
01410000	0726	19310726	20130726	83	64.78	57.94	22.00	435.00		27.00	28.40	31.00	32.80	36.00	36.20	40.00	42.20	44.00	48.00	50.00	54.00	58.20	66.20	69.00	74.40	91.00	116.20	189.60	
01410000	0727	19310727	20130727	83	62.12	47.65	22.00	338.00		26.20	29.00	32.60	35.00	37.00	39.20	40.00	44.60	46.00	48.00	50.00	53.00	55.00	60.80	65.00	78.60	92.20	103.60	173.80	
01410000	0728	19310728	20130728	83	61.48	45.24	20.00	259.00		26.00	28.40	34.00	36.80	38.00	39.20	41.40	42.00	44.80	46.00	50.40	55.00	57.60	63.00	66.00	73.00	83.00	95.20	190.40	
01410000	0729	19310729	20130729	83	60.20	46.03	22.00	346.00		26.20	28.00	34.00	35.00	37.00	38.40	40.40	42.60	45.00	50.00	52.20	54.40	57.00	62.00	68.00	72.40	77.00	82.60	169.80	
01410000	0730	19310730	20130730	83	66.82	81.31	23.00	716.00		26.00	28.80	32.60	35.00	37.00	39.00	41.00	44.20	46.00	50.00	51.20	56.80	59.00	62.80	68.00	71.00	80.20	108.80	154.80	
01410000	0731	19310731	20130731	83	69.17	89.39	22.00	711.00		25.20	28.40	30.00	34.80	37.00	39.20	41.00	42.60	44.80	48.00	53.20	56.00	60.60	63.60	66.00	70.20	87.60	100.60	164.00	
01410000	0801	19310801	20130801	83	67.73	79.73	24.00	596.00		27.00	29.00	30.00	34.00	37.00	38.00	39.40	42.00	44.60	47.00	51.00	53.40	58.60	62.40	68.00	80.00	91.60	107.40	168.00	
01410000	0802	19310802	20130802	83	64.49	63.72	25.00	464.00		26.20	29.00	31.60	34.00	35.00	37.00	40.00	43.20	45.80	50.00	52.20	54.40	56.60	58.00	64.00	78.00	92.20	114.40	131.80	
01410000	0803	19310803	20130803	83	63.40	50.33	23.00	322.00		26.20	28.80	32.60	33.80	37.00	39.20	41.40	43.00	45.80	48.00	51.20	54.40	59.00	61.80	69.00	81.00	97.00	103.80	176.40	
01410000	0804	19310804	20130804	83	62.19	46.54	23.00	275.00		26.00	28.40	31.60	34.00	38.00	40.00	42.00	43.00	44.00	46.00	51.00	56.20	60.60	63.80	67.00	75.40	87.60	97.20	173.80	
01410000	0805	19310805	20130805	83	61.55	44.28	22.00	290.00		25.40	29.00	30.00	33.00	37.00	40.00	41.40	43.20	46.00	48.00	51.20	55.40	58.00	61.80	66.00	77.20	90.80	114.40	145.80	
01410000	0806	19310806	20130806	83	61.67	44.41	24.00	318.00		25.00	27.00	29.20	32.80	36.00	38.00	39.40	41.60	45.40	49.00	50.20	53.40	60.00	68.80	74.00	88.00	99.20	114.60	127.80	
01410000	0807	19310807	20130807	83	64.88	47.20	23.00	294.00		26.20	28.80	31.00	32.80	35.00	37.40	40.40	42.60	45.00	47.00	50.20	57.00	61.00	70.40	80.00	95.00	100.40	120.80	185.60	
01410000	0808	19310808	20130808	83	66.75	46.87	22.00	259.00		26.20	28.40	32.60	35.00	38.00	41.40	44.00	46.60	48.00	50.00	51.40	59.40	64.60	70.60	80.00	89.20	97.60	127.40	159.40	
01410000	0809	19310809	20130809	83	63.76	45.59	22.00	316.00		26.20	28.80	32.00	34.80	37.00	41.20	43.00	46.00	47.80	50.00	53.20	57.40	60.80	67.00	73.00	81.00	84.40	127.60	171.00	
01410000	0810	19310810	20130810	83	64.17	49.50	22.00	352.00		26.20	29.40	31.00	33.80	36.00	39.00	42.00	43.60	45.00	47.00	51.00	55.40	58.20	64.80	75.00	77.00	94.80	133.00	175.60	
01410000	0811	19310811	20130811	83	67.57	56.56	22.00	402.00		28.20	29.00	32.00	33.00	36.00	39.00	42.00	44.00	47.60	49.00	51.20	55.00	57.60	64.40	75.00	87.00	111.60	141.40	169.60	
01410000	0812	19310812	20130812	83	68.81	56.20	14.00	334.00		24.80	29.00	31.60	32.80	36.00	39.00	40.40	42.60	45.00	48.00	52.00	56.00	59.60	67.80	79.00	88.60	110.20	143.80	214.80	
01410000	0813	19310813	20130813	83	81.17	102.64	22.00	791.00		27.20	29.00	31.00	33.00	36.00	38.20	41.00	43.20	46.00	51.00	55.00	62.00	67.00	74.40	84.00	98.20	116.40	144.00	240.40	
01410000	0814	19310814	20130814	83	85.89	112.50	20.00	825.00		24.60	28.00	31.60	33.00	36.00	39.20	40.00	41.00	48.60	59.00	63.60	68.00	71.00	74.60	86.00	103.40	115.00	163.80	245.20	
01410000	0815	19310815	20130815	83	83.35	90.74	19.00	618.00		26.20	29.40	31.60	33.80	35.00	37.20	39.40	42.60	54.40	60.00	63.20	68.40	73.00	83.20	92.00	105.40	128.20	163.40	229.60	
01410000	0816	19310816	20130816	83	76.36	67.12	20.00	404.00		25.40	28.40	31.60	33.80	35.00	36.20	40.40	49.20	52.00	56.00	60.00	63.80	73.20	83.40	92.00	99.40	125.60	155.60	206.80	
01410000	0817	19310817	20130817	83	72.67	52.03	20.00	273.00		23.80	27.80	32.00	33.80	36.00	38.00	43.20	47.00	49.00	56.00	59.20	63.00	70.20	75.00	91.00	111.20	135.60	153.20	179.20	
01410000	0818	19310818	20130818	83	76.14	62.58	19.00	396.00		26.00	28.40	32.00	33.80	38.00	42.20	43.00	45.60	47.80	52.00	54.00	61.00	70.80	80.00	98.00	113.00	141.00	158.00	177.60	
01410000	0819	19310819	20130819	83	75.45	69.08	19.00	517.00		24.40	27.80	32.00	34.00	38.00	41.00	42.40	45.00	48.00	53.00	61.00	69.00	72.20	78.00	87.00	102.40	126.40	140.20	169.40	
01410000	0820	19310820	20130820	83	84.80	139.04	19.00	1220.00		24.40	28.40	33.60	35.00	38.00	40.20	42.40	46.20	51.00	54.00	57.60	66.40	72.60	77.80	85.00	98.60	110.80	131.00	194.20	
01410000	0821	19310821	20130821	83	87.18	128.29	20.00	1010.00		25.20	30.40	32.60	34.80	40.00	41.00	41.40	45.60	50.00	55.00	64.40	68.20	74.20	77.80	82.00	91.20	101.20	116.60	335.20	
01410000	0822	19310822	20130822	83	84.08	109.27	22.00	622.00		25.40	31.40	33.00	34.00	37.00	40.00	42.40	47.00	48.00	53.00	59.00	64.40	67.20	77.20	84.00	92.00	101.80	115.80	425.00	
01410000	0823	19310823	20130823	83	79.82	103.90	21.00	733.00		24.60	30.00	31.60	33.00	35.00	39.20	41.80	46.00	50.60	55.00	60.20	63.80	67.20	74.00	78.00	86.00	95.00	114.60	351.20	
01410000	0824	19310824	20130824	83	75.94	99.36	21.00	823.00		27.00	29.80	32.00	33.80	36.00	39.00	41.40	44.20	48.00	50.00	56.20	61.00	68.60	74.60	77.00	86.80	92.40	108.80	240.40	
01410000	0825	19310825	20130825	83	72.14	84.68	19.00	715.00		27.40	31.00	32.60	33.80	35.00	38.20	40.40	44.00	46.80	50.00	52.40	59.80	67.20	70.60	74.00	77.00	85.00	137.00	202.40	
01410000	0826	19310826	20130826	83	71.72	82.85	18.00	571.00		30.20	31.00	32.00	33.80	35.00	37.20	39.00	41.00	43.40	47.00	52.20	56.80	60.00	64.80	70.00	76.40	92.80	139.60	189.60	
01410000	0827	19310827	20130827	83	72.49	80.99	19.00	517.00		28.00	31.00	32.00	34.00	34.00	36.20	38.00	41.00	43.80	48.00	53.20	56.40	61.00	64.80	72.00	81.00	94.00	127.80	199.40	
01410000	0828	19310828	20130828	83	80.55	95.52	19.00	545.00		27.20	29.40	31.60	33.00	34.00	36.20	40.00	41.00	43.00	48.00	51.20	54.40	58.60	63.00	73.00	95.20	112.20	155.20	327.20	
01410000	0829	19310829	20130829	83	83.40	108.56	18.00	713.00		26.20	28.40	32.00	33.80	35.00	37.00	39.00	42.20	45.00	48.00	51.20	57.80	62.00	66.00	75.00	93.00	103.00	192.00	298.40	
01410000	0830	19310830	20130830	83	75.89	85.39	18.00	547.00		26.00	28.40	31.00	32.80	34.00	36.40	39.40	41.60	45.40	48.00	52.00	58.40	60.60	64.80	73.00	83.80	101.80	168.60	250.80	
01410000	0831	19310831	20130831	83	69.63	63.33	17.00	398.00		25.00	27.80	30.60	33.00	36.00	38.00	40.40	43.00	47.00	48.00	51.00	55.00	58.20	68.00	73.00	81.40	95.40	142.40	238.80	
01410000	0901	19310901	20130901	83	65.53	53.12	11.00	297.00		24.00	28.40	30.60	31.80	35.00	38.00	38.40	43.20	45.80	47.00	52.40	55.40	62.60	66.00	73.00	78.20	92.00	137.20	214.00	
01410000	0902	19310902	20130902	83	64.99	50.29	15.00	248.00		23.20	28.00	30.00	31.80	35.00	37.00	39.40	43.00	44.80	47.00	53.00	58.00	61.20	68.20	74.00	79.40	101.40	126.00	212.80	
01410000	0903	19310903	20130903	83	66.29	65.48	17.00	461.00		24.20	26.40	30.60	32.00	33.00	36.00	38.00	42.00	43.80	47.00	51.20	55.20	58.60	62.00	66.00	73.80	84.80	130.00	195.80	
01410000	0904	19310904	20130904	83	71.42	89.43	16.00	691.00		23.20	26.00	29.00	31.00	33.00	36.40	40.40	43.00	45.60	48.00	53.20	58.00	61.20	64.80	69.00	78.20	96.60	120.20	183.40	
01410000	0905	19310905	20130905	83	81.46	200.22	16.00	1840.00		23.20	26.00	28.00	31.80	35.00	38.00	39.40	42.00	45.00	48.00	50.20	54.00	60.00	63.80	65.00	76.40	90.80	119.00	169.80	
01410000	0906	19310906	20130906	83	73.12	125.79	15.00	1120.00		23.00	26.40	29.20	34.60	36.00	38.00	40.00	42.00	42.80	46.00	48.20	53.40	58.20	61.80	67.00	75.00	84.80	123.60	191.60	
01410000	0907	19310907	20130907	83	67.65	87.44	11.00	635.00		23.00	26.00	27.60	32.80	34.00	37.00	37.40	40.00	42.00	46.00	47.40	50.80	57.00	62.80	67.00	76.40	90.80	114.20	143.00	
01410000	0908	19310908	20130908	83	62.30	65.35	15.00	429.00		25.20	26.40	29.80	33.00	34.00	36.00	37.00	39.00	42.80	45.00	48.20	50.00	55.00	59.80	65.00	75.00	89.20	105.00	120.40	
01410000	0909	19310909	20130909	83	58.63	53.31	16.00	347.00		24.00	27.40	31.60	32.80	34.00	35.20	36.00	38.00	40.80	44.00	46.00	48.40	53.60	56.80	61.00	70.20	80.00	98.80	131.00	
01410000	0910	19310910	20130910	83	56.92	50.82	11.00	345.00		24.00	27.40	30.00	32.00	33.00	35.20	36.00	38.20	41.00	44.00	45.20	49.00	51.60	55.00	62.00	69.00	80.80	89.20	120.00	
01410000	0911	19310911	20130911	83	57.84	48.38	14.00	304.00		24.00	26.00	28.20	30.80	34.00	35.00	35.00	36.60	40.80	42.00	45.00	49.40	52.60	54.80	65.00	71.60	79.40	91.80	191.60	
01410000	0912	19310912	20130912	83	60.83	57.38	15.00	345.00		24.00	26.40	28.00	29.00	32.00	34.00	36.00	37.60	39.80	41.00	44.60	48.80	51.60	55.80	62.00	70.00	77.20	118.80	231.00	
01410000	0913	19310913	20130913	83	62.48	67.21	10.00	412.00		22.20	25.40	28.00	31.80	33.00	34.20	35.00	36.00	40.00	44.00	48.00	50.80	53.00	55.60	59.00	65.00	73.40	103.20	224.60	
01410000	0914	19310914	20130914	83	60.13	54.42	14.00	315.00		23.00	27.40	28.00	32.00	33.00	34.20	36.80	39.60	41.80	44.00	48.20	50.00	52.60	58.40	62.00	66.80	85.60	103.20	187.40	
01410000	0915	19310915	20130915	83	61.75	53.88	16.00	322.00		25.20	28.00	30.20	32.80	35.00	36.00	38.00	40.00	44.80	46.00	48.20	51.40	54.60	61.40	64.00	70.60	81.60	101.20	203.20	
01410000	0916	19310916	20130916	83	64.46	67.07	14.00	486.00		25.40	28.40	30.60	32.80	33.00	37.20	39.00	41.00	42.80	46.00	48.00	54.20	58.60	60.00	66.00	68.20	79.80	105.80	194.80	
01410000	0917	19310917	20130917	83	66.02	73.19	19.00	484.00		26.20	28.80	31.00	32.00	33.00	35.00	39.00	42.00	42.80	46.00	49.00	51.80	55.60	60.80	66.00	74.40	84.40	103.60	172.40	
01410000	0918	19310918	20130918	83	64.08	65.61	24.00	452.00		27.20	30.00	31.00	32.00	33.00	35.00	37.40	41.00	44.00	46.00	51.00	51.80	55.00	58.80	62.00	71.80	86.00	95.00	177.80	
01410000	0919	19310919	20130919	83	61.99	53.54	24.00	315.00		25.40	29.00	30.60	32.00	33.00	34.00	36.00	39.20	45.40	47.00	51.00	52.40	54.00	55.80	62.00	69.00	78.40	114.80	200.40	
01410000	0920	19310920	20130920	83	65.13	75.34	23.00	624.00		24.60	28.00	30.60	32.00	32.00	34.00	35.40	41.60	45.60	46.00	50.20	51.00	52.60	59.00	66.00	69.40	86.40	132.60	172.80	
01410000	0921	19310921	20130921	83	66.90	84.31	23.00	641.00		25.40	27.80	30.00	31.00	32.00	33.00	36.40	42.20	45.00	46.00	49.20	51.00	54.00	57.60	64.00	67.60	93.40	120.20	142.20	
01410000	0922	19310922	20130922	83	71.42	100.92	22.00	813.00		27.00	29.40	31.00	31.00	32.00	35.20	40.00	42.80	45.80	47.00	50.00	52.80	56.60	59.80	66.00	70.00	95.80	111.20	190.80	
01410000	0923	19310923	20130923	83	67.61	86.40	22.00	732.00		26.20	27.40	29.00	32.00	34.00	36.00	39.40	40.60	44.80	48.00	50.20	52.40	59.00	60.80	67.00	74.00	88.60	108.00	160.60	
01410000	0924	19310924	20130924	83	62.43	69.14	21.00	600.00		25.00	27.00	28.00	31.80	34.00	36.20	40.00	41.00	45.60	47.00	48.00	50.00	51.20	58.00	63.00	72.00	90.80	103.20	145.20	
01410000	0925	19310925	20130925	83	58.31	49.96	20.00	350.00		25.00	26.00	28.00	31.80	34.00	36.20	38.40	42.00	44.80	48.00	48.00	50.20	55.20	58.80	63.00	70.80	83.00	92.60	125.80	
01410000	0926	19310926	20130926	83	59.83	49.75	21.00	354.00		25.00	26.00	28.60	31.80	34.00	37.00	40.00	42.00	43.80	46.00	47.20	48.40	55.20	57.80	65.00	74.20	86.00	101.20	176.80	
01410000	0927	19310927	20130927	83	62.29	56.04	20.00	352.00		25.00	26.40	28.60	33.60	36.00	39.00	40.40	42.00	45.60	47.00	48.00	53.40	55.00	60.60	70.00	78.20	82.40	99.20	167.60	
01410000	0928	19310928	20130928	83	63.13	54.38	16.00	336.00		24.40	27.00	31.20	33.00	36.00	38.20	40.40	45.00	46.00	48.00	51.00	55.00	57.60	60.80	69.00	75.20	80.00	98.00	188.80	
01410000	0929	19310929	20130929	83	62.37	46.33	22.00	289.00		24.00	25.40	30.20	32.00	36.00	39.60	44.00	46.00	48.80	51.00	54.40	57.00	60.60	66.00	71.00	73.40	79.60	95.60	166.60	
01410000	0930	19310930	20130930	83	62.51	44.00	16.00	248.00		23.00	26.80	31.60	32.80	36.00	41.00	43.40	45.00	48.00	50.00	54.00	55.40	59.60	62.00	67.00	74.60	89.00	117.20	173.20	
01410000	1001	19301001	20131001	84	62.10	41.52	13.00	250.00		24.25	28.50	32.00	34.00	38.25	40.50	42.00	48.00	49.25	51.00	54.00	58.00	60.00	63.00	66.00	78.00	90.25	114.50	160.50	
01410000	1002	19301002	20131002	84	63.29	44.10	21.00	275.00		24.25	29.00	32.00	34.00	37.25	40.00	43.00	46.00	50.00	51.50	55.00	57.00	60.25	62.50	66.00	79.00	86.75	124.00	145.25	
01410000	1003	19301003	20131003	84	63.40	44.69	22.00	282.00		24.75	29.50	33.00	35.00	35.50	40.00	41.75	45.00	48.25	51.00	55.75	57.00	58.75	62.50	66.00	79.00	89.25	121.50	175.00	
01410000	1004	19301004	20131004	84	60.12	39.24	20.00	232.00		24.25	30.00	33.00	35.00	37.25	39.50	41.75	44.00	48.00	51.50	55.00	57.00	59.25	61.00	64.00	69.00	79.00	102.00	168.00	
01410000	1005	19301005	20131005	84	57.82	34.51	14.00	194.00		22.75	30.50	33.75	35.00	36.50	39.50	41.75	44.00	47.00	48.00	51.75	55.00	57.00	59.50	60.75	68.00	79.50	103.50	145.00	
01410000	1006	19301006	20131006	84	57.43	29.93	19.00	161.00		24.50	28.50	32.75	34.00	35.25	38.50	42.00	46.00	48.00	50.00	51.75	55.00	57.25	63.00	67.75	73.00	92.75	104.00	127.75	
01410000	1007	19301007	20131007	84	58.13	29.97	22.00	189.00		28.00	31.50	33.00	34.00	36.00	38.00	43.75	45.00	48.00	48.50	50.75	55.00	58.25	60.50	72.50	75.00	84.50	104.00	119.75	
01410000	1008	19301008	20131008	84	58.51	31.88	22.00	239.00		29.75	32.50	33.00	36.00	38.00	41.50	43.00	45.00	47.00	48.50	49.75	55.00	60.00	64.00	72.00	77.00	86.50	95.50	120.50	
01410000	1009	19301009	20131009	84	58.38	32.06	21.00	249.00		27.25	33.00	35.00	36.00	38.00	39.00	42.00	45.00	47.25	48.50	51.50	53.00	58.75	66.50	72.50	77.00	89.75	97.00	110.50	
01410000	1010	19301010	20131010	84	58.38	29.23	21.00	182.00		27.75	31.50	33.75	35.00	37.25	40.50	43.50	46.00	48.00	49.50	51.75	54.00	63.00	67.50	71.50	74.00	82.50	101.00	122.25	
01410000	1011	19301011	20131011	84	56.21	26.69	23.00	157.00		29.50	32.00	34.00	36.00	40.00	41.00	42.75	46.00	49.00	49.00	51.00	54.00	57.25	61.00	65.75	68.00	70.50	90.00	126.75	
01410000	1012	19301012	20131012	84	55.31	25.21	23.00	166.00		29.00	31.50	34.75	38.00	39.25	41.00	42.75	43.00	47.25	48.50	49.75	53.00	57.00	60.00	63.75	70.00	74.75	95.00	109.75	
01410000	1013	19301013	20131013	84	53.24	22.39	25.00	164.00		28.25	31.00	33.00	36.00	38.25	39.50	41.00	43.00	47.00	48.50	51.00	53.00	54.25	59.50	62.00	68.00	71.75	78.00	100.00	
01410000	1014	19301014	20131014	84	55.30	26.48	25.00	182.00		28.25	31.00	33.00	35.00	37.00	39.00	42.00	44.00	48.00	50.50	53.25	57.00	59.25	62.50	64.75	69.00	75.50	83.50	98.25	
01410000	1015	19301015	20131015	84	56.76	29.51	23.00	206.00		28.25	31.50	32.75	35.00	36.25	40.50	41.75	46.00	48.00	50.00	53.75	55.00	59.25	62.00	65.75	71.00	75.75	85.50	118.75	
01410000	1016	19301016	20131016	84	55.86	25.30	23.00	161.00		28.00	30.50	33.00	37.00	39.00	41.50	43.75	46.00	47.25	49.50	52.00	55.00	60.25	63.50	67.75	69.00	74.25	87.00	99.75	
01410000	1017	19301017	20131017	84	55.18	22.58	22.00	135.00		28.00	31.00	32.50	37.00	38.25	41.00	45.75	47.00	49.00	52.00	53.75	56.00	58.50	61.00	66.50	68.00	76.25	84.50	107.50	
01410000	1018	19301018	20131018	84	56.65	25.91	23.00	173.00		26.50	28.50	32.50	36.00	39.00	41.50	43.00	47.00	48.00	52.50	54.00	55.00	57.00	64.50	70.00	75.00	82.50	91.50	109.00	
01410000	1019	19301019	20131019	84	60.30	31.90	24.00	206.00		28.00	31.50	34.75	39.00	41.00	43.00	44.75	47.00	50.00	53.50	57.00	59.00	60.50	65.50	71.25	77.00	80.25	94.50	125.25	
01410000	1020	19301020	20131020	84	66.19	46.18	23.00	308.00		28.00	31.00	35.75	39.00	41.00	44.50	48.00	50.00	51.25	56.00	58.00	64.00	66.25	68.00	69.00	76.00	84.00	98.50	186.00	
01410000	1021	19301021	20131021	84	72.98	64.99	23.00	363.00		28.25	33.00	36.00	39.00	40.25	42.50	47.00	49.00	54.25	56.00	58.75	62.00	66.00	69.00	73.00	78.00	86.00	120.50	247.00	
01410000	1022	19301022	20131022	84	69.75	57.76	23.00	337.00		28.25	33.00	35.00	37.00	38.25	43.00	44.75	49.00	51.00	55.00	60.50	64.00	66.25	68.00	70.75	80.00	88.00	109.00	193.75	
01410000	1023	19301023	20131023	84	67.85	48.57	25.00	290.00		26.50	33.50	34.75	36.00	38.25	40.50	46.50	49.00	51.25	56.50	59.25	62.00	65.25	68.00	75.25	84.00	92.75	105.50	174.50	
01410000	1024	19301024	20131024	84	66.48	39.56	26.00	228.00		30.25	32.50	34.75	37.00	39.00	44.50	46.00	50.00	55.00	56.00	61.75	67.00	69.50	73.00	79.00	88.00	90.25	96.00	181.25	
01410000	1025	19301025	20131025	84	66.15	35.48	24.00	228.00		31.25	34.00	35.00	38.00	43.25	45.00	47.00	53.00	54.00	55.50	60.75	66.00	72.00	73.00	76.50	81.00	93.25	116.00	153.00	
01410000	1026	19301026	20131026	84	68.68	48.08	24.00	394.00		32.00	35.00	35.75	41.00	43.25	47.00	48.00	50.00	53.25	57.50	59.00	64.00	68.00	70.00	73.75	81.00	94.75	123.00	145.75	
01410000	1027	19301027	20131027	84	71.40	58.41	25.00	439.00		31.25	33.50	35.00	41.00	43.25	46.00	49.00	50.00	55.00	56.50	59.00	65.00	66.25	69.50	71.00	79.00	97.00	124.50	155.00	
01410000	1028	19301028	20131028	84	72.81	58.01	25.00	374.00		29.25	35.00	38.00	42.00	43.00	44.50	48.00	52.00	54.25	56.50	60.50	64.00	66.00	71.50	74.75	86.00	105.00	117.00	194.75	
01410000	1029	19301029	20131029	84	75.33	57.74	24.00	339.00		29.25	37.00	41.00	42.00	43.25	46.00	51.00	54.00	55.25	57.50	60.00	63.00	71.00	74.00	75.00	92.00	110.25	122.00	204.50	
01410000	1030	19301030	20131030	84	78.96	65.06	25.00	430.00		30.00	36.50	40.00	42.00	44.25	48.00	50.00	53.00	55.25	57.00	60.50	64.00	69.00	72.00	86.75	99.00	121.25	144.50	240.50	
01410000	1031	19301031	20131031	84	77.89	60.36	25.00	443.00		32.25	36.00	39.75	42.00	46.00	46.50	48.00	52.00	53.25	56.00	61.75	67.00	71.50	83.00	95.00	106.00	120.00	134.00	196.25	
01410000	1101	19301101	20131101	84	76.85	50.98	27.00	352.00		33.25	36.50	40.00	44.00	45.25	49.00	52.75	56.00	59.00	60.50	63.75	67.00	70.50	75.50	85.25	103.00	112.25	151.50	179.75	
01410000	1102	19301102	20131102	84	76.48	45.66	26.00	273.00		35.25	37.00	41.50	46.00	48.25	52.00	53.75	57.00	60.00	61.50	64.50	70.00	73.25	77.00	84.50	98.00	115.75	141.00	189.50	
01410000	1103	19301103	20131103	84	78.26	44.69	26.00	220.00		34.25	37.00	40.00	45.00	47.25	51.50	55.00	59.00	59.25	61.50	69.00	74.00	77.25	88.00	91.50	103.00	120.50	155.50	191.25	
01410000	1104	19301104	20131104	84	76.38	42.71	26.00	222.00		36.00	37.00	39.75	43.00	46.25	49.00	52.75	56.00	61.25	65.50	66.75	71.00	75.00	83.00	93.00	105.00	114.00	138.50	177.75	
01410000	1105	19301105	20131105	84	73.24	37.14	29.00	209.00		36.00	38.00	38.75	43.00	47.00	50.50	52.00	56.00	61.25	63.00	65.75	70.00	73.25	86.00	89.50	97.00	106.50	125.50	164.25	
01410000	1106	19301106	20131106	84	71.68	32.57	28.00	209.00		34.25	38.50	42.00	44.00	45.00	50.00	54.75	59.00	62.25	65.00	69.50	75.00	80.00	83.00	87.75	92.00	98.50	112.50	139.00	
01410000	1107	19301107	20131107	84	74.69	38.67	29.00	245.00		34.25	39.00	42.75	44.00	49.00	52.00	54.75	57.00	60.25	65.50	69.00	75.00	82.00	86.50	89.75	94.00	106.00	117.00	156.00	
01410000	1108	19301108	20131108	84	78.29	51.19	29.00	336.00		32.75	38.50	41.75	44.00	45.50	50.50	55.50	58.00	62.00	65.50	69.75	77.00	79.25	85.50	89.50	98.00	109.25	132.50	177.50	
01410000	1109	19301109	20131109	84	81.93	61.72	28.00	388.00		31.25	37.50	41.50	43.00	46.50	50.00	54.00	57.00	62.75	66.00	68.00	72.00	77.00	81.50	96.50	103.00	109.75	140.50	213.75	
01410000	1110	19301110	20131110	84	83.80	64.80	27.00	433.00		31.25	37.50	40.00	44.00	46.75	50.50	54.50	60.00	63.00	66.00	68.75	73.00	77.75	86.00	93.50	108.00	117.00	138.50	238.50	
01410000	1111	19301111	20131111	84	81.64	54.07	27.00	336.00		30.00	36.50	40.00	44.00	49.50	52.50	56.75	60.00	62.25	66.00	72.00	78.00	80.25	87.50	97.50	107.00	112.50	132.00	207.25	
01410000	1112	19301112	20131112	84	80.90	45.31	28.00	251.00		29.50	38.50	40.00	43.00	49.00	52.50	57.00	62.00	65.25	70.00	72.00	83.00	87.75	92.50	99.75	106.00	116.00	146.50	178.75	
01410000	1113	19301113	20131113	84	81.98	46.47	28.00	283.00		30.00	38.50	40.00	47.00	49.00	52.50	57.75	61.00	66.25	70.50	75.00	80.00	86.00	94.50	102.00	109.00	125.00	140.00	181.00	
01410000	1114	19301114	20131114	84	82.70	50.74	28.00	332.00		29.50	40.00	43.75	48.00	50.25	53.50	57.00	60.00	64.00	67.50	70.75	77.00	81.25	93.50	102.75	118.00	134.50	142.00	166.25	
01410000	1115	19301115	20131115	84	84.94	63.93	28.00	460.00		31.00	39.50	43.75	47.00	50.00	53.00	58.00	60.00	66.25	67.00	70.25	74.00	79.25	92.50	98.00	112.00	118.50	146.50	182.00	
01410000	1116	19301116	20131116	84	82.82	61.22	28.00	453.00		35.00	40.00	44.00	47.00	50.50	54.00	57.75	60.00	63.25	65.50	69.75	73.00	80.50	90.50	95.00	98.00	114.25	138.50	161.00	
01410000	1117	19301117	20131117	84	80.43	48.46	28.00	338.00		36.75	42.00	44.00	50.00	50.75	55.00	58.00	61.00	63.25	66.00	71.75	75.00	81.25	88.00	90.75	103.00	120.50	126.50	157.75	
01410000	1118	19301118	20131118	84	79.52	48.28	27.00	316.00		36.75	44.00	46.75	50.00	51.25	54.00	55.75	57.00	62.50	67.00	70.50	76.00	78.25	82.50	89.25	99.00	109.25	134.50	172.75	
01410000	1119	19301119	20131119	84	77.49	47.27	28.00	372.00		37.00	44.00	46.00	47.00	50.00	52.50	53.75	58.00	62.25	65.50	69.00	75.00	80.25	84.50	88.75	99.00	104.00	114.50	155.50	
01410000	1120	19301120	20131120	84	76.87	42.91	27.00	288.00		40.00	42.00	44.75	48.00	50.00	51.00	53.75	58.00	62.50	66.00	72.75	79.00	81.00	83.50	89.25	98.00	101.50	120.50	146.25	
01410000	1121	19301121	20131121	84	79.90	46.27	28.00	321.00		38.00	41.00	44.75	50.00	51.00	52.00	55.00	58.00	62.25	65.00	72.00	77.00	80.50	89.50	96.00	106.00	115.75	126.50	170.75	
01410000	1122	19301122	20131122	84	84.62	49.69	28.00	297.00		36.75	41.50	46.75	48.00	50.25	52.00	55.00	60.00	66.25	72.50	74.00	75.00	84.50	93.00	103.25	114.00	130.50	160.00	185.25	
01410000	1123	19301123	20131123	84	84.73	48.97	28.00	244.00		35.75	42.00	45.75	48.00	48.25	50.50	54.75	58.00	61.75	68.00	73.75	80.00	86.00	98.50	106.50	123.00	136.25	154.00	208.50	
01410000	1124	19301124	20131124	84	83.17	47.66	28.00	268.00		34.50	42.00	45.75	47.00	48.25	52.00	57.50	60.00	64.00	67.00	76.25	80.00	89.00	95.50	105.25	111.00	121.75	136.00	207.75	
01410000	1125	19301125	20131125	84	83.07	44.39	28.00	229.00		32.50	40.50	43.50	47.00	50.50	54.00	58.00	60.00	68.25	71.00	73.75	83.00	89.00	98.50	102.75	109.00	126.25	156.50	180.50	
01410000	1126	19301126	20131126	84	82.61	43.46	28.00	221.00		35.25	40.00	43.75	49.00	52.00	53.50	57.00	60.00	67.25	75.00	76.00	83.00	87.00	90.00	97.50	107.00	123.50	146.00	183.00	
01410000	1127	19301127	20131127	84	81.49	40.71	26.00	213.00		32.50	43.00	44.75	50.00	52.00	53.00	56.75	60.00	67.50	71.00	76.75	80.00	85.25	87.50	100.00	115.00	121.50	143.00	170.00	
01410000	1128	19301128	20131128	84	82.69	44.44	26.00	301.00		32.00	42.00	44.75	49.00	53.25	57.00	61.50	67.00	68.25	74.50	76.00	80.00	82.75	90.00	104.00	112.00	119.25	133.00	170.75	
01410000	1129	19301129	20131129	84	87.07	54.36	28.00	345.00		34.50	41.50	45.00	49.00	54.25	57.50	63.50	67.00	70.25	72.00	76.00	80.00	84.00	94.00	104.25	114.00	125.50	138.50	209.50	
01410000	1130	19301130	20131130	84	87.60	58.26	27.00	346.00		34.25	40.00	44.00	49.00	52.00	62.00	64.75	67.00	69.00	72.00	74.50	78.00	85.25	94.00	98.00	107.00	116.75	150.50	238.00	
01410000	1201	19301201	20131201	84	83.31	53.08	24.00	307.00		33.75	42.00	44.00	45.00	51.25	59.00	61.00	64.00	66.25	70.50	72.75	77.00	82.00	88.00	96.50	100.00	110.00	143.00	223.75	
01410000	1202	19301202	20131202	84	78.00	44.50	20.00	269.00		33.75	40.00	42.00	48.00	54.00	56.50	58.75	62.00	63.25	66.00	69.00	73.00	75.25	83.00	88.25	95.00	110.75	127.00	185.50	
01410000	1203	19301203	20131203	84	75.89	40.51	20.00	228.00		35.75	39.00	45.00	49.00	52.00	54.00	55.00	59.00	61.25	63.00	65.75	69.00	72.25	82.00	85.50	96.00	113.25	138.00	170.00	
01410000	1204	19301204	20131204	84	74.68	38.14	23.00	199.00		35.25	38.50	42.00	47.00	51.00	52.50	54.75	59.00	60.00	62.00	65.00	69.00	74.00	80.50	84.75	98.00	120.50	133.50	170.75	
01410000	1205	19301205	20131205	84	74.55	37.18	25.00	237.00		34.75	41.00	44.00	49.00	51.50	54.50	56.00	57.00	58.25	61.50	65.75	70.00	77.25	81.00	85.25	99.00	108.50	134.00	156.75	
01410000	1206	19301206	20131206	84	75.00	38.90	25.00	215.00		35.00	41.50	43.75	46.00	47.50	54.00	55.75	57.00	59.00	61.00	66.75	70.00	75.00	78.00	84.75	98.00	122.00	137.00	167.50	
01410000	1207	19301207	20131207	84	75.50	38.29	24.00	190.00		35.50	42.00	43.00	46.00	47.50	52.50	54.00	56.00	59.25	62.00	65.75	68.00	75.00	78.00	94.00	110.00	126.00	136.00	155.50	
01410000	1208	19301208	20131208	84	76.38	39.45	24.00	240.00		35.75	40.00	42.75	45.00	49.25	52.00	54.00	59.00	60.25	63.00	67.50	71.00	75.75	83.50	97.00	112.00	117.00	129.50	159.75	
01410000	1209	19301209	20131209	84	79.31	44.19	24.00	245.00		38.50	40.50	43.00	48.00	51.25	53.50	57.00	59.00	60.50	63.50	69.50	77.00	81.00	85.00	98.75	107.00	112.25	131.00	198.00	
01410000	1210	19301210	20131210	84	80.99	46.99	23.00	291.00		36.50	41.00	43.75	47.00	50.25	53.00	56.00	58.00	60.00	71.50	74.75	82.00	87.00	94.00	97.75	105.00	109.25	119.50	200.50	
01410000	1211	19301211	20131211	84	82.89	46.60	23.00	281.00		35.25	41.00	42.75	50.00	52.00	53.00	55.00	64.00	69.00	70.00	73.50	83.00	86.25	95.00	98.00	106.00	117.00	142.50	194.25	
01410000	1212	19301212	20131212	84	87.14	55.02	27.00	327.00		35.75	41.50	45.50	49.00	51.25	54.00	55.75	65.00	67.75	74.00	78.50	84.00	87.25	94.00	97.75	105.00	123.50	178.00	204.00	
01410000	1213	19301213	20131213	84	87.02	58.43	27.00	394.00		37.25	41.00	45.50	48.00	50.25	55.00	55.75	63.00	67.25	72.00	78.00	82.00	86.00	89.50	92.75	101.00	133.25	168.00	197.50	
01410000	1214	19301214	20131214	84	88.35	58.41	27.00	344.00		37.00	42.50	46.00	48.00	52.50	54.50	57.00	63.00	67.25	75.50	79.75	83.00	85.25	87.50	91.50	112.00	136.50	159.00	230.00	
01410000	1215	19301215	20131215	84	88.90	58.24	27.00	369.00		37.00	44.00	45.00	51.00	54.00	58.50	62.25	66.00	68.50	73.00	76.50	80.00	84.00	89.50	108.25	119.00	127.75	151.50	231.25	
01410000	1216	19301216	20131216	84	88.13	52.53	27.00	357.00		37.00	43.00	47.25	54.00	56.25	61.50	66.75	68.00	70.50	73.00	75.75	81.00	85.75	95.00	101.50	107.00	123.00	144.50	204.50	
01410000	1217	19301217	20131217	84	87.26	47.79	27.00	297.00		36.00	42.50	50.25	55.00	60.25	62.50	65.75	69.00	71.50	75.50	78.50	84.00	88.25	91.50	98.00	104.00	131.25	157.50	187.75	
01410000	1218	19301218	20131218	84	83.87	43.17	27.00	250.00		36.00	41.50	45.00	53.00	55.25	61.00	66.50	69.00	72.00	74.00	76.75	80.00	82.50	87.00	94.50	102.00	128.50	143.00	169.75	
01410000	1219	19301219	20131219	84	81.86	39.82	28.00	225.00		35.25	42.50	45.00	53.00	55.75	60.00	64.00	67.00	69.25	71.50	75.00	77.00	80.25	89.00	94.75	109.00	122.50	139.50	161.50	
01410000	1220	19301220	20131220	84	81.73	42.71	27.00	235.00		34.25	41.00	46.50	52.00	55.75	59.00	62.00	65.00	68.25	70.50	74.75	79.00	85.00	88.00	94.50	105.00	113.50	135.00	189.25	
01410000	1221	19301221	20131221	84	86.04	48.63	27.00	281.00		33.50	43.00	47.00	53.00	56.00	60.50	63.50	67.00	69.00	73.50	78.75	82.00	89.00	94.50	99.75	107.00	116.00	145.00	214.50	
01410000	1222	19301222	20131222	84	88.85	53.57	27.00	292.00		34.50	44.50	47.75	51.00	55.25	58.50	65.00	69.00	71.25	73.50	76.25	84.00	92.25	95.50	99.50	110.00	122.25	145.00	218.00	
01410000	1223	19301223	20131223	84	89.23	51.59	27.00	289.00		33.75	45.00	48.00	50.00	54.50	62.50	66.00	69.00	70.00	75.50	81.75	85.00	93.25	96.50	102.75	111.00	123.50	150.50	224.75	
01410000	1224	19301224	20131224	84	86.86	47.59	29.00	344.00		36.00	46.50	48.75	52.00	58.00	63.00	66.75	68.00	72.25	75.50	80.50	83.00	86.50	91.50	100.50	110.00	125.25	145.50	181.75	
01410000	1225	19301225	20131225	84	85.52	44.03	29.00	333.00		38.25	45.00	48.50	53.00	61.00	63.50	67.00	69.00	72.00	73.50	77.00	82.00	85.25	90.50	94.75	118.00	131.25	144.00	154.25	
01410000	1226	19301226	20131226	84	89.82	46.55	28.00	289.00		38.00	46.00	49.75	57.00	61.00	64.00	65.75	69.00	69.25	75.50	82.50	88.00	94.00	100.00	114.00	120.00	136.50	144.00	166.00	
01410000	1227	19301227	20131227	84	94.75	68.17	27.00	526.00		35.25	45.00	50.00	56.00	60.25	63.00	65.00	68.00	72.25	80.00	84.00	89.00	92.50	102.50	112.75	121.00	128.00	143.00	232.00	
01410000	1228	19301228	20131228	84	96.39	82.37	27.00	564.00		35.00	44.50	50.00	53.00	58.25	62.00	64.75	71.00	77.50	80.00	83.00	88.00	98.00	104.00	110.00	114.00	118.75	128.00	199.00	
01410000	1229	19301229	20131229	84	95.26	65.99	28.00	470.00		36.50	45.00	50.00	56.00	60.00	64.00	65.75	74.00	78.25	83.00	89.00	93.00	98.25	104.50	111.00	116.00	121.75	132.50	219.25	
01410000	1230	19301230	20131230	84	97.26	61.67	27.00	372.00		38.25	43.00	49.00	53.00	59.00	60.00	68.25	73.00	78.00	88.00	93.50	96.00	102.25	108.50	112.00	123.00	131.00	156.50	256.50	
01410000	1231	19301231	20131231	84	95.49	58.91	27.00	304.00		36.50	42.50	46.75	52.00	58.25	60.00	64.00	71.00	77.00	85.00	90.00	93.00	99.75	105.00	110.50	116.00	125.25	156.50	255.75	
