site_no	monthday	begin_dt	end_dt	count_nu	mean	std	min	max	p01	p05	p10	p15	p20	p25	p30	p35	p40	p45	p50	p55	p60	p65	p70	p75	p80	p85	p90	p95	p99
02110550	ALL	20130622	20160126	943	1805.85	2155.37	0.07	16200.00	36.44	81.00	135.00	187.60	256.80	324.00	421.80	659.00	829.40	1100.00	1350.00	1600.00	1770.00	2030.00	2240.00	2410.00	2720.00	3124.00	3630.00	4912.00	13272.00
02110550	0101	20140101	20160101	3	1989.00	1210.19	837.00	3250.00						837.00	1045.60	1254.20	1462.80	1671.40	1880.00	2154.00	2428.00	2702.00	2976.00	3250.00					
02110550	0102	20140102	20160102	3	2135.33	1342.13	866.00	3540.00						866.00	1092.80	1319.60	1546.40	1773.20	2000.00	2308.00	2616.00	2924.00	3232.00	3540.00					
02110550	0103	20140103	20160103	3	2295.33	1429.22	986.00	3820.00						986.00	1204.80	1423.60	1642.40	1861.20	2080.00	2428.00	2776.00	3124.00	3472.00	3820.00					
02110550	0104	20140104	20160104	3	2406.67	1527.56	1030.00	4050.00						1030.00	1252.00	1474.00	1696.00	1918.00	2140.00	2522.00	2904.00	3286.00	3668.00	4050.00					
02110550	0105	20140105	20160105	3	2513.33	1590.42	1090.00	4230.00						1090.00	1316.00	1542.00	1768.00	1994.00	2220.00	2622.00	3024.00	3426.00	3828.00	4230.00					
02110550	0106	20140106	20160106	3	2620.00	1603.90	1220.00	4370.00						1220.00	1430.00	1640.00	1850.00	2060.00	2270.00	2690.00	3110.00	3530.00	3950.00	4370.00					
02110550	0107	20140107	20160107	3	2696.67	1641.35	1290.00	4500.00						1290.00	1492.00	1694.00	1896.00	2098.00	2300.00	2740.00	3180.00	3620.00	4060.00	4500.00					
02110550	0108	20140108	20160108	3	2746.67	1651.86	1350.00	4570.00						1350.00	1544.00	1738.00	1932.00	2126.00	2320.00	2770.00	3220.00	3670.00	4120.00	4570.00					
02110550	0109	20140109	20160109	3	2760.00	1679.85	1330.00	4610.00						1330.00	1532.00	1734.00	1936.00	2138.00	2340.00	2794.00	3248.00	3702.00	4156.00	4610.00					
02110550	0110	20140110	20160110	3	2786.67	1642.11	1400.00	4600.00						1400.00	1592.00	1784.00	1976.00	2168.00	2360.00	2808.00	3256.00	3704.00	4152.00	4600.00					
02110550	0111	20140111	20160111	3	2796.67	1571.19	1490.00	4540.00						1490.00	1664.00	1838.00	2012.00	2186.00	2360.00	2796.00	3232.00	3668.00	4104.00	4540.00					
02110550	0112	20140112	20160112	3	2813.33	1465.48	1550.00	4420.00						1550.00	1734.00	1918.00	2102.00	2286.00	2470.00	2860.00	3250.00	3640.00	4030.00	4420.00					
02110550	0113	20140113	20160113	3	2883.33	1349.23	1600.00	4290.00						1600.00	1832.00	2064.00	2296.00	2528.00	2760.00	3066.00	3372.00	3678.00	3984.00	4290.00					
02110550	0114	20140114	20160114	3	2910.00	1267.40	1600.00	4130.00						1600.00	1880.00	2160.00	2440.00	2720.00	3000.00	3226.00	3452.00	3678.00	3904.00	4130.00					
02110550	0115	20140115	20160115	3	2916.67	1203.59	1610.00	3980.00						1610.00	1920.00	2230.00	2540.00	2850.00	3160.00	3324.00	3488.00	3652.00	3816.00	3980.00					
02110550	0116	20140116	20160116	3	2910.00	1153.78	1630.00	3870.00						1630.00	1950.00	2270.00	2590.00	2910.00	3230.00	3358.00	3486.00	3614.00	3742.00	3870.00					
02110550	0117	20140117	20160117	3	2866.67	1098.65	1630.00	3730.00						1630.00	1952.00	2274.00	2596.00	2918.00	3240.00	3338.00	3436.00	3534.00	3632.00	3730.00					
02110550	0118	20140118	20160118	3	2803.33	1047.35	1610.00	3570.00						1610.00	1934.00	2258.00	2582.00	2906.00	3230.00	3298.00	3366.00	3434.00	3502.00	3570.00					
02110550	0119	20140119	20160119	3	2733.33	995.71	1590.00	3410.00						1590.00	1912.00	2234.00	2556.00	2878.00	3200.00	3242.00	3284.00	3326.00	3368.00	3410.00					
02110550	0120	20140120	20160120	3	2666.67	915.77	1610.00	3230.00						1610.00	1920.00	2230.00	2540.00	2850.00	3160.00	3174.00	3188.00	3202.00	3216.00	3230.00					
02110550	0121	20140121	20160121	3	2586.67	855.00	1600.00	3110.00						1600.00	1890.00	2180.00	2470.00	2760.00	3050.00	3062.00	3074.00	3086.00	3098.00	3110.00					
02110550	0122	20140122	20160122	3	2500.00	817.07	1560.00	3040.00						1560.00	1828.00	2096.00	2364.00	2632.00	2900.00	2928.00	2956.00	2984.00	3012.00	3040.00					
02110550	0123	20140123	20160123	3	2436.67	788.31	1530.00	2960.00						1530.00	1788.00	2046.00	2304.00	2562.00	2820.00	2848.00	2876.00	2904.00	2932.00	2960.00					
02110550	0124	20140124	20160124	3	2410.00	821.46	1470.00	2990.00						1470.00	1730.00	1990.00	2250.00	2510.00	2770.00	2814.00	2858.00	2902.00	2946.00	2990.00					
02110550	0125	20140125	20160125	3	2430.00	833.73	1490.00	3080.00						1490.00	1736.00	1982.00	2228.00	2474.00	2720.00	2792.00	2864.00	2936.00	3008.00	3080.00					
02110550	0126	20140126	20160126	3	2420.00	881.99	1440.00	3150.00						1440.00	1686.00	1932.00	2178.00	2424.00	2670.00	2766.00	2862.00	2958.00	3054.00	3150.00					
02110550	0127	20140127	20150127	2	2295.00	1265.72	1400.00	3190.00								1489.50	1758.00	2026.50	2295.00	2563.50	2832.00	3100.50							
02110550	0128	20140128	20150128	2	2205.00	1364.72	1240.00	3170.00								1336.50	1626.00	1915.50	2205.00	2494.50	2784.00	3073.50							
02110550	0129	20140129	20150129	2	2165.00	1364.72	1200.00	3130.00								1296.50	1586.00	1875.50	2165.00	2454.50	2744.00	3033.50							
02110550	0130	20140130	20150130	2	2110.00	1385.93	1130.00	3090.00								1228.00	1522.00	1816.00	2110.00	2404.00	2698.00	2992.00							
02110550	0131	20140131	20150131	2	2065.00	1393.00	1080.00	3050.00								1178.50	1474.00	1769.50	2065.00	2360.50	2656.00	2951.50							
02110550	0201	20140201	20150201	2	2020.00	1400.07	1030.00	3010.00								1129.00	1426.00	1723.00	2020.00	2317.00	2614.00	2911.00							
02110550	0202	20140202	20150202	2	1995.00	1378.86	1020.00	2970.00								1117.50	1410.00	1702.50	1995.00	2287.50	2580.00	2872.50							
02110550	0203	20140203	20150203	2	1957.50	1361.18	995.00	2920.00								1091.25	1380.00	1668.75	1957.50	2246.25	2535.00	2823.75							
02110550	0204	20140204	20150204	2	1861.50	1383.81	883.00	2840.00								980.85	1274.40	1567.95	1861.50	2155.05	2448.60	2742.15							
02110550	0205	20140205	20150205	2	1830.50	1342.80	881.00	2780.00								975.95	1260.80	1545.65	1830.50	2115.35	2400.20	2685.05							
02110550	0206	20140206	20150206	2	1768.50	1303.20	847.00	2690.00								939.15	1215.60	1492.05	1768.50	2044.95	2321.40	2597.85							
02110550	0207	20140207	20150207	2	1707.50	1276.33	805.00	2610.00								895.25	1166.00	1436.75	1707.50	1978.25	2249.00	2519.75							
02110550	0208	20140208	20150208	2	1648.50	1218.34	787.00	2510.00								873.15	1131.60	1390.05	1648.50	1906.95	2165.40	2423.85							
02110550	0209	20140209	20150209	2	1610.00	1131.37	810.00	2410.00								890.00	1130.00	1370.00	1610.00	1850.00	2090.00	2330.00							
02110550	0210	20140210	20150210	2	1551.00	1073.39	792.00	2310.00								867.90	1095.60	1323.30	1551.00	1778.70	2006.40	2234.10							
02110550	0211	20140211	20150211	2	1491.00	1045.10	752.00	2230.00								825.90	1047.60	1269.30	1491.00	1712.70	1934.40	2156.10							
02110550	0212	20140212	20150212	2	1464.00	970.15	778.00	2150.00								846.60	1052.40	1258.20	1464.00	1669.80	1875.60	2081.40							
02110550	0213	20140213	20150213	2	1590.00	678.82	1110.00	2070.00								1158.00	1302.00	1446.00	1590.00	1734.00	1878.00	2022.00							
02110550	0214	20140214	20150214	2	1675.00	403.05	1390.00	1960.00								1418.50	1504.00	1589.50	1675.00	1760.50	1846.00	1931.50							
02110550	0215	20140215	20150215	2	1660.00	282.84	1460.00	1860.00								1480.00	1540.00	1600.00	1660.00	1720.00	1780.00	1840.00							
02110550	0216	20140216	20150216	2	1600.00	169.71	1480.00	1720.00								1492.00	1528.00	1564.00	1600.00	1636.00	1672.00	1708.00							
02110550	0217	20140217	20150217	2	1545.00	148.49	1440.00	1650.00								1450.50	1482.00	1513.50	1545.00	1576.50	1608.00	1639.50							
02110550	0218	20140218	20150218	2	1560.00	56.57	1520.00	1600.00								1524.00	1536.00	1548.00	1560.00	1572.00	1584.00	1596.00							
02110550	0219	20140219	20150219	2	1555.00	35.36	1530.00	1580.00								1532.50	1540.00	1547.50	1555.00	1562.50	1570.00	1577.50							
02110550	0220	20140220	20150220	2	1530.00	169.71	1410.00	1650.00								1422.00	1458.00	1494.00	1530.00	1566.00	1602.00	1638.00							
02110550	0221	20140221	20150221	2	1540.00	311.13	1320.00	1760.00								1342.00	1408.00	1474.00	1540.00	1606.00	1672.00	1738.00							
02110550	0222	20140222	20150222	2	1585.00	431.34	1280.00	1890.00								1310.50	1402.00	1493.50	1585.00	1676.50	1768.00	1859.50							
02110550	0223	20140223	20150223	2	1625.00	487.90	1280.00	1970.00								1314.50	1418.00	1521.50	1625.00	1728.50	1832.00	1935.50							
02110550	0224	20140224	20150224	2	1670.00	509.12	1310.00	2030.00								1346.00	1454.00	1562.00	1670.00	1778.00	1886.00	1994.00							
02110550	0225	20140225	20150225	2	1720.00	494.97	1370.00	2070.00								1405.00	1510.00	1615.00	1720.00	1825.00	1930.00	2035.00							
02110550	0226	20140226	20150226	2	1935.00	233.35	1770.00	2100.00								1786.50	1836.00	1885.50	1935.00	1984.50	2034.00	2083.50							
02110550	0227	20140227	20150227	2	2170.00	42.43	2140.00	2200.00								2143.00	2152.00	2161.00	2170.00	2179.00	2188.00	2197.00							
02110550	0228	20140228	20150228	2	2305.00	176.78	2180.00	2430.00								2192.50	2230.00	2267.50	2305.00	2342.50	2380.00	2417.50							
02110550	0301	20140301	20150301	2	2390.00	254.56	2210.00	2570.00								2228.00	2282.00	2336.00	2390.00	2444.00	2498.00	2552.00							
02110550	0302	20140302	20150302	2	2440.00	311.13	2220.00	2660.00								2242.00	2308.00	2374.00	2440.00	2506.00	2572.00	2638.00							
02110550	0303	20140303	20150303	2	2475.00	374.77	2210.00	2740.00								2236.50	2316.00	2395.50	2475.00	2554.50	2634.00	2713.50							
02110550	0304	20140304	20150304	2	2515.00	473.76	2180.00	2850.00								2213.50	2314.00	2414.50	2515.00	2615.50	2716.00	2816.50							
02110550	0305	20140305	20150305	2	2555.00	601.04	2130.00	2980.00								2172.50	2300.00	2427.50	2555.00	2682.50	2810.00	2937.50							
02110550	0306	20140306	20150306	2	2590.00	721.25	2080.00	3100.00								2131.00	2284.00	2437.00	2590.00	2743.00	2896.00	3049.00							
02110550	0307	20140307	20150307	2	2670.00	721.25	2160.00	3180.00								2211.00	2364.00	2517.00	2670.00	2823.00	2976.00	3129.00							
02110550	0308	20140308	20150308	2	2775.00	657.61	2310.00	3240.00								2356.50	2496.00	2635.50	2775.00	2914.50	3054.00	3193.50							
02110550	0309	20140309	20150309	2	2840.00	636.40	2390.00	3290.00								2435.00	2570.00	2705.00	2840.00	2975.00	3110.00	3245.00							
02110550	0310	20140310	20150310	2	2855.00	657.61	2390.00	3320.00								2436.50	2576.00	2715.50	2855.00	2994.50	3134.00	3273.50							
02110550	0311	20140311	20150311	2	2830.00	692.96	2340.00	3320.00								2389.00	2536.00	2683.00	2830.00	2977.00	3124.00	3271.00							
02110550	0312	20140312	20150312	2	2795.00	728.32	2280.00	3310.00								2331.50	2486.00	2640.50	2795.00	2949.50	3104.00	3258.50							
02110550	0313	20140313	20150313	2	2750.00	721.25	2240.00	3260.00								2291.00	2444.00	2597.00	2750.00	2903.00	3056.00	3209.00							
02110550	0314	20140314	20150314	2	2715.00	700.04	2220.00	3210.00								2269.50	2418.00	2566.50	2715.00	2863.50	3012.00	3160.50							
02110550	0315	20140315	20150315	2	2705.00	685.89	2220.00	3190.00								2268.50	2414.00	2559.50	2705.00	2850.50	2996.00	3141.50							
02110550	0316	20140316	20150316	2	2680.00	636.40	2230.00	3130.00								2275.00	2410.00	2545.00	2680.00	2815.00	2950.00	3085.00							
02110550	0317	20140317	20150317	2	2655.00	558.61	2260.00	3050.00								2299.50	2418.00	2536.50	2655.00	2773.50	2892.00	3010.50							
02110550	0318	20140318	20150318	2	2620.00	452.55	2300.00	2940.00								2332.00	2428.00	2524.00	2620.00	2716.00	2812.00	2908.00							
02110550	0319	20140319	20150319	2	2585.00	332.34	2350.00	2820.00								2373.50	2444.00	2514.50	2585.00	2655.50	2726.00	2796.50							
02110550	0320	20140320	20150320	2	2545.00	247.49	2370.00	2720.00								2387.50	2440.00	2492.50	2545.00	2597.50	2650.00	2702.50							
02110550	0321	20140321	20150321	2	2495.00	190.92	2360.00	2630.00								2373.50	2414.00	2454.50	2495.00	2535.50	2576.00	2616.50							
02110550	0322	20140322	20150322	2	2440.00	141.42	2340.00	2540.00								2350.00	2380.00	2410.00	2440.00	2470.00	2500.00	2530.00							
02110550	0323	20140323	20150323	2	2475.00	21.21	2460.00	2490.00								2461.50	2466.00	2470.50	2475.00	2479.50	2484.00	2488.50							
02110550	0324	20140324	20150324	2	2510.00	84.85	2450.00	2570.00								2456.00	2474.00	2492.00	2510.00	2528.00	2546.00	2564.00							
02110550	0325	20140325	20150325	2	2515.00	162.63	2400.00	2630.00								2411.50	2446.00	2480.50	2515.00	2549.50	2584.00	2618.50							
02110550	0326	20140326	20150326	2	2500.00	226.27	2340.00	2660.00								2356.00	2404.00	2452.00	2500.00	2548.00	2596.00	2644.00							
02110550	0327	20140327	20150327	2	2465.00	233.35	2300.00	2630.00								2316.50	2366.00	2415.50	2465.00	2514.50	2564.00	2613.50							
02110550	0328	20140328	20150328	2	2415.00	205.06	2270.00	2560.00								2284.50	2328.00	2371.50	2415.00	2458.50	2502.00	2545.50							
02110550	0329	20140329	20150329	2	2435.00	275.77	2240.00	2630.00								2259.50	2318.00	2376.50	2435.00	2493.50	2552.00	2610.50							
02110550	0330	20140330	20150330	2	2505.00	431.34	2200.00	2810.00								2230.50	2322.00	2413.50	2505.00	2596.50	2688.00	2779.50							
02110550	0331	20140331	20150331	2	2545.00	558.61	2150.00	2940.00								2189.50	2308.00	2426.50	2545.00	2663.50	2782.00	2900.50							
02110550	0401	20140401	20150401	2	2525.00	615.18	2090.00	2960.00								2133.50	2264.00	2394.50	2525.00	2655.50	2786.00	2916.50							
02110550	0402	20140402	20150402	2	2470.00	622.25	2030.00	2910.00								2074.00	2206.00	2338.00	2470.00	2602.00	2734.00	2866.00							
02110550	0403	20140403	20150403	2	2405.00	601.04	1980.00	2830.00								2022.50	2150.00	2277.50	2405.00	2532.50	2660.00	2787.50							
02110550	0404	20140404	20150404	2	2325.00	586.90	1910.00	2740.00								1951.50	2076.00	2200.50	2325.00	2449.50	2574.00	2698.50							
02110550	0405	20140405	20150405	2	2250.00	593.97	1830.00	2670.00								1872.00	1998.00	2124.00	2250.00	2376.00	2502.00	2628.00							
02110550	0406	20140406	20150406	2	2175.00	601.04	1750.00	2600.00								1792.50	1920.00	2047.50	2175.00	2302.50	2430.00	2557.50							
02110550	0407	20140407	20150407	2	2095.00	615.18	1660.00	2530.00								1703.50	1834.00	1964.50	2095.00	2225.50	2356.00	2486.50							
02110550	0408	20140408	20150408	2	2035.00	629.33	1590.00	2480.00								1634.50	1768.00	1901.50	2035.00	2168.50	2302.00	2435.50							
02110550	0409	20140409	20150409	2	1980.00	593.97	1560.00	2400.00								1602.00	1728.00	1854.00	1980.00	2106.00	2232.00	2358.00							
02110550	0410	20140410	20150410	2	1905.00	558.61	1510.00	2300.00								1549.50	1668.00	1786.50	1905.00	2023.50	2142.00	2260.50							
02110550	0411	20140411	20150411	2	1800.00	579.83	1390.00	2210.00								1431.00	1554.00	1677.00	1800.00	1923.00	2046.00	2169.00							
02110550	0412	20140412	20150412	2	1725.00	544.47	1340.00	2110.00								1378.50	1494.00	1609.50	1725.00	1840.50	1956.00	2071.50							
02110550	0413	20140413	20150413	2	1650.00	509.12	1290.00	2010.00								1326.00	1434.00	1542.00	1650.00	1758.00	1866.00	1974.00							
02110550	0414	20140414	20150414	2	1620.00	410.12	1330.00	1910.00								1359.00	1446.00	1533.00	1620.00	1707.00	1794.00	1881.00							
02110550	0415	20140415	20150415	2	1540.00	410.12	1250.00	1830.00								1279.00	1366.00	1453.00	1540.00	1627.00	1714.00	1801.00							
02110550	0416	20140416	20150416	2	1485.00	403.05	1200.00	1770.00								1228.50	1314.00	1399.50	1485.00	1570.50	1656.00	1741.50							
02110550	0417	20140417	20150417	2	1440.00	353.55	1190.00	1690.00								1215.00	1290.00	1365.00	1440.00	1515.00	1590.00	1665.00							
02110550	0418	20140418	20150418	2	1410.00	296.98	1200.00	1620.00								1221.00	1284.00	1347.00	1410.00	1473.00	1536.00	1599.00							
02110550	0419	20140419	20150419	2	1460.00	311.13	1240.00	1680.00								1262.00	1328.00	1394.00	1460.00	1526.00	1592.00	1658.00							
02110550	0420	20140420	20150420	2	1550.00	353.55	1300.00	1800.00								1325.00	1400.00	1475.00	1550.00	1625.00	1700.00	1775.00							
02110550	0421	20140421	20150421	2	1565.00	417.19	1270.00	1860.00								1299.50	1388.00	1476.50	1565.00	1653.50	1742.00	1830.50							
02110550	0422	20140422	20150422	2	1555.00	417.19	1260.00	1850.00								1289.50	1378.00	1466.50	1555.00	1643.50	1732.00	1820.50							
02110550	0423	20140423	20150423	2	1500.00	424.26	1200.00	1800.00								1230.00	1320.00	1410.00	1500.00	1590.00	1680.00	1770.00							
02110550	0424	20140424	20150424	2	1425.00	417.19	1130.00	1720.00								1159.50	1248.00	1336.50	1425.00	1513.50	1602.00	1690.50							
02110550	0425	20140425	20150425	2	1375.00	388.91	1100.00	1650.00								1127.50	1210.00	1292.50	1375.00	1457.50	1540.00	1622.50							
02110550	0426	20140426	20150426	2	1325.00	417.19	1030.00	1620.00								1059.50	1148.00	1236.50	1325.00	1413.50	1502.00	1590.50							
02110550	0427	20140427	20150427	2	1310.00	424.26	1010.00	1610.00								1040.00	1130.00	1220.00	1310.00	1400.00	1490.00	1580.00							
02110550	0428	20140428	20150428	2	1305.50	458.91	981.00	1630.00								1013.45	1110.80	1208.15	1305.50	1402.85	1500.20	1597.55							
02110550	0429	20140429	20150429	2	1316.00	486.49	972.00	1660.00								1006.40	1109.60	1212.80	1316.00	1419.20	1522.40	1625.60							
02110550	0430	20140430	20150430	2	1323.00	519.02	956.00	1690.00								992.70	1102.80	1212.90	1323.00	1433.10	1543.20	1653.30							
02110550	0501	20140501	20150501	2	1327.00	569.93	924.00	1730.00								964.30	1085.20	1206.10	1327.00	1447.90	1568.80	1689.70							
02110550	0502	20140502	20150502	2	1328.00	582.66	916.00	1740.00								957.20	1080.80	1204.40	1328.00	1451.60	1575.20	1698.80							
02110550	0503	20140503	20150503	2	1309.50	580.53	899.00	1720.00								940.05	1063.20	1186.35	1309.50	1432.65	1555.80	1678.95							
02110550	0504	20140504	20150504	2	1289.50	552.25	899.00	1680.00								938.05	1055.20	1172.35	1289.50	1406.65	1523.80	1640.95							
02110550	0505	20140505	20150505	2	1261.00	521.84	892.00	1630.00								928.90	1039.60	1150.30	1261.00	1371.70	1482.40	1593.10							
02110550	0506	20140506	20150506	2	1210.50	480.13	871.00	1550.00								904.95	1006.80	1108.65	1210.50	1312.35	1414.20	1516.05							
02110550	0507	20140507	20150507	2	1155.00	487.90	810.00	1500.00								844.50	948.00	1051.50	1155.00	1258.50	1362.00	1465.50							
02110550	0508	20140508	20150508	2	1125.50	473.05	791.00	1460.00								824.45	924.80	1025.15	1125.50	1225.85	1326.20	1426.55							
02110550	0509	20140509	20150509	2	1072.50	463.15	745.00	1400.00								777.75	876.00	974.25	1072.50	1170.75	1269.00	1367.25							
02110550	0510	20140510	20150510	2	1049.00	397.39	768.00	1330.00								796.10	880.40	964.70	1049.00	1133.30	1217.60	1301.90							
02110550	0511	20140511	20150511	2	1185.00	106.07	1110.00	1260.00								1117.50	1140.00	1162.50	1185.00	1207.50	1230.00	1252.50							
02110550	0512	20140512	20150512	2	1400.00	197.99	1260.00	1540.00								1274.00	1316.00	1358.00	1400.00	1442.00	1484.00	1526.00							
02110550	0513	20140513	20150513	2	1470.00	381.84	1200.00	1740.00								1227.00	1308.00	1389.00	1470.00	1551.00	1632.00	1713.00							
02110550	0514	20140514	20150514	2	1475.00	572.76	1070.00	1880.00								1110.50	1232.00	1353.50	1475.00	1596.50	1718.00	1839.50							
02110550	0515	20140515	20150515	2	1481.50	719.13	973.00	1990.00								1023.85	1176.40	1328.95	1481.50	1634.05	1786.60	1939.15							
02110550	0516	20140516	20150516	2	1479.00	807.52	908.00	2050.00								965.10	1136.40	1307.70	1479.00	1650.30	1821.60	1992.90							
02110550	0517	20140517	20150517	2	1477.00	838.63	884.00	2070.00								943.30	1121.20	1299.10	1477.00	1654.90	1832.80	2010.70							
02110550	0518	20140518	20150518	2	1429.00	878.23	808.00	2050.00								870.10	1056.40	1242.70	1429.00	1615.30	1801.60	1987.90							
02110550	0519	20140519	20150519	2	1338.50	935.50	677.00	2000.00								743.15	941.60	1140.05	1338.50	1536.95	1735.40	1933.85							
02110550	0520	20140520	20150520	2	1250.50	960.96	571.00	1930.00								638.95	842.80	1046.65	1250.50	1454.35	1658.20	1862.05							
02110550	0521	20150521	20150521	1	1880.00		1880.00	1880.00											1880.00										
02110550	0522	20140522	20150522	2	1169.50	948.23	499.00	1840.00								566.05	767.20	968.35	1169.50	1370.65	1571.80	1772.95							
02110550	0523	20140523	20150523	2	1103.50	970.86	417.00	1790.00								485.65	691.60	897.55	1103.50	1309.45	1515.40	1721.35							
02110550	0524	20140524	20150524	2	1050.50	946.82	381.00	1720.00								447.95	648.80	849.65	1050.50	1251.35	1452.20	1653.05							
02110550	0525	20140525	20150525	2	982.50	901.56	345.00	1620.00								408.75	600.00	791.25	982.50	1173.75	1365.00	1556.25							
02110550	0526	20140526	20150526	2	966.50	881.76	343.00	1590.00								405.35	592.40	779.45	966.50	1153.55	1340.60	1527.65							
02110550	0527	20140527	20150527	2	903.50	801.15	337.00	1470.00								393.65	563.60	733.55	903.50	1073.45	1243.40	1413.35							
02110550	0528	20140528	20150528	2	840.00	721.25	330.00	1350.00								381.00	534.00	687.00	840.00	993.00	1146.00	1299.00							
02110550	0529	20140529	20150529	2	743.00	688.72	256.00	1230.00								304.70	450.80	596.90	743.00	889.10	1035.20	1181.30							
02110550	0530	20140530	20150530	2	671.50	591.85	253.00	1090.00								294.85	420.40	545.95	671.50	797.05	922.60	1048.15							
02110550	0531	20140531	20150531	2	618.00	499.22	265.00	971.00								300.30	406.20	512.10	618.00	723.90	829.80	935.70							
02110550	0601	20140601	20150601	2	566.00	410.12	276.00	856.00								305.00	392.00	479.00	566.00	653.00	740.00	827.00							
02110550	0602	20140602	20150602	2	517.00	321.03	290.00	744.00								312.70	380.80	448.90	517.00	585.10	653.20	721.30							
02110550	0603	20140603	20150603	2	482.00	226.27	322.00	642.00								338.00	386.00	434.00	482.00	530.00	578.00	626.00							
02110550	0604	20140604	20150604	2	489.00	189.50	355.00	623.00								368.40	408.60	448.80	489.00	529.20	569.40	609.60							
02110550	0605	20140605	20150605	2	459.50	178.90	333.00	586.00								345.65	383.60	421.55	459.50	497.45	535.40	573.35							
02110550	0606	20140606	20150606	2	438.00	151.32	331.00	545.00								341.70	373.80	405.90	438.00	470.10	502.20	534.30							
02110550	0607	20140607	20150607	2	402.00	108.89	325.00	479.00								332.70	355.80	378.90	402.00	425.10	448.20	471.30							
02110550	0608	20140608	20150608	2	384.00	65.05	338.00	430.00								342.60	356.40	370.20	384.00	397.80	411.60	425.40							
02110550	0609	20140609	20150609	2	394.00	49.50	359.00	429.00								362.50	373.00	383.50	394.00	404.50	415.00	425.50							
02110550	0610	20140610	20150610	2	379.50	45.96	347.00	412.00								350.25	360.00	369.75	379.50	389.25	399.00	408.75							
02110550	0611	20140611	20150611	2	352.50	57.28	312.00	393.00								316.05	328.20	340.35	352.50	364.65	376.80	388.95							
02110550	0612	20140612	20150612	2	328.50	96.87	260.00	397.00								266.85	287.40	307.95	328.50	349.05	369.60	390.15							
02110550	0613	20140613	20150613	2	335.00	118.79	251.00	419.00								259.40	284.60	309.80	335.00	360.20	385.40	410.60							
02110550	0614	20140614	20150614	2	299.00	87.68	237.00	361.00								243.20	261.80	280.40	299.00	317.60	336.20	354.80							
02110550	0615	20140615	20150615	2	267.50	91.22	203.00	332.00								209.45	228.80	248.15	267.50	286.85	306.20	325.55							
02110550	0616	20140616	20150616	2	254.50	98.29	185.00	324.00								191.95	212.80	233.65	254.50	275.35	296.20	317.05							
02110550	0617	20140617	20150617	2	248.00	77.78	193.00	303.00								198.50	215.00	231.50	248.00	264.50	281.00	297.50							
02110550	0618	20140618	20150618	2	220.00	42.43	190.00	250.00								193.00	202.00	211.00	220.00	229.00	238.00	247.00							
02110550	0619	20140619	20150619	2	211.00	74.95	158.00	264.00								163.30	179.20	195.10	211.00	226.90	242.80	258.70							
02110550	0620	20140620	20150620	2	180.00	35.36	155.00	205.00								157.50	165.00	172.50	180.00	187.50	195.00	202.50							
02110550	0621	20140621	20150621	2	176.50	67.18	129.00	224.00								133.75	148.00	162.25	176.50	190.75	205.00	219.25							
02110550	0622	20130622	20150622	3	890.67	1238.52	135.00	2320.00						135.00	151.40	167.80	184.20	200.60	217.00	637.60	1058.20	1478.80	1899.40	2320.00					
02110550	0623	20130623	20150623	3	882.33	1272.48	88.00	2350.00						88.00	112.20	136.40	160.60	184.80	209.00	637.20	1065.40	1493.60	1921.80	2350.00					
02110550	0624	20130624	20150624	3	914.33	1262.40	120.00	2370.00						120.00	146.60	173.20	199.80	226.40	253.00	676.40	1099.80	1523.20	1946.60	2370.00					
02110550	0625	20130625	20150625	3	933.00	1270.70	175.00	2400.00						175.00	184.80	194.60	204.40	214.20	224.00	659.20	1094.40	1529.60	1964.80	2400.00					
02110550	0626	20130626	20150626	3	946.67	1293.74	165.00	2440.00						165.00	179.00	193.00	207.00	221.00	235.00	676.00	1117.00	1558.00	1999.00	2440.00					
02110550	0627	20130627	20150627	3	951.33	1342.71	113.00	2500.00						113.00	138.60	164.20	189.80	215.40	241.00	692.80	1144.60	1596.40	2048.20	2500.00					
02110550	0628	20130628	20150628	3	1012.33	1331.83	222.00	2550.00						222.00	230.60	239.20	247.80	256.40	265.00	722.00	1179.00	1636.00	2093.00	2550.00					
02110550	0629	20130629	20150629	3	1036.67	1371.21	242.00	2620.00						242.00	243.20	244.40	245.60	246.80	248.00	722.40	1196.80	1671.20	2145.60	2620.00					
02110550	0630	20130630	20150630	3	1105.33	1476.29	251.00	2810.00						251.00	251.80	252.60	253.40	254.20	255.00	766.00	1277.00	1788.00	2299.00	2810.00					
02110550	0701	20130701	20150701	3	1248.67	1672.95	248.00	3180.00						248.00	262.00	276.00	290.00	304.00	318.00	890.40	1462.80	2035.20	2607.60	3180.00					
02110550	0702	20130702	20150702	3	1530.67	2130.32	256.00	3990.00						256.00	274.00	292.00	310.00	328.00	346.00	1074.80	1803.60	2532.40	3261.20	3990.00					
02110550	0703	20130703	20150703	3	1802.33	2571.92	221.00	4770.00						221.00	260.00	299.00	338.00	377.00	416.00	1286.80	2157.60	3028.40	3899.20	4770.00					
02110550	0704	20130704	20150704	3	2118.33	2938.48	338.00	5510.00						338.00	371.80	405.60	439.40	473.20	507.00	1507.60	2508.20	3508.80	4509.40	5510.00					
02110550	0705	20130705	20150705	3	2343.00	3386.48	249.00	6250.00						249.00	305.20	361.40	417.60	473.80	530.00	1674.00	2818.00	3962.00	5106.00	6250.00					
02110550	0706	20130706	20150706	3	2564.67	3748.85	252.00	6890.00						252.00	312.00	372.00	432.00	492.00	552.00	1819.60	3087.20	4354.80	5622.40	6890.00					
02110550	0707	20130707	20150707	3	2776.67	4041.06	303.00	7440.00						303.00	359.80	416.60	473.40	530.20	587.00	1957.60	3328.20	4698.80	6069.40	7440.00					
02110550	0708	20130708	20150708	3	2983.00	4339.12	320.00	7990.00						320.00	383.80	447.60	511.40	575.20	639.00	2109.20	3579.40	5049.60	6519.80	7990.00					
02110550	0709	20130709	20150709	3	3154.67	4632.81	299.00	8500.00						299.00	372.20	445.40	518.60	591.80	665.00	2232.00	3799.00	5366.00	6933.00	8500.00					
02110550	0710	20130710	20150710	3	3257.33	4847.94	251.00	8850.00						251.00	335.00	419.00	503.00	587.00	671.00	2306.80	3942.60	5578.40	7214.20	8850.00					
02110550	0711	20130711	20150711	3	3312.00	4902.65	321.00	8970.00						321.00	385.80	450.60	515.40	580.20	645.00	2310.00	3975.00	5640.00	7305.00	8970.00					
02110550	0712	20130712	20150712	3	3313.33	4952.09	341.00	9030.00						341.00	386.60	432.20	477.80	523.40	569.00	2261.20	3953.40	5645.60	7337.80	9030.00					
02110550	0713	20130713	20150713	3	3288.67	4972.61	350.00	9030.00						350.00	377.20	404.40	431.60	458.80	486.00	2194.80	3903.60	5612.40	7321.20	9030.00					
02110550	0714	20130714	20150714	3	3333.00	4918.79	342.00	9010.00						342.00	403.00	464.00	525.00	586.00	647.00	2319.60	3992.20	5664.80	7337.40	9010.00					
02110550	0715	20130715	20150715	3	3317.33	4889.72	324.00	8960.00						324.00	392.80	461.60	530.40	599.20	668.00	2326.40	3984.80	5643.20	7301.60	8960.00					
02110550	0716	20130716	20150716	3	3218.67	4834.26	347.00	8800.00						347.00	379.40	411.80	444.20	476.60	509.00	2167.20	3825.40	5483.60	7141.80	8800.00					
02110550	0717	20130717	20150717	3	3029.33	4668.50	314.00	8420.00						314.00	322.00	330.00	338.00	346.00	354.00	1967.20	3580.40	5193.60	6806.80	8420.00					
02110550	0718	20130718	20150718	3	2850.67	4416.16	292.00	7950.00						292.00	295.60	299.20	302.80	306.40	310.00	1838.00	3366.00	4894.00	6422.00	7950.00					
02110550	0719	20130719	20150719	3	2684.00	4110.29	278.00	7430.00						278.00	291.20	304.40	317.60	330.80	344.00	1761.20	3178.40	4595.60	6012.80	7430.00					
02110550	0720	20130720	20150720	3	2530.67	3801.85	270.00	6920.00						270.00	296.40	322.80	349.20	375.60	402.00	1705.60	3009.20	4312.80	5616.40	6920.00					
02110550	0721	20130721	20150721	3	2378.33	3535.51	268.00	6460.00						268.00	295.80	323.60	351.40	379.20	407.00	1617.60	2828.20	4038.80	5249.40	6460.00					
02110550	0722	20130722	20150722	3	2284.33	3284.13	199.00	6070.00						199.00	276.00	353.00	430.00	507.00	584.00	1681.20	2778.40	3875.60	4972.80	6070.00					
02110550	0723	20130723	20150723	3	2218.33	3032.30	156.00	5700.00						156.00	284.60	413.20	541.80	670.40	799.00	1779.20	2759.40	3739.60	4719.80	5700.00					
02110550	0724	20130724	20150724	3	2159.33	2838.34	172.00	5410.00						172.00	316.80	461.60	606.40	751.20	896.00	1798.80	2701.60	3604.40	4507.20	5410.00					
02110550	0725	20130725	20150725	3	2069.67	2680.87	136.00	5130.00						136.00	297.40	458.80	620.20	781.60	943.00	1780.40	2617.80	3455.20	4292.60	5130.00					
02110550	0726	20130726	20150726	3	2011.33	2500.66	134.00	4850.00						134.00	317.20	500.40	683.60	866.80	1050.00	1810.00	2570.00	3330.00	4090.00	4850.00					
02110550	0727	20130727	20150727	3	1957.33	2321.40	132.00	4570.00						132.00	339.60	547.20	754.80	962.40	1170.00	1850.00	2530.00	3210.00	3890.00	4570.00					
02110550	0728	20130728	20150728	3	1933.00	2155.47	129.00	4320.00						129.00	373.20	617.40	861.60	1105.80	1350.00	1944.00	2538.00	3132.00	3726.00	4320.00					
02110550	0729	20130729	20150729	3	1894.67	2046.24	114.00	4130.00						114.00	379.20	644.40	909.60	1174.80	1440.00	1978.00	2516.00	3054.00	3592.00	4130.00					
02110550	0730	20130730	20150730	3	1883.33	1961.36	110.00	3990.00						110.00	398.00	686.00	974.00	1262.00	1550.00	2038.00	2526.00	3014.00	3502.00	3990.00					
02110550	0731	20130731	20150731	3	1841.33	1855.81	124.00	3810.00						124.00	417.20	710.40	1003.60	1296.80	1590.00	2034.00	2478.00	2922.00	3366.00	3810.00					
02110550	0801	20130801	20150801	3	1786.33	1773.67	119.00	3650.00						119.00	413.20	707.40	1001.60	1295.80	1590.00	2002.00	2414.00	2826.00	3238.00	3650.00					
02110550	0802	20130802	20150802	3	1733.00	1708.82	89.00	3500.00						89.00	393.20	697.40	1001.60	1305.80	1610.00	1988.00	2366.00	2744.00	3122.00	3500.00					
02110550	0803	20130803	20150803	3	1727.00	1634.57	101.00	3370.00						101.00	422.80	744.60	1066.40	1388.20	1710.00	2042.00	2374.00	2706.00	3038.00	3370.00					
02110550	0804	20130804	20150804	3	1735.33	1562.03	106.00	3220.00						106.00	460.80	815.60	1170.40	1525.20	1880.00	2148.00	2416.00	2684.00	2952.00	3220.00					
02110550	0805	20130805	20150805	3	1771.33	1441.40	204.00	3040.00						204.00	577.20	950.40	1323.60	1696.80	2070.00	2264.00	2458.00	2652.00	2846.00	3040.00					
02110550	0806	20130806	20150806	3	1741.00	1399.13	163.00	2830.00						163.00	576.40	989.80	1403.20	1816.60	2230.00	2350.00	2470.00	2590.00	2710.00	2830.00					
02110550	0807	20130807	20150807	3	1722.67	1345.56	178.00	2640.00						178.00	612.40	1046.80	1481.20	1915.60	2350.00	2408.00	2466.00	2524.00	2582.00	2640.00					
02110550	0808	20130808	20150808	3	1691.67	1330.94	155.00	2480.00						155.00	612.00	1069.00	1526.00	1983.00	2440.00	2448.00	2456.00	2464.00	2472.00	2480.00					
02110550	0809	20130809	20150809	3	1666.33	1360.00	109.00	2620.00						109.00	541.20	973.40	1405.60	1837.80	2270.00	2340.00	2410.00	2480.00	2550.00	2620.00					
02110550	0810	20130810	20150810	3	1679.33	1411.54	108.00	2840.00						108.00	504.40	900.80	1297.20	1693.60	2090.00	2240.00	2390.00	2540.00	2690.00	2840.00					
02110550	0811	20130811	20150811	3	1725.33	1489.70	156.00	3120.00						156.00	504.80	853.60	1202.40	1551.20	1900.00	2144.00	2388.00	2632.00	2876.00	3120.00					
02110550	0812	20130812	20150812	3	1747.00	1600.55	181.00	3380.00						181.00	480.80	780.60	1080.40	1380.20	1680.00	2020.00	2360.00	2700.00	3040.00	3380.00					
02110550	0813	20130813	20150813	3	1709.33	1720.64	158.00	3560.00						158.00	408.40	658.80	909.20	1159.60	1410.00	1840.00	2270.00	2700.00	3130.00	3560.00					
02110550	0814	20130814	20150814	3	1657.33	1785.48	152.00	3630.00						152.00	359.60	567.20	774.80	982.40	1190.00	1678.00	2166.00	2654.00	3142.00	3630.00					
02110550	0815	20130815	20150815	3	1628.67	1789.30	156.00	3620.00						156.00	346.80	537.60	728.40	919.20	1110.00	1612.00	2114.00	2616.00	3118.00	3620.00					
02110550	0816	20130816	20150816	3	1662.00	1765.93	166.00	3610.00						166.00	374.80	583.60	792.40	1001.20	1210.00	1690.00	2170.00	2650.00	3130.00	3610.00					
02110550	0817	20130817	20150817	3	1716.00	1763.16	158.00	3630.00						158.00	398.40	638.80	879.20	1119.60	1360.00	1814.00	2268.00	2722.00	3176.00	3630.00					
02110550	0818	20130818	20150818	3	1788.00	1747.31	154.00	3630.00						154.00	439.20	724.40	1009.60	1294.80	1580.00	1990.00	2400.00	2810.00	3220.00	3630.00					
02110550	0819	20130819	20150819	3	1790.00	1735.54	140.00	3600.00						140.00	438.00	736.00	1034.00	1332.00	1630.00	2024.00	2418.00	2812.00	3206.00	3600.00					
02110550	0820	20130820	20150820	3	1822.33	1706.61	127.00	3540.00						127.00	461.60	796.20	1130.80	1465.40	1800.00	2148.00	2496.00	2844.00	3192.00	3540.00					
02110550	0821	20130821	20150821	3	1845.00	1680.99	105.00	3460.00						105.00	478.00	851.00	1224.00	1597.00	1970.00	2268.00	2566.00	2864.00	3162.00	3460.00					
02110550	0822	20130822	20150822	3	1866.67	1647.10	100.00	3360.00						100.00	508.00	916.00	1324.00	1732.00	2140.00	2384.00	2628.00	2872.00	3116.00	3360.00					
02110550	0823	20130823	20150823	3	1898.33	1621.19	105.00	3260.00						105.00	550.00	995.00	1440.00	1885.00	2330.00	2516.00	2702.00	2888.00	3074.00	3260.00					
02110550	0824	20130824	20150824	3	1922.67	1600.51	118.00	3170.00						118.00	590.40	1062.80	1535.20	2007.60	2480.00	2618.00	2756.00	2894.00	3032.00	3170.00					
02110550	0825	20130825	20150825	3	1903.33	1561.07	130.00	3070.00						130.00	606.00	1082.00	1558.00	2034.00	2510.00	2622.00	2734.00	2846.00	2958.00	3070.00					
02110550	0826	20130826	20150826	3	1850.67	1507.63	132.00	2950.00						132.00	599.60	1067.20	1534.80	2002.40	2470.00	2566.00	2662.00	2758.00	2854.00	2950.00					
02110550	0827	20130827	20150827	3	1786.00	1408.31	178.00	2800.00						178.00	618.40	1058.80	1499.20	1939.60	2380.00	2464.00	2548.00	2632.00	2716.00	2800.00					
02110550	0828	20130828	20150828	3	1692.33	1333.87	167.00	2640.00						167.00	587.60	1008.20	1428.80	1849.40	2270.00	2344.00	2418.00	2492.00	2566.00	2640.00					
02110550	0829	20130829	20150829	3	1585.00	1239.49	165.00	2450.00						165.00	560.00	955.00	1350.00	1745.00	2140.00	2202.00	2264.00	2326.00	2388.00	2450.00					
02110550	0830	20130830	20150830	3	1468.00	1136.76	164.00	2250.00						164.00	529.20	894.40	1259.60	1624.80	1990.00	2042.00	2094.00	2146.00	2198.00	2250.00					
02110550	0831	20130831	20150831	3	1359.00	1046.76	157.00	2070.00						157.00	495.60	834.20	1172.80	1511.40	1850.00	1894.00	1938.00	1982.00	2026.00	2070.00					
02110550	0901	20130901	20150901	3	1257.67	917.31	203.00	1870.00						203.00	502.40	801.80	1101.20	1400.60	1700.00	1734.00	1768.00	1802.00	1836.00	1870.00					
02110550	0902	20130902	20150902	3	1137.33	820.21	192.00	1660.00						192.00	465.60	739.20	1012.80	1286.40	1560.00	1580.00	1600.00	1620.00	1640.00	1660.00					
02110550	0903	20130903	20150903	3	1027.67	740.59	173.00	1480.00						173.00	424.40	675.80	927.20	1178.60	1430.00	1440.00	1450.00	1460.00	1470.00	1480.00					
02110550	0904	20130904	20150904	3	916.67	620.67	200.00	1280.00						200.00	414.00	628.00	842.00	1056.00	1270.00	1272.00	1274.00	1276.00	1278.00	1280.00					
02110550	0905	20130905	20150905	3	815.67	544.53	187.00	1140.00						187.00	373.60	560.20	746.80	933.40	1120.00	1124.00	1128.00	1132.00	1136.00	1140.00					
02110550	0906	20130906	20150906	3	750.33	502.12	171.00	1060.00						171.00	340.80	510.60	680.40	850.20	1020.00	1028.00	1036.00	1044.00	1052.00	1060.00					
02110550	0907	20130907	20150907	3	701.33	446.30	186.00	961.00						186.00	340.20	494.40	648.60	802.80	957.00	957.80	958.60	959.40	960.20	961.00					
02110550	0908	20130908	20150908	3	694.67	390.47	244.00	932.00						244.00	376.80	509.60	642.40	775.20	908.00	912.80	917.60	922.40	927.20	932.00					
02110550	0909	20130909	20150909	3	723.00	379.84	295.00	1020.00						295.00	406.80	518.60	630.40	742.20	854.00	887.20	920.40	953.60	986.80	1020.00					
02110550	0910	20130910	20150910	3	726.33	406.68	300.00	1110.00						300.00	393.80	487.60	581.40	675.20	769.00	837.20	905.40	973.60	1041.80	1110.00					
02110550	0911	20130911	20150911	3	709.33	436.29	289.00	1160.00						289.00	367.00	445.00	523.00	601.00	679.00	775.20	871.40	967.60	1063.80	1160.00					
02110550	0912	20130912	20150912	3	680.00	465.55	259.00	1180.00						259.00	327.40	395.80	464.20	532.60	601.00	716.80	832.60	948.40	1064.20	1180.00					
02110550	0913	20130913	20150913	3	687.00	500.16	294.00	1250.00						294.00	338.60	383.20	427.80	472.40	517.00	663.60	810.20	956.80	1103.40	1250.00					
02110550	0914	20130914	20150914	3	666.67	606.57	234.00	1360.00						234.00	268.40	302.80	337.20	371.60	406.00	596.80	787.60	978.40	1169.20	1360.00					
02110550	0915	20130915	20150915	3	719.67	764.27	226.00	1600.00						226.00	247.40	268.80	290.20	311.60	333.00	586.40	839.80	1093.20	1346.60	1600.00					
02110550	0916	20130916	20150916	3	775.67	871.02	227.00	1780.00						227.00	245.60	264.20	282.80	301.40	320.00	612.00	904.00	1196.00	1488.00	1780.00					
02110550	0917	20130917	20150917	3	758.00	911.40	207.00	1810.00						207.00	217.00	227.00	237.00	247.00	257.00	567.60	878.20	1188.80	1499.40	1810.00					
02110550	0918	20130918	20150918	3	721.33	934.17	176.00	1800.00						176.00	178.40	180.80	183.20	185.60	188.00	510.40	832.80	1155.20	1477.60	1800.00					
02110550	0919	20130919	20150919	3	703.00	924.15	156.00	1770.00						156.00	161.40	166.80	172.20	177.60	183.00	500.40	817.80	1135.20	1452.60	1770.00					
02110550	0920	20130920	20150920	3	704.67	931.27	163.00	1780.00						163.00	164.60	166.20	167.80	169.40	171.00	492.80	814.60	1136.40	1458.20	1780.00					
02110550	0921	20130921	20150921	3	722.67	985.09	138.00	1860.00						138.00	144.40	150.80	157.20	163.60	170.00	508.00	846.00	1184.00	1522.00	1860.00					
02110550	0922	20130922	20150922	3	752.33	1055.16	107.00	1970.00						107.00	121.60	136.20	150.80	165.40	180.00	538.00	896.00	1254.00	1612.00	1970.00					
02110550	0923	20130923	20150923	3	776.33	1146.49	95.00	2100.00						95.00	102.80	110.60	118.40	126.20	134.00	527.20	920.40	1313.60	1706.80	2100.00					
02110550	0924	20130924	20150924	3	819.67	1230.31	84.00	2240.00						84.00	94.20	104.40	114.60	124.80	135.00	556.00	977.00	1398.00	1819.00	2240.00					
02110550	0925	20130925	20150925	3	865.33	1285.89	105.00	2350.00						105.00	112.20	119.40	126.60	133.80	141.00	582.80	1024.60	1466.40	1908.20	2350.00					
02110550	0926	20130926	20150926	3	896.00	1337.14	124.00	2440.00						124.00	124.00	124.00	124.00	124.00	124.00	587.20	1050.40	1513.60	1976.80	2440.00					
02110550	0927	20130927	20150927	3	904.00	1373.59	97.00	2490.00						97.00	102.60	108.20	113.80	119.40	125.00	598.00	1071.00	1544.00	2017.00	2490.00					
02110550	0928	20130928	20150928	3	898.67	1386.84	87.00	2500.00						87.00	91.40	95.80	100.20	104.60	109.00	587.20	1065.40	1543.60	2021.80	2500.00					
02110550	0929	20130929	20150929	3	898.33	1378.44	96.00	2490.00						96.00	98.60	101.20	103.80	106.40	109.00	585.20	1061.40	1537.60	2013.80	2490.00					
02110550	0930	20130930	20150930	3	904.33	1355.95	111.00	2470.00						111.00	115.20	119.40	123.60	127.80	132.00	599.60	1067.20	1534.80	2002.40	2470.00					
02110550	1001	20131001	20151001	3	886.67	1319.26	118.00	2410.00						118.00	120.80	123.60	126.40	129.20	132.00	587.60	1043.20	1498.80	1954.40	2410.00					
02110550	1002	20131002	20151002	3	950.67	1211.78	112.00	2340.00						112.00	169.60	227.20	284.80	342.40	400.00	788.00	1176.00	1564.00	1952.00	2340.00					
02110550	1003	20131003	20151003	3	1421.00	1147.77	113.00	2260.00						113.00	468.40	823.80	1179.20	1534.60	1890.00	1964.00	2038.00	2112.00	2186.00	2260.00					
02110550	1004	20131004	20151004	3	2009.67	1860.06	79.00	3790.00						79.00	495.20	911.40	1327.60	1743.80	2160.00	2486.00	2812.00	3138.00	3464.00	3790.00					
02110550	1005	20131005	20151005	3	3607.00	4518.12	81.00	8700.00						81.00	472.80	864.60	1256.40	1648.20	2040.00	3372.00	4704.00	6036.00	7368.00	8700.00					
02110550	1006	20131006	20151006	3	5353.00	7632.06	49.00	14100.00						49.00	421.20	793.40	1165.60	1537.80	1910.00	4348.00	6786.00	9224.00	11662.00	14100.00					
02110550	1007	20131007	20151007	3	5911.00	8694.72	43.00	15900.00						43.00	392.40	741.80	1091.20	1440.60	1790.00	4612.00	7434.00	10256.00	13078.00	15900.00					
02110550	1008	20131008	20151008	3	5967.33	8896.80	62.00	16200.00						62.00	377.60	693.20	1008.80	1324.40	1640.00	4552.00	7464.00	10376.00	13288.00	16200.00					
02110550	1009	20131009	20151009	3	5805.00	8854.70	35.00	16000.00						35.00	304.00	573.00	842.00	1111.00	1380.00	4304.00	7228.00	10152.00	13076.00	16000.00					
02110550	1010	20131010	20151010	3	5677.67	8701.25	53.00	15700.00						53.00	298.40	543.80	789.20	1034.60	1280.00	4164.00	7048.00	9932.00	12816.00	15700.00					
02110550	1011	20131011	20151011	3	5674.00	8786.54	62.00	15800.00						62.00	281.60	501.20	720.80	940.40	1160.00	4088.00	7016.00	9944.00	12872.00	15800.00					
02110550	1012	20131012	20151012	3	5521.33	8654.99	54.00	15500.00						54.00	245.20	436.40	627.60	818.80	1010.00	3908.00	6806.00	9704.00	12602.00	15500.00					
02110550	1013	20131013	20151013	3	5255.33	8277.05	54.00	14800.00						54.00	225.60	397.20	568.80	740.40	912.00	3689.60	6467.20	9244.80	12022.40	14800.00					
02110550	1014	20131014	20151014	3	4899.33	7719.05	40.00	13800.00						40.00	203.60	367.20	530.80	694.40	858.00	3446.40	6034.80	8623.20	11211.60	13800.00					
02110550	1015	20131015	20151015	3	4466.00	7054.33	22.00	12600.00						22.00	172.80	323.60	474.40	625.20	776.00	3140.80	5505.60	7870.40	10235.20	12600.00					
02110550	1016	20131016	20151016	3	4055.67	6369.87	36.00	11400.00						36.00	175.00	314.00	453.00	592.00	731.00	2864.80	4998.60	7132.40	9266.20	11400.00					
02110550	1017	20131017	20151017	3	3647.00	5683.34	64.00	10200.00						64.00	186.60	309.20	431.80	554.40	677.00	2581.60	4486.20	6390.80	8295.40	10200.00					
02110550	1018	20131018	20151018	3	3248.67	5015.58	61.00	9030.00						61.00	179.80	298.60	417.40	536.20	655.00	2330.00	4005.00	5680.00	7355.00	9030.00					
02110550	1019	20131019	20151019	3	2895.33	4437.53	70.00	8010.00						70.00	177.20	284.40	391.60	498.80	606.00	2086.80	3567.60	5048.40	6529.20	8010.00					
02110550	1020	20131020	20151020	3	2595.33	3944.84	56.00	7140.00						56.00	162.80	269.60	376.40	483.20	590.00	1900.00	3210.00	4520.00	5830.00	7140.00					
02110550	1021	20131021	20151021	3	2339.00	3519.95	27.00	6390.00						27.00	141.60	256.20	370.80	485.40	600.00	1758.00	2916.00	4074.00	5232.00	6390.00					
02110550	1022	20131022	20151022	3	2140.00	3154.57	63.00	5770.00						63.00	167.80	272.60	377.40	482.20	587.00	1623.60	2660.20	3696.80	4733.40	5770.00					
02110550	1023	20131023	20151023	3	1984.67	2890.65	72.00	5310.00						72.00	172.00	272.00	372.00	472.00	572.00	1519.60	2467.20	3414.80	4362.40	5310.00					
02110550	1024	20131024	20151024	3	1824.00	2655.70	76.00	4880.00						76.00	164.00	252.00	340.00	428.00	516.00	1388.80	2261.60	3134.40	4007.20	4880.00					
02110550	1025	20131025	20151025	3	1663.33	2432.14	43.00	4460.00						43.00	131.80	220.60	309.40	398.20	487.00	1281.60	2076.20	2870.80	3665.40	4460.00					
02110550	1026	20131026	20151026	3	1536.33	2222.70	37.00	4090.00						37.00	126.00	215.00	304.00	393.00	482.00	1203.60	1925.20	2646.80	3368.40	4090.00					
02110550	1027	20131027	20151027	3	1430.33	2043.31	70.00	3780.00						70.00	144.20	218.40	292.60	366.80	441.00	1108.80	1776.60	2444.40	3112.20	3780.00					
02110550	1028	20131028	20151028	3	1321.67	1895.01	53.00	3500.00						53.00	124.80	196.60	268.40	340.20	412.00	1029.60	1647.20	2264.80	2882.40	3500.00					
02110550	1029	20131029	20151029	3	1232.33	1755.36	56.00	3250.00						56.00	123.00	190.00	257.00	324.00	391.00	962.80	1534.60	2106.40	2678.20	3250.00					
02110550	1030	20131030	20151030	3	1126.00	1621.89	37.00	2990.00						37.00	99.80	162.60	225.40	288.20	351.00	878.80	1406.60	1934.40	2462.20	2990.00					
02110550	1031	20131031	20151031	3	1025.00	1498.83	41.00	2750.00						41.00	89.60	138.20	186.80	235.40	284.00	777.20	1270.40	1763.60	2256.80	2750.00					
02110550	1101	20131101	20151101	3	946.67	1358.19	57.00	2510.00						57.00	100.20	143.40	186.60	229.80	273.00	720.40	1167.80	1615.20	2062.60	2510.00					
02110550	1102	20131102	20151102	3	918.67	1204.09	91.00	2300.00						91.00	145.80	200.60	255.40	310.20	365.00	752.00	1139.00	1526.00	1913.00	2300.00					
02110550	1103	20131103	20151103	3	969.33	1366.82	50.00	2540.00						50.00	103.60	157.20	210.80	264.40	318.00	762.40	1206.80	1651.20	2095.60	2540.00					
02110550	1104	20141104	20151104	2	1744.50	2015.96	319.00	3170.00								461.55	889.20	1316.85	1744.50	2172.15	2599.80	3027.45							
02110550	1105	20131105	20151105	3	1354.02	2047.91	0.07	3710.00						0.07	70.46	140.84	211.23	281.61	352.00	1023.60	1695.20	2366.80	3038.40	3710.00					
02110550	1106	20141106	20151106	2	2196.50	2621.24	343.00	4050.00								528.35	1084.40	1640.45	2196.50	2752.55	3308.60	3864.65							
02110550	1107	20131107	20151107	3	1524.67	2337.84	47.00	4220.00						47.00	99.00	151.00	203.00	255.00	307.00	1089.60	1872.20	2654.80	3437.40	4220.00					
02110550	1108	20131108	20151108	3	1546.67	2403.08	81.00	4320.00						81.00	112.60	144.20	175.80	207.40	239.00	1055.20	1871.40	2687.60	3503.80	4320.00					
02110550	1109	20131109	20151109	3	1566.67	2498.88	29.00	4450.00						29.00	67.40	105.80	144.20	182.60	221.00	1066.80	1912.60	2758.40	3604.20	4450.00					
02110550	1110	20131110	20151110	3	1634.00	2587.55	50.00	4620.00						50.00	86.40	122.80	159.20	195.60	232.00	1109.60	1987.20	2864.80	3742.40	4620.00					
02110550	1111	20131111	20151111	3	1695.00	2690.01	69.00	4800.00						69.00	98.40	127.80	157.20	186.60	216.00	1132.80	2049.60	2966.40	3883.20	4800.00					
02110550	1112	20131112	20151112	3	1748.00	2783.03	55.00	4960.00						55.00	89.80	124.60	159.40	194.20	229.00	1175.20	2121.40	3067.60	4013.80	4960.00					
02110550	1113	20131113	20151113	3	1780.00	2850.18	61.00	5070.00						61.00	90.60	120.20	149.80	179.40	209.00	1181.20	2153.40	3125.60	4097.80	5070.00					
02110550	1114	20131114	20151114	3	1773.00	2882.01	44.00	5100.00						44.00	70.20	96.40	122.60	148.80	175.00	1160.00	2145.00	3130.00	4115.00	5100.00					
02110550	1115	20131115	20151115	3	1763.00	2864.48	54.00	5070.00						54.00	76.20	98.40	120.60	142.80	165.00	1146.00	2127.00	3108.00	4089.00	5070.00					
02110550	1116	20131116	20151116	3	1754.33	2820.02	72.00	5010.00						72.00	93.80	115.60	137.40	159.20	181.00	1146.80	2112.60	3078.40	4044.20	5010.00					
02110550	1117	20131117	20151117	3	1717.00	2774.70	48.00	4920.00						48.00	75.00	102.00	129.00	156.00	183.00	1130.40	2077.80	3025.20	3972.60	4920.00					
02110550	1118	20131118	20151118	3	1704.00	2691.73	51.00	4810.00						51.00	91.00	131.00	171.00	211.00	251.00	1162.80	2074.60	2986.40	3898.20	4810.00					
02110550	1119	20131119	20151119	3	1640.03	2711.59	3.10	4770.00						3.10	31.88	60.66	89.44	118.22	147.00	1071.60	1996.20	2920.80	3845.40	4770.00					
02110550	1120	20141120	20151120	2	2457.50	3242.08	165.00	4750.00								394.25	1082.00	1769.75	2457.50	3145.25	3833.00	4520.75							
02110550	1121	20131121	20151121	3	1613.33	2639.70	10.00	4660.00						10.00	42.00	74.00	106.00	138.00	170.00	1068.00	1966.00	2864.00	3762.00	4660.00					
02110550	1122	20131122	20151122	3	1585.33	2593.59	62.00	4580.00						62.00	72.40	82.80	93.20	103.60	114.00	1007.20	1900.40	2793.60	3686.80	4580.00					
02110550	1123	20131123	20151123	3	1538.00	2530.54	69.00	4460.00						69.00	72.20	75.40	78.60	81.80	85.00	960.00	1835.00	2710.00	3585.00	4460.00					
02110550	1124	20131124	20151124	3	1487.67	2444.94	17.00	4310.00						17.00	40.80	64.60	88.40	112.20	136.00	970.80	1805.60	2640.40	3475.20	4310.00					
02110550	1125	20141125	20151125	2	2239.50	2716.00	319.00	4160.00								511.05	1087.20	1663.35	2239.50	2815.65	3391.80	3967.95							
02110550	1126	20141126	20151126	2	2224.00	2483.36	468.00	3980.00								643.60	1170.40	1697.20	2224.00	2750.80	3277.60	3804.40							
02110550	1127	20131127	20151127	3	1572.67	1914.49	364.00	3780.00						364.00	406.00	448.00	490.00	532.00	574.00	1215.20	1856.40	2497.60	3138.80	3780.00					
02110550	1128	20131128	20151128	3	1513.33	1775.12	393.00	3560.00						393.00	431.80	470.60	509.40	548.20	587.00	1181.60	1776.20	2370.80	2965.40	3560.00					
02110550	1129	20131129	20151129	3	1426.33	1689.12	314.00	3370.00						314.00	370.20	426.40	482.60	538.80	595.00	1150.00	1705.00	2260.00	2815.00	3370.00					
02110550	1130	20131130	20151130	3	1362.67	1595.36	247.00	3190.00						247.00	327.80	408.60	489.40	570.20	651.00	1158.80	1666.60	2174.40	2682.20	3190.00					
02110550	1201	20131201	20151201	3	1338.67	1467.91	312.00	3020.00						312.00	386.40	460.80	535.20	609.60	684.00	1151.20	1618.40	2085.60	2552.80	3020.00					
02110550	1202	20131202	20151202	3	1280.67	1388.12	306.00	2870.00						306.00	378.00	450.00	522.00	594.00	666.00	1106.80	1547.60	1988.40	2429.20	2870.00					
02110550	1203	20131203	20151203	3	1234.00	1319.63	280.00	2740.00						280.00	360.40	440.80	521.20	601.60	682.00	1093.60	1505.20	1916.80	2328.40	2740.00					
02110550	1204	20131204	20151204	3	1210.33	1238.65	296.00	2620.00						296.00	379.80	463.60	547.40	631.20	715.00	1096.00	1477.00	1858.00	2239.00	2620.00					
02110550	1205	20131205	20151205	3	1178.33	1155.83	309.00	2490.00						309.00	394.40	479.80	565.20	650.60	736.00	1086.80	1437.60	1788.40	2139.20	2490.00					
02110550	1206	20131206	20151206	3	1160.33	1083.07	311.00	2380.00						311.00	406.80	502.60	598.40	694.20	790.00	1108.00	1426.00	1744.00	2062.00	2380.00					
02110550	1207	20131207	20151207	3	1133.67	1053.15	309.00	2320.00						309.00	401.60	494.20	586.80	679.40	772.00	1081.60	1391.20	1700.80	2010.40	2320.00					
02110550	1208	20131208	20151208	3	1108.00	1100.33	223.00	2340.00						223.00	330.60	438.20	545.80	653.40	761.00	1076.80	1392.60	1708.40	2024.20	2340.00					
02110550	1209	20131209	20151209	3	1125.00	1083.27	260.00	2340.00						260.00	363.00	466.00	569.00	672.00	775.00	1088.00	1401.00	1714.00	2027.00	2340.00					
02110550	1210	20131210	20151210	3	1138.67	1044.76	303.00	2310.00						303.00	403.00	503.00	603.00	703.00	803.00	1104.40	1405.80	1707.20	2008.60	2310.00					
02110550	1211	20131211	20151211	3	1113.67	1033.74	279.00	2270.00						279.00	381.60	484.20	586.80	689.40	792.00	1087.60	1383.20	1678.80	1974.40	2270.00					
02110550	1212	20131212	20151212	3	1096.33	1007.65	273.00	2220.00						273.00	377.60	482.20	586.80	691.40	796.00	1080.80	1365.60	1650.40	1935.20	2220.00					
02110550	1213	20131213	20151213	3	1075.67	974.52	273.00	2160.00						273.00	377.20	481.40	585.60	689.80	794.00	1067.20	1340.40	1613.60	1886.80	2160.00					
02110550	1214	20131214	20151214	3	1046.67	951.63	275.00	2110.00						275.00	371.00	467.00	563.00	659.00	755.00	1026.00	1297.00	1568.00	1839.00	2110.00					
02110550	1215	20131215	20151215	3	1049.33	891.24	376.00	2060.00						376.00	443.20	510.40	577.60	644.80	712.00	981.60	1251.20	1520.80	1790.40	2060.00					
02110550	1216	20131216	20151216	3	1044.33	858.78	403.00	2020.00						403.00	464.40	525.80	587.20	648.60	710.00	972.00	1234.00	1496.00	1758.00	2020.00					
02110550	1217	20131217	20151217	3	1014.00	844.01	372.00	1970.00						372.00	437.60	503.20	568.80	634.40	700.00	954.00	1208.00	1462.00	1716.00	1970.00					
02110550	1218	20131218	20151218	3	995.67	816.40	420.00	1930.00						420.00	463.40	506.80	550.20	593.60	637.00	895.60	1154.20	1412.80	1671.40	1930.00					
02110550	1219	20131219	20151219	3	941.00	801.59	386.00	1860.00						386.00	424.20	462.40	500.60	538.80	577.00	833.60	1090.20	1346.80	1603.40	1860.00					
02110550	1220	20131220	20151220	3	926.33	731.08	479.00	1770.00						479.00	489.20	499.40	509.60	519.80	530.00	778.00	1026.00	1274.00	1522.00	1770.00					
02110550	1221	20131221	20151221	3	901.33	683.27	488.00	1690.00						488.00	495.60	503.20	510.80	518.40	526.00	758.80	991.60	1224.40	1457.20	1690.00					
02110550	1222	20131222	20151222	3	898.00	647.07	451.00	1640.00						451.00	481.40	511.80	542.20	572.60	603.00	810.40	1017.80	1225.20	1432.60	1640.00					
02110550	1223	20131223	20151223	3	949.00	667.12	465.00	1710.00						465.00	506.40	547.80	589.20	630.60	672.00	879.60	1087.20	1294.80	1502.40	1710.00					
02110550	1224	20131224	20151224	3	1044.67	698.59	602.00	1850.00						602.00	618.00	634.00	650.00	666.00	682.00	915.60	1149.20	1382.80	1616.40	1850.00					
02110550	1225	20131225	20151225	3	1199.33	727.15	678.00	2030.00						678.00	720.40	762.80	805.20	847.60	890.00	1118.00	1346.00	1574.00	1802.00	2030.00					
02110550	1226	20131226	20151226	3	1309.33	738.59	698.00	2130.00						698.00	778.40	858.80	939.20	1019.60	1100.00	1306.00	1512.00	1718.00	1924.00	2130.00					
02110550	1227	20131227	20151227	3	1374.67	760.02	724.00	2210.00						724.00	817.20	910.40	1003.60	1096.80	1190.00	1394.00	1598.00	1802.00	2006.00	2210.00					
02110550	1228	20131228	20151228	3	1436.67	813.65	700.00	2310.00						700.00	820.00	940.00	1060.00	1180.00	1300.00	1502.00	1704.00	1906.00	2108.00	2310.00					
02110550	1229	20131229	20151229	3	1539.00	908.37	727.00	2520.00						727.00	855.60	984.20	1112.80	1241.40	1370.00	1600.00	1830.00	2060.00	2290.00	2520.00					
02110550	1230	20131230	20151230	3	1689.33	979.82	818.00	2750.00						818.00	954.40	1090.80	1227.20	1363.60	1500.00	1750.00	2000.00	2250.00	2500.00	2750.00					
02110550	1231	20131231	20151231	3	1840.67	1070.00	842.00	2970.00						842.00	1015.60	1189.20	1362.80	1536.40	1710.00	1962.00	2214.00	2466.00	2718.00	2970.00					
