site_no	monthday	begin_dt	end_dt	count_nu	mean	std	min	max	p01	p05	p10	p15	p20	p25	p30	p35	p40	p45	p50	p55	p60	p65	p70	p75	p80	p85	p90	p95	p99
021556525	ALL	19931101	20151201	8066	329.13	508.23	28.00	11800.00	37.00	63.00	74.70	86.00	102.00	122.00	144.00	165.00	186.00	204.00	229.00	256.00	284.00	315.00	343.00	380.00	429.00	490.00	580.00	800.65	2103.30
021556525	0101	19940101	20150101	22	350.55	345.96	37.00	1720.00		37.00	54.40	109.40	148.60	166.00	174.20	209.10	234.40	259.35	280.50	289.30	298.00	365.55	407.20	457.50	480.80	500.55	609.50	1560.40	
021556525	0102	19940102	20150102	22	334.32	249.94	36.00	1190.00		36.15	54.40	108.50	147.80	169.75	183.70	194.30	257.40	276.85	313.50	318.30	350.20	381.75	395.00	452.00	470.60	515.25	605.80	1106.60	
021556525	0103	19940103	20150103	22	335.73	196.74	36.00	857.00		36.30	52.70	105.45	149.00	176.50	190.90	230.80	275.40	318.40	361.50	405.25	419.80	424.90	441.10	462.75	482.60	510.45	523.90	807.35	
021556525	0104	19940104	20150104	22	337.41	201.21	37.00	764.00		37.45	54.10	107.70	151.00	173.50	202.20	248.55	270.60	317.00	334.50	361.75	382.20	386.95	395.40	441.75	528.80	585.40	670.60	753.50	
021556525	0105	19940105	20150105	22	343.23	230.60	39.00	1040.00		41.10	65.90	114.00	152.20	180.25	194.10	238.25	289.80	326.75	331.50	337.55	344.00	386.80	408.70	433.75	464.80	515.15	688.30	998.00	
021556525	0106	19940106	20150106	22	347.09	215.54	47.00	944.00		53.90	114.00	164.35	180.40	194.50	200.50	240.80	260.80	289.45	316.00	341.25	352.40	355.85	388.10	422.00	495.20	567.40	725.10	917.60	
021556525	0107	19940107	20150107	22	408.05	330.39	58.00	1470.00		63.10	113.30	170.20	185.00	210.75	218.00	227.90	285.00	303.50	323.50	335.05	347.40	369.90	384.70	497.75	565.80	776.00	947.60	1395.15	
021556525	0108	19940108	20150108	22	475.14	485.34	70.00	2110.00		75.10	121.70	169.75	182.80	207.00	227.50	261.60	292.80	299.85	311.50	317.30	354.00	368.70	488.80	511.50	633.00	809.65	1326.70	2024.50	
021556525	0109	19940109	20150109	22	467.77	525.13	79.00	2490.00		82.30	119.60	166.15	171.80	191.00	203.30	288.15	311.60	318.35	320.00	353.50	404.60	442.45	454.50	477.75	525.80	556.75	1140.70	2325.00	
021556525	0110	19940110	20150110	22	366.36	207.27	93.00	866.00		93.30	113.60	159.70	164.20	190.50	278.20	295.30	302.20	311.20	319.00	352.80	400.60	410.85	429.60	455.75	471.60	581.45	769.10	858.35	
021556525	0111	19940111	20150111	22	424.00	429.76	90.00	2200.00		91.50	116.50	158.60	164.80	196.75	272.70	289.15	292.80	311.40	343.50	356.10	393.00	401.95	408.10	442.00	510.00	600.95	701.50	1980.85	
021556525	0112	19940112	20150112	22	445.14	564.54	111.00	2900.00		114.45	138.80	155.85	164.80	193.00	244.30	266.75	301.60	313.95	350.00	382.80	397.40	418.05	452.20	473.00	480.00	495.90	536.90	2547.65	
021556525	0113	19940113	20150113	22	368.82	203.79	113.00	997.00		114.95	132.30	154.20	164.20	187.50	211.20	226.95	345.60	371.50	381.50	390.85	401.20	414.40	464.60	489.75	507.40	527.65	572.40	936.10	
021556525	0114	19940114	20150114	22	484.86	610.83	107.00	3070.00		108.20	123.40	152.00	166.60	178.75	199.10	250.80	306.00	318.20	352.00	398.80	421.20	429.70	445.10	498.25	588.40	708.60	789.50	2732.20	
021556525	0115	19940115	20150115	22	644.86	1361.49	105.00	6670.00		105.60	116.20	146.50	179.80	191.75	197.40	270.00	271.00	281.65	299.50	334.25	428.40	462.25	478.80	486.25	580.20	756.85	791.20	5788.45	
021556525	0116	19940116	20150116	22	522.05	715.83	100.00	3490.00		100.30	107.10	129.35	154.60	181.75	202.40	242.05	245.00	258.25	322.00	418.90	455.60	472.30	498.60	560.25	587.80	666.30	1107.50	3158.50	
021556525	0117	19940117	20150117	22	529.00	596.21	83.00	2340.00		85.40	104.10	118.25	146.20	177.25	214.40	224.75	245.00	276.00	323.00	363.50	417.40	431.90	454.00	503.50	703.80	1218.30	1718.00	2266.50	
021556525	0118	19940118	20150118	22	587.59	954.87	103.00	4660.00		104.05	113.00	125.85	151.00	197.50	218.90	257.55	287.40	297.05	339.50	369.60	395.00	401.95	416.80	469.25	712.80	1031.20	1074.00	4123.00	
021556525	0119	19940119	20150119	22	432.68	358.09	129.00	1500.00		130.35	145.20	162.45	178.60	199.50	212.90	276.15	282.00	294.70	321.00	367.45	395.00	402.80	407.10	458.25	588.40	741.70	1154.90	1471.50	
021556525	0120	19940120	20150120	22	425.45	271.12	137.00	1310.00		137.30	146.20	190.00	241.60	271.25	281.50	287.50	298.40	322.20	356.00	393.70	415.60	426.45	476.20	499.25	556.00	692.15	832.20	1241.75	
021556525	0121	19940121	20150121	22	378.82	176.88	116.00	749.00		118.10	139.30	179.00	241.80	270.50	279.10	291.20	298.20	319.05	338.00	345.25	391.00	439.05	450.90	510.25	563.40	615.55	664.30	739.40	
021556525	0122	19940122	20150122	22	362.27	168.79	111.00	698.00		114.00	139.40	177.00	199.00	238.75	264.60	268.65	285.60	316.95	342.50	364.15	375.00	404.45	446.50	489.00	532.40	577.15	648.60	693.65	
021556525	0123	19940123	20150123	22	377.14	195.84	110.00	861.00		112.85	135.60	155.50	203.00	235.50	264.00	273.05	286.60	340.15	360.50	382.15	415.60	423.95	425.40	448.00	541.40	606.45	703.90	843.15	
021556525	0124	19940124	20150124	22	400.41	233.80	113.00	1010.00		115.85	134.40	141.80	187.20	234.00	265.20	273.45	323.00	338.15	345.50	363.90	412.20	453.35	476.90	531.75	547.40	662.00	807.40	983.75	
021556525	0125	19940125	20150125	22	607.00	1071.55	100.00	5310.00		104.50	130.30	132.35	192.20	246.00	269.00	273.95	300.20	338.25	364.50	384.90	421.40	481.30	495.40	540.50	566.20	654.80	907.10	4661.85	
021556525	0126	19940126	20150126	22	482.91	749.06	97.00	3780.00		100.90	123.60	128.15	177.00	227.25	264.60	275.70	298.20	335.70	341.50	346.00	373.20	386.65	407.20	460.75	516.00	534.05	539.70	3294.00	
021556525	0127	19940127	20150127	22	483.09	618.27	97.00	2950.00		100.30	119.90	126.05	167.00	215.75	236.60	269.30	278.60	300.35	314.50	321.50	337.80	374.25	388.70	401.00	457.80	853.70	1179.00	2687.50	
021556525	0128	19940128	20150128	22	522.91	693.21	93.00	2960.00		96.45	116.60	123.85	164.60	211.75	236.20	272.15	277.00	291.65	309.00	330.25	339.80	379.90	392.80	496.50	548.20	683.05	1762.10	2843.00	
021556525	0129	19940129	20150129	22	394.45	281.35	91.00	1100.00		96.55	128.90	131.00	171.80	238.00	251.90	258.55	289.60	298.10	304.50	318.05	330.40	360.50	389.50	460.75	637.60	741.60	968.80	1094.00	
021556525	0130	19940130	20150130	22	366.23	197.09	99.00	868.00		103.80	132.50	159.85	213.60	248.00	256.70	284.05	310.60	337.70	341.50	345.95	348.60	354.70	372.00	415.75	518.20	621.45	728.20	850.45	
021556525	0131	19940131	20150131	22	368.00	193.92	97.00	760.00		99.70	120.10	153.60	215.40	251.00	255.90	269.40	299.60	317.50	339.50	358.25	363.20	366.85	410.30	448.75	564.00	645.30	740.50	759.55	
021556525	0201	19940201	20150201	22	355.55	158.70	115.00	702.00		117.70	138.70	193.40	245.20	247.50	272.30	278.10	299.40	307.30	324.50	345.60	370.00	388.25	415.50	428.00	484.40	540.70	652.00	701.25	
021556525	0202	19940202	20150202	22	406.68	278.00	120.00	1320.00		120.60	133.30	180.65	219.20	233.00	259.40	287.30	293.40	314.25	354.00	378.80	395.60	406.50	429.20	480.75	529.60	562.45	861.40	1269.30	
021556525	0203	19940203	20150203	22	528.41	773.99	111.00	3850.00		113.25	137.70	180.75	202.40	208.50	228.90	238.65	255.60	295.35	354.00	377.55	384.80	422.10	433.10	470.75	601.40	713.55	935.20	3427.00	
021556525	0204	19940204	20150204	22	576.18	864.25	107.00	4020.00		109.70	137.30	166.00	170.80	195.00	221.80	228.70	288.20	322.40	344.00	373.40	391.00	450.05	474.40	497.00	504.40	638.05	1643.60	3721.50	
021556525	0205	19940205	20150205	22	591.27	831.41	103.00	3130.00		103.60	119.00	149.70	163.80	187.50	224.50	276.80	311.60	321.00	351.50	371.60	405.80	416.85	422.60	459.75	509.40	806.90	2440.00	3116.50	
021556525	0206	19940206	20150206	22	606.50	999.03	104.00	4860.00		107.45	135.70	174.45	199.40	203.25	228.30	280.15	308.20	333.70	337.00	350.05	356.80	391.20	396.80	440.75	596.60	1001.20	1273.00	4326.00	
021556525	0207	19940207	20150207	22	544.27	706.66	108.00	3260.00		110.55	149.60	210.15	220.00	268.25	298.30	313.00	313.80	321.20	336.50	354.40	367.20	377.55	396.70	422.00	493.80	704.80	1567.90	3056.00	
021556525	0208	19940208	20150208	22	438.05	364.73	101.00	1800.00		108.20	159.20	198.30	218.80	273.25	295.50	321.35	331.60	347.05	350.50	353.30	363.60	385.95	400.90	421.25	487.40	640.75	951.10	1689.00	
021556525	0209	19940209	20150209	22	351.91	174.44	91.00	891.00		97.75	148.30	183.30	203.60	224.75	286.60	306.45	315.60	319.75	325.50	335.15	359.00	369.70	371.00	402.75	481.40	528.90	576.70	845.25	
021556525	0210	19940210	20150210	22	343.55	171.34	87.00	816.00		93.00	136.60	168.45	195.60	218.00	244.50	282.40	310.40	318.45	329.50	337.30	338.00	341.80	365.50	433.75	497.20	517.90	600.20	788.40	
021556525	0211	19940211	20150211	22	341.50	172.06	89.00	712.00		93.65	129.90	155.25	191.00	216.00	227.80	267.65	280.40	293.55	319.00	332.75	342.80	348.75	431.60	464.00	493.40	520.65	660.40	712.00	
021556525	0212	19940212	20150212	22	355.45	181.16	102.00	691.00		110.25	157.30	175.55	203.60	214.00	224.10	236.35	266.20	290.35	312.00	331.05	349.00	357.70	429.10	525.50	576.00	631.95	660.50	688.00	
021556525	0213	19940213	20150213	22	335.55	161.32	97.00	655.00		101.80	135.30	164.40	189.20	198.50	205.40	229.80	287.20	304.35	305.00	319.95	344.80	368.00	418.30	514.25	528.40	541.05	566.30	643.00	
021556525	0214	19940214	20150214	22	337.68	157.44	101.00	625.00		104.30	123.90	148.50	180.80	191.50	198.50	229.25	280.20	315.10	322.50	346.80	427.60	451.65	457.10	487.50	499.00	506.10	532.20	612.70	
021556525	0215	19940215	20150215	22	361.64	237.04	118.00	1190.00		119.20	127.50	154.85	190.00	194.00	203.00	251.10	254.00	269.20	294.50	311.35	376.40	448.95	476.80	493.00	496.60	513.55	588.80	1104.05	
021556525	0216	19940216	20150216	22	407.18	353.69	124.00	1740.00		127.30	149.60	166.10	180.20	187.50	193.50	206.25	249.40	272.00	312.50	328.30	357.60	411.45	461.00	493.75	552.60	669.45	788.20	1602.00	
021556525	0217	19940217	20150217	22	536.05	769.83	119.00	3290.00		125.30	167.60	183.90	188.60	195.50	197.90	234.90	257.00	286.10	314.00	329.55	344.00	349.85	425.20	467.75	486.40	546.35	1857.00	3156.50	
021556525	0218	19940218	20150218	22	436.86	446.93	131.00	1850.00		138.50	182.50	186.90	198.20	221.50	245.00	252.05	254.00	266.75	292.50	325.40	350.00	380.55	383.80	407.00	467.80	526.60	1357.70	1827.50	
021556525	0219	19940219	20150219	22	378.09	270.97	148.00	1270.00		149.65	165.00	181.70	186.80	197.75	246.90	256.40	269.80	293.35	311.50	332.25	338.00	362.75	368.30	398.75	494.00	523.00	858.20	1229.20	
021556525	0220	19940220	20150220	22	363.91	223.52	130.00	1020.00		130.45	146.20	178.80	185.20	200.00	214.80	254.75	270.20	282.00	298.00	320.50	347.00	357.65	365.40	454.00	550.40	631.75	727.50	980.40	
021556525	0221	19940221	20150221	22	374.18	250.88	121.00	1110.00		127.90	169.10	174.45	182.80	199.25	218.30	250.55	262.60	271.45	306.00	339.25	342.60	347.75	350.60	395.00	556.40	713.75	811.10	1066.65	
021556525	0222	19940222	20150222	22	377.77	224.88	126.00	918.00		130.50	161.40	174.00	183.60	195.25	218.60	233.60	250.40	273.40	280.00	320.40	348.00	431.70	493.20	547.50	604.40	676.90	747.90	895.95	
021556525	0223	19940223	20150223	22	425.50	428.77	111.00	2180.00		115.95	153.00	174.00	177.00	179.75	189.90	221.50	241.40	290.35	313.50	339.25	388.00	403.70	529.40	545.25	575.00	609.95	654.60	1953.80	
021556525	0224	19940224	20150224	22	392.36	277.09	111.00	1130.00		116.85	156.30	171.45	172.00	173.50	174.90	210.35	233.20	304.65	320.00	337.95	367.60	379.65	518.60	554.00	578.60	618.50	924.60	1118.00	
021556525	0225	19940225	20150225	22	356.36	184.25	112.00	737.00		117.25	154.80	173.00	173.60	183.00	206.70	216.95	279.20	304.35	317.50	331.30	351.20	408.25	515.20	532.75	568.60	593.65	615.30	720.05	
021556525	0226	19940226	20150226	22	352.41	151.14	113.00	586.00		119.45	160.80	172.90	175.80	196.50	232.70	262.15	289.80	318.60	335.00	394.30	449.40	460.75	481.40	489.75	506.80	523.65	547.30	581.05	
021556525	0227	19940227	20150227	22	362.82	199.22	128.00	1000.00		134.45	171.60	173.45	177.60	201.75	237.80	253.15	267.20	318.30	333.00	343.15	367.00	409.05	448.40	471.00	490.40	538.10	606.00	944.05	
021556525	0228	19940228	20150228	22	393.45	230.92	150.00	1040.00		151.20	162.80	174.00	180.00	217.00	238.80	243.45	256.00	290.90	341.00	378.10	418.00	466.80	476.60	487.25	561.80	669.80	750.40	1000.70	
021556525	0229	19960229	20120229	5	265.40	131.43	147.00	459.00					152.40	160.50	168.60	177.20	186.80	196.40	206.00	246.50	287.00	327.50	364.60	400.00	435.40				
021556525	0301	19940301	20150301	22	484.55	400.69	140.00	1960.00		142.40	161.40	186.60	208.60	221.25	228.50	242.55	300.00	352.80	392.00	433.80	476.80	488.70	543.60	585.75	686.80	793.60	917.70	1809.55	
021556525	0302	19940302	20150302	22	650.27	826.67	146.00	3870.00		147.80	162.80	181.65	195.80	204.25	236.60	277.75	317.00	341.70	398.00	462.75	494.40	528.55	547.90	692.00	778.60	1046.85	1692.00	3573.00	
021556525	0303	19940303	20150303	22	516.95	453.39	139.00	2260.00		148.15	200.30	203.25	215.60	234.75	269.60	339.20	344.60	369.20	415.50	430.60	442.40	502.95	508.30	547.25	712.60	862.20	971.60	2072.50	
021556525	0304	19940304	20150304	22	417.27	172.17	168.00	826.00		175.05	215.30	225.45	237.60	255.25	302.40	336.45	350.80	376.45	408.50	438.60	453.60	483.60	492.20	499.00	559.60	638.45	672.20	804.55	
021556525	0305	19940305	20150305	22	399.86	159.72	198.00	868.00		200.25	220.20	237.45	241.60	255.25	283.30	325.20	331.00	353.70	384.00	387.65	452.00	472.75	479.70	501.25	526.40	537.10	579.30	827.35	
021556525	0306	19940306	20150306	22	438.18	245.57	194.00	1170.00		194.90	201.50	205.45	223.40	236.50	263.10	298.70	315.40	340.20	375.00	430.60	454.60	467.35	499.80	549.50	613.80	715.10	804.60	1119.15	
021556525	0307	19940307	20150307	22	532.09	473.64	170.00	2260.00		172.55	187.30	189.35	205.40	225.50	275.80	319.25	329.00	359.85	394.00	427.50	445.20	472.65	530.00	634.25	742.20	894.45	1156.70	2108.50	
021556525	0308	19940308	20150308	22	515.05	398.70	140.00	1740.00		142.40	160.80	176.95	193.20	203.00	274.20	295.45	333.00	377.20	401.00	439.75	460.00	463.90	546.10	669.25	841.00	1030.30	1095.00	1645.50	
021556525	0309	19940309	20150309	22	586.14	870.95	135.00	4320.00		135.60	142.60	166.30	203.60	232.50	273.10	278.15	282.00	314.35	374.00	407.65	442.00	447.00	449.20	509.75	719.60	802.45	1046.70	3843.00	
021556525	0310	19940310	20150310	22	467.59	449.38	129.00	2220.00		130.65	143.60	168.65	211.80	233.75	236.90	241.10	253.20	310.80	350.50	390.85	423.20	451.70	477.70	511.25	620.60	712.60	940.20	2040.00	
021556525	0311	19940311	20150311	22	385.95	243.53	126.00	1010.00		131.85	169.50	184.05	195.00	204.25	214.10	224.60	239.60	266.95	322.00	354.95	397.60	412.75	467.90	494.75	553.00	602.20	875.20	1004.90	
021556525	0312	19940312	20150312	22	374.86	180.59	134.00	717.00		141.95	188.50	195.60	203.60	210.50	220.10	233.80	287.00	300.30	328.50	380.10	406.00	436.40	476.40	536.00	546.40	613.50	691.70	715.05	
021556525	0313	19940313	20150313	22	381.00	195.51	181.00	936.00		181.75	191.10	207.05	218.00	225.75	245.90	250.10	258.40	295.20	323.00	343.65	353.40	442.35	480.80	493.50	544.40	627.90	654.70	893.85	
021556525	0314	19940314	20150314	22	366.32	148.55	202.00	675.00		202.15	204.20	209.25	212.00	227.75	241.10	283.25	308.40	318.20	331.50	346.10	361.40	397.25	454.10	467.50	530.60	575.05	615.00	668.25	
021556525	0315	19940315	20150315	22	351.32	108.93	181.00	538.00		184.00	204.00	220.45	240.40	258.00	289.90	303.15	308.00	318.10	339.50	363.50	388.60	395.90	406.80	419.75	461.80	510.00	526.00	536.65	
021556525	0316	19940316	20150316	22	391.68	157.10	199.00	802.00		199.75	206.40	212.00	231.80	283.25	309.50	320.35	331.40	350.75	363.50	374.30	385.40	423.15	450.10	484.50	518.80	561.35	647.30	783.25	
021556525	0317	19940317	20150317	22	412.18	175.40	200.00	755.00		200.15	204.00	225.40	265.20	283.00	284.90	293.65	311.60	336.80	362.00	400.20	418.00	423.80	534.20	554.25	597.40	664.30	710.40	751.10	
021556525	0318	19940318	20150318	22	394.09	207.08	195.00	1060.00		195.60	202.60	220.90	244.40	254.25	259.50	265.50	278.20	294.50	316.00	364.80	388.60	433.70	464.90	502.50	539.00	548.60	689.10	1013.05	
021556525	0319	19940319	20150319	22	405.68	246.15	183.00	1060.00		184.35	197.70	218.20	227.60	242.25	247.90	256.30	283.80	310.05	348.00	367.10	376.80	387.50	408.30	470.50	530.00	621.65	945.10	1060.00	
021556525	0320	19940320	20150320	22	873.82	2061.98	180.00	10000.00		181.80	196.50	213.75	224.40	229.00	250.70	286.25	300.00	343.00	356.00	378.75	399.80	445.70	501.90	534.75	608.00	918.15	1364.00	8719.00	
021556525	0321	19940321	20150321	22	781.18	1287.65	193.00	6000.00		197.80	229.50	242.25	246.80	255.50	306.60	314.95	334.20	345.65	367.00	394.20	460.80	494.00	509.50	564.00	732.80	945.40	2269.00	5520.00	
021556525	0322	19940322	20150322	22	490.45	367.72	187.00	1740.00		193.30	230.50	234.00	248.40	276.00	306.30	310.15	315.40	325.70	341.00	363.45	396.00	466.65	488.00	606.25	699.60	754.10	1073.50	1660.50	
021556525	0323	19940323	20150323	22	399.68	182.86	183.00	982.00		187.20	214.00	221.90	230.20	262.75	277.40	310.40	337.40	342.15	354.00	369.75	415.00	458.25	484.00	504.00	511.20	565.80	616.00	927.55	
021556525	0324	19940324	20150324	22	362.05	141.34	195.00	739.00		195.15	202.00	218.70	222.60	229.00	252.60	261.05	287.20	318.65	345.00	372.65	388.80	429.95	454.40	460.50	479.20	502.60	543.00	711.85	
021556525	0325	19940325	20150325	22	356.05	121.66	185.00	667.00		191.00	225.90	229.35	246.00	259.00	260.90	267.35	294.80	306.55	323.00	352.45	389.60	409.30	442.30	460.75	481.80	487.40	492.40	640.90	
021556525	0326	19940326	20150326	22	354.41	121.64	168.00	561.00		176.10	225.30	235.25	239.80	244.75	252.30	256.45	266.40	290.90	339.50	371.85	382.00	446.60	465.10	467.25	483.00	511.45	524.20	555.75	
021556525	0327	19940327	20150327	22	362.18	128.67	178.00	680.00		181.90	209.70	225.25	231.60	236.25	238.80	266.00	324.60	345.35	374.00	397.45	414.60	426.45	432.30	435.50	457.00	492.50	527.10	659.00	
021556525	0328	19940328	20150328	22	573.27	719.38	166.00	3460.00		167.95	185.30	201.35	210.20	230.75	251.30	270.95	346.40	348.35	365.50	383.30	424.80	435.95	467.30	499.75	591.00	859.25	1409.00	3178.00	
021556525	0329	19940329	20150329	22	581.18	664.06	181.00	3010.00		181.90	187.30	192.05	211.40	224.00	241.20	322.70	337.80	355.50	397.00	422.90	449.00	477.80	494.10	526.50	632.00	833.25	1644.50	2854.00	
021556525	0330	19940330	20150330	22	499.00	357.75	182.00	1400.00		182.75	188.80	205.15	220.60	241.25	256.10	279.60	315.40	352.05	400.00	422.60	424.80	493.40	588.00	616.25	659.60	956.05	1262.00	1386.50	
021556525	0331	19940331	20150331	22	440.59	246.97	172.00	928.00		174.25	187.30	206.00	243.60	254.00	278.30	287.60	304.00	342.55	380.00	390.15	395.60	408.35	474.50	619.75	716.00	846.80	910.30	926.65	
021556525	0401	19940401	20150401	22	426.27	201.38	167.00	918.00		170.00	187.00	205.00	261.20	290.75	300.20	352.20	356.60	367.40	387.00	400.10	405.80	443.05	494.10	541.00	579.80	632.05	806.80	910.50	
021556525	0402	19940402	20150402	22	561.36	746.29	171.00	3740.00		172.50	182.80	203.65	246.80	277.00	313.50	318.10	322.80	348.35	375.50	394.20	413.60	418.85	435.00	451.50	563.20	739.90	1072.50	3359.00	
021556525	0403	19940403	20150403	22	427.14	261.61	177.00	1370.00		177.60	188.50	213.20	251.40	274.75	283.20	292.95	316.40	346.75	366.00	380.05	406.00	437.60	441.50	475.75	606.20	669.10	698.70	1271.15	
021556525	0404	19940404	20150404	22	388.95	154.28	176.00	739.00		177.95	191.70	220.05	262.00	276.50	305.00	317.30	325.20	334.00	352.50	389.20	404.60	419.30	430.20	477.75	510.80	607.05	655.70	727.00	
021556525	0405	19940405	20150405	22	363.41	104.12	187.00	572.00		188.50	203.30	224.75	270.20	304.00	310.60	312.80	332.80	354.80	370.50	382.30	386.20	388.90	434.40	438.25	443.80	460.90	527.10	569.00	
021556525	0406	19940406	20150406	22	363.14	98.36	155.00	523.00		160.70	200.50	235.10	275.80	292.00	334.40	342.05	363.00	371.90	381.50	383.30	384.00	391.60	403.30	422.75	458.00	483.70	497.70	519.70	
021556525	0407	19940407	20150407	22	482.82	456.17	110.00	2100.00		118.10	180.20	233.75	259.60	276.75	294.50	322.40	330.20	342.90	366.50	369.95	378.20	382.85	415.30	448.75	478.80	641.75	1282.60	2011.50	
021556525	0408	19940408	20150408	22	459.23	457.50	111.00	1930.00		117.15	172.10	220.80	230.20	244.75	261.50	297.30	306.80	326.55	340.00	354.75	370.40	387.25	394.80	432.25	463.20	498.85	1368.60	1901.50	
021556525	0409	19940409	20150409	22	372.64	224.63	112.00	1080.00		119.65	169.60	196.25	214.80	220.25	248.90	262.40	270.60	273.70	282.00	306.55	341.60	407.85	418.40	485.75	515.80	584.10	719.50	1031.10	
021556525	0410	19940410	20150410	22	398.95	353.86	121.00	1860.00		130.30	189.00	203.90	208.60	237.25	246.90	255.40	263.80	269.10	282.00	305.95	354.00	404.85	429.70	446.75	468.40	540.30	642.70	1681.50	
021556525	0411	19940411	20150411	22	486.09	696.54	169.00	3450.00		170.05	182.00	200.05	208.00	219.00	236.40	245.00	245.80	252.85	273.00	299.00	334.00	346.70	366.40	414.50	499.60	590.65	989.60	3106.50	
021556525	0412	19940412	20150412	22	389.05	279.64	144.00	1490.00		150.90	194.80	206.00	208.40	214.50	218.70	264.70	301.20	323.95	339.00	352.10	364.20	381.20	387.30	424.75	480.80	547.60	641.80	1367.90	
021556525	0413	19940413	20150413	22	379.45	204.85	133.00	991.00		139.00	174.80	185.75	212.60	230.25	239.20	272.70	292.20	327.85	348.50	359.40	369.00	373.80	449.70	496.00	521.60	544.20	700.70	957.40	
021556525	0414	19940414	20150414	22	399.86	278.47	123.00	1420.00		130.50	174.20	182.40	199.20	236.75	266.80	297.50	307.20	313.95	342.00	360.30	378.60	385.85	390.70	419.50	487.40	644.90	740.60	1320.25	
021556525	0415	19940415	20150415	22	400.55	228.73	112.00	1130.00		119.50	169.50	191.50	208.40	227.25	281.40	323.75	339.00	345.45	350.00	365.60	389.20	397.75	403.20	483.00	615.40	648.65	675.70	1062.35	
021556525	0416	19940416	20150416	22	461.50	320.41	112.00	1400.00		118.00	161.90	193.55	211.20	238.50	256.80	277.95	317.60	334.30	352.50	394.10	426.60	439.50	629.20	642.00	656.40	723.45	1014.40	1358.00	
021556525	0417	19940417	20150417	22	426.36	239.61	113.00	942.00		119.00	162.00	183.90	188.00	190.75	269.30	296.05	316.80	327.70	345.00	394.80	433.60	521.55	587.10	634.00	680.60	752.60	776.90	918.45	
021556525	0418	19940418	20150418	22	412.23	283.44	113.00	1390.00		119.00	155.70	163.35	169.80	187.25	286.50	304.35	312.20	320.85	332.50	347.40	374.60	437.00	464.40	558.25	607.20	678.60	713.10	1288.60	
021556525	0419	19940419	20150419	22	424.23	318.70	114.00	1340.00		117.60	142.80	155.80	164.00	202.50	269.80	282.25	289.00	303.65	318.00	353.80	377.60	389.45	403.20	463.00	653.20	878.75	981.10	1288.55	
021556525	0420	19940420	20150420	22	501.23	523.54	115.00	2410.00		117.10	135.30	155.40	167.40	204.75	258.30	277.90	302.80	335.40	342.00	349.90	391.20	422.85	426.50	456.25	661.20	995.25	1236.00	2242.00	
021556525	0421	19940421	20150421	22	446.23	425.28	129.00	2080.00		131.85	151.30	163.05	174.60	203.00	265.00	277.55	295.20	324.70	326.50	328.30	335.40	343.65	427.70	497.50	600.60	765.65	915.30	1914.25	
021556525	0422	19940422	20150422	22	375.36	225.36	129.00	1010.00		131.40	148.90	160.70	178.40	209.00	256.50	278.80	295.80	304.05	306.50	313.50	352.20	362.90	431.40	462.50	534.80	656.95	756.10	977.45	
021556525	0423	19940423	20150423	22	352.50	179.02	125.00	715.00		127.10	140.50	151.65	193.40	226.25	252.50	274.40	282.60	285.35	299.00	321.75	357.40	391.60	417.90	428.75	509.80	631.65	686.80	713.65	
021556525	0424	19940424	20150424	22	326.95	154.85	125.00	613.00		125.30	127.60	132.60	149.60	185.75	239.10	262.05	265.60	284.40	305.50	320.10	353.00	398.95	417.50	447.00	476.80	519.15	590.60	612.70	
021556525	0425	19940425	20150425	22	320.59	144.46	119.00	597.00		120.35	131.30	144.85	168.20	183.50	223.70	232.20	240.60	262.85	314.50	359.65	383.20	415.60	428.80	439.50	454.00	479.80	522.60	587.55	
021556525	0426	19940426	20150426	22	309.82	144.49	115.00	630.00		116.05	125.00	141.00	170.60	195.00	216.10	225.10	230.60	247.45	267.50	318.10	340.20	395.15	433.10	440.75	461.00	464.30	490.80	610.65	
021556525	0427	19940427	20150427	22	300.73	136.85	119.00	585.00		119.75	125.20	143.30	174.60	200.25	214.10	218.40	226.60	231.10	239.50	301.20	352.80	373.20	411.60	419.75	434.00	457.30	497.70	573.75	
021556525	0428	19940428	20150428	22	333.36	157.24	118.00	672.00		122.35	153.90	175.85	183.00	186.00	198.70	225.55	238.80	258.05	302.00	353.10	392.20	413.25	449.70	467.00	487.80	527.05	543.10	652.80	
021556525	0429	19940429	20150429	22	449.09	475.52	120.00	2100.00		121.95	137.20	151.05	165.60	179.50	195.50	209.00	233.40	262.70	278.00	306.30	361.00	380.50	481.90	555.50	590.40	625.10	1245.90	2010.00	
021556525	0430	19940430	20150430	22	353.59	235.60	104.00	1010.00		105.65	122.20	143.05	164.20	177.25	179.80	209.60	229.80	267.10	292.00	331.85	368.40	390.20	444.40	458.00	492.60	559.25	779.40	988.55	
021556525	0501	19940501	20150501	22	341.18	190.04	106.00	805.00		109.90	137.10	152.15	159.60	173.25	194.10	215.10	256.80	266.80	290.50	315.50	376.60	416.65	444.30	484.25	495.20	575.30	632.70	779.20	
021556525	0502	19940502	20150502	22	322.91	171.05	108.00	710.00		108.60	118.30	152.35	176.60	183.75	195.00	202.20	245.60	270.20	313.50	326.25	328.00	328.95	389.50	422.25	487.00	572.10	605.60	694.70	
021556525	0503	19940503	20150503	22	325.82	198.85	104.00	905.00		105.80	120.50	143.15	168.20	188.50	201.10	214.40	226.00	247.95	267.50	281.85	305.80	352.80	377.40	417.50	525.20	567.40	605.30	862.25	
021556525	0504	19940504	20150504	22	327.77	203.56	105.00	892.00		105.45	114.60	130.90	159.00	184.50	205.90	234.30	261.60	274.80	284.50	300.05	322.00	354.50	377.30	392.25	407.20	503.00	728.30	877.30	
021556525	0505	19940505	20150505	22	473.41	810.05	102.00	4030.00		102.45	109.80	126.85	156.20	182.25	196.80	212.20	257.60	274.10	297.00	331.60	347.20	363.25	370.20	377.50	448.00	588.40	669.20	3527.95	
021556525	0506	19940506	20150506	22	782.82	1907.98	77.00	8940.00		80.30	104.70	125.20	162.80	204.50	214.70	239.75	260.20	285.35	295.00	305.30	317.20	332.35	351.00	379.00	382.40	473.20	2180.10	8031.00	
021556525	0507	19940507	20150507	22	704.64	1616.16	64.00	7460.00		68.05	99.10	125.65	152.40	174.50	187.90	207.00	235.20	274.80	284.00	299.70	316.40	322.80	345.30	376.75	386.00	430.50	2189.60	6780.50	
021556525	0508	19940508	20150508	22	415.77	674.04	89.00	3350.00		89.45	100.10	126.20	158.40	177.75	179.00	183.40	232.20	247.45	260.00	281.65	293.80	320.65	341.10	351.25	391.00	438.15	709.80	2969.90	
021556525	0509	19940509	20150509	22	304.18	247.12	93.00	1180.00		97.05	123.90	133.45	144.80	163.25	170.60	176.95	203.60	239.75	248.50	259.85	267.80	269.95	304.00	342.25	385.60	414.30	687.80	1123.00	
021556525	0510	19940510	20150510	22	294.00	213.05	91.00	803.00		95.05	118.30	125.30	149.20	163.00	164.90	165.40	174.80	184.45	207.50	242.90	256.80	292.20	327.50	360.00	385.80	595.45	761.40	798.20	
021556525	0511	19940511	20150511	22	300.18	236.41	90.00	1050.00		94.35	119.00	126.65	148.00	157.50	166.10	167.10	170.40	178.10	203.00	231.15	263.00	329.85	341.20	344.50	382.60	544.65	716.50	1005.15	
021556525	0512	19940512	20150512	22	259.32	149.73	90.00	655.00		91.20	104.60	128.55	146.80	152.00	154.70	165.00	166.80	179.25	192.00	219.70	264.20	323.30	337.50	347.25	383.00	430.60	501.00	635.50	
021556525	0513	19940513	20150513	22	241.14	132.84	57.00	594.00		60.90	93.80	131.15	149.00	151.00	151.90	164.00	164.60	167.35	184.00	222.75	271.80	310.45	314.10	316.25	325.20	367.65	456.90	577.35	
021556525	0514	19940514	20150514	22	289.36	262.74	57.00	1350.00		59.85	88.60	129.70	145.80	160.50	165.00	167.40	180.00	203.85	222.00	259.65	290.00	296.85	313.50	337.50	355.20	400.30	481.90	1223.70	
021556525	0515	19940515	20150515	22	295.86	274.07	58.00	1400.00		60.25	87.10	129.00	141.20	143.50	163.80	187.10	189.00	195.65	221.50	265.55	284.40	306.85	332.80	360.50	370.40	402.60	496.70	1269.05	
021556525	0516	19940516	20150516	22	278.27	185.74	58.00	831.00		59.80	85.30	126.40	134.80	144.25	163.20	183.05	186.60	205.75	225.00	257.25	281.80	307.75	312.10	348.75	406.40	483.95	570.70	793.80	
021556525	0517	19940517	20150517	22	261.64	137.84	58.00	556.00		59.50	83.00	118.90	126.60	156.50	171.30	183.80	200.00	207.85	241.50	275.80	302.40	322.25	325.80	347.50	396.20	410.05	488.50	550.60	
021556525	0518	19940518	20150518	22	254.00	134.53	58.00	630.00		59.65	84.30	120.00	126.00	163.75	180.40	186.20	190.80	199.25	235.50	265.90	298.40	307.90	315.20	325.75	359.60	381.45	422.90	601.05	
021556525	0519	19940519	20150519	22	272.45	223.24	59.00	1110.00		60.35	80.90	115.05	125.40	156.75	175.90	179.00	181.20	197.70	217.00	248.65	265.40	275.50	306.20	312.25	334.60	357.25	539.70	1035.75	
021556525	0520	19940520	20150520	22	241.55	161.71	60.00	741.00		61.05	78.10	111.20	120.00	125.25	155.80	160.35	168.20	176.15	196.50	216.85	250.40	264.65	301.60	307.25	312.00	348.25	513.00	715.80	
021556525	0521	19940521	20150521	22	238.82	145.75	61.00	597.00		66.25	97.50	103.25	114.40	127.50	156.10	161.65	174.20	183.75	204.00	209.95	232.60	262.70	293.60	301.00	312.20	398.10	539.00	593.25	
021556525	0522	19940522	20150522	22	445.55	1023.94	62.00	5000.00		66.80	95.50	108.00	126.80	147.75	158.40	161.40	174.80	198.35	204.50	224.95	253.80	282.75	288.10	317.25	350.40	403.50	505.60	4329.80	
021556525	0523	19940523	20150523	22	865.05	2523.18	62.00	11800.00		67.40	99.20	109.65	120.80	151.25	161.00	161.15	164.40	170.20	191.50	223.20	241.00	254.40	281.40	290.00	329.40	392.40	2329.20	10502.50	
021556525	0524	19940524	20150524	22	559.55	1459.96	62.00	7000.00		67.25	102.40	116.80	136.40	154.75	159.70	161.10	163.80	171.20	190.00	205.55	226.40	250.00	280.20	287.25	312.20	361.20	1034.00	6146.50	
021556525	0525	19940525	20150525	22	287.82	396.01	62.00	2000.00		66.95	96.80	109.10	119.60	127.50	152.50	157.15	160.80	167.15	185.50	199.30	232.80	252.40	271.20	274.75	288.80	335.00	469.80	1777.40	
021556525	0526	19940526	20150526	22	261.86	212.89	62.00	996.00		66.50	98.00	115.15	125.60	133.00	142.10	153.85	170.00	177.00	195.00	207.80	244.00	266.25	274.10	295.50	312.20	459.10	588.30	936.15	
021556525	0527	19940527	20150527	22	247.77	183.08	62.00	774.00		66.95	98.00	111.30	121.40	131.25	137.60	140.75	155.80	169.50	192.50	198.60	241.60	255.80	261.10	292.75	304.80	457.25	605.50	750.30	
021556525	0528	19940528	20150528	22	233.14	155.35	62.00	727.00		66.65	99.00	113.45	121.80	129.25	131.80	132.75	147.80	160.80	189.50	200.65	245.80	260.80	280.30	292.50	304.00	374.00	475.70	692.95	
021556525	0529	19940529	20150529	22	244.32	158.07	62.00	646.00		66.50	94.40	104.50	111.80	119.00	125.50	134.50	145.00	159.85	190.00	227.30	259.60	282.05	294.00	340.25	412.40	447.20	492.30	625.15	
021556525	0530	19940530	20150530	22	234.00	154.74	62.00	604.00		64.70	85.10	97.90	102.60	112.50	121.30	135.45	144.20	146.75	175.00	216.90	255.60	282.95	296.10	301.50	347.40	427.35	527.90	597.40	
021556525	0531	19940531	20150531	22	215.77	127.79	63.00	582.00		65.55	84.50	97.25	106.60	111.75	120.10	132.60	145.00	156.70	185.50	201.30	231.60	271.30	286.20	292.50	319.60	358.15	377.90	551.70	
021556525	0601	19940601	20150601	22	216.41	123.46	63.00	544.00		65.40	83.50	95.80	104.60	116.50	128.90	143.10	147.20	172.10	205.00	213.20	217.60	236.05	259.50	318.50	322.80	342.95	405.00	526.30	
021556525	0602	19940602	20150602	22	258.05	179.82	63.00	672.00		65.40	84.10	96.45	103.00	116.75	127.20	140.75	156.00	173.30	199.50	230.25	258.80	282.90	291.20	343.75	464.00	519.00	576.20	660.15	
021556525	0603	19940603	20150603	22	283.00	227.07	63.00	845.00		65.40	80.50	91.20	101.80	121.00	134.20	139.55	150.60	159.30	186.00	225.70	271.80	303.75	311.40	378.25	511.40	581.00	713.70	832.10	
021556525	0604	19940604	20150604	22	266.64	209.09	63.00	852.00		65.10	77.60	88.90	104.00	117.25	130.00	133.25	139.20	156.60	182.00	204.80	262.40	305.35	314.50	384.00	430.20	517.10	619.60	820.20	
021556525	0605	19940605	20150605	22	289.95	215.79	62.00	816.00		65.15	84.50	92.05	110.80	127.50	130.00	130.35	140.20	181.70	246.50	281.40	305.20	319.40	328.10	418.75	507.80	535.30	680.70	804.30	
021556525	0606	19940606	20150606	22	319.64	291.33	62.00	1250.00		65.15	86.00	102.00	116.00	118.75	122.60	128.35	138.20	166.75	227.00	289.85	307.80	350.75	360.40	406.25	463.00	639.90	778.60	1181.90	
021556525	0607	19940607	20150607	22	310.36	323.78	63.00	1530.00		66.00	86.00	97.95	113.00	119.00	126.20	133.05	135.80	158.05	206.50	271.20	304.60	308.90	317.50	348.50	438.60	547.25	683.10	1408.95	
021556525	0608	19940608	20150608	22	357.55	633.66	63.00	3130.00		66.00	85.70	97.85	108.00	113.75	115.00	119.25	131.00	169.15	208.50	255.65	277.20	280.90	285.40	323.00	410.20	476.15	489.00	2734.30	
021556525	0609	19940609	20150609	22	301.18	367.32	63.00	1810.00		66.00	84.20	89.25	99.80	108.00	114.40	119.20	131.80	178.20	213.00	236.10	253.80	263.65	319.40	334.25	424.00	512.40	526.50	1618.15	
021556525	0610	19940610	20150610	22	265.41	215.99	63.00	907.00		64.95	78.10	87.05	96.20	103.50	107.70	119.20	131.20	178.70	211.50	224.80	248.20	259.65	342.60	366.75	431.60	487.75	613.20	870.85	
021556525	0611	19940611	20150611	22	258.86	228.45	65.00	1050.00		65.90	72.50	79.15	89.60	95.50	110.40	115.20	119.80	154.85	227.00	245.85	271.40	296.95	313.20	326.50	344.80	417.10	572.20	985.35	
021556525	0612	19940612	20150612	22	230.50	159.82	65.00	611.00		65.15	70.20	81.35	87.20	92.25	96.60	114.25	120.20	151.60	218.00	241.50	255.40	294.10	312.50	317.50	325.00	391.20	532.50	605.30	
021556525	0613	19940613	20150613	22	231.00	145.87	65.00	551.00		65.00	69.20	80.80	83.60	104.25	113.70	119.25	139.40	202.40	214.00	247.70	261.80	268.65	303.80	316.50	340.20	410.40	494.00	544.70	
021556525	0614	19940614	20150614	22	223.23	148.90	65.00	533.00		65.15	69.00	76.90	80.40	95.50	103.60	119.25	136.20	186.75	192.50	215.80	232.60	246.35	267.60	312.75	345.60	447.30	506.80	529.25	
021556525	0615	19940615	20150615	22	225.95	149.52	65.00	594.00		66.35	74.30	78.15	83.20	95.25	112.50	120.20	134.80	184.65	204.50	212.65	226.60	244.25	309.90	324.75	348.60	397.45	484.10	580.80	
021556525	0616	19940616	20150616	22	263.50	290.01	65.00	1460.00		66.05	74.70	81.45	89.20	102.25	117.60	125.65	161.40	187.05	206.50	212.30	235.40	249.55	305.40	313.75	342.00	369.05	436.30	1310.45	
021556525	0617	19940617	20150617	22	228.50	140.04	65.00	578.00		66.05	74.10	80.35	91.00	100.00	117.20	127.05	187.60	201.85	221.00	236.90	239.00	257.05	274.90	312.50	324.40	390.40	466.30	563.00	
021556525	0618	19940618	20150618	22	254.59	254.93	65.00	1270.00		65.90	73.70	80.90	92.80	101.50	118.20	126.50	175.00	183.55	198.50	208.90	231.00	253.10	265.00	311.00	324.00	375.30	477.10	1155.70	
021556525	0619	19940619	20150619	22	251.05	276.78	65.00	1370.00		65.75	70.90	77.05	89.80	101.00	117.40	124.80	145.60	172.90	190.00	198.65	211.80	236.85	251.40	310.75	317.60	322.20	494.80	1249.70	
021556525	0620	19940620	20150620	22	215.45	147.99	65.00	625.00		65.75	72.40	79.80	91.00	101.50	117.40	124.05	131.40	160.85	183.00	207.75	229.00	233.95	247.90	302.75	313.60	323.65	483.20	613.90	
021556525	0621	19940621	20150621	22	201.82	122.75	61.00	491.00		63.85	80.60	89.20	98.60	102.00	116.50	119.25	129.60	153.40	170.00	193.10	205.20	222.20	248.20	278.00	310.40	316.20	439.10	491.00	
021556525	0622	19940622	20150622	22	198.00	117.35	63.00	467.00		65.85	82.60	87.15	92.20	95.25	112.20	119.25	128.60	147.70	159.00	187.85	202.80	207.80	236.70	306.50	322.80	347.20	392.40	458.60	
021556525	0623	19940623	20150623	22	182.91	94.56	62.00	365.00		64.10	77.80	82.00	83.80	93.25	112.20	119.25	128.20	149.90	167.50	189.00	197.60	211.30	223.50	279.75	300.80	302.00	327.20	360.95	
021556525	0624	19940624	20150624	22	186.18	105.90	62.00	420.00		64.10	76.60	79.35	81.60	92.50	114.90	119.25	127.60	145.15	151.50	170.85	189.00	219.50	232.90	272.75	291.00	322.30	368.20	413.85	
021556525	0625	19940625	20150625	22	211.95	156.94	63.00	631.00		64.50	73.30	76.70	80.60	83.25	115.50	124.70	139.20	145.75	149.50	165.60	185.20	224.10	233.80	280.75	340.80	431.05	489.10	612.55	
021556525	0626	19940626	20150626	22	238.59	221.67	79.00	1060.00		79.30	82.20	91.30	101.40	115.00	123.50	144.20	148.60	153.45	161.00	170.50	183.60	211.65	229.10	278.25	304.40	430.75	525.90	980.65	
021556525	0627	19940627	20150627	22	238.82	156.68	78.00	603.00		78.45	86.70	104.05	115.00	119.00	123.50	145.30	151.60	161.35	183.50	204.35	215.80	243.60	311.10	340.50	369.80	419.65	550.40	602.85	
021556525	0628	19940628	20150628	22	230.77	154.20	65.00	702.00		66.95	84.90	103.70	108.80	115.25	118.80	138.30	145.40	158.70	184.50	201.85	216.20	244.65	302.10	335.00	358.40	401.80	428.40	661.05	
021556525	0629	19940629	20150629	22	278.45	405.28	42.00	2030.00		47.40	83.40	98.25	101.00	114.50	125.30	127.20	134.80	152.80	172.00	197.05	220.60	248.75	258.30	271.00	325.00	365.40	427.80	1793.45	
021556525	0630	19940630	20150630	22	270.00	346.81	36.00	1590.00		42.30	78.90	85.50	97.00	112.25	119.60	120.10	123.40	136.70	167.00	186.90	200.20	203.00	236.20	255.50	311.80	372.30	760.60	1489.80	
021556525	0701	19940701	20150701	22	221.14	211.12	34.00	964.00		40.45	77.30	78.00	82.20	88.75	90.90	111.10	120.20	149.70	165.00	180.95	191.60	202.55	226.30	246.00	285.60	398.65	542.00	905.20	
021556525	0702	19940702	20150702	22	278.09	360.74	33.00	1600.00		37.80	67.10	73.80	76.60	77.00	79.70	98.50	109.00	116.15	146.50	183.35	191.60	200.55	253.90	298.75	386.80	546.50	808.70	1494.40	
021556525	0703	19940703	20150703	22	346.59	682.12	33.00	3200.00		37.80	65.30	69.15	74.80	76.75	79.70	85.30	95.80	131.10	162.00	168.20	183.00	197.40	219.00	257.50	325.80	424.00	974.80	2897.00	
021556525	0704	19940704	20150704	22	290.95	407.93	33.00	1530.00		37.65	64.60	69.15	74.80	76.00	79.60	85.05	91.60	126.95	156.00	162.30	169.40	182.40	198.80	254.50	303.60	699.95	1164.00	1485.00	
021556525	0705	19940705	20150705	22	384.91	875.18	34.00	4180.00		38.50	64.60	68.70	73.20	74.00	79.40	85.05	91.60	121.00	146.50	167.45	180.80	192.50	215.20	247.50	293.40	543.60	866.10	3691.15	
021556525	0706	19940706	20150706	22	287.82	465.39	39.00	2160.00		42.75	64.60	66.90	70.40	73.50	79.40	85.05	91.60	116.10	140.00	169.10	181.20	192.50	202.70	262.50	299.20	493.10	822.10	1971.15	
021556525	0707	19940707	20150707	22	458.14	1162.40	57.00	5430.00		58.05	64.90	67.45	69.80	75.50	79.70	85.30	96.00	116.70	130.00	155.65	179.00	183.95	185.80	194.00	213.00	437.20	1349.30	4866.00	
021556525	0708	19940708	20150708	22	664.73	2211.43	49.00	10500.00		51.25	64.90	67.45	69.20	77.50	81.80	85.50	99.20	116.70	120.50	147.70	162.60	181.05	183.00	194.25	201.40	428.60	1031.20	9106.50	
021556525	0709	19940709	20150709	22	296.77	572.33	48.00	2670.00		50.40	64.30	65.90	68.80	77.50	81.80	85.90	105.60	116.70	121.00	143.50	157.20	171.30	180.20	182.25	186.20	425.85	884.70	2419.35	
021556525	0710	19940710	20150710	22	224.82	292.90	46.00	1160.00		48.70	64.00	65.35	68.20	77.25	81.80	87.25	111.80	116.05	127.50	144.15	152.00	157.75	177.30	180.50	186.00	424.65	843.90	1127.30	
021556525	0711	19940711	20150711	22	225.91	271.92	55.00	1160.00		56.50	65.90	68.45	75.60	81.50	85.60	96.15	100.40	108.45	127.00	146.85	167.60	175.80	183.20	194.50	254.00	460.35	714.10	1103.15	
021556525	0712	19940712	20150712	22	222.50	224.83	61.00	797.00		61.60	65.90	68.90	76.00	82.25	84.80	86.10	89.80	99.80	125.00	148.25	169.20	181.60	190.70	236.50	395.20	563.10	690.80	785.75	
021556525	0713	19940713	20150713	22	250.55	360.72	59.00	1630.00		59.90	65.60	68.35	71.80	82.00	85.90	91.10	94.40	111.55	138.00	155.35	170.80	173.00	182.70	198.25	252.00	431.25	776.30	1516.75	
021556525	0714	19940714	20150714	22	249.18	354.80	59.00	1640.00		59.90	65.30	66.45	76.00	83.50	84.00	86.75	107.40	137.20	148.00	162.05	169.60	181.40	191.10	208.25	230.80	414.05	717.00	1511.45	
021556525	0715	19940715	20150715	22	256.45	385.57	51.00	1760.00		53.10	65.60	67.00	75.40	83.25	85.80	88.30	96.20	115.50	139.50	157.00	170.40	183.40	190.30	197.00	209.80	484.35	761.20	1613.60	
021556525	0716	19940716	20150716	22	230.55	277.85	45.00	981.00		48.00	65.60	67.00	74.20	79.00	84.40	86.05	87.40	101.25	134.50	156.05	168.40	181.40	188.20	200.00	242.00	521.80	889.30	977.10	
021556525	0717	19940717	20150717	22	195.36	207.45	39.00	801.00		42.90	65.60	67.00	71.20	74.75	78.60	85.05	86.00	97.20	120.00	139.55	159.40	163.90	182.50	188.00	226.20	410.45	646.80	786.15	
021556525	0718	19940718	20150718	22	180.77	173.85	34.00	764.00		38.95	67.00	68.35	70.60	71.75	73.80	83.15	86.20	98.55	132.00	153.75	159.80	169.50	183.10	186.25	221.80	362.90	469.60	721.55	
021556525	0719	19940719	20150719	22	178.64	160.81	32.00	676.00		37.25	67.00	67.90	70.80	72.00	72.90	82.20	86.20	97.50	128.50	147.80	176.80	188.70	190.30	201.50	230.20	328.50	482.70	652.00	
021556525	0720	19940720	20150720	22	172.50	151.14	31.00	634.00		36.10	65.60	67.00	68.80	71.50	83.70	86.05	89.60	104.55	115.50	129.05	159.80	181.20	194.80	211.00	219.00	301.95	465.70	615.55	
021556525	0721	19940721	20150721	22	220.41	238.17	30.00	1110.00		35.10	64.60	66.00	67.20	69.50	83.50	86.05	90.00	113.20	153.00	177.20	190.40	206.30	219.20	290.50	345.40	404.75	485.00	1018.95	
021556525	0722	19940722	20150722	22	214.91	234.29	35.00	1070.00		39.20	63.90	66.45	67.60	69.50	80.80	86.00	88.60	111.95	139.50	167.05	182.40	192.50	196.10	235.75	344.60	441.10	502.30	985.25	
021556525	0723	19940723	20150723	22	216.14	233.65	35.00	1080.00		39.20	63.90	66.45	67.60	69.50	81.70	86.00	88.20	101.90	132.50	155.30	160.00	190.45	285.80	312.00	319.00	395.40	481.00	991.95	
021556525	0724	19940724	20150724	22	219.59	211.70	29.00	877.00		34.10	63.90	66.45	67.00	70.00	81.80	86.00	88.20	97.70	114.50	170.30	192.80	204.40	301.10	320.25	367.00	453.60	543.60	831.85	
021556525	0725	19940725	20150725	22	199.23	171.87	29.00	684.00		33.35	59.50	64.80	67.00	70.75	81.90	85.10	88.20	96.15	133.50	181.90	194.20	195.00	267.80	305.00	317.60	359.85	504.80	664.50	
021556525	0726	19940726	20150726	22	211.18	190.53	29.00	691.00		32.60	56.00	64.80	67.00	70.75	84.60	88.05	89.60	96.55	127.50	167.55	187.40	229.90	248.90	306.25	367.00	447.25	582.80	683.05	
021556525	0727	19940727	20150727	22	283.14	502.28	29.00	2440.00		32.45	55.60	64.90	66.00	70.50	84.60	94.10	96.20	104.35	125.50	152.50	184.60	199.50	245.00	293.25	364.00	438.65	514.00	2154.70	
021556525	0728	19940728	20150728	22	340.82	572.97	28.00	2270.00		31.60	55.60	64.45	65.60	70.50	83.70	90.75	107.60	127.10	151.50	179.80	195.00	236.85	271.90	291.75	333.20	420.95	1437.60	2208.50	
021556525	0729	19940729	20150729	22	304.86	518.97	29.00	2460.00		32.60	56.30	64.00	65.20	70.50	81.90	105.25	111.80	122.15	141.00	177.40	191.60	213.85	219.10	254.00	351.20	505.30	766.30	2218.50	
021556525	0730	19940730	20150730	22	211.32	192.69	29.00	665.00		32.60	55.40	62.35	64.60	71.00	81.10	97.05	99.00	106.85	131.50	150.30	183.80	192.95	238.40	292.75	420.80	448.65	603.10	664.40	
021556525	0731	19940731	20150731	22	234.14	286.25	29.00	1300.00		32.60	54.50	60.70	64.60	71.75	80.30	83.30	92.40	108.80	124.50	148.00	183.80	215.70	235.00	257.75	357.20	441.95	606.70	1204.60	
021556525	0801	19940801	20150801	22	313.45	477.11	29.00	1970.00		32.60	53.60	59.50	65.00	73.25	76.90	81.25	93.00	122.40	136.50	153.20	183.20	229.90	237.70	304.00	407.00	535.65	1177.80	1886.00	
021556525	0802	19940802	20150802	22	235.95	242.88	29.00	917.00		32.60	53.00	57.95	64.60	69.50	79.10	82.05	92.00	131.50	138.50	172.80	204.60	228.90	240.00	316.00	352.40	527.60	722.90	893.15	
021556525	0803	19940803	20150803	22	191.32	179.74	29.00	731.00		32.15	50.90	57.05	63.80	67.25	80.60	83.20	94.40	126.45	133.50	141.85	155.40	189.35	196.80	251.00	317.00	343.60	523.90	710.60	
021556525	0804	19940804	20150804	22	184.41	168.13	29.00	753.00		31.85	49.50	57.05	63.80	76.25	82.70	86.45	99.80	119.00	122.50	136.40	174.80	191.55	200.40	242.00	291.00	332.60	424.00	708.60	
021556525	0805	19940805	20150805	22	243.00	391.19	29.00	1910.00		31.85	49.80	57.15	63.40	78.50	88.40	104.35	111.40	114.40	120.50	135.70	162.80	177.50	195.90	244.75	313.60	397.35	447.40	1691.60	
021556525	0806	19940806	20150806	22	215.91	234.30	29.00	920.00		31.85	49.80	57.15	63.40	77.75	85.60	102.45	111.40	115.80	122.50	129.20	168.00	197.90	234.70	269.50	303.60	363.40	693.10	906.35	
021556525	0807	19940807	20150807	22	190.77	188.25	29.00	745.00		31.85	49.80	58.95	66.20	76.00	83.50	94.35	102.00	107.05	115.50	123.30	164.80	176.90	208.30	237.25	289.40	316.40	573.20	734.35	
021556525	0808	19940808	20150808	22	185.86	186.50	28.00	708.00		31.00	49.80	54.45	62.20	67.75	77.00	86.05	87.20	90.45	107.50	131.70	169.20	181.75	203.80	221.75	261.20	340.20	590.60	702.90	
021556525	0809	19940809	20150809	22	189.73	193.99	28.00	689.00		31.00	50.10	60.40	67.00	67.75	77.00	83.05	84.20	85.35	100.00	140.65	172.60	179.85	203.80	211.25	231.60	424.35	632.90	685.40	
021556525	0810	19940810	20150810	22	245.45	323.42	28.00	1380.00		31.15	52.00	62.60	67.00	70.00	71.90	78.10	80.80	85.40	98.50	153.20	190.60	202.55	211.80	223.75	342.40	554.00	759.30	1297.20	
021556525	0811	19940811	20150811	22	244.45	258.63	28.00	816.00		31.15	51.70	61.60	66.60	67.00	75.10	80.20	85.40	96.25	141.50	179.60	183.40	202.05	214.30	288.50	519.20	695.80	763.70	810.90	
021556525	0812	19940812	20150812	22	248.82	275.45	28.00	989.00		31.15	52.00	61.25	64.60	68.75	79.00	80.10	85.40	100.40	137.50	175.25	190.60	202.55	234.30	346.00	470.20	510.35	823.80	983.30	
021556525	0813	19940813	20150813	22	261.18	337.02	29.00	1420.00		32.00	52.30	61.80	64.00	68.50	79.00	80.00	83.20	98.10	134.00	169.25	175.00	181.70	208.50	300.75	431.40	543.90	819.20	1341.85	
021556525	0814	19940814	20150814	22	217.50	217.61	29.00	762.00		32.00	52.60	62.35	65.20	69.75	74.60	80.00	83.80	101.80	140.50	187.00	196.40	198.90	203.10	242.75	379.00	487.10	691.70	760.50	
021556525	0815	19940815	20150815	22	212.86	190.74	29.00	654.00		31.85	51.90	62.80	65.60	69.75	74.60	80.00	81.60	105.50	145.00	166.30	182.00	202.05	278.10	338.25	397.40	449.50	591.70	652.35	
021556525	0816	19940816	20150816	22	216.18	211.73	29.00	847.00		32.00	52.00	62.60	69.40	74.00	75.90	77.15	80.00	106.25	161.00	171.55	182.00	202.05	260.10	278.50	325.20	473.05	593.90	810.70	
021556525	0817	19940817	20150817	22	549.00	1714.74	29.00	8190.00		32.00	52.00	63.50	70.20	74.00	75.90	80.00	81.40	110.45	158.50	169.50	193.00	218.90	236.50	247.25	276.00	444.45	661.70	7066.65	
021556525	0818	19940818	20150818	22	461.23	1328.11	29.00	6360.00		32.00	52.30	61.80	68.20	74.00	75.90	79.05	82.20	105.00	142.50	164.40	190.80	203.60	225.20	232.00	266.60	418.65	676.50	5517.60	
021556525	0819	19940819	20150819	22	225.09	356.22	30.00	1730.00		32.85	52.00	60.35	67.40	74.00	75.00	76.20	80.80	90.65	113.00	140.55	164.40	181.30	196.70	232.50	266.80	329.00	466.70	1548.20	
021556525	0820	19940820	20150820	22	204.36	213.14	28.00	807.00		31.15	52.60	62.80	68.60	71.00	73.70	75.25	80.40	95.65	141.50	165.90	175.20	193.15	225.90	245.00	271.00	364.25	668.00	802.35	
021556525	0821	19940821	20150821	22	210.82	210.52	28.00	792.00		31.15	53.20	63.90	68.00	70.75	73.70	75.20	79.20	96.10	139.50	158.85	166.80	198.40	224.80	251.25	369.40	469.35	619.80	775.35	
021556525	0822	19940822	20150822	22	200.59	194.55	32.00	753.00		34.55	53.80	67.70	71.60	72.00	73.80	75.15	78.40	101.00	143.50	148.30	164.20	199.35	223.80	247.50	298.60	412.10	593.30	734.85	
021556525	0823	19940823	20150823	22	182.14	179.58	32.00	645.00		34.70	53.60	65.60	71.20	72.00	72.00	74.05	75.60	78.70	101.00	130.45	143.80	166.90	202.40	216.50	247.40	430.00	572.20	635.70	
021556525	0824	19940824	20150824	22	183.45	169.48	30.00	675.00		33.00	53.60	63.80	69.60	72.75	73.00	74.05	76.00	91.20	119.00	137.05	161.40	197.35	211.10	236.25	282.80	353.30	510.10	656.70	
021556525	0825	19940825	20150825	22	166.73	131.95	30.00	497.00		32.85	52.60	63.70	69.40	71.75	74.70	75.05	76.80	90.85	115.00	132.65	160.00	197.30	208.30	234.25	281.40	307.80	422.70	492.20	
021556525	0826	19940826	20150826	22	157.32	121.76	32.00	498.00		34.55	52.30	63.60	68.60	71.25	74.70	75.05	76.80	87.70	108.00	128.30	159.20	170.70	204.00	222.25	241.00	286.70	372.00	483.60	
021556525	0827	19940827	20150827	22	584.05	1995.42	49.00	9500.00		49.45	54.40	63.60	68.60	71.25	74.70	75.05	76.80	85.25	102.50	122.35	141.00	163.95	236.70	297.25	301.20	346.70	477.30	8152.85	
021556525	0828	19940828	20150828	22	647.55	2315.09	49.00	11000.00		50.65	60.90	64.35	69.60	72.75	74.80	76.00	76.80	83.85	99.00	118.70	125.00	161.10	222.00	300.50	333.20	359.60	388.80	9409.85	
021556525	0829	19940829	20150829	22	280.05	617.70	49.00	3000.00		50.65	61.20	64.45	67.40	72.00	75.70	76.00	76.80	83.50	97.50	106.30	121.40	160.15	208.80	276.50	323.80	356.35	387.60	2608.50	
021556525	0830	19940830	20150830	22	186.91	209.93	50.00	1000.00		51.50	61.20	64.45	69.80	75.25	76.00	78.10	81.60	90.45	95.00	99.55	126.80	160.55	206.10	281.75	297.20	335.50	374.80	907.30	
021556525	0831	19940831	20150831	22	178.68	171.27	50.00	800.00		51.50	61.50	66.80	72.00	75.50	76.00	78.10	81.20	86.70	93.00	130.50	156.80	159.95	202.60	263.00	308.60	337.50	345.50	732.05	
021556525	0901	19940901	20150901	22	186.00	180.31	50.00	750.00		51.50	60.90	64.35	70.80	75.50	77.80	80.05	81.80	85.00	90.00	123.60	155.00	182.75	201.90	251.50	277.20	351.50	515.10	722.10	
021556525	0902	19940902	20150902	22	188.55	177.19	50.00	750.00		51.50	60.30	61.90	69.60	76.25	79.70	80.00	80.40	83.05	88.50	114.75	152.60	193.20	230.80	263.50	334.60	389.00	451.10	708.00	
021556525	0903	19940903	20150903	22	178.27	158.17	50.00	650.00		51.05	57.90	60.45	68.20	74.50	75.00	77.25	82.20	84.05	88.00	133.55	167.40	188.05	196.20	224.50	309.40	382.20	434.20	619.70	
021556525	0904	19940904	20150904	22	195.68	163.01	50.00	600.00		50.90	56.90	60.35	68.00	72.00	76.50	83.30	89.40	100.10	118.50	138.85	182.60	192.90	248.60	338.00	354.20	409.00	478.60	583.95	
021556525	0905	19940905	20150905	22	196.73	154.26	56.00	574.00		56.30	58.30	61.25	68.20	74.75	82.30	87.20	92.60	113.35	143.50	171.70	187.40	192.75	234.90	333.25	349.20	384.10	468.20	562.90	
021556525	0906	19940906	20150906	22	176.55	119.93	52.00	432.00		53.05	60.80	65.45	71.40	75.75	78.70	83.20	91.20	120.60	145.50	149.60	172.60	187.50	232.10	316.50	325.60	329.10	361.50	423.45	
021556525	0907	19940907	20150907	22	192.45	191.78	44.00	925.00		46.25	61.70	68.00	72.80	76.00	76.90	83.20	91.20	110.80	128.00	144.55	169.40	187.35	208.10	291.75	311.00	334.75	340.50	837.55	
021556525	0908	19940908	20150908	22	642.68	2271.11	43.00	10800.00		45.40	60.80	66.35	72.20	75.75	76.00	83.20	88.80	99.50	123.00	144.55	168.60	198.70	216.50	273.00	324.60	334.95	371.20	9237.75	
021556525	0909	19940909	20150909	22	445.73	1355.93	41.00	6500.00		43.10	57.40	65.25	68.00	73.25	80.40	83.20	87.40	101.95	129.00	141.75	167.00	229.95	244.40	269.25	310.40	323.05	332.90	5575.25	
021556525	0910	19940910	20150910	22	231.86	360.78	42.00	1770.00		42.90	51.90	63.25	66.60	70.75	81.90	84.15	88.00	97.60	117.00	139.65	164.60	216.50	221.70	254.25	315.60	333.30	402.50	1569.15	
021556525	0911	19940911	20150911	22	202.45	215.97	42.00	1010.00		42.30	49.10	63.25	67.80	79.50	83.90	85.15	91.40	111.65	124.50	139.30	163.00	205.00	212.00	260.50	314.80	352.10	452.30	932.15	
021556525	0912	19940912	20150912	22	203.41	224.05	48.00	964.00		48.00	51.60	61.80	65.20	78.75	83.90	88.30	94.60	103.65	120.00	138.95	160.60	182.05	204.90	249.25	281.40	312.20	594.50	925.45	
021556525	0913	19940913	20150913	22	193.50	198.45	46.00	932.00		47.65	57.90	62.25	71.60	81.25	84.80	88.05	89.60	92.70	109.00	138.95	159.80	193.40	217.40	271.25	293.40	315.10	425.10	862.40	
021556525	0914	19940914	20150914	22	199.91	198.96	58.00	902.00		58.30	60.30	62.80	74.00	82.25	84.80	85.10	87.20	89.05	106.50	138.25	158.20	191.40	275.20	296.00	304.20	318.60	466.10	845.75	
021556525	0915	19940915	20150915	22	201.05	199.95	52.00	875.00		53.50	62.60	68.05	74.80	81.25	83.90	85.05	86.60	91.45	109.00	138.25	155.80	234.00	276.20	278.00	281.60	296.35	518.20	835.25	
021556525	0916	19940916	20150916	22	194.50	184.32	53.00	855.00		54.05	61.20	67.60	77.40	82.50	83.00	85.05	86.20	90.50	109.50	138.25	155.80	242.55	269.70	276.00	279.20	321.40	415.00	793.05	
021556525	0917	19940917	20150917	22	203.45	202.53	61.00	924.00		61.30	65.10	70.90	78.60	83.00	83.00	85.00	85.20	86.00	103.50	137.90	161.40	222.00	267.30	279.50	283.80	382.05	462.50	855.00	
021556525	0918	19940918	20150918	22	198.14	218.90	61.00	1070.00		61.60	66.50	71.35	77.80	82.50	83.00	84.05	85.20	91.25	110.00	135.90	163.40	191.75	238.60	246.75	280.20	342.75	370.70	965.60	
021556525	0919	19940919	20150919	22	194.68	218.39	61.00	1090.00		61.45	65.80	70.90	76.20	81.25	82.00	83.15	86.40	90.80	107.50	145.65	190.40	222.70	227.00	236.50	279.80	303.10	304.00	972.10	
021556525	0920	19940920	20150920	22	191.77	201.29	51.00	1020.00		52.50	61.00	65.05	71.20	78.75	81.90	83.15	92.60	126.35	148.00	180.05	205.00	226.05	233.00	234.75	242.80	263.50	278.40	908.85	
021556525	0921	19940921	20150921	22	217.55	217.41	51.00	987.00		52.35	60.30	65.95	72.60	74.50	82.20	83.20	96.00	139.70	155.50	194.70	218.20	226.60	232.80	245.75	267.00	389.05	535.80	922.65	
021556525	0922	19940922	20150922	22	237.73	312.35	51.00	1340.00		51.45	55.80	64.05	69.60	73.00	82.10	83.20	93.80	122.75	139.50	153.65	154.00	215.75	234.00	254.75	264.60	319.80	777.40	1282.25	
021556525	0923	19940923	20150923	22	210.95	211.87	51.00	920.00		52.20	61.70	68.45	72.60	78.75	82.70	89.05	109.60	112.70	118.50	138.60	151.00	210.90	231.30	272.75	305.80	402.95	558.40	872.60	
021556525	0924	19940924	20150924	22	194.55	182.00	48.00	869.00		49.65	59.30	63.60	77.00	84.50	87.70	101.10	105.00	118.95	134.50	146.80	169.40	193.00	216.90	238.75	300.80	350.15	387.40	798.20	
021556525	0925	19940925	20150925	22	196.77	156.45	47.00	579.00		48.80	59.60	63.70	77.20	85.50	87.80	97.80	113.60	118.80	130.00	143.15	151.80	195.75	262.20	297.50	321.40	400.60	501.30	570.00	
021556525	0926	19940926	20150926	22	199.05	162.58	48.00	624.00		49.65	60.20	64.80	80.20	89.75	90.00	116.10	118.80	123.05	136.00	163.90	180.20	191.50	238.90	253.00	281.40	360.80	549.50	621.60	
021556525	0927	19940927	20150927	22	198.23	157.42	51.00	662.00		52.35	62.10	68.80	79.40	88.00	91.70	102.00	121.00	124.15	142.00	163.10	183.20	209.80	248.20	261.75	288.80	342.30	483.40	642.95	
021556525	0928	19940928	20150928	22	198.45	166.01	60.00	776.00		60.60	66.10	75.50	81.60	82.75	87.50	93.35	119.60	127.25	138.00	149.40	179.80	191.70	244.80	275.50	325.00	351.60	387.00	719.00	
021556525	0929	19940929	20150929	22	196.14	195.48	61.00	952.00		61.75	68.40	74.90	80.20	86.00	87.90	91.45	119.60	122.35	137.50	154.60	160.80	163.90	190.50	232.75	257.60	328.25	413.80	874.60	
021556525	0930	19940930	20150930	22	190.50	195.76	60.00	984.00		61.20	69.50	77.95	84.00	87.00	89.80	94.20	118.60	128.85	140.00	146.60	152.80	154.00	188.80	223.00	242.60	294.00	355.40	892.50	
021556525	1001	19941001	20151001	22	206.36	218.20	61.00	959.00		61.45	65.80	75.85	85.40	89.25	96.30	112.55	123.20	124.35	129.00	142.75	148.80	183.20	190.80	217.50	233.20	300.60	601.00	921.95	
021556525	1002	19941002	20151002	22	254.86	342.09	57.00	1540.00		57.60	63.10	74.75	84.80	86.75	92.40	106.60	118.20	122.15	128.50	140.05	178.00	220.20	231.90	254.75	301.00	343.60	762.40	1448.20	
021556525	1003	19941003	20151003	22	330.05	624.41	48.00	2990.00		49.95	62.80	74.20	84.80	86.00	87.80	100.55	111.20	114.45	125.50	141.10	178.80	227.85	262.90	290.25	331.40	439.95	777.80	2675.00	
021556525	1004	19941004	20151004	22	352.95	658.90	45.00	3140.00		47.55	63.20	74.10	85.20	87.50	96.10	106.15	110.60	123.30	139.00	144.95	179.60	227.90	262.60	326.75	347.80	592.30	838.60	2798.30	
021556525	1005	19941005	20151005	22	346.86	603.93	46.00	2750.00		48.25	62.80	75.10	85.60	86.75	93.30	108.50	137.20	139.75	148.50	159.85	176.60	184.75	222.40	260.50	310.40	592.60	1114.90	2523.50	
021556525	1006	19941006	20151006	22	294.36	502.75	46.00	2400.00		48.25	63.70	76.30	85.20	86.75	100.50	111.15	133.60	136.70	138.50	146.80	167.80	185.30	221.90	241.50	249.80	476.50	726.80	2153.25	
021556525	1007	19941007	20151007	22	362.41	616.39	47.00	2810.00		49.10	65.80	78.35	83.60	86.75	96.00	103.45	117.00	137.00	138.00	152.65	181.60	218.35	223.20	270.25	412.40	751.05	1098.20	2562.50	
021556525	1008	19941008	20151008	22	333.23	567.48	48.00	2730.00		49.50	61.30	74.85	84.40	86.75	90.60	102.05	107.60	129.15	135.50	169.15	209.40	229.25	281.60	387.00	407.60	533.55	710.20	2433.15	
021556525	1009	19941009	20151009	22	214.59	192.62	58.00	861.00		58.75	64.80	72.60	82.40	86.00	86.90	97.25	105.00	118.75	128.50	169.45	212.00	229.40	278.00	281.75	316.20	362.00	499.10	814.95	
021556525	1010	19941010	20151010	22	200.64	141.63	58.00	540.00		59.65	69.30	71.80	81.20	86.75	87.00	102.55	113.80	122.60	149.00	179.95	197.60	257.95	271.50	282.25	317.00	355.85	465.30	535.05	
021556525	1011	19941011	20151011	22	238.23	208.74	58.00	928.00		59.65	69.30	70.90	80.40	87.50	88.90	102.75	118.20	126.50	150.00	180.65	224.80	264.40	350.30	371.75	391.60	439.45	475.20	861.25	
021556525	1012	19941012	20151012	22	210.32	143.46	58.00	495.00		59.50	68.30	69.90	80.00	87.50	92.50	103.10	110.60	140.70	156.50	177.50	213.60	244.70	321.20	362.00	375.40	393.00	442.60	489.75	
021556525	1013	19941013	20151013	22	209.41	175.50	58.00	812.00		58.00	61.60	70.90	81.00	87.75	95.20	97.05	105.00	138.25	153.50	177.85	217.60	227.85	238.90	276.50	342.00	357.90	421.30	756.95	
021556525	1014	19941014	20151014	22	255.68	314.63	55.00	1230.00		55.45	61.60	70.45	80.00	87.50	92.50	101.30	127.40	136.85	161.00	186.45	199.80	212.45	231.50	259.75	300.20	338.85	907.60	1218.00	
021556525	1015	19941015	20151015	22	252.00	286.57	55.00	1180.00		55.45	61.30	70.35	79.80	87.25	91.60	130.25	135.60	142.20	161.50	186.00	200.20	220.05	246.90	284.75	305.00	346.10	807.40	1152.55	
021556525	1016	19941016	20151016	22	262.32	279.86	55.00	1280.00		55.45	61.00	75.20	84.60	87.25	108.70	134.05	135.80	139.35	160.00	196.25	217.00	229.50	258.50	282.75	396.20	561.45	599.10	1178.00	
021556525	1017	19941017	20151017	22	214.41	167.09	54.00	721.00		54.60	60.40	74.55	86.80	99.25	107.50	119.70	133.40	135.35	152.00	169.95	183.80	216.45	255.80	304.25	347.80	408.95	467.10	683.50	
021556525	1018	19941018	20151018	22	195.45	120.32	55.00	465.00		55.45	60.10	74.00	87.40	96.50	117.90	127.30	133.00	143.50	165.00	194.30	213.80	215.95	251.50	260.25	275.00	353.35	424.10	459.45	
021556525	1019	19941019	20151019	22	192.36	113.25	58.00	412.00		58.15	60.20	72.90	88.00	93.75	110.30	121.60	133.00	144.20	177.00	190.30	204.60	208.00	238.10	279.00	301.80	355.95	399.60	410.95	
021556525	1020	19941020	20151020	22	179.18	103.38	58.00	404.00		58.30	61.50	74.00	87.40	94.25	103.20	111.75	127.40	134.05	149.00	172.40	201.20	207.00	230.80	247.00	258.60	305.70	373.40	402.20	
021556525	1021	19941021	20151021	22	173.14	98.45	57.00	383.00		57.45	63.00	76.75	87.40	93.50	95.90	107.15	130.00	135.05	148.50	161.30	170.80	204.35	218.00	231.25	258.80	302.45	360.60	382.25	
021556525	1022	19941022	20151022	22	174.05	107.09	53.00	462.00		54.05	63.00	76.75	87.40	90.50	94.60	112.65	125.20	129.15	137.00	156.55	170.00	199.50	206.60	244.00	259.40	290.80	355.20	448.50	
021556525	1023	19941023	20151023	22	172.55	104.75	50.00	432.00		51.50	62.40	75.65	86.80	88.75	91.70	116.05	117.00	122.95	153.00	176.55	189.40	194.85	203.30	208.75	243.80	292.80	370.00	427.20	
021556525	1024	19941024	20151024	22	174.50	111.54	50.00	470.00		51.65	63.10	75.65	85.60	86.75	89.70	102.95	121.20	126.20	155.00	183.15	193.40	202.60	205.10	208.00	235.60	271.85	386.30	464.60	
021556525	1025	19941025	20151025	22	167.05	96.47	58.00	414.00		58.30	62.40	75.20	84.60	88.75	99.00	124.40	133.60	141.40	146.00	157.75	171.80	187.30	195.80	203.25	219.60	250.70	357.80	412.05	
021556525	1026	19941026	20151026	22	180.50	114.54	60.00	483.00		61.20	68.30	74.85	83.80	88.75	99.90	118.35	127.60	140.10	147.00	166.25	181.40	194.40	206.60	239.25	240.80	316.80	395.50	471.00	
021556525	1027	19941027	20151027	22	255.64	368.98	60.00	1840.00		61.05	67.60	74.85	83.80	88.75	96.30	103.20	132.80	162.10	170.00	181.15	189.00	202.35	219.90	275.25	330.60	367.95	395.10	1624.75	
021556525	1028	19941028	20151028	22	265.77	256.08	60.00	1150.00		60.60	64.60	75.45	87.00	89.25	100.80	125.55	157.80	171.10	182.00	198.10	219.80	272.45	287.90	352.50	388.00	472.35	641.40	1082.35	
021556525	1029	19941029	20151029	22	241.64	198.72	60.00	930.00		60.30	62.90	74.45	88.40	93.75	101.30	124.15	132.00	164.95	195.50	222.80	240.40	292.35	302.40	325.25	380.40	421.40	440.40	857.55	
021556525	1030	19941030	20151030	22	218.68	145.37	60.00	595.00		60.15	62.50	68.25	79.40	88.00	89.00	103.20	131.20	161.45	183.50	227.65	273.80	288.55	299.30	357.50	362.40	366.30	381.60	563.80	
021556525	1031	19941031	20151031	22	207.27	130.57	59.00	470.00		59.15	62.70	70.35	75.60	86.25	89.90	103.15	129.60	149.40	170.50	219.55	244.00	266.90	292.80	325.25	357.00	377.50	393.20	459.20	
021556525	1101	19931101	20151101	23	192.87	122.17	55.00	443.00		56.00	63.20	70.40	73.60	89.00	95.80	117.00	130.20	134.60	153.00	179.40	203.40	233.40	245.40	255.00	340.20	367.40	402.80	438.40	
021556525	1102	19931102	20151102	23	272.61	432.52	55.00	2180.00		56.20	63.80	69.80	71.80	89.00	100.20	126.20	131.00	161.80	175.00	180.20	194.20	215.80	244.20	252.00	310.00	346.40	477.80	1853.80	
021556525	1103	19931103	20151103	23	308.17	576.67	56.00	2890.00		57.00	63.80	68.60	70.60	89.00	100.60	124.60	149.20	163.20	176.00	182.60	201.00	228.60	239.00	281.00	309.40	347.80	496.60	2431.00	
021556525	1104	19931104	20151104	23	235.48	258.61	57.00	1240.00		57.60	63.20	68.60	72.20	90.00	100.80	125.20	143.20	157.20	166.00	174.20	185.40	209.40	233.40	244.00	278.40	372.00	574.80	1117.20	
021556525	1105	19931105	20151105	23	210.04	177.98	59.00	742.00		59.20	62.40	66.60	84.60	95.00	123.40	137.40	145.80	147.80	155.00	171.20	188.40	195.60	214.40	218.00	243.20	346.80	577.80	725.80	
021556525	1106	19931106	20151106	23	222.48	186.17	60.00	784.00		60.20	63.00	66.00	83.60	89.00	119.20	133.20	135.60	140.00	185.00	185.80	189.40	208.60	241.80	252.00	307.80	423.40	559.60	755.60	
021556525	1107	19931107	20151107	23	247.39	237.86	60.00	969.00		60.20	63.00	66.00	84.40	90.00	113.20	129.60	135.60	148.00	166.00	185.20	187.20	220.20	244.20	303.00	344.20	488.60	714.20	921.00	
021556525	1108	19931108	20151108	23	255.78	282.22	59.00	1360.00		59.60	64.00	67.00	83.80	89.00	108.20	126.60	136.20	151.40	188.00	197.80	218.60	232.40	257.60	284.00	327.60	409.60	598.00	1219.20	
021556525	1109	19931109	20151109	23	276.48	253.98	57.00	1110.00		58.00	64.40	68.60	85.00	89.00	104.60	126.20	138.80	156.80	188.00	216.60	242.60	295.40	346.20	451.00	456.40	479.60	634.40	1031.20	
021556525	1110	19931110	20151110	23	301.57	406.47	54.00	2020.00		55.80	65.00	68.00	84.80	90.00	103.60	126.00	141.60	164.00	188.00	209.60	242.80	278.80	289.60	334.00	400.00	525.20	570.80	1733.60	
021556525	1111	19931111	20151111	23	428.96	891.79	53.00	4340.00		55.00	64.60	67.60	84.00	89.00	101.60	117.20	130.40	157.20	189.00	209.20	226.40	246.20	280.60	294.00	341.00	622.20	1026.00	3706.00	
021556525	1112	19931112	20151112	23	480.70	989.55	53.00	4790.00		55.00	64.60	67.60	84.80	90.00	100.80	126.00	168.60	188.60	204.00	226.00	245.20	274.00	283.60	485.00	520.60	551.00	1131.20	4134.00	
021556525	1113	19931113	20151113	23	322.96	345.75	54.00	1400.00		56.40	67.20	69.60	85.20	89.00	100.80	125.20	157.60	185.20	195.00	235.00	248.20	250.00	269.20	483.00	540.40	664.80	942.00	1332.00	
021556525	1114	19931114	20151114	23	262.74	236.84	58.00	967.00		60.80	73.20	76.20	86.60	90.00	101.00	126.60	156.60	183.80	191.00	222.80	238.00	248.20	265.40	305.00	404.80	474.80	706.40	940.40	
021556525	1115	19931115	20151115	23	235.70	168.79	59.00	670.00		61.80	74.20	80.20	88.60	92.00	100.40	130.00	155.20	181.60	188.00	202.00	230.40	258.00	278.40	333.00	380.80	444.00	528.60	652.20	
021556525	1116	19931116	20151116	23	240.13	172.08	59.00	674.00		61.80	74.20	83.20	90.40	93.00	100.40	128.40	161.40	181.80	188.00	216.80	230.80	238.60	251.40	408.00	430.20	453.00	514.80	650.00	
021556525	1117	19931117	20151117	23	238.61	170.72	59.00	699.00		61.60	74.80	85.00	90.60	93.00	103.60	126.00	159.60	178.80	189.00	223.00	230.20	235.00	270.20	347.00	432.80	454.40	500.00	661.60	
021556525	1118	19931118	20151118	23	231.35	156.54	59.00	608.00		61.40	73.80	81.00	90.20	98.00	106.60	127.80	156.00	178.40	188.00	201.40	224.60	264.80	294.00	320.00	379.40	443.80	501.40	587.40	
021556525	1119	19931119	20151119	23	320.87	464.35	60.00	2310.00		61.60	72.40	84.40	89.60	107.00	107.40	126.20	154.40	177.60	188.00	196.00	221.20	283.00	329.40	345.00	408.60	441.80	641.60	1996.80	
021556525	1120	19931120	20151120	23	296.35	352.33	59.00	1480.00		60.80	71.60	81.80	90.60	106.00	107.40	126.20	154.40	173.60	189.00	198.20	229.00	247.60	275.60	283.00	377.80	451.80	918.00	1426.00	
021556525	1121	19931121	20151121	23	255.57	201.69	60.00	876.00		61.60	71.20	83.80	92.20	107.00	108.20	126.20	170.60	188.60	198.00	225.40	247.40	269.00	308.60	332.00	377.40	448.20	582.60	831.80	
021556525	1122	19931122	20151122	23	268.52	188.76	60.00	696.00		61.60	72.00	78.60	87.00	106.00	110.80	126.00	171.00	210.60	254.00	263.60	269.60	303.80	327.80	431.00	451.40	490.60	598.00	685.60	
021556525	1123	19931123	20151123	23	257.13	165.74	59.00	620.00		60.80	72.40	81.40	95.80	105.00	113.60	127.20	172.80	227.20	236.00	260.40	267.20	300.80	344.40	400.00	442.00	455.60	512.60	604.20	
021556525	1124	19931124	20151124	23	276.61	184.76	59.00	820.00		60.80	72.40	85.00	102.60	114.00	122.40	173.20	218.80	231.20	257.00	268.00	299.20	319.60	365.20	394.00	422.80	470.40	505.20	760.80	
021556525	1125	19931125	20151125	23	285.17	222.02	60.00	1070.00		61.60	73.20	96.00	112.40	125.00	131.40	167.40	210.00	228.80	239.00	247.00	272.60	281.60	358.80	418.00	450.20	455.80	510.40	964.40	
021556525	1126	19931126	20151126	23	318.83	273.94	60.00	1310.00		61.60	72.00	95.40	109.40	145.00	161.80	198.20	218.00	238.80	243.00	258.20	297.80	326.60	402.20	418.00	441.00	481.40	662.00	1197.20	
021556525	1127	19931127	20151127	23	401.87	620.39	60.00	3150.00		61.60	73.20	95.40	108.20	126.00	169.20	198.00	219.60	234.00	238.00	292.00	352.00	380.20	389.40	394.00	442.80	516.40	610.00	2646.00	
021556525	1128	19931128	20151128	23	302.43	229.59	60.00	1060.00		61.60	76.80	100.80	110.40	116.00	140.20	185.40	205.20	217.20	229.00	259.40	308.20	366.40	371.60	429.00	497.20	533.60	551.60	960.00	
021556525	1129	19931129	20151129	23	278.48	165.51	66.00	639.00		66.40	78.40	103.00	111.40	126.00	175.40	179.40	187.20	234.80	263.00	269.00	304.60	347.80	365.80	379.00	415.20	478.40	563.00	629.80	
021556525	1130	19931130	20151130	23	300.87	229.65	63.00	1130.00		64.20	81.00	101.40	107.80	150.00	151.40	170.60	208.40	224.00	267.00	279.20	329.60	358.40	368.80	412.00	426.60	484.60	508.60	1008.20	
021556525	1201	19931201	20151201	23	337.43	305.56	61.00	1510.00		62.80	81.60	99.00	119.80	139.00	152.00	187.20	224.40	243.60	293.00	330.20	345.40	365.20	388.00	410.00	455.20	476.00	647.60	1357.20	
021556525	1202	19931202	20141202	22	390.95	524.78	60.00	2520.00		61.65	78.50	97.35	114.00	135.25	142.60	162.20	187.60	209.55	235.00	291.65	324.00	354.45	372.40	400.00	445.40	567.55	914.10	2295.00	
021556525	1203	19931203	20141203	22	388.64	595.21	56.00	2910.00		58.25	78.20	97.25	108.40	133.50	143.60	148.25	173.20	196.55	235.00	287.75	338.80	364.95	376.10	388.00	396.00	422.10	785.40	2613.45	
021556525	1204	19931204	20141204	22	305.64	273.54	51.00	1350.00		54.15	78.60	99.40	110.20	145.25	165.00	170.10	173.60	198.20	250.00	284.25	301.80	331.55	358.70	385.00	461.00	494.90	506.50	1223.70	
021556525	1205	19931205	20141205	22	353.27	279.11	46.00	1120.00		49.90	78.00	96.95	107.80	131.25	146.10	212.80	239.80	290.15	324.50	359.50	370.20	374.85	382.90	431.50	462.60	658.95	883.40	1090.00	
021556525	1206	19931206	20141206	22	376.00	316.70	43.00	1330.00		47.20	75.20	92.65	104.40	134.50	196.20	204.85	233.60	288.20	344.50	397.55	400.80	402.90	429.20	441.00	480.40	609.25	950.00	1291.00	
021556525	1207	19931207	20141207	22	314.64	193.40	38.00	697.00		42.80	74.20	92.10	102.00	146.25	171.80	210.55	223.40	249.80	310.00	352.00	376.60	396.20	421.20	467.75	495.60	515.05	632.60	694.00	
021556525	1208	19931208	20141208	22	291.95	159.61	37.00	566.00		41.95	73.90	90.65	100.60	143.75	176.90	210.70	230.60	261.20	299.00	336.80	373.00	390.50	418.50	428.00	453.40	476.15	489.00	554.90	
021556525	1209	19931209	20141209	22	343.82	313.87	36.00	1540.00		41.10	73.60	89.65	99.60	133.00	149.40	234.55	248.00	261.40	291.00	327.75	340.20	365.75	384.90	464.00	519.00	531.05	566.10	1395.85	
021556525	1210	19931210	20141210	22	379.45	364.59	37.00	1640.00		42.25	74.40	88.55	111.00	138.50	145.90	220.55	237.00	266.25	289.00	342.95	369.00	399.45	417.80	458.75	508.40	592.30	932.40	1551.50	
021556525	1211	19931211	20141211	22	412.27	387.41	37.00	1830.00		42.70	76.50	88.55	124.80	180.25	193.00	194.75	218.40	289.60	360.50	382.00	393.80	432.05	463.60	561.00	628.20	710.50	789.30	1675.20	
021556525	1212	19931212	20141212	22	363.68	282.31	37.00	1190.00		40.75	68.30	91.10	129.80	154.25	170.40	177.00	208.80	267.00	308.00	339.90	346.80	416.40	518.30	536.00	585.80	656.25	752.80	1127.30	
021556525	1213	19931213	20141213	22	340.23	258.58	37.00	1060.00		39.55	61.20	87.90	136.00	160.75	161.90	166.10	197.60	245.60	271.50	317.55	365.20	420.50	493.50	500.25	510.20	532.60	757.70	1028.20	
021556525	1214	19931214	20141214	22	382.82	313.81	37.00	1200.00		39.55	64.80	93.60	128.00	148.00	157.90	187.65	257.80	285.15	330.50	340.75	380.40	392.80	464.00	494.25	562.40	758.75	988.20	1173.00	
021556525	1215	19931215	20141215	22	385.27	308.32	37.00	998.00		38.35	61.60	99.35	125.00	141.00	150.00	225.80	244.80	270.15	303.00	331.95	348.00	445.95	463.10	484.00	687.60	917.30	969.60	996.35	
021556525	1216	19931216	20141216	22	350.09	244.05	36.00	826.00		36.60	57.40	113.30	135.60	138.75	146.20	211.45	222.60	240.35	293.50	339.50	344.60	449.50	466.70	553.50	645.80	694.70	739.30	814.30	
021556525	1217	19931217	20141217	22	321.27	214.92	36.00	911.00		36.60	57.70	116.10	137.00	142.25	180.00	198.80	214.60	228.55	281.00	327.60	379.20	399.50	446.90	456.75	482.80	539.30	606.20	868.25	
021556525	1218	19931218	20141218	22	291.00	202.44	36.00	871.00		36.45	57.00	104.40	126.00	139.75	170.70	176.15	187.60	232.50	253.50	273.20	292.60	330.15	345.30	388.50	479.20	538.75	561.80	824.80	
021556525	1219	19931219	20141219	22	270.77	167.22	36.00	670.00		36.15	55.60	109.80	129.60	138.50	164.30	172.55	188.60	221.15	246.00	259.80	272.00	279.70	379.80	424.00	433.00	462.90	513.60	648.70	
021556525	1220	19931220	20141220	22	325.32	236.77	36.00	870.00		36.15	56.20	115.85	137.60	158.75	168.60	173.55	189.00	224.05	268.50	298.65	358.80	401.45	418.30	440.00	455.40	601.60	801.90	865.95	
021556525	1221	19931221	20141221	22	345.55	286.12	36.00	1160.00		36.15	61.00	123.30	137.00	141.00	156.30	172.20	191.40	257.90	271.50	324.75	397.40	416.60	420.10	421.00	427.40	554.70	902.30	1137.50	
021556525	1222	19931222	20141222	22	328.36	205.42	36.00	794.00		36.15	65.50	132.45	137.80	142.50	159.20	179.30	249.00	296.60	334.50	336.00	346.40	391.75	428.10	482.50	543.80	564.15	628.10	772.85	
021556525	1223	19931223	20141223	22	467.64	616.42	37.00	2870.00		37.00	61.90	124.50	133.00	161.25	196.10	204.00	212.80	253.95	282.50	301.30	341.20	385.20	396.90	480.75	577.60	832.50	1211.80	2639.00	
021556525	1224	19931224	20141224	22	436.32	369.29	36.00	1260.00		36.15	61.30	122.05	132.40	155.50	204.30	248.30	257.20	287.50	337.50	363.45	381.60	405.90	466.60	599.00	769.60	986.05	1188.00	1255.50	
021556525	1225	19931225	20141225	22	588.23	606.87	36.00	2260.00		36.15	60.70	121.40	139.40	149.25	197.70	239.85	261.80	308.10	353.00	368.00	447.00	578.05	830.80	945.00	1001.60	1120.00	1756.00	2219.50	
021556525	1226	19931226	20141226	22	584.32	638.08	36.00	2660.00		36.15	59.20	120.00	156.20	194.75	241.60	252.60	325.40	343.35	345.00	367.45	475.80	537.05	601.50	704.75	890.60	1185.00	1671.00	2540.00	
021556525	1227	19931227	20141227	22	419.05	327.14	36.00	1370.00		36.30	59.30	119.35	145.80	181.25	252.10	284.25	294.20	318.15	334.00	351.15	421.40	487.40	516.80	557.25	613.60	670.55	978.30	1331.00	
021556525	1228	19931228	20141228	22	360.86	206.93	37.00	782.00		37.15	59.90	119.10	136.80	170.50	259.20	271.55	288.60	318.85	334.00	394.65	456.60	474.50	488.50	502.25	534.60	599.05	650.10	764.60	
021556525	1229	19931229	20141229	22	367.45	233.03	37.00	1060.00		37.15	58.10	120.30	141.40	163.25	257.30	284.10	311.20	336.35	369.50	424.10	448.80	452.95	455.80	467.75	488.00	501.40	654.80	1008.85	
021556525	1230	19931230	20141230	22	334.32	205.35	38.00	941.00		38.00	58.40	118.60	144.80	161.00	219.80	260.85	315.60	320.45	327.50	336.50	389.60	405.80	412.40	434.25	437.40	473.45	599.40	896.15	
021556525	1231	19931231	20141231	22	292.86	162.13	38.00	666.00		38.00	54.80	111.10	139.20	158.25	184.60	220.00	246.80	288.15	309.00	311.65	319.20	338.10	361.00	417.25	436.40	456.10	521.40	648.45	
