site_no	monthday	begin_dt	end_dt	count_nu	mean	std	min	max	p01	p05	p10	p15	p20	p25	p30	p35	p40	p45	p50	p55	p60	p65	p70	p75	p80	p85	p90	p95	p99
02236125	ALL	19940210	20151020	7139	3551.16	2626.49	10.00	16400.00	116.80	520.00	880.00	1160.00	1420.00	1650.00	1870.00	2080.00	2310.00	2570.00	2840.00	3140.00	3480.00	3880.00	4300.00	4790.00	5440.00	6250.00	7380.00	8900.00	11400.00
02236125	0101	19950101	20150101	21	3723.05	2383.09	204.00	9320.00		305.60	1302.00	1636.00	1714.00	1835.00	1908.00	2101.00	2730.00	2879.00	2920.00	3091.00	4138.00	4750.00	5046.00	5375.00	5782.00	6067.00	7860.00	9218.00	
02236125	0102	19950102	20150102	20	3806.50	2415.76	1140.00	9700.00		1149.50	1351.00	1553.50	1672.00	1847.50	1939.00	2149.00	2420.00	2838.50	3070.00	3538.00	4228.00	4681.00	4807.00	5207.50	5596.00	6255.00	8376.00	9645.00	
02236125	0103	19950103	20150103	20	3661.30	2647.52	56.00	9670.00		107.20	1098.00	1288.50	1482.00	1617.50	1745.00	2014.50	2132.00	2267.00	2490.00	3334.50	4104.00	4344.50	5118.00	5760.00	6102.00	6542.50	8401.00	9616.50	
02236125	0104	19950104	20150104	21	3715.67	2670.53	288.00	9710.00		312.30	684.80	1309.00	1382.00	1600.00	1752.00	2047.00	2250.00	2369.00	2590.00	2971.00	4264.00	4930.00	5580.00	5865.00	6288.00	6652.00	8060.00	9579.00	
02236125	0105	19950105	20150105	21	3785.62	2521.87	948.00	9820.00		964.20	1144.00	1397.00	1758.00	1945.00	2054.00	2118.00	2202.00	2409.00	2440.00	3539.00	4068.00	4435.00	4870.00	5730.00	6176.00	6755.00	8110.00	9678.00	
02236125	0106	19950106	20150106	20	4017.45	2460.70	429.00	9810.00		473.55	1388.00	2012.00	2120.00	2285.00	2312.00	2476.50	2802.00	2946.00	3380.00	3781.00	4078.00	4328.50	4556.00	5885.00	6596.00	6916.50	8256.00	9739.50	
02236125	0107	19950107	20150107	19	4089.53	2511.08	811.00	10200.00		811.00	1160.00	1570.00	1950.00	2090.00	2520.00	2970.00	3020.00	3770.00	3790.00	3860.00	4000.00	4060.00	4420.00	5800.00	6020.00	6890.00	8800.00	10200.00	
02236125	0108	19950108	20150108	21	3708.76	2612.23	327.00	10100.00		385.00	945.60	1166.00	1388.00	1705.00	2232.00	2524.00	2584.00	2905.00	3050.00	3475.00	3790.00	3865.00	4104.00	4705.00	5864.00	7119.00	8614.00	9980.00	
02236125	0109	19950109	20150109	20	3809.10	2708.85	576.00	9780.00		581.00	723.40	1195.00	1530.00	1870.00	2041.00	2317.50	2378.00	2703.50	3255.00	3575.50	3694.00	3918.00	4478.00	5195.00	6434.00	7839.00	8904.00	9741.00	
02236125	0110	19950110	20150110	19	3961.74	2739.35	783.00	9710.00		783.00	1040.00	1590.00	1890.00	1950.00	1980.00	2110.00	2300.00	2740.00	3310.00	3410.00	3830.00	3980.00	4700.00	5640.00	6900.00	8510.00	8900.00	9710.00	
02236125	0111	19950111	20150111	19	4077.37	2645.91	1040.00	9700.00		1040.00	1420.00	1750.00	1920.00	2160.00	2250.00	2630.00	2710.00	2710.00	2870.00	3610.00	3990.00	4100.00	4850.00	5480.00	6800.00	8580.00	8900.00	9700.00	
02236125	0112	19950112	20150112	20	3809.55	2667.58	505.00	9600.00		522.90	864.60	879.75	1097.20	2010.00	2244.00	2464.50	2796.00	3079.50	3150.00	3165.50	3632.00	4135.00	4905.00	5272.50	6020.00	8019.00	8574.00	9550.00	
02236125	0113	19950113	20150113	19	4001.63	2612.46	501.00	9330.00		501.00	600.00	2030.00	2170.00	2200.00	2360.00	2460.00	2700.00	2890.00	3140.00	3340.00	3430.00	4100.00	5080.00	6470.00	6860.00	7870.00	8500.00	9330.00	
02236125	0114	19950114	20150114	19	3579.84	2540.53	370.00	9160.00		370.00	827.00	1680.00	2070.00	2080.00	2170.00	2420.00	2460.00	2630.00	2790.00	2800.00	2820.00	2960.00	3130.00	4980.00	6560.00	7710.00	8400.00	9160.00	
02236125	0115	19950115	20150115	20	3431.95	2624.13	55.00	9610.00		77.45	559.60	1100.50	1466.00	2017.50	2058.00	2103.50	2186.00	2394.50	2520.00	2568.50	2840.00	3364.00	3903.00	4792.50	6328.00	7542.50	7862.00	9523.50	
02236125	0116	19950116	20150116	18	3846.11	2584.27	918.00	9420.00			948.60	1723.80	1916.00	1975.00	2060.00	2265.50	2408.00	2671.00	3045.00	3351.50	3552.00	3868.00	4469.00	5295.00	6936.00	8064.00	8322.00		
02236125	0117	19950117	20150117	20	3348.55	2732.21	91.00	10100.00		102.05	352.60	830.80	1472.00	1525.00	1678.00	1748.00	1944.00	2173.50	2275.00	2607.50	2924.00	3377.00	4469.00	5090.00	6330.00	6841.00	7888.00	9995.00	
02236125	0118	19950118	20150118	19	3239.79	2685.93	498.00	10400.00		498.00	618.00	880.00	1380.00	1380.00	1460.00	1580.00	1700.00	1730.00	2630.00	2700.00	3160.00	3260.00	3340.00	4730.00	5500.00	7110.00	7500.00	10400.00	
02236125	0119	19950119	20150119	20	3467.75	2505.56	211.00	10000.00		218.65	440.60	1179.50	1496.00	1747.50	2181.00	2482.00	2588.00	2661.50	2810.00	2947.50	2970.00	3080.50	4281.00	5317.50	5540.00	6893.00	7193.00	9860.00	
02236125	0120	19950120	20150120	20	3277.00	2632.95	254.00	9170.00		261.55	413.40	516.75	738.80	1098.50	1466.00	1665.50	2002.00	2510.50	2680.00	2767.00	2998.00	3786.00	4472.00	5202.50	5912.00	7196.00	7490.00	9086.50	
02236125	0121	19950121	20150121	21	3228.43	2493.15	157.00	8620.00		258.30	1176.00	1227.00	1302.00	1330.00	1382.00	1438.00	1978.00	2137.00	2240.00	2289.00	2706.00	3357.00	4396.00	4845.00	5654.00	7206.00	7782.00	8538.00	
02236125	0122	19950122	20150122	20	3251.60	2503.56	520.00	8600.00		521.10	589.80	1033.50	1190.00	1565.00	1736.00	1813.00	1938.00	2094.00	2305.00	2417.00	2534.00	3727.00	4413.00	4462.50	5582.00	7415.50	7879.00	8565.00	
02236125	0123	19950123	20150123	20	3049.15	2542.21	525.00	8420.00		544.20	917.00	996.65	1056.00	1202.50	1474.00	1575.50	1724.00	1874.00	2015.00	2205.50	2300.00	2391.00	3637.00	4517.50	5552.00	7582.00	7972.00	8398.00	
02236125	0124	19950124	20150124	18	3188.72	2250.43	567.00	7840.00			983.70	1251.00	1346.00	1397.50	1655.00	1870.50	2062.00	2271.00	2500.00	2693.00	2910.00	3305.50	3779.00	4310.00	5388.00	7024.00	7534.00		
02236125	0125	19950125	20150125	20	3075.00	2486.88	52.00	8330.00		76.15	562.90	814.90	849.80	1106.75	1541.00	1656.50	1904.00	2099.00	2330.00	2605.00	2752.00	3021.50	3886.00	4382.50	5936.00	7049.50	7558.00	8293.50	
02236125	0126	19950126	20150126	20	3142.75	2425.39	562.00	8200.00		582.05	978.70	1132.00	1228.00	1355.00	1424.00	1592.00	1824.00	1914.00	1990.00	2159.50	2578.00	3075.50	4073.00	5270.00	5878.00	7099.00	7399.00	8160.50	
02236125	0127	19950127	20150127	20	3171.55	2336.64	861.00	8100.00		871.45	1071.00	1092.00	1166.00	1202.50	1324.00	1674.00	1964.00	2001.50	2160.00	2555.00	2942.00	3472.50	3819.00	4867.50	5632.00	7066.00	7318.00	8061.00	
02236125	0128	19950128	20150128	20	2925.05	2336.57	133.00	8000.00		174.25	964.20	1032.00	1106.00	1172.50	1318.00	1405.50	1550.00	1779.50	2015.00	2157.00	2796.00	3199.50	3217.00	4630.00	5180.00	6645.00	7269.00	7965.50	
02236125	0129	19950129	20150129	19	3067.63	2099.06	747.00	7500.00		747.00	878.00	1260.00	1460.00	1530.00	1530.00	1850.00	1930.00	1960.00	2450.00	2630.00	2910.00	3190.00	3330.00	4310.00	5300.00	6300.00	7220.00	7500.00	
02236125	0130	19950130	20150130	17	3424.71	1993.76	1060.00	7400.00			1084.00	1461.00	2016.00	2335.00	2410.00	2455.00	2510.00	2597.00	2660.00	2678.00	2928.00	3368.00	3812.00	4800.00	5800.00	6460.00	7320.00		
02236125	0131	19950131	20150131	18	2937.94	2299.12	121.00	7500.00			130.90	194.05	517.00	1581.25	2001.00	2150.50	2234.00	2266.50	2380.00	2484.50	2542.00	2882.50	3481.00	4230.00	5750.00	6151.00	7311.00		
02236125	0201	19950201	20150201	20	2955.05	2104.82	115.00	7290.00		149.55	826.40	1013.00	1168.00	1745.00	1853.00	1933.50	1944.00	1977.00	2140.00	2413.00	2602.00	2994.50	3376.00	4105.00	5400.00	6375.50	6860.00	7270.50	
02236125	0202	19950202	20150202	18	3056.61	2160.05	386.00	6870.00			590.30	1001.45	1350.00	1547.50	1646.00	1787.00	1982.00	2086.50	2335.00	2673.50	2996.00	3300.50	3446.00	4410.00	6436.00	6536.00	6753.00		
02236125	0203	19950203	20150203	19	2572.05	2069.58	47.00	6860.00		47.00	186.00	670.00	693.00	903.00	1020.00	1220.00	1630.00	2270.00	2390.00	2420.00	2540.00	2820.00	3100.00	3260.00	4250.00	6090.00	6500.00	6860.00	
02236125	0204	19950204	20150204	17	2823.53	1805.74	30.00	6940.00			926.00	1283.00	1412.00	1730.00	2020.00	2050.00	2056.00	2084.00	2120.00	2876.00	2976.00	3029.00	3182.00	3365.00	3860.00	5102.00	6668.00		
02236125	0205	19950205	20150205	20	2717.75	1821.56	145.00	6690.00		195.75	1160.00	1169.00	1236.00	1320.00	1470.00	1683.50	1750.00	2087.50	2395.00	2537.50	2728.00	2968.50	3287.00	3417.50	3518.00	5503.50	6525.00	6685.50	
02236125	0206	19950206	20150206	20	2780.70	1976.04	656.00	6660.00		656.75	688.60	905.95	1278.00	1432.50	1479.00	1584.00	1754.00	2033.00	2110.00	2302.50	2532.00	2749.00	2959.00	4135.00	4662.00	6315.00	6600.00	6657.00	
02236125	0207	19950207	20150207	18	2894.11	1767.60	526.00	6300.00			725.80	987.70	1534.00	1727.50	1785.00	1806.50	2074.00	2398.50	2650.00	2784.50	2810.00	2934.50	3401.00	4110.00	4486.00	5726.00	6273.00		
02236125	0208	19950208	20150208	18	2856.06	1781.84	143.00	5860.00			353.60	531.70	999.80	1245.00	1976.00	2283.00	2374.00	2441.00	2640.00	2830.00	3094.00	3640.50	3932.00	4170.00	4860.00	5190.00	5716.00		
02236125	0209	19950209	20150209	18	3008.72	1813.12	14.00	6300.00			580.10	1218.45	1568.00	1885.00	2075.00	2133.00	2356.00	2527.50	2560.00	2723.00	2938.00	3074.50	3706.00	4807.50	5028.00	5557.50	6129.00		
02236125	0210	19940210	20150210	20	2531.30	1807.47	16.00	6280.00		32.20	417.00	1120.50	1234.00	1455.00	1479.00	1549.00	1644.00	1681.50	1830.00	2072.00	2318.00	2423.00	3277.00	3670.00	4608.00	5018.50	5995.00	6271.00	
02236125	0211	19940211	20150211	19	2824.74	1734.67	230.00	6270.00		230.00	1010.00	1260.00	1440.00	1530.00	1570.00	1820.00	1940.00	1950.00	2510.00	2750.00	2930.00	2940.00	3360.00	4090.00	4700.00	5370.00	6000.00	6270.00	
02236125	0212	19940212	20150212	19	2687.74	1671.15	132.00	6100.00		132.00	755.00	1150.00	1420.00	1650.00	1690.00	1730.00	1920.00	1950.00	2230.00	2450.00	2520.00	2760.00	3200.00	4210.00	4600.00	5100.00	5500.00	6100.00	
02236125	0213	19940213	20150213	19	2696.95	1652.06	769.00	5930.00		769.00	811.00	942.00	1440.00	1530.00	1790.00	1870.00	1960.00	1990.00	1990.00	2090.00	2280.00	2630.00	3540.00	4500.00	4510.00	4780.00	5890.00	5930.00	
02236125	0214	19950214	20150214	19	2827.47	1603.62	694.00	5970.00		694.00	721.00	947.00	1410.00	1640.00	1730.00	2050.00	2390.00	2440.00	2450.00	2480.00	2710.00	3330.00	3580.00	4300.00	4360.00	4600.00	5920.00	5970.00	
02236125	0215	19940215	20150215	20	2843.60	1723.13	511.00	6420.00		526.40	831.30	956.70	1126.00	1470.00	1533.00	1830.50	2122.00	2189.50	2255.00	2766.00	3252.00	3755.00	4140.00	4230.00	4328.00	4477.50	5841.00	6398.50	
02236125	0216	19940216	20150216	19	2773.89	1856.12	190.00	5970.00		190.00	485.00	586.00	773.00	1150.00	1490.00	1510.00	2000.00	2050.00	2120.00	3050.00	3600.00	3710.00	4070.00	4470.00	4800.00	5030.00	5650.00	5970.00	
02236125	0217	19940217	20150217	21	2579.38	1722.60	132.00	5330.00		166.60	482.20	573.70	888.80	1125.00	1324.00	1447.00	1602.00	1847.00	1940.00	2454.00	3390.00	3855.00	4104.00	4150.00	4328.00	4826.00	5128.00	5313.00	
02236125	0218	19940218	20150218	21	2533.05	1608.26	90.00	5270.00		129.20	486.60	589.60	904.20	1220.00	1492.00	1615.00	1822.00	2005.00	2030.00	2572.00	3324.00	3386.00	3460.00	3725.00	4326.00	4813.00	4940.00	5238.00	
02236125	0219	19940219	20150219	21	2411.90	1480.31	369.00	6100.00		374.20	552.80	1080.00	1124.00	1255.00	1488.00	1761.00	1974.00	2037.00	2120.00	2151.00	2360.00	2635.00	3134.00	3280.00	3468.00	3932.00	5052.00	6019.00	
02236125	0220	19940220	20150220	21	2531.29	1694.72	52.00	6800.00		87.80	451.40	626.30	664.80	1055.00	1762.00	1990.00	2086.00	2254.00	2290.00	2363.00	2518.00	2910.00	3486.00	3675.00	3936.00	4483.00	4826.00	6606.00	
02236125	0221	19940221	20150221	20	2732.30	1679.25	110.00	7600.00		151.80	959.40	1105.50	1312.00	1580.00	1748.00	2028.00	2116.00	2332.00	2625.00	2725.50	2796.00	2918.00	3212.00	3605.00	3860.00	4427.00	4943.00	7469.50	
02236125	0222	19940222	20150222	19	2797.95	1813.62	247.00	8300.00		247.00	664.00	1130.00	1610.00	1750.00	1810.00	1950.00	1960.00	2070.00	2240.00	2750.00	3010.00	3310.00	3620.00	3730.00	3830.00	4580.00	4600.00	8300.00	
02236125	0223	19940223	20150223	18	2679.17	1916.99	599.00	8400.00			788.00	820.05	952.40	1063.75	1286.00	1591.00	2058.00	2317.50	2345.00	2480.50	2696.00	3000.50	3482.00	3687.50	3956.00	4583.00	4980.00		
02236125	0224	19940224	20150224	21	2295.95	2035.97	63.00	8800.00		98.90	441.60	586.30	822.60	951.50	974.80	1044.80	1214.00	1313.00	1730.00	2074.00	2248.00	2467.00	2654.00	3385.00	4152.00	4461.00	4570.00	8378.00	
02236125	0225	19940225	20150225	20	2169.60	1956.79	180.00	8900.00		205.05	700.30	881.35	927.00	955.00	1035.70	1147.00	1268.00	1434.50	1495.00	1643.50	1954.00	2136.00	2185.00	2650.00	3520.00	4116.50	4298.00	8670.50	
02236125	0226	19940226	20150226	18	2436.39	1943.95	493.00	9200.00			942.10	1075.30	1098.00	1212.50	1390.00	1560.50	1746.00	1868.50	1950.00	2018.00	2056.00	2381.00	3000.00	3180.00	3340.00	3564.50	4457.00		
02236125	0227	19940227	20150227	18	2185.56	2136.01	54.00	9500.00			338.40	479.65	769.40	1034.25	1247.00	1362.00	1390.00	1423.00	1510.00	1714.00	1914.00	2125.00	2492.00	2745.00	3284.00	3673.00	4730.00		
02236125	0228	19940228	20150228	17	2554.88	2047.82	573.00	9700.00			1202.60	1381.00	1390.00	1410.00	1478.00	1574.00	1666.00	1812.00	1830.00	2244.00	2482.00	2656.00	2734.00	2905.00	3088.00	3481.00	5380.00		
02236125	0229	19960229	20120229	5	2106.00	234.80	1750.00	2330.00					1800.00	1875.00	1950.00	2018.00	2072.00	2126.00	2180.00	2207.00	2234.00	2261.00	2282.00	2300.00	2318.00				
02236125	0301	19940301	20150301	19	2672.00	2203.92	338.00	10600.00		338.00	590.00	1000.00	1110.00	1200.00	1640.00	1730.00	2020.00	2200.00	2430.00	2550.00	2710.00	2880.00	2890.00	3410.00	3600.00	3810.00	4060.00	10600.00	
02236125	0302	19940302	20150302	19	2804.16	2186.76	34.00	10400.00		34.00	345.00	800.00	1270.00	1520.00	2140.00	2300.00	2420.00	2700.00	2710.00	2740.00	2880.00	2950.00	3000.00	3100.00	3300.00	3750.00	4920.00	10400.00	
02236125	0303	19940303	20150303	19	2768.89	2201.95	183.00	10300.00		183.00	206.00	1100.00	1710.00	1740.00	1860.00	2040.00	2230.00	2260.00	2410.00	2450.00	2450.00	2490.00	2790.00	2800.00	3850.00	4770.00	4970.00	10300.00	
02236125	0304	19940304	20150304	19	2729.84	2436.14	40.00	10900.00		40.00	315.00	952.00	1070.00	1190.00	1310.00	1450.00	1960.00	1990.00	2000.00	2200.00	2680.00	2700.00	3510.00	3520.00	4240.00	4880.00	4960.00	10900.00	
02236125	0305	19940305	20150305	18	3001.17	2295.72	750.00	10800.00			858.90	1006.15	1294.00	1585.00	1695.00	1957.00	2186.00	2387.50	2600.00	2776.50	2922.00	3143.50	3482.00	3722.50	4072.00	4634.50	5427.00		
02236125	0306	19940306	20150306	19	2763.58	2340.92	218.00	10900.00		218.00	552.00	712.00	826.00	1330.00	1500.00	1500.00	1990.00	2190.00	2500.00	2730.00	3200.00	3230.00	3310.00	3450.00	3840.00	4190.00	4340.00	10900.00	
02236125	0307	19940307	20150307	19	2701.32	2313.14	167.00	11000.00		167.00	603.00	995.00	1320.00	1560.00	1560.00	1570.00	1590.00	2020.00	2210.00	2700.00	2760.00	2880.00	2890.00	3530.00	3600.00	4140.00	4230.00	11000.00	
02236125	0308	19940308	20150308	21	2262.00	2243.65	138.00	10700.00		150.90	282.00	482.10	835.80	968.00	1072.00	1115.00	1178.00	1595.00	1810.00	2070.00	2178.00	2487.00	3044.00	3050.00	3380.00	3600.00	3640.00	9995.00	
02236125	0309	19940309	20150309	21	2520.90	2404.58	114.00	11700.00		119.30	249.60	645.40	898.80	1090.00	1232.00	1370.00	1480.00	2391.00	2500.00	2555.00	2616.00	2761.00	3002.00	3130.00	3402.00	3592.00	3930.00	10931.00	
02236125	0310	19940310	20150310	17	2839.94	2485.04	200.00	11300.00			471.20	623.70	1056.00	1610.00	1924.00	1972.00	2008.00	2087.00	2510.00	2582.00	2630.00	2934.00	3354.00	3700.00	3882.00	4020.00	5644.00		
02236125	0311	19940311	20150311	17	2790.18	2482.44	450.00	11200.00			484.40	524.50	756.40	1101.00	1528.00	1999.00	2316.00	2381.00	2390.00	2597.00	2700.00	2895.00	3126.00	3560.00	3970.00	4090.00	5512.00		
02236125	0312	19940312	20150312	20	2574.95	2431.79	38.00	11100.00		53.75	380.60	639.50	769.20	1062.50	1109.00	1161.50	1484.00	1884.50	2130.00	2425.00	2566.00	2929.00	3223.00	3295.00	4132.00	4357.00	4549.00	10773.50	
02236125	0313	19940313	20150313	19	2815.37	2231.56	872.00	10900.00		872.00	980.00	1060.00	1140.00	1490.00	1820.00	1880.00	1980.00	2150.00	2210.00	2270.00	2800.00	2940.00	3380.00	3500.00	3560.00	3990.00	4570.00	10900.00	
02236125	0314	19940314	20150314	19	2943.68	2251.54	763.00	11000.00		763.00	807.00	1040.00	1350.00	1390.00	1660.00	2090.00	2130.00	2480.00	2680.00	2840.00	3160.00	3400.00	3420.00	3500.00	3520.00	4220.00	4480.00	11000.00	
02236125	0315	19940315	20150315	19	2757.00	2370.48	138.00	11300.00		138.00	471.00	802.00	972.00	1790.00	1810.00	2000.00	2000.00	2300.00	2380.00	2410.00	2540.00	2920.00	3140.00	3300.00	3700.00	4100.00	4310.00	11300.00	
02236125	0316	19940316	20150316	19	2907.89	2424.43	243.00	11600.00		243.00	500.00	687.00	1710.00	1950.00	2020.00	2020.00	2090.00	2210.00	2400.00	2610.00	2640.00	2880.00	3060.00	3610.00	3940.00	4500.00	4580.00	11600.00	
02236125	0317	19940317	20150317	19	2674.00	2441.43	272.00	11600.00		272.00	717.00	866.00	881.00	1430.00	1480.00	1900.00	1940.00	1950.00	2030.00	2150.00	2450.00	2920.00	3050.00	3320.00	3520.00	3730.00	4600.00	11600.00	
02236125	0318	19940318	20150318	19	2505.89	2352.68	85.00	11300.00		85.00	757.00	1010.00	1080.00	1080.00	1220.00	1630.00	1640.00	1920.00	2000.00	2350.00	2760.00	2780.00	2830.00	2880.00	3180.00	3210.00	3900.00	11300.00	
02236125	0319	19940319	20150319	20	2242.85	2270.86	330.00	10800.00		332.60	382.50	425.40	647.40	823.75	1315.00	1353.50	1408.00	1579.00	1765.00	1995.00	2196.00	2279.00	2503.00	2792.50	2996.00	3582.50	3788.00	10450.00	
02236125	0320	19940320	20150320	19	2406.53	2359.85	375.00	11000.00		375.00	611.00	888.00	1090.00	1180.00	1350.00	1380.00	1600.00	1680.00	1690.00	1840.00	1870.00	2160.00	2270.00	2640.00	3460.00	3840.00	4800.00	11000.00	
02236125	0321	19940321	20150321	18	2529.56	2359.05	234.00	10400.00			621.00	859.50	1042.80	1237.50	1297.00	1462.50	1556.00	1725.00	1925.00	1990.00	2018.00	2172.00	2446.00	2972.50	4166.00	4567.50	5648.00		
02236125	0322	19940322	20150322	18	2505.78	2628.02	34.00	10900.00			367.90	411.80	519.40	816.00	978.80	1179.00	1408.00	1505.50	1620.00	1752.50	2044.00	2527.50	2873.00	3560.00	4398.00	4790.50	6220.00		
02236125	0323	19940323	20150323	16	2850.50	2757.79	448.00	10900.00			570.50	770.40	905.00	947.00	1035.00	1247.50	1364.00	1487.50	1560.00	1884.50	2544.00	2959.00	3622.00	4532.50	5260.00	5578.00	7190.00		
02236125	0324	19940324	20140324	16	2881.06	2845.91	792.00	10900.00			853.60	888.80	912.80	946.25	989.90	1150.55	1184.00	1248.50	1330.00	1478.00	1990.00	3341.50	3877.00	4360.00	5424.00	6139.00	7652.00		
02236125	0325	19940325	20150325	16	2772.69	2617.72	246.00	10400.00			715.70	1023.15	1110.00	1155.00	1293.00	1318.50	1392.00	1449.00	1500.00	1589.50	1962.00	3018.00	3154.00	4317.50	5168.00	5489.00	6970.00		
02236125	0326	19940326	20150326	19	2592.32	2417.02	288.00	10200.00		288.00	351.00	612.00	689.00	974.00	1100.00	1500.00	1660.00	1670.00	2020.00	2040.00	2050.00	2450.00	2700.00	3510.00	4770.00	5170.00	5500.00	10200.00	
02236125	0327	19940327	20150327	19	2882.21	2152.52	763.00	9880.00		763.00	909.00	1070.00	1110.00	1620.00	1730.00	1730.00	1870.00	2420.00	2460.00	2500.00	2570.00	2620.00	3220.00	3870.00	3910.00	4910.00	5600.00	9880.00	
02236125	0328	19940328	20150328	20	2756.95	2091.72	308.00	9860.00		311.15	439.90	1099.00	1326.00	1427.50	1699.00	1818.00	1950.00	2115.00	2435.00	2705.50	2782.00	2895.00	3028.00	3542.50	4004.00	4173.50	5009.00	9622.00	
02236125	0329	19950329	20150329	19	2923.00	2071.36	937.00	9670.00		937.00	1010.00	1070.00	1280.00	1440.00	1460.00	1720.00	1730.00	2060.00	2790.00	3060.00	3240.00	3350.00	3410.00	3490.00	4080.00	4540.00	5200.00	9670.00	
02236125	0330	19940330	20150330	19	2719.58	2237.05	50.00	9860.00		50.00	370.00	852.00	880.00	1180.00	1610.00	1790.00	1930.00	1930.00	1990.00	2180.00	2620.00	3240.00	3350.00	4200.00	4250.00	4590.00	4800.00	9860.00	
02236125	0331	19940331	20150331	19	2684.89	2347.05	285.00	10100.00		285.00	310.00	332.00	966.00	1300.00	1430.00	1510.00	1570.00	1670.00	1750.00	2190.00	2550.00	3500.00	3670.00	3790.00	3880.00	5090.00	5120.00	10100.00	
02236125	0401	19940401	20150401	21	2521.10	2543.92	102.00	10200.00		105.20	172.40	433.40	694.40	729.50	787.40	826.30	896.80	1144.30	1330.00	1675.00	2204.00	3423.00	3774.00	4390.00	4688.00	5268.00	5508.00	9732.00	
02236125	0402	19940402	20150402	21	2630.67	2442.64	12.00	10200.00		46.80	436.40	774.40	942.00	1085.00	1102.00	1208.00	1346.00	1397.00	1820.00	1898.00	2096.00	2747.00	3298.00	3805.00	4900.00	5521.00	5722.00	9757.00	
02236125	0403	19940403	20150403	20	2920.15	2513.34	133.00	10200.00		156.85	629.40	819.30	944.80	1182.50	1433.00	1478.50	1658.00	1829.00	1840.00	2362.50	2916.00	3253.50	3537.00	3660.00	5032.00	6177.50	6554.00	10019.00	
02236125	0404	19940404	20150404	19	3004.00	2617.47	85.00	9830.00		85.00	526.00	708.00	967.00	1040.00	1220.00	1240.00	1360.00	1500.00	1890.00	2470.00	3280.00	3460.00	4290.00	4870.00	5110.00	6430.00	6800.00	9830.00	
02236125	0405	19940405	20150405	17	3214.00	2571.08	520.00	9400.00			550.40	979.40	1178.00	1200.00	1222.00	1339.00	1580.00	1716.00	2580.00	2634.00	3224.00	4154.00	4598.00	5030.00	5606.00	6281.00	7560.00		
02236125	0406	19940406	20150406	17	3029.00	2373.25	137.00	8970.00			507.40	708.50	818.60	1145.50	1582.00	1861.00	2000.00	2093.00	2210.00	2705.00	2904.00	3304.00	3994.00	4815.00	5524.00	5917.00	6578.00		
02236125	0407	19940407	20150407	17	2817.24	2637.76	10.00	9170.00			243.60	349.60	390.40	422.00	522.80	1028.90	1970.00	2185.00	2320.00	2419.00	2462.00	3079.00	3742.00	4495.00	5552.00	6437.00	7034.00		
02236125	0408	19950408	20150408	16	3187.94	2483.86	726.00	9180.00			897.50	1184.95	1404.00	1497.50	1598.00	1751.00	1840.00	1964.00	2080.00	2350.00	2812.00	3122.50	3505.00	4420.00	6000.00	6914.00	7640.00		
02236125	0409	19940409	20150409	17	3025.47	2282.47	283.00	9060.00			524.60	704.00	1232.00	1590.00	1790.00	2048.00	2098.00	2147.00	2300.00	2795.00	2898.00	3043.00	3496.00	3975.00	4878.00	6027.00	6852.00		
02236125	0410	19940410	20150410	18	2831.11	2067.98	623.00	8500.00			950.60	1006.55	1514.00	1662.50	1719.00	1792.00	1964.00	2065.50	2090.00	2335.00	2654.00	2741.00	2780.00	2985.00	4092.00	6078.00	6412.00		
02236125	0411	19940411	20150411	20	2488.10	2215.08	214.00	7880.00		215.35	256.10	416.00	603.40	842.75	1161.80	1691.00	1758.00	1800.00	1875.00	1961.00	2048.00	2126.00	2399.00	3275.00	4754.00	5255.50	6991.00	7845.00	
02236125	0412	19940412	20150412	18	2755.22	2221.21	682.00	7670.00			763.90	914.10	1107.80	1187.50	1235.00	1497.00	1642.00	1699.50	1795.00	2084.00	2466.00	2624.00	2941.00	3817.50	4678.00	6035.00	7652.00		
02236125	0413	19940413	20150413	19	2257.79	2189.97	60.00	7770.00		60.00	551.00	640.00	709.00	868.00	1040.00	1190.00	1290.00	1420.00	1500.00	1580.00	1730.00	2190.00	2310.00	2580.00	3410.00	4330.00	7730.00	7770.00	
02236125	0414	19940414	20150414	19	2428.53	2136.93	22.00	7890.00		22.00	196.00	714.00	1120.00	1200.00	1220.00	1330.00	1620.00	1700.00	1880.00	1980.00	2260.00	2450.00	2550.00	3000.00	3140.00	4260.00	7610.00	7890.00	
02236125	0415	19940415	20140415	17	2334.12	2275.07	85.00	7690.00			183.40	265.40	338.60	383.50	757.60	1354.00	1502.00	1608.00	1770.00	1869.00	2112.00	2681.00	3074.00	3200.00	3406.00	4825.00	7498.00		
02236125	0416	19940416	20120416	11	3292.36	2255.33	993.00	7870.00			993.00	993.00	1387.80	1980.00	2040.00	2088.00	2112.00	2304.00	2580.00	2640.00	2866.00	3424.00	3970.00	4510.00	5884.00	7014.00	7656.00		
02236125	0417	19940417	20120417	15	2567.93	2447.28	140.00	7830.00			188.60	253.80	329.40	435.00	1063.00	1430.00	1734.00	1986.00	2010.00	2042.00	2128.00	2344.00	2742.00	3350.00	4846.00	6540.00	7584.00		
02236125	0418	19940418	20150418	17	2653.59	2226.02	454.00	7960.00			768.40	968.10	1020.00	1060.00	1212.00	1527.00	1888.00	1973.00	2090.00	2090.00	2138.00	2297.00	2492.00	2860.00	4212.00	6255.00	7408.00		
02236125	0419	19940419	20150419	18	2546.67	2056.18	460.00	7800.00			573.40	822.30	1004.80	1340.00	1482.00	1526.00	1714.00	1835.50	1940.00	2040.00	2052.00	2133.00	2523.00	3340.00	4004.00	4875.00	7080.00		
02236125	0420	19940420	20150420	19	2321.79	2074.97	127.00	7270.00		127.00	251.00	280.00	478.00	978.00	1280.00	1380.00	1630.00	1690.00	1690.00	1780.00	1880.00	2000.00	2220.00	3530.00	4270.00	4520.00	6860.00	7270.00	
02236125	0421	19940421	20150421	18	2451.11	1935.60	351.00	6430.00			585.00	646.70	766.60	866.25	1086.00	1417.00	1604.00	1728.00	1905.00	2073.00	2154.00	2191.50	2745.00	4037.50	4544.00	5140.50	6394.00		
02236125	0422	19940422	20150422	16	2499.31	1884.18	160.00	6460.00			446.30	632.25	724.80	937.00	1393.00	1418.50	1700.00	1822.00	1860.00	1912.00	2114.00	2686.00	3978.00	4497.50	4722.00	4835.00	5361.00		
02236125	0423	19950423	20150423	17	2439.71	1828.08	215.00	6360.00			251.00	701.00	1094.00	1345.00	1464.00	1479.00	1506.00	1537.00	1600.00	1816.00	1984.00	2391.00	3558.00	4390.00	4618.00	4819.00	5312.00		
02236125	0424	19950424	20150424	17	2516.06	1645.25	844.00	5890.00			920.00	1002.70	1048.00	1195.00	1418.00	1592.00	1722.00	1858.00	1930.00	1993.00	2048.00	2354.00	3266.00	3860.00	4434.00	5196.00	5346.00		
02236125	0425	19950425	20150425	19	2168.68	1642.84	388.00	5400.00		388.00	447.00	631.00	859.00	1140.00	1210.00	1220.00	1320.00	1460.00	1810.00	1840.00	1860.00	2060.00	2330.00	2390.00	4550.00	5050.00	5240.00	5400.00	
02236125	0426	19940426	20150426	19	2452.63	1804.86	142.00	5870.00		142.00	370.00	761.00	797.00	1110.00	1370.00	1380.00	1480.00	1550.00	2180.00	2230.00	2380.00	2400.00	2750.00	4650.00	4670.00	5010.00	5500.00	5870.00	
02236125	0427	19940427	20150427	18	2436.39	1740.32	252.00	5910.00			301.50	612.15	933.20	1067.50	1104.00	1311.50	1450.00	1712.00	2215.00	2538.00	2660.00	2859.00	3127.00	3660.00	4200.00	4992.00	5451.00		
02236125	0428	19940428	20150428	19	2164.95	1745.13	118.00	5490.00		118.00	345.00	383.00	515.00	530.00	798.00	865.00	1140.00	1310.00	1990.00	2400.00	2560.00	2630.00	2730.00	3130.00	4020.00	4880.00	5300.00	5490.00	
02236125	0429	19940429	20140429	16	2271.25	1655.10	420.00	5000.00			420.70	507.90	636.60	786.50	1016.30	1350.35	1626.00	1742.00	1795.00	1893.50	2058.00	2250.00	3610.00	3875.00	4444.00	4840.50	4923.00		
02236125	0430	19940430	20140430	17	2042.35	1612.35	38.00	5000.00			209.20	360.50	642.80	848.00	908.40	969.90	1136.00	1419.00	1590.00	1968.00	2106.00	2165.00	2846.00	3330.00	3850.00	4636.00	4832.00		
02236125	0501	19940501	20140501	18	1942.28	1459.38	163.00	4600.00			403.30	668.00	746.80	783.00	965.60	1118.00	1166.00	1291.00	1445.00	1563.00	1708.00	1964.00	2502.00	3182.50	3654.00	4451.00	4573.00		
02236125	0502	19940502	20150502	18	2012.72	1408.88	491.00	5000.00			564.80	663.95	836.80	885.75	1169.70	1296.50	1348.00	1457.00	1535.00	1613.00	1822.00	2027.00	2280.00	2912.50	3396.00	4466.00	4550.00		
02236125	0503	19940503	20150503	18	2110.44	1525.83	488.00	5190.00			610.40	868.80	969.60	1026.00	1103.00	1143.00	1168.00	1268.00	1465.00	1657.50	1840.00	2182.50	2564.00	3040.00	4302.00	4392.50	4893.00		
02236125	0504	19950504	20150504	16	2022.94	1641.36	167.00	5940.00			238.40	522.00	790.20	883.00	886.80	893.60	1098.80	1371.00	1625.00	1861.50	2084.00	2232.50	2445.00	2657.50	3548.00	4343.00	5030.00		
02236125	0505	19950505	20150505	18	1792.50	1644.12	43.00	5490.00			279.70	328.95	390.60	449.25	646.00	864.40	952.00	998.50	1105.00	1225.00	1540.00	2122.50	2561.00	2832.50	3264.00	4130.50	4932.00		
02236125	0506	19950506	20150506	13	2117.77	1536.72	89.00	4620.00			159.00	293.60	500.80	744.00	972.40	1127.80	1426.00	1778.00	2170.00	2317.00	2404.00	2494.00	2872.00	3440.00	4008.00	4386.00	4548.00		
02236125	0507	19940507	20150507	17	1982.47	1484.77	100.00	4900.00			116.80	221.10	407.40	532.00	725.80	1206.10	1768.00	1851.00	1950.00	1968.00	2106.00	2511.00	2682.00	2830.00	3342.00	4050.00	4500.00		
02236125	0508	19940508	20150508	18	2257.56	1409.14	43.00	4590.00			66.40	727.75	1024.80	1077.50	1108.00	1191.50	1542.00	1997.50	2450.00	2749.50	2918.00	3129.00	3244.00	3335.00	3492.00	3803.50	4410.00		
02236125	0509	19940509	20150509	16	2579.31	1271.49	559.00	5140.00			958.70	1289.50	1472.00	1582.50	1688.00	1756.00	1800.00	2343.00	2640.00	2699.00	2794.00	2840.50	3359.00	3480.00	3824.00	4193.00	4608.00		
02236125	0510	19940510	20150510	18	2239.56	1421.94	155.00	4710.00			458.30	600.80	744.00	1093.75	1221.00	1269.00	1326.00	1652.50	2190.00	2655.50	2886.00	3008.00	3223.00	3345.00	3558.00	3963.00	4512.00		
02236125	0511	19940511	20150511	19	2089.89	1342.24	106.00	4660.00		106.00	401.00	420.00	851.00	1050.00	1160.00	1380.00	1500.00	1530.00	1830.00	2440.00	2460.00	2600.00	2680.00	3200.00	3240.00	3980.00	4220.00	4660.00	
02236125	0512	19950512	20150512	16	2240.06	1180.34	570.00	4470.00			715.60	874.25	1063.80	1260.00	1378.00	1616.00	1702.00	1876.00	2080.00	2224.50	2406.00	2955.00	3040.00	3087.50	3484.00	3798.50	4050.00		
02236125	0513	19950513	20150513	17	1887.00	1327.76	174.00	3960.00			234.00	308.50	579.40	751.00	779.40	831.00	990.00	1462.00	1750.00	1912.00	2426.00	2795.00	2984.00	3175.00	3438.00	3630.00	3696.00		
02236125	0514	19950514	20150514	17	1970.82	1207.20	90.00	4260.00			215.60	457.70	740.60	964.50	1172.00	1412.00	1590.00	1651.00	1840.00	2173.00	2362.00	2631.00	2826.00	2960.00	3158.00	3374.00	3596.00		
02236125	0515	19950515	20150515	15	1959.13	1107.53	170.00	3970.00			414.20	606.20	762.00	1210.00	1346.00	1626.00	1794.00	1804.00	1820.00	2020.00	2088.00	2104.00	2272.00	2920.00	3096.00	3464.00	3796.00		
02236125	0516	19940516	20150516	17	1634.06	1164.77	113.00	4330.00			370.60	462.30	499.80	723.50	1030.00	1219.00	1316.00	1341.00	1350.00	1386.00	1542.00	1643.00	1868.00	2215.00	2650.00	3211.00	3866.00		
02236125	0517	19940517	20150517	17	1749.65	1190.96	60.00	4510.00			405.60	622.90	693.40	931.50	1176.00	1209.00	1234.00	1267.00	1420.00	1546.00	1696.00	1961.00	2084.00	2355.00	2890.00	3418.00	3838.00		
02236125	0518	19940518	20150518	19	1585.58	1144.93	49.00	3920.00		49.00	204.00	345.00	407.00	674.00	780.00	957.00	1030.00	1250.00	1450.00	1530.00	1840.00	1950.00	1970.00	2200.00	2840.00	3340.00	3390.00	3920.00	
02236125	0519	19950519	20150519	16	1739.94	962.11	52.00	3490.00			130.40	520.95	899.80	1087.50	1265.00	1307.50	1470.00	1614.00	1690.00	1815.00	2088.00	2400.00	2400.00	2430.00	2602.00	2782.00	3056.00		
02236125	0520	19950520	20150520	16	1825.25	771.08	682.00	3460.00			778.60	903.60	1035.20	1205.00	1447.00	1591.50	1632.00	1653.00	1690.00	1772.50	1900.00	2028.00	2164.00	2345.00	2628.00	2807.00	3026.00		
02236125	0521	19950521	20150521	16	1813.94	771.37	10.00	3050.00			593.10	929.35	1188.00	1482.50	1530.00	1615.00	1764.00	1800.00	1810.00	1862.00	1946.00	1986.50	2267.00	2465.00	2556.00	2670.00	2861.00		
02236125	0522	19960522	20150522	16	1844.44	702.58	771.00	3280.00			973.30	1137.00	1208.00	1255.00	1374.00	1493.00	1564.00	1599.50	1730.00	1867.50	1930.00	2057.50	2185.00	2282.50	2526.00	2796.00	3049.00		
02236125	0523	19960523	20150523	18	1710.56	851.03	113.00	2890.00			446.90	510.35	789.40	1017.00	1224.00	1348.50	1566.00	1712.00	1760.00	1884.50	2092.00	2265.00	2366.00	2465.00	2546.00	2702.00	2782.00		
02236125	0524	19950524	20150524	18	1651.67	948.52	87.00	3980.00			488.40	642.65	762.80	827.00	980.00	1241.50	1380.00	1411.00	1610.00	1827.00	1924.00	2034.00	2111.00	2270.00	2416.00	2554.50	2873.00		
02236125	0525	19940525	20150525	18	1580.28	1175.59	140.00	5170.00			166.10	319.45	477.20	615.00	1154.00	1370.00	1376.00	1418.50	1460.00	1528.50	1620.00	1695.50	1798.00	1955.00	2338.00	2530.50	3001.00		
02236125	0526	19940526	20150526	18	1624.28	1259.87	116.00	5900.00			252.80	664.95	847.00	956.00	1008.90	1143.50	1276.00	1358.50	1435.00	1489.00	1520.00	1560.50	1760.00	2185.00	2224.00	2363.50	2939.00		
02236125	0527	19940527	20150527	18	1807.72	1277.86	407.00	6290.00			652.70	758.20	1066.40	1222.50	1341.00	1380.00	1386.00	1417.50	1520.00	1654.00	1732.00	1781.50	1891.00	2032.50	2160.00	2488.50	3320.00		
02236125	0528	19940528	20150528	18	1811.39	1433.87	296.00	6820.00			387.80	827.25	903.80	919.00	1187.20	1430.00	1506.00	1510.00	1550.00	1635.00	1698.00	1741.50	1815.00	1907.50	2220.00	2819.00	3418.00		
02236125	0529	19940529	20150529	17	1784.65	1524.32	501.00	7160.00			515.40	586.90	806.20	991.50	1122.00	1233.00	1252.00	1311.00	1410.00	1608.00	1726.00	1785.00	1932.00	2055.00	2186.00	2459.00	3640.00		
02236125	0530	19940530	20150530	16	1894.44	1653.59	230.00	7430.00			349.70	730.45	1000.00	1005.00	1044.00	1248.00	1452.00	1519.50	1545.00	1570.50	1618.00	1746.00	2018.00	2327.50	2474.00	2766.50	4385.00		
02236125	0531	19940531	20150531	16	1902.31	1672.65	180.00	7580.00			444.60	617.95	749.00	979.00	1302.00	1319.00	1392.00	1468.50	1580.00	1698.50	1790.00	1892.00	2266.00	2355.00	2466.00	2534.50	4052.00		
02236125	0601	19940601	20150601	18	1944.17	1701.79	30.00	7660.00			633.00	703.40	874.40	967.25	1030.20	1167.00	1242.00	1283.00	1335.00	1427.50	1754.00	2158.50	2302.00	2540.00	2836.00	3234.00	3952.00		
02236125	0602	19940602	20150602	18	1894.50	1689.62	239.00	7810.00			293.90	637.45	839.40	983.75	1174.00	1318.00	1408.00	1445.50	1490.00	1557.00	1610.00	1682.00	1943.00	2460.00	2742.00	2860.50	3715.00		
02236125	0603	19940603	20150603	17	2234.00	1632.00	607.00	7560.00			801.40	927.70	1116.40	1285.00	1406.00	1508.00	1578.00	1691.00	1700.00	1736.00	1940.00	2165.00	2690.00	3065.00	3260.00	3446.00	4280.00		
02236125	0604	19940604	20150604	20	2126.15	1716.23	135.00	7850.00		158.75	615.70	703.45	918.20	993.25	1141.00	1197.00	1278.00	1528.50	1745.00	1890.00	2178.00	2511.50	2641.00	2687.50	2732.00	3709.00	4105.00	7664.00	
02236125	0605	19940605	20150605	18	2374.72	1813.80	635.00	8410.00			871.70	977.90	1014.40	1110.00	1217.00	1490.50	1656.00	1812.00	1935.00	2125.50	2392.00	2473.50	2615.00	2957.50	3144.00	3687.50	4810.00		
02236125	0606	19940606	20150606	20	1953.85	2003.88	210.00	8710.00		212.05	263.70	384.60	441.00	540.25	651.10	783.75	855.20	981.50	1400.00	1912.00	2164.00	2213.00	2402.00	2577.50	2762.00	3709.50	4374.00	8496.00	
02236125	0607	19940607	20150607	19	1973.47	1897.23	221.00	8460.00		221.00	246.00	328.00	697.00	800.00	837.00	877.00	1060.00	1150.00	1750.00	1930.00	1950.00	2190.00	2460.00	2550.00	2890.00	3070.00	4030.00	8460.00	
02236125	0608	19940608	20150608	18	2018.89	1646.46	43.00	6970.00			357.10	625.75	669.40	802.00	948.20	1101.20	1364.00	1588.00	1725.00	1893.50	2032.00	2169.00	2396.00	2682.50	3512.00	3584.00	4045.00		
02236125	0609	19940609	20150609	18	1907.94	1619.96	152.00	6460.00			232.10	263.95	388.80	419.75	590.10	979.55	1306.00	1547.50	1680.00	1893.50	2150.00	2257.00	2520.00	2842.50	3100.00	3632.00	3976.00		
02236125	0610	19940610	20150610	18	2043.61	1413.38	556.00	6010.00			699.10	726.90	783.40	797.75	974.40	1420.50	1620.00	1653.00	1745.00	1819.00	1914.00	2131.00	2342.00	2605.00	3236.00	3799.50	4120.00		
02236125	0611	19940611	20150611	17	2325.35	1364.80	655.00	5620.00			667.00	688.20	1094.40	1390.00	1496.00	1649.00	1758.00	1845.00	1980.00	2133.00	2374.00	2766.00	2922.00	3255.00	3692.00	3929.00	4396.00		
02236125	0612	19940612	20150612	19	2192.58	1346.94	667.00	5540.00		667.00	783.00	951.00	958.00	980.00	1470.00	1580.00	1700.00	1790.00	1890.00	1950.00	2150.00	2250.00	2500.00	2530.00	3100.00	4270.00	4600.00	5540.00	
02236125	0613	19940613	20150613	19	2359.68	1356.26	384.00	5650.00		384.00	420.00	900.00	1430.00	1500.00	1610.00	1690.00	1710.00	2100.00	2260.00	2390.00	2470.00	2490.00	2660.00	3150.00	3560.00	3920.00	4540.00	5650.00	
02236125	0614	19940614	20150614	19	2311.05	1559.89	106.00	6750.00		106.00	447.00	757.00	800.00	1390.00	1930.00	2000.00	2080.00	2100.00	2130.00	2130.00	2130.00	2150.00	2350.00	2390.00	3690.00	4240.00	4340.00	6750.00	
02236125	0615	19940615	20150615	18	2316.67	1552.74	88.00	6590.00			548.80	720.70	1044.40	1660.00	1861.00	1896.00	1940.00	1965.50	2005.00	2085.00	2152.00	2191.00	2239.00	2540.00	3528.00	4202.50	4862.00		
02236125	0616	19940616	20150616	18	2240.89	1332.75	370.00	5540.00			757.00	813.60	1299.20	1420.00	1616.00	1739.00	1784.00	1800.00	1850.00	1999.00	2232.00	2414.00	2548.00	2805.00	2972.00	3770.50	4919.00		
02236125	0617	19940617	20150617	17	2145.53	1171.17	398.00	5040.00			516.40	1136.80	1438.00	1520.00	1618.00	1717.00	1798.00	1879.00	1960.00	2005.00	2026.00	2219.00	2378.00	2495.00	2752.00	3445.00	4520.00		
02236125	0618	19940618	20150618	18	2055.78	1115.00	220.00	4800.00			547.60	963.10	1174.00	1337.50	1548.00	1639.50	1722.00	1797.50	1865.00	1982.00	2086.00	2180.00	2379.00	2680.00	3122.00	3279.00	3783.00		
02236125	0619	19940619	20150619	19	1923.74	963.48	770.00	4110.00		770.00	861.00	890.00	1120.00	1210.00	1330.00	1430.00	1460.00	1580.00	1810.00	1910.00	1930.00	1930.00	2170.00	2290.00	2760.00	3010.00	3980.00	4110.00	
02236125	0620	19940620	20150620	20	1941.85	946.19	103.00	3810.00		146.80	980.60	995.75	1040.00	1202.50	1255.00	1405.50	1562.00	1760.00	1885.00	1993.50	2148.00	2252.00	2504.00	2652.50	2798.00	3059.50	3460.00	3794.50	
02236125	0621	19940621	20150621	21	1963.52	1032.30	274.00	3760.00		302.10	607.40	865.30	1050.80	1190.00	1316.00	1408.00	1476.00	1517.00	1690.00	1993.00	2078.00	2454.00	2814.00	2910.00	2988.00	3203.00	3658.00	3759.00	
02236125	0622	19940622	20150622	21	1951.52	1133.70	237.00	4330.00		240.30	349.20	675.90	783.40	975.00	1310.00	1574.00	1618.00	1647.00	1650.00	1705.00	2184.00	2522.00	2796.00	3080.00	3178.00	3244.00	3290.00	4227.00	
02236125	0623	19940623	20150623	20	2221.30	1185.85	255.00	4500.00		267.00	518.90	756.20	925.60	1152.50	1343.00	1504.00	1840.00	2137.00	2350.00	2667.50	2834.00	2961.00	3066.00	3165.00	3350.00	3390.00	3525.00	4452.00	
02236125	0624	19940624	20150624	20	2538.70	1344.73	528.00	4740.00		529.75	563.50	606.55	868.00	1237.50	1902.00	2098.00	2258.00	2456.00	2640.00	2818.50	3000.00	3165.00	3333.00	3412.50	3796.00	4264.00	4555.00	4732.00	
02236125	0625	19940625	20150625	19	2755.84	1209.57	836.00	4740.00		836.00	855.00	1350.00	1500.00	1820.00	2050.00	2070.00	2160.00	2770.00	2780.00	2970.00	3080.00	3260.00	3490.00	3600.00	4150.00	4250.00	4630.00	4740.00	
02236125	0626	19940626	20150626	21	2568.05	1373.89	180.00	4950.00		200.70	442.00	784.40	1186.00	1490.00	1722.00	1853.00	2088.00	2446.00	3060.00	3083.00	3140.00	3296.00	3424.00	3510.00	3536.00	4009.00	4642.00	4930.00	
02236125	0627	19940627	20150627	20	2639.00	1292.98	316.00	5130.00		344.40	959.60	1641.50	1658.00	1710.00	1773.00	1839.50	1994.00	2069.00	2165.00	2519.50	3010.00	3417.50	3547.00	3700.00	3846.00	4278.00	4566.00	5103.00	
02236125	0628	19940628	20150628	20	2663.55	1586.07	10.00	5570.00		41.20	664.30	1010.95	1452.00	1545.00	1596.00	1725.50	1886.00	2027.00	2175.00	2444.00	3002.00	3615.00	3818.00	3867.50	4352.00	4589.00	5240.00	5557.00	
02236125	0629	19940629	20150629	21	2556.90	1791.14	108.00	5870.00		127.00	308.80	428.50	900.20	1400.00	1568.00	1696.00	1760.00	1815.00	1900.00	2293.00	2522.00	2982.00	3918.00	4090.00	4226.00	5019.00	5700.00	5862.00	
02236125	0630	19940630	20150630	20	2865.35	1765.92	484.00	6240.00		507.45	974.70	1216.50	1504.00	1615.00	1675.00	1710.00	1750.00	1855.00	1945.00	2134.00	3118.00	3963.00	4341.00	4440.00	4552.00	5013.50	5900.00	6227.50	
02236125	0701	19940701	20150701	19	2980.58	1752.41	801.00	6340.00		801.00	1210.00	1300.00	1420.00	1440.00	1440.00	1730.00	1820.00	2010.00	2190.00	2480.00	4030.00	4130.00	4380.00	4400.00	4730.00	5000.00	5780.00	6340.00	
02236125	0702	19940702	20150702	19	2828.95	1599.48	1080.00	5930.00		1080.00	1250.00	1310.00	1390.00	1460.00	1470.00	1530.00	1550.00	1660.00	1770.00	3110.00	3830.00	4030.00	4100.00	4140.00	4280.00	4630.00	5230.00	5930.00	
02236125	0703	19940703	20150703	18	2886.94	1684.55	874.00	5410.00			961.30	1114.65	1220.00	1337.50	1426.00	1502.00	1626.00	1871.50	2675.00	3375.00	3490.00	3737.50	4240.00	4732.50	4804.00	5106.50	5374.00		
02236125	0704	19940704	20150704	19	3001.26	1729.96	439.00	5420.00		439.00	485.00	1180.00	1270.00	1350.00	1470.00	1610.00	1860.00	2880.00	3060.00	3790.00	3890.00	4050.00	4260.00	4520.00	5040.00	5100.00	5350.00	5420.00	
02236125	0705	19940705	20150705	19	2921.26	1340.03	804.00	5370.00		804.00	1270.00	1310.00	1430.00	1500.00	1680.00	1880.00	2640.00	3080.00	3130.00	3440.00	3610.00	3700.00	3710.00	3730.00	4170.00	4230.00	4820.00	5370.00	
02236125	0706	19940706	20150706	19	2986.32	1280.68	1060.00	5410.00		1060.00	1190.00	1380.00	1390.00	1710.00	2030.00	2420.00	2420.00	3200.00	3320.00	3470.00	3480.00	3530.00	3700.00	3730.00	4290.00	4290.00	4720.00	5410.00	
02236125	0707	19940707	20150707	21	2703.33	1532.62	408.00	5170.00		413.30	506.20	779.10	1120.40	1370.00	1490.00	1614.00	2050.00	2177.00	3180.00	3325.00	3372.00	3398.00	3720.00	4215.00	4416.00	4563.00	4590.00	5112.00	
02236125	0708	19940708	20150708	19	3006.79	1288.06	635.00	4820.00		635.00	929.00	945.00	1460.00	2160.00	2510.00	2660.00	3110.00	3160.00	3180.00	3320.00	3360.00	3380.00	4100.00	4210.00	4290.00	4340.00	4560.00	4820.00	
02236125	0709	19940709	20150709	19	3075.95	1284.63	823.00	5680.00		823.00	1370.00	1540.00	1720.00	2260.00	2290.00	2300.00	2470.00	3090.00	3230.00	3260.00	3480.00	3660.00	3760.00	3880.00	4200.00	4420.00	5010.00	5680.00	
02236125	0710	19940710	20150710	20	3003.00	1125.27	1150.00	5430.00		1161.00	1391.00	1614.50	1852.00	2057.50	2287.00	2647.50	2830.00	2891.50	2940.00	3021.50	3344.00	3552.50	3591.00	3712.50	3966.00	4283.50	4528.00	5386.00	
02236125	0711	19940711	20150711	21	2769.19	1272.17	817.00	5890.00		825.90	1026.80	1537.00	1656.00	1845.00	1998.00	2037.00	2112.00	2427.00	2690.00	2964.00	3038.00	3190.00	3258.00	3605.00	3856.00	4280.00	4508.00	5753.00	
02236125	0712	19940712	20150712	21	2592.29	1411.98	547.00	6320.00		591.80	995.20	1060.20	1246.00	1480.00	1678.00	1851.00	2144.00	2344.00	2430.00	2741.00	2768.00	2924.00	3128.00	3175.00	3684.00	4049.00	4766.00	6182.00	
02236125	0713	19940713	20150713	20	2837.90	1664.85	778.00	7670.00		788.10	1028.00	1478.00	1584.00	1667.50	1930.00	2150.50	2312.00	2343.50	2425.00	2501.00	2708.00	2963.50	3184.00	3550.00	3730.00	4073.00	5912.00	7592.00	
02236125	0714	19940714	20150714	20	2761.80	1504.70	658.00	6340.00		665.50	827.20	1016.50	1174.00	1527.50	1940.00	2265.50	2410.00	2545.00	2680.00	2831.50	3058.00	3183.00	3218.00	3275.00	3818.00	4213.50	5520.00	6306.00	
02236125	0715	19940715	20150715	21	2747.05	1697.52	625.00	7010.00		627.70	665.60	783.30	1146.60	1585.00	1790.00	2067.00	2232.00	2313.00	2500.00	2547.00	2732.00	3034.00	3444.00	3665.00	4030.00	4221.00	5852.00	6934.00	
02236125	0716	19940716	20150716	20	3070.10	1768.31	422.00	7680.00		463.90	1271.00	1424.00	1764.00	1912.50	1968.00	2038.00	2162.00	2468.00	2770.00	2863.00	3142.00	3492.00	3800.00	3935.00	4318.00	4648.00	6274.00	7618.50	
02236125	0717	19940717	20150717	20	3099.00	1782.26	315.00	8170.00		337.00	866.50	1876.00	1916.00	1972.50	2097.00	2170.50	2194.00	2497.00	2865.00	3013.00	3286.00	3403.00	3816.00	4155.00	4226.00	4281.00	5847.00	8062.50	
02236125	0718	19940718	20150718	20	3119.20	1686.48	644.00	7840.00		664.30	1063.00	1250.50	1774.00	2277.50	2321.00	2412.00	2522.00	2696.00	2945.00	3139.00	3226.00	3295.00	3610.00	3797.50	3900.00	4855.00	5776.00	7741.00	
02236125	0719	19940719	20150719	20	3194.60	1406.16	967.00	6270.00		968.40	1075.50	1825.50	2048.00	2377.50	2442.00	2564.50	2748.00	2796.00	3020.00	3304.50	3528.00	3652.50	3705.00	3735.00	3876.00	5015.00	5768.00	6248.00	
02236125	0720	19940720	20150720	22	3137.91	1534.85	294.00	7030.00		411.90	1158.00	1587.50	2004.00	2132.50	2177.00	2800.00	2806.00	2847.50	2910.00	3096.00	3364.00	3609.50	3686.00	3867.50	4020.00	4740.00	5567.00	6829.00	
02236125	0721	19940721	20150721	22	3214.09	1350.26	1480.00	6620.00		1546.00	1926.00	1994.00	2144.00	2222.50	2338.00	2421.50	2496.00	2694.00	2795.00	3032.50	3360.00	3486.50	3795.00	3897.50	4130.00	4297.00	5830.00	6596.00	
02236125	0722	19940722	20150722	22	3181.36	1625.06	1280.00	7970.00		1292.00	1507.00	1863.50	1952.00	2052.50	2205.00	2543.00	2608.00	2734.50	2955.00	3013.00	3220.00	3403.00	3501.00	3635.00	3760.00	4054.00	6237.00	7836.50	
02236125	0723	19940723	20150723	22	3091.18	1498.48	316.00	6680.00		430.60	1353.00	1990.00	2056.00	2137.50	2186.00	2356.00	2672.00	2772.50	2970.00	3096.00	3246.00	3403.50	3515.00	3665.00	3992.00	4180.50	5965.00	6678.50	
02236125	0724	19940724	20150724	22	3159.09	1419.16	750.00	6700.00		816.00	1226.00	1634.00	2120.00	2187.50	2289.00	2494.50	2778.00	2964.00	3305.00	3431.50	3494.00	3576.00	3600.00	3632.50	3874.00	4414.50	5555.00	6584.50	
02236125	0725	19940725	20150725	22	3091.36	1436.79	232.00	6750.00		345.40	1123.60	1678.50	2090.00	2185.00	2424.00	2495.00	2814.00	3009.50	3135.00	3150.00	3350.00	3438.00	3625.00	3672.50	3812.00	4598.50	5227.00	6531.00	
02236125	0726	19940726	20140726	21	3375.10	1523.05	677.00	6890.00		755.30	1574.00	2048.00	2114.00	2230.00	2340.00	2703.00	2978.00	3127.00	3340.00	3346.00	3438.00	3638.00	3794.00	3910.00	4650.00	5383.00	5948.00	6807.00	
02236125	0727	19940727	20140727	21	3372.57	1626.91	734.00	7430.00		798.60	1490.00	1966.00	2086.00	2320.00	2578.00	2882.00	2998.00	3045.00	3070.00	3094.00	3180.00	3485.00	3734.00	4035.00	4348.00	4969.00	6590.00	7380.00	
02236125	0728	19940728	20150728	22	3194.50	1875.15	368.00	7400.00		378.95	632.70	1111.50	1528.00	1997.50	2412.00	2570.00	2768.00	2803.50	2890.00	3035.00	3214.00	3259.50	3454.00	4332.50	4996.00	5440.00	6462.00	7325.00	
02236125	0729	19940729	20150729	22	3429.09	2125.42	49.00	7480.00		112.30	644.70	1270.50	1546.00	2082.50	2350.00	2547.50	2730.00	2914.50	2965.00	3191.00	3702.00	3800.00	3875.00	4497.50	5234.00	6736.50	7389.00	7478.50	
02236125	0730	19940730	20150730	22	3335.55	1884.72	672.00	7440.00		743.70	1207.00	1448.00	1670.00	1940.00	2019.00	2158.50	2522.00	2650.50	2820.00	3152.00	3744.00	3926.00	4065.00	4320.00	5146.00	5572.00	6772.00	7410.00	
02236125	0731	19940731	20150731	22	3244.68	1910.31	684.00	7920.00		728.25	1081.30	1495.50	1746.00	1815.00	1875.00	2190.50	2436.00	2623.50	2715.00	2969.00	3428.00	3700.50	4038.00	4187.50	4620.00	5250.00	6822.00	7839.00	
02236125	0801	19940801	20150801	22	2932.68	1767.11	89.00	7400.00		266.15	1315.00	1451.50	1502.00	1592.50	1845.00	1920.00	2112.00	2141.00	2290.00	2497.50	2894.00	3673.50	3895.00	3952.50	4306.00	5022.00	5815.00	7200.50	
02236125	0802	19940802	20150802	21	2925.14	1782.86	101.00	6830.00		183.60	961.60	1172.00	1448.00	1660.00	1776.00	1897.00	1954.00	2068.00	2100.00	2485.00	3706.00	3805.00	4052.00	4180.00	4656.00	4995.00	5666.00	6730.00	
02236125	0803	19940803	20150803	21	2897.05	1592.09	347.00	6060.00		404.40	1012.80	1425.00	1550.00	1730.00	1898.00	1938.00	2006.00	2272.00	2390.00	2560.00	3400.00	3610.00	3880.00	4070.00	4350.00	4680.00	5762.00	6055.00	
02236125	0804	19940804	20150804	20	2850.65	1508.84	523.00	6060.00		555.35	1183.00	1315.00	1406.00	1510.00	1882.00	2193.50	2280.00	2449.50	2560.00	2720.00	2846.00	3286.00	3818.00	4040.00	4142.00	4253.50	5674.00	6048.50	
02236125	0805	19940805	20150805	21	3126.10	1514.95	258.00	6520.00		368.20	1410.00	1610.00	1662.00	1775.00	1948.00	2642.00	2916.00	3010.00	3050.00	3372.00	3498.00	3579.00	3676.00	3980.00	4332.00	4468.00	5632.00	6460.00	
02236125	0806	19940806	20150806	22	3098.09	1618.52	665.00	6280.00		706.70	1053.10	1319.00	1396.00	1567.50	1790.00	1965.50	2730.00	3132.00	3210.00	3229.50	3288.00	3452.00	3879.00	4500.00	4798.00	4840.00	5659.00	6239.50	
02236125	0807	19940807	20150807	20	2995.60	1622.90	853.00	6120.00		858.80	986.10	1149.00	1282.00	1615.00	1669.00	1928.00	2432.00	2778.50	2895.00	3083.00	3278.00	3486.00	3598.00	4247.50	4572.00	5110.00	5839.00	6109.50	
02236125	0808	19940808	20150808	21	2960.14	1671.58	423.00	6280.00		449.20	709.00	887.50	1088.00	1275.00	1684.00	2246.00	2804.00	2927.00	2950.00	3412.00	3432.00	3458.00	3636.00	4040.00	4678.00	5068.00	5310.00	6188.00	
02236125	0809	19940809	20150809	22	2870.82	1571.25	214.00	6310.00		260.35	612.40	973.55	1316.00	1660.00	2100.00	2414.50	2512.00	2602.00	2765.00	3045.00	3166.00	3312.50	3554.00	3922.50	4282.00	4738.00	5152.00	6152.50	
02236125	0810	19940810	20150810	22	3189.95	1653.09	409.00	6420.00		439.60	671.20	1001.85	1684.00	2182.50	2268.00	2382.50	2820.00	2989.50	3265.00	3469.00	3584.00	3685.00	4051.00	4252.50	4498.00	5211.50	5778.00	6339.00	
02236125	0811	19940811	20150811	21	3362.62	1784.54	481.00	6810.00		488.30	653.20	1203.00	1696.00	2065.00	2242.00	2348.00	2654.00	3269.00	3410.00	3605.00	3902.00	4277.00	4488.00	4555.00	4886.00	5161.00	6216.00	6776.00	
02236125	0812	19940812	20150812	21	3495.05	1950.25	26.00	7160.00		123.40	1012.00	1150.00	1428.00	1870.00	2258.00	2500.00	2862.00	3335.00	3410.00	3786.00	4182.00	4515.00	4756.00	5020.00	5152.00	5214.00	6676.00	7148.00	
02236125	0813	19940813	20150813	21	3482.33	2126.48	299.00	7820.00		307.80	456.20	828.10	1286.00	1780.00	2190.00	2552.00	2694.00	2989.00	3080.00	4144.00	4326.00	4556.00	4722.00	4960.00	5114.00	5385.00	6980.00	7774.00	
02236125	0814	19940814	20150814	20	3999.50	2177.90	1030.00	8290.00		1045.50	1342.00	1388.50	1620.00	2022.50	2414.00	2568.00	2986.00	3484.00	4105.00	4577.50	4654.00	4768.00	5083.00	5545.00	5676.00	7099.50	7368.00	8244.00	
02236125	0815	19940815	20150815	20	4057.50	2296.97	1120.00	9430.00		1120.00	1137.00	1347.00	1774.00	2275.00	2536.00	2560.50	2768.00	3522.50	4130.00	4248.00	4488.00	4827.50	5132.00	5397.50	6548.00	6828.50	7136.00	9317.00	
02236125	0816	19940816	20150816	22	3695.50	2496.35	119.00	9740.00		168.65	585.60	977.60	1328.00	1627.50	2246.00	2501.50	2544.00	2775.00	3385.00	3878.00	4110.00	4330.00	4911.00	5260.00	6074.00	6996.50	7101.00	9350.00	
02236125	0817	19940817	20150817	22	3785.50	2460.53	871.00	10700.00		894.85	1078.00	1217.00	1286.00	1475.00	2484.00	2805.00	2908.00	3013.50	3195.00	3513.00	3788.00	4219.00	5071.00	5222.50	5752.00	6706.00	7086.00	10161.50	
02236125	0818	19940818	20150818	22	3875.77	2540.15	55.00	11100.00		162.55	951.40	1446.50	1600.00	1902.50	2170.00	2659.50	3038.00	3154.00	3455.00	3762.50	4050.00	4451.50	5182.00	5490.00	6044.00	6660.50	6904.00	10471.50	
02236125	0819	19940819	20150819	22	3868.09	2508.72	168.00	11000.00		334.80	1295.00	1559.50	1888.00	2062.50	2290.00	2340.00	2554.00	2807.50	3150.00	3577.00	4092.00	4284.00	5242.00	5917.50	6192.00	6562.50	6833.00	10388.00	
02236125	0820	19940820	20150820	21	3931.86	2511.15	317.00	10900.00		363.50	853.60	1257.00	1854.00	2365.00	2396.00	2484.00	2552.00	2974.00	3380.00	4141.00	4396.00	5029.00	5142.00	5710.00	6278.00	6391.00	6608.00	10476.00	
02236125	0821	19940821	20150821	20	4088.60	2517.54	72.00	10900.00		125.90	1180.00	1463.50	1590.00	1877.50	2344.00	2858.50	3010.00	3638.50	4420.00	4635.00	4878.00	5010.00	5143.00	5815.00	6180.00	6339.00	6495.00	10680.50	
02236125	0822	19940822	20150822	21	4176.71	2550.18	244.00	10700.00		288.30	913.60	1838.00	1884.00	2150.00	2602.00	2730.00	3074.00	4069.00	4180.00	4239.00	4324.00	4532.00	5380.00	5985.00	6236.00	6414.00	8044.00	10475.00	
02236125	0823	19940823	20150823	21	4082.86	2566.90	760.00	10700.00		821.00	1450.00	1833.00	2060.00	2225.00	2282.00	2360.00	2430.00	2548.00	4070.00	4155.00	4478.00	4582.00	4946.00	5655.00	6166.00	6363.00	8604.00	10545.00	
02236125	0824	19940824	20150824	22	3967.41	2732.10	93.00	10700.00		275.55	1316.00	1402.00	1502.00	1652.50	1709.00	1943.50	2324.00	3299.50	4200.00	4314.00	4682.00	4760.00	4899.00	5705.00	5780.00	6106.50	8750.00	10565.00	
02236125	0825	19940825	20150825	21	3754.10	2859.91	515.00	10500.00		558.70	953.40	986.30	1154.00	1320.00	1402.00	1723.00	2352.00	2705.00	3090.00	4216.00	4592.00	4839.00	4934.00	5065.00	5328.00	5917.00	9626.00	10500.00	
02236125	0826	19940826	20150826	20	3779.20	2874.05	544.00	11200.00		571.80	1100.00	1196.00	1760.00	1845.00	1878.00	1944.50	2134.00	2467.00	2925.00	3597.50	3992.00	4346.00	4885.00	5072.50	5296.00	5613.50	10016.00	11165.00	
02236125	0827	19940827	20150827	21	4032.67	2979.71	946.00	12400.00		967.40	1204.00	1428.00	1636.00	1875.00	2024.00	2256.00	2524.00	3020.00	3170.00	3507.00	3980.00	4621.00	5058.00	5505.00	5718.00	6097.00	9724.00	12220.00	
02236125	0828	19940828	20150828	21	4208.33	3007.89	124.00	12600.00		197.60	878.20	1103.70	1632.00	1950.00	2484.00	2849.00	3382.00	3798.00	4170.00	4297.00	4454.00	4860.00	5018.00	5185.00	5604.00	6000.00	9692.00	12400.00	
02236125	0829	19940829	20150829	20	4614.55	3109.88	58.00	13000.00		97.25	896.70	1465.50	1960.00	2132.50	2755.00	3409.50	3734.00	4202.00	4750.00	4880.00	4988.00	5287.50	5669.00	5840.00	6172.00	6292.50	10260.00	12885.00	
02236125	0830	19940830	20150830	20	4818.00	3226.26	300.00	13700.00		341.00	1138.00	1307.50	1578.00	2512.50	2781.00	3253.50	3492.00	4227.00	4960.00	5297.00	5720.00	6103.00	6194.00	6215.00	6324.00	6545.50	10018.00	13535.00	
02236125	0831	19940831	20150831	20	4825.00	3308.17	113.00	14400.00		137.20	671.30	1364.00	1720.00	2687.50	2953.00	3005.50	3658.00	4604.50	4905.00	5304.50	5486.00	5821.50	6028.00	6295.00	6628.00	6775.00	9463.00	14168.00	
02236125	0901	19940901	20150901	18	5266.67	3073.44	1150.00	14300.00			1852.00	2270.00	2394.00	2935.00	3243.00	3937.00	4442.00	4665.50	4960.00	5511.00	5940.00	6024.00	6282.00	6537.50	6714.00	7499.50	9656.00		
02236125	0902	19940902	20150902	20	4696.80	3189.35	258.00	14500.00		293.00	977.20	1325.50	2334.00	2420.00	2828.00	3622.50	3728.00	3812.00	4140.00	4424.00	5102.00	5731.50	6001.00	6295.00	6426.00	7162.50	8415.00	14202.00	
02236125	0903	19940903	20150903	20	4673.35	3050.89	667.00	14600.00		691.15	1195.00	1603.00	1800.00	2555.00	2999.00	3849.50	4000.00	4091.50	4215.00	4503.50	4904.00	5632.00	6136.00	6257.50	6310.00	6498.50	7313.00	14240.00	
02236125	0904	19940904	20150904	20	4388.50	2932.29	1100.00	14700.00		1107.50	1264.00	1540.00	2416.00	2560.00	2860.00	3287.00	3384.00	3676.50	3960.00	4271.00	4598.00	4748.50	5081.00	5727.50	6100.00	6158.50	6358.00	14284.00	
02236125	0905	19940905	20150905	21	4205.76	3018.10	173.00	13900.00		181.50	444.40	1385.00	1956.00	2250.00	2694.00	3001.00	3192.00	3446.00	3650.00	4282.00	4348.00	4567.00	5126.00	5905.00	6102.00	6364.00	7654.00	13306.00	
02236125	0906	19940906	20150906	22	4217.86	3410.26	240.00	15000.00		339.45	1013.10	1283.50	1330.00	1927.50	2219.00	2404.00	2648.00	3341.00	3485.00	3648.50	3944.00	4513.50	5057.00	5515.00	6046.00	7853.00	9224.00	14139.00	
02236125	0907	19940907	20150907	20	4660.75	3526.96	578.00	15500.00		587.45	871.30	1853.50	2102.00	2255.00	2831.00	3209.00	3352.00	3565.00	3850.00	4162.50	4332.00	4340.00	4725.00	5670.00	7090.00	9029.00	9527.00	15202.50	
02236125	0908	19940908	20150908	20	4686.80	3616.29	384.00	16000.00		389.90	588.80	1464.50	2014.00	2245.00	3070.00	3780.50	3876.00	3994.50	4025.00	4050.00	4068.00	4457.00	4870.00	5560.00	6256.00	8845.00	9802.00	15693.00	
02236125	0909	19940909	20150909	21	4589.52	3633.15	719.00	16200.00		738.00	921.60	1091.40	1446.00	1630.00	2186.00	3231.00	3756.00	4116.00	4380.00	4404.00	4480.00	4685.00	4974.00	5250.00	6276.00	8430.00	9628.00	15557.00	
02236125	0910	19940910	20150910	21	4865.43	3630.81	636.00	16400.00		655.20	894.40	1163.00	1402.00	2505.00	3494.00	3762.00	3938.00	4285.00	4500.00	4552.00	4696.00	4873.00	5098.00	5405.00	6972.00	8975.00	9522.00	15715.00	
02236125	0911	19940911	20150911	21	4741.14	3601.60	403.00	16300.00		423.80	702.80	1214.00	1586.00	2210.00	2948.00	3333.00	3610.00	4190.00	4480.00	4676.00	5004.00	5053.00	5270.00	5495.00	6692.00	8047.00	9474.00	15647.00	
02236125	0912	19940912	20150912	21	4645.57	3593.80	321.00	16100.00		362.50	798.80	1110.00	1526.00	2095.00	2334.00	2866.00	3406.00	4138.00	4560.00	4616.00	4770.00	5020.00	5554.00	5705.00	6774.00	8032.00	9162.00	15428.00	
02236125	0913	19940913	20150913	21	4591.71	3502.15	686.00	15800.00		719.40	1118.00	1534.00	1590.00	1890.00	2268.00	2705.00	3414.00	3757.00	4230.00	4346.00	5128.00	5172.00	5276.00	5450.00	5936.00	7998.00	9488.00	15187.00	
02236125	0914	19940914	20150914	21	4654.57	3589.00	657.00	15500.00		666.20	913.20	1621.00	1756.00	1925.00	2118.00	2374.00	2662.00	3250.00	4150.00	4980.00	5124.00	5391.00	5534.00	5820.00	6928.00	8382.00	9832.00	14960.00	
02236125	0915	19940915	20150915	20	4933.00	3369.22	1010.00	15000.00		1046.50	1756.00	1921.00	2054.00	2217.50	2645.00	2907.50	3152.00	3947.00	4535.00	4738.00	5164.00	5346.50	5826.00	6232.50	7428.00	8849.00	9248.00	14713.50	
02236125	0916	19940916	20150916	21	4940.48	3249.45	1600.00	14600.00		1607.00	1702.00	1995.00	2416.00	2655.00	2882.00	3022.00	3158.00	3396.00	4260.00	4522.00	4708.00	5038.00	5604.00	6650.00	7936.00	8991.00	9198.00	14061.00	
02236125	0917	19940917	20150917	21	4799.52	3331.85	50.00	14400.00		193.00	1484.00	1536.00	2012.00	2665.00	2808.00	3294.00	3576.00	3654.00	3940.00	4131.00	4954.00	5123.00	5872.00	6725.00	7044.00	8599.00	9570.00	13925.00	
02236125	0918	19940918	20150918	20	5265.50	3190.07	1680.00	13800.00		1697.50	2040.00	2184.00	2536.00	2747.50	2863.00	3297.00	4028.00	4148.00	4370.00	4592.00	4826.00	6172.50	6890.00	7010.00	7704.00	9281.00	10043.00	13615.00	
02236125	0919	19940919	20150919	20	5451.65	3538.49	813.00	12900.00		874.35	2052.00	2178.00	2326.00	2557.50	2838.00	3244.00	3724.00	4232.50	4415.00	4966.00	5314.00	5863.00	6808.00	7832.50	8888.00	10203.50	12380.00	12885.00	
02236125	0920	19940920	20150920	20	5351.95	3109.02	949.00	11500.00		998.55	1987.00	2507.50	3068.00	3140.00	3338.00	3530.50	3626.00	3821.00	3955.00	4424.50	5278.00	6351.00	6778.00	8365.00	8914.00	9124.00	10996.00	11485.00	
02236125	0921	19940921	20150921	21	4979.43	3041.49	108.00	11100.00		270.20	1744.00	2142.00	2996.00	3115.00	3282.00	3552.00	3686.00	3772.00	3900.00	3992.00	4212.00	4963.00	6218.00	7425.00	8284.00	9244.00	10624.00	11080.00	
02236125	0922	19940922	20150922	21	5025.62	3014.69	748.00	11100.00		872.20	2038.00	2311.00	2600.00	2770.00	3048.00	3276.00	3380.00	3742.00	4080.00	4404.00	4898.00	5098.00	5886.00	7415.00	8566.00	9578.00	10390.00	11040.00	
02236125	0923	19940923	20150923	21	5037.14	2761.41	1210.00	10800.00		1280.00	1980.00	2353.00	2654.00	2855.00	3086.00	3281.00	3576.00	4243.00	4400.00	4926.00	5190.00	5517.00	6008.00	6705.00	7816.00	9066.00	9976.00	10730.00	
02236125	0924	19940924	20150924	21	5008.57	2610.30	1060.00	10100.00		1138.00	2004.00	2744.00	2964.00	3065.00	3256.00	3445.00	3586.00	4123.00	4280.00	4657.00	4920.00	5522.00	5968.00	6965.00	7932.00	8799.00	9654.00	10068.00	
02236125	0925	19940925	20150925	22	5053.64	2749.71	1560.00	10100.00		1660.50	2296.00	2535.50	2748.00	3037.50	3227.00	3409.00	3662.00	3997.00	4015.00	4039.50	4442.00	5281.00	6240.00	7057.50	8462.00	9666.50	9985.00	10085.00	
02236125	0926	19940926	20150926	22	5367.73	3003.09	1780.00	12900.00		1856.50	2479.00	2951.50	3014.00	3225.00	3290.00	3652.50	3724.00	3886.50	4105.00	4317.00	4980.00	5852.00	6307.00	7660.00	8062.00	9311.00	10545.00	12585.00	
02236125	0927	19940927	20150927	22	5290.00	3137.45	1580.00	12100.00		1593.50	1763.00	2025.00	2350.00	2695.00	3200.00	3538.50	3942.00	4150.00	4425.00	4908.00	5060.00	6124.50	6447.00	7680.00	7964.00	9330.50	11150.00	12025.00	
02236125	0928	19940928	20150928	22	5288.32	3314.10	613.00	12600.00		719.05	1488.00	2055.50	2552.00	2762.50	2878.00	3159.00	3810.00	4322.00	4560.00	4791.50	5740.00	6121.00	6337.00	7760.00	8082.00	9262.50	11361.00	12510.00	
02236125	0929	19940929	20150929	21	5588.90	3368.26	827.00	13700.00		932.30	1982.00	2453.00	2616.00	2925.00	3246.00	3319.00	4028.00	4470.00	5080.00	5382.00	5896.00	6584.00	7176.00	7900.00	8282.00	8625.00	11672.00	13570.00	
02236125	0930	19940930	20150930	20	5797.00	3304.10	1480.00	14300.00		1528.00	2442.00	2536.50	2986.00	3140.00	3503.00	3888.00	4300.00	4756.00	5335.00	5892.00	6462.00	6754.00	7055.00	7347.50	7450.00	8276.00	12272.00	14220.00	
02236125	1001	19941001	20151001	20	5658.80	3363.13	406.00	14500.00		445.70	1335.00	2641.50	3246.00	3667.50	3936.00	4223.00	4640.00	4835.00	5110.00	5484.00	6006.00	6275.00	6611.00	7047.50	7654.00	7916.00	12044.00	14400.00	
02236125	1002	19941002	20151002	19	5871.58	3330.81	1680.00	14600.00		1680.00	1830.00	2970.00	3440.00	3490.00	4020.00	4270.00	4550.00	4890.00	5060.00	5200.00	5230.00	6340.00	7300.00	7460.00	7980.00	9050.00	12200.00	14600.00	
02236125	1003	19941003	20151003	20	5648.15	3598.35	913.00	14500.00		937.85	1480.00	2152.00	2460.00	2842.50	3339.00	3899.00	4184.00	4464.50	4725.00	4941.50	5510.00	6414.00	7415.00	8090.00	8716.00	9511.50	11853.00	14380.00	
02236125	1004	19941004	20151004	20	5645.50	3478.24	1220.00	14400.00		1253.00	1904.00	2144.00	2348.00	2740.00	3280.00	3910.00	4360.00	4630.00	5020.00	5377.00	5620.00	6128.50	7105.00	7855.00	8048.00	9488.00	11774.00	14280.00	
02236125	1005	19941005	20151005	20	5643.50	3344.88	1680.00	14200.00		1701.00	2118.00	2358.00	2812.00	2877.50	3233.00	4048.50	4354.00	4591.00	4930.00	5230.50	5448.00	5787.50	6939.00	7425.00	8048.00	9551.50	11689.00	14085.00	
02236125	1006	19941006	20151006	20	5715.50	3313.71	1750.00	14200.00		1752.50	1929.00	3102.00	3208.00	3405.00	3657.00	3986.00	4206.00	4497.00	4695.00	4755.50	4886.00	5730.50	7050.00	7935.00	8420.00	9775.00	11530.00	14075.00	
02236125	1007	19941007	20151007	20	5651.75	3318.36	795.00	14000.00		829.75	1653.00	3147.00	3304.00	3335.00	3482.00	3748.00	4072.00	4705.00	5110.00	5300.50	5434.00	5607.00	6741.00	7710.00	8456.00	9552.00	11322.00	13875.00	
02236125	1008	19941008	20151008	21	5314.14	3384.19	797.00	13700.00		823.30	1086.00	1229.00	2000.00	3185.00	3428.00	3802.00	4028.00	4086.00	4530.00	5254.00	5736.00	6260.00	6824.00	7520.00	8060.00	8877.00	10722.00	13440.00	
02236125	1009	19941009	20151009	21	5320.38	3374.95	328.00	13500.00		401.20	1092.00	1220.00	1844.00	2905.00	3054.00	3623.00	4324.00	4674.00	4770.00	5464.00	6240.00	6530.00	7104.00	7565.00	8080.00	8676.00	10256.00	13210.00	
02236125	1010	19941010	20151010	20	5810.50	3114.10	1230.00	13600.00		1238.50	1494.00	2454.00	3130.00	3437.50	4093.00	4390.50	4852.00	5414.50	5550.00	5625.00	5694.00	6938.50	7600.00	7607.50	8242.00	8510.50	10663.00	13465.00	
02236125	1011	19941011	20151011	22	5527.27	3059.68	1210.00	13500.00		1267.00	1686.00	1941.50	2376.00	3202.50	3426.00	4405.50	4592.00	5032.00	5395.00	5732.00	6078.00	6273.00	6855.00	7202.50	7748.00	8612.50	10051.00	13065.00	
02236125	1012	19941012	20151012	22	5570.00	2903.27	2050.00	13700.00		2107.00	2475.00	2670.00	3032.00	3575.00	3790.00	3964.50	4254.00	4450.00	4810.00	5033.50	5828.00	6209.50	6559.00	6897.50	7912.00	8801.00	10090.00	13235.00	
02236125	1013	19941013	20151013	22	5552.27	2914.31	2070.00	13600.00		2088.00	2343.00	2893.50	3238.00	3445.00	3679.00	3812.00	4442.00	4572.00	4710.00	4848.00	5090.00	6156.50	6386.00	6990.00	8516.00	9200.50	9845.00	13075.00	
02236125	1014	19941014	20151014	22	5476.82	3053.93	1810.00	13800.00		1850.50	2176.00	2436.00	2582.00	2665.00	2868.00	3971.00	4464.00	5008.00	5335.00	5363.00	5394.00	5827.50	5995.00	7230.00	8604.00	9365.50	9531.00	13170.00	
02236125	1015	19941015	20151015	22	5459.41	3081.77	667.00	13700.00		808.45	1667.00	2299.50	2922.00	3042.50	3089.00	4342.50	4788.00	4881.00	4950.00	5129.50	5858.00	6105.50	6382.00	7372.50	8528.00	8874.00	9469.00	13095.50	
02236125	1016	19941016	20151016	22	5328.14	3377.98	599.00	14000.00		639.65	1020.00	1460.00	2182.00	2815.00	3016.00	3204.50	4092.00	4379.00	5120.00	5848.00	6224.00	6366.00	6576.00	7315.00	8574.00	9033.00	9788.00	13415.00	
02236125	1017	19941017	20151017	22	5449.77	3326.01	375.00	14100.00		500.25	1243.00	1878.00	2836.00	3192.50	3448.00	3551.00	4002.00	4262.50	5060.00	6169.50	6502.00	6615.50	6621.00	6635.00	7678.00	9385.00	10276.00	13575.00	
02236125	1018	19941018	20151018	22	5778.18	3210.40	310.00	14200.00		490.00	1741.00	2622.00	3214.00	3847.50	4047.00	4104.00	4270.00	4675.50	5340.00	6206.00	6552.00	6790.00	7181.00	7200.00	7986.00	9499.50	10293.00	13645.00	
02236125	1019	19941019	20151019	22	5716.09	3293.40	414.00	14000.00		503.40	1388.00	2625.50	3096.00	3345.00	3699.00	4072.00	4170.00	4413.50	4895.00	5610.50	6340.00	7212.00	7427.00	8480.00	8648.00	9285.00	9950.00	13415.00	
02236125	1020	19941020	20151020	22	5911.82	3080.08	1550.00	13900.00		1604.00	1970.00	2164.00	2884.00	3515.00	3859.00	4269.00	4910.00	5273.50	5480.00	5719.00	6708.00	7254.00	8040.00	8465.00	8942.00	8987.50	9073.00	13180.00	
02236125	1021	19941021	20141021	21	6208.10	3112.72	1920.00	13900.00		1930.00	2042.00	2328.00	2894.00	3505.00	4026.00	4763.00	5172.00	5596.00	5850.00	6382.00	7752.00	7796.00	8224.00	8775.00	8816.00	9072.00	9524.00	13471.00	
02236125	1022	19941022	20141022	21	6197.62	3174.30	1820.00	12900.00		1830.00	1922.00	2152.00	3006.00	3610.00	3800.00	4378.00	4768.00	5080.00	6450.00	6614.00	7114.00	7713.00	8412.00	8830.00	9146.00	9875.00	10420.00	12660.00	
02236125	1023	19941023	20141023	21	5705.38	3287.30	486.00	11700.00		503.10	855.60	1686.00	1926.00	2730.00	3516.00	4206.00	4664.00	5098.00	6190.00	6468.00	6630.00	7374.00	8290.00	8575.00	9028.00	9328.00	9856.00	11527.00	
02236125	1024	19941024	20141024	20	5595.50	3061.89	1480.00	11400.00		1484.00	1614.00	2197.50	2776.00	2932.50	3207.00	3669.00	4244.00	4778.00	5170.00	5485.00	5752.00	6438.00	8041.00	8620.00	8694.00	9704.50	10168.00	11340.00	
02236125	1025	19941025	20141025	20	5979.00	2880.28	2090.00	11500.00		2115.00	2591.00	2663.00	3070.00	3402.50	3944.00	4350.00	4548.00	5037.00	5560.00	5632.00	6358.00	7441.00	7945.00	8402.50	8586.00	9688.00	10798.00	11470.00	
02236125	1026	19941026	20141026	20	5820.00	3032.23	310.00	10700.00		423.00	2578.00	2704.00	3088.00	3462.50	3809.00	4218.50	4314.00	4390.50	4845.00	5585.50	6538.00	7620.50	8058.00	8827.50	9358.00	9481.00	10579.00	10700.00	
02236125	1027	19941027	20141027	20	5612.55	2826.72	661.00	10600.00		761.45	2677.00	2747.50	2876.00	3340.00	3745.00	3860.50	4048.00	4403.50	4765.00	5539.00	6706.00	7196.50	7557.00	8017.50	8656.00	9342.50	9836.00	10564.00	
02236125	1028	19941028	20141028	20	5566.00	2710.43	1360.00	10500.00		1410.00	2368.00	2474.50	2704.00	3035.00	3818.00	4290.50	4322.00	4515.50	4960.00	5905.00	6496.00	6844.50	7268.00	7422.50	8608.00	9342.00	9519.00	10451.50	
02236125	1029	19941029	20141029	20	5587.35	2836.79	767.00	10600.00		786.15	1308.00	2767.50	3016.00	3342.50	4043.00	4410.50	4654.00	5026.00	5100.00	5383.00	5674.00	6601.00	7385.00	8045.00	9044.00	9343.50	9675.00	10555.50	
02236125	1030	19941030	20141030	20	5470.50	2788.37	1360.00	11100.00		1398.50	2142.00	2344.50	2916.00	3195.00	3621.00	3677.00	3970.00	4529.50	4880.00	5263.50	6162.00	6916.50	7242.00	7740.00	8064.00	9138.50	9707.00	11032.50	
02236125	1031	19941031	20141031	20	5648.50	2782.47	1010.00	10400.00		1088.00	2584.00	2725.00	2820.00	3107.50	3862.00	3935.50	4204.00	4754.50	5170.00	5508.50	6140.00	6920.50	8142.00	8625.00	8730.00	8877.50	9755.00	10372.50	
02236125	1101	19941101	20141101	20	5427.85	2969.11	857.00	10300.00		896.15	1700.00	2336.00	2910.00	3065.00	3254.00	3653.00	4038.00	4072.50	4295.00	4886.00	6056.00	7218.00	8016.00	8692.50	8970.00	9093.50	9704.00	10273.50	
02236125	1102	19941102	20141102	20	5579.75	3214.57	675.00	10500.00		713.25	1479.00	1845.00	2174.00	3180.00	3450.00	3922.50	4064.00	4319.00	4625.00	5541.50	6302.00	7312.00	8180.00	8825.00	9158.00	9965.00	10460.00	10500.00	
02236125	1103	19941103	20141103	19	5719.74	3389.44	333.00	11200.00		333.00	362.00	2590.00	2730.00	3060.00	3280.00	3470.00	4120.00	4980.00	5110.00	6220.00	6340.00	7760.00	7890.00	9180.00	9250.00	9700.00	11100.00	11200.00	
02236125	1104	19941104	20141104	19	5759.11	3254.89	433.00	11100.00		433.00	1730.00	3000.00	3060.00	3160.00	3380.00	3420.00	3510.00	4750.00	5580.00	5810.00	6040.00	6820.00	7520.00	9170.00	9740.00	10500.00	10700.00	11100.00	
02236125	1105	19941105	20141105	18	5682.67	3276.31	217.00	10900.00			463.60	2470.65	3020.00	3580.00	3974.00	4206.50	4298.00	4673.00	5150.00	5438.00	5742.00	6381.50	7687.00	9295.00	9972.00	10130.00	10360.00		
02236125	1106	19941106	20141106	19	5382.68	3233.86	311.00	10400.00		311.00	1220.00	2330.00	2590.00	3020.00	3180.00	3550.00	3690.00	4150.00	4220.00	4920.00	5900.00	6090.00	7770.00	8890.00	9860.00	9980.00	10200.00	10400.00	
02236125	1107	19941107	20141107	20	5145.30	3353.91	826.00	10500.00		844.70	1245.00	1690.50	1986.00	2327.50	2569.00	2618.00	3150.00	3910.50	3985.00	4730.50	5680.00	6550.50	7688.00	8510.00	9478.00	9858.50	10439.00	10500.00	
02236125	1108	19941108	20141108	20	5384.50	3145.92	1060.00	10600.00		1063.00	1247.00	2406.50	2540.00	2805.00	3138.00	3327.00	3612.00	3994.50	4625.00	4854.00	5604.00	7178.50	7959.00	8250.00	9000.00	9595.00	10507.00	10600.00	
02236125	1109	19941109	20141109	20	5580.50	3009.42	1700.00	10800.00		1705.00	1872.00	2598.00	3076.00	3272.50	3451.00	3566.50	3826.00	4097.50	4300.00	5063.50	5776.00	7115.50	8043.00	8332.50	8534.00	10040.50	10570.00	10790.00	
02236125	1110	19941110	20141110	21	5255.14	3065.89	78.00	10500.00		214.20	1464.00	1800.00	2596.00	3150.00	3350.00	3462.00	3750.00	4017.00	4810.00	5042.00	5354.00	6620.00	7830.00	8070.00	8304.00	9454.00	10056.00	10460.00	
02236125	1111	19941111	20141111	21	5089.67	2768.67	693.00	10200.00		823.70	2098.00	2559.00	2744.00	2845.00	3108.00	3275.00	3426.00	3523.00	4570.00	4914.00	5162.00	6391.00	7312.00	7520.00	7932.00	8527.00	9742.00	10180.00	
02236125	1112	19941112	20141112	19	5411.05	2680.53	1350.00	9880.00		1350.00	1880.00	2540.00	2640.00	2810.00	3780.00	4070.00	4510.00	4580.00	4800.00	4970.00	6140.00	6680.00	7110.00	7980.00	8680.00	9000.00	9410.00	9880.00	
02236125	1113	19941113	20141113	19	5064.05	2735.67	457.00	9790.00		457.00	1240.00	1650.00	2880.00	2940.00	3140.00	4100.00	4140.00	4390.00	4590.00	4870.00	5810.00	5830.00	6660.00	8020.00	8400.00	8510.00	8800.00	9790.00	
02236125	1114	19941114	20141114	20	4600.15	2869.11	703.00	9910.00		721.35	1084.00	1232.50	1604.00	2592.50	2738.00	3074.00	3242.00	3296.00	3710.00	4300.00	5206.00	5774.50	6324.00	6945.00	8288.00	8632.50	8784.00	9854.50	
02236125	1115	19941115	20141115	19	4650.21	2970.85	934.00	9950.00		934.00	1070.00	1360.00	1630.00	2280.00	2570.00	2820.00	2960.00	3330.00	3600.00	4710.00	4900.00	6100.00	6350.00	7100.00	8800.00	8810.00	9080.00	9950.00	
02236125	1116	19941116	20141116	20	4831.50	2860.84	801.00	9300.00		810.90	1012.10	1299.50	2324.00	2620.00	2818.00	3010.50	3382.00	3946.00	4320.00	4705.00	5446.00	6313.00	6558.00	7155.00	8654.00	8997.00	9135.00	9292.50	
02236125	1117	19941117	20141117	20	5010.10	2938.88	102.00	9430.00		148.40	1099.00	1721.50	1842.00	2357.50	2683.00	3201.00	3666.00	4341.00	5160.00	5489.50	6148.00	6869.00	7394.00	7895.00	8260.00	8719.50	8799.00	9398.50	
02236125	1118	19941118	20141118	21	4679.24	2695.54	884.00	8710.00		885.60	970.00	1355.00	1620.00	2075.00	2980.00	3328.00	3396.00	4049.00	4320.00	4791.00	6150.00	6171.00	6224.00	7110.00	8068.00	8232.00	8456.00	8689.00	
02236125	1119	19941119	20141119	21	4561.48	2643.86	571.00	9550.00		670.90	1578.00	1637.00	1840.00	2310.00	2732.00	2924.00	3136.00	3234.00	3310.00	5421.00	5502.00	5925.00	6560.00	7080.00	7120.00	7876.00	8264.00	9423.00	
02236125	1120	19941120	20141120	20	4784.50	2903.28	1020.00	9590.00		1027.50	1211.00	1598.00	1704.00	1767.50	2198.00	2877.00	3070.00	3398.50	4265.00	5566.00	6340.00	6690.50	7345.00	7720.00	7864.00	8153.50	8569.00	9541.00	
02236125	1121	19941121	20141121	19	4793.89	2971.40	510.00	9930.00		510.00	744.00	1280.00	1980.00	2420.00	2700.00	2780.00	2890.00	3780.00	4570.00	4880.00	6250.00	6290.00	6940.00	7600.00	8040.00	8570.00	8930.00	9930.00	
02236125	1122	19941122	20141122	21	4391.95	3211.88	111.00	10900.00		200.90	1058.00	1280.00	1418.00	1600.00	1842.00	2041.00	2104.00	3082.00	3620.00	3741.00	4438.00	6626.00	7186.00	7640.00	7872.00	7997.00	8902.00	10722.00	
02236125	1123	19941123	20141123	21	4735.33	3246.20	213.00	11400.00		279.60	909.20	1228.00	1886.00	2475.00	2776.00	2801.00	3042.00	3631.00	3710.00	3871.00	4428.00	6461.00	7166.00	7620.00	7828.00	7991.00	10406.00	11360.00	
02236125	1124	19941124	20141124	20	4839.40	3187.66	460.00	11400.00		474.05	754.60	1067.95	2174.00	2370.00	2811.00	3269.50	3518.00	3624.50	3945.00	4458.00	5358.00	6381.50	6868.00	7135.00	7720.00	7858.50	10776.00	11385.00	
02236125	1125	19941125	20141125	20	4823.85	3123.81	288.00	11000.00		308.00	700.30	965.35	2014.00	2712.50	2786.00	3041.50	3330.00	3538.50	4120.00	4965.50	5414.00	6316.50	6922.00	7705.00	7980.00	8075.00	9809.00	10950.00	
02236125	1126	19941126	20141126	19	5040.95	2973.64	768.00	10200.00		768.00	1580.00	1740.00	2440.00	2710.00	2890.00	2890.00	3060.00	3430.00	4580.00	5050.00	5810.00	6790.00	7400.00	7890.00	8100.00	8350.00	10100.00	10200.00	
02236125	1127	19941127	20141127	19	4872.79	3036.70	455.00	10700.00		455.00	591.00	807.00	2250.00	2810.00	2850.00	2930.00	3040.00	3050.00	5480.00	5780.00	5940.00	6940.00	7100.00	7310.00	7500.00	7860.00	9190.00	10700.00	
02236125	1128	19941128	20141128	21	4695.10	2870.46	893.00	11000.00		903.10	1017.20	1425.00	2196.00	2330.00	2662.00	2907.00	3076.00	3299.00	3640.00	4867.00	5970.00	6236.00	6674.00	7250.00	7604.00	7796.00	8484.00	10765.00	
02236125	1129	19941129	20141129	21	4835.71	2838.90	1060.00	11000.00		1083.00	1438.00	2108.00	2322.00	2465.00	2662.00	2856.00	3118.00	3287.00	3540.00	4735.00	6248.00	6759.00	6882.00	7115.00	7540.00	8036.00	8764.00	10791.00	
02236125	1130	19941130	20141130	21	4727.05	2779.29	468.00	11000.00		529.20	1104.00	1551.00	2430.00	2530.00	2708.00	3177.00	3410.00	3493.00	4010.00	4690.00	6224.00	6627.00	6730.00	6875.00	7260.00	7516.00	8148.00	10730.00	
02236125	1201	19941201	20141201	20	4829.50	2524.70	1190.00	10400.00		1197.00	1434.00	2377.50	2434.00	2642.50	3103.00	3145.00	3426.00	3898.50	4265.00	5038.50	6042.00	6526.50	6621.00	6645.00	7074.00	7418.00	8180.00	10293.00	
02236125	1202	19941202	20141202	21	4559.67	2707.73	423.00	10900.00		483.70	1218.00	2009.00	2180.00	2300.00	2690.00	3055.00	3196.00	3328.00	3600.00	4535.00	5244.00	6280.00	6756.00	6870.00	6966.00	7017.00	8156.00	10654.00	
02236125	1203	19941203	20141203	20	4575.20	2692.32	764.00	10700.00		798.30	1502.00	2013.50	2262.00	2322.50	2525.00	2651.00	2814.00	3009.00	3875.00	5186.50	5830.00	6140.00	6287.00	6575.00	6772.00	7412.00	8366.00	10588.00	
02236125	1204	19941204	20141204	20	4388.90	2716.27	749.00	10400.00		750.00	886.10	1947.50	2054.00	2312.50	2380.00	2530.50	2562.00	2755.50	3795.00	4862.00	5102.00	5786.50	6273.00	6480.00	6746.00	7514.00	8351.00	10301.50	
02236125	1205	19941205	20141205	20	4139.95	2965.15	262.00	10500.00		271.20	462.50	760.85	1616.00	1715.00	1958.00	2154.00	2448.00	2649.00	3595.00	4436.50	4912.00	5647.50	5980.00	6595.00	6798.00	7633.00	8617.00	10410.50	
02236125	1206	19941206	20141206	19	4253.00	2972.00	56.00	10900.00		56.00	345.00	786.00	1740.00	2020.00	2140.00	2430.00	2780.00	3000.00	3960.00	4160.00	5280.00	5600.00	6110.00	6700.00	6830.00	7690.00	8280.00	10900.00	
02236125	1207	19941207	20141207	21	3901.67	2884.06	75.00	10700.00		103.70	425.60	751.40	1122.80	1755.00	2110.00	2256.00	2734.00	3029.00	3190.00	3304.00	3664.00	5209.00	5874.00	6060.00	6468.00	7267.00	8262.00	10475.00	
02236125	1208	19941208	20141208	20	3935.80	2564.00	216.00	10900.00		271.20	1354.00	1715.50	2058.00	2197.50	2325.00	2493.00	2658.00	2748.00	2985.00	3321.00	3612.00	4754.00	5720.00	6005.00	6104.00	6434.50	7300.00	10724.50	
02236125	1209	19941209	20141209	20	3847.70	2492.69	179.00	10700.00		191.30	593.50	2140.00	2316.00	2360.00	2429.00	2453.50	2568.00	2883.00	3150.00	3450.00	3756.00	3892.00	4914.00	5722.50	6250.00	6511.50	7008.00	10518.00	
02236125	1210	19941210	20141210	20	3769.85	2338.65	507.00	10400.00		561.65	1612.00	1726.00	1792.00	1950.00	2133.00	2441.00	2650.00	2890.00	3345.00	3684.50	3866.00	4027.50	4584.00	5295.00	5620.00	6229.50	6987.00	10233.00	
02236125	1211	19941211	20141211	21	3553.38	2499.48	607.00	9500.00		607.30	663.40	904.00	980.20	1345.00	1762.00	2034.00	2226.00	2691.00	2900.00	3479.00	4012.00	4443.00	4954.00	5590.00	5872.00	6441.00	7254.00	9291.00	
02236125	1212	19941212	20141212	20	3806.55	2564.60	564.00	9300.00		578.65	882.30	1213.50	1820.00	1987.50	2253.00	2274.00	2472.00	2838.00	3015.00	3071.00	3170.00	4075.00	5188.00	6077.50	6904.00	7383.00	7890.00	9232.00	
02236125	1213	19941213	20141213	21	3609.95	2693.48	705.00	8800.00		711.10	772.40	807.60	930.00	1255.00	1646.00	1958.00	2126.00	2321.00	2590.00	2728.00	3764.00	4806.00	5200.00	5785.00	6610.00	7682.00	8066.00	8729.00	
02236125	1214	19941214	20141214	21	3675.76	2781.56	42.00	8600.00		55.20	231.20	530.50	1053.00	1615.00	1676.00	2071.00	2270.00	2739.00	3040.00	3466.00	3996.00	4547.00	4942.00	5565.00	7094.00	7995.00	8312.00	8578.00	
02236125	1215	19941215	20141215	19	4149.47	2547.15	950.00	8520.00		950.00	1100.00	1250.00	2010.00	2050.00	2220.00	2370.00	2790.00	2830.00	3240.00	4200.00	4960.00	5120.00	5540.00	6000.00	7450.00	7940.00	8300.00	8520.00	
02236125	1216	19941216	20141216	19	4016.95	2375.33	752.00	8380.00		752.00	1170.00	1410.00	1800.00	2100.00	2380.00	2470.00	2640.00	2710.00	2910.00	4210.00	5190.00	5700.00	5810.00	6000.00	6180.00	6410.00	8100.00	8380.00	
02236125	1217	19941217	20141217	21	3762.57	2437.62	581.00	8320.00		607.20	878.40	1131.00	1514.00	1705.00	1782.00	1844.00	2658.00	2860.00	2910.00	3588.00	4280.00	5119.00	5686.00	6055.00	6274.00	6440.00	7774.00	8298.00	
02236125	1218	19941218	20141218	21	3902.81	2065.64	729.00	8400.00		790.10	1380.00	1612.00	1852.00	2360.00	2790.00	2810.00	2858.00	3383.00	3650.00	4296.00	4368.00	4548.00	4856.00	5030.00	5474.00	6039.00	7668.00	8364.00	
02236125	1219	19941219	20141219	19	4149.47	2174.96	280.00	8600.00		280.00	1630.00	1630.00	2040.00	2360.00	2860.00	2930.00	3080.00	4010.00	4090.00	4330.00	4670.00	5300.00	5530.00	5640.00	6010.00	6190.00	7660.00	8600.00	
02236125	1220	19941220	20141220	21	3811.43	2344.79	66.00	8500.00		78.10	297.00	1028.90	1730.00	1860.00	2248.00	2552.00	2736.00	3049.00	4350.00	4439.00	4716.00	4816.00	5116.00	5665.00	5914.00	6504.00	7014.00	8358.00	
02236125	1221	19941221	20141221	21	3990.52	2289.50	821.00	8100.00		852.90	1152.00	1320.00	1616.00	2045.00	2486.00	2559.00	2596.00	2834.00	2890.00	4628.00	5336.00	5420.00	5676.00	6070.00	6356.00	6603.00	7242.00	8028.00	
02236125	1222	19941222	20141222	21	4003.29	2312.55	129.00	7800.00		219.10	1128.00	1598.00	1832.00	2020.00	2226.00	2374.00	2594.00	2667.00	4620.00	4826.00	4880.00	5153.00	5830.00	5925.00	6320.00	6581.00	7534.00	7797.00	
02236125	1223	19941223	20141223	21	3842.76	2381.18	344.00	7900.00		355.90	518.60	866.70	1436.00	2040.00	2266.00	2486.00	2786.00	2948.00	3300.00	4431.00	4690.00	4991.00	5364.00	6040.00	6266.00	6766.00	7530.00	7877.00	
02236125	1224	19941224	20141224	20	3844.80	2493.69	84.00	8600.00		87.90	268.80	1285.50	1624.00	1835.00	2204.00	2365.00	2608.00	3193.00	3910.00	4093.50	4206.00	4451.00	4976.00	5937.50	6448.00	7351.50	7653.00	8553.50	
02236125	1225	19941225	20141225	20	3726.00	2447.56	301.00	8600.00		321.80	720.50	844.70	1454.00	1792.50	1911.00	2177.00	2466.00	3172.50	3600.00	3752.50	3826.00	4499.50	5287.00	5665.00	6090.00	7089.50	7574.00	8550.50	
02236125	1226	19941226	20141226	17	3956.53	2710.70	124.00	8600.00			595.20	804.70	1063.60	1435.00	1964.00	2534.00	2882.00	3212.00	3230.00	4022.00	4246.00	5302.00	6082.00	6585.00	7088.00	7517.00	7896.00		
02236125	1227	19941227	20141227	18	4210.00	2437.48	1100.00	8700.00			1199.00	1703.00	1878.00	1952.50	2131.00	2336.50	2944.00	3531.00	3935.00	4231.00	4814.00	5669.50	5916.00	5985.00	6302.00	7157.50	8574.00		
02236125	1228	19941228	20141228	21	3803.62	2503.93	296.00	8700.00		319.40	650.00	1238.00	1562.00	1755.00	2086.00	2278.00	2498.00	2631.00	3120.00	3799.00	4344.00	4691.00	5518.00	5835.00	6356.00	6822.00	8036.00	8662.00	
02236125	1229	19941229	20141229	21	3779.10	2481.28	28.00	8700.00		94.50	788.40	1293.00	1596.00	1780.00	2042.00	2159.00	2484.00	2578.00	3270.00	3911.00	4202.00	4538.00	5426.00	5820.00	6598.00	7140.00	7450.00	8582.00	
02236125	1230	19941230	20141230	20	3966.40	2473.59	242.00	8700.00		278.70	1045.40	1700.00	1890.00	2002.50	2106.00	2193.50	2390.00	2768.00	3330.00	3963.50	4538.00	5041.00	5706.00	5992.50	6860.00	7384.50	7530.00	8642.00	
02236125	1231	19941231	20141231	20	4007.00	2356.01	1550.00	8950.00		1554.50	1643.00	1680.50	1778.00	1930.00	1975.00	2167.50	2530.00	2852.50	2945.00	4016.50	4954.00	5056.00	5287.00	5837.50	5998.00	6841.50	8169.00	8917.50	
