site_no	monthday	begin_dt	end_dt	count_nu	mean	std	min	max	p01	p05	p10	p15	p20	p25	p30	p35	p40	p45	p50	p55	p60	p65	p70	p75	p80	p85	p90	p95	p99
02336910	ALL	20100408	20151207	2070	156.29	227.51	2.50	2400.00	4.30	9.21	15.00	19.00	29.00	37.00	47.00	58.00	71.00	83.00	96.50	109.00	126.00	142.00	154.00	170.00	195.80	239.00	329.00	576.90	1118.70
02336910	0101	20110101	20150101	5	187.80	47.36	137.00	238.00					138.40	140.50	142.60	148.40	161.60	174.80	188.00	201.20	214.40	227.60	233.20	235.00	236.80				
02336910	0102	20110102	20150102	5	265.80	132.36	122.00	469.00					140.00	167.00	194.00	212.00	212.00	212.00	212.00	242.60	273.20	303.80	345.00	391.50	438.00				
02336910	0103	20110103	20150103	5	257.60	108.01	107.00	388.00					128.20	160.00	191.80	216.90	228.60	240.30	252.00	274.80	297.60	320.40	340.00	358.00	376.00				
02336910	0104	20110104	20150104	5	416.40	551.91	97.00	1400.00					110.60	131.00	151.40	167.90	176.60	185.30	194.00	203.60	213.20	222.80	460.80	813.00	1165.20				
02336910	0105	20110105	20150105	5	571.40	966.83	95.00	2300.00					102.00	112.50	123.00	132.00	138.00	144.00	150.00	159.60	169.20	178.80	605.60	1241.00	1876.40				
02336910	0106	20110106	20150106	5	420.40	638.12	93.00	1560.00					98.60	107.00	115.40	122.30	126.20	130.10	134.00	152.00	170.00	188.00	467.20	877.00	1286.80				
02336910	0107	20110107	20150107	5	217.40	212.98	90.00	594.00					92.80	97.00	101.20	106.00	112.00	118.00	124.00	139.30	154.60	169.90	258.80	384.50	510.20				
02336910	0108	20110108	20150108	5	149.80	79.27	93.00	285.00					95.40	99.00	102.60	105.50	107.00	108.50	110.00	123.80	137.60	151.40	181.80	220.50	259.20				
02336910	0109	20110109	20150109	5	134.40	55.00	84.00	217.00					86.80	91.00	95.20	99.20	102.80	106.40	110.00	125.90	141.80	157.70	173.80	190.00	206.20				
02336910	0110	20110110	20150110	5	134.20	50.92	80.00	192.00					84.60	91.50	98.40	103.80	106.20	108.60	111.00	133.20	155.40	177.60	186.40	188.50	190.60				
02336910	0111	20110111	20150111	5	215.60	203.33	80.00	574.00					87.40	98.50	109.60	118.30	122.20	126.10	130.00	144.10	158.20	172.30	256.40	375.50	494.60				
02336910	0112	20110112	20150112	5	303.40	389.30	90.00	998.00					96.80	107.00	117.20	125.30	129.20	133.10	137.00	146.30	155.60	164.90	334.00	583.00	832.00				
02336910	0113	20110113	20150113	5	252.80	299.86	90.00	787.00					93.20	98.00	102.80	107.20	110.80	114.40	118.00	131.50	145.00	158.50	287.80	475.00	662.20				
02336910	0114	20110114	20150114	5	197.80	120.56	101.00	387.00					101.20	101.50	101.80	107.40	123.60	139.80	156.00	182.10	208.20	234.30	271.80	315.00	358.20				
02336910	0115	20110115	20150115	5	210.60	147.59	93.00	438.00					93.60	94.50	95.40	101.20	116.80	132.40	148.00	187.00	226.00	265.00	310.00	358.00	406.00				
02336910	0116	20110116	20150116	5	229.00	202.91	86.00	578.00					89.40	94.50	99.60	107.50	121.00	134.50	148.00	172.60	197.20	221.80	299.60	404.00	508.40				
02336910	0117	20110117	20150117	5	238.60	236.45	86.00	655.00					91.40	99.50	107.60	115.80	124.20	132.60	141.00	158.10	175.20	192.30	289.40	426.50	563.60				
02336910	0118	20110118	20150118	5	238.00	220.25	118.00	630.00					120.80	125.00	129.20	132.10	132.40	132.70	133.00	146.20	159.40	172.60	267.60	403.50	539.40				
02336910	0119	20110119	20150119	5	187.40	109.85	119.00	381.00					120.20	122.00	123.80	127.00	133.00	139.00	145.00	151.60	158.20	164.80	209.80	274.00	338.20				
02336910	0120	20110120	20150120	5	150.40	48.84	111.00	231.00					112.80	115.50	118.20	120.90	123.60	126.30	129.00	138.60	148.20	157.80	175.00	196.00	217.00				
02336910	0121	20110121	20150121	5	153.20	44.08	105.00	214.00					107.40	111.00	114.60	120.90	132.60	144.30	156.00	161.40	166.80	172.20	182.00	194.00	206.00				
02336910	0122	20110122	20150122	5	182.00	128.03	98.00	408.00					101.00	105.50	110.00	116.10	125.40	134.70	144.00	144.90	145.80	146.70	199.20	277.50	355.80				
02336910	0123	20110123	20150123	5	233.60	203.49	92.00	586.00					98.20	107.50	116.80	124.50	129.00	133.50	138.00	165.30	192.60	219.90	300.40	407.50	514.60				
02336910	0124	20110124	20150124	5	320.60	328.43	87.00	855.00					91.80	99.00	106.20	112.70	117.80	122.90	128.00	216.20	304.40	392.60	508.60	638.50	768.40				
02336910	0125	20110125	20150125	5	284.20	286.39	89.00	765.00					91.40	95.00	98.60	104.20	113.80	123.40	133.00	193.00	253.00	313.00	419.40	549.00	678.60				
02336910	0126	20110126	20150126	5	189.20	102.26	97.00	350.00					104.20	115.00	125.80	133.40	134.60	135.80	137.00	164.60	192.20	219.80	253.20	289.50	325.80				
02336910	0127	20110127	20150127	5	177.80	84.71	94.00	317.00					103.20	117.00	130.80	141.00	144.00	147.00	150.00	161.40	172.80	184.20	213.80	252.50	291.20				
02336910	0128	20110128	20150128	5	155.60	65.66	89.00	263.00					96.40	107.50	118.60	127.10	130.40	133.70	137.00	144.80	152.60	160.40	183.00	213.00	243.00				
02336910	0129	20110129	20150129	5	133.40	42.31	87.00	198.00					91.40	98.00	104.60	110.70	115.80	120.90	126.00	132.30	138.60	144.90	157.20	172.50	187.80				
02336910	0130	20110130	20150130	5	147.60	39.72	102.00	206.00					107.00	114.50	122.00	128.10	131.40	134.70	138.00	146.10	154.20	162.30	173.20	185.50	197.80				
02336910	0131	20110131	20150131	5	250.60	278.06	98.00	747.00					104.00	113.00	122.00	128.60	130.40	132.20	134.00	137.60	141.20	144.80	266.20	446.50	626.80				
02336910	0201	20110201	20150201	5	222.00	206.49	115.00	591.00					117.60	121.50	125.40	128.90	131.60	134.30	137.00	137.60	138.20	138.80	229.40	365.00	500.60				
02336910	0202	20110202	20150202	5	318.00	193.32	140.00	620.00					147.20	158.00	168.80	185.50	214.00	242.50	271.00	304.60	338.20	371.80	430.40	501.50	572.60				
02336910	0203	20110203	20150203	5	296.80	175.48	164.00	574.00					166.20	169.50	172.80	177.80	186.20	194.60	203.00	252.50	302.00	351.50	409.20	471.00	532.80				
02336910	0204	20110204	20150204	5	241.20	123.66	142.00	452.00					148.20	157.50	166.80	175.10	181.40	187.70	194.00	209.30	224.60	239.90	286.40	348.50	410.60				
02336910	0205	20110205	20150205	5	298.20	225.01	135.00	669.00					137.00	140.00	143.00	149.40	162.60	175.80	189.00	238.20	287.40	336.60	416.20	511.00	605.80				
02336910	0206	20110206	20150206	5	269.00	188.60	129.00	554.00					129.00	129.00	129.00	132.30	142.20	152.10	162.00	224.70	287.40	350.10	407.60	462.50	517.40				
02336910	0207	20110207	20150207	5	195.80	91.38	121.00	330.00					122.60	125.00	127.40	130.90	136.60	142.30	148.00	178.90	209.80	240.70	266.80	290.50	314.20				
02336910	0208	20110208	20150208	5	163.40	45.22	113.00	227.00					118.80	127.50	136.20	142.20	142.80	143.40	144.00	158.10	172.20	186.30	198.20	209.00	219.80				
02336910	0209	20110209	20150209	5	151.60	29.36	107.00	180.00					113.20	122.50	131.80	140.50	148.00	155.50	163.00	165.10	167.20	169.30	172.00	175.00	178.00				
02336910	0210	20110210	20150210	5	154.20	33.10	103.00	195.00					112.80	127.50	142.20	152.60	154.40	156.20	158.00	159.50	161.00	162.50	169.40	179.00	188.60				
02336910	0211	20110211	20150211	5	252.00	229.84	100.00	659.00					110.60	126.50	142.40	153.40	154.60	155.80	157.00	167.20	177.40	187.60	284.60	425.00	565.40				
02336910	0212	20110212	20150212	5	295.00	286.97	93.00	783.00					101.80	115.00	128.20	137.10	137.40	137.70	138.00	193.80	249.60	305.40	415.80	553.50	691.20				
02336910	0213	20110213	20150213	5	289.60	250.28	90.00	649.00					97.00	107.50	118.00	125.20	125.80	126.40	127.00	226.00	325.00	424.00	495.40	553.00	610.60				
02336910	0214	20110214	20150214	5	256.80	204.00	99.00	545.00					103.00	109.00	115.00	119.10	119.40	119.70	120.00	204.30	288.60	372.90	429.80	473.00	516.20				
02336910	0215	20110215	20150215	5	218.00	164.45	110.00	489.00					110.80	112.00	113.20	114.20	114.80	115.40	116.00	159.50	203.00	246.50	306.60	375.00	443.40				
02336910	0216	20110216	20150216	5	182.20	106.43	109.00	360.00					110.20	112.00	113.80	115.90	118.60	121.30	124.00	147.70	171.40	195.10	234.40	281.50	328.60				
02336910	0217	20110217	20150217	5	210.00	116.08	107.00	383.00					110.40	115.50	120.60	128.00	140.00	152.00	164.00	196.40	228.80	261.20	294.20	327.50	360.80				
02336910	0218	20110218	20150218	5	187.80	98.50	105.00	341.00					107.60	111.50	115.40	120.70	128.80	136.90	145.00	170.50	196.00	221.50	252.20	285.50	318.80				
02336910	0219	20110219	20150219	5	170.20	47.16	104.00	223.00					114.80	131.00	147.20	158.00	158.00	158.00	158.00	173.00	188.00	203.00	211.00	215.50	220.00				
02336910	0220	20110220	20150220	5	161.60	34.90	102.00	194.00					115.00	134.50	154.00	167.40	168.60	169.80	171.00	171.90	172.80	173.70	178.00	184.00	190.00				
02336910	0221	20110221	20150221	5	166.60	70.73	99.00	287.00					108.40	122.50	136.60	146.30	147.20	148.10	149.00	149.90	150.80	151.70	179.00	219.50	260.00				
02336910	0222	20110222	20150222	5	236.40	139.16	98.00	426.00					104.00	113.00	122.00	135.00	156.00	177.00	198.00	238.20	278.40	318.60	350.80	379.00	407.20				
02336910	0223	20110223	20150223	5	340.00	337.31	94.00	922.00					99.00	106.50	114.00	133.90	178.60	223.30	268.00	276.70	285.40	294.10	422.00	609.50	797.00				
02336910	0224	20110224	20150224	5	370.60	423.78	90.00	1110.00					94.80	102.00	109.20	123.80	153.20	182.60	212.00	246.50	281.00	315.50	483.60	718.50	953.40				
02336910	0225	20110225	20150225	5	290.80	263.90	107.00	744.00					109.80	114.00	118.20	127.70	147.80	167.90	188.00	219.80	251.60	283.40	384.00	519.00	654.00				
02336910	0226	20110226	20150226	5	333.40	316.68	98.00	868.00					107.80	122.50	137.20	150.30	160.20	170.10	180.00	238.20	296.40	354.60	472.80	621.00	769.20				
02336910	0227	20110227	20150227	5	372.60	438.51	91.00	1140.00					98.00	108.50	119.00	131.10	146.40	161.70	177.00	222.60	268.20	313.80	491.20	734.50	977.80				
02336910	0228	20110228	20150228	5	277.60	274.39	91.00	757.00					98.40	109.50	120.60	131.40	141.60	151.80	162.00	188.40	214.80	241.20	351.40	503.50	655.60				
02336910	0229	20120229	20120229	1	101.00		101.00	101.00											101.00										
02336910	0301	20110301	20150301	5	226.20	82.15	148.00	326.00					149.00	150.50	152.00	158.30	174.20	190.10	206.00	233.60	261.20	288.80	303.60	312.00	320.40				
02336910	0302	20110302	20150302	5	198.20	53.37	147.00	266.00					147.60	148.50	149.40	153.80	165.20	176.60	188.00	203.60	219.20	234.80	245.20	253.00	260.80				
02336910	0303	20110303	20150303	5	263.40	182.20	159.00	588.00					163.00	169.00	175.00	179.70	181.80	183.90	186.00	191.70	197.40	203.10	281.60	396.50	511.40				
02336910	0304	20110304	20150304	5	294.20	277.87	141.00	790.00					145.60	152.50	159.40	165.90	171.60	177.30	183.00	186.00	189.00	192.00	312.40	491.50	670.60				
02336910	0305	20110305	20150305	5	236.00	153.91	149.00	509.00					149.60	150.50	151.40	153.90	159.60	165.30	171.00	179.40	187.80	196.20	261.00	354.00	447.00				
02336910	0306	20110306	20150306	5	222.20	74.23	144.00	341.00					153.00	166.50	180.00	190.10	193.40	196.70	200.00	211.10	222.20	233.30	257.80	289.00	320.20				
02336910	0307	20110307	20150307	5	230.80	96.67	170.00	399.00					171.40	173.50	175.60	177.40	178.60	179.80	181.00	194.80	208.60	222.40	261.40	313.00	364.60				
02336910	0308	20110308	20150308	5	204.60	67.99	147.00	298.00					149.40	153.00	156.60	159.40	160.60	161.80	163.00	190.90	218.80	246.70	264.40	277.00	289.60				
02336910	0309	20110309	20150309	5	272.00	186.45	136.00	591.00					139.40	144.50	149.60	158.10	173.40	188.70	204.00	225.60	247.20	268.80	339.00	433.50	528.00				
02336910	0310	20110310	20150310	5	532.00	757.69	128.00	1880.00					132.20	138.50	144.80	151.50	159.00	166.50	174.00	220.50	267.00	313.50	639.20	1104.50	1569.80				
02336910	0311	20110311	20150311	5	484.40	680.68	150.00	1700.00					152.20	155.50	158.80	161.20	161.80	162.40	163.00	188.50	214.00	239.50	538.40	974.00	1409.60				
02336910	0312	20110312	20150312	5	386.60	295.22	153.00	736.00					156.80	162.50	168.20	173.80	179.20	184.60	190.00	337.60	485.20	632.80	692.80	709.00	725.20				
02336910	0313	20110313	20150313	5	284.20	203.32	148.00	632.00					152.60	159.50	166.40	171.00	171.00	171.00	171.00	209.40	247.80	286.20	365.60	465.50	565.40				
02336910	0314	20110314	20150314	5	203.40	66.49	150.00	307.00					151.80	154.50	157.20	159.90	162.60	165.30	168.00	187.50	207.00	226.50	247.80	270.00	292.20				
02336910	0315	20110315	20150315	5	204.80	85.59	139.00	351.00					143.40	150.00	156.60	161.30	162.20	163.10	164.00	177.50	191.00	204.50	237.40	280.00	322.60				
02336910	0316	20110316	20150316	5	257.80	135.42	148.00	454.00					151.00	155.50	160.00	164.60	169.40	174.20	179.00	228.80	278.60	328.40	366.80	399.50	432.20				
02336910	0317	20110317	20150317	5	290.00	218.69	138.00	651.00					141.80	147.50	153.20	157.20	157.80	158.40	159.00	214.80	270.60	326.40	406.20	498.00	589.80				
02336910	0318	20110318	20150318	5	239.60	168.54	134.00	531.00					135.60	138.00	140.40	142.80	145.20	147.60	150.00	177.30	204.60	231.90	299.00	386.00	473.00				
02336910	0319	20110319	20150319	5	195.40	69.32	128.00	308.00					132.80	140.00	147.20	155.50	166.00	176.50	187.00	191.50	196.00	200.50	223.20	255.00	286.80				
02336910	0320	20110320	20150320	5	182.40	43.57	119.00	239.00					130.40	147.50	164.60	176.20	176.80	177.40	178.00	184.60	191.20	197.80	207.80	219.50	231.20				
02336910	0321	20110321	20150321	5	162.00	35.26	112.00	204.00					119.00	129.50	140.00	148.60	153.40	158.20	163.00	169.30	175.60	181.90	188.00	194.00	200.00				
02336910	0322	20110322	20150322	5	153.40	35.83	108.00	194.00					112.40	119.00	125.60	132.20	138.80	145.40	152.00	161.30	170.60	179.90	185.20	188.50	191.80				
02336910	0323	20110323	20150323	5	238.40	113.93	142.00	432.00					148.20	157.50	166.80	176.60	187.40	198.20	209.00	217.10	225.20	233.30	275.20	334.00	392.80				
02336910	0324	20110324	20150324	5	338.00	241.06	135.00	732.00					140.40	148.50	156.60	173.90	209.60	245.30	281.00	310.70	340.40	370.10	450.40	556.00	661.60				
02336910	0325	20110325	20150325	5	332.20	339.83	124.00	934.00					130.40	140.00	149.60	159.80	171.20	182.60	194.00	211.70	229.40	247.10	389.20	593.50	797.80				
02336910	0326	20110326	20150326	5	249.00	213.82	122.00	628.00					126.80	134.00	141.20	146.20	146.80	147.40	148.00	163.90	179.80	195.70	286.40	414.50	542.60				
02336910	0327	20110327	20150327	5	214.40	87.32	124.00	321.00					127.00	131.50	136.00	145.30	164.20	183.10	202.00	227.20	252.40	277.60	293.00	303.50	314.00				
02336910	0328	20110328	20150328	5	272.00	230.27	109.00	678.00					122.80	143.50	164.20	178.00	178.00	178.00	178.00	189.70	201.40	213.10	309.20	447.50	585.80				
02336910	0329	20110329	20150329	5	294.80	274.90	100.00	775.00					110.20	125.50	140.80	154.40	164.60	174.80	185.00	208.40	231.80	255.20	365.40	519.00	672.60				
02336910	0330	20110330	20150330	5	243.40	165.38	94.00	523.00					108.60	130.50	152.40	169.10	175.40	181.70	188.00	205.10	222.20	239.30	300.60	384.00	467.40				
02336910	0331	20110331	20150331	5	238.20	127.51	95.00	444.00					114.80	144.50	174.20	197.00	206.00	215.00	224.00	227.00	230.00	233.00	276.00	339.00	402.00				
02336910	0401	20110401	20150401	5	233.20	105.69	97.00	354.00					110.80	131.50	152.20	172.60	192.40	212.20	232.00	257.50	283.00	308.50	324.40	335.50	346.60				
02336910	0402	20110402	20150402	5	229.40	143.80	90.00	466.00					102.60	121.50	140.40	157.10	169.40	181.70	194.00	209.00	224.00	239.00	288.40	355.00	421.60				
02336910	0403	20110403	20150403	5	212.00	148.47	83.00	466.00					95.60	114.50	133.40	147.50	152.00	156.50	161.00	173.90	186.80	199.70	256.40	335.00	413.60				
02336910	0404	20110404	20150404	5	219.80	139.16	81.00	443.00					93.40	112.00	130.60	146.80	158.20	169.60	181.00	202.00	223.00	244.00	289.40	347.00	404.60				
02336910	0405	20110405	20150405	5	272.00	147.62	97.00	430.00					105.00	117.00	129.00	155.10	209.40	263.70	318.00	336.00	354.00	372.00	388.40	404.00	419.60				
02336910	0406	20110406	20150406	5	235.20	134.07	80.00	414.00					90.20	105.50	120.80	142.50	177.00	211.50	246.00	263.70	281.40	299.10	326.80	359.50	392.20				
02336910	0407	20110407	20150407	5	463.80	416.22	75.00	1110.00					104.20	148.00	191.80	226.50	243.00	259.50	276.00	384.30	492.60	600.90	731.60	873.50	1015.40				
02336910	0408	20100408	20150408	6	595.50	892.99	71.00	2400.00				76.60	115.80	155.00	185.80	195.60	205.40	217.00	231.00	245.00	292.20	364.30	436.40	942.75	1622.80	2302.85			
02336910	0409	20100409	20150409	6	472.67	652.68	65.00	1790.00				70.00	105.00	140.00	167.70	177.15	186.60	203.85	231.50	259.15	287.40	316.10	344.80	712.25	1215.20	1718.15			
02336910	0410	20100410	20150410	6	273.33	232.99	59.00	720.00				63.65	96.20	128.75	153.70	159.65	165.60	182.20	213.00	243.80	262.20	271.30	280.40	392.25	545.20	698.15			
02336910	0411	20100411	20150411	6	252.67	215.30	54.00	662.00				58.75	92.00	125.25	149.10	149.45	149.80	158.85	179.50	200.15	225.60	254.65	283.70	384.50	514.00	643.50			
02336910	0412	20100412	20150412	6	334.83	284.39	49.00	826.00				56.20	106.60	157.00	193.70	196.15	198.60	204.20	214.00	223.80	285.00	384.75	484.50	591.25	700.80	810.35			
02336910	0413	20100413	20150413	6	273.50	229.76	47.00	711.00				53.75	101.00	148.25	183.10	186.95	190.80	194.20	197.00	199.80	222.20	259.30	296.40	408.00	549.40	690.80			
02336910	0414	20100414	20150414	6	213.83	123.36	47.00	361.00				52.60	91.80	131.00	160.60	166.20	171.80	176.05	178.50	180.95	217.40	279.35	341.30	359.50	360.20	360.90			
02336910	0415	20100415	20150415	6	254.50	180.65	44.00	576.00				50.30	94.40	138.50	170.70	173.15	175.60	189.00	217.00	245.00	266.20	282.30	298.40	371.25	466.80	562.35			
02336910	0416	20100416	20150416	6	570.50	750.37	43.00	2030.00				49.10	91.80	134.50	169.80	186.60	203.40	220.35	237.50	254.65	351.60	508.40	665.20	1040.00	1502.00	1964.00			
02336910	0417	20100417	20150417	6	618.67	867.43	43.00	2350.00				49.00	91.00	133.00	164.90	171.55	178.20	225.95	328.50	431.05	479.80	488.20	496.60	961.75	1609.60	2257.45			
02336910	0418	20100418	20150418	6	377.83	320.60	109.00	837.00				111.30	127.40	143.50	155.80	158.60	161.40	179.50	218.00	256.50	364.40	524.35	684.30	756.75	794.20	831.65			
02336910	0419	20100419	20150419	6	379.67	311.41	147.00	914.00				147.45	150.60	153.75	158.30	166.35	174.40	195.20	233.00	270.80	348.60	456.40	564.20	674.75	786.40	898.05			
02336910	0420	20100420	20150420	6	500.00	618.83	131.00	1720.00				131.85	137.80	143.75	153.80	174.10	194.40	209.00	216.00	223.00	294.60	414.65	534.70	856.75	1259.60	1662.45			
02336910	0421	20100421	20150421	6	381.50	453.82	96.00	1290.00				99.00	120.00	141.00	158.60	167.70	176.80	185.15	192.50	199.85	234.80	290.45	346.10	594.00	918.80	1243.60			
02336910	0422	20100422	20150422	6	228.50	166.55	78.00	547.00				81.50	106.00	130.50	148.20	148.90	149.60	156.45	171.50	186.55	205.40	227.10	248.80	328.00	430.20	532.40			
02336910	0423	20100423	20150423	6	170.50	79.86	63.00	290.00				66.40	90.20	114.00	132.10	135.95	139.80	145.60	154.00	162.40	179.00	201.75	224.50	245.75	266.40	287.05			
02336910	0424	20100424	20150424	6	170.67	79.50	52.00	273.00				55.45	79.60	103.75	123.80	133.60	143.40	157.10	176.00	194.90	207.60	215.65	223.70	237.75	254.20	270.65			
02336910	0425	20100425	20150425	6	235.17	198.96	47.00	595.00				50.70	76.60	102.50	123.50	132.25	141.00	150.35	160.50	170.65	205.40	258.60	311.80	394.00	487.80	581.60			
02336910	0426	20100426	20150426	6	254.67	186.85	43.00	508.00				46.55	71.40	96.25	118.30	133.35	148.40	172.60	209.00	245.40	297.80	362.20	426.60	460.75	482.80	504.85			
02336910	0427	20100427	20150427	6	173.00	101.86	41.00	309.00				44.15	66.20	88.25	108.30	123.35	138.40	149.25	154.50	159.75	184.60	224.15	263.70	283.50	295.40	307.30			
02336910	0428	20100428	20150428	6	158.00	62.28	38.00	207.00				43.70	83.60	123.50	153.90	160.55	167.20	171.90	174.00	176.10	182.20	191.30	200.40	204.00	205.40	206.80			
02336910	0429	20100429	20150429	6	226.67	207.72	35.00	635.00				41.05	83.40	125.75	157.40	162.30	167.20	170.90	173.00	175.10	178.40	182.60	186.80	299.75	456.20	612.65			
02336910	0430	20100430	20150430	6	216.33	185.69	32.00	573.00				36.80	70.40	104.00	131.40	143.30	155.20	167.55	180.50	193.45	200.00	201.75	203.50	296.25	425.40	554.55			
02336910	0501	20100501	20150501	6	157.50	86.82	30.00	290.00				33.90	61.20	88.50	112.60	128.70	144.80	156.40	162.00	167.60	174.60	182.65	190.70	217.25	251.20	285.15			
02336910	0502	20100502	20150502	6	127.17	56.34	27.00	183.00				30.55	55.40	80.25	102.70	119.15	135.60	146.50	150.00	153.50	155.00	155.00	155.00	162.00	171.80	181.60			
02336910	0503	20100503	20150503	6	247.67	342.59	27.00	941.00				30.55	55.40	80.25	101.40	113.30	125.20	132.45	133.50	134.55	138.60	144.90	151.20	350.00	625.80	901.60			
02336910	0504	20100504	20150504	6	375.67	553.69	55.00	1490.00				58.20	80.60	103.00	119.80	122.60	125.40	128.05	130.50	132.95	173.00	241.25	309.50	619.25	1025.60	1431.95			
02336910	0505	20100505	20150505	6	460.00	601.19	67.00	1550.00				69.20	84.60	100.00	111.80	114.60	117.40	119.15	119.50	119.85	254.60	490.15	725.70	982.25	1247.20	1512.15			
02336910	0506	20100506	20150506	6	406.83	672.53	61.00	1770.00				63.10	77.80	92.50	103.20	103.90	104.60	106.20	109.00	111.80	148.20	209.80	271.40	659.25	1177.60	1695.95			
02336910	0507	20100507	20150507	6	310.50	457.51	92.00	1240.00				92.35	94.80	97.25	99.80	102.60	105.40	107.90	110.00	112.10	132.80	167.45	202.10	469.00	828.80	1188.60			
02336910	0508	20100508	20150508	6	199.17	229.76	77.00	662.00				77.30	79.40	81.50	84.00	87.50	91.00	94.20	97.00	99.80	116.60	143.90	171.20	299.75	468.80	637.85			
02336910	0509	20100509	20150509	6	136.50	107.01	54.00	344.00				55.20	63.60	72.00	79.30	83.85	88.40	91.90	94.00	96.10	108.60	128.90	149.20	202.25	268.40	334.55			
02336910	0510	20100510	20150510	6	124.33	69.46	48.00	242.00				49.30	58.40	67.50	75.80	82.10	88.40	99.50	117.00	134.50	143.20	145.30	147.40	171.50	204.40	237.30			
02336910	0511	20100511	20150511	6	122.83	66.31	41.00	210.00				42.45	52.60	62.75	71.70	77.65	83.60	97.35	121.50	145.65	159.40	165.35	171.30	182.25	195.20	208.15			
02336910	0512	20100512	20150512	6	116.67	66.37	36.00	212.00				37.45	47.60	57.75	66.80	73.10	79.40	92.15	113.50	134.85	147.20	152.80	158.40	173.00	191.20	209.40			
02336910	0513	20100513	20150513	6	124.67	45.51	60.00	179.00				61.00	68.00	75.00	85.10	102.95	120.80	133.55	139.50	145.45	148.40	149.10	149.80	157.25	167.40	177.55			
02336910	0514	20100514	20150514	6	123.67	52.59	58.00	204.00				58.90	65.20	71.50	80.30	95.35	110.40	121.70	128.00	134.30	139.20	143.05	146.90	162.00	181.60	201.20			
02336910	0515	20100515	20150515	6	190.33	191.76	56.00	572.00				56.75	62.00	67.25	77.00	98.00	119.00	134.15	141.50	148.85	153.60	156.40	159.20	263.00	407.20	551.40			
02336910	0516	20100516	20150516	6	163.00	160.35	58.00	483.00				58.55	62.40	66.25	71.90	82.05	92.20	101.15	108.50	115.85	125.40	136.60	147.80	234.00	350.20	466.40			
02336910	0517	20100517	20150517	6	119.33	69.58	64.00	237.00				64.15	65.20	66.25	67.30	68.35	69.40	76.45	91.50	106.55	123.40	141.60	159.80	183.00	208.20	233.40			
02336910	0518	20100518	20150518	6	123.83	72.16	54.00	242.00				54.35	56.80	59.25	63.50	72.25	81.00	93.35	110.50	127.65	141.00	151.50	162.00	184.25	211.20	238.15			
02336910	0519	20100519	20150519	6	186.83	169.12	46.00	470.00				46.60	50.80	55.00	61.60	74.20	86.80	101.05	117.50	133.95	175.20	235.05	294.90	351.50	406.80	462.10			
02336910	0520	20100520	20150520	6	251.50	369.55	40.00	995.00				40.70	45.60	50.50	56.90	67.05	77.20	89.00	103.00	117.00	141.20	173.05	204.90	409.25	682.60	955.95			
02336910	0521	20100521	20150521	6	152.50	117.85	46.00	321.00				46.25	48.00	49.75	53.10	60.45	67.80	85.05	115.50	145.95	180.40	217.85	255.30	279.75	299.00	318.25			
02336910	0522	20100522	20150522	6	171.67	184.68	47.00	529.00				47.55	51.40	55.25	58.50	60.25	62.00	73.20	97.00	120.80	145.20	170.05	194.90	283.75	398.20	512.65			
02336910	0523	20100523	20150523	6	147.00	168.08	41.00	478.00				41.10	41.80	42.50	44.20	48.40	52.60	63.70	84.00	104.30	120.80	134.45	148.10	233.50	347.60	461.70			
02336910	0524	20100524	20150524	6	97.00	74.33	34.00	229.00				34.30	36.40	38.50	41.10	44.95	48.80	58.65	76.50	94.35	106.80	115.20	123.60	151.75	187.80	223.85			
02336910	0525	20100525	20150525	6	81.50	53.16	31.00	169.00				31.30	33.40	35.50	38.20	42.40	46.60	55.90	72.00	88.10	97.60	102.15	106.70	123.25	144.60	165.95			
02336910	0526	20100526	20150526	6	83.83	45.15	28.00	147.00				28.60	32.80	37.00	43.70	56.65	69.60	79.85	86.50	93.15	99.80	106.45	113.10	123.00	134.20	145.40			
02336910	0527	20100527	20150527	6	131.67	71.27	24.00	222.00				27.20	49.60	72.00	90.40	98.80	107.20	119.95	138.50	157.05	167.80	172.70	177.60	189.75	204.80	219.85			
02336910	0528	20100528	20150528	6	170.00	155.64	21.00	464.00				24.05	45.40	66.75	85.90	99.55	113.20	122.65	126.50	130.35	145.60	169.40	193.20	266.00	358.40	450.80			
02336910	0529	20100529	20150529	6	181.83	197.88	18.00	551.00				21.00	42.00	63.00	78.30	79.35	80.40	84.60	93.00	101.40	135.60	189.15	242.70	331.25	433.80	536.35			
02336910	0530	20100530	20150530	6	150.67	143.78	19.00	377.00				21.10	35.80	50.50	62.10	65.95	69.80	75.15	82.50	89.85	130.80	196.95	263.10	305.75	339.00	372.25			
02336910	0531	20100531	20150531	6	176.83	217.58	19.00	604.00				20.40	30.20	40.00	49.10	56.45	63.80	80.75	110.50	140.25	156.40	162.35	168.30	278.50	430.40	582.30			
02336910	0601	20100601	20150601	6	215.83	220.26	18.00	553.00				19.10	26.80	34.50	42.40	50.80	59.20	86.65	139.50	192.35	253.00	319.50	386.00	442.00	493.80	545.60			
02336910	0602	20100602	20150602	6	134.00	125.47	18.00	355.00				18.85	24.80	30.75	38.10	48.95	59.80	79.95	112.50	145.05	161.40	165.60	169.80	217.00	281.40	345.80			
02336910	0603	20100603	20150603	6	179.00	232.39	17.00	637.00				17.75	23.00	28.25	37.20	55.40	73.60	89.55	102.50	115.45	133.40	155.10	176.80	296.50	455.40	614.30			
02336910	0604	20100604	20150604	6	138.00	136.40	17.00	368.00				17.50	21.00	24.50	32.80	53.10	73.40	87.10	92.00	96.90	125.60	172.15	218.70	266.00	313.60	361.20			
02336910	0605	20100605	20150605	6	97.00	78.69	21.00	226.00				21.10	21.80	22.50	28.10	45.95	63.80	76.55	82.50	88.45	102.20	121.80	141.40	166.75	194.40	222.05			
02336910	0606	20100606	20150606	6	100.50	71.02	21.00	182.00				21.20	22.60	24.00	30.70	50.65	70.60	86.95	98.50	110.05	127.60	149.65	171.70	179.00	180.40	181.80			
02336910	0607	20100607	20150607	6	87.33	58.87	19.00	163.00				19.15	20.20	21.25	28.30	50.35	72.40	86.80	91.00	95.20	105.20	119.55	133.90	144.25	153.00	161.75			
02336910	0608	20100608	20150608	6	87.83	60.76	18.00	165.00				18.10	18.80	19.50	26.50	49.25	72.00	86.80	91.00	95.20	106.00	121.75	137.50	147.75	155.80	163.85			
02336910	0609	20100609	20150609	6	82.00	58.74	17.00	162.00				17.00	17.00	17.00	22.90	43.55	64.20	78.10	83.00	87.90	98.00	112.00	126.00	138.00	149.20	160.40			
02336910	0610	20100610	20150610	6	93.17	54.84	16.00	150.00				16.85	22.80	28.75	41.00	69.00	97.00	114.50	118.00	121.50	123.20	123.55	123.90	130.50	139.60	148.70			
02336910	0611	20100611	20150611	6	113.50	60.58	15.00	196.00				18.30	41.40	64.50	85.80	102.60	119.40	129.00	129.00	129.00	129.40	130.10	130.80	147.25	170.00	192.75			
02336910	0612	20100612	20150612	6	100.17	42.41	18.00	132.00				22.00	50.00	78.00	98.60	100.70	102.80	106.55	112.50	118.45	122.40	124.85	127.30	129.00	130.40	131.80			
02336910	0613	20100613	20150613	6	99.67	45.24	26.00	155.00				28.20	43.60	59.00	73.90	87.55	101.20	109.90	112.00	114.10	116.60	119.40	122.20	131.00	142.20	153.40			
02336910	0614	20100614	20150614	6	165.83	206.05	24.00	578.00				25.10	32.80	40.50	51.40	70.30	89.20	103.30	111.00	118.70	122.60	123.65	124.70	238.25	396.80	555.35			
02336910	0615	20100615	20150615	6	157.00	205.99	22.00	569.00				22.55	26.40	30.25	38.90	59.55	80.20	92.30	93.00	93.70	101.60	114.90	128.20	241.25	394.20	547.15			
02336910	0616	20100616	20150616	6	109.83	64.30	25.00	215.00				27.55	45.40	63.25	77.90	84.55	91.20	96.65	100.50	104.35	113.20	125.80	138.40	160.25	185.80	211.35			
02336910	0617	20100617	20150617	6	151.50	175.23	20.00	496.00				22.15	37.20	52.25	64.60	70.20	75.80	80.05	82.50	84.95	101.80	129.45	157.10	247.75	363.60	479.45			
02336910	0618	20100618	20150618	6	169.67	235.52	17.00	644.00				18.85	31.80	44.75	56.10	63.45	70.80	78.45	86.50	94.55	104.40	115.60	126.80	258.50	438.40	618.30			
02336910	0619	20100619	20150619	6	147.50	194.78	15.00	539.00				16.75	29.00	41.25	52.30	60.35	68.40	77.05	86.50	95.95	101.60	104.40	107.20	215.75	366.60	517.45			
02336910	0620	20100620	20150620	6	97.00	92.68	13.00	275.00				14.70	26.60	38.50	49.20	56.90	64.60	69.00	69.00	69.00	77.00	91.00	105.00	150.50	208.60	266.70			
02336910	0621	20100621	20150621	6	78.17	53.38	12.00	169.00				13.80	26.40	39.00	49.20	53.40	57.60	63.45	71.50	79.55	85.80	90.70	95.60	115.00	140.20	165.40			
02336910	0622	20100622	20150622	6	71.00	42.31	11.00	129.00				12.85	25.80	38.75	48.40	49.80	51.20	56.95	68.50	80.05	88.20	93.80	99.40	108.00	117.80	127.60			
02336910	0623	20100623	20150623	6	73.95	45.03	9.70	135.00				11.21	21.82	32.42	43.20	54.40	65.60	73.20	76.00	78.80	85.40	94.85	104.30	114.00	123.80	133.60			
02336910	0624	20100624	20150624	6	69.05	42.28	9.30	128.00				10.63	19.98	29.32	39.50	51.75	64.00	71.30	72.00	72.70	77.80	86.20	94.60	104.75	115.60	126.45			
02336910	0625	20100625	20150625	6	70.33	40.33	11.00	113.00				12.20	20.60	29.00	38.30	49.85	61.40	71.60	80.00	88.40	94.20	98.05	101.90	105.50	109.00	112.50			
02336910	0626	20100626	20150626	6	75.98	47.66	9.90	132.00				11.05	19.14	27.23	37.40	52.80	68.20	78.05	80.50	82.95	91.20	103.80	116.40	123.00	127.20	131.40			
02336910	0627	20100627	20150627	6	97.12	94.44	8.70	278.00				10.46	22.82	35.17	46.10	53.45	60.80	67.85	74.50	81.15	87.80	94.45	101.10	146.75	208.00	269.25			
02336910	0628	20100628	20150628	6	78.07	56.53	7.40	146.00				9.18	21.64	34.10	44.40	49.30	54.20	58.80	63.00	67.20	84.40	111.35	138.30	146.00	146.00	146.00			
02336910	0629	20100629	20150629	6	59.62	38.11	6.70	104.00				8.31	19.62	30.93	39.70	42.15	44.60	47.95	52.50	57.05	67.80	83.20	98.60	103.25	103.60	103.95			
02336910	0630	20100630	20150630	6	57.50	43.36	6.00	128.00				7.35	16.80	26.25	33.40	34.80	36.20	39.85	46.50	53.15	61.80	71.95	82.10	95.75	110.80	125.85			
02336910	0701	20100701	20150701	6	58.98	53.14	5.90	156.00				7.11	15.54	23.98	30.10	30.45	30.80	34.75	43.50	52.25	59.80	66.45	73.10	95.25	123.60	151.95			
02336910	0702	20100702	20150702	6	50.67	38.22	5.00	113.00				6.05	13.40	20.75	26.70	29.15	31.60	36.60	45.00	53.40	59.60	64.15	68.70	80.75	95.80	110.85			
02336910	0703	20100703	20150703	6	71.97	71.35	4.80	205.00				5.66	11.68	17.70	24.50	33.25	42.00	50.45	58.50	66.55	72.60	77.15	81.70	113.50	156.20	198.90			
02336910	0704	20100704	20150704	6	133.10	201.64	4.60	541.00				6.32	18.36	30.40	41.50	50.25	59.00	65.20	68.00	70.80	73.20	75.30	77.40	193.75	355.80	517.85			
02336910	0705	20100705	20150705	6	169.45	197.85	4.70	526.00				7.07	23.62	40.17	52.50	54.25	56.00	64.05	80.50	96.95	137.80	196.95	256.10	336.25	424.80	513.35			
02336910	0706	20100706	20150706	6	179.10	277.65	4.60	737.00				6.62	20.76	34.90	45.40	46.80	48.20	55.15	69.50	83.85	101.80	122.45	143.10	296.00	501.80	707.60			
02336910	0707	20100707	20150707	6	161.35	278.94	4.10	728.00				5.95	18.86	31.77	41.30	42.35	43.40	47.15	54.50	61.85	69.20	76.55	83.90	246.50	471.20	695.90			
02336910	0708	20100708	20150708	6	142.32	258.64	3.90	669.00				5.55	17.14	28.73	37.20	37.90	38.60	40.50	44.00	47.50	50.40	52.85	55.30	209.25	423.80	638.35			
02336910	0709	20100709	20150709	6	83.72	126.47	3.30	340.00				4.83	15.58	26.32	34.40	35.80	37.20	38.30	39.00	39.70	41.40	43.85	46.30	120.25	222.80	325.35			
02336910	0710	20100710	20150710	6	70.68	76.08	5.10	215.00				6.50	16.26	26.02	33.00	33.00	33.00	35.10	40.00	44.90	55.80	71.20	86.60	122.00	165.40	208.80			
02336910	0711	20100711	20150711	6	74.50	84.09	23.00	243.00				23.30	25.40	27.50	29.30	30.35	31.40	35.75	44.50	53.25	58.20	60.30	62.40	108.00	171.00	234.00			
02336910	0712	20100712	20150712	6	85.50	85.21	22.00	195.00				22.25	24.00	25.75	27.10	27.45	27.80	30.70	37.00	43.30	75.80	127.95	180.10	195.00	195.00	195.00			
02336910	0713	20100713	20150713	6	74.00	58.84	21.00	151.00				21.25	23.00	24.75	26.30	27.35	28.40	36.35	53.50	70.65	90.20	111.55	132.90	142.00	146.20	150.40			
02336910	0714	20100714	20150714	6	89.83	85.04	26.00	244.00				26.05	26.40	26.75	29.50	38.25	47.00	52.75	54.50	56.25	72.20	98.80	125.40	160.75	199.60	238.45			
02336910	0715	20100715	20150715	6	73.50	50.91	21.00	150.00				22.00	29.00	36.00	41.40	42.80	44.20	47.55	53.50	59.45	74.00	95.00	116.00	129.00	138.80	148.60			
02336910	0716	20100716	20150716	6	66.00	40.68	19.00	123.00				19.85	25.80	31.75	36.30	37.35	38.40	45.60	61.00	76.40	85.60	90.15	94.70	102.75	112.20	121.65			
02336910	0717	20100717	20150717	6	59.33	43.27	15.00	134.00				15.70	20.60	25.50	29.60	31.70	33.80	40.10	52.00	63.90	70.00	71.75	73.50	89.00	110.00	131.00			
02336910	0718	20100718	20150718	6	82.67	102.40	19.00	285.00				19.25	21.00	22.75	24.70	27.15	29.60	33.40	39.00	44.60	55.60	70.65	85.70	138.75	207.00	275.25			
02336910	0719	20100719	20150719	6	95.33	62.08	21.00	185.00				23.00	37.00	51.00	61.00	61.00	61.00	65.50	76.00	86.50	103.40	125.10	146.80	161.00	172.20	183.40			
02336910	0720	20100720	20150720	6	116.17	92.99	35.00	278.00				35.30	37.40	39.50	44.10	54.95	65.80	76.65	87.50	98.35	116.00	138.75	161.50	195.50	234.00	272.50			
02336910	0721	20100721	20150721	6	106.33	70.94	22.00	236.00				24.60	42.80	61.00	75.90	82.55	89.20	94.65	98.50	102.35	105.00	106.75	108.50	140.75	185.20	229.65			
02336910	0722	20100722	20150722	6	145.67	171.75	22.00	489.00				23.80	36.40	49.00	61.00	71.50	82.00	88.60	90.00	91.40	98.60	110.15	121.70	216.00	343.40	470.80			
02336910	0723	20100723	20150723	6	122.00	150.95	14.00	426.00				16.40	33.20	50.00	62.70	65.15	67.60	70.65	74.50	78.35	80.20	80.55	80.90	167.25	288.00	408.75			
02336910	0724	20100724	20150724	6	85.00	67.72	11.00	205.00				12.40	22.20	32.00	41.60	50.70	59.80	67.55	73.50	79.45	87.20	96.30	105.40	132.25	166.20	200.15			
02336910	0725	20100725	20150725	6	77.78	57.67	8.70	155.00				9.77	17.22	24.68	32.70	42.15	51.60	60.75	69.50	78.25	92.40	110.60	128.80	139.25	146.60	153.95			
02336910	0726	20100726	20150726	6	62.22	39.36	7.30	127.00				9.44	24.38	39.33	50.50	52.25	54.00	55.00	55.00	55.00	59.80	68.20	76.60	91.00	107.80	124.60			
02336910	0727	20100727	20150727	6	52.57	33.52	6.40	109.00				8.18	20.64	33.10	42.00	42.00	42.00	43.95	48.50	53.05	56.20	58.30	60.40	73.00	89.80	106.60			
02336910	0728	20100728	20150728	6	51.33	36.27	6.00	101.00				7.30	16.40	25.50	32.60	34.70	36.80	38.60	40.00	41.40	51.40	67.85	84.30	92.00	96.20	100.40			
02336910	0729	20100729	20150729	6	43.20	32.37	5.20	93.00				6.29	13.92	21.55	27.30	28.35	29.40	30.45	31.50	32.55	40.60	53.90	67.20	76.50	84.20	91.90			
02336910	0730	20100730	20150730	6	37.05	28.83	4.30	84.00				5.13	10.98	16.82	21.60	23.70	25.80	27.15	27.50	27.85	34.00	44.50	55.00	64.50	73.60	82.70			
02336910	0731	20100731	20150731	6	47.88	55.90	4.30	157.00				5.18	11.38	17.57	22.10	22.45	22.80	23.45	24.50	25.55	31.80	41.95	52.10	80.50	116.20	151.90			
02336910	0801	20100801	20150801	6	67.37	103.21	6.20	276.00				6.84	11.32	15.80	19.50	21.25	23.00	24.75	26.50	28.25	33.20	40.55	47.90	106.50	185.60	264.70			
02336910	0802	20100802	20150802	6	64.78	86.39	4.70	235.00				5.26	9.22	13.18	17.10	20.95	24.80	28.20	31.00	33.80	42.20	54.80	67.40	112.00	169.40	226.80			
02336910	0803	20100803	20150803	6	49.92	53.62	4.50	145.00				4.97	8.30	11.62	15.10	18.95	22.80	25.75	27.50	29.25	40.20	58.05	75.90	97.00	119.40	141.80			
02336910	0804	20100804	20150804	6	77.93	95.75	4.60	256.00				5.02	7.96	10.90	14.00	17.50	21.00	28.40	41.00	53.60	69.60	88.15	106.70	148.00	198.40	248.80			
02336910	0805	20100805	20150805	6	52.10	51.16	5.60	132.00				5.92	8.16	10.40	12.90	16.05	19.20	24.75	33.50	42.25	56.00	73.50	91.00	105.00	117.60	130.20			
02336910	0806	20100806	20150806	6	41.08	32.79	4.50	87.00				5.08	9.10	13.12	16.20	16.90	17.60	24.00	38.00	52.00	59.00	60.75	62.50	69.00	77.40	85.80			
02336910	0807	20100807	20150807	6	53.47	53.28	8.80	149.00				9.16	11.68	14.20	17.10	20.95	24.80	28.80	33.00	37.20	47.40	62.10	76.80	98.00	121.80	145.60			
02336910	0808	20100808	20150808	6	65.00	44.72	23.00	125.00				23.20	24.60	26.00	27.40	28.80	30.20	37.60	53.00	68.40	81.80	93.70	105.60	113.00	118.60	124.20			
02336910	0809	20100809	20150809	6	83.50	80.04	18.00	207.00				18.15	19.20	20.25	21.60	23.70	25.80	33.75	49.50	65.25	88.80	118.20	147.60	168.75	186.60	204.45			
02336910	0810	20100810	20150810	6	76.83	83.20	13.00	215.00				13.20	14.60	16.00	17.50	19.25	21.00	26.50	37.00	47.50	70.00	101.50	133.00	160.25	185.80	211.35			
02336910	0811	20100811	20150811	6	65.33	67.42	12.00	159.00				12.20	13.60	15.00	16.30	17.35	18.40	22.60	31.00	39.40	63.00	98.00	133.00	147.00	152.60	158.20			
02336910	0812	20100812	20150812	6	57.67	62.69	12.00	164.00				12.10	12.80	13.50	14.20	14.90	15.60	19.00	26.00	33.00	49.60	73.40	97.20	119.00	140.00	161.00			
02336910	0813	20100813	20150813	6	68.40	99.39	9.40	265.00				9.58	10.84	12.10	13.10	13.45	13.80	17.00	24.00	31.00	42.20	56.55	70.90	122.50	189.00	255.50			
02336910	0814	20100814	20150814	6	64.50	75.90	13.00	216.00				13.25	15.00	16.75	20.40	28.80	37.20	42.30	43.00	43.70	46.00	49.50	53.00	94.50	151.20	207.90			
02336910	0815	20100815	20150815	6	50.33	47.70	11.00	143.00				11.40	14.20	17.00	20.70	26.65	32.60	37.05	39.50	41.95	44.40	46.85	49.30	73.25	105.80	138.35			
02336910	0816	20100816	20150816	6	43.00	38.87	10.00	112.00				10.25	12.00	13.75	15.60	17.70	19.80	23.40	29.00	34.60	42.20	51.30	60.40	75.25	92.40	109.55			
02336910	0817	20100817	20150817	6	43.08	41.44	9.50	99.00				9.57	10.10	10.62	11.40	12.80	14.20	17.55	23.50	29.45	44.00	65.00	86.00	93.75	96.20	98.65			
02336910	0818	20100818	20150818	6	39.87	38.50	8.80	106.00				8.83	9.04	9.25	10.36	13.72	17.08	20.80	25.00	29.20	37.80	49.70	61.60	75.25	89.60	103.95			
02336910	0819	20100819	20150819	6	45.02	45.35	9.10	132.00				9.20	9.86	10.53	13.20	20.90	28.60	33.30	34.00	34.70	38.00	43.25	48.50	70.50	99.20	127.90			
02336910	0820	20100820	20150820	6	55.33	52.99	8.00	152.00				8.30	10.40	12.50	16.00	23.00	30.00	36.70	43.00	49.30	56.00	63.00	70.00	92.00	120.00	148.00			
02336910	0821	20100821	20150821	6	74.42	66.04	7.50	160.00				7.72	9.30	10.88	16.10	30.45	44.80	54.80	59.00	63.20	81.80	111.20	140.60	151.75	155.60	159.45			
02336910	0822	20100822	20150822	6	82.70	92.18	7.20	242.00				7.49	9.52	11.55	15.40	23.80	32.20	39.55	45.50	51.45	71.80	102.95	134.10	167.75	202.40	237.05			
02336910	0823	20100823	20150823	6	66.93	57.45	6.60	153.00				6.77	7.96	9.15	13.20	24.40	35.60	49.50	67.00	84.50	93.20	95.30	97.40	111.75	131.00	150.25			
02336910	0824	20100824	20150824	6	71.22	71.99	5.90	179.00				6.03	6.90	7.78	10.96	19.92	28.88	38.05	47.50	56.95	76.60	103.90	131.20	149.00	163.00	177.00			
02336910	0825	20100825	20150825	6	48.88	46.19	5.80	125.00				5.88	6.48	7.08	9.65	17.18	24.70	31.70	38.00	44.30	53.40	64.60	75.80	90.50	106.60	122.70			
02336910	0826	20100826	20150826	6	36.33	33.22	5.40	95.00				5.46	5.88	6.30	8.44	14.88	21.32	27.25	32.50	37.75	41.20	43.30	45.40	58.25	75.40	92.55			
02336910	0827	20100827	20150827	6	32.08	28.99	5.10	82.00				5.12	5.22	5.33	7.06	12.87	18.68	23.65	27.50	31.35	35.40	39.60	43.80	54.25	67.20	80.15			
02336910	0828	20100828	20150828	6	30.27	24.63	4.60	75.00				5.17	9.16	13.15	16.40	17.80	19.20	21.20	24.00	26.80	30.00	33.50	37.00	47.25	60.20	73.15			
02336910	0829	20100829	20150829	6	32.88	22.05	4.30	65.00				5.04	10.18	15.32	19.60	21.70	23.80	26.20	29.00	31.80	36.60	42.90	49.20	54.50	59.40	64.30			
02336910	0830	20100830	20150830	6	34.35	21.98	4.10	59.00				4.75	9.26	13.78	18.30	22.85	27.40	31.20	34.00	36.80	42.00	49.00	56.00	58.25	58.60	58.95			
02336910	0831	20100831	20150831	6	38.90	28.88	4.40	87.00				5.53	13.44	21.35	27.10	27.45	27.80	28.30	29.00	29.70	35.40	44.85	54.30	64.50	75.00	85.50			
02336910	0901	20100901	20150901	6	40.57	32.37	4.40	88.00				5.18	10.64	16.10	20.60	22.70	24.80	27.05	29.50	31.95	40.80	54.45	68.10	76.00	81.60	87.20			
02336910	0902	20100902	20150902	6	49.58	51.22	4.50	145.00				4.97	8.30	11.62	15.00	18.50	22.00	28.50	39.00	49.50	54.40	55.10	55.80	78.25	109.40	140.55			
02336910	0903	20100903	20150903	6	76.45	89.79	4.70	228.00				5.01	7.22	9.43	12.10	15.95	19.80	26.35	36.50	46.65	69.20	101.05	132.90	163.50	193.60	223.70			
02336910	0904	20100904	20150904	6	95.92	115.06	5.00	248.00				5.22	6.80	8.38	10.45	13.78	17.10	24.70	38.00	51.30	93.00	156.00	219.00	239.75	243.60	247.45			
02336910	0905	20100905	20150905	6	66.85	60.38	9.10	152.00				9.49	12.26	15.03	19.80	29.60	39.40	45.15	45.50	45.85	63.20	93.30	123.40	137.00	144.00	151.00			
02336910	0906	20100906	20150906	6	60.80	46.68	8.80	121.00				9.16	11.68	14.20	18.00	25.00	32.00	43.50	61.00	78.50	88.20	92.05	95.90	103.00	111.40	119.80			
02336910	0907	20100907	20150907	6	44.23	29.79	8.40	80.00				8.73	11.04	13.35	16.70	22.65	28.60	36.65	47.50	58.35	63.80	65.20	66.60	70.25	74.80	79.35			
02336910	0908	20100908	20150908	6	56.77	59.51	8.60	169.00				8.87	10.76	12.65	15.70	21.65	27.60	33.40	39.00	44.60	51.80	60.20	68.60	95.50	129.80	164.10			
02336910	0909	20100909	20150909	6	43.87	41.00	8.20	117.00				8.44	10.12	11.80	14.70	20.65	26.60	30.00	30.00	30.00	37.00	49.25	61.50	78.00	96.20	114.40			
02336910	0910	20100910	20150910	6	34.08	24.98	7.50	68.00				7.78	9.70	11.62	13.90	17.05	20.20	23.80	28.00	32.20	39.20	48.30	57.40	62.00	64.80	67.60			
02336910	0911	20100911	20150911	6	30.25	20.89	6.50	54.00				6.78	8.70	10.62	12.50	14.25	16.00	20.60	29.00	37.40	43.00	46.50	50.00	51.75	52.80	53.85			
02336910	0912	20100912	20150912	6	29.28	20.52	5.70	50.00				6.01	8.22	10.43	12.30	13.35	14.40	19.20	29.00	38.80	44.40	46.85	49.30	50.00	50.00	50.00			
02336910	0913	20100913	20150913	6	26.28	18.54	4.70	46.00				5.07	7.62	10.18	12.10	12.45	12.80	16.45	24.50	32.55	38.00	41.50	45.00	46.00	46.00	46.00			
02336910	0914	20100914	20150914	6	23.85	15.84	4.10	42.00				4.54	7.66	10.78	13.10	13.45	13.80	16.25	21.50	26.75	31.40	35.60	39.80	41.25	41.60	41.95			
02336910	0915	20100915	20150915	6	21.75	14.57	3.50	39.00				3.88	6.50	9.12	11.40	12.80	14.20	16.35	19.50	22.65	26.80	31.70	36.60	38.25	38.60	38.95			
02336910	0916	20100916	20150916	6	20.73	13.68	3.50	37.00				3.82	6.06	8.30	10.51	12.64	14.78	16.90	19.00	21.10	24.80	29.70	34.60	36.25	36.60	36.95			
02336910	0917	20100917	20150917	6	19.65	13.12	3.40	35.00				3.71	5.84	7.97	10.05	11.97	13.90	15.75	17.50	19.25	23.00	28.25	33.50	35.00	35.00	35.00			
02336910	0918	20100918	20150918	6	18.70	11.70	4.70	33.00				4.94	6.62	8.30	9.95	11.53	13.10	14.75	16.50	18.25	21.60	26.15	30.70	32.25	32.60	32.95			
02336910	0919	20100919	20150919	6	19.07	9.40	9.40	32.00				9.48	10.04	10.60	11.40	12.80	14.20	15.45	16.50	17.55	20.20	24.05	27.90	29.75	30.80	31.85			
02336910	0920	20100920	20150920	6	17.68	9.28	8.20	31.00				8.29	8.88	9.47	10.31	11.74	13.18	14.30	15.00	15.70	18.20	22.05	25.90	28.00	29.40	30.80			
02336910	0921	20100921	20150921	6	22.98	21.42	6.90	65.00				7.16	8.94	10.72	12.20	12.90	13.60	14.15	14.50	14.85	17.00	20.50	24.00	35.00	49.00	63.00			
02336910	0922	20100922	20150922	6	34.95	52.27	5.80	141.00				6.00	7.44	8.88	10.41	12.20	13.98	15.00	15.00	15.00	16.60	19.40	22.20	52.50	93.80	135.10			
02336910	0923	20100923	20150923	6	63.95	85.55	4.80	216.00				5.05	6.84	8.62	10.41	12.20	13.98	15.90	18.00	20.10	40.20	73.80	107.40	141.75	176.40	211.05			
02336910	0924	20100924	20150924	6	53.32	72.70	3.60	189.00				3.83	5.48	7.12	8.97	11.31	13.66	15.75	17.50	19.25	32.80	55.20	77.60	110.25	147.00	183.75			
02336910	0925	20100925	20150925	6	53.60	49.04	3.70	119.00				3.91	5.38	6.85	9.11	13.35	17.58	29.60	52.00	74.40	84.60	85.65	86.70	95.00	106.20	117.40			
02336910	0926	20100926	20150926	6	55.65	50.60	2.90	119.00				3.71	9.34	14.97	19.00	19.00	19.00	25.30	40.00	54.70	71.40	89.60	107.80	114.50	116.60	118.70			
02336910	0927	20100927	20150927	6	53.30	43.19	2.80	110.00				3.61	9.28	14.95	21.10	28.45	35.80	41.20	44.00	46.80	58.40	76.60	94.80	102.50	106.00	109.50			
02336910	0928	20100928	20150928	6	47.58	35.46	2.50	86.00				3.27	8.70	14.12	19.20	23.40	27.60	35.40	48.00	60.60	69.40	75.35	81.30	83.75	84.80	85.85			
02336910	0929	20100929	20150929	6	38.95	28.65	2.70	72.00				3.46	8.82	14.18	18.70	21.15	23.60	28.00	35.00	42.00	50.20	59.30	68.40	71.25	71.60	71.95			
02336910	0930	20100930	20150930	6	32.50	23.06	4.00	63.00				4.75	10.00	15.25	19.20	19.90	20.60	22.50	26.00	29.50	36.20	45.30	54.40	58.50	60.60	62.70			
02336910	1001	20101001	20151001	6	36.17	18.35	18.00	61.00				18.00	18.00	18.00	18.70	21.15	23.60	27.85	34.50	41.15	45.40	47.85	50.30	53.50	57.00	60.50			
02336910	1002	20101002	20151002	6	36.17	22.06	16.00	69.00				16.00	16.00	16.00	16.40	17.80	19.20	24.20	34.00	43.80	48.00	48.00	48.00	53.25	60.60	67.95			
02336910	1003	20101003	20151003	6	40.17	36.74	15.00	112.00				15.15	16.20	17.25	18.50	20.25	22.00	23.75	25.50	27.25	31.40	37.35	43.30	61.75	85.20	108.65			
02336910	1004	20101004	20151004	6	44.83	52.84	13.00	150.00				13.10	13.80	14.50	15.10	15.45	15.80	18.40	24.00	29.60	34.20	38.05	41.90	69.75	107.20	144.65			
02336910	1005	20101005	20151005	6	40.67	48.40	12.00	137.00				12.05	12.40	12.75	13.20	13.90	14.60	16.80	21.00	25.20	29.60	34.15	38.70	64.25	98.20	132.15			
02336910	1006	20101006	20151006	6	37.25	38.10	9.50	107.00				9.68	10.90	12.12	13.30	14.35	15.40	16.90	19.00	21.10	28.80	40.70	52.60	68.75	86.60	104.45			
02336910	1007	20101007	20151007	6	97.72	172.12	7.30	444.00				7.58	9.58	11.57	13.20	13.90	14.60	15.90	18.00	20.10	34.00	56.75	79.50	175.50	300.80	426.10			
02336910	1008	20101008	20151008	6	74.80	125.72	5.80	327.00				6.11	8.28	10.45	12.30	13.35	14.40	15.60	17.00	18.40	29.20	47.05	64.90	134.25	224.20	314.15			
02336910	1009	20101009	20151009	6	46.25	60.74	5.50	164.00				5.78	7.70	9.62	11.40	12.80	14.20	16.20	19.00	21.80	30.20	42.80	55.40	85.25	122.00	158.75			
02336910	1010	20101010	20151010	6	52.75	62.40	7.50	155.00				7.67	8.90	10.12	11.30	12.35	13.40	15.35	18.50	21.65	39.60	68.65	97.70	118.25	135.40	152.55			
02336910	1011	20101011	20151011	6	57.80	79.43	5.80	209.00				6.16	8.68	11.20	13.00	13.00	13.00	14.35	17.50	20.65	34.40	56.10	77.80	115.25	159.00	202.75			
02336910	1012	20101012	20151012	6	45.77	55.07	4.60	147.00				4.97	7.56	10.15	12.50	14.25	16.00	17.75	19.50	21.25	32.00	49.50	67.00	90.75	117.00	143.25			
02336910	1013	20101013	20151013	6	36.62	37.62	3.70	101.00				4.21	7.82	11.43	14.20	14.90	15.60	16.90	19.00	21.10	30.20	44.55	58.90	72.50	85.80	99.10			
02336910	1014	20101014	20151014	6	61.10	71.80	3.60	195.00				4.12	7.76	11.40	14.30	15.35	16.40	23.00	37.00	51.00	61.60	69.65	77.70	108.75	149.00	189.25			
02336910	1015	20101015	20151015	6	79.35	121.96	3.10	323.00				3.59	7.06	10.53	13.30	14.35	15.40	21.85	35.50	49.15	57.20	61.05	64.90	130.25	220.20	310.15			
02336910	1016	20101016	20151016	6	51.52	59.92	6.10	165.00				6.39	8.46	10.53	12.20	12.90	13.60	20.30	35.00	49.70	56.00	56.00	56.00	83.25	121.40	159.55			
02336910	1017	20101017	20151017	6	37.88	34.48	4.30	92.00				4.69	7.38	10.07	12.00	12.00	12.00	17.40	30.00	42.60	50.20	54.05	57.90	67.25	78.80	90.35			
02336910	1018	20101018	20151018	6	34.95	29.96	4.70	75.00				5.01	7.22	9.43	11.10	11.45	11.80	16.80	28.00	39.20	47.80	54.45	61.10	66.00	70.20	74.40			
02336910	1019	20101019	20151019	6	33.10	26.65	5.60	75.00				5.92	8.16	10.40	12.40	13.80	15.20	19.90	29.00	38.10	43.20	45.30	47.40	54.75	64.20	73.65			
02336910	1020	20101020	20151020	6	31.92	23.57	6.50	70.00				6.78	8.70	10.62	12.90	16.05	19.20	24.00	31.00	38.00	41.00	41.00	41.00	48.25	58.40	68.55			
02336910	1021	20101021	20151021	6	29.30	21.39	5.80	63.00				6.11	8.28	10.45	12.60	14.70	16.80	20.85	27.50	34.15	37.60	38.65	39.70	45.75	53.80	61.85			
02336910	1022	20101022	20151022	6	27.77	20.38	4.60	59.00				4.92	7.16	9.40	11.70	14.15	16.60	20.40	26.00	31.60	35.20	37.30	39.40	44.75	51.40	58.05			
02336910	1023	20101023	20151023	6	26.47	19.38	4.80	56.00				5.11	7.28	9.45	11.50	13.25	15.00	18.40	24.00	29.60	33.40	35.85	38.30	43.25	49.20	55.15			
02336910	1024	20101024	20151024	6	25.15	18.22	3.90	51.00				4.21	6.34	8.47	10.60	12.70	14.80	18.25	23.50	28.75	32.60	35.40	38.20	42.00	46.20	50.40			
02336910	1025	20101025	20151025	6	26.10	16.76	4.60	50.00				5.12	8.76	12.40	15.30	16.35	17.40	19.80	24.00	28.20	31.80	34.95	38.10	41.75	45.60	49.45			
02336910	1026	20101026	20151026	6	29.27	18.41	4.60	53.00				5.12	8.76	12.40	16.20	20.40	24.60	27.30	28.00	28.70	32.60	38.90	45.20	48.50	50.60	52.70			
02336910	1027	20101027	20151027	6	49.58	42.94	5.50	104.00				5.88	8.50	11.12	14.60	20.20	25.80	31.55	37.50	43.45	56.80	75.70	94.60	101.00	102.40	103.80			
02336910	1028	20101028	20151028	6	67.08	72.74	7.50	194.00				7.78	9.70	11.62	14.60	20.20	25.80	31.70	38.00	44.30	60.00	82.75	105.50	132.50	161.20	189.90			
02336910	1029	20101029	20151029	6	60.08	57.75	6.50	152.00				6.88	9.50	12.12	15.50	20.75	26.00	32.45	40.50	48.55	63.00	82.25	101.50	118.25	134.00	149.75			
02336910	1030	20101030	20151030	6	47.67	35.08	8.00	89.00				8.35	10.80	13.25	16.80	23.10	29.40	36.15	43.50	50.85	60.60	72.15	83.70	87.50	88.20	88.90			
02336910	1031	20101031	20151031	6	40.47	26.10	7.80	75.00				8.16	10.68	13.20	16.90	23.55	30.20	37.00	44.00	51.00	54.60	55.65	56.70	61.50	67.80	74.10			
02336910	1101	20101101	20151101	6	56.52	57.63	9.10	163.00				9.39	11.46	13.53	16.60	22.20	27.80	32.80	37.00	41.20	50.00	62.25	74.50	99.25	129.00	158.75			
02336910	1102	20101102	20151102	6	155.38	286.01	9.30	735.00				9.63	11.98	14.32	17.40	22.30	27.20	31.05	33.50	35.95	50.60	74.40	98.20	262.50	483.00	703.50			
02336910	1103	20101103	20151103	6	226.33	463.20	12.00	1170.00				12.35	14.80	17.25	20.00	23.50	27.00	29.90	32.00	34.10	46.60	66.90	87.20	362.25	739.20	1116.15			
02336910	1104	20101104	20151104	6	161.83	297.69	12.00	768.00				12.80	18.40	24.00	29.20	33.40	37.60	41.35	44.50	47.65	54.00	62.75	71.50	247.50	490.40	733.30			
02336910	1105	20101105	20151105	6	75.17	93.96	13.00	264.00				13.75	19.00	24.25	29.10	32.95	36.80	39.90	42.00	44.10	48.40	54.35	60.30	112.50	183.20	253.90			
02336910	1106	20101106	20151106	6	68.33	66.34	29.00	202.00				29.10	29.80	30.50	32.40	37.30	42.20	45.00	45.00	45.00	47.60	52.15	56.70	94.00	144.40	194.80			
02336910	1107	20101107	20151107	6	156.33	254.37	26.00	672.00				26.20	27.60	29.00	31.30	35.85	40.40	45.40	51.00	56.60	68.80	85.95	103.10	249.00	446.40	643.80			
02336910	1108	20101108	20151108	6	195.33	370.60	23.00	951.00				23.35	25.80	28.25	31.00	34.50	38.00	43.15	50.50	57.85	62.20	64.30	66.40	288.00	597.40	906.80			
02336910	1109	20101109	20151109	6	211.67	425.58	22.00	1080.00				22.40	25.20	28.00	30.80	33.60	36.40	38.30	39.00	39.70	44.00	51.00	58.00	315.00	672.00	1029.00			
02336910	1110	20101110	20151110	6	192.17	384.19	23.00	976.00				23.30	25.40	27.50	29.10	29.45	29.80	31.05	33.50	35.95	41.20	48.55	55.90	287.50	608.80	930.10			
02336910	1111	20101111	20151111	6	135.50	248.46	22.00	642.00				22.05	22.40	22.75	23.90	27.05	30.20	32.75	34.50	36.25	41.00	48.00	55.00	203.25	408.00	612.75			
02336910	1112	20101112	20151112	6	81.83	120.28	19.00	326.00				19.20	20.60	22.00	23.90	27.05	30.20	32.60	34.00	35.40	39.80	46.45	53.10	122.75	217.60	312.45			
02336910	1113	20101113	20151113	6	64.50	78.67	20.00	223.00				20.10	20.80	21.50	22.80	25.60	28.40	31.05	33.50	35.95	40.60	46.90	53.20	97.00	155.80	214.60			
02336910	1114	20101114	20151114	6	56.50	60.21	21.00	177.00				21.00	21.00	21.00	21.80	24.60	27.40	30.50	34.00	37.50	41.60	46.15	50.70	83.25	127.00	170.75			
02336910	1115	20101115	20151115	6	63.67	54.62	19.00	154.00				19.15	20.20	21.25	22.70	25.15	27.60	32.60	41.00	49.40	63.40	81.60	99.80	117.25	134.40	151.55			
02336910	1116	20101116	20151116	6	95.00	71.29	18.00	198.00				18.55	22.40	26.25	31.90	42.05	52.20	67.90	91.00	114.10	127.80	134.45	141.10	156.75	176.00	195.25			
02336910	1117	20101117	20151117	6	194.83	190.19	17.00	549.00				19.40	36.20	53.00	72.00	96.50	121.00	138.90	148.00	157.10	177.20	205.55	233.90	318.75	426.20	533.65			
02336910	1118	20101118	20151118	6	234.33	290.25	17.00	805.00				19.70	38.60	57.50	74.50	86.75	99.00	114.55	134.50	154.45	179.20	207.55	235.90	384.25	580.60	776.95			
02336910	1119	20101119	20151119	6	328.17	444.98	16.00	1140.00				18.80	38.40	58.00	72.70	75.15	77.60	82.30	90.00	97.70	193.00	354.00	515.00	705.75	908.40	1111.05			
02336910	1120	20101120	20151120	6	223.33	357.36	16.00	945.00				18.55	36.40	54.25	67.00	67.00	67.00	67.45	68.50	69.55	91.00	127.75	164.50	367.50	637.00	906.50			
02336910	1121	20101121	20151121	6	124.50	153.52	15.00	430.00				17.05	31.40	45.75	56.40	57.80	59.20	60.60	62.00	63.40	75.60	95.90	116.20	199.00	306.80	414.60			
02336910	1122	20101122	20151122	6	89.83	82.04	15.00	248.00				17.05	31.40	45.75	56.20	56.90	57.60	58.60	60.00	61.40	69.60	82.90	96.20	137.00	188.80	240.60			
02336910	1123	20101123	20151123	6	124.33	88.58	16.00	212.00				17.90	31.20	44.50	55.10	58.95	62.80	84.50	130.00	175.50	196.80	199.95	203.10	206.00	208.80	211.60			
02336910	1124	20101124	20151124	6	220.17	307.65	17.00	835.00				19.30	35.40	51.50	63.10	63.45	63.80	79.75	116.50	153.25	169.80	171.20	172.60	338.50	570.20	801.90			
02336910	1125	20101125	20151125	6	181.00	245.46	15.00	672.00				17.35	33.80	50.25	62.10	62.45	62.80	71.40	91.00	110.60	126.20	138.80	151.40	284.25	465.20	646.15			
02336910	1126	20101126	20151126	6	130.17	98.16	15.00	290.00				17.40	34.20	51.00	65.30	73.35	81.40	94.85	115.50	136.15	152.40	165.35	178.30	209.00	246.80	284.60			
02336910	1127	20101127	20151127	6	149.33	159.45	15.00	457.00				17.35	33.80	50.25	62.60	64.70	66.80	78.50	103.00	127.50	141.60	147.90	154.20	231.25	336.60	441.95			
02336910	1128	20101128	20151128	6	142.17	123.78	16.00	373.00				18.15	33.20	48.25	65.30	87.35	109.40	123.95	128.50	133.05	137.60	142.15	146.70	204.25	283.00	361.75			
02336910	1129	20101129	20151129	6	125.33	84.11	16.00	234.00				18.05	32.40	46.75	61.90	79.05	96.20	110.05	119.50	128.95	147.60	173.15	198.70	213.00	222.80	232.60			
02336910	1130	20101130	20151130	6	119.50	58.19	16.00	187.00				20.10	48.80	77.50	101.40	113.30	125.20	132.90	135.00	137.10	139.60	142.40	145.20	156.25	170.60	184.95			
02336910	1201	20101201	20151201	6	152.00	144.89	15.00	435.00				18.90	46.20	73.50	95.20	102.90	110.60	116.50	120.00	123.50	125.80	127.20	128.60	205.50	312.60	419.70			
02336910	1202	20101202	20151202	6	131.67	99.41	15.00	307.00				18.70	44.60	70.50	89.60	91.70	93.80	97.70	104.00	110.30	124.60	144.90	165.20	205.00	252.60	300.20			
02336910	1203	20101203	20151203	6	117.83	71.26	16.00	209.00				19.10	40.80	62.50	78.80	81.60	84.40	94.10	113.00	131.90	147.60	160.90	174.20	185.75	196.60	207.45			
02336910	1204	20101204	20151204	6	103.67	59.07	16.00	173.00				18.65	37.20	55.75	70.40	75.30	80.20	89.00	103.00	117.00	130.00	142.25	154.50	161.75	167.00	172.25			
02336910	1205	20101205	20151205	6	95.50	53.87	17.00	165.00				19.35	35.80	52.25	65.70	71.65	77.60	84.30	92.00	99.70	111.00	125.00	139.00	148.50	156.20	163.90			
02336910	1206	20101206	20151206	6	164.50	198.32	18.00	560.00				20.25	36.00	51.75	65.40	73.80	82.20	93.15	107.50	121.85	128.60	129.65	130.70	238.25	388.40	538.55			
02336910	1207	20101207	20151207	6	206.17	215.20	17.00	622.00				20.00	41.00	62.00	82.20	100.40	118.60	138.60	161.00	183.40	194.20	196.30	198.40	304.75	452.80	600.85			
02336910	1208	20101208	20141208	5	182.60	162.42	18.00	435.00					28.60	44.50	60.40	80.20	107.80	135.40	163.00	181.90	200.80	219.70	267.80	330.50	393.20				
02336910	1209	20101209	20141209	5	191.00	226.50	16.00	583.00					26.00	41.00	56.00	71.60	88.40	105.20	122.00	135.80	149.60	163.40	251.00	375.50	500.00				
02336910	1210	20101210	20141210	5	241.40	357.96	37.00	879.00					42.60	51.00	59.40	69.00	81.00	93.00	105.00	109.80	114.60	119.40	272.60	500.00	727.40				
02336910	1211	20101211	20141211	5	219.80	301.70	65.00	759.00					68.40	73.50	78.60	83.30	87.20	91.10	95.00	95.90	96.80	97.70	230.20	428.50	626.80				
02336910	1212	20101212	20141212	5	141.80	125.60	74.00	366.00					76.00	79.00	82.00	84.40	85.60	86.80	88.00	90.70	93.40	96.10	150.80	231.50	312.20				
02336910	1213	20101213	20141213	5	110.20	68.48	53.00	227.00					57.80	65.00	72.20	77.60	79.40	81.20	83.00	91.40	99.80	108.20	134.20	169.00	203.80				
02336910	1214	20101214	20141214	5	106.00	84.20	39.00	253.00					45.40	55.00	64.60	71.90	74.60	77.30	80.00	82.10	84.20	86.30	120.20	170.00	219.80				
02336910	1215	20101215	20141215	5	119.60	123.16	32.00	337.00					39.20	50.00	60.80	69.00	72.00	75.00	78.00	79.50	81.00	82.50	133.80	210.00	286.20				
02336910	1216	20101216	20141216	5	105.60	93.61	35.00	270.00					41.20	50.50	59.80	67.20	70.80	74.40	78.00	78.30	78.60	78.90	117.20	174.50	231.80				
02336910	1217	20101217	20141217	5	112.20	53.49	64.00	201.00					67.40	72.50	77.60	82.60	87.40	92.20	97.00	103.30	109.60	115.90	134.60	159.50	184.40				
02336910	1218	20101218	20141218	5	108.40	44.62	60.00	172.00					63.80	69.50	75.20	80.90	86.60	92.30	98.00	108.50	119.00	129.50	140.80	152.50	164.20				
02336910	1219	20101219	20141219	5	95.00	36.24	57.00	154.00					61.00	67.00	73.00	78.60	83.40	88.20	93.00	93.30	93.60	93.90	106.00	124.00	142.00				
02336910	1220	20101220	20141220	5	94.80	33.86	56.00	145.00					60.40	67.00	73.60	78.80	81.20	83.60	86.00	92.90	99.80	106.70	116.20	127.00	137.80				
02336910	1221	20101221	20141221	5	111.20	46.22	77.00	179.00					77.40	78.00	78.60	79.20	79.80	80.40	81.00	98.70	116.40	134.10	147.80	159.50	171.20				
02336910	1222	20101222	20141222	5	206.20	214.37	75.00	585.00					76.60	79.00	81.40	88.10	103.40	118.70	134.00	140.00	146.00	152.00	240.20	369.50	498.80				
02336910	1223	20101223	20141223	5	631.80	844.90	72.00	2040.00					75.60	81.00	86.40	95.80	113.20	130.60	148.00	346.30	544.60	742.90	1055.20	1424.50	1793.80				
02336910	1224	20101224	20141224	5	732.60	777.27	69.00	1970.00					70.20	72.00	73.80	138.20	327.80	517.40	707.00	747.50	788.00	828.50	1067.60	1406.00	1744.40				
02336910	1225	20101225	20141225	5	505.80	469.00	69.00	1070.00					73.40	80.00	86.60	118.80	202.20	285.60	369.00	537.30	705.60	873.90	958.00	1000.00	1042.00				
02336910	1226	20101226	20141226	5	378.20	211.61	82.00	592.00					119.80	176.50	233.20	282.20	315.80	349.40	383.00	437.00	491.00	545.00	568.80	577.50	586.20				
02336910	1227	20101227	20141227	5	338.80	226.38	83.00	675.00					114.20	161.00	207.80	240.90	246.60	252.30	258.00	312.30	366.60	420.90	486.20	557.00	627.80				
02336910	1228	20101228	20141228	5	363.60	211.67	76.00	613.00					106.60	152.50	198.40	248.60	307.40	366.20	425.00	440.00	455.00	470.00	502.60	544.00	585.40				
02336910	1229	20101229	20141229	5	427.80	317.95	73.00	926.00					121.80	195.00	268.20	317.10	317.40	317.70	318.00	374.10	430.20	486.30	589.20	715.50	841.80				
02336910	1230	20101230	20141230	5	361.80	265.68	72.00	748.00					98.20	137.50	176.80	211.50	237.00	262.50	288.00	351.00	414.00	477.00	548.00	623.00	698.00				
02336910	1231	20101231	20141231	5	221.40	115.86	72.00	349.00					89.80	116.50	143.20	164.80	176.20	187.60	199.00	237.10	275.20	313.30	330.60	337.50	344.40				
