site_no	monthday	begin_dt	end_dt	count_nu	mean	std	min	max	p01	p05	p10	p15	p20	p25	p30	p35	p40	p45	p50	p55	p60	p65	p70	p75	p80	p85	p90	p95	p99
03168000	ALL	19291001	20160207	31541	3192.35	3209.75	369.00	95000.00	702.00	926.00	1080.00	1230.00	1380.00	1530.00	1680.00	1840.00	2010.00	2200.00	2380.00	2600.00	2830.00	3100.00	3400.00	3750.00	4200.00	4810.00	5760.00	7819.00	16100.00
03168000	0101	19300101	20160101	87	3852.84	3536.22	810.00	20800.00		1028.00	1108.00	1270.00	1730.00	1940.00	2258.00	2418.00	2514.00	2678.00	2800.00	3026.00	3154.00	3274.00	3710.00	4200.00	4954.00	5942.00	7664.00	11784.00	
03168000	0102	19300102	20160102	87	3723.86	2834.43	783.00	12800.00		952.60	1204.00	1404.00	1792.00	2080.00	2268.00	2500.00	2616.00	2786.00	2880.00	3172.00	3296.00	3688.00	3910.00	4020.00	4586.00	5000.00	8576.00	11980.00	
03168000	0103	19300103	20160103	87	3593.72	2616.77	796.00	16700.00		1042.60	1220.00	1506.00	1960.00	2270.00	2362.00	2410.00	2648.00	2712.00	2890.00	2998.00	3232.00	3680.00	3944.00	4080.00	4606.00	5460.00	6654.00	8716.00	
03168000	0104	19300104	20160104	87	3641.34	2725.32	770.00	15100.00		952.00	1184.00	1542.00	1976.00	2200.00	2394.00	2508.00	2732.00	2896.00	3070.00	3110.00	3286.00	3472.00	3610.00	4070.00	4920.00	5346.00	6058.00	10556.00	
03168000	0105	19300105	20160105	87	3390.89	2433.70	500.00	17000.00		873.60	1158.00	1512.00	1830.00	1990.00	2224.00	2370.00	2644.00	2818.00	3060.00	3200.00	3326.00	3500.00	3686.00	3930.00	4302.00	4632.00	5668.00	7834.00	
03168000	0106	19300106	20160106	87	3273.07	1884.80	800.00	9070.00		980.20	1170.00	1468.00	1656.00	1970.00	2126.00	2340.00	2660.00	2724.00	2900.00	3082.00	3224.00	3454.00	3592.00	4120.00	4592.00	5054.00	5746.00	7956.00	
03168000	0107	19300107	20160107	87	3476.95	2604.09	793.00	18700.00		1038.00	1192.00	1442.00	1710.00	2000.00	2208.00	2494.00	2562.00	2822.00	3020.00	3172.00	3240.00	3472.00	3764.00	3880.00	4356.00	5104.00	5464.00	9204.00	
03168000	0108	19300108	20160108	87	3869.84	4686.96	840.00	34100.00		967.60	1098.00	1496.00	1760.00	1900.00	2104.00	2316.00	2422.00	2528.00	2930.00	3020.00	3154.00	3376.00	3718.00	4110.00	4454.00	4932.00	5812.00	10560.00	
03168000	0109	19300109	20160109	87	3785.23	3655.20	582.00	21200.00		962.80	1124.00	1400.00	1530.00	1920.00	2094.00	2298.00	2396.00	2550.00	2640.00	2932.00	3070.00	3220.00	3460.00	4130.00	4884.00	6340.00	7734.00	11520.00	
03168000	0110	19300110	20160110	87	3523.24	3053.59	600.00	21200.00		925.80	1128.00	1328.00	1650.00	1780.00	2022.00	2210.00	2464.00	2566.00	2670.00	2828.00	3120.00	3362.00	3488.00	3970.00	4478.00	4950.00	7014.00	9388.00	
03168000	0111	19300111	20160111	87	3211.28	1988.41	700.00	10300.00		892.00	1112.00	1264.00	1634.00	1820.00	2040.00	2128.00	2274.00	2642.00	2740.00	3028.00	3118.00	3254.00	3714.00	4140.00	4688.00	5298.00	5560.00	7402.00	
03168000	0112	19300112	20160112	87	3335.07	2335.47	700.00	15300.00		876.80	1116.00	1320.00	1708.00	1870.00	2128.00	2300.00	2364.00	2508.00	2770.00	2940.00	3258.00	3402.00	3680.00	4080.00	4532.00	5154.00	6334.00	7836.00	
03168000	0113	19300113	20160113	87	3249.41	2154.17	750.00	11700.00		947.60	1102.00	1300.00	1728.00	1900.00	2044.00	2224.00	2348.00	2600.00	2770.00	2896.00	3208.00	3304.00	3486.00	3940.00	4348.00	4730.00	5924.00	8466.00	
03168000	0114	19300114	20160114	87	3430.69	2442.24	792.00	14600.00		1029.20	1186.00	1448.00	1524.00	1890.00	2064.00	2300.00	2444.00	2762.00	2840.00	3044.00	3192.00	3428.00	3580.00	4000.00	4796.00	5340.00	6462.00	8242.00	
03168000	0115	19300115	20160115	87	4367.48	9040.34	981.00	84700.00		1054.00	1256.00	1520.00	1760.00	2020.00	2216.00	2400.00	2568.00	2766.00	2900.00	3094.00	3298.00	3620.00	3784.00	3960.00	4572.00	5206.00	5492.00	10812.00	
03168000	0116	19300116	20160116	87	4149.15	5988.07	906.00	47400.00		1000.00	1280.00	1410.00	1606.00	2000.00	2194.00	2320.00	2492.00	2662.00	2970.00	3088.00	3254.00	3604.00	4034.00	4490.00	4980.00	5782.00	6454.00	7992.00	
03168000	0117	19300117	20160117	87	3508.97	2912.34	700.00	20600.00		1002.60	1400.00	1532.00	1630.00	1840.00	2080.00	2292.00	2356.00	2556.00	2660.00	2860.00	3076.00	3364.00	4008.00	4260.00	5052.00	5676.00	6510.00	6962.00	
03168000	0118	19300118	20160118	87	3475.75	2941.63	750.00	19600.00		941.40	1440.00	1542.00	1696.00	1820.00	2094.00	2232.00	2392.00	2480.00	2690.00	2928.00	3162.00	3320.00	3758.00	4140.00	4506.00	5130.00	5924.00	8438.00	
03168000	0119	19300119	20160119	87	3962.38	5520.42	840.00	49200.00		1064.00	1386.00	1580.00	1772.00	1950.00	2060.00	2140.00	2208.00	2468.00	2950.00	3180.00	3318.00	3510.00	3596.00	3810.00	4338.00	4900.00	6708.00	11780.00	
03168000	0120	19300120	20160120	87	4044.57	4505.77	838.00	30800.00		1112.00	1418.00	1592.00	1764.00	2000.00	2232.00	2456.00	2648.00	2800.00	2930.00	3124.00	3300.00	3412.00	3616.00	4040.00	4278.00	5348.00	7448.00	13644.00	
03168000	0121	19300121	20160121	87	3977.32	3508.93	900.00	22500.00		983.20	1214.00	1604.00	1786.00	1960.00	2140.00	2362.00	2744.00	2856.00	2980.00	3144.00	3316.00	3810.00	4234.00	4720.00	5072.00	5970.00	7280.00	12100.00	
03168000	0122	19300122	20160122	87	3948.38	2900.21	910.00	15400.00		974.40	1288.00	1520.00	1760.00	1870.00	2068.00	2460.00	2600.00	2772.00	3000.00	3276.00	3648.00	3866.00	4480.00	5390.00	6066.00	6656.00	8064.00	9880.00	
03168000	0123	19300123	20160123	87	4009.07	3545.96	900.00	23800.00		968.00	1348.00	1540.00	1796.00	2120.00	2352.00	2622.00	2784.00	2898.00	3260.00	3522.00	3660.00	3816.00	4038.00	4730.00	5498.00	6160.00	7422.00	8544.00	
03168000	0124	19300124	20160124	87	3800.63	2418.58	860.00	13900.00		972.00	1240.00	1422.00	1740.00	2070.00	2184.00	2628.00	2800.00	3194.00	3300.00	3568.00	3754.00	4174.00	4540.00	5000.00	5434.00	6086.00	6706.00	8904.00	
03168000	0125	19300125	20160125	87	4122.36	3719.05	864.00	31100.00		990.60	1292.00	1400.00	1548.00	2040.00	2350.00	2736.00	3072.00	3250.00	3290.00	3504.00	3932.00	4328.00	4754.00	5120.00	5648.00	6506.00	7018.00	9224.00	
03168000	0126	19300126	20160126	87	4254.90	6061.77	828.00	54200.00		935.20	1200.00	1392.00	1600.00	2050.00	2396.00	2556.00	2852.00	3030.00	3190.00	3538.00	3668.00	3940.00	4262.00	4570.00	5248.00	5810.00	6008.00	9724.00	
03168000	0127	19300127	20160127	87	3862.87	3410.41	850.00	22500.00		912.80	1326.00	1502.00	1748.00	1920.00	2270.00	2458.00	2760.00	2988.00	3210.00	3478.00	3776.00	3836.00	4152.00	4350.00	5006.00	5584.00	6308.00	8128.00	
03168000	0128	19300128	20160128	87	3742.97	3050.53	800.00	20800.00		925.00	1134.00	1446.00	1736.00	2000.00	2294.00	2496.00	2640.00	2840.00	3010.00	3188.00	3332.00	3642.00	4006.00	4330.00	4958.00	5672.00	6686.00	9324.00	
03168000	0129	19300129	20160129	87	3630.49	2485.94	760.00	11500.00		893.20	1178.00	1416.00	1784.00	2000.00	2350.00	2458.00	2574.00	2692.00	2760.00	3096.00	3218.00	3604.00	4098.00	4420.00	4914.00	5912.00	7452.00	10052.00	
03168000	0130	19300130	20160130	87	3647.91	2768.72	738.00	21900.00		888.00	1306.00	1512.00	1736.00	2050.00	2250.00	2418.00	2592.00	2688.00	2940.00	3172.00	3404.00	3856.00	4084.00	4540.00	5060.00	6046.00	6912.00	7696.00	
03168000	0131	19300131	20160131	87	4152.43	5933.94	720.00	54700.00		868.00	1266.00	1632.00	1852.00	2040.00	2248.00	2354.00	2460.00	2740.00	3000.00	3474.00	3638.00	4092.00	4372.00	4590.00	4910.00	5708.00	6856.00	8436.00	
03168000	0201	19300201	20160201	87	3747.77	3197.94	700.00	22400.00		860.00	1370.00	1660.00	1902.00	1980.00	2168.00	2196.00	2376.00	2696.00	3000.00	3364.00	3658.00	3874.00	4056.00	4580.00	4794.00	5512.00	6268.00	9110.00	
03168000	0202	19300202	20160202	87	4146.14	3834.74	709.00	26700.00		932.00	1422.00	1720.00	1946.00	2080.00	2126.00	2348.00	2502.00	2834.00	3210.00	3376.00	3656.00	3954.00	4200.00	4920.00	5374.00	6200.00	7762.00	10820.00	
03168000	0203	19300203	20160203	87	4614.79	4969.55	766.00	32900.00		915.60	1408.00	1856.00	1942.00	2020.00	2270.00	2632.00	2732.00	3216.00	3450.00	3504.00	3696.00	3994.00	4300.00	4810.00	5528.00	6156.00	9572.00	13400.00	
03168000	0204	19300204	20160204	87	4556.11	4001.46	829.00	23900.00		980.00	1288.00	1760.00	1876.00	1980.00	2318.00	2596.00	3040.00	3218.00	3340.00	3748.00	3882.00	4498.00	5100.00	5550.00	5836.00	7202.00	9028.00	13160.00	
03168000	0205	19300205	20160205	87	4214.60	3208.34	870.00	21900.00		1028.00	1236.00	1652.00	1862.00	2000.00	2260.00	2588.00	2742.00	3038.00	3370.00	3592.00	4062.00	4274.00	4836.00	5460.00	6160.00	7128.00	8350.00	9900.00	
03168000	0206	19300206	20160206	87	4215.72	2986.07	948.00	20700.00		1074.00	1262.00	1618.00	1864.00	2250.00	2378.00	2840.00	2976.00	3252.00	3640.00	3834.00	4232.00	4682.00	5008.00	5280.00	6332.00	6836.00	7340.00	9206.00	
03168000	0207	19300207	20160207	87	4302.10	3086.39	973.00	18000.00		1100.00	1432.00	1758.00	1972.00	2150.00	2672.00	2798.00	2982.00	3440.00	3660.00	3888.00	4162.00	4428.00	4710.00	5210.00	5766.00	6768.00	7516.00	11640.00	
03168000	0208	19300208	20150208	86	4097.91	2604.55	1060.00	14400.00		1170.50	1558.00	1711.50	1972.00	2167.50	2551.00	2800.00	2966.00	3267.00	3505.00	3854.50	4096.00	4315.00	4588.00	4777.50	5370.00	6395.50	8262.00	9714.00	
03168000	0209	19300209	20150209	86	3883.14	2626.97	1040.00	17700.00		1135.00	1515.00	1701.00	1910.00	2080.00	2224.00	2530.00	2724.00	3115.50	3370.00	3496.50	3890.00	4044.00	4230.00	4752.50	5264.00	6483.50	6960.00	9214.50	
03168000	0210	19300210	20150210	86	3887.91	2787.21	850.00	17100.00		1258.00	1528.00	1771.00	1960.00	2095.00	2381.00	2461.50	2648.00	2994.50	3100.00	3234.00	3478.00	3926.00	4351.00	4935.00	5542.00	6104.00	6754.00	8461.00	
03168000	0211	19300211	20150211	86	4273.43	3750.14	842.00	21800.00		1265.50	1587.00	1752.50	1942.00	2100.00	2370.00	2548.00	2712.00	2936.00	3030.00	3225.50	3488.00	3911.50	4217.00	4752.50	5198.00	6108.50	9708.00	13810.00	
03168000	0212	19300212	20150212	86	4022.16	3113.86	816.00	20100.00		1238.50	1594.00	1765.00	1954.00	2165.00	2421.00	2619.00	2718.00	2990.50	3080.00	3237.00	3606.00	3824.00	4027.00	4425.00	4818.00	5772.00	8798.00	11390.00	
03168000	0213	19300213	20150213	86	4104.16	3380.81	978.00	25400.00		1379.00	1613.00	1840.50	1928.00	2317.50	2447.00	2594.50	2760.00	2966.00	3135.00	3379.00	3722.00	4057.00	4348.00	4792.50	5268.00	6017.50	7742.00	9234.00	
03168000	0214	19300214	20150214	86	4686.59	5489.68	977.00	35200.00		1321.00	1527.00	1733.50	2056.00	2280.00	2462.00	2562.50	2656.00	2962.00	3225.00	3525.00	3736.00	4140.00	4445.00	4582.50	5200.00	6371.50	7416.00	15085.00	
03168000	0215	19300215	20150215	86	4347.05	3762.88	886.00	22800.00		1330.50	1500.00	1770.50	2120.00	2380.00	2597.00	2754.50	2876.00	3004.50	3260.00	3553.50	3930.00	4222.00	4556.00	5012.50	5756.00	6037.50	7449.00	13953.00	
03168000	0216	19300216	20150216	86	4105.09	2567.22	878.00	12900.00		1393.50	1574.00	1760.00	2158.00	2420.00	2620.00	2778.00	3034.00	3277.50	3455.00	3611.00	3952.00	4267.50	4750.00	5302.50	5526.00	6078.50	6885.00	11160.00	
03168000	0217	19300217	20150217	86	4199.91	2756.72	800.00	14900.00		1367.50	1681.00	2000.00	2208.00	2350.00	2664.00	2808.00	2964.00	3583.00	3755.00	3935.50	4136.00	4252.00	4507.00	4867.50	5234.00	5905.50	7388.00	11270.00	
03168000	0218	19300218	20150218	86	4469.79	3963.34	750.00	29500.00		1298.00	1766.00	2074.50	2320.00	2435.00	2644.00	2978.00	3228.00	3551.50	3635.00	3744.00	4008.00	4376.00	4599.00	4922.50	5346.00	5997.00	7168.00	10156.50	
03168000	0219	19300219	20150219	86	4214.26	2574.51	750.00	16400.00		1394.50	1805.00	2171.50	2524.00	2600.00	2935.00	3098.00	3220.00	3514.50	3670.00	3757.00	4124.00	4431.00	4648.00	4890.00	5516.00	6190.00	7178.00	8603.50	
03168000	0220	19300220	20150220	86	4115.64	2106.75	765.00	11400.00		1448.00	1876.00	2102.00	2250.00	2457.50	2813.00	3204.50	3398.00	3466.00	3765.00	3925.50	4190.00	4394.00	4902.00	5250.00	5744.00	6366.00	6790.00	8235.00	
03168000	0221	19300221	20150221	86	4292.58	2709.00	662.00	19100.00		1460.00	1575.00	2124.00	2282.00	2415.00	2758.00	3079.00	3140.00	3410.00	3735.00	3995.50	4338.00	4819.50	5138.00	5350.00	5552.00	6450.00	6835.00	9932.50	
03168000	0222	19300222	20150222	86	4613.60	3458.98	820.00	22300.00		1377.50	1907.00	1973.00	2156.00	2595.00	2847.00	3205.00	3306.00	3436.00	3585.00	3992.50	4556.00	4853.50	5108.00	5317.50	5910.00	7029.00	8074.00	10932.00	
03168000	0223	19300223	20150223	86	4798.60	4320.82	1050.00	38100.00		1662.00	1874.00	1962.00	2300.00	2572.50	2946.00	3212.50	3320.00	3489.50	3795.00	4230.50	4566.00	5084.00	5471.00	5915.00	6328.00	7298.00	7652.00	9159.00	
03168000	0224	19300224	20150224	86	4763.60	3233.56	1050.00	17500.00		1601.00	1884.00	2121.50	2262.00	2455.00	2776.00	3060.00	3314.00	3633.00	3895.00	4214.00	4508.00	4720.50	5154.00	5955.00	6516.00	7753.50	8593.00	12765.00	
03168000	0225	19300225	20150225	86	4644.53	3690.90	1000.00	27300.00		1587.00	1816.00	2151.50	2324.00	2565.00	2872.00	3038.00	3184.00	3291.50	3425.00	3909.50	4192.00	4423.00	4999.00	5262.50	5886.00	7372.50	8296.00	12380.00	
03168000	0226	19300226	20150226	86	4576.40	4005.21	1040.00	33200.00		1514.50	1857.00	2028.50	2362.00	2595.00	2788.00	3109.00	3370.00	3454.50	3705.00	3965.50	4196.00	4318.50	4697.00	4975.00	5756.00	6219.50	8179.00	10064.00	
03168000	0227	19300227	20150227	86	4377.79	3028.82	970.00	16700.00		1687.00	1859.00	1990.50	2382.00	2565.00	2740.00	2904.50	3132.00	3307.50	3590.00	3950.00	4106.00	4238.50	4349.00	5172.50	5866.00	6542.50	7299.00	11865.00	
03168000	0228	19300228	20150228	86	4028.37	2272.39	1000.00	13800.00		1630.50	1790.00	2081.00	2238.00	2480.00	2571.00	2902.00	3202.00	3355.00	3485.00	3718.50	3802.00	3875.50	4579.00	4995.00	5440.00	6512.00	7215.00	8017.50	
03168000	0229	19320229	20120229	21	3764.76	2077.95	1720.00	9270.00		1725.00	1780.00	1871.00	1998.00	2135.00	2368.00	2440.00	2888.00	3306.00	3390.00	3416.00	3576.00	3664.00	3776.00	4585.00	5424.00	6431.00	7598.00	9122.00	
03168000	0301	19300301	20150301	86	4626.62	4917.87	939.00	40300.00		1469.00	1757.00	2063.00	2368.00	2715.00	2771.00	2918.00	3104.00	3299.50	3495.00	3622.50	3772.00	3931.00	4407.00	4917.50	5496.00	6316.50	7661.00	12030.00	
03168000	0302	19300302	20150302	86	4405.93	3743.92	1040.00	31800.00		1657.00	1794.00	2154.00	2500.00	2695.00	2815.00	3009.50	3170.00	3343.00	3555.00	3635.50	3776.00	4188.50	4556.00	4992.50	5468.00	6540.50	7387.00	10140.00	
03168000	0303	19300303	20150303	86	4291.51	2750.88	1520.00	17900.00		1614.00	1847.00	2133.50	2324.00	2607.50	2828.00	3021.50	3220.00	3303.00	3435.00	3688.00	4112.00	4290.50	4635.00	5252.50	5504.00	6229.00	7727.00	9529.50	
03168000	0304	19300304	20150304	86	4506.98	3004.55	1020.00	16000.00		1466.00	1864.00	2095.50	2412.00	2625.00	2762.00	2949.00	3320.00	3504.00	3895.00	4000.00	4050.00	4309.50	4684.00	5380.00	5766.00	6497.50	8118.00	12135.00	
03168000	0305	19300305	20150305	86	4796.74	3976.96	1200.00	27800.00		1657.00	1902.00	2360.50	2504.00	2650.00	2832.00	3123.00	3292.00	3520.00	3735.00	3835.50	4086.00	4388.50	4719.00	5205.00	5650.00	7056.00	9210.00	11750.00	
03168000	0306	19300306	20150306	86	4891.98	3444.51	1180.00	21500.00		1616.50	2158.00	2352.50	2700.00	2957.50	3210.00	3418.00	3604.00	3683.00	3855.00	4096.50	4248.00	4881.00	5128.00	5350.00	5900.00	7624.00	8723.00	11365.00	
03168000	0307	19300307	20150307	86	5107.79	3706.30	960.00	26300.00		1781.00	2168.00	2545.00	2924.00	3202.50	3379.00	3627.00	3788.00	3966.00	4240.00	4637.50	4792.00	4944.00	5386.00	5805.00	6142.00	6696.50	8448.00	14105.00	
03168000	0308	19300308	20150308	86	4655.70	2342.70	1190.00	14000.00		1584.50	2052.00	2571.50	2884.00	3297.50	3545.00	3660.00	3802.00	3965.00	4305.00	4445.50	4740.00	4921.00	5126.00	5535.00	5762.00	6674.50	7463.00	9486.00	
03168000	0309	19300309	20150309	86	4589.42	2381.80	1300.00	15700.00		1555.00	2004.00	2585.50	2908.00	3267.50	3320.00	3529.00	3674.00	4021.00	4220.00	4400.00	4576.00	4799.50	5194.00	5667.50	5856.00	6323.50	7806.00	8574.50	
03168000	0310	19300310	20150310	86	4471.98	2841.57	1220.00	19500.00		1580.00	2099.00	2515.00	2700.00	2842.50	3175.00	3307.00	3468.00	3675.00	3835.00	3957.00	4102.00	4325.50	4878.00	5195.00	5414.00	6069.50	6696.00	11000.00	
03168000	0311	19300311	20150311	86	4453.72	3223.60	1290.00	23100.00		1614.50	2043.00	2430.00	2576.00	2820.00	3068.00	3389.00	3486.00	3620.00	3685.00	3777.00	3992.00	4540.00	4736.00	5092.50	5198.00	5881.50	6624.00	9458.00	
03168000	0312	19300312	20150312	86	4393.84	2698.57	1100.00	16500.00		1610.00	2212.00	2295.00	2652.00	2890.00	3024.00	3304.50	3410.00	3614.50	3785.00	3942.50	4096.00	4390.00	4529.00	5020.00	5434.00	5960.00	6634.00	12150.00	
03168000	0313	19300313	20150313	86	5088.26	5251.96	1090.00	39000.00		1657.50	2058.00	2284.00	2548.00	2685.00	3121.00	3186.00	3378.00	3561.50	3760.00	3957.00	4114.00	4387.50	4830.00	5155.00	5512.00	6527.50	8205.00	16180.00	
03168000	0314	19300314	20150314	86	4978.31	5021.24	985.00	37400.00		1781.00	2059.00	2463.00	2668.00	2995.00	3175.00	3268.00	3360.00	3495.00	3675.00	3881.00	4016.00	4221.50	4547.00	5010.00	5228.00	5827.50	8770.00	15565.00	
03168000	0315	19300315	20150315	86	4723.26	3727.03	1520.00	28200.00		1763.50	2045.00	2413.00	2656.00	2975.00	3242.00	3289.00	3376.00	3521.50	3860.00	4017.00	4186.00	4429.50	4576.00	4777.50	4976.00	6405.50	9908.00	11880.00	
03168000	0316	19300316	20150316	86	4335.70	2344.43	1330.00	14500.00		1574.50	2134.00	2343.00	2648.00	2800.00	3053.00	3282.50	3448.00	3663.00	3830.00	3994.00	4204.00	4282.00	4459.00	4992.50	5694.00	6620.00	7356.00	9138.00	
03168000	0317	19300317	20150317	86	5111.28	5409.86	1120.00	47300.00		1810.00	2285.00	2441.50	2688.00	3017.50	3183.00	3409.00	3648.00	3871.50	3945.00	4159.00	4302.00	4376.50	4867.00	5452.50	5904.00	6514.50	8721.00	12695.00	
03168000	0318	19300318	20150318	86	5222.09	4404.01	1200.00	28200.00		1629.00	2058.00	2501.00	2804.00	2945.00	3381.00	3578.00	3656.00	3761.00	3975.00	4129.50	4274.00	4649.00	5000.00	5165.00	6096.00	7627.50	9735.00	15670.00	
03168000	0319	19300319	20150319	86	5104.30	4195.39	1320.00	26600.00		1762.00	1975.00	2307.00	2740.00	3170.00	3341.00	3504.50	3628.00	3780.00	3905.00	4034.00	4256.00	4559.50	5368.00	5772.50	5928.00	6445.00	8890.00	16115.00	
03168000	0320	19300320	20150320	86	4989.19	3292.95	1270.00	20600.00		1647.00	1852.00	2546.00	2988.00	3065.00	3184.00	3349.00	3478.00	3693.00	3910.00	4358.50	4680.00	4942.00	5106.00	6015.00	7026.00	7838.00	8683.00	13215.00	
03168000	0321	19300321	20150321	86	5244.19	3813.01	1020.00	26800.00		1753.50	2360.00	2508.50	2922.00	3085.00	3215.00	3483.50	3584.00	3743.00	4055.00	4257.00	4596.00	5335.50	5680.00	6505.00	6946.00	7408.00	10240.00	12680.00	
03168000	0322	19300322	20150322	86	5131.05	3207.61	1140.00	19000.00		1843.50	2048.00	2850.00	2908.00	3077.50	3403.00	3460.00	3592.00	3773.00	4005.00	4209.50	4470.00	5193.00	5643.00	6462.50	7206.00	8790.00	9812.00	11430.00	
03168000	0323	19300323	20150323	86	4908.49	2908.11	1430.00	18200.00		1954.00	2261.00	2660.00	2782.00	2867.50	3119.00	3363.50	3552.00	3714.50	3855.00	4235.50	4574.00	5350.50	5724.00	6200.00	6596.00	7475.00	8672.00	10750.00	
03168000	0324	19300324	20150324	86	5546.05	6473.41	1370.00	50900.00		2014.50	2236.00	2527.00	2768.00	2950.00	3112.00	3222.50	3508.00	3711.50	4000.00	4300.00	4544.00	4877.00	5299.00	6070.00	6508.00	7592.00	8769.00	9506.50	
03168000	0325	19300325	20150325	86	5134.30	4300.92	1400.00	29400.00		1944.00	2309.00	2542.50	2762.00	2850.00	3004.00	3169.00	3274.00	3626.50	4135.00	4362.50	4744.00	4931.00	5240.00	5760.00	6564.00	6928.50	8849.00	11555.00	
03168000	0326	19300326	20150326	86	4974.53	3533.19	1250.00	20400.00		1767.50	2474.00	2563.00	2722.00	2830.00	2980.00	3164.50	3310.00	3510.00	3870.00	4185.50	4432.00	4767.50	5126.00	5735.00	6120.00	7104.00	9820.00	14940.00	
03168000	0327	19300327	20150327	86	4979.65	4000.58	1580.00	27600.00		1943.00	2311.00	2533.00	2682.00	2785.00	2881.00	3119.00	3224.00	3568.00	3920.00	4201.00	4384.00	4525.50	5011.00	5402.50	6616.00	7326.00	8146.00	13705.00	
03168000	0328	19300328	20150328	86	5189.77	4357.72	1700.00	28900.00		2061.00	2208.00	2411.00	2512.00	2805.00	3006.00	3139.00	3528.00	3675.00	3890.00	3999.50	4088.00	4785.50	5138.00	5625.00	6016.00	7842.00	10600.00	13525.00	
03168000	0329	19300329	20150329	86	5184.19	4069.99	1600.00	27200.00		1887.00	2177.00	2463.00	2568.00	2667.50	3047.00	3303.50	3434.00	3583.00	3710.00	3952.00	4290.00	4601.50	5173.00	6792.50	7652.00	8216.00	8791.00	13635.00	
03168000	0330	19300330	20150330	86	5426.63	4491.71	1550.00	27600.00		1827.50	2099.00	2530.50	2672.00	2865.00	3027.00	3260.00	3450.00	3775.00	3950.00	4287.00	4764.00	4997.00	5435.00	6057.50	6964.00	8489.00	11480.00	14070.00	
03168000	0331	19300331	20150331	86	5285.58	4572.04	1400.00	35500.00		1806.00	2150.00	2431.50	2676.00	2797.50	2966.00	3204.50	3544.00	3900.00	4050.00	4338.50	4634.00	5004.00	5450.00	5925.00	6474.00	7423.00	10480.00	13925.00	
03168000	0401	19300401	20150401	86	4943.26	3110.86	1290.00	21900.00		1826.50	2085.00	2382.00	2694.00	2792.50	3134.00	3331.50	3566.00	3860.00	4195.00	4362.50	4628.00	5135.00	5836.00	6212.50	6636.00	7449.50	9186.00	10855.00	
03168000	0402	19300402	20150402	86	4741.16	2392.81	1310.00	14800.00		1957.00	2091.00	2277.00	2644.00	2790.00	3147.00	3352.00	3662.00	3991.50	4210.00	4417.50	5006.00	5315.50	5670.00	5967.50	6960.00	7807.50	8300.00	8886.00	
03168000	0403	19300403	20150403	86	4616.74	2592.57	1390.00	15100.00		1894.50	2111.00	2284.00	2522.00	2655.00	2956.00	3301.00	3552.00	3854.50	4015.00	4197.50	4592.00	4901.00	5064.00	5600.00	6444.00	6946.50	7762.00	10556.00	
03168000	0404	19300404	20150404	86	4658.95	3197.06	1790.00	24400.00		1931.00	2124.00	2390.50	2562.00	2662.50	2944.00	3126.00	3300.00	3479.00	3890.00	4134.00	4406.00	4693.00	5057.00	5440.00	6396.00	6866.50	7948.00	10224.50	
03168000	0405	19300405	20150405	86	5626.40	6891.24	1600.00	44100.00		1841.00	2240.00	2500.50	2704.00	2852.50	2922.00	3133.50	3190.00	3582.00	4095.00	4197.00	4460.00	4636.50	5064.00	5572.50	6014.00	6427.00	7775.00	19885.00	
03168000	0406	19300406	20150406	86	5069.19	4550.30	1530.00	29600.00		1814.00	2097.00	2430.50	2622.00	2760.00	3008.00	3202.50	3492.00	3616.00	3850.00	3940.00	4274.00	4588.00	4779.00	5317.50	5852.00	6660.50	8604.00	15070.00	
03168000	0407	19300407	20150407	86	4757.33	3025.65	1580.00	19200.00		1855.50	2267.00	2430.50	2604.00	2880.00	3160.00	3238.00	3450.00	3619.50	3820.00	4085.00	4376.00	4750.00	4928.00	5577.50	6116.00	7522.50	8002.00	12205.00	
03168000	0408	19300408	20150408	86	4630.00	2432.82	1600.00	11500.00		1807.00	2242.00	2377.50	2610.00	2930.00	3042.00	3189.00	3454.00	3534.50	3740.00	4145.50	4520.00	5122.00	5319.00	5862.50	6294.00	7202.00	8609.00	10334.00	
03168000	0409	19300409	20150409	86	4832.33	3651.19	1340.00	23600.00		1776.00	2227.00	2426.00	2724.00	2882.50	3082.00	3110.00	3258.00	3404.50	3485.00	3764.00	3954.00	4513.00	5489.00	5755.00	6886.00	7557.50	8873.00	10490.00	
03168000	0410	19300410	20150410	86	4959.42	4147.52	1360.00	33100.00		2002.00	2301.00	2462.50	2564.00	2732.50	2880.00	3014.50	3120.00	3280.00	3415.00	3755.50	4132.00	4853.50	5615.00	6090.00	6748.00	8043.50	8509.00	12385.00	
03168000	0411	19300411	20150411	86	4691.05	4004.61	1730.00	32900.00		2040.50	2244.00	2470.50	2594.00	2685.00	2821.00	2940.00	3048.00	3100.00	3280.00	3721.00	3944.00	4535.50	4886.00	5710.00	6354.00	6977.00	7964.00	9813.00	
03168000	0412	19300412	20150412	86	4359.65	2503.61	1540.00	17400.00		2035.00	2237.00	2350.50	2496.00	2642.50	2800.00	2943.50	3114.00	3330.00	3505.00	3791.00	4240.00	4546.50	4860.00	5435.00	6148.00	6737.00	7809.00	8357.50	
03168000	0413	19300413	20150413	86	4531.51	2721.38	1660.00	13800.00		2037.00	2174.00	2242.00	2366.00	2515.00	2661.00	2813.00	3040.00	3312.00	3665.00	3986.50	4248.00	4578.50	5017.00	5702.50	6544.00	7070.00	8447.00	11320.00	
03168000	0414	19300414	20150414	86	4988.26	4013.41	1650.00	21600.00		1917.00	2145.00	2261.50	2336.00	2475.00	2678.00	2784.50	2924.00	3181.50	3680.00	3847.00	4162.00	4895.50	5539.00	5965.00	6432.00	8010.00	9372.00	15580.00	
03168000	0415	19300415	20150415	86	4615.58	3849.34	1450.00	29200.00		1840.00	2094.00	2162.50	2240.00	2362.50	2503.00	2750.50	3084.00	3330.50	3600.00	3946.50	4184.00	4662.00	5091.00	5600.00	5972.00	6704.50	7757.00	10555.00	
03168000	0416	19300416	20150416	86	4694.65	3597.12	1510.00	22600.00		1827.50	2026.00	2252.50	2364.00	2430.00	2515.00	2696.00	2940.00	3209.50	3755.00	4141.00	4618.00	4959.50	5203.00	5445.00	5728.00	7210.00	8323.00	10915.00	
03168000	0417	19300417	20150417	86	4881.86	4547.65	1630.00	32000.00		1771.00	2021.00	2200.00	2304.00	2420.00	2602.00	2917.50	3080.00	3288.00	3810.00	4122.50	4560.00	4722.50	5303.00	5582.50	5912.00	6673.00	7310.00	11390.00	
03168000	0418	19300418	20150418	86	4404.07	2945.75	1530.00	20100.00		1760.50	2021.00	2110.50	2316.00	2430.00	2614.00	2878.00	3086.00	3262.00	3680.00	3908.50	4324.00	4718.50	4890.00	5135.00	5672.00	6069.50	8194.00	9608.00	
03168000	0419	19300419	20150419	86	4249.77	2571.60	1380.00	14800.00		1750.50	1928.00	2096.50	2330.00	2442.50	2643.00	2737.00	3040.00	3261.50	3640.00	4037.00	4316.00	4485.50	4676.00	4890.00	5438.00	6616.00	7483.00	9040.00	
03168000	0420	19300420	20150420	86	4962.67	5747.68	1570.00	42100.00		1747.00	1976.00	2110.00	2220.00	2485.00	2698.00	2944.50	3166.00	3343.00	3610.00	3888.00	4100.00	4369.50	4517.00	4810.00	5556.00	6575.50	7936.00	10900.00	
03168000	0421	19300421	20150421	86	4491.74	3763.13	1330.00	23800.00		1854.50	2021.00	2150.50	2224.00	2340.00	2706.00	2903.50	3142.00	3465.00	3735.00	3878.50	4006.00	4242.00	4358.00	4522.50	5420.00	6009.50	7666.00	10795.00	
03168000	0422	19300422	20150422	86	4208.72	3727.57	1370.00	33700.00		1727.50	1976.00	2151.50	2338.00	2490.00	2721.00	2949.00	3148.00	3520.00	3645.00	3754.00	3872.00	4106.00	4287.00	4645.00	5092.00	5763.00	6326.00	7346.50	
03168000	0423	19300423	20150423	86	3905.81	1968.70	1280.00	13000.00		1670.50	1926.00	2170.00	2290.00	2390.00	2479.00	2759.50	3168.00	3412.00	3570.00	3752.50	4008.00	4274.00	4556.00	4827.50	5268.00	5678.00	6145.00	8406.00	
03168000	0424	19300424	20150424	86	4037.33	2928.35	1360.00	22400.00		1618.00	1805.00	2012.50	2258.00	2365.00	2626.00	2798.00	3084.00	3279.00	3410.00	3734.00	4140.00	4205.50	4367.00	4600.00	4992.00	5601.00	5964.00	7781.00	
03168000	0425	19300425	20150425	86	4058.14	3824.10	1100.00	34800.00		1567.00	1919.00	2250.00	2502.00	2592.50	2754.00	2944.50	3116.00	3251.50	3395.00	3538.50	3650.00	3967.50	4208.00	4462.50	4758.00	5135.00	5876.00	6717.50	
03168000	0426	19300426	20150426	86	3916.86	2730.17	1360.00	24300.00		1537.00	1911.00	2233.00	2424.00	2600.00	2771.00	2924.00	3172.00	3276.00	3500.00	3658.00	3826.00	4147.50	4329.00	4472.50	4882.00	5070.00	5464.00	6835.00	
03168000	0427	19300427	20150427	86	4252.56	3261.73	1280.00	21500.00		1650.50	1830.00	2152.50	2368.00	2630.00	2845.00	3044.50	3172.00	3328.00	3545.00	3718.50	4010.00	4100.00	4262.00	4480.00	5006.00	5233.00	5910.00	10960.00	
03168000	0428	19300428	20150428	86	4198.72	3354.19	1320.00	25700.00		1777.50	1928.00	2152.50	2300.00	2500.00	2786.00	2959.00	3016.00	3363.00	3560.00	3628.50	3684.00	3826.50	4254.00	4387.50	4626.00	5197.50	7453.00	9995.50	
03168000	0429	19300429	20150429	86	4022.44	2297.57	1300.00	13800.00		1731.50	1950.00	2100.00	2286.00	2550.00	2762.00	2869.50	3260.00	3351.50	3510.00	3638.00	3806.00	4091.00	4166.00	4690.00	5088.00	5633.00	7172.00	9338.00	
03168000	0430	19300430	20150430	86	3821.74	1883.39	1230.00	11700.00		1523.50	1847.00	2120.50	2264.00	2392.50	2663.00	2894.00	3224.00	3363.00	3540.00	3726.50	3872.00	4079.50	4385.00	4627.50	5030.00	5323.00	6148.00	8045.50	
03168000	0501	19300501	20150501	86	3864.53	1980.39	1300.00	14800.00		1575.50	1832.00	1948.00	2388.00	2807.50	2931.00	3094.50	3228.00	3320.50	3400.00	3516.50	3724.00	4166.50	4437.00	4522.50	4974.00	5369.50	5784.00	7863.50	
03168000	0502	19300502	20150502	86	3833.72	1980.33	1030.00	11200.00		1670.00	1960.00	2282.50	2446.00	2780.00	2871.00	2939.00	3036.00	3203.00	3280.00	3425.50	3740.00	4045.50	4207.00	4310.00	4576.00	5318.50	6389.00	8831.50	
03168000	0503	19300503	20150503	86	3723.60	1983.16	1170.00	14600.00		1613.50	1853.00	2117.00	2330.00	2500.00	2697.00	2874.50	2988.00	3290.00	3325.00	3414.00	3674.00	3810.00	4000.00	4197.50	4542.00	5189.00	6154.00	7521.50	
03168000	0504	19300504	20150504	86	3698.14	1844.52	1140.00	12300.00		1363.50	1835.00	2082.50	2380.00	2600.00	2691.00	2923.50	3016.00	3101.50	3335.00	3434.00	3502.00	3795.50	4102.00	4552.50	4914.00	5484.00	5979.00	6997.50	
03168000	0505	19300505	20150505	86	3657.56	1881.63	1370.00	10300.00		1487.00	1788.00	2041.00	2306.00	2455.00	2560.00	2738.00	2888.00	3011.50	3120.00	3282.50	3476.00	3713.00	3865.00	4337.50	5038.00	5580.50	6289.00	8151.00	
03168000	0506	19300506	20150506	86	3675.81	2054.84	1200.00	12100.00		1457.00	1832.00	2010.50	2216.00	2362.50	2583.00	2644.50	2748.00	2886.00	2975.00	3205.50	3396.00	3905.50	4200.00	4452.50	4944.00	5228.50	6353.00	8192.00	
03168000	0507	19300507	20150507	86	4096.16	3906.16	1190.00	31700.00		1489.00	1660.00	1815.50	2178.00	2247.50	2432.00	2604.50	2770.00	2893.00	3030.00	3240.00	3634.00	3955.00	4038.00	4340.00	4952.00	5814.00	6476.00	11730.50	
03168000	0508	19300508	20150508	86	4165.47	4076.48	1230.00	30000.00		1474.00	1674.00	2021.00	2122.00	2202.50	2365.00	2568.00	2772.00	2852.00	3010.00	3477.00	3692.00	3786.50	4118.00	4297.50	4598.00	5497.50	6391.00	13075.00	
03168000	0509	19300509	20150509	86	3857.56	2751.84	1210.00	17000.00		1388.00	1819.00	1931.00	2080.00	2180.00	2431.00	2524.50	2758.00	2853.00	2935.00	3323.50	3602.00	3791.00	3982.00	4100.00	4456.00	5387.50	8870.00	9836.00	
03168000	0510	19300510	20150510	86	3543.72	2034.04	1150.00	11000.00		1434.00	1650.00	1943.00	2116.00	2207.50	2380.00	2552.50	2664.00	2836.00	3010.00	3094.00	3290.00	3576.50	3754.00	4205.00	4564.00	5235.00	6128.00	9061.50	
03168000	0511	19300511	20150511	86	3575.08	2285.04	997.00	16900.00		1338.00	1702.00	1814.00	1944.00	2100.00	2250.00	2425.00	2564.00	2791.50	2985.00	3237.00	3510.00	3805.50	3965.00	4185.00	4992.00	5415.00	5909.00	7615.00	
03168000	0512	19300512	20150512	86	3905.12	3787.29	1100.00	32800.00		1418.00	1714.00	1822.00	1976.00	2147.50	2212.00	2422.50	2566.00	2816.00	3030.00	3191.00	3516.00	3753.00	4018.00	4345.00	4678.00	5890.00	6783.00	8409.00	
03168000	0513	19300513	20150513	86	3794.19	2792.77	1080.00	19500.00		1535.00	1728.00	1882.00	2150.00	2227.50	2325.00	2508.00	2584.00	2730.50	2925.00	3078.50	3344.00	3655.50	3788.00	4207.50	4746.00	6209.50	6759.00	9657.50	
03168000	0514	19300514	20150514	86	3676.74	2302.26	1040.00	13500.00		1353.00	1652.00	1920.50	2050.00	2227.50	2431.00	2498.00	2586.00	2664.50	2820.00	2968.50	3304.00	3736.50	3995.00	4380.00	5156.00	5939.50	6753.00	8983.00	
03168000	0515	19300515	20150515	86	3687.33	1995.39	1040.00	10400.00		1480.50	1702.00	1972.50	2154.00	2250.00	2441.00	2510.00	2640.00	2946.00	3045.00	3194.00	3408.00	3820.00	4157.00	4780.00	5392.00	5920.00	6882.00	7646.50	
03168000	0516	19300516	20150516	86	3914.65	2197.56	1340.00	13000.00		1606.00	1836.00	1993.00	2160.00	2320.00	2426.00	2668.00	2802.00	3060.00	3155.00	3502.50	3782.00	4186.50	4490.00	5007.50	5520.00	5950.00	6767.00	8863.00	
03168000	0517	19300517	20150517	86	3729.30	1839.16	1170.00	8000.00		1603.50	1768.00	1900.50	2052.00	2275.00	2364.00	2518.00	2738.00	2891.50	3090.00	3516.50	4078.00	4437.00	4593.00	4935.00	5276.00	5854.00	7169.00	7466.50	
03168000	0518	19300518	20150518	86	3687.33	2997.35	1100.00	27600.00		1393.50	1688.00	1991.00	2108.00	2292.50	2451.00	2529.00	2590.00	2781.50	3055.00	3492.50	3648.00	4107.00	4365.00	4547.50	4694.00	4924.50	5741.00	6406.50	
03168000	0519	19300519	20150519	86	3428.14	1927.70	1030.00	16400.00		1457.50	1780.00	1963.00	2104.00	2245.00	2532.00	2619.00	2740.00	2904.50	3005.00	3362.50	3550.00	3700.00	3809.00	4155.00	4324.00	4709.50	5211.00	5842.50	
03168000	0520	19300520	20150520	86	3427.21	1517.82	1360.00	8860.00		1496.00	1682.00	1937.00	2290.00	2340.00	2571.00	2673.50	2782.00	2903.00	3110.00	3281.00	3524.00	3766.50	3870.00	4217.50	4462.00	4797.50	5369.00	6723.50	
03168000	0521	19300521	20150521	86	3590.00	1998.79	1100.00	11700.00		1428.50	1749.00	1920.50	2042.00	2265.00	2422.00	2599.00	2810.00	2969.00	3160.00	3278.50	3482.00	3648.50	3739.00	3905.00	4586.00	5427.00	6558.00	8121.00	
03168000	0522	19300522	20150522	86	3608.49	2663.52	1060.00	21800.00		1574.00	1714.00	1865.00	2054.00	2202.50	2373.00	2458.00	2620.00	2881.50	2970.00	3334.00	3452.00	3610.00	3667.00	3880.00	4330.00	5148.50	5667.00	8897.50	
03168000	0523	19300523	20150523	86	3378.95	1901.88	1230.00	12400.00		1508.00	1691.00	1961.00	2150.00	2290.00	2384.00	2494.50	2624.00	2721.50	2870.00	3138.00	3360.00	3541.50	3639.00	3835.00	4200.00	4340.00	5831.00	6939.50	
03168000	0524	19300524	20150524	86	3199.30	1395.73	1130.00	7440.00		1481.00	1577.00	1858.00	2092.00	2215.00	2351.00	2438.00	2550.00	2653.00	2760.00	3040.00	3306.00	3533.50	3659.00	3915.00	4296.00	4719.00	5006.00	6363.00	
03168000	0525	19300525	20150525	86	3177.21	1524.19	1100.00	10400.00		1425.00	1610.00	1794.50	2046.00	2185.00	2260.00	2299.00	2388.00	2652.00	2790.00	3010.50	3220.00	3398.50	3651.00	3902.50	4186.00	4458.00	5527.00	6041.00	
03168000	0526	19300526	20150526	86	3178.02	1610.32	1100.00	10900.00		1467.00	1637.00	1822.00	1890.00	2057.50	2205.00	2373.50	2496.00	2632.50	2915.00	3012.50	3124.00	3361.00	3537.00	3890.00	4152.00	4731.00	5017.00	5516.50	
03168000	0527	19300527	20150527	86	3299.74	1709.48	998.00	10800.00		1327.50	1548.00	1852.50	2000.00	2150.00	2282.00	2449.00	2646.00	2821.50	2950.00	2988.50	3150.00	3411.00	3713.00	3880.00	4430.00	4932.00	5658.00	7001.50	
03168000	0528	19300528	20150528	86	4102.56	5300.61	1080.00	46100.00		1391.00	1508.00	1774.00	1948.00	2047.50	2163.00	2274.50	2400.00	2701.50	2875.00	3128.50	3448.00	3738.00	4189.00	4747.50	4976.00	5324.50	6708.00	9235.50	
03168000	0529	19300529	20150529	86	3921.98	4119.79	1100.00	34600.00		1334.50	1515.00	1793.50	2022.00	2160.00	2222.00	2359.00	2484.00	2620.00	2765.00	3055.50	3396.00	3812.00	4116.00	4277.50	4392.00	5338.00	7066.00	8942.00	
03168000	0530	19300530	20150530	86	3675.47	2561.74	1000.00	14900.00		1440.50	1601.00	1681.00	1968.00	2085.00	2232.00	2334.50	2534.00	2660.00	2995.00	3290.50	3432.00	3711.00	3943.00	4302.50	4664.00	5627.00	6015.00	10276.00	
03168000	0531	19300531	20150531	86	3481.98	2327.76	1100.00	12000.00		1399.50	1579.00	1660.50	1760.00	1967.50	2121.00	2212.50	2384.00	2517.50	2745.00	3069.50	3354.00	3585.50	3747.00	3985.00	4346.00	5011.00	6865.00	9753.00	
03168000	0601	19300601	20150601	86	3285.12	2564.44	1000.00	21700.00		1243.50	1451.00	1601.00	1870.00	1995.00	2064.00	2138.00	2238.00	2494.50	2640.00	3074.00	3196.00	3386.50	3662.00	3970.00	4190.00	4358.50	5408.00	7100.00	
03168000	0602	19300602	20150602	86	3181.86	2054.79	1060.00	15400.00		1234.00	1541.00	1700.00	1884.00	1990.00	2183.00	2305.00	2432.00	2503.00	2755.00	3008.50	3168.00	3291.00	3452.00	3632.50	3766.00	4283.50	5339.00	6590.00	
03168000	0603	19300603	20150603	86	3108.84	1754.13	1040.00	11200.00		1151.50	1347.00	1814.50	1918.00	1977.50	2112.00	2250.00	2416.00	2543.50	2765.00	2915.50	3064.00	3200.50	3499.00	3617.50	3888.00	4138.50	5324.00	6561.50	
03168000	0604	19300604	20150604	86	3043.48	1524.75	919.00	8090.00		1153.50	1349.00	1496.50	1800.00	1845.00	1931.00	2094.50	2284.00	2664.50	2760.00	2928.00	3116.00	3413.00	3773.00	3912.50	4126.00	4479.50	5165.00	6451.50	
03168000	0605	19300605	20150605	86	3535.45	5929.09	899.00	56500.00		1163.50	1352.00	1543.50	1818.00	1917.50	2001.00	2226.00	2368.00	2533.00	2625.00	2900.00	3166.00	3301.00	3433.00	3677.50	3998.00	4229.50	5078.00	6062.50	
03168000	0606	19300606	20150606	86	3021.74	2619.37	950.00	23600.00		1210.00	1445.00	1582.00	1660.00	1810.00	2001.00	2104.50	2256.00	2450.00	2520.00	2687.00	2848.00	2986.50	3108.00	3292.50	3610.00	4205.00	4929.00	5620.00	
03168000	0607	19300607	20150607	86	2886.98	1842.67	1120.00	12000.00		1287.00	1427.00	1540.00	1650.00	1792.50	1948.00	2080.00	2136.00	2300.00	2385.00	2600.00	2750.00	2821.00	3096.00	3290.00	3496.00	3998.50	4830.00	6050.50	
03168000	0608	19300608	20150608	86	2880.99	1899.17	935.00	13500.00		1187.50	1334.00	1462.00	1662.00	1857.50	2022.00	2154.50	2260.00	2391.50	2500.00	2577.00	2708.00	2811.00	2949.00	3175.00	3468.00	3598.50	4460.00	7108.00	
03168000	0609	19300609	20150609	86	2891.05	1824.11	940.00	13800.00		1080.00	1374.00	1680.50	1742.00	1817.50	2004.00	2134.50	2354.00	2400.00	2450.00	2520.00	2620.00	2803.00	2998.00	3290.00	3700.00	4242.50	4829.00	5512.50	
03168000	0610	19300610	20150610	86	2986.05	1911.52	1040.00	11300.00		1178.00	1351.00	1560.50	1746.00	1860.00	1950.00	2132.50	2244.00	2320.00	2455.00	2570.00	2744.00	2927.50	3080.00	3487.50	3926.00	4327.00	4877.00	7746.50	
03168000	0611	19300611	20150611	86	3045.29	2035.52	955.00	12700.00		1115.00	1358.00	1421.00	1600.00	1765.00	1901.00	1963.50	2250.00	2351.50	2435.00	2577.00	2628.00	3070.50	3292.00	3675.00	3936.00	4578.50	5400.00	8039.00	
03168000	0612	19300612	20150612	86	2915.67	1911.48	940.00	10300.00		1120.50	1304.00	1381.00	1528.00	1732.50	1860.00	2072.50	2208.00	2293.00	2395.00	2701.50	2784.00	2980.00	3020.00	3355.00	3652.00	3719.50	5294.00	8082.00	
03168000	0613	19300613	20150613	86	2882.40	1690.63	893.00	9000.00		1163.50	1343.00	1461.50	1540.00	1700.00	1856.00	2034.50	2138.00	2300.00	2400.00	2568.50	2772.00	2995.00	3211.00	3362.50	3648.00	4316.50	5354.00	7040.00	
03168000	0614	19300614	20150614	86	2907.21	1764.83	901.00	11800.00		1114.00	1316.00	1382.00	1554.00	1837.50	2002.00	2119.00	2320.00	2371.50	2450.00	2567.00	2734.00	2979.50	3184.00	3352.50	3612.00	4199.50	5144.00	6898.00	
03168000	0615	19300615	20150615	86	2690.56	1447.74	817.00	9490.00		1070.00	1270.00	1460.50	1634.00	1822.50	1902.00	2042.50	2136.00	2183.00	2295.00	2517.00	2808.00	2865.50	2960.00	3102.50	3398.00	3817.50	4500.00	5695.50	
03168000	0616	19300616	20150616	86	2715.76	1567.17	698.00	9230.00		1038.00	1328.00	1442.00	1540.00	1647.50	1860.00	2048.00	2134.00	2293.00	2350.00	2497.00	2614.00	2834.00	2937.00	3110.00	3492.00	3770.00	4658.00	6585.50	
03168000	0617	19300617	20150617	86	3178.85	2807.73	878.00	17500.00		1141.50	1321.00	1423.50	1548.00	1640.00	1795.00	2016.00	2152.00	2304.50	2430.00	2550.00	2656.00	2775.50	2894.00	3202.50	4018.00	4129.50	6356.00	8824.00	
03168000	0618	19300618	20150618	86	3075.93	2526.38	883.00	13800.00		1174.00	1314.00	1452.50	1618.00	1700.00	1750.00	1969.00	2110.00	2231.50	2380.00	2488.50	2572.00	2751.00	3029.00	3277.50	3602.00	4228.00	5706.00	10125.50	
03168000	0619	19300619	20150619	86	2826.17	2056.15	831.00	15200.00		1074.00	1295.00	1361.00	1440.00	1630.00	1962.00	2032.50	2138.00	2243.00	2350.00	2430.00	2524.00	2566.50	2826.00	3225.00	3516.00	3987.00	4859.00	7247.50	
03168000	0620	19300620	20150620	86	2799.88	2181.65	801.00	16500.00		1114.00	1187.00	1351.50	1500.00	1735.00	1891.00	1934.50	2016.00	2087.50	2300.00	2399.50	2504.00	2670.50	3040.00	3247.50	3632.00	3974.50	4360.00	5865.00	
03168000	0621	19300621	20150621	86	3231.13	5415.12	812.00	42800.00		989.80	1100.00	1262.00	1340.00	1592.50	1738.00	1893.50	1976.00	2019.00	2155.00	2425.50	2550.00	2735.00	2972.00	3140.00	3348.00	3770.00	4178.00	5203.50	
03168000	0622	19300622	20150622	86	2843.16	3381.90	696.00	29100.00		1057.00	1097.00	1251.50	1374.00	1482.50	1750.00	1834.50	1906.00	2010.00	2135.00	2334.00	2406.00	2711.00	2896.00	3115.00	3280.00	3695.00	3984.00	5872.00	
03168000	0623	19300623	20150623	86	2644.70	1950.23	694.00	13000.00		1014.00	1067.00	1243.00	1394.00	1567.50	1644.00	1759.00	1902.00	2023.00	2125.00	2378.00	2486.00	2561.00	2699.00	2842.50	3428.00	3926.50	4465.00	6271.00	
03168000	0624	19300624	20150624	86	2464.93	1501.14	688.00	8260.00		998.80	1164.00	1250.50	1336.00	1420.00	1557.00	1769.00	1846.00	1991.50	2090.00	2175.50	2330.00	2371.00	2557.00	2980.00	3188.00	3793.00	4366.00	5671.00	
03168000	0625	19300625	20150625	86	2285.19	1290.86	695.00	7470.00		983.40	1148.00	1200.50	1280.00	1327.50	1504.00	1616.00	1728.00	1814.50	1955.00	2105.50	2260.00	2371.00	2651.00	2790.00	2952.00	3471.50	3733.00	5335.50	
03168000	0626	19300626	20150626	86	2423.66	1585.66	680.00	10200.00		943.60	1088.00	1200.00	1334.00	1527.50	1580.00	1694.50	1750.00	1884.50	2000.00	2155.50	2292.00	2381.00	2585.00	2795.00	3116.00	3465.50	4035.00	5639.50	
03168000	0627	19300627	20150627	86	2503.33	2250.63	766.00	19700.00		904.55	1028.00	1250.50	1420.00	1455.00	1565.00	1702.50	1784.00	1903.00	2110.00	2155.50	2314.00	2468.50	2647.00	2785.00	3046.00	3456.00	3832.00	5073.00	
03168000	0628	19300628	20150628	86	2438.79	1930.30	673.00	16800.00		938.70	1047.60	1274.50	1404.00	1495.00	1563.00	1610.00	1790.00	1906.00	2100.00	2137.00	2356.00	2526.50	2670.00	2805.00	3140.00	3425.00	3772.00	4937.00	
03168000	0629	19300629	20150629	86	2463.49	1837.70	627.00	14400.00		889.15	1004.60	1202.50	1360.00	1435.00	1561.00	1660.00	1816.00	1983.00	2090.00	2252.50	2410.00	2486.50	2578.00	2752.50	2972.00	3342.50	4136.00	5901.50	
03168000	0630	19300630	20150630	86	2274.78	1347.32	663.00	9000.00		870.95	1100.00	1200.00	1374.00	1450.00	1510.00	1586.00	1746.00	1931.50	1975.00	2088.00	2200.00	2285.50	2396.00	2700.00	2872.00	3472.50	4071.00	4553.00	
03168000	0701	19300701	20150701	86	2153.64	1050.12	663.00	6000.00		978.80	1148.00	1231.50	1344.00	1500.00	1600.00	1660.00	1716.00	1856.00	1910.00	1930.00	1998.00	2120.00	2308.00	2570.00	2816.00	2987.00	3569.00	4506.00	
03168000	0702	19300702	20150702	86	2229.91	1308.75	672.00	9050.00		989.60	1150.00	1321.00	1380.00	1540.00	1610.00	1700.00	1728.00	1803.00	1900.00	1918.50	2026.00	2121.00	2229.00	2497.50	2696.00	3170.00	3846.00	4898.00	
03168000	0703	19300703	20150703	86	2466.83	2741.38	729.00	22600.00		931.20	1080.00	1270.50	1340.00	1465.00	1572.00	1619.00	1686.00	1751.50	1815.00	1877.00	2102.00	2243.00	2452.00	2605.00	2748.00	3065.50	3677.00	5263.00	
03168000	0704	19300704	20150704	86	2498.87	3410.13	670.00	30900.00		896.95	1129.00	1280.50	1350.00	1467.50	1522.00	1623.50	1692.00	1723.00	1880.00	1957.00	2126.00	2182.00	2294.00	2427.50	2666.00	3125.00	3506.00	4748.00	
03168000	0705	19300705	20150705	86	2951.13	4329.26	555.00	30000.00		991.80	1261.00	1311.50	1408.00	1537.50	1603.00	1734.50	1796.00	1940.00	2055.00	2178.50	2332.00	2500.00	2717.00	2842.50	2944.00	3128.00	3583.00	7431.50	
03168000	0706	19300706	20150706	86	2770.24	3488.76	694.00	25000.00		994.50	1117.00	1250.50	1340.00	1477.50	1680.00	1704.50	1778.00	1903.00	2105.00	2178.50	2224.00	2391.00	2549.00	2807.50	2942.00	3039.50	4204.00	6114.50	
03168000	0707	19300707	20150707	86	2474.63	2205.97	596.00	14100.00		939.85	1109.00	1211.50	1270.00	1345.00	1482.00	1618.00	1876.00	1991.50	2070.00	2118.50	2184.00	2245.50	2358.00	2512.50	2846.00	3180.00	3465.00	6549.50	
03168000	0708	19300708	20150708	86	2551.76	2421.39	566.00	17900.00		933.00	1031.70	1181.00	1288.00	1470.00	1591.00	1669.00	1736.00	1901.50	1990.00	2072.50	2200.00	2291.00	2424.00	2737.50	2854.00	3095.50	4316.00	6247.50	
03168000	0709	19300709	20150709	86	2399.69	1714.64	626.00	13300.00		878.95	1058.00	1143.00	1394.00	1495.00	1581.00	1683.50	1796.00	1921.50	1960.00	2133.50	2270.00	2347.50	2480.00	2660.00	2922.00	3686.00	4255.00	5289.50	
03168000	0710	19300710	20150710	86	2241.15	1394.77	601.00	10000.00		847.30	944.30	1172.00	1308.00	1407.50	1542.00	1604.50	1744.00	1820.00	1935.00	2051.00	2182.00	2326.50	2456.00	2677.50	2872.00	2999.00	3588.00	5356.50	
03168000	0711	19300711	20150711	86	2210.57	1404.20	535.00	11700.00		918.35	995.80	1143.50	1268.00	1370.00	1400.00	1613.00	1824.00	1927.50	2005.00	2128.50	2220.00	2311.00	2492.00	2660.00	2702.00	2928.50	3615.00	4649.50	
03168000	0712	19300712	20150712	86	2230.71	1449.48	637.00	11700.00		966.20	1094.00	1192.50	1338.00	1457.50	1542.00	1594.50	1674.00	1783.00	1850.00	1927.00	2036.00	2215.50	2412.00	2612.50	2984.00	3196.50	3667.00	4479.00	
03168000	0713	19300713	20150713	86	2275.86	1426.23	769.00	10200.00		1008.15	1151.00	1241.00	1388.00	1507.50	1561.00	1620.00	1728.00	1831.50	1895.00	1974.00	2180.00	2302.00	2479.00	2600.00	2696.00	3374.00	3741.00	4379.50	
03168000	0714	19300714	20150714	86	2317.69	1617.48	567.00	12300.00		950.85	1144.00	1320.50	1388.00	1492.50	1600.00	1660.00	1678.00	1801.50	1895.00	2067.50	2132.00	2335.50	2474.00	2582.50	2740.00	3109.50	3504.00	5071.50	
03168000	0715	19300715	20150715	86	2451.28	1826.45	664.00	11800.00		945.65	1212.00	1351.50	1444.00	1587.50	1640.00	1709.00	1800.00	1846.00	1925.00	2071.00	2150.00	2241.00	2396.00	2602.50	2926.00	3593.00	4040.00	5119.50	
03168000	0716	19300716	20150716	86	2385.95	1629.87	845.00	10300.00		927.20	1127.00	1225.00	1392.00	1440.00	1531.00	1550.00	1630.00	1720.50	1865.00	2056.50	2224.00	2391.00	2497.00	2772.50	3052.00	3428.50	4030.00	5798.00	
03168000	0717	19300717	20150717	86	2306.51	1914.21	712.00	15900.00		973.00	1034.00	1121.00	1308.00	1397.50	1532.00	1600.00	1650.00	1712.00	1855.00	1935.50	2144.00	2231.00	2328.00	2590.00	2744.00	3138.00	3559.00	4938.00	
03168000	0718	19300718	20150718	86	2192.20	1867.44	751.00	15400.00		829.50	1008.90	1121.00	1228.00	1275.00	1409.00	1509.00	1594.00	1643.00	1810.00	1962.50	2026.00	2116.50	2309.00	2422.50	2524.00	2890.50	3417.00	4663.50	
03168000	0719	19300719	20150719	86	2141.67	1534.20	694.00	12700.00		833.55	947.70	1100.00	1168.00	1330.00	1455.00	1598.00	1690.00	1743.00	1825.00	1897.00	2018.00	2242.00	2328.00	2530.00	2656.00	2989.00	3195.00	4265.50	
03168000	0720	19300720	20150720	86	2095.84	1403.71	733.00	11400.00		817.45	933.70	1270.50	1328.00	1367.50	1551.00	1570.00	1644.00	1766.00	1870.00	1900.00	1932.00	2005.50	2200.00	2320.00	2480.00	2745.50	3303.00	3719.00	
03168000	0721	19300721	20150721	86	2166.37	1377.80	604.00	9100.00		741.10	1007.40	1204.00	1378.00	1407.50	1463.00	1560.00	1688.00	1733.00	1845.00	1960.00	2022.00	2120.00	2297.00	2355.00	2840.00	3088.00	3598.00	4700.00	
03168000	0722	19300722	20150722	86	2222.66	1724.39	656.00	13400.00		763.15	958.90	1156.00	1340.00	1407.50	1455.00	1528.00	1598.00	1693.00	1780.00	1878.50	2114.00	2208.50	2348.00	2417.50	2712.00	2974.50	3421.00	5857.50	
03168000	0723	19300723	20150723	86	2275.16	1887.51	725.00	15800.00		912.25	986.00	1220.50	1340.00	1410.00	1454.00	1514.50	1580.00	1673.00	1735.00	1897.00	2036.00	2244.00	2350.00	2632.50	2766.00	2888.50	3889.00	5273.00	
03168000	0724	19300724	20150724	86	2247.72	2245.06	715.00	20200.00		856.65	1036.90	1111.50	1188.00	1352.50	1420.00	1464.50	1516.00	1681.50	1790.00	1910.00	1972.00	2071.00	2239.00	2502.50	2728.00	2928.00	3659.00	4846.00	
03168000	0725	19300725	20150725	86	2104.66	1464.79	696.00	12700.00		974.00	1078.00	1130.50	1304.00	1400.00	1441.00	1460.00	1506.00	1731.50	1790.00	1818.50	2096.00	2151.00	2349.00	2582.50	2736.00	2887.00	3158.00	3665.50	
03168000	0726	19300726	20150726	86	2134.62	1230.73	640.00	8420.00		840.65	1171.00	1261.00	1312.00	1390.00	1493.00	1609.00	1680.00	1741.50	1785.00	1877.00	2100.00	2165.50	2320.00	2417.50	2706.00	2999.00	3567.00	4248.00	
03168000	0727	19300727	20150727	86	2236.98	1494.64	626.00	10900.00		856.10	1165.00	1221.00	1320.00	1412.50	1507.00	1637.00	1698.00	1756.00	1835.00	2060.00	2210.00	2275.50	2349.00	2590.00	2756.00	3144.50	3333.00	4338.00	
03168000	0728	19300728	20150728	86	2348.37	2207.63	688.00	19400.00		911.80	1131.00	1220.00	1308.00	1395.00	1472.00	1513.50	1568.00	1704.50	1815.00	1926.50	2178.00	2305.50	2368.00	2565.00	2916.00	3196.50	3664.00	5087.00	
03168000	0729	19300729	20150729	86	2317.41	1788.93	603.00	12700.00		854.90	1100.00	1151.50	1244.00	1352.50	1379.00	1544.50	1694.00	1751.50	1850.00	1917.00	2002.00	2152.00	2310.00	2717.50	3030.00	3285.50	3814.00	6310.50	
03168000	0730	19300730	20150730	86	2386.38	2251.14	738.00	19000.00		960.35	1080.00	1200.50	1248.00	1287.50	1501.00	1567.00	1680.00	1741.50	1815.00	1917.00	2004.00	2175.50	2209.00	2562.50	2806.00	3678.50	4034.00	5101.00	
03168000	0731	19300731	20150731	86	2270.55	1708.81	779.00	10400.00		983.10	1087.00	1170.50	1254.00	1345.00	1391.00	1473.50	1638.00	1753.00	1785.00	1850.00	1960.00	2016.50	2139.00	2352.50	2716.00	3038.00	4137.00	6152.50	
03168000	0801	19300801	20150801	86	2170.63	1426.52	614.00	7710.00		846.60	1076.00	1180.50	1220.00	1345.00	1401.00	1540.00	1652.00	1801.50	1825.00	1885.50	1972.00	2027.50	2118.00	2167.50	2400.00	3174.50	3706.00	6196.50	
03168000	0802	19300802	20150802	86	2046.13	1109.46	616.00	6950.00		865.75	1095.00	1171.50	1340.00	1397.50	1451.00	1543.50	1600.00	1710.00	1770.00	1818.50	1880.00	1991.00	2139.00	2275.00	2480.00	3038.50	3310.00	4403.00	
03168000	0803	19300803	20150803	86	2010.05	1121.55	613.00	6250.00		906.65	1094.00	1130.00	1242.00	1320.00	1401.00	1483.50	1520.00	1583.00	1620.00	1700.00	1772.00	1886.50	2099.00	2270.00	2792.00	3165.50	3603.00	4530.50	
03168000	0804	19300804	20150804	86	2149.02	1408.72	524.00	8680.00		809.50	1037.00	1090.50	1274.00	1367.50	1400.00	1410.00	1476.00	1571.50	1670.00	1717.00	1952.00	2223.00	2344.00	2417.50	2566.00	3377.00	3884.00	5520.00	
03168000	0805	19300805	20150805	86	2138.07	1541.13	538.00	10100.00		918.45	1081.00	1130.50	1180.00	1280.00	1341.00	1404.50	1518.00	1621.50	1690.00	1738.50	1820.00	2015.50	2096.00	2255.00	2598.00	3091.00	3990.00	5397.50	
03168000	0806	19300806	20150806	86	1974.35	1103.89	716.00	6870.00		839.70	935.70	1091.00	1194.00	1220.00	1292.00	1394.50	1468.00	1531.50	1575.00	1739.50	1920.00	2141.00	2266.00	2420.00	2562.00	2838.00	3593.00	4345.00	
03168000	0807	19300807	20150807	86	2126.92	1354.92	572.00	10000.00		890.65	1037.00	1140.50	1232.00	1360.00	1401.00	1510.00	1578.00	1624.50	1695.00	1795.50	1944.00	2111.00	2279.00	2370.00	2642.00	3451.50	4146.00	4806.00	
03168000	0808	19300808	20150808	86	2027.33	1194.75	546.00	7540.00		879.85	965.60	1040.50	1184.00	1335.00	1422.00	1504.50	1598.00	1660.00	1710.00	1758.50	1900.00	1962.00	2159.00	2317.50	2550.00	2824.50	3488.00	4345.50	
03168000	0809	19300809	20150809	86	1984.98	1204.99	517.00	8470.00		822.70	959.40	1121.00	1210.00	1297.50	1420.00	1479.00	1526.00	1651.50	1695.00	1738.50	1802.00	1945.50	2028.00	2250.00	2452.00	2699.50	3431.00	4702.50	
03168000	0810	19300810	20150810	86	2203.55	2459.20	516.00	21800.00		724.85	941.30	1042.00	1168.00	1265.00	1331.00	1453.50	1516.00	1603.00	1695.00	1782.50	1856.00	1995.50	2255.00	2322.50	2504.00	2866.50	3321.00	5549.00	
03168000	0811	19300811	20150811	86	2158.79	2822.56	506.00	26000.00		720.60	874.10	1101.50	1234.00	1260.00	1292.00	1379.00	1436.00	1529.00	1625.00	1727.00	1824.00	1977.50	2117.00	2292.50	2486.00	2638.00	2973.00	4034.00	
03168000	0812	19300812	20150812	86	2050.34	1589.70	535.00	11300.00		756.35	905.00	1060.50	1148.00	1232.50	1271.00	1429.00	1520.00	1631.50	1685.00	1717.00	1906.00	1955.50	2048.00	2172.50	2362.00	3056.50	3415.00	5064.00	
03168000	0813	19300813	20150813	86	2349.81	3607.97	557.00	33200.00		749.70	961.10	1022.50	1140.00	1235.00	1272.00	1388.00	1456.00	1507.50	1655.00	1740.00	1832.00	1912.00	1979.00	2197.50	2492.00	2941.00	4101.00	5663.00	
03168000	0814	19300814	20150814	86	3127.51	10157.10	517.00	95000.00		656.00	907.10	1030.50	1130.00	1197.50	1255.00	1329.00	1440.00	1497.50	1665.00	1787.00	1892.00	1995.50	2183.00	2402.50	2612.00	2868.50	3762.00	4967.50	
03168000	0815	19300815	20150815	86	2482.23	5751.49	521.00	54200.00		742.80	883.20	963.45	1072.00	1165.00	1280.00	1374.50	1420.00	1486.00	1560.00	1687.00	1744.00	1906.50	2120.00	2407.50	2476.00	2599.50	3507.00	4823.50	
03168000	0816	19300816	20150816	86	2156.29	2905.65	517.00	27000.00		690.55	869.30	973.85	1064.00	1172.50	1222.00	1289.00	1378.00	1413.00	1520.00	1697.00	1854.00	1988.50	2156.00	2330.00	2500.00	2983.50	3673.00	4640.50	
03168000	0817	19300817	20150817	86	2381.24	3687.04	472.00	30400.00		693.95	811.30	965.85	1032.00	1150.00	1302.00	1340.00	1420.00	1530.00	1625.00	1728.50	1800.00	1835.50	2000.00	2110.00	2426.00	2685.50	3492.00	6646.00	
03168000	0818	19300818	20150818	86	2679.23	4816.76	484.00	41400.00		732.90	863.50	975.75	1036.00	1080.00	1330.00	1364.50	1408.00	1434.50	1540.00	1622.50	1786.00	1856.50	2058.00	2192.50	2426.00	3489.50	4777.00	7667.00	
03168000	0819	19300819	20150819	86	2438.28	2815.92	430.00	18200.00		726.40	863.40	1014.00	1188.00	1245.00	1300.00	1389.00	1480.00	1581.50	1640.00	1738.50	1822.00	1935.00	2138.00	2220.00	2516.00	3013.00	4251.00	9124.00	
03168000	0820	19300820	20150820	86	2156.03	1706.40	445.00	8940.00		714.20	840.90	929.10	1094.00	1207.50	1271.00	1372.50	1438.00	1544.50	1685.00	1760.00	1782.00	1930.00	2036.00	2310.00	2576.00	3195.00	4591.00	6916.50	
03168000	0821	19300821	20150821	86	2002.03	1390.59	426.00	7620.00		868.55	916.10	1024.00	1154.00	1262.50	1311.00	1389.00	1418.00	1493.00	1540.00	1675.50	1766.00	1821.00	1880.00	1970.00	2624.00	2919.50	3746.00	6158.50	
03168000	0822	19300822	20150822	86	2011.21	1533.38	410.00	10900.00		745.25	962.80	1080.00	1140.00	1190.00	1311.00	1349.00	1420.00	1521.50	1590.00	1650.00	1786.00	1896.50	2053.00	2230.00	2266.00	2663.50	3778.00	5682.00	
03168000	0823	19300823	20150823	86	1979.27	1444.13	392.00	10200.00		751.05	944.40	1062.00	1164.00	1200.00	1240.00	1284.50	1380.00	1404.50	1575.00	1678.50	1762.00	1864.00	2008.00	2212.50	2312.00	3117.00	3690.00	4975.50	
03168000	0824	19300824	20150824	86	1940.38	1379.90	390.00	7860.00		751.00	879.00	993.85	1050.00	1195.00	1261.00	1300.00	1362.00	1420.00	1465.00	1631.00	1684.00	1836.50	1950.00	2090.00	2446.00	2995.50	3772.00	5181.50	
03168000	0825	19300825	20150825	86	1969.03	1405.12	405.00	9240.00		691.90	875.40	1001.00	1084.00	1140.00	1237.00	1360.00	1390.00	1477.50	1585.00	1695.50	1808.00	1936.50	2047.00	2172.50	2356.00	3011.00	3279.00	5564.00	
03168000	0826	19300826	20150826	86	1945.50	1501.10	369.00	10100.00		666.90	916.00	1011.00	1172.00	1217.50	1270.00	1310.00	1348.00	1440.00	1475.00	1678.50	1770.00	1810.00	2011.00	2207.50	2536.00	2637.00	2932.00	4769.50	
03168000	0827	19300827	20150827	86	1858.35	1085.93	548.00	6540.00		734.90	970.20	1080.50	1110.00	1180.00	1271.00	1309.00	1374.00	1451.50	1535.00	1640.00	1710.00	1865.00	2018.00	2177.50	2356.00	2577.50	3435.00	4307.00	
03168000	0828	19300828	20150828	86	1914.07	1419.99	574.00	11500.00		756.20	892.30	995.25	1134.00	1197.50	1261.00	1320.00	1358.00	1430.00	1505.00	1598.50	1714.00	1905.50	1979.00	2212.50	2488.00	2815.50	3175.00	4137.50	
03168000	0829	19300829	20150829	86	2051.10	3243.36	563.00	30800.00		770.10	958.30	1021.00	1114.00	1182.50	1273.00	1350.00	1358.00	1420.00	1540.00	1634.00	1688.00	1765.50	1847.00	1947.50	2110.00	2498.00	2919.00	4118.00	
03168000	0830	19300830	20150830	86	1962.86	2412.20	704.00	17200.00		853.15	945.10	994.80	1050.00	1080.00	1151.00	1210.00	1278.00	1362.00	1525.00	1600.00	1672.00	1725.50	1798.00	1852.50	1986.00	2058.00	2799.00	3967.50	
03168000	0831	19300831	20150831	86	2155.87	3595.27	677.00	31000.00		788.00	956.70	985.15	1054.00	1105.00	1181.00	1220.00	1248.00	1341.50	1375.00	1388.50	1488.00	1585.50	1668.00	1757.50	2014.00	2489.50	2762.00	7665.00	
03168000	0901	19300901	20150901	86	1934.93	1995.73	532.00	15200.00		775.60	866.70	931.35	977.20	1137.50	1191.00	1210.00	1246.00	1320.00	1400.00	1437.00	1460.00	1530.00	1630.00	1792.50	2006.00	2441.50	3829.00	6243.00	
03168000	0902	19300902	20150902	86	1863.23	1439.41	597.00	8500.00		794.40	886.90	961.10	1030.00	1107.50	1162.00	1243.50	1308.00	1350.50	1415.00	1430.00	1520.00	1594.00	1804.00	1880.00	2122.00	2715.00	3467.00	5667.00	
03168000	0903	19300903	20150903	86	1749.48	1117.57	575.00	6880.00		711.60	919.70	972.50	1060.00	1130.00	1181.00	1233.50	1278.00	1344.50	1405.00	1488.50	1532.00	1656.50	1796.00	1875.00	2080.00	2506.50	3137.00	4537.00	
03168000	0904	19300904	20150904	86	1708.80	941.13	615.00	5000.00		716.05	813.40	972.05	1004.00	1060.00	1130.00	1184.50	1226.00	1301.50	1420.00	1528.50	1600.00	1767.50	1917.00	2082.50	2186.00	2596.00	3094.00	3948.50	
03168000	0905	19300905	20150905	86	1819.76	1201.02	535.00	8750.00		793.75	925.80	970.30	1068.00	1125.00	1211.00	1274.50	1320.00	1381.50	1420.00	1520.00	1660.00	1731.00	1818.00	2002.50	2392.00	2813.00	3395.00	4465.00	
03168000	0906	19300906	20150906	86	2409.42	3472.40	453.00	27800.00		829.65	948.70	1002.00	1094.00	1180.00	1312.00	1379.00	1418.00	1433.00	1495.00	1518.50	1620.00	1842.00	1988.00	2305.00	2636.00	3284.50	3747.00	5620.00	
03168000	0907	19300907	20150907	86	2293.22	2364.73	565.00	12900.00		786.90	934.70	999.05	1094.00	1160.00	1221.00	1308.00	1428.00	1501.50	1525.00	1577.00	1704.00	1775.50	2041.00	2267.50	3032.00	3236.00	4245.00	8559.00	
03168000	0908	19300908	20150908	86	2269.70	2714.80	506.00	22500.00		677.30	936.50	1001.50	1068.00	1110.00	1201.00	1230.00	1284.00	1331.50	1375.00	1477.00	1608.00	1776.50	2140.00	2332.50	2734.00	3208.00	4664.00	6953.50	
03168000	0909	19300909	20150909	86	2168.33	3448.11	547.00	32000.00		704.15	867.30	982.10	1018.00	1135.00	1161.00	1204.50	1268.00	1296.00	1385.00	1400.00	1480.00	1831.00	1909.00	2192.50	2624.00	3049.00	3718.00	4766.50	
03168000	0910	19300910	20150910	86	1903.43	1656.05	511.00	13500.00		735.15	887.40	978.10	992.00	1087.50	1140.00	1184.50	1208.00	1271.50	1410.00	1530.00	1664.00	1787.50	1935.00	2100.00	2466.00	2790.00	3479.00	4478.00	
03168000	0911	19300911	20150911	86	1762.10	1215.30	474.00	7420.00		685.95	934.70	969.25	1014.00	1057.50	1103.00	1154.50	1216.00	1280.00	1395.00	1520.00	1562.00	1754.00	1918.00	2100.00	2258.00	2584.00	2890.00	3740.50	
03168000	0912	19300912	20150912	86	1680.02	977.42	452.00	5310.00		737.50	851.70	912.45	1004.00	1027.50	1060.00	1120.00	1168.00	1229.00	1400.00	1538.50	1612.00	1703.00	1869.00	2015.00	2190.00	2398.00	3113.00	3820.00	
03168000	0913	19300913	20150913	86	1642.13	963.96	446.00	5320.00		667.35	803.70	955.55	1001.60	1040.00	1091.00	1123.50	1176.00	1264.50	1335.00	1410.00	1470.00	1635.50	1816.00	1897.50	2152.00	2512.50	3009.00	3656.00	
03168000	0914	19300914	20150914	86	1802.24	1412.87	523.00	8710.00		665.60	811.80	874.20	963.40	1010.00	1031.00	1119.00	1148.00	1211.50	1280.00	1469.50	1560.00	1666.50	1699.00	2057.50	2442.00	2888.00	3218.00	4972.00	
03168000	0915	19300915	20150915	86	1848.78	1606.69	603.00	9390.00		706.20	810.70	922.75	1008.00	1040.00	1100.00	1130.00	1194.00	1241.50	1350.00	1518.50	1550.00	1661.00	1739.00	1935.00	2132.00	2677.00	3216.00	5073.50	
03168000	0916	19300916	20150916	86	1913.21	2014.44	586.00	15200.00		773.35	870.00	913.10	994.40	1057.50	1102.00	1153.50	1200.00	1263.00	1330.00	1388.50	1436.00	1584.00	1743.00	2082.50	2344.00	2645.00	3109.00	5069.50	
03168000	0917	19300917	20150917	86	2185.62	2703.87	616.00	16800.00		756.40	856.00	915.80	992.00	1007.50	1032.00	1100.00	1174.00	1294.50	1395.00	1450.00	1554.00	1620.00	1809.00	2147.50	2504.00	2879.00	3349.00	9484.00	
03168000	0918	19300918	20150918	86	2759.36	6247.14	700.00	46100.00		792.95	848.80	927.30	996.40	1045.00	1103.00	1169.00	1200.00	1303.00	1340.00	1458.50	1582.00	1660.00	1840.00	2107.50	2510.00	2822.50	3611.00	7462.50	
03168000	0919	19300919	20150919	86	2279.07	3039.56	511.00	22500.00		761.75	853.80	935.20	988.80	1025.00	1071.00	1114.50	1162.00	1234.50	1340.00	1417.00	1562.00	1886.50	2108.00	2292.50	2548.00	2997.00	4139.00	7013.00	
03168000	0920	19300920	20150920	86	1958.62	1713.09	538.00	10600.00		762.45	855.30	905.35	943.80	1007.50	1053.00	1144.50	1220.00	1326.00	1415.00	1554.00	1674.00	1785.50	1898.00	1992.50	2354.00	2586.50	4221.00	6179.00	
03168000	0921	19300921	20150921	86	1795.51	1258.21	656.00	7000.00		747.10	837.70	894.05	979.60	1072.50	1111.00	1160.00	1230.00	1303.00	1385.00	1430.00	1506.00	1623.00	1859.00	2120.00	2260.00	2825.50	3360.00	5045.50	
03168000	0922	19300922	20150922	86	2402.35	5154.79	634.00	40000.00		756.45	850.10	882.60	948.40	1020.75	1123.00	1213.50	1248.00	1320.00	1370.00	1398.50	1554.00	1660.00	1778.00	2050.00	2272.00	2672.00	3063.00	4557.50	
03168000	0923	19300923	20150923	86	2476.95	6478.95	668.00	59200.00		752.20	823.70	875.00	987.40	1030.00	1112.00	1154.50	1196.00	1267.50	1350.00	1417.00	1482.00	1580.00	1659.00	1852.50	1992.00	2695.00	3463.00	4664.00	
03168000	0924	19300924	20150924	86	1878.35	2329.58	650.00	19300.00		726.70	817.60	940.95	1000.00	1020.00	1040.00	1098.00	1196.00	1260.00	1295.00	1340.00	1422.00	1455.50	1569.00	1722.50	1960.00	2638.00	3028.00	4418.00	
03168000	0925	19300925	20150925	86	1714.86	1529.37	666.00	10400.00		717.60	854.70	906.20	971.00	998.50	1052.00	1160.00	1198.00	1241.50	1300.00	1318.50	1380.00	1496.50	1579.00	1710.00	1858.00	2473.00	2872.00	3861.00	
03168000	0926	19300926	20150926	86	1634.84	1252.51	648.00	9890.00		729.70	835.60	914.45	971.60	1013.50	1071.00	1119.00	1168.00	1240.00	1325.00	1400.00	1462.00	1551.00	1570.00	1705.00	2006.00	2148.00	2636.00	3251.50	
03168000	0927	19300927	20150927	86	1951.52	1739.03	679.00	9670.00		707.35	839.40	962.90	1028.00	1065.00	1113.00	1184.50	1220.00	1326.00	1400.00	1510.00	1552.00	1726.50	1829.00	1965.00	2276.00	2830.50	3340.00	6409.00	
03168000	0928	19300928	20150928	86	2392.76	3244.98	700.00	20200.00		749.35	848.00	904.40	942.20	1075.00	1120.00	1189.00	1252.00	1321.50	1395.00	1448.50	1482.00	1595.50	1805.00	2065.00	2396.00	3265.00	5057.00	8484.00	
03168000	0929	19300929	20150929	86	2299.72	2777.56	627.00	21100.00		748.30	853.50	894.55	970.60	1102.50	1140.00	1216.00	1326.00	1411.50	1455.00	1528.50	1580.00	1683.00	1850.00	2212.50	2944.00	3656.50	4492.00	7523.50	
03168000	0930	19300930	20150930	86	2625.78	3582.80	689.00	26800.00		757.10	905.00	975.10	1044.00	1077.50	1163.00	1224.50	1266.00	1323.00	1400.00	1528.50	1784.00	1896.50	2223.00	2532.50	3026.00	4056.50	4923.00	9117.00	
03168000	1001	19291001	20151001	87	2791.07	4543.35	696.00	36200.00		764.00	860.80	945.00	1010.00	1110.00	1168.00	1210.00	1288.00	1416.00	1510.00	1648.00	1828.00	2100.00	2246.00	2350.00	2696.00	3010.00	6082.00	8936.00	
03168000	1002	19291002	20151002	87	2808.23	4981.51	652.00	38300.00		764.00	889.60	911.60	998.80	1030.00	1090.00	1156.00	1308.00	1380.00	1440.00	1494.00	1708.00	1984.00	2228.00	2370.00	2990.00	3592.00	5668.00	7018.00	
03168000	1003	19291003	20151003	87	2443.80	2986.07	542.00	18600.00		737.40	831.40	914.00	975.80	1020.00	1104.00	1178.00	1244.00	1366.00	1460.00	1584.00	1618.00	1888.00	2052.00	2300.00	2870.00	3950.00	5042.00	8404.00	
03168000	1004	19291004	20151004	87	2178.67	2430.57	568.00	18400.00		750.80	821.20	945.40	973.20	1060.00	1120.00	1140.00	1226.00	1328.00	1450.00	1504.00	1632.00	1798.00	2096.00	2300.00	2608.00	3320.00	4716.00	5204.00	
03168000	1005	19291005	20151005	87	2093.77	1990.62	568.00	11800.00		790.00	881.40	943.60	984.80	1030.00	1080.00	1098.00	1200.00	1348.00	1400.00	1590.00	1696.00	1868.00	2076.00	2380.00	2550.00	3088.00	3808.00	7430.00	
03168000	1006	19291006	20151006	87	2196.33	3003.49	534.00	25700.00		703.60	808.40	895.60	969.80	993.00	1030.00	1090.00	1144.00	1256.00	1340.00	1508.00	1738.00	1970.00	2110.00	2160.00	2376.00	3106.00	3914.00	6532.00	
03168000	1007	19291007	20151007	87	1953.52	1558.35	650.00	9810.00		733.20	811.80	908.60	948.60	1010.00	1076.00	1166.00	1250.00	1336.00	1390.00	1614.00	1686.00	1822.00	1940.00	2060.00	2608.00	2930.00	3764.00	5824.00	
03168000	1008	19291008	20151008	87	2107.28	2339.38	666.00	19700.00		728.80	782.00	861.00	935.80	1000.00	1048.00	1156.00	1334.00	1436.00	1490.00	1568.00	1724.00	1846.00	2040.00	2210.00	2780.00	3152.00	3892.00	5222.00	
03168000	1009	19291009	20151009	87	2260.40	4031.51	626.00	38100.00		702.00	789.40	849.20	902.80	968.00	1038.00	1192.00	1336.00	1444.00	1520.00	1678.00	1868.00	2006.00	2250.00	2480.00	2868.00	3030.00	3416.00	4440.00	
03168000	1010	19291010	20151010	87	2109.38	2476.49	608.00	21200.00		711.80	777.40	874.60	953.60	1010.00	1074.00	1116.00	1294.00	1432.00	1510.00	1644.00	1708.00	1968.00	2128.00	2200.00	2554.00	2958.00	3280.00	5534.00	
03168000	1011	19291011	20151011	87	1918.21	1519.10	575.00	9760.00		716.40	771.60	845.20	926.00	974.00	1030.00	1118.00	1194.00	1336.00	1470.00	1614.00	1796.00	1962.00	2106.00	2340.00	2418.00	2630.00	3888.00	4626.00	
03168000	1012	19291012	20151012	87	1755.64	1050.83	640.00	6270.00		749.20	802.00	915.00	960.80	1010.00	1058.00	1190.00	1302.00	1386.00	1490.00	1608.00	1744.00	1862.00	1984.00	2060.00	2352.00	2498.00	3048.00	3962.00	
03168000	1013	19291013	20151013	87	1953.93	2479.67	600.00	23100.00		738.60	803.00	898.20	972.80	1060.00	1130.00	1178.00	1300.00	1406.00	1460.00	1598.00	1666.00	1824.00	1950.00	2040.00	2268.00	2546.00	3028.00	4548.00	
03168000	1014	19291014	20151014	87	1950.53	1940.41	615.00	16400.00		732.80	829.60	906.00	964.00	1060.00	1124.00	1186.00	1258.00	1356.00	1400.00	1490.00	1656.00	1836.00	2060.00	2160.00	2328.00	2560.00	3754.00	4830.00	
03168000	1015	19291015	20151015	87	1909.75	1677.36	594.00	12900.00		749.60	837.60	895.20	1005.20	1040.00	1118.00	1160.00	1194.00	1332.00	1450.00	1520.00	1696.00	1830.00	2000.00	2120.00	2372.00	2616.00	3340.00	4680.00	
03168000	1016	19291016	20151016	87	1883.62	1564.95	595.00	13500.00		753.60	841.60	947.60	1020.00	1090.00	1134.00	1200.00	1272.00	1372.00	1560.00	1632.00	1688.00	1876.00	2174.00	2300.00	2384.00	2574.00	3032.00	3914.00	
03168000	1017	19291017	20151017	87	2355.43	3295.80	620.00	25000.00		708.80	817.80	928.80	1026.00	1080.00	1160.00	1274.00	1310.00	1372.00	1500.00	1576.00	1720.00	1878.00	2156.00	2300.00	2528.00	3210.00	3672.00	5938.00	
03168000	1018	19291018	20151018	87	2655.09	4069.66	627.00	29800.00		721.80	810.80	955.80	1038.00	1060.00	1102.00	1210.00	1264.00	1392.00	1600.00	1614.00	1756.00	1922.00	2096.00	2230.00	2610.00	3482.00	4408.00	12188.00	
03168000	1019	19291019	20151019	87	2673.39	3356.52	668.00	17300.00		763.00	825.00	936.40	993.80	1090.00	1130.00	1200.00	1322.00	1406.00	1570.00	1670.00	1796.00	1900.00	2070.00	2320.00	3038.00	3402.00	6722.00	12060.00	
03168000	1020	19291020	20151020	87	2506.84	3337.36	642.00	24200.00		750.00	834.00	959.60	990.40	1040.00	1140.00	1196.00	1300.00	1406.00	1560.00	1702.00	1836.00	1950.00	2052.00	2160.00	2814.00	3198.00	5006.00	9218.00	
03168000	1021	19291021	20151021	87	2280.63	2678.54	721.00	21800.00		764.00	837.40	888.00	938.60	1020.00	1148.00	1220.00	1364.00	1480.00	1610.00	1734.00	1834.00	2002.00	2142.00	2380.00	2856.00	3276.00	3926.00	6380.00	
03168000	1022	19291022	20151022	87	2203.74	2283.70	724.00	19000.00		802.40	848.80	916.80	1011.20	1050.00	1138.00	1342.00	1448.00	1582.00	1620.00	1854.00	1924.00	2010.00	2212.00	2540.00	2936.00	3134.00	3580.00	4936.00	
03168000	1023	19291023	20151023	87	2204.90	2111.59	711.00	13000.00		788.00	858.80	942.00	1003.60	1060.00	1120.00	1216.00	1406.00	1548.00	1600.00	1704.00	1828.00	1964.00	2218.00	2440.00	2716.00	2880.00	3450.00	7286.00	
03168000	1024	19291024	20151024	87	2305.60	3069.56	750.00	26100.00		821.40	897.00	957.60	977.20	1060.00	1118.00	1226.00	1254.00	1456.00	1570.00	1660.00	1768.00	1908.00	2094.00	2270.00	2552.00	2946.00	4196.00	6892.00	
03168000	1025	19291025	20151025	87	2171.83	2497.86	684.00	22200.00		740.80	898.80	976.40	998.00	1060.00	1194.00	1246.00	1482.00	1532.00	1640.00	1746.00	1810.00	1880.00	2040.00	2220.00	2718.00	3276.00	3642.00	5050.00	
03168000	1026	19291026	20151026	87	2364.22	2599.73	576.00	18300.00		752.80	915.60	989.40	1070.00	1120.00	1202.00	1278.00	1320.00	1526.00	1600.00	1680.00	1784.00	1936.00	2412.00	2720.00	3024.00	3266.00	3840.00	7790.00	
03168000	1027	19291027	20151027	87	2328.21	2176.96	714.00	13200.00		847.60	919.60	975.00	1018.00	1080.00	1168.00	1226.00	1384.00	1506.00	1630.00	1788.00	1918.00	2126.00	2360.00	2690.00	2916.00	3346.00	3834.00	8038.00	
03168000	1028	19291028	20151028	87	2268.97	1961.46	578.00	14100.00		844.00	889.60	990.40	1112.00	1200.00	1256.00	1336.00	1408.00	1476.00	1610.00	1832.00	2090.00	2190.00	2310.00	2600.00	2956.00	3208.00	4348.00	6796.00	
03168000	1029	19291029	20151029	87	2293.41	2067.85	559.00	11900.00		814.20	945.80	1011.20	1120.00	1160.00	1234.00	1366.00	1522.00	1570.00	1640.00	1752.00	1852.00	1954.00	2112.00	2330.00	2892.00	3500.00	4492.00	6694.00	
03168000	1030	19291030	20151030	87	2061.33	1433.15	551.00	8290.00		815.80	935.80	1010.00	1130.00	1180.00	1234.00	1280.00	1380.00	1496.00	1570.00	1684.00	1814.00	1974.00	2156.00	2340.00	2804.00	3500.00	3754.00	5624.00	
03168000	1031	19291031	20151031	87	2043.68	1472.27	565.00	10600.00		852.00	943.20	1052.00	1100.00	1140.00	1184.00	1268.00	1382.00	1482.00	1600.00	1694.00	1842.00	2032.00	2144.00	2300.00	2892.00	3242.00	3508.00	4900.00	
03168000	1101	19291101	20151101	87	2081.28	1559.78	625.00	10000.00		863.00	950.40	1004.00	1082.00	1170.00	1220.00	1380.00	1510.00	1560.00	1590.00	1714.00	1836.00	1932.00	2116.00	2390.00	2710.00	3280.00	3690.00	4782.00	
03168000	1102	19291102	20151102	87	2288.10	1980.17	704.00	15000.00		852.60	978.00	1034.00	1106.00	1200.00	1264.00	1364.00	1476.00	1532.00	1650.00	1760.00	1878.00	2036.00	2160.00	2490.00	3134.00	3600.00	4778.00	6010.00	
03168000	1103	19291103	20151103	87	2592.76	2683.20	721.00	15800.00		822.80	924.80	994.40	1042.00	1130.00	1274.00	1392.00	1456.00	1608.00	1680.00	1752.00	1830.00	2012.00	2412.00	2640.00	3342.00	3948.00	5322.00	9720.00	
03168000	1104	19291104	20151104	87	2561.07	2610.57	622.00	15600.00		861.60	966.60	1016.00	1110.00	1200.00	1324.00	1494.00	1552.00	1626.00	1760.00	1848.00	1988.00	2070.00	2456.00	2810.00	2940.00	3670.00	5042.00	8264.00	
03168000	1105	19291105	20151105	87	2595.63	3052.77	608.00	26500.00		875.20	1030.00	1072.00	1144.00	1240.00	1404.00	1468.00	1504.00	1556.00	1740.00	1840.00	2014.00	2212.00	2588.00	2780.00	3432.00	4226.00	5104.00	6186.00	
03168000	1106	19291106	20151106	87	2530.78	2936.04	617.00	23700.00		874.60	1016.40	1120.00	1216.00	1300.00	1382.00	1448.00	1486.00	1564.00	1640.00	1800.00	1948.00	2132.00	2272.00	2630.00	3148.00	3796.00	4236.00	6220.00	
03168000	1107	19291107	20151107	87	3137.46	9137.81	642.00	86500.00		882.80	1012.00	1050.00	1130.00	1280.00	1360.00	1512.00	1616.00	1732.00	1780.00	1932.00	2080.00	2192.00	2432.00	2550.00	3026.00	3608.00	3800.00	5660.00	
03168000	1108	19291108	20151108	87	2648.46	4069.07	694.00	37200.00		883.60	1010.00	1066.00	1142.00	1280.00	1344.00	1516.00	1580.00	1696.00	1800.00	1888.00	2048.00	2380.00	2662.00	2990.00	3122.00	3540.00	4142.00	4820.00	
03168000	1109	19291109	20151109	87	2507.93	2765.08	722.00	20600.00		823.20	956.80	1038.00	1132.00	1190.00	1282.00	1400.00	1488.00	1690.00	1760.00	1890.00	2068.00	2288.00	2644.00	2880.00	3400.00	3670.00	4234.00	4764.00	
03168000	1110	19291110	20151110	87	2505.02	2652.75	733.00	18300.00		866.00	969.20	1028.00	1122.00	1170.00	1324.00	1496.00	1542.00	1624.00	1700.00	1910.00	1988.00	2200.00	2366.00	2620.00	2874.00	3470.00	4102.00	8316.00	
03168000	1111	19291111	20151111	87	2387.84	1915.24	699.00	11500.00		879.60	998.00	1056.00	1102.00	1310.00	1460.00	1510.00	1568.00	1672.00	1770.00	1894.00	2180.00	2330.00	2430.00	2690.00	2882.00	3200.00	4188.00	7270.00	
03168000	1112	19291112	20151112	87	2507.45	2557.86	698.00	20500.00		882.20	989.60	1052.00	1130.00	1290.00	1418.00	1510.00	1568.00	1718.00	1780.00	1828.00	1964.00	2300.00	2346.00	2630.00	3194.00	3854.00	4282.00	6944.00	
03168000	1113	19291113	20151113	87	2592.08	2615.81	700.00	18900.00		867.20	954.60	1020.00	1100.00	1200.00	1244.00	1440.00	1632.00	1650.00	1740.00	1884.00	2048.00	2234.00	2534.00	2800.00	3490.00	4192.00	5272.00	7914.00	
03168000	1114	19291114	20151114	87	2353.21	1902.33	626.00	13400.00		848.00	964.00	1034.00	1110.00	1190.00	1284.00	1408.00	1492.00	1622.00	1680.00	1812.00	1948.00	2220.00	2664.00	2880.00	3068.00	3832.00	4656.00	6380.00	
03168000	1115	19291115	20151115	87	2157.28	1369.86	617.00	6680.00		844.60	928.60	1028.00	1096.00	1120.00	1182.00	1340.00	1392.00	1506.00	1620.00	1696.00	1956.00	2302.00	2780.00	2930.00	3078.00	3520.00	4364.00	5078.00	
03168000	1116	19291116	20151116	87	2490.09	3397.37	667.00	30200.00		816.20	957.60	1032.00	1116.00	1200.00	1280.00	1358.00	1444.00	1496.00	1650.00	1764.00	2074.00	2304.00	2418.00	2670.00	2944.00	3560.00	4360.00	4968.00	
03168000	1117	19291117	20151117	87	2393.15	2289.98	702.00	16600.00		813.00	930.40	1040.00	1172.00	1310.00	1382.00	1428.00	1490.00	1606.00	1790.00	1982.00	2120.00	2294.00	2396.00	2540.00	2898.00	3506.00	3916.00	6044.00	
03168000	1118	19291118	20151118	87	2397.89	2162.24	707.00	16500.00		821.00	925.60	1084.00	1142.00	1240.00	1320.00	1416.00	1522.00	1632.00	1880.00	1990.00	2148.00	2322.00	2502.00	2740.00	2926.00	3360.00	4312.00	6844.00	
03168000	1119	19291119	20151119	87	2837.77	3785.42	720.00	29500.00		905.20	951.60	1070.00	1142.00	1270.00	1324.00	1524.00	1658.00	1716.00	1910.00	2064.00	2144.00	2336.00	2498.00	2720.00	3176.00	3974.00	5092.00	8724.00	
03168000	1120	19291120	20151120	87	3118.30	5166.40	711.00	44900.00		895.20	936.40	1072.00	1152.00	1260.00	1340.00	1486.00	1640.00	1852.00	1920.00	2082.00	2252.00	2416.00	2648.00	2810.00	3908.00	4398.00	5218.00	7044.00	
03168000	1121	19291121	20151121	87	2504.76	2105.13	706.00	14800.00		829.60	925.00	1044.00	1160.00	1250.00	1304.00	1436.00	1524.00	1692.00	1830.00	2140.00	2224.00	2392.00	2606.00	2790.00	3388.00	3918.00	5042.00	6466.00	
03168000	1122	19291122	20151122	87	2386.06	1614.91	692.00	9050.00		862.20	966.40	1016.00	1158.00	1200.00	1294.00	1396.00	1644.00	1746.00	1960.00	2180.00	2338.00	2506.00	2614.00	3060.00	3374.00	3662.00	4244.00	5780.00	
03168000	1123	19291123	20151123	87	2544.37	2372.86	642.00	20800.00		931.60	977.40	1060.00	1142.00	1260.00	1484.00	1612.00	1730.00	1940.00	2070.00	2204.00	2364.00	2534.00	2678.00	3170.00	3452.00	3814.00	4344.00	5764.00	
03168000	1124	19291124	20151124	87	2602.06	2203.50	730.00	14000.00		965.00	1018.00	1088.00	1212.00	1310.00	1432.00	1558.00	1668.00	1776.00	2070.00	2190.00	2376.00	2634.00	2866.00	3120.00	3320.00	3688.00	4738.00	6384.00	
03168000	1125	19291125	20151125	87	2650.08	2090.27	710.00	11500.00		912.40	1005.40	1094.00	1160.00	1230.00	1418.00	1506.00	1694.00	1836.00	1970.00	2158.00	2230.00	2532.00	2700.00	3020.00	3954.00	4760.00	5090.00	7786.00	
03168000	1126	19291126	20151126	87	2855.30	2779.61	642.00	16100.00		937.20	1038.00	1104.00	1208.00	1330.00	1416.00	1494.00	1688.00	1992.00	2120.00	2188.00	2274.00	2604.00	2864.00	3210.00	3786.00	4314.00	4662.00	10348.00	
03168000	1127	19291127	20151127	87	2819.46	2490.85	631.00	16600.00		975.40	1080.00	1122.00	1192.00	1300.00	1422.00	1590.00	1792.00	1924.00	2020.00	2202.00	2394.00	2594.00	2782.00	3550.00	3926.00	4408.00	5038.00	8560.00	
03168000	1128	19291128	20151128	87	2697.48	1828.13	657.00	9690.00		930.00	1005.40	1064.00	1156.00	1330.00	1400.00	1706.00	1910.00	2082.00	2190.00	2300.00	2476.00	2888.00	3502.00	3680.00	3944.00	4170.00	4808.00	6820.00	
03168000	1129	19291129	20151129	87	3303.62	3507.30	616.00	27100.00		919.20	985.40	1132.00	1228.00	1410.00	1674.00	1840.00	1970.00	2196.00	2370.00	2684.00	3098.00	3334.00	3738.00	4080.00	4534.00	4824.00	5646.00	8450.00	
03168000	1130	19291130	20151130	87	3165.15	2953.12	664.00	19100.00		846.80	969.60	1080.00	1234.00	1330.00	1570.00	1732.00	1872.00	1976.00	2180.00	2422.00	3016.00	3348.00	3588.00	4010.00	4410.00	4828.00	5406.00	10144.00	
03168000	1201	19291201	20151201	87	3245.14	3810.27	766.00	28000.00		910.20	949.80	1048.00	1300.00	1560.00	1654.00	1770.00	1814.00	2016.00	2270.00	2428.00	2632.00	2868.00	3052.00	3540.00	3840.00	4162.00	6232.00	8972.00	
03168000	1202	19291202	20151202	87	3097.29	3584.84	882.00	26100.00		925.60	1032.00	1124.00	1258.00	1520.00	1596.00	1678.00	1846.00	2102.00	2260.00	2356.00	2456.00	2714.00	2886.00	3290.00	3456.00	3980.00	5174.00	10048.00	
03168000	1203	19291203	20151203	87	2899.49	2666.47	852.00	17900.00		924.00	975.20	1178.00	1370.00	1430.00	1544.00	1630.00	1770.00	1996.00	2140.00	2224.00	2472.00	2698.00	2964.00	3340.00	3564.00	4396.00	5518.00	9170.00	
03168000	1204	19291204	20151204	87	3062.22	3153.36	814.00	24400.00		912.80	1032.00	1110.00	1248.00	1390.00	1544.00	1588.00	1936.00	2036.00	2110.00	2308.00	2658.00	2842.00	3022.00	3500.00	3594.00	4454.00	6796.00	8818.00	
03168000	1205	19291205	20151205	87	3158.30	2944.14	742.00	17900.00		936.00	1040.00	1122.00	1296.00	1400.00	1572.00	1640.00	1864.00	2118.00	2300.00	2550.00	2656.00	2908.00	3186.00	3580.00	4028.00	5144.00	6196.00	9724.00	
03168000	1206	19291206	20151206	87	2916.02	2172.35	724.00	14000.00		866.80	1112.00	1208.00	1320.00	1330.00	1480.00	1780.00	1912.00	2188.00	2360.00	2548.00	2736.00	2940.00	3204.00	3530.00	4104.00	4882.00	5834.00	7796.00	
03168000	1207	19291207	20151207	87	3047.30	2467.38	800.00	17300.00		951.00	1088.00	1216.00	1326.00	1420.00	1734.00	1796.00	1960.00	2122.00	2340.00	2592.00	2816.00	3030.00	3280.00	3780.00	4128.00	5080.00	5452.00	7026.00	
03168000	1208	19291208	20151208	87	3288.36	4489.39	843.00	36200.00		918.20	995.00	1122.00	1272.00	1360.00	1526.00	1736.00	1912.00	1992.00	2220.00	2586.00	2798.00	3094.00	3312.00	3690.00	4046.00	4410.00	4968.00	8018.00	
03168000	1209	19291209	20151209	87	2853.24	2475.10	861.00	15200.00		893.40	1080.00	1202.00	1262.00	1360.00	1604.00	1676.00	1858.00	2076.00	2240.00	2312.00	2564.00	2654.00	2996.00	3430.00	3648.00	3970.00	4786.00	8186.00	
03168000	1210	19291210	20151210	87	2864.03	2340.60	818.00	19100.00		883.40	1028.00	1156.00	1326.00	1410.00	1644.00	1806.00	2028.00	2226.00	2420.00	2580.00	2724.00	2902.00	3172.00	3410.00	3956.00	4282.00	4766.00	6816.00	
03168000	1211	19291211	20151211	87	3122.76	2433.52	743.00	12800.00		883.20	1060.00	1150.00	1336.00	1430.00	1774.00	1984.00	2140.00	2218.00	2320.00	2458.00	2784.00	3104.00	3294.00	3510.00	4122.00	5380.00	6308.00	9010.00	
03168000	1212	19291212	20151212	87	3323.16	3153.11	640.00	21800.00		936.20	1040.20	1166.00	1350.00	1560.00	1724.00	1952.00	2092.00	2184.00	2470.00	2538.00	2934.00	3232.00	3442.00	4080.00	4394.00	5026.00	6880.00	9018.00	
03168000	1213	19291213	20151213	87	3151.45	2873.03	600.00	20100.00		800.40	1079.20	1310.00	1506.00	1650.00	1724.00	1912.00	2044.00	2154.00	2540.00	2814.00	2900.00	3112.00	3272.00	3870.00	4086.00	4970.00	5726.00	6678.00	
03168000	1214	19291214	20151214	87	2960.21	1971.02	650.00	10800.00		897.60	998.40	1222.00	1530.00	1710.00	1850.00	1944.00	1998.00	2200.00	2580.00	2774.00	3012.00	3260.00	3532.00	3710.00	3912.00	4430.00	4944.00	7680.00	
03168000	1215	19291215	20151215	87	2851.51	1595.02	755.00	8180.00		930.80	1016.00	1108.00	1458.00	1640.00	1924.00	2004.00	2180.00	2378.00	2500.00	2720.00	2966.00	3258.00	3418.00	3820.00	4150.00	4400.00	4952.00	6040.00	
03168000	1216	19291216	20151216	87	2820.75	1780.79	900.00	12300.00		1004.00	1058.00	1226.00	1346.00	1550.00	1856.00	1972.00	2204.00	2332.00	2480.00	2620.00	2806.00	3030.00	3116.00	3630.00	4060.00	4198.00	4794.00	5708.00	
03168000	1217	19291217	20151217	87	2743.30	1698.77	762.00	13200.00		952.60	1092.00	1324.00	1544.00	1680.00	1786.00	1984.00	2136.00	2312.00	2410.00	2572.00	2976.00	3048.00	3168.00	3430.00	3488.00	3996.00	4190.00	5618.00	
03168000	1218	19291218	20151218	87	2708.31	1843.69	760.00	11900.00		878.20	1154.00	1316.00	1460.00	1680.00	1808.00	1948.00	2080.00	2200.00	2310.00	2450.00	2608.00	2814.00	2932.00	3160.00	3324.00	3590.00	4356.00	6296.00	
03168000	1219	19291219	20151219	87	2656.30	1989.61	700.00	16000.00		822.60	1116.00	1270.00	1400.00	1490.00	1630.00	1786.00	1924.00	2118.00	2340.00	2464.00	2690.00	2806.00	2896.00	3050.00	3210.00	3712.00	4630.00	5934.00	
03168000	1220	19291220	20151220	87	2570.84	1533.13	650.00	9640.00		977.20	1070.00	1262.00	1326.00	1500.00	1654.00	1788.00	1942.00	2098.00	2250.00	2434.00	2588.00	2704.00	2936.00	3380.00	3460.00	3624.00	4412.00	5110.00	
03168000	1221	19291221	20151221	87	2796.30	2398.26	680.00	13900.00		944.80	1130.00	1236.00	1436.00	1560.00	1668.00	1744.00	1828.00	1996.00	2110.00	2316.00	2448.00	2748.00	2860.00	3040.00	3556.00	4050.00	4434.00	7230.00	
03168000	1222	19291222	20151222	87	2752.48	2067.68	650.00	12600.00		910.00	1174.00	1250.00	1394.00	1640.00	1694.00	1836.00	1896.00	2086.00	2320.00	2574.00	2648.00	2714.00	2772.00	2970.00	3384.00	3756.00	4676.00	7402.00	
03168000	1223	19291223	20151223	87	2889.03	1958.92	720.00	12800.00		1024.00	1160.00	1306.00	1506.00	1600.00	1644.00	1794.00	1890.00	2240.00	2500.00	2544.00	2790.00	3012.00	3168.00	3610.00	3778.00	4602.00	5216.00	6646.00	
03168000	1224	19291224	20151224	87	3067.77	2208.33	740.00	14200.00		1008.00	1162.00	1300.00	1484.00	1600.00	1720.00	1914.00	2066.00	2232.00	2470.00	2690.00	2952.00	3216.00	3452.00	3860.00	4184.00	4946.00	5518.00	7924.00	
03168000	1225	19291225	20151225	87	3339.83	2951.59	700.00	19200.00		995.00	1234.00	1358.00	1548.00	1680.00	1740.00	2000.00	2168.00	2362.00	2580.00	2792.00	3110.00	3402.00	3532.00	3760.00	4216.00	4744.00	6542.00	8308.00	
03168000	1226	19291226	20151226	87	3391.10	2779.48	740.00	20200.00		941.60	1124.00	1360.00	1586.00	1720.00	1936.00	2100.00	2300.00	2392.00	2650.00	2990.00	3318.00	3372.00	3674.00	4000.00	4342.00	5542.00	6144.00	8410.00	
03168000	1227	19291227	20151227	87	3343.51	2668.41	780.00	18900.00		1024.00	1180.00	1392.00	1488.00	1680.00	1770.00	2020.00	2160.00	2398.00	2690.00	3078.00	3264.00	3472.00	3696.00	4340.00	4864.00	5012.00	6012.00	8412.00	
03168000	1228	19291228	20151228	87	3290.70	2190.01	820.00	12400.00		1144.00	1320.00	1486.00	1684.00	1800.00	1878.00	1956.00	2096.00	2516.00	2780.00	3002.00	3302.00	3728.00	3988.00	4180.00	4414.00	4904.00	5488.00	8320.00	
03168000	1229	19291229	20151229	87	3680.66	3725.20	780.00	30200.00		1016.00	1208.00	1366.00	1528.00	1700.00	1910.00	2254.00	2410.00	2660.00	2860.00	3144.00	3348.00	3528.00	3940.00	4190.00	4464.00	5140.00	6470.00	9262.00	
03168000	1230	19291230	20151230	87	3684.47	3166.51	740.00	21800.00		953.20	1278.00	1400.00	1540.00	1690.00	1884.00	2056.00	2366.00	2562.00	2860.00	3168.00	3430.00	3606.00	3894.00	4170.00	4816.00	5540.00	7962.00	9948.00	
03168000	1231	19291231	20151231	87	3598.84	3251.30	700.00	23100.00		920.00	1188.00	1344.00	1492.00	1840.00	2038.00	2158.00	2348.00	2640.00	2880.00	3010.00	3264.00	3394.00	3616.00	4100.00	4938.00	5492.00	6400.00	9074.00	
