site_no	monthday	begin_dt	end_dt	count_nu	mean	std	min	max	p01	p05	p10	p15	p20	p25	p30	p35	p40	p45	p50	p55	p60	p65	p70	p75	p80	p85	p90	p95	p99
03285000	ALL	19421001	20140930	26298	467.47	1173.25	0.00	35200.00	0.10	0.99	3.39	7.90	14.00	22.00	34.00	49.00	70.00	96.00	127.00	162.00	204.00	255.00	322.00	414.00	536.00	726.00	1060.00	2000.00	5710.30
03285000	0101	19430101	20140101	72	847.04	1692.28	1.10	10200.00		22.55	38.80	67.90	85.60	137.75	165.90	212.10	247.20	293.80	332.50	366.50	415.80	462.20	531.80	644.25	870.00	1264.50	1929.00	4575.50	
03285000	0102	19430102	20140102	72	811.20	1485.74	1.10	9670.00		22.20	49.80	64.85	111.20	151.75	178.90	213.65	286.00	305.00	326.50	365.20	460.00	589.90	681.70	787.75	910.40	1283.00	1397.00	4331.50	
03285000	0103	19430103	20140103	72	802.31	1059.48	1.10	4610.00		26.00	59.30	86.05	160.60	177.75	189.90	248.95	278.20	328.05	392.50	495.70	598.00	649.60	706.70	849.75	1013.40	2001.50	2256.00	3462.00	
03285000	0104	19430104	20140104	72	869.36	1222.20	1.00	6630.00		24.95	64.40	131.05	153.00	186.50	209.30	256.45	293.20	373.65	419.50	486.60	580.00	683.95	839.00	936.75	1030.60	1752.00	2404.00	3949.50	
03285000	0105	19430105	20140105	72	883.54	1423.23	1.10	9100.00		24.60	67.60	137.35	146.80	160.75	172.80	218.70	320.80	371.50	430.00	492.90	573.80	644.50	732.70	866.00	1248.00	1454.00	2389.00	3254.00	
03285000	0106	19430106	20140106	72	753.10	1312.65	1.10	10000.00		27.20	93.70	123.45	140.00	169.75	206.90	252.95	304.00	382.80	446.00	506.05	534.40	607.75	763.10	878.00	1001.00	1111.00	1437.00	2162.00	
03285000	0107	19430107	20140107	72	926.08	1349.25	1.00	5610.00		27.80	78.90	119.25	137.40	162.75	199.70	242.60	283.00	310.50	418.50	502.65	566.60	667.20	784.00	838.50	1136.00	2029.00	2651.00	4770.50	
03285000	0108	19430108	20140108	72	962.29	1671.53	1.00	10900.00		30.05	74.20	107.55	118.80	162.00	177.60	215.65	260.80	304.25	358.00	420.60	473.40	582.85	691.80	894.50	1334.00	1905.50	2860.00	4020.00	
03285000	0109	19430109	20140109	72	892.28	1900.26	1.00	14900.00		28.70	66.00	103.95	115.00	145.25	161.80	230.10	276.80	320.00	379.00	413.60	430.80	567.80	654.10	741.50	1224.00	1500.50	2479.00	3063.50	
03285000	0110	19430110	20140110	72	835.02	1822.65	1.80	13400.00		26.75	61.30	95.00	106.20	135.50	172.50	201.20	249.00	288.80	329.00	363.60	462.80	508.55	542.60	748.50	818.40	1040.00	1589.00	4344.00	
03285000	0111	19430111	20140111	72	859.69	2063.77	2.40	16300.00		23.80	53.30	85.00	116.00	144.50	176.30	200.00	234.20	251.70	276.00	338.65	456.00	522.75	601.40	741.50	1034.00	1127.00	1711.00	3787.00	
03285000	0112	19430112	20140112	72	638.91	879.85	2.80	4980.00		23.80	49.60	76.95	102.00	130.00	159.50	172.10	200.00	253.90	329.50	375.45	468.80	523.10	602.00	768.00	991.80	1254.50	1810.00	2532.50	
03285000	0113	19430113	20140113	72	590.04	909.77	2.90	6520.00		26.15	48.60	84.55	92.20	114.50	147.70	165.05	181.00	238.40	311.00	373.65	411.60	500.45	563.80	821.50	982.20	1063.00	1263.00	2146.50	
03285000	0114	19430114	20140114	72	814.68	1487.15	4.50	7560.00		27.50	52.30	75.70	94.60	123.50	142.70	162.10	180.20	266.25	287.00	323.00	401.40	443.75	625.90	788.50	886.40	1256.50	2135.00	4752.00	
03285000	0115	19430115	20140115	72	814.96	1188.87	5.80	5310.00		31.65	62.10	85.00	113.60	134.00	171.20	193.65	227.00	275.85	325.00	399.15	469.80	585.70	691.00	937.00	1204.00	1629.50	2575.00	4393.50	
03285000	0116	19430116	20140116	72	742.87	1012.96	5.40	4620.00		28.60	53.60	84.75	103.60	125.00	157.00	173.75	180.40	226.85	340.00	383.85	451.60	532.20	686.30	841.25	1436.00	1681.00	2327.00	3528.50	
03285000	0117	19430117	20140117	72	507.34	588.81	5.50	2970.00		34.55	56.90	80.70	106.40	124.25	149.80	174.85	212.60	268.20	300.50	355.75	418.40	477.30	570.60	689.00	783.20	921.65	1215.00	2054.00	
03285000	0118	19430118	20140118	72	521.53	575.60	6.20	2710.00		40.00	49.00	79.60	104.00	123.75	139.80	194.60	242.00	267.60	334.00	422.15	458.20	504.50	544.80	689.00	766.40	1051.50	1423.00	1994.00	
03285000	0119	19430119	20140119	72	546.86	673.93	6.70	4710.00		42.70	62.40	90.90	117.40	136.00	169.00	220.00	230.00	293.55	377.50	411.80	465.00	573.95	614.50	657.50	883.60	1010.50	1192.00	1696.50	
03285000	0120	19430120	20140120	72	812.43	1347.00	6.70	7560.00		39.35	93.60	122.75	152.00	190.25	205.90	222.20	254.00	301.35	337.00	374.80	484.80	622.70	697.20	855.25	1010.00	1636.50	1811.00	3681.50	
03285000	0121	19430121	20140121	72	870.21	1366.12	7.30	8160.00		49.50	90.70	124.80	151.20	164.00	200.00	239.40	281.80	314.45	328.50	426.50	476.60	581.95	755.10	827.00	932.80	1828.50	2814.00	3906.00	
03285000	0122	19430122	20140122	72	835.84	1048.72	8.30	4440.00		53.65	95.90	130.00	157.20	181.00	221.20	261.30	282.80	324.85	392.00	430.05	485.40	626.10	984.70	1130.00	1190.00	1773.00	2382.00	3763.50	
03285000	0123	19430123	20140123	72	1052.60	1811.58	13.00	8400.00		60.65	92.40	134.25	153.60	196.25	209.90	236.15	268.60	336.90	375.50	511.95	575.80	652.60	694.20	847.25	1017.00	1691.50	3346.00	6482.50	
03285000	0124	19430124	20140124	72	927.35	1272.52	28.00	6540.00		47.10	94.80	125.20	146.40	178.75	211.00	224.65	275.20	367.10	460.00	509.80	575.20	686.10	773.00	1004.50	1396.00	2005.00	2715.00	3828.50	
03285000	0125	19430125	20140125	72	788.06	1024.84	36.00	5580.00		50.25	85.60	126.85	133.00	161.25	195.40	216.20	249.60	352.90	427.50	467.35	530.60	611.35	724.40	1001.50	1194.00	1457.50	2356.00	3427.00	
03285000	0126	19430126	20140126	72	678.11	1243.03	36.00	9580.00		55.20	80.50	124.25	138.00	156.00	183.80	207.30	268.80	353.20	397.00	424.30	452.60	482.80	610.80	759.50	883.20	1110.00	1209.00	2388.50	
03285000	0127	19430127	20140127	72	618.86	787.32	34.00	4120.00		48.95	88.20	129.50	148.60	159.75	192.70	202.20	246.20	331.05	359.50	384.15	415.40	513.85	556.70	792.00	875.60	1111.50	1618.00	2444.00	
03285000	0128	19430128	20140128	72	837.76	1671.74	35.00	11400.00		56.05	78.30	126.40	151.00	161.75	183.90	205.85	266.60	287.40	322.50	343.15	425.60	491.75	623.70	715.25	905.20	1070.50	1607.00	4895.50	
03285000	0129	19430129	20140129	72	816.06	1411.45	33.00	7910.00		50.15	100.00	120.00	149.60	178.25	209.10	231.75	254.40	295.55	336.00	399.85	483.00	544.55	612.20	703.25	999.20	1207.00	1826.00	4385.50	
03285000	0130	19430130	20140130	72	860.18	1596.97	29.00	11400.00		64.75	94.80	123.30	151.00	201.50	219.40	241.10	286.60	341.70	389.50	460.90	497.60	564.95	673.00	860.50	916.00	1175.50	1937.00	4172.00	
03285000	0131	19430131	20140131	72	793.76	1547.43	23.00	12100.00		66.85	105.00	127.80	156.40	205.75	235.10	273.70	326.40	374.55	395.00	417.10	463.40	554.90	623.90	727.75	858.80	1284.50	1650.00	3144.00	
03285000	0201	19430201	20140201	72	830.43	1405.31	32.00	8270.00		89.85	108.60	129.80	150.60	183.25	226.90	273.80	300.20	318.80	342.50	361.45	408.80	484.60	546.50	622.00	933.00	1335.00	2224.00	3924.00	
03285000	0202	19430202	20140202	72	892.24	1312.32	44.00	7940.00		98.25	112.20	156.60	167.40	206.50	243.50	260.75	296.00	346.90	382.00	404.35	475.40	543.30	803.60	1029.50	1306.00	1861.00	2245.00	4034.50	
03285000	0203	19430203	20140203	72	917.38	1268.33	39.00	7030.00		98.95	116.50	142.95	168.80	212.75	220.00	252.10	320.60	394.85	437.50	517.45	636.00	745.00	922.80	1182.50	1308.00	1688.50	2416.00	3653.50	
03285000	0204	19430204	20140204	72	907.39	1272.91	38.00	6600.00		93.90	125.10	137.90	180.20	193.00	216.40	304.75	347.60	393.75	449.50	503.00	572.00	760.65	900.00	1095.00	1228.00	1740.00	1884.00	4590.50	
03285000	0205	19430205	20140205	72	935.14	1461.31	38.00	8640.00		87.95	123.20	164.65	185.60	201.25	247.00	295.85	311.00	360.20	404.00	461.65	599.00	710.80	837.70	1142.50	1220.00	1683.00	2084.00	3582.50	
03285000	0206	19430206	20140206	72	1070.43	1760.14	36.00	10300.00		95.80	121.70	144.75	172.80	202.00	239.70	274.65	306.60	360.10	412.00	503.95	610.80	690.25	733.60	1002.25	1264.00	2289.00	3039.00	4923.50	
03285000	0207	19430207	20140207	72	869.46	1212.53	33.00	5580.00		93.30	115.70	153.95	160.00	209.25	239.40	282.55	318.60	374.55	448.50	493.45	588.80	624.35	766.00	903.75	1122.00	1439.50	2364.00	4560.50	
03285000	0208	19430208	20140208	72	621.60	583.14	31.00	2760.00		81.95	105.60	131.90	178.80	195.25	237.70	259.35	296.00	324.85	432.50	475.10	528.80	603.00	765.70	894.75	1132.00	1280.50	1465.00	1792.50	
03285000	0209	19430209	20140209	72	719.22	943.85	32.00	5910.00		80.90	101.20	129.50	176.20	196.50	222.50	267.95	286.40	357.75	383.50	439.80	533.80	695.60	748.40	885.50	990.00	1051.00	1915.00	2639.00	
03285000	0210	19430210	20140210	72	758.31	1341.74	32.00	9320.00		76.95	100.90	146.35	161.20	180.00	194.00	230.30	245.60	294.20	350.00	377.10	480.00	561.05	632.80	703.75	845.60	1091.00	1834.00	2832.00	
03285000	0211	19430211	20140211	72	756.67	1088.13	33.00	5440.00		72.00	102.80	149.50	164.80	187.50	228.80	264.75	294.00	358.50	393.50	462.60	515.00	586.70	636.60	799.25	961.80	1011.00	1753.00	3789.50	
03285000	0212	19430212	20140212	72	850.56	1380.94	35.00	9360.00		68.90	131.70	169.15	179.20	227.50	246.90	265.20	292.20	342.05	393.50	495.30	527.00	598.35	691.30	845.75	1034.00	1370.50	2112.00	3633.00	
03285000	0213	19430213	20140213	72	1060.97	1495.26	33.00	6520.00		64.10	151.60	190.95	206.80	236.50	269.50	294.95	326.20	387.00	428.00	456.40	498.40	641.60	798.80	1082.50	1652.00	2244.00	3375.00	5055.50	
03285000	0214	19430214	20140214	72	1381.97	2221.18	35.00	12200.00		63.00	156.50	193.85	219.20	278.25	306.40	345.50	377.20	404.25	555.50	606.00	770.00	1156.50	1330.00	1417.50	1934.00	2215.00	3298.00	6483.00	
03285000	0215	19430215	20140215	72	1442.43	2463.91	35.00	14700.00		98.55	177.00	219.00	271.20	281.00	317.20	360.95	404.40	478.50	551.50	722.15	855.20	964.40	1059.00	1230.00	1524.00	2233.50	3663.00	7938.00	
03285000	0216	19430216	20140216	72	1255.00	2176.13	41.00	13100.00		114.65	164.00	219.65	251.00	272.25	342.50	409.10	440.00	489.95	619.00	696.60	734.00	881.70	929.10	972.25	1214.00	1600.50	3911.00	4964.50	
03285000	0217	19430217	20140217	72	1143.14	1719.22	46.00	9860.00		131.50	160.90	210.95	251.60	280.00	343.90	385.60	470.80	596.40	636.50	682.35	711.80	740.20	842.00	1006.00	1478.00	1858.50	3107.00	4562.00	
03285000	0218	19430218	20140218	72	1031.99	1554.96	60.00	9460.00		126.25	150.40	193.85	215.20	250.75	286.30	354.50	446.00	510.95	552.00	588.00	625.80	781.40	839.30	911.00	1172.00	1636.00	2817.00	4687.00	
03285000	0219	19430219	20140219	72	811.75	1145.75	56.00	7640.00		121.45	151.40	187.20	217.40	253.50	276.90	316.40	378.20	431.50	461.00	489.15	532.20	602.90	752.10	911.00	1003.80	1144.50	2166.00	3019.50	
03285000	0220	19430220	20140220	72	663.76	769.26	50.00	5080.00		116.65	155.90	188.05	234.20	260.25	291.60	324.30	352.00	378.65	408.50	461.60	492.00	558.40	684.20	754.75	834.80	1102.00	1550.00	2041.00	
03285000	0221	19430221	20140221	72	903.76	1565.11	48.00	11900.00		106.65	163.90	188.75	224.80	253.00	278.70	305.00	337.20	378.35	455.00	498.90	625.40	670.10	776.30	844.50	1118.00	1548.00	1898.00	3469.00	
03285000	0222	19430222	20140222	72	1031.18	1774.71	46.00	10000.00		112.10	170.30	195.65	233.00	248.75	286.90	330.55	368.40	393.80	431.50	479.15	529.40	597.80	810.10	979.00	1356.00	1611.50	2170.00	5081.50	
03285000	0223	19430223	20140223	72	992.25	1691.37	44.00	9640.00		112.80	155.20	215.55	233.00	274.75	325.80	338.65	351.60	385.20	432.50	485.75	553.20	641.90	744.30	950.00	1204.00	1262.00	2437.00	3865.50	
03285000	0224	19430224	20140224	72	790.25	1009.57	40.00	4810.00		111.85	146.60	196.70	237.40	272.75	291.70	302.65	341.80	390.25	438.50	483.00	542.00	614.00	705.60	798.00	882.00	1319.50	1818.00	3763.00	
03285000	0225	19430225	20140225	72	946.79	1653.49	37.00	8000.00		113.90	141.90	207.60	224.00	237.50	249.70	287.60	319.40	365.85	386.50	431.15	481.80	549.15	602.60	703.00	1080.00	1263.50	1883.00	6049.50	
03285000	0226	19430226	20140226	72	878.43	1412.80	36.00	8020.00		106.75	143.40	189.60	195.00	214.25	235.70	262.15	296.80	323.05	351.00	389.80	447.60	505.00	586.40	739.25	953.60	1374.00	2772.00	4018.50	
03285000	0227	19430227	20140227	72	939.11	2025.91	33.00	15100.00		102.25	148.40	176.95	201.60	210.75	228.00	252.20	267.80	301.60	340.00	381.75	460.00	545.35	669.60	769.00	994.00	1500.00	1991.00	4060.50	
03285000	0228	19430228	20140228	72	1080.89	2191.23	53.00	13400.00		100.85	161.30	174.90	204.20	220.25	250.60	261.00	292.20	328.80	355.00	460.30	493.60	563.05	734.20	740.75	991.40	1195.00	2281.00	6381.00	
03285000	0229	19440229	20120229	18	689.00	972.62	53.00	4330.00			91.70	146.15	171.00	179.50	216.00	262.85	282.40	306.00	387.00	472.05	499.40	605.00	822.20	905.50	1012.00	1067.50	1432.00		
03285000	0301	19430301	20140301	72	957.97	1681.16	52.00	11100.00		117.25	163.40	196.75	209.80	239.00	256.70	286.60	323.20	357.40	408.50	438.90	542.60	620.85	669.70	759.00	794.00	1325.00	2892.00	4482.50	
03285000	0302	19430302	20140302	72	863.25	2019.41	52.00	16100.00		126.30	171.70	187.75	210.80	227.75	255.30	297.75	316.60	355.10	396.50	432.10	499.60	560.40	620.10	643.75	782.00	1251.00	1544.00	2641.50	
03285000	0303	19430303	20140303	72	920.82	1851.70	53.00	14400.00		128.45	170.10	191.75	208.60	219.75	233.00	276.80	306.40	348.50	375.50	430.75	477.20	520.90	604.90	827.00	978.40	1516.00	2261.00	3737.50	
03285000	0304	19430304	20140304	72	1052.28	1690.44	53.00	11800.00		128.50	166.20	181.80	205.60	217.75	265.80	288.55	317.40	344.10	386.50	452.25	594.00	720.80	900.00	1162.50	1732.00	2150.50	2469.00	4528.50	
03285000	0305	19430305	20140305	72	1324.44	2023.70	48.00	9670.00		118.05	154.80	174.45	193.00	225.00	244.80	286.45	332.40	410.55	501.00	582.75	749.80	890.15	1200.00	1330.00	1910.00	2692.00	3654.00	6629.00	
03285000	0306	19430306	20140306	72	1552.51	2508.20	45.00	12000.00		129.10	155.90	177.85	198.00	229.00	299.00	354.50	479.60	585.75	654.00	808.45	932.40	1000.00	1234.00	1362.50	2024.00	2593.50	4428.00	8124.50	
03285000	0307	19430307	20140307	72	1181.78	1593.54	48.00	10300.00		123.95	142.00	169.90	233.20	270.00	390.90	447.70	509.40	634.55	661.00	761.20	916.40	960.60	1098.00	1355.00	1700.00	2004.00	3064.00	3887.50	
03285000	0308	19430308	20140308	72	1099.82	1394.96	48.00	6460.00		114.00	134.30	161.80	214.40	316.25	353.40	460.35	481.20	553.10	648.00	704.80	846.00	906.75	947.30	1155.00	1454.00	2128.00	2634.00	5319.00	
03285000	0309	19430309	20140309	72	1167.29	2200.74	45.00	16400.00		103.60	141.70	199.45	273.20	315.50	367.90	390.95	442.60	478.50	521.00	620.35	682.40	705.05	820.40	1170.00	1420.00	1821.50	2639.00	4455.50	
03285000	0310	19430310	20140310	72	1176.31	2502.62	58.00	17800.00		104.30	139.70	215.65	260.80	299.25	350.20	379.60	406.40	462.95	500.50	585.55	657.00	717.10	824.70	932.00	1052.00	1650.00	1827.00	4531.50	
03285000	0311	19430311	20140311	72	903.97	1150.39	81.00	6470.00		123.80	191.60	210.45	236.40	259.75	320.00	348.10	373.80	400.15	451.50	535.05	575.00	690.75	751.60	856.50	1173.40	1830.50	2691.00	3320.00	
03285000	0312	19430312	20140312	72	1106.47	1731.00	78.00	10200.00		132.15	181.30	208.90	237.00	266.00	287.90	306.25	337.80	378.40	490.00	530.05	606.60	703.60	878.00	1167.50	1776.00	2190.50	2504.00	4459.50	
03285000	0313	19430313	20140313	72	1085.89	1759.60	117.00	12200.00		153.40	181.80	210.20	245.00	262.50	284.90	316.60	370.80	428.80	449.00	552.70	650.60	811.05	989.40	1090.00	1466.00	1827.00	2292.00	4983.50	
03285000	0314	19430314	20140314	72	949.17	1509.80	110.00	8750.00		145.50	183.10	200.80	218.40	248.50	275.10	297.25	365.40	417.20	453.50	539.50	621.00	760.55	801.40	931.50	1074.00	1350.50	1813.00	4553.00	
03285000	0315	19430315	20140315	72	855.93	1498.03	104.00	10700.00		142.55	160.70	204.40	220.40	237.50	250.20	342.20	357.00	424.30	462.50	502.00	595.60	676.70	743.30	761.50	818.80	1070.50	1156.00	3926.50	
03285000	0316	19430316	20140316	72	842.04	1377.06	111.00	9500.00		146.30	163.90	190.00	202.40	261.00	312.80	361.60	388.80	459.50	488.50	534.15	570.80	614.00	678.80	727.25	910.80	1167.50	1331.00	3674.00	
03285000	0317	19430317	20140317	72	948.65	1036.11	99.00	4130.00		133.70	174.70	238.75	274.80	304.75	340.20	372.75	422.60	448.80	470.00	508.15	596.00	754.35	865.70	1102.50	1476.00	2078.00	2857.00	3442.00	
03285000	0318	19430318	20140318	72	937.46	960.99	96.00	3990.00		126.55	157.10	227.85	241.20	280.00	294.80	346.75	382.80	427.60	574.00	616.50	704.80	762.90	946.00	1397.50	1776.00	2150.00	2263.00	3359.00	
03285000	0319	19430319	20140319	72	1068.78	1441.23	103.00	8450.00		119.05	161.20	212.75	248.80	280.25	299.20	352.55	442.60	481.35	573.50	627.35	778.00	844.10	980.20	1112.50	1250.00	2186.00	2698.00	3964.00	
03285000	0320	19430320	20140320	72	1188.54	2016.74	102.00	12800.00		112.00	156.70	200.75	226.20	256.50	278.40	344.60	398.00	429.85	457.50	529.15	620.60	781.70	902.20	1142.50	1436.00	1750.00	3714.00	6192.00	
03285000	0321	19430321	20140321	72	1146.19	1467.31	95.00	7030.00		115.30	176.80	235.40	245.60	295.00	334.50	372.20	394.00	414.25	511.50	601.20	693.20	812.05	1101.00	1317.50	1726.00	2582.50	2985.00	5207.00	
03285000	0322	19430322	20140322	72	1132.35	1798.65	88.00	10300.00		102.30	178.10	229.80	249.80	285.50	320.70	361.65	420.20	448.40	502.50	581.15	677.20	848.05	1021.00	1135.00	1544.00	1772.00	2364.00	6203.50	
03285000	0323	19430323	20140323	72	841.94	1578.78	87.00	12300.00		92.60	162.10	209.45	245.00	267.25	286.70	309.10	345.40	383.15	439.00	527.40	566.80	702.80	824.90	914.00	994.20	1024.50	1317.00	2671.00	
03285000	0324	19430324	20140324	72	607.65	645.18	94.00	3400.00		104.20	152.70	186.85	221.20	244.00	257.90	291.05	317.00	357.45	422.00	475.90	524.20	534.45	619.70	682.75	716.40	836.30	1534.00	2310.00	
03285000	0325	19430325	20140325	72	584.38	635.86	84.00	3000.00		117.25	163.80	184.95	223.80	229.25	239.70	265.85	307.40	354.25	407.00	449.45	455.80	496.65	527.10	574.50	666.20	952.70	1496.00	2480.00	
03285000	0326	19430326	20140326	72	627.43	1107.39	70.00	9100.00		119.65	163.80	173.95	196.00	223.00	231.90	265.30	311.40	343.30	368.00	390.15	421.60	472.25	537.90	597.50	683.40	1031.50	1461.00	1759.50	
03285000	0327	19430327	20140327	72	641.21	896.17	62.00	4910.00		124.95	154.30	174.85	185.20	211.00	242.30	254.10	271.40	309.70	326.00	355.30	398.80	463.90	493.20	717.25	888.20	1050.00	1220.00	2781.50	
03285000	0328	19430328	20140328	72	649.46	990.61	58.00	7210.00		135.85	150.10	160.90	188.40	200.50	229.00	241.20	261.40	276.80	299.00	321.20	409.40	502.25	635.60	708.75	846.40	1084.50	1343.00	2092.50	
03285000	0329	19430329	20140329	72	770.76	1622.39	52.00	13100.00		126.05	138.10	151.95	169.80	198.00	219.60	228.85	259.40	275.10	311.50	372.45	507.60	593.35	656.70	733.75	802.80	922.05	1846.00	2857.00	
03285000	0330	19430330	20140330	72	723.94	1045.98	56.00	6410.00		110.55	129.60	142.00	175.60	185.00	200.90	229.70	262.60	397.55	444.00	479.60	527.20	587.80	676.30	739.00	1034.80	1203.50	1486.00	2517.00	
03285000	0331	19430331	20140331	72	712.74	1025.75	55.00	7270.00		107.95	127.20	152.80	163.80	178.50	202.80	222.85	299.80	378.05	419.00	491.00	542.20	573.20	706.90	819.00	928.80	1231.50	1568.00	2569.00	
03285000	0401	19430401	20140401	72	706.47	951.91	53.00	4690.00		109.25	135.10	147.95	160.00	172.00	186.90	247.30	282.60	333.00	408.50	482.40	553.40	591.75	650.30	669.50	856.80	1105.00	1633.00	3603.50	
03285000	0402	19430402	20140402	72	710.96	1156.09	49.00	7600.00		108.65	129.30	134.85	158.00	184.00	244.60	266.40	337.60	376.80	417.00	478.45	488.20	554.35	595.30	708.00	859.80	982.90	1260.00	2817.50	
03285000	0403	19430403	20140403	72	658.33	772.86	46.00	4070.00		99.95	131.10	151.75	164.80	198.25	263.30	280.00	298.20	352.50	403.00	443.20	520.60	597.60	658.40	739.75	837.20	1125.50	1526.00	2664.50	
03285000	0404	19430404	20140404	72	1153.62	1783.58	43.00	10600.00		95.75	135.20	161.65	181.60	226.00	245.00	314.35	352.80	417.85	478.00	583.00	788.40	950.60	1065.00	1360.00	1678.00	2054.00	2290.00	5620.00	
03285000	0405	19430405	20140405	72	1046.12	1719.88	42.00	11600.00		97.25	125.70	159.70	211.60	242.25	285.30	319.55	337.80	388.45	447.50	548.25	632.00	846.35	972.40	1117.50	1224.00	1564.00	2418.00	4230.00	
03285000	0406	19430406	20140406	72	719.36	1008.14	41.00	7800.00		87.55	119.10	144.80	209.00	237.25	270.60	295.50	369.60	411.20	441.00	533.10	613.60	644.75	752.30	769.00	935.00	1351.00	1492.00	1906.50	
03285000	0407	19430407	20140407	72	679.24	844.31	40.00	4810.00		83.25	113.30	169.20	203.40	218.50	259.70	316.10	368.20	389.25	408.50	437.25	501.40	555.25	704.50	821.50	915.80	1002.00	1265.00	2779.00	
03285000	0408	19430408	20140408	72	744.07	1108.51	37.00	8330.00		77.95	104.60	161.40	178.00	207.25	247.20	279.25	334.40	353.65	422.00	506.75	567.40	647.90	715.70	788.25	988.60	1301.00	1469.00	2563.50	
03285000	0409	19430409	20140409	72	644.88	838.49	37.00	5830.00		74.85	109.00	149.90	161.00	181.00	219.70	249.50	285.40	302.55	413.50	485.30	531.60	568.80	595.80	741.25	896.80	1027.50	1571.00	2240.00	
03285000	0410	19430410	20140410	72	587.86	596.18	38.00	2640.00		72.10	108.90	137.80	140.20	177.50	201.20	244.20	280.60	311.70	349.50	455.05	501.60	578.40	730.50	810.00	849.20	1054.50	1462.00	2042.00	
03285000	0411	19430411	20140411	72	630.79	875.56	40.00	5430.00		71.65	106.60	125.70	132.40	163.25	209.20	222.10	253.00	277.00	327.50	401.05	433.60	460.05	556.10	624.50	896.40	1144.50	1495.00	2300.00	
03285000	0412	19430412	20140412	72	1017.51	2018.42	44.00	12700.00		81.65	108.90	126.85	150.20	171.25	183.70	208.75	252.00	309.35	342.50	372.35	395.20	442.20	616.00	760.50	1034.00	1305.00	2937.00	5989.50	
03285000	0413	19430413	20140413	72	936.88	1848.21	45.00	12800.00		87.40	112.60	120.90	130.20	155.75	175.90	204.70	254.80	275.40	302.50	341.70	445.00	553.85	697.60	819.00	960.00	1466.00	2497.00	4332.50	
03285000	0414	19430414	20140414	72	793.62	1442.81	40.00	9110.00		79.75	100.30	105.95	123.20	147.50	177.90	223.20	245.20	252.55	280.00	340.10	445.20	524.00	574.70	863.25	1040.00	1382.50	1799.00	3397.00	
03285000	0415	19430415	20140415	72	808.42	1500.41	39.00	10600.00		73.10	91.30	94.95	106.40	139.00	179.30	200.00	222.40	263.65	299.50	348.60	427.60	517.75	646.20	791.00	1100.00	1482.00	1765.00	3865.50	
03285000	0416	19430416	20140416	72	835.03	1464.65	37.00	7420.00		65.50	81.50	93.75	120.60	149.25	175.80	192.55	219.20	272.25	337.00	358.75	398.00	477.45	522.20	593.50	914.80	1490.50	2299.00	5350.00	
03285000	0417	19430417	20140417	72	640.61	1049.16	37.00	7530.00		60.20	79.90	93.90	120.80	149.25	170.90	193.35	261.60	288.50	348.00	386.60	406.40	416.35	566.70	642.50	927.60	1050.00	1497.00	2407.00	
03285000	0418	19430418	20140418	72	492.28	561.53	38.00	2610.00		54.60	83.90	99.50	107.80	139.00	159.50	185.15	226.40	272.50	312.50	331.50	365.80	455.70	502.40	668.25	746.00	880.30	1201.00	2128.50	
03285000	0419	19430419	20140419	72	504.99	810.10	36.00	5460.00		49.65	75.10	91.00	107.00	138.25	182.30	195.00	204.00	247.75	268.00	329.05	365.40	383.80	455.90	541.75	579.60	771.05	938.00	2428.50	
03285000	0420	19430420	20140420	72	539.81	948.53	36.00	6990.00		45.30	66.50	84.90	95.40	121.50	166.60	173.10	205.00	240.00	288.50	302.45	355.20	393.05	436.50	476.25	584.80	722.60	1480.00	2087.50	
03285000	0421	19430421	20140421	72	470.79	742.77	41.00	4500.00		46.00	65.60	78.90	96.20	111.50	146.60	163.25	195.40	215.10	240.00	267.85	320.60	336.25	356.80	400.75	531.80	920.60	1085.00	1885.00	
03285000	0422	19430422	20140422	72	580.86	1294.56	42.00	8930.00		51.65	70.60	88.50	100.80	128.50	139.90	178.35	195.00	201.70	218.00	253.00	277.60	318.25	372.40	606.75	722.80	823.10	1144.60	1760.50	
03285000	0423	19430423	20140423	72	422.44	654.77	43.00	4230.00		49.25	64.30	80.95	102.40	122.75	141.90	159.55	170.80	195.85	204.00	229.10	260.80	273.95	302.10	452.50	517.20	727.20	1055.00	1497.00	
03285000	0424	19430424	20140424	72	508.92	784.55	44.00	4300.00		56.00	61.60	83.60	102.80	117.75	126.80	149.55	160.60	176.95	216.50	227.15	263.60	317.35	365.70	431.00	581.00	1113.00	1615.00	2142.00	
03285000	0425	19430425	20140425	72	463.86	714.76	50.00	5200.00		52.95	63.90	92.35	118.20	130.00	134.60	148.30	175.80	188.25	200.50	225.75	279.20	321.75	455.10	551.25	615.60	918.30	1236.00	1679.50	
03285000	0426	19430426	20140426	72	453.18	597.64	44.00	3380.00		50.00	64.00	81.45	109.60	115.25	123.30	141.65	164.20	176.55	215.50	259.95	323.60	373.35	465.30	631.50	756.20	805.85	1100.00	1625.00	
03285000	0427	19430427	20140427	72	460.07	643.40	37.00	3000.00		49.55	73.20	102.90	114.00	125.50	145.70	157.30	179.60	200.85	227.50	248.90	282.80	318.45	407.50	496.00	574.20	727.30	1181.90	2509.50	
03285000	0428	19430428	20140428	72	903.83	2501.44	34.00	17900.00		49.45	83.20	98.00	119.00	138.50	143.70	161.85	175.20	189.95	216.00	278.60	320.20	358.60	394.70	446.50	517.60	705.40	1701.00	6577.50	
03285000	0429	19430429	20140429	72	695.86	1431.26	35.00	8500.00		44.80	70.20	93.80	107.60	117.75	125.00	137.50	173.00	196.20	232.00	256.15	282.00	321.70	350.10	394.00	556.80	1361.50	1933.00	3836.00	
03285000	0430	19430430	20140430	72	565.82	1093.37	33.00	6440.00		47.60	62.80	84.85	97.80	104.50	111.80	146.55	152.20	160.85	202.00	214.90	234.40	262.25	295.30	561.00	736.40	990.70	1387.00	2704.00	
03285000	0501	19430501	20140501	72	549.49	869.03	30.00	3630.00		50.55	73.30	86.95	89.00	116.75	125.60	136.20	158.20	167.85	190.00	220.90	256.80	346.15	448.70	552.50	752.00	972.15	1125.00	3232.50	
03285000	0502	19430502	20140502	72	764.75	1718.23	28.00	12500.00		49.00	69.30	75.95	94.00	110.50	119.00	136.30	150.60	181.35	212.50	248.65	298.40	431.00	536.30	741.50	1052.00	1260.50	1687.00	3394.00	
03285000	0503	19430503	20140503	72	1037.14	4170.15	25.00	35200.00		48.25	67.00	72.95	87.40	108.75	124.00	146.30	169.80	206.55	214.00	290.90	354.40	415.55	481.80	605.75	740.80	1020.00	1815.00	3490.00	
03285000	0504	19430504	20140504	72	695.65	1739.89	23.00	14000.00		47.20	58.90	71.90	88.20	121.00	141.40	158.65	181.80	251.90	287.50	325.30	409.60	445.65	526.80	626.00	775.00	1033.50	1295.00	2589.50	
03285000	0505	19430505	20140505	72	570.42	700.62	22.00	2960.00		41.55	56.40	70.70	97.20	118.25	141.80	190.70	212.80	250.60	291.00	355.30	413.20	447.05	520.20	649.50	928.40	1370.50	1598.00	2480.00	
03285000	0506	19430506	20140506	72	608.71	1153.26	19.00	8340.00		36.55	49.70	62.85	88.00	96.75	129.60	162.40	206.00	243.15	270.00	286.50	316.00	387.85	432.50	642.00	723.40	915.60	1370.00	2737.50	
03285000	0507	19430507	20140507	72	1049.69	2961.47	18.00	21900.00		31.90	51.30	67.40	83.00	102.00	128.70	144.40	165.80	189.05	213.50	242.00	287.80	366.65	501.50	578.00	768.40	1145.00	2491.00	6429.00	
03285000	0508	19430508	20140508	72	838.01	1730.13	17.00	11800.00		28.25	42.90	55.65	72.80	99.50	110.60	126.40	144.40	187.55	202.00	227.45	314.40	391.80	459.20	575.75	1174.00	1688.50	2514.00	4578.00	
03285000	0509	19430509	20140509	72	560.08	884.05	15.00	5070.00		26.95	35.10	44.95	72.00	95.25	109.00	118.20	147.40	162.55	187.00	225.15	266.40	319.50	394.10	712.75	926.40	1393.00	1593.00	2769.50	
03285000	0510	19430510	20140510	72	378.25	544.31	13.00	2800.00		27.25	36.60	54.50	85.20	90.50	99.70	119.10	131.20	155.80	165.00	173.60	189.00	249.50	306.30	420.00	594.80	795.95	1030.80	1541.00	
03285000	0511	19430511	20140511	72	319.82	398.52	18.00	2250.00		24.25	35.60	55.90	72.00	84.25	99.90	110.10	126.20	129.85	137.00	159.80	198.80	236.70	332.40	404.75	590.80	680.80	841.70	1138.50	
03285000	0512	19430512	20140512	72	247.51	274.58	17.00	1480.00		21.60	35.00	52.70	69.80	83.50	92.90	102.55	108.40	115.70	122.50	150.90	159.80	204.95	255.60	298.75	443.00	520.70	703.90	808.65	
03285000	0513	19430513	20140513	72	449.00	1078.32	15.00	5880.00		22.00	34.90	43.95	59.40	80.75	86.90	94.65	105.20	133.60	150.00	166.50	181.00	208.35	269.20	298.75	342.40	430.35	604.10	3166.00	
03285000	0514	19430514	20140514	72	525.97	1263.46	13.00	6990.00		22.30	39.30	48.70	65.40	77.25	81.70	90.55	111.00	124.85	134.00	163.45	176.80	190.70	236.20	297.50	371.60	449.40	1551.20	3044.50	
03285000	0515	19430515	20140515	72	576.01	1566.38	15.00	10800.00		21.30	35.30	52.65	65.80	69.00	74.00	86.95	97.40	106.40	108.00	140.90	168.80	213.25	254.60	298.50	453.40	632.40	1254.00	2828.50	
03285000	0516	19430516	20140516	72	489.76	1380.19	17.00	10900.00		38.25	44.00	51.90	56.60	61.25	67.90	74.00	77.80	105.80	117.00	135.75	161.20	235.15	294.60	332.50	554.40	735.00	1006.50	2033.00	
03285000	0517	19430517	20140517	72	432.25	824.36	14.00	4460.00		30.95	39.90	46.95	50.60	56.50	61.70	69.55	85.60	92.00	101.50	138.35	169.00	208.35	263.10	402.00	527.40	775.00	1243.00	2407.00	
03285000	0518	19430518	20140518	72	536.88	1447.99	13.00	9140.00		24.00	34.60	40.95	43.20	49.25	57.60	66.55	73.20	80.00	109.00	126.90	172.80	181.45	211.20	280.25	410.40	643.80	1253.00	2958.00	
03285000	0519	19430519	20140519	72	648.18	2146.37	11.00	16300.00		22.00	31.90	36.00	40.00	45.00	53.90	66.55	81.60	95.70	115.00	139.35	185.20	207.05	235.00	304.50	377.60	520.20	969.80	4736.00	
03285000	0520	19430520	20140520	72	439.72	927.55	8.80	5360.00		23.30	30.00	33.95	38.20	47.00	68.00	82.10	97.80	114.25	132.00	167.15	183.80	214.40	245.50	373.75	510.80	598.20	1154.00	2443.50	
03285000	0521	19430521	20140521	72	336.53	589.06	17.00	3010.00		24.60	31.00	34.00	38.40	50.25	69.80	79.30	90.60	104.95	124.00	143.30	157.60	180.95	209.40	251.00	369.00	574.00	1074.60	1883.00	
03285000	0522	19430522	20140522	72	321.21	695.31	14.00	4320.00		22.65	28.50	34.00	43.60	57.00	60.00	72.55	89.00	101.40	113.50	126.15	140.00	163.25	203.90	261.50	345.40	449.45	646.70	1681.50	
03285000	0523	19430523	20140523	72	322.29	654.56	13.00	4000.00		21.30	28.00	29.95	42.40	50.00	53.70	64.55	77.00	87.85	109.00	117.95	163.00	211.45	235.20	297.50	359.40	450.00	709.90	1769.00	
03285000	0524	19430524	20140524	72	386.42	885.09	11.00	5890.00		18.30	25.00	34.70	41.20	43.25	44.90	56.95	83.00	97.70	122.50	130.10	170.00	186.70	220.50	297.00	333.80	561.45	660.70	2565.50	
03285000	0525	19430525	20140525	72	322.68	574.19	10.00	3640.00		22.00	26.90	32.00	37.20	46.00	57.10	75.55	86.20	91.70	112.00	148.30	161.40	196.90	239.20	296.25	352.00	565.90	1067.00	1563.50	
03285000	0526	19430526	20140526	72	301.99	532.32	11.00	2750.00		18.65	23.30	28.00	33.80	43.25	58.50	72.10	82.00	107.00	117.50	132.15	156.00	187.70	211.30	246.00	311.60	540.30	936.00	1542.50	
03285000	0527	19430527	20140527	72	472.68	1302.49	15.00	8930.00		18.30	26.00	28.90	31.60	42.00	60.90	68.00	84.40	90.00	102.00	119.50	147.60	181.20	204.90	242.25	288.40	586.00	920.10	3907.50	
03285000	0528	19430528	20140528	72	538.17	1274.42	15.00	6470.00		17.95	24.00	28.95	43.60	49.50	56.60	68.55	75.40	86.95	106.00	116.45	137.00	165.45	246.10	412.50	510.40	635.80	1282.00	4652.50	
03285000	0529	19430529	20140529	72	341.67	710.11	14.00	4790.00		17.65	20.30	25.95	38.60	45.00	47.00	61.85	76.20	88.85	107.50	139.45	151.80	198.35	260.70	299.25	402.00	460.25	752.10	1981.50	
03285000	0530	19430530	20140530	72	221.44	327.15	12.00	1560.00		16.00	18.00	28.95	32.80	41.25	53.30	68.85	77.20	95.85	112.00	122.75	130.00	155.65	213.20	250.25	281.60	392.40	504.80	1164.50	
03285000	0531	19430531	20140531	72	253.64	492.76	10.00	2960.00		14.00	17.60	23.00	30.20	35.50	45.90	64.55	71.80	78.85	85.50	95.05	136.20	147.85	172.10	196.00	253.40	316.60	694.30	1356.50	
03285000	0601	19430601	20140601	72	374.83	1065.46	9.10	8150.00		11.65	18.00	19.95	30.60	33.00	48.20	56.00	58.40	65.70	74.50	100.15	114.80	153.45	192.00	243.50	371.40	434.40	680.80	2227.50	
03285000	0602	19430602	20140602	72	333.33	926.01	8.30	6570.00		10.65	15.30	17.95	27.60	35.25	41.80	49.00	54.00	57.85	73.00	95.35	122.40	143.50	169.10	243.00	304.40	424.35	597.20	1606.00	
03285000	0603	19430603	20140603	72	276.75	496.47	8.00	2780.00		9.56	13.00	19.80	30.40	34.50	40.90	51.50	59.40	61.85	75.50	86.20	113.80	125.15	143.00	293.75	342.80	592.60	791.80	1545.00	
03285000	0604	19430604	20140604	72	337.65	685.77	5.90	3820.00		9.03	12.00	16.95	25.60	33.00	35.80	46.10	57.00	63.85	75.50	88.45	99.40	161.25	256.20	301.25	479.40	677.95	1019.10	1532.50	
03285000	0605	19430605	20140605	72	265.06	460.13	4.20	1990.00		8.79	10.00	18.65	26.00	27.00	34.60	41.55	50.00	58.55	64.50	76.00	85.40	150.90	192.30	332.25	362.80	444.75	884.70	1680.50	
03285000	0606	19430606	20140606	72	219.91	437.57	3.70	3240.00		8.22	9.62	15.85	23.00	24.50	32.80	35.55	42.60	53.40	61.50	78.80	133.80	181.05	202.00	230.25	282.20	363.30	576.60	783.80	
03285000	0607	19430607	20140607	72	393.41	1417.16	2.50	9000.00		8.02	14.90	18.95	22.00	26.00	28.90	34.55	38.40	48.85	59.50	98.00	129.80	146.75	186.30	211.00	282.00	380.80	500.80	1159.95	
03285000	0608	19430608	20140608	72	290.83	768.37	1.30	5740.00		7.10	15.30	19.95	22.60	25.00	26.90	32.55	41.40	52.10	82.00	114.90	128.40	142.25	174.30	263.25	321.20	354.00	440.70	1591.50	
03285000	0609	19430609	20140609	72	331.01	676.98	1.20	2960.00		7.33	13.00	16.95	20.60	22.00	25.80	31.65	41.00	64.95	77.50	98.45	127.80	150.60	179.90	227.75	281.00	552.35	907.40	2411.50	
03285000	0610	19430610	20140610	72	341.82	678.78	1.20	4260.00		7.28	11.00	13.95	17.60	19.00	24.90	37.85	54.80	65.40	82.00	97.60	154.60	191.45	225.30	329.00	473.80	699.30	1047.00	1804.00	
03285000	0611	19430611	20140611	72	383.81	900.84	1.50	6080.00		6.78	9.31	12.00	15.00	18.75	24.00	31.50	43.20	49.85	71.50	88.05	129.80	141.50	172.30	300.50	396.60	709.05	1129.00	2488.50	
03285000	0612	19430612	20140612	72	334.83	593.77	1.40	2500.00		5.73	8.85	10.95	12.60	17.25	22.00	31.00	39.40	59.85	68.50	96.50	122.20	149.90	167.70	304.25	499.80	800.35	1232.00	1899.50	
03285000	0613	19430613	20140613	72	276.57	597.33	3.00	3480.00		6.33	10.30	13.95	17.20	23.00	24.90	34.55	41.60	54.55	63.50	76.60	113.00	143.80	200.70	249.00	299.60	478.25	745.00	1173.00	
03285000	0614	19430614	20140614	72	311.15	743.17	4.60	5010.00		7.25	11.60	14.95	17.60	24.00	27.80	35.55	49.60	61.70	78.00	102.65	130.20	158.90	203.20	233.50	298.80	440.65	679.00	1581.00	
03285000	0615	19430615	20140615	72	386.74	970.10	3.30	4810.00		5.08	10.00	13.00	15.80	24.25	30.80	39.65	47.00	53.70	83.50	108.55	135.00	165.45	194.10	239.50	303.60	390.30	603.00	3581.50	
03285000	0616	19430616	20140616	72	337.01	816.04	3.20	4090.00		6.75	11.00	12.95	18.00	24.25	34.80	37.55	47.20	68.10	85.00	94.75	114.80	134.45	148.70	186.25	194.20	351.85	882.40	2448.00	
03285000	0617	19430617	20140617	72	325.13	1049.50	3.40	8350.00		7.48	11.30	15.95	19.20	24.75	31.80	37.20	49.40	59.70	65.50	74.50	97.00	125.40	162.90	194.50	230.40	302.65	674.50	1622.50	
03285000	0618	19430618	20140618	72	256.91	660.24	2.40	4850.00		6.42	9.73	15.75	17.20	25.25	29.90	37.55	42.20	45.85	52.00	81.45	92.80	99.25	128.80	182.00	277.20	399.60	527.50	1267.00	
03285000	0619	19430619	20140619	72	242.87	576.17	2.00	4180.00		5.42	7.69	12.00	13.60	23.25	31.40	36.10	38.20	45.95	64.50	75.30	84.80	125.35	182.20	212.50	237.80	338.95	750.00	1108.00	
03285000	0620	19430620	20140620	72	258.33	593.33	1.50	3800.00		4.40	6.65	10.95	13.20	18.25	27.90	30.55	34.80	44.70	60.50	68.75	96.60	121.35	137.70	201.25	253.80	582.60	656.40	1187.50	
03285000	0621	19430621	20140621	72	212.84	480.08	1.30	3550.00		3.70	5.58	9.66	12.00	17.25	23.90	26.00	32.00	46.70	52.50	70.70	99.60	117.35	144.30	202.75	301.80	411.15	540.80	836.60	
03285000	0622	19430622	20140622	72	192.33	408.52	1.10	2680.00		3.19	4.66	8.44	11.00	14.75	18.90	23.10	27.00	39.40	51.50	60.95	76.60	81.90	106.10	166.50	258.80	312.00	563.00	1024.70	
03285000	0623	19430623	20140623	72	235.42	793.78	1.20	6260.00		3.21	4.64	7.63	9.64	14.25	16.90	22.55	31.00	43.70	52.50	60.15	66.00	87.05	116.00	136.00	226.80	320.95	372.10	852.25	
03285000	0624	19430624	20140624	72	189.65	701.09	2.10	5850.00		2.96	4.64	7.91	12.20	14.25	18.80	21.55	31.60	38.70	41.50	51.15	62.20	69.45	78.10	120.25	188.80	220.65	349.50	671.70	
03285000	0625	19430625	20140625	72	109.65	174.90	1.80	1020.00		2.62	4.03	9.37	11.20	16.75	20.00	27.20	32.00	38.70	42.50	48.35	74.80	88.15	101.00	112.00	151.40	189.35	284.10	578.30	
03285000	0626	19430626	20140626	72	105.12	119.78	1.20	542.00		2.10	3.89	7.24	12.60	18.25	20.00	27.55	33.20	35.00	56.00	62.90	79.80	118.50	146.50	168.00	204.40	236.15	283.10	346.65	
03285000	0627	19430627	20140627	72	121.79	227.63	0.60	1600.00		1.79	3.37	6.05	14.00	16.25	20.80	27.55	28.20	38.40	46.50	58.30	100.60	120.00	135.10	139.25	155.00	178.30	246.70	582.25	
03285000	0628	19430628	20140628	72	220.61	825.24	0.20	6730.00		1.46	3.21	7.61	13.60	15.25	18.80	22.00	24.40	32.55	37.50	50.10	66.00	77.15	96.00	99.75	116.00	169.35	371.50	1170.50	
03285000	0629	19430629	20140629	72	184.15	745.04	0.20	6230.00		1.30	3.47	11.87	13.00	16.50	19.90	23.00	29.20	43.95	53.50	60.15	62.00	65.00	81.10	92.75	123.20	145.50	283.20	592.25	
03285000	0630	19430630	20140630	72	197.53	576.46	0.20	3510.00		1.13	3.61	9.44	10.00	13.25	17.80	22.65	30.40	40.25	43.00	53.15	61.60	68.00	73.70	100.50	107.00	171.25	317.00	1253.70	
03285000	0701	19430701	20140701	72	139.83	404.83	0.20	2760.00		1.09	2.82	7.88	8.92	12.25	17.90	24.10	30.00	32.00	38.00	43.15	45.60	51.45	63.90	82.75	109.80	153.70	241.00	738.25	
03285000	0702	19430702	20140702	72	124.87	276.82	0.10	1450.00		1.14	2.48	6.29	7.40	12.00	15.80	22.20	26.00	30.85	33.00	34.30	40.00	51.25	70.10	77.00	99.00	142.15	427.50	837.65	
03285000	0703	19430703	20140703	72	103.40	203.91	0.58	1340.00		1.13	4.07	6.25	10.00	13.00	15.80	19.55	22.40	26.00	32.00	37.30	46.20	54.70	67.20	92.50	102.00	195.80	326.50	474.60	
03285000	0704	19430704	20140704	72	158.22	371.75	0.39	2160.00		1.29	4.24	8.28	10.20	12.25	14.90	17.00	22.20	24.85	29.50	40.45	49.80	56.90	62.30	71.00	127.60	209.20	300.40	1197.50	
03285000	0705	19430705	20140705	72	247.45	899.82	0.22	7320.00		1.23	4.21	7.68	10.00	11.25	15.00	18.00	21.60	26.00	36.50	46.00	55.80	60.80	81.70	111.00	152.80	361.00	583.70	947.45	
03285000	0706	19430706	20140706	72	280.83	841.31	0.05	5850.00		1.10	3.49	6.78	9.14	10.50	14.80	17.55	19.40	22.85	39.00	47.30	53.00	68.70	130.50	190.00	240.60	321.10	574.30	1980.50	
03285000	0707	19430707	20140707	72	238.95	653.83	0.00	4240.00		1.06	2.42	6.04	7.56	13.00	13.90	16.00	24.40	28.70	32.50	41.75	53.00	79.70	104.50	138.75	198.80	283.30	521.30	1612.00	
03285000	0708	19430708	20140708	72	166.80	407.21	0.00	2460.00		1.07	4.82	5.49	7.82	11.25	12.90	18.55	22.20	26.85	35.00	40.15	48.80	58.80	81.40	120.25	161.40	236.10	435.00	959.90	
03285000	0709	19430709	20140709	72	131.79	240.60	0.00	1080.00		1.06	4.76	6.67	8.84	10.00	13.00	16.55	23.00	26.70	36.00	44.15	60.80	69.90	75.20	108.25	170.00	216.75	464.90	799.85	
03285000	0710	19430710	20140710	72	121.99	255.74	0.00	1830.00		1.09	3.67	5.09	6.92	8.40	13.90	17.55	20.20	29.85	36.50	47.30	59.60	65.90	81.20	121.50	146.60	205.00	385.90	520.65	
03285000	0711	19430711	20140711	72	161.63	376.52	0.20	2270.00		1.18	2.79	5.16	6.36	7.25	11.90	18.10	19.60	25.00	33.00	39.15	42.00	57.05	95.10	119.00	142.20	197.80	391.70	1015.20	
03285000	0712	19430712	20140712	72	123.18	266.37	0.20	1880.00		1.62	3.08	5.08	6.60	10.00	15.80	20.00	24.00	26.00	32.50	44.45	51.00	62.75	87.10	100.00	140.00	232.45	329.30	637.80	
03285000	0713	19430713	20140713	72	117.22	281.41	0.30	1980.00		2.29	3.13	5.67	8.10	12.25	14.90	18.55	21.20	24.85	28.00	41.00	46.60	60.45	65.10	73.00	115.40	157.60	340.20	666.20	
03285000	0714	19430714	20140714	72	124.96	412.39	0.20	3450.00		2.38	6.06	7.28	11.00	13.00	14.90	16.65	22.00	28.70	33.50	41.45	47.60	53.45	77.70	98.00	121.20	184.50	276.40	413.75	
03285000	0715	19430715	20140715	72	143.79	283.50	0.10	1570.00		2.33	4.71	10.00	12.00	14.00	17.70	21.10	25.20	29.70	35.00	38.15	59.80	85.90	128.10	165.75	190.20	226.35	350.10	728.55	
03285000	0716	19430716	20140716	72	233.87	524.65	0.10	2500.00		2.12	4.09	9.55	11.60	15.25	17.00	22.00	25.20	30.85	34.50	54.30	69.20	109.70	119.10	157.75	224.00	291.60	729.20	1896.00	
03285000	0717	19430717	20140717	72	153.84	331.21	0.10	2300.00		2.58	4.74	7.70	12.20	15.00	17.80	19.55	27.00	28.85	39.50	44.00	53.20	65.90	82.10	127.00	186.00	281.70	494.40	880.25	
03285000	0718	19430718	20140718	72	102.60	177.87	0.10	985.00		1.50	5.01	9.56	11.60	12.50	17.90	20.00	26.00	28.00	33.00	37.45	44.80	51.90	60.10	107.25	169.60	227.35	302.50	426.25	
03285000	0719	19430719	20140719	72	126.22	255.31	0.10	1440.00		1.96	3.60	8.19	10.56	14.25	15.90	19.55	23.00	24.85	30.50	35.00	39.60	46.80	86.00	116.50	165.00	180.00	416.30	779.30	
03285000	0720	19430720	20140720	72	642.01	4154.14	0.10	35100.00		2.29	5.56	8.16	9.16	11.25	13.90	17.55	19.20	24.85	29.00	40.20	52.60	61.90	77.20	129.75	162.60	182.75	359.20	725.05	
03285000	0721	19430721	20140721	72	222.79	957.38	0.00	7860.00		2.37	5.71	7.49	8.92	11.25	12.00	13.55	19.20	22.85	27.50	35.30	41.40	58.40	72.50	104.25	133.80	165.85	269.00	789.90	
03285000	0722	19430722	20140722	72	125.60	308.28	0.00	1810.00		2.37	4.79	6.38	7.64	9.12	11.00	15.00	16.00	21.55	25.00	29.90	41.80	56.25	71.50	82.25	111.60	170.55	242.50	988.50	
03285000	0723	19430723	20140723	72	144.43	578.31	0.00	4860.00		2.42	4.80	6.44	7.30	12.25	14.90	17.00	24.20	26.00	30.00	37.60	50.80	65.75	83.40	92.50	112.00	137.65	199.90	572.95	
03285000	0724	19430724	20140724	72	126.41	364.56	0.00	2500.00		1.96	3.72	5.66	7.12	11.00	16.60	19.00	21.80	26.85	35.00	41.15	47.00	63.35	71.00	82.25	101.80	126.15	206.90	499.55	
03285000	0725	19430725	20140725	72	103.61	254.10	0.00	1730.00		1.79	3.43	5.45	8.46	9.80	14.70	18.55	21.20	25.00	29.50	36.00	40.20	47.90	60.10	66.25	98.00	163.25	183.70	564.25	
03285000	0726	19430726	20140726	72	134.82	570.75	0.00	4790.00		1.44	3.19	5.43	7.42	9.18	13.90	16.00	18.40	21.00	24.00	32.15	38.00	43.45	45.00	64.50	90.20	113.15	233.00	456.60	
03285000	0727	19430727	20140727	72	179.61	674.58	0.10	4620.00		0.82	3.01	4.38	6.72	9.85	13.90	16.55	18.00	21.85	24.00	26.00	30.80	42.45	58.40	67.50	91.00	106.80	206.90	869.50	
03285000	0728	19430728	20140728	72	125.59	492.70	0.10	4040.00		1.43	3.66	4.50	6.86	9.70	11.80	15.55	17.20	20.00	23.50	24.15	36.00	49.25	67.10	73.25	85.00	134.00	196.70	356.00	
03285000	0729	19430729	20140729	72	154.99	313.71	0.00	1610.00		1.77	3.12	4.08	6.40	8.03	9.77	12.55	14.40	19.85	27.50	30.45	51.40	64.85	81.60	129.00	246.00	349.50	421.00	931.20	
03285000	0730	19430730	20140730	72	169.97	485.03	0.00	3490.00		1.59	2.66	4.30	5.86	6.80	9.95	12.00	15.00	19.00	26.50	36.30	53.60	59.90	73.10	94.25	174.60	254.25	296.90	1223.00	
03285000	0731	19430731	20140731	72	139.49	313.59	0.00	2230.00		1.23	2.25	3.28	5.56	7.92	10.90	14.55	15.40	26.10	37.00	40.30	49.80	75.45	96.20	117.00	140.40	262.45	429.30	676.70	
03285000	0801	19430801	20140801	72	161.93	316.43	0.00	1470.00		1.06	1.92	2.90	5.26	7.47	10.90	16.55	22.00	25.70	31.00	38.15	48.40	64.45	84.30	122.50	200.00	348.75	614.60	1022.30	
03285000	0802	19430802	20140802	72	108.21	202.56	0.00	1060.00		0.75	1.63	2.88	6.06	7.25	9.99	12.55	17.00	21.85	27.00	31.60	37.00	55.45	68.70	118.00	136.00	264.10	378.20	532.20	
03285000	0803	19430803	20140803	72	95.55	233.57	0.00	1600.00		0.55	1.75	3.25	5.10	7.33	9.19	13.00	18.40	21.85	24.00	28.00	32.60	43.45	64.60	72.75	94.20	153.75	236.70	421.00	
03285000	0804	19430804	20140804	72	153.77	493.92	0.00	3560.00		0.53	1.65	2.80	4.88	8.47	10.84	13.10	17.00	19.00	21.50	25.15	32.00	37.90	46.30	53.75	96.00	174.90	289.20	927.40	
03285000	0805	19430805	20140805	72	111.29	310.90	0.00	2380.00		0.49	1.72	2.29	4.00	6.80	8.66	12.10	16.00	19.70	23.50	25.15	27.80	33.00	46.20	70.25	113.20	156.30	278.40	574.55	
03285000	0806	19430806	20140806	72	140.24	348.92	0.00	2170.00		0.40	1.93	2.58	3.64	5.80	7.25	9.31	12.20	15.70	19.00	22.00	25.80	38.00	50.50	74.50	107.20	180.80	514.20	890.75	
03285000	0807	19430807	20140807	72	96.48	223.70	0.00	1440.00		0.73	2.00	2.60	4.70	5.25	7.57	9.25	12.20	16.00	20.00	24.30	30.80	38.00	46.20	66.75	118.40	191.15	259.50	490.60	
03285000	0808	19430808	20140808	72	93.76	240.75	0.00	1770.00		0.75	1.56	2.19	3.50	5.75	6.49	10.00	12.00	18.85	22.00	26.00	29.60	32.45	42.10	73.50	108.60	154.05	243.20	530.45	
03285000	0809	19430809	20140809	72	73.98	156.77	0.00	869.00		0.65	1.59	2.29	2.86	5.22	7.76	9.54	11.20	17.70	20.00	24.00	25.80	29.00	38.60	61.50	87.60	148.35	179.60	468.95	
03285000	0810	19430810	20140810	72	57.18	109.56	0.00	812.00		0.63	1.41	2.10	3.36	5.25	9.91	13.00	15.20	17.85	19.50	21.15	27.20	38.90	57.10	71.75	98.60	119.35	137.70	190.15	
03285000	0811	19430811	20140811	72	87.87	199.69	0.00	1390.00		0.39	1.06	2.08	3.90	7.00	8.10	9.96	16.00	17.00	21.00	26.00	37.40	62.25	78.90	90.50	100.00	119.10	207.90	450.95	
03285000	0812	19430812	20140812	72	85.46	161.88	0.00	846.00		0.54	0.99	1.97	5.92	6.83	8.18	12.00	15.20	17.85	19.50	26.45	37.80	52.45	64.00	69.00	81.00	160.20	289.00	471.70	
03285000	0813	19430813	20140813	72	94.67	212.59	0.00	1170.00		0.46	1.13	2.08	4.96	6.45	8.15	9.78	13.20	14.85	22.50	26.30	33.80	44.00	55.30	68.25	98.60	125.15	221.60	793.40	
03285000	0814	19430814	20140814	72	117.48	319.74	0.00	2060.00		0.40	0.69	1.70	3.78	4.90	6.97	8.68	11.00	12.85	17.50	25.15	32.20	41.90	50.80	67.75	94.40	136.00	249.20	1035.00	
03285000	0815	19430815	20140815	72	87.88	254.76	0.00	1820.00		0.27	0.60	2.17	3.10	5.03	5.98	8.76	10.20	14.00	17.00	24.00	26.80	33.35	38.10	46.50	70.00	83.60	169.00	562.45	
03285000	0816	19430816	20140816	72	50.30	94.41	0.00	544.00		0.27	0.66	1.50	3.24	4.20	6.66	7.86	9.68	11.00	15.00	19.00	22.60	25.90	32.50	40.00	66.00	84.00	170.30	267.45	
03285000	0817	19430817	20140817	72	48.93	102.58	0.00	630.00		0.33	0.63	1.29	2.50	3.08	5.43	7.17	9.84	11.85	13.50	17.00	20.60	22.45	30.40	40.50	55.40	90.65	119.60	318.25	
03285000	0818	19430818	20140818	72	62.80	135.69	0.00	724.00		0.30	0.99	1.30	2.16	3.50	6.42	7.70	8.72	11.00	12.50	15.15	19.60	24.00	36.20	45.00	60.80	94.25	202.80	459.10	
03285000	0819	19430819	20140819	72	53.14	125.71	0.20	932.00		0.28	0.71	1.69	2.56	3.73	5.42	6.30	7.70	9.98	12.00	15.15	20.20	26.80	38.10	41.75	65.20	86.30	145.40	242.85	
03285000	0820	19430820	20140820	72	75.84	211.64	0.21	1670.00		0.39	0.95	2.29	2.80	3.85	5.60	7.29	12.00	13.70	16.00	23.30	29.80	34.80	40.70	57.50	81.40	113.25	166.90	344.15	
03285000	0821	19430821	20140821	72	74.13	163.83	0.18	1130.00		0.39	0.79	2.27	2.66	3.12	6.06	8.76	12.20	14.00	23.00	26.30	32.40	40.45	47.20	67.25	88.40	122.40	181.30	446.10	
03285000	0822	19430822	20140822	72	59.00	112.27	0.15	723.00		0.39	0.75	1.79	2.32	2.95	5.36	8.26	10.00	13.70	21.50	29.00	32.40	41.90	49.40	66.75	83.40	116.50	149.60	235.40	
03285000	0823	19430823	20140823	72	47.60	73.93	0.13	444.00		0.40	1.26	1.69	2.10	2.65	4.00	7.30	10.16	15.85	19.50	25.30	30.60	37.15	46.60	57.50	72.80	105.15	140.90	202.50	
03285000	0824	19430824	20140824	72	61.35	161.81	0.20	1110.00		0.41	1.02	1.59	2.22	3.05	5.99	7.07	12.00	13.85	16.50	18.15	24.60	30.70	39.20	49.75	68.20	82.40	131.00	241.10	
03285000	0825	19430825	20140825	72	113.83	486.48	0.20	3970.00		0.30	1.13	1.50	1.96	3.92	7.83	9.77	12.00	14.00	15.50	19.00	24.00	27.45	31.40	54.25	61.80	82.60	104.80	526.55	
03285000	0826	19430826	20140826	72	68.63	165.51	0.00	1040.00		0.40	0.91	1.50	2.54	4.60	6.97	8.52	11.00	11.85	12.50	17.15	20.00	32.25	38.60	47.75	70.80	102.95	174.80	396.90	
03285000	0827	19430827	20140827	72	105.11	430.19	0.00	3300.00		0.43	0.86	1.50	2.42	4.55	5.49	6.66	8.94	9.88	11.00	15.30	19.00	24.80	32.60	44.50	55.40	84.15	155.90	311.90	
03285000	0828	19430828	20140828	72	88.50	394.77	0.10	3270.00		0.27	0.90	1.40	2.24	3.58	4.47	6.30	8.06	8.69	11.00	12.30	18.00	23.45	27.10	47.25	63.00	85.50	102.70	279.30	
03285000	0829	19430829	20140829	72	117.90	389.11	0.10	2220.00		0.43	0.87	1.20	2.02	2.62	4.60	5.62	7.44	8.37	10.35	14.00	18.60	23.70	34.20	46.50	53.00	78.50	158.40	930.30	
03285000	0830	19430830	20140830	72	131.20	433.25	0.10	2930.00		0.43	0.93	1.20	1.88	2.25	3.59	4.62	5.90	6.96	10.50	14.15	19.20	23.45	28.30	40.50	61.00	93.40	158.20	1076.00	
03285000	0831	19430831	20140831	72	133.73	468.93	0.10	3300.00		0.36	0.71	1.20	1.90	2.60	3.00	4.01	4.80	6.90	12.00	13.15	15.80	20.25	32.00	40.50	57.60	89.35	293.30	925.10	
03285000	0901	19430901	20140901	72	122.87	309.09	0.00	1780.00		0.20	0.77	1.20	1.50	2.10	2.89	3.42	4.86	9.35	11.00	12.30	17.80	28.80	47.10	58.25	97.80	182.85	451.70	862.95	
03285000	0902	19430902	20140902	72	128.53	405.94	0.00	3190.00		0.07	0.76	1.20	1.46	1.68	2.29	3.27	4.84	7.29	10.50	11.75	18.80	30.35	44.20	66.00	92.80	168.90	398.70	610.15	
03285000	0903	19430903	20140903	72	175.84	727.92	0.00	5680.00		0.03	0.72	1.20	1.40	2.05	2.49	3.56	4.44	6.74	10.50	14.45	21.00	35.90	39.30	58.00	66.40	124.20	235.10	915.75	
03285000	0904	19430904	20140904	72	133.83	388.34	0.00	1890.00		0.07	0.83	1.09	1.30	2.15	2.39	3.69	4.54	5.88	10.25	13.15	25.80	32.45	37.40	50.50	95.80	175.05	253.10	1309.00	
03285000	0905	19430905	20140905	72	77.70	185.86	0.00	1070.00		0.33	0.71	1.00	1.30	2.00	2.38	3.50	4.38	5.17	9.10	12.60	18.80	26.45	35.80	49.75	70.80	132.90	231.90	580.15	
03285000	0906	19430906	20140906	72	46.71	86.56	0.00	440.00		0.17	0.60	1.09	1.48	2.00	2.76	3.96	5.10	7.78	11.00	13.30	18.80	24.80	33.10	44.75	67.80	98.85	129.50	285.80	
03285000	0907	19430907	20140907	72	66.23	288.99	0.00	2440.00		0.17	0.61	0.82	1.30	1.80	2.69	3.15	4.08	6.63	9.90	12.30	16.00	25.45	33.20	42.00	62.60	76.10	97.00	217.15	
03285000	0908	19430908	20140908	72	41.49	133.62	0.00	1100.00		0.27	0.60	0.75	1.30	1.55	2.19	2.60	2.88	5.56	8.35	11.00	15.40	21.00	26.10	37.25	45.80	67.05	79.70	154.15	
03285000	0909	19430909	20140909	72	86.53	404.24	0.00	3300.00		0.30	0.60	0.70	1.26	1.50	1.60	2.48	4.30	7.92	9.60	11.00	16.80	18.90	28.10	36.50	46.80	56.25	79.80	302.40	
03285000	0910	19430910	20140910	72	155.26	898.09	0.00	7560.00		0.31	0.54	0.89	1.20	1.43	1.70	2.79	4.40	8.19	9.10	10.21	12.80	19.90	27.30	37.75	47.40	58.30	169.90	351.90	
03285000	0911	19430911	20140911	72	121.86	771.91	0.00	6560.00		0.35	0.56	0.97	1.16	1.30	1.48	3.23	3.92	4.79	7.40	9.12	10.80	15.00	21.10	30.75	36.40	69.05	135.20	222.95	
03285000	0912	19430912	20140912	72	47.45	197.45	0.00	1660.00		0.30	0.47	0.61	0.91	1.10	1.84	3.20	3.70	5.95	7.60	9.91	13.80	16.00	25.10	28.00	36.60	47.05	92.00	165.40	
03285000	0913	19430913	20140913	72	56.93	182.97	0.00	1120.00		0.21	0.40	0.63	0.90	1.10	2.07	2.56	5.24	6.22	6.95	9.19	12.00	19.45	21.10	25.00	35.40	52.25	116.50	281.85	
03285000	0914	19430914	20140914	72	229.56	1041.67	0.00	6800.00		0.17	0.30	0.40	0.91	1.40	1.78	2.52	5.20	6.14	6.50	10.00	12.80	16.45	20.10	25.75	32.40	43.65	112.40	1164.95	
03285000	0915	19430915	20140915	72	91.72	307.96	0.00	1900.00		0.18	0.30	0.35	0.81	1.23	1.80	3.56	5.04	6.05	7.85	9.16	15.40	17.90	23.00	28.75	36.00	43.80	100.90	889.85	
03285000	0916	19430916	20140916	72	80.45	211.52	0.00	1330.00		0.06	0.23	0.49	0.79	1.02	2.02	3.56	5.26	6.17	8.10	13.15	17.00	19.00	23.10	26.00	42.00	99.60	322.20	552.35	
03285000	0917	19430917	20140917	72	168.32	847.39	0.00	7130.00		0.09	0.23	0.49	0.77	1.10	1.47	3.01	4.32	6.05	8.05	12.00	15.00	17.00	20.30	30.75	90.40	223.15	300.40	496.15	
03285000	0918	19430918	20140918	72	112.43	535.62	0.00	4500.00		0.09	0.30	0.38	0.67	0.90	1.28	2.66	3.62	5.91	7.95	9.45	13.00	14.00	20.00	30.25	62.60	146.10	244.90	332.30	
03285000	0919	19430919	20140919	72	69.83	191.57	0.00	1240.00		0.10	0.29	0.49	0.61	0.95	1.39	2.37	3.28	4.83	5.85	11.15	12.80	16.45	30.50	45.25	76.40	122.35	178.30	341.30	
03285000	0920	19430920	20140920	72	62.21	178.52	0.00	1290.00		0.17	0.22	0.40	0.64	1.02	1.39	2.10	2.94	3.69	6.70	9.90	10.00	19.45	34.80	52.00	83.80	98.40	141.20	290.95	
03285000	0921	19430921	20140921	72	165.18	889.49	0.00	7510.00		0.07	0.29	0.34	0.64	1.03	1.69	2.32	3.52	4.49	6.95	13.00	18.60	28.00	37.30	65.25	75.20	103.05	229.70	461.40	
03285000	0922	19430922	20140922	72	253.95	1764.42	0.00	15000.00		0.10	0.30	0.38	0.69	1.15	1.59	2.11	2.50	3.62	6.50	14.15	16.00	26.45	35.20	59.25	72.60	98.15	178.20	338.70	
03285000	0923	19430923	20140923	72	260.09	1133.20	0.00	7940.00		0.07	0.22	0.40	0.94	1.23	1.30	1.98	2.62	5.42	10.25	13.30	17.80	29.60	50.50	79.75	107.80	151.10	193.90	1246.00	
03285000	0924	19430924	20140924	72	393.09	1409.74	0.00	7290.00		0.09	0.20	0.58	0.90	1.10	1.47	2.10	2.56	5.66	8.95	11.15	19.40	31.80	55.40	66.75	105.60	120.90	348.70	3510.00	
03285000	0925	19430925	20140925	72	219.66	863.92	0.00	6720.00		0.10	0.30	0.52	0.75	1.00	1.28	1.85	3.52	6.36	8.10	12.15	20.60	36.50	52.00	77.00	94.00	154.10	396.30	1364.85	
03285000	0926	19430926	20140926	72	186.45	792.45	0.00	6470.00		0.10	0.20	0.63	0.71	1.12	1.60	2.20	4.70	6.17	8.35	15.00	18.00	32.15	43.60	62.50	98.60	201.30	399.70	788.55	
03285000	0927	19430927	20140927	72	182.25	774.70	0.00	6340.00		0.07	0.19	0.60	0.88	1.04	1.49	3.47	5.04	6.37	9.05	16.15	28.80	46.00	55.00	65.75	96.60	128.00	287.60	939.70	
03285000	0928	19430928	20140928	72	361.08	1640.92	0.00	13100.00		0.00	0.13	0.57	0.83	1.23	1.67	3.87	5.18	6.40	10.90	14.45	22.80	39.45	58.60	68.00	130.00	228.85	360.20	1984.50	
03285000	0929	19430929	20140929	72	270.06	1409.20	0.00	11700.00		0.00	0.33	0.47	0.82	1.20	1.67	3.33	5.14	7.31	12.00	16.00	26.80	36.45	47.20	69.00	108.00	176.15	324.30	854.00	
03285000	0930	19430930	20140930	72	210.95	1195.28	0.00	10100.00		0.00	0.42	0.72	1.02	1.38	2.50	4.26	5.60	9.81	11.50	15.90	26.40	33.80	44.30	54.75	76.60	107.70	183.90	745.25	
03285000	1001	19421001	20131001	72	209.17	1086.00	0.00	9170.00		0.00	0.41	0.52	1.00	1.55	3.06	4.13	9.48	10.00	14.50	19.60	29.00	40.80	55.30	64.00	78.80	127.00	392.40	641.35	
03285000	1002	19421002	20131002	72	173.62	667.20	0.00	4860.00		0.00	0.31	0.46	0.87	1.32	2.60	5.30	8.70	10.00	14.00	23.00	27.40	34.45	43.10	55.50	89.00	118.40	238.70	848.50	
03285000	1003	19421003	20131003	72	82.24	198.10	0.00	1200.00		0.00	0.25	0.49	0.83	1.85	3.06	5.75	7.18	8.12	13.50	18.45	25.60	32.45	36.50	53.00	82.00	110.40	243.00	525.15	
03285000	1004	19421004	20131004	72	64.17	135.97	0.00	839.00		0.00	0.23	0.33	0.83	2.02	3.75	5.86	6.80	9.73	17.00	19.15	24.00	26.35	34.20	50.50	72.80	118.40	198.10	397.00	
03285000	1005	19421005	20131005	72	95.63	302.14	0.00	2330.00		0.00	0.16	0.41	0.83	2.02	3.52	4.71	6.34	8.71	15.00	20.30	23.80	30.70	41.20	52.25	85.40	126.15	206.40	482.95	
03285000	1006	19421006	20131006	72	101.62	294.69	0.00	1720.00		0.00	0.24	0.59	0.86	1.85	3.13	4.36	5.42	7.88	13.50	20.15	24.60	31.45	43.00	63.75	85.80	138.70	208.60	600.45	
03285000	1007	19421007	20131007	72	78.35	199.95	0.00	1220.00		0.00	0.34	0.60	0.86	2.02	2.58	3.60	5.34	7.66	12.50	19.30	21.00	26.45	37.10	57.50	73.60	142.35	210.50	484.75	
03285000	1008	19421008	20131008	72	132.81	708.17	0.00	6010.00		0.07	0.44	0.70	1.26	1.90	2.18	4.05	5.80	8.20	16.50	19.00	21.00	32.90	46.00	49.50	86.40	120.90	150.00	307.90	
03285000	1009	19421009	20131009	72	135.96	598.20	0.00	4970.00		0.07	0.49	0.80	1.20	1.57	2.10	3.75	5.70	9.62	15.50	18.00	29.60	32.80	43.70	67.75	84.00	123.05	243.40	525.10	
03285000	1010	19421010	20131010	72	138.41	541.88	0.00	4220.00		0.07	0.45	0.79	1.26	1.70	1.99	3.70	5.62	12.00	15.50	23.30	29.80	34.80	48.20	72.75	83.00	123.40	217.90	569.65	
03285000	1011	19421011	20131011	72	172.48	756.45	0.00	5370.00		0.07	0.49	0.74	1.22	1.62	1.70	2.48	6.08	9.36	13.50	18.30	26.60	30.00	40.10	55.75	81.40	107.35	178.20	464.15	
03285000	1012	19421012	20131012	72	85.41	259.08	0.00	1680.00		0.07	0.50	0.70	1.18	1.55	1.88	3.05	5.22	7.52	11.00	15.30	21.00	27.90	38.50	49.75	68.40	89.90	206.60	403.50	
03285000	1013	19421013	20131013	72	62.15	131.34	0.00	662.00		0.07	0.50	0.91	1.16	1.50	1.98	3.48	5.86	9.30	13.50	16.15	18.00	30.00	41.20	56.25	66.40	83.25	202.60	427.70	
03285000	1014	19421014	20131014	72	56.85	106.98	0.00	563.00		0.07	0.44	0.70	1.26	1.65	2.58	3.98	7.40	11.00	13.50	15.30	23.20	33.80	53.40	58.75	66.20	125.50	155.40	328.40	
03285000	1015	19421015	20131015	72	59.09	146.17	0.00	1070.00		0.07	0.25	0.54	0.90	1.60	2.49	3.15	8.66	11.00	13.00	17.30	27.80	30.90	39.30	51.00	69.60	103.45	147.10	234.55	
03285000	1016	19421016	20131016	72	58.59	143.18	0.00	1030.00		0.00	0.34	0.50	0.91	1.60	2.08	4.46	8.38	10.84	12.00	17.45	21.80	30.45	44.00	53.50	75.00	90.55	120.40	273.75	
03285000	1017	19421017	20131017	72	222.03	945.16	0.00	6050.00		0.07	0.51	0.65	0.96	1.50	1.78	4.12	7.26	9.96	12.50	15.15	21.60	27.45	43.20	54.00	71.00	172.30	363.50	574.25	
03285000	1018	19421018	20131018	72	263.61	1181.95	0.00	8560.00		0.07	0.43	0.73	0.92	1.55	2.20	2.98	6.08	10.85	12.00	16.15	19.80	24.80	37.00	48.50	73.60	142.00	310.90	849.15	
03285000	1019	19421019	20131019	72	113.43	327.40	0.00	1850.00		0.07	0.47	0.60	0.88	1.95	2.40	3.43	7.44	8.98	13.50	16.00	20.00	25.80	32.60	61.75	92.40	148.25	235.80	837.60	
03285000	1020	19421020	20131020	72	134.38	362.47	0.00	2320.00		0.07	0.44	0.59	0.91	1.57	2.50	3.22	6.44	8.46	12.50	16.30	21.00	24.45	40.30	83.00	111.40	156.80	389.70	985.70	
03285000	1021	19421021	20131021	72	90.72	229.15	0.00	1510.00		0.13	0.44	0.70	0.99	1.75	2.94	3.51	6.02	7.33	10.50	14.30	19.80	25.80	45.20	77.75	101.80	128.40	197.70	645.05	
03285000	1022	19421022	20131022	72	72.42	158.86	0.00	877.00		0.13	0.46	0.61	1.17	2.20	2.67	4.01	5.46	8.61	13.00	17.00	18.80	28.00	39.20	70.50	93.00	132.20	171.00	485.55	
03285000	1023	19421023	20131023	72	87.64	214.04	0.00	1480.00		0.07	0.41	0.50	1.20	2.25	2.59	3.33	6.78	9.61	15.00	17.30	26.00	38.25	72.20	89.00	108.60	141.15	214.90	478.30	
03285000	1024	19421024	20131024	72	83.24	150.27	0.00	685.00		0.10	0.32	0.55	1.58	2.30	2.89	5.41	8.38	11.00	15.00	17.15	24.20	37.95	66.20	76.75	99.60	250.90	323.70	447.45	
03285000	1025	19421025	20131025	72	68.46	110.78	0.00	423.00		0.10	0.31	0.60	1.26	2.40	3.09	4.43	8.02	11.00	14.00	19.15	26.20	47.75	64.70	79.25	112.20	171.65	249.70	381.90	
03285000	1026	19421026	20131026	72	59.09	86.96	0.00	365.00		0.10	0.30	0.70	1.22	2.02	3.63	4.46	7.04	9.74	13.50	18.35	27.80	46.60	71.10	87.00	99.40	163.30	226.40	269.75	
03285000	1027	19421027	20131027	72	153.15	522.01	0.00	3120.00		0.00	0.30	0.70	1.26	2.12	2.80	5.38	8.20	11.64	15.00	25.45	40.60	54.90	69.10	81.25	91.20	171.30	203.10	837.95	
03285000	1028	19421028	20131028	72	157.93	498.72	0.00	3560.00		0.00	0.34	0.66	1.50	2.20	3.35	6.31	9.12	11.00	16.50	37.60	49.80	61.25	66.30	94.75	130.40	172.25	189.90	994.35	
03285000	1029	19421029	20131029	72	135.99	359.49	0.00	2290.00		0.13	0.35	0.60	1.56	2.30	3.28	5.36	8.80	11.85	19.50	33.15	42.60	45.90	55.10	112.25	133.00	147.25	215.60	995.10	
03285000	1030	19421030	20131030	72	118.56	313.66	0.00	2310.00		0.13	0.34	0.54	1.56	2.45	3.28	4.91	7.88	11.00	18.00	28.15	35.00	48.15	66.90	100.75	136.20	150.80	286.40	667.35	
03285000	1031	19421031	20131031	72	139.21	326.26	0.00	1940.00		0.13	0.35	0.59	1.46	3.40	4.58	6.49	9.92	11.00	16.00	25.00	34.80	54.45	80.10	118.75	140.60	195.30	466.90	973.80	
03285000	1101	19421101	20131101	72	138.00	306.72	0.00	1440.00		0.17	0.40	0.70	1.36	3.75	5.86	7.52	10.40	12.00	16.00	27.15	32.60	65.00	97.10	114.25	140.00	176.20	410.60	1145.50	
03285000	1102	19421102	20131102	72	135.11	255.11	0.00	1090.00		0.17	0.39	0.89	1.88	4.05	6.07	8.38	12.40	15.85	22.00	28.60	46.60	71.05	89.70	114.00	138.20	317.15	457.30	864.55	
03285000	1103	19421103	20131103	72	135.27	223.61	0.00	819.00		0.17	0.53	0.69	4.60	6.80	7.58	9.38	11.40	19.00	22.50	32.45	55.80	81.45	86.90	119.50	240.40	388.30	584.30	715.60	
03285000	1104	19421104	20131104	72	193.14	692.71	0.00	5680.00		0.26	0.53	1.28	5.04	6.92	7.95	9.46	14.20	18.85	23.50	32.00	49.80	80.60	98.30	143.00	192.80	264.60	400.50	625.50	
03285000	1105	19421105	20131105	72	149.29	350.44	0.00	2350.00		0.20	0.60	1.20	4.64	6.72	7.37	12.10	17.20	20.85	28.00	47.15	70.20	76.45	85.60	144.00	187.40	251.90	313.60	722.50	
03285000	1106	19421106	20131106	72	213.26	522.19	0.00	3260.00		0.27	0.53	1.20	4.20	6.58	9.00	12.55	15.20	19.40	27.00	50.20	69.60	96.60	137.30	192.50	238.00	304.00	401.10	1363.00	
03285000	1107	19421107	20131107	72	184.90	357.75	0.00	1660.00		0.20	0.53	1.29	3.26	6.40	9.33	10.55	15.00	17.70	27.00	42.35	73.40	109.30	140.40	178.50	237.80	314.55	647.40	1202.50	
03285000	1108	19421108	20131108	72	302.00	831.19	0.00	5540.00		0.20	0.60	1.19	3.06	6.10	8.22	9.72	13.20	17.85	28.50	39.65	80.80	115.05	138.20	172.00	221.60	341.25	713.30	1938.50	
03285000	1109	19421109	20131109	72	310.84	1195.95	0.00	9760.00		0.27	0.60	1.28	3.10	5.55	7.52	11.00	13.00	19.70	29.00	47.20	86.80	110.00	137.00	159.75	256.60	381.55	519.10	1167.50	
03285000	1110	19421110	20131110	72	314.14	668.49	0.00	3190.00		0.43	0.62	2.65	3.72	5.58	7.03	9.96	12.80	19.85	40.00	61.95	89.40	113.95	152.70	239.50	332.60	580.00	1134.00	2215.50	
03285000	1111	19421111	20131111	72	322.73	692.67	0.00	4250.00		0.27	0.75	2.40	3.88	5.72	6.59	9.14	12.80	19.70	41.00	76.45	86.40	111.80	163.50	252.50	448.80	772.60	1119.00	1635.00	
03285000	1112	19421112	20131112	72	226.52	408.23	0.00	1790.00		0.20	1.14	2.58	3.96	6.50	7.49	11.00	15.00	19.40	38.00	68.30	88.80	113.15	173.70	207.25	410.20	466.60	808.10	1435.50	
03285000	1113	19421113	20131113	72	174.72	278.59	0.00	1260.00		0.23	0.99	2.29	4.38	5.72	8.02	11.65	14.20	25.80	39.50	60.45	71.60	102.30	176.90	265.00	320.00	368.45	573.50	867.00	
03285000	1114	19421114	20131114	72	170.82	349.63	0.00	2630.00		0.17	0.89	2.30	5.08	5.72	8.02	12.20	18.40	34.55	38.50	61.20	91.00	131.30	199.00	231.75	262.20	347.00	455.80	636.60	
03285000	1115	19421115	20131115	72	181.32	344.68	0.00	1900.00		0.17	0.95	3.68	5.86	6.78	9.71	18.00	29.00	36.70	57.50	75.20	124.00	174.90	189.50	212.25	259.40	292.75	380.60	900.25	
03285000	1116	19421116	20131116	72	290.89	618.60	0.00	3290.00		0.27	1.23	4.57	6.04	8.35	13.80	24.00	28.40	40.85	65.50	92.55	132.20	176.60	201.50	230.00	276.80	425.35	809.70	1833.00	
03285000	1117	19421117	20131117	72	260.37	461.46	0.00	2330.00		0.27	1.84	4.96	6.52	10.03	13.90	28.65	32.60	50.50	68.00	101.25	136.40	161.05	201.40	214.25	307.20	467.85	1089.20	1363.50	
03285000	1118	19421118	20131118	72	329.71	769.94	0.00	5310.00		0.33	1.91	4.95	6.24	10.50	14.00	26.00	32.00	48.25	69.00	98.25	135.00	156.05	186.10	230.75	443.60	612.65	875.90	1967.00	
03285000	1119	19421119	20131119	72	536.49	1635.59	0.00	11500.00		0.47	2.35	5.67	7.44	11.25	23.80	34.10	47.00	52.55	83.00	107.35	141.20	159.35	195.80	294.50	415.60	520.25	1013.70	3854.50	
03285000	1120	19421120	20131120	72	574.73	1638.84	0.00	11600.00		0.67	2.49	5.20	8.14	11.25	23.00	32.00	44.20	54.40	91.50	123.75	137.80	205.00	244.30	339.00	533.80	718.50	1050.20	4340.00	
03285000	1121	19421121	20131121	72	332.11	755.75	0.00	4990.00		0.73	2.77	5.59	7.88	10.25	20.70	27.00	39.60	63.00	91.00	121.15	130.60	166.15	187.30	261.25	354.00	611.50	881.50	1671.00	
03285000	1122	19421122	20131122	72	241.70	405.22	0.00	2290.00		1.16	2.92	6.08	8.60	10.68	20.50	24.75	40.00	62.10	91.50	103.30	130.80	169.80	209.00	273.50	374.40	530.00	705.30	1220.00	
03285000	1123	19421123	20131123	72	303.81	715.22	0.00	5500.00		2.04	3.74	7.07	9.34	15.25	25.90	38.65	50.20	75.40	82.00	113.05	164.60	210.85	295.60	350.00	400.80	517.20	683.10	1235.50	
03285000	1124	19421124	20131124	72	367.58	1018.78	0.00	7530.00		2.08	3.42	7.56	10.08	14.25	22.80	43.30	56.60	70.40	130.50	159.95	192.20	238.15	260.70	304.75	354.60	488.75	549.40	1754.00	
03285000	1125	19421125	20131125	72	293.45	606.44	0.10	3320.00		1.78	4.50	8.09	10.60	18.50	33.10	45.20	52.00	67.55	103.00	141.60	159.60	191.35	212.20	250.50	328.60	391.50	719.70	1711.50	
03285000	1126	19421126	20131126	72	436.60	1299.13	0.00	9760.00		1.68	4.74	7.79	12.40	21.00	34.70	44.65	56.60	76.35	101.50	129.00	146.80	180.80	207.50	257.25	334.20	520.70	798.30	2548.50	
03285000	1127	19421127	20131127	72	495.41	1226.66	0.10	8110.00		1.65	7.10	9.54	15.40	31.25	48.80	61.65	74.40	101.65	140.00	162.30	178.40	198.15	280.80	350.75	489.60	720.65	1130.10	2854.00	
03285000	1128	19421128	20131128	72	699.71	1530.25	0.10	9940.00		1.54	7.88	16.75	29.60	37.75	54.70	75.95	106.00	130.85	156.50	181.90	256.20	342.35	436.60	671.25	873.20	1373.50	1608.00	3448.00	
03285000	1129	19421129	20131129	72	572.87	1060.64	0.10	6710.00		1.96	8.67	20.55	30.00	46.00	53.90	67.75	100.40	119.25	152.00	207.00	266.40	339.70	492.30	698.75	843.80	1155.00	1456.00	2581.50	
03285000	1130	19421130	20131130	72	425.71	636.07	0.10	2860.00		3.77	10.82	19.80	31.40	45.00	59.80	86.85	95.60	109.25	141.50	224.45	263.00	320.05	428.80	515.00	693.00	817.85	1230.00	2348.50	
03285000	1201	19421201	20131201	72	590.74	1202.42	0.10	6820.00		4.07	13.30	18.95	26.00	40.75	62.90	82.95	96.40	124.10	165.00	210.40	279.20	338.15	450.00	596.25	704.60	846.65	1655.00	2954.00	
03285000	1202	19421202	20131202	72	426.88	707.99	0.10	3100.00		3.44	12.60	16.95	22.20	32.50	48.20	71.30	82.20	114.85	170.00	209.05	235.80	280.45	298.90	475.50	543.00	796.65	1089.80	2523.00	
03285000	1203	19421203	20131203	72	573.91	1706.66	0.10	13800.00		2.92	13.00	15.90	19.80	29.25	40.60	66.75	82.20	161.80	186.50	205.50	229.40	246.55	335.30	383.50	474.20	933.70	1243.00	2569.00	
03285000	1204	19421204	20131204	72	675.37	1507.40	0.10	10100.00		3.67	12.00	13.00	21.80	25.75	37.70	69.30	105.80	137.85	164.00	205.90	267.40	327.25	338.70	488.00	628.60	983.00	2373.00	3830.00	
03285000	1205	19421205	20131205	72	478.08	954.86	0.00	6680.00		5.20	10.30	12.95	25.60	33.50	54.10	89.65	108.40	145.65	168.00	201.15	264.60	300.95	430.50	500.50	617.80	869.60	1176.00	2213.50	
03285000	1206	19421206	20131206	72	445.48	813.04	0.10	5050.00		4.35	11.00	12.95	29.40	50.50	67.10	84.65	117.80	141.55	179.00	235.15	265.40	349.75	420.10	516.00	579.60	780.95	990.60	2567.50	
03285000	1207	19421207	20131207	72	564.18	1058.77	0.20	5040.00		3.73	10.16	20.75	27.80	56.00	66.00	99.00	110.20	150.25	182.50	212.15	258.60	322.50	340.80	444.00	548.60	861.90	2030.00	3729.00	
03285000	1208	19421208	20131208	72	933.60	3349.93	0.10	27100.00		4.13	11.60	19.90	44.60	61.50	81.50	101.70	124.80	131.00	173.00	205.80	243.60	305.55	350.80	451.25	535.00	775.75	1966.00	5168.00	
03285000	1209	19421209	20131209	72	1130.38	3233.17	0.20	23000.00		4.97	11.60	19.90	37.60	60.25	76.60	105.40	127.40	140.80	182.00	191.20	248.20	285.50	390.00	515.25	922.80	1240.00	2999.00	6880.00	
03285000	1210	19421210	20131210	72	1002.57	2302.33	0.20	14600.00		5.47	17.30	35.90	47.80	58.75	89.90	106.00	118.40	142.05	167.50	227.20	291.40	472.05	682.40	778.25	932.00	1791.50	3482.00	4646.50	
03285000	1211	19421211	20131211	72	670.71	1030.08	0.20	5430.00		6.00	17.20	44.75	59.80	79.75	101.90	128.65	142.40	197.50	265.50	367.70	483.00	509.45	560.60	794.25	1134.00	1403.00	1771.00	2795.50	
03285000	1212	19421212	20131212	72	560.37	874.64	0.30	4910.00		7.08	19.90	41.85	67.40	87.75	99.10	135.75	174.80	208.90	296.00	361.95	409.00	448.10	550.00	722.75	843.00	906.15	1337.00	2181.00	
03285000	1213	19421213	20131213	72	747.53	1523.04	0.30	9030.00		13.07	27.70	46.90	75.80	100.50	128.00	154.90	272.20	318.95	354.00	376.30	428.20	455.80	512.70	596.25	703.60	944.20	1495.00	4795.00	
03285000	1214	19421214	20131214	72	617.23	977.07	0.70	4970.00		12.94	30.40	55.85	73.80	87.25	113.50	135.55	225.00	257.25	289.00	311.05	359.00	441.80	472.20	679.75	753.00	1023.50	1767.00	3117.00	
03285000	1215	19421215	20131215	72	524.74	825.84	1.00	5070.00		18.60	38.50	57.85	68.80	77.75	114.50	180.20	203.40	233.40	271.50	287.75	308.40	407.30	467.20	527.50	628.80	946.80	1227.00	2770.00	
03285000	1216	19421216	20131216	72	538.00	931.77	1.00	5420.00		15.00	44.00	60.95	79.40	94.75	144.70	171.65	187.80	214.05	244.00	250.30	315.80	430.50	451.40	528.00	638.60	951.10	1238.00	2269.00	
03285000	1217	19421217	20131217	72	546.13	877.47	1.30	5020.00		12.95	42.70	60.70	81.20	94.25	123.80	145.85	182.80	219.90	277.00	349.75	371.80	395.00	415.70	566.25	713.20	894.75	1372.00	2487.00	
03285000	1218	19421218	20131218	72	547.70	1227.86	1.30	9830.00		11.60	40.70	54.80	68.20	93.25	107.70	134.85	182.40	242.05	264.50	301.50	332.80	417.60	508.00	534.75	664.40	837.75	1057.40	1696.00	
03285000	1219	19421219	20131219	72	472.30	992.03	1.00	8060.00		10.39	35.00	48.90	58.40	78.25	91.80	125.10	160.60	214.45	247.00	290.70	347.60	405.45	414.80	505.50	573.00	794.10	969.00	1524.00	
03285000	1220	19421220	20131220	72	528.17	1058.05	1.00	8160.00		9.90	36.50	53.80	60.60	81.50	94.20	136.60	177.80	201.00	233.00	252.25	307.00	351.45	363.80	471.25	652.60	924.50	1462.00	2020.50	
03285000	1221	19421221	20131221	72	683.78	1169.29	0.90	5330.00		8.94	32.60	49.95	69.20	89.00	119.20	157.10	188.40	211.85	234.50	274.75	329.00	410.65	533.50	615.50	876.80	1210.50	1810.00	4188.50	
03285000	1222	19421222	20131222	72	754.31	1363.98	1.10	9090.00		7.97	27.60	48.60	73.80	102.50	142.90	163.65	199.40	213.70	239.00	296.95	382.40	434.50	591.10	750.25	871.80	1348.00	2602.00	3454.00	
03285000	1223	19421223	20131223	72	729.45	1272.44	1.40	8740.00		7.70	26.50	53.50	67.20	107.75	134.20	160.15	201.60	220.70	254.50	317.50	435.20	571.05	715.10	798.75	961.60	1540.50	2004.00	3053.50	
03285000	1224	19421224	20131224	72	681.49	1061.21	1.40	5590.00		7.16	25.80	48.75	74.80	113.50	123.90	170.85	198.40	244.55	329.00	373.80	467.60	597.80	666.30	737.50	1062.00	1201.50	1637.00	3253.00	
03285000	1225	19421225	20131225	72	624.75	821.95	1.30	4070.00		6.47	27.90	54.40	84.80	109.25	147.70	168.05	210.20	259.25	288.50	350.95	492.80	645.60	705.60	831.50	943.60	1056.50	1752.00	2419.00	
03285000	1226	19421226	20131226	72	667.37	868.86	1.10	4180.00		6.89	26.50	49.55	78.40	97.50	134.10	163.10	181.40	257.60	365.50	450.15	530.20	606.10	685.70	788.50	995.00	1511.50	1968.00	2921.00	
03285000	1227	19421227	20131227	72	516.57	600.93	1.00	3590.00		17.43	29.50	49.80	74.20	91.50	107.90	148.75	178.60	283.70	381.50	411.05	473.20	504.10	588.70	643.75	892.80	1182.50	1257.00	1615.00	
03285000	1228	19421228	20131228	72	645.36	943.61	0.80	4830.00		16.82	27.50	43.90	73.20	95.75	121.80	158.30	241.20	335.95	371.50	398.30	460.80	516.80	710.40	838.75	883.20	1080.50	1452.00	3417.50	
03285000	1229	19421229	20131229	72	706.12	1162.42	0.70	8600.00		16.20	28.90	40.85	79.60	109.75	173.40	231.00	309.00	347.85	437.00	504.15	553.40	598.10	630.10	895.00	1064.00	1282.50	1512.00	1864.50	
03285000	1230	19421230	20131230	72	881.02	1992.33	1.00	13300.00		15.38	27.00	39.95	82.80	126.25	175.70	255.95	283.20	343.25	376.50	431.50	471.40	516.10	649.10	815.00	939.80	1203.00	1615.00	3449.50	
03285000	1231	19421231	20131231	72	905.07	2079.23	1.10	14100.00		14.55	26.60	48.75	78.20	116.75	169.30	224.85	260.40	293.40	329.00	368.95	407.20	487.80	589.70	698.25	747.20	998.00	1596.00	6057.00	
