site_no	monthday	begin_dt	end_dt	count_nu	mean	std	min	max	p01	p05	p10	p15	p20	p25	p30	p35	p40	p45	p50	p55	p60	p65	p70	p75	p80	p85	p90	p95	p99
03500000	ALL	19440401	20151029	26144	377.75	324.84	37.00	7830.00	74.00	104.00	125.00	143.00	163.00	184.00	206.00	229.00	252.00	275.00	300.00	325.00	354.00	387.00	423.00	468.00	520.00	587.00	685.00	880.00	1610.00
03500000	0101	19450101	20150101	71	486.25	405.47	114.00	2980.00		136.00	188.60	244.00	264.60	284.00	312.00	338.60	349.20	361.00	392.00	425.40	445.80	485.80	516.40	558.00	627.80	676.20	760.80	1115.00	
03500000	0102	19450102	20150102	71	427.13	231.36	112.00	1500.00		148.40	202.40	226.20	254.80	262.00	285.20	330.20	353.80	375.40	392.00	416.80	442.20	468.60	483.40	535.00	557.00	587.80	626.00	858.20	
03500000	0103	19450103	20150103	71	409.76	185.80	110.00	1150.00		149.40	203.80	234.00	256.40	273.00	302.60	316.40	343.60	353.60	379.00	389.80	440.20	461.20	483.60	506.00	548.20	587.60	629.20	745.80	
03500000	0104	19450104	20150104	71	439.73	290.27	109.00	1850.00		148.60	204.80	237.60	264.40	269.00	294.20	313.80	338.80	359.20	372.00	395.80	424.60	449.40	464.80	497.00	520.80	617.00	664.40	1129.40	
03500000	0105	19450105	20150105	71	442.27	289.28	106.00	1830.00		147.40	195.60	227.80	246.40	265.00	279.40	295.00	321.00	339.20	386.00	409.00	432.40	444.00	453.60	484.00	546.40	623.80	877.20	1114.00	
03500000	0106	19450106	20150106	71	459.24	364.09	104.00	2740.00		156.40	201.00	220.80	251.00	270.00	282.20	296.80	336.40	361.00	375.00	400.00	426.00	446.80	462.20	515.00	611.20	650.80	751.20	1082.40	
03500000	0107	19450107	20150107	71	492.23	457.06	100.00	3260.00		154.00	197.20	221.20	249.80	264.00	268.00	313.80	337.60	356.00	394.00	407.00	421.40	446.00	474.60	572.00	595.00	649.40	893.40	1514.00	
03500000	0108	19450108	20150108	71	533.28	652.20	119.00	4790.00		151.20	188.40	225.80	249.00	255.00	261.20	314.40	333.60	361.20	377.00	398.20	425.00	443.00	488.60	536.00	633.20	794.00	894.60	1204.00	
03500000	0109	19450109	20150109	71	473.55	367.64	113.00	2170.00		146.00	185.80	226.20	240.40	249.00	271.00	295.00	323.60	346.40	377.00	383.80	417.20	430.80	470.00	577.00	592.40	770.60	943.60	1245.20	
03500000	0110	19450110	20150110	71	466.44	326.39	104.00	1970.00		147.20	187.20	217.00	240.40	253.00	267.20	277.20	334.20	355.60	376.00	386.40	428.60	485.00	519.00	551.00	654.00	735.40	887.20	1166.00	
03500000	0111	19450111	20150111	71	479.42	315.12	104.00	1580.00		143.60	203.80	230.40	242.80	257.00	265.20	317.60	341.20	361.60	376.00	419.40	483.40	499.20	522.60	563.00	597.20	785.40	962.00	1228.00	
03500000	0112	19450112	20150112	71	460.83	265.74	97.00	1350.00		155.00	193.80	222.20	233.80	256.00	292.20	348.60	357.00	365.60	401.00	451.60	466.60	486.20	502.60	530.00	635.40	730.20	867.20	1074.00	
03500000	0113	19450113	20150113	71	427.56	232.63	100.00	1200.00		148.60	191.00	213.80	230.60	257.00	290.80	319.60	345.20	363.00	386.00	428.20	441.60	462.00	480.00	506.00	544.20	618.80	737.00	1020.40	
03500000	0114	19450114	20150114	71	441.48	250.00	100.00	1250.00		139.60	183.40	214.00	236.00	277.00	289.40	325.00	332.80	356.60	406.00	429.00	438.20	458.80	467.20	543.00	619.20	742.20	774.80	1024.00	
03500000	0115	19450115	20150115	71	462.55	351.16	100.00	2460.00		139.20	182.00	224.00	249.60	270.00	308.00	330.20	338.60	378.60	388.00	412.60	441.40	453.60	513.40	562.00	590.60	634.00	749.00	948.20	
03500000	0116	19450116	20150116	71	483.46	455.39	105.00	3160.00		135.60	185.40	220.00	243.40	270.00	301.20	319.20	327.40	360.40	370.00	399.60	436.20	448.60	479.00	540.00	579.00	669.00	771.00	1146.20	
03500000	0117	19450117	20150117	71	458.42	342.60	105.00	2290.00		135.40	206.20	217.00	237.40	269.00	299.40	320.40	339.60	349.00	374.00	395.40	422.00	442.20	503.40	528.00	588.00	672.00	774.80	1017.20	
03500000	0118	19450118	20150118	71	477.77	369.41	110.00	2930.00		155.60	196.00	222.40	252.00	285.00	294.80	317.20	344.80	389.00	410.00	435.00	477.80	521.00	549.60	622.00	641.20	659.60	747.60	812.00	
03500000	0119	19450119	20150119	71	498.77	366.42	115.00	2580.00		190.00	242.80	264.40	272.80	285.00	295.40	318.00	356.80	385.00	395.00	412.80	454.20	470.60	536.00	594.00	630.20	714.20	926.00	1208.00	
03500000	0120	19450120	20150120	71	525.85	415.69	114.00	2570.00		188.00	218.80	246.80	256.80	286.00	315.00	353.00	376.40	387.80	404.00	424.00	463.20	522.20	565.60	583.00	612.80	796.20	972.80	1334.00	
03500000	0121	19450121	20150121	71	537.17	386.97	108.00	2340.00		169.60	224.20	238.00	254.60	273.00	318.60	352.60	384.40	411.60	439.00	467.00	500.40	553.40	572.40	633.00	723.40	818.80	952.20	1402.00	
03500000	0122	19450122	20150122	71	530.90	404.53	128.00	2500.00		177.00	220.40	239.40	255.40	288.00	302.80	332.00	363.80	387.20	416.00	445.00	539.80	600.00	627.20	650.00	683.60	716.00	841.40	1264.00	
03500000	0123	19450123	20150123	71	525.38	341.73	128.00	2660.00		175.00	217.60	253.00	283.80	294.00	321.00	347.20	399.00	434.20	520.00	544.60	571.60	598.60	623.00	649.00	702.80	749.60	864.40	948.80	
03500000	0124	19450124	20150124	71	514.20	265.58	123.00	1330.00		173.80	207.20	236.00	268.80	298.00	315.20	378.40	406.20	438.60	524.00	550.20	564.20	572.80	599.60	630.00	711.80	744.80	892.80	1058.00	
03500000	0125	19450125	20150125	71	548.96	389.98	121.00	2380.00		161.60	206.00	225.80	251.40	283.00	310.40	381.20	411.60	462.00	489.00	521.80	544.60	567.20	608.00	645.00	704.40	809.20	968.00	1308.00	
03500000	0126	19450126	20150126	71	515.63	358.19	120.00	2610.00		159.20	200.40	226.00	270.00	280.00	312.00	374.40	401.80	441.40	477.00	503.60	509.60	529.80	573.60	595.00	663.20	735.80	863.20	1246.00	
03500000	0127	19450127	20150127	71	541.62	511.61	123.00	4030.00		158.60	195.60	223.80	260.80	296.00	340.60	364.00	386.20	405.20	434.00	489.80	506.20	522.80	541.60	583.00	681.00	723.60	921.00	1306.00	
03500000	0128	19450128	20150128	71	496.66	327.18	117.00	2060.00		144.20	193.20	213.60	248.40	266.00	336.00	352.00	361.80	402.00	443.00	462.20	484.40	507.80	536.80	598.00	669.80	723.20	859.80	1212.00	
03500000	0129	19450129	20150129	71	457.31	245.48	118.00	1450.00		158.00	189.40	217.80	245.00	285.00	318.80	339.20	359.80	388.80	422.00	458.60	470.40	496.60	515.80	577.00	625.80	662.00	776.00	911.40	
03500000	0130	19450130	20150130	71	460.75	255.28	123.00	1800.00		160.60	184.60	234.80	276.00	295.00	324.40	343.60	376.20	431.00	448.00	455.60	480.00	505.80	527.80	541.00	583.20	605.60	751.80	952.40	
03500000	0131	19450131	20150131	71	489.92	343.40	129.00	2690.00		167.40	193.20	229.00	271.20	302.00	331.20	351.80	396.40	412.80	429.00	458.20	476.40	496.20	537.80	567.00	632.40	705.20	800.40	1013.60	
03500000	0201	19450201	20150201	71	505.94	340.33	134.00	2340.00		160.80	192.80	236.40	263.20	308.00	331.00	375.00	389.60	402.40	428.00	443.40	493.00	509.00	523.40	610.00	663.00	751.60	871.60	1204.00	
03500000	0202	19450202	20150202	71	601.66	575.32	150.00	4260.00		187.60	237.60	263.60	309.00	339.00	365.00	373.60	405.20	436.60	463.00	481.20	494.20	526.20	559.60	665.00	709.20	785.60	1146.00	1626.00	
03500000	0203	19450203	20150203	71	592.32	463.32	160.00	2480.00		186.60	235.20	260.00	287.00	328.00	369.20	389.40	424.20	435.80	459.00	474.20	511.40	563.40	607.60	653.00	727.60	814.40	1096.00	1902.00	
03500000	0204	19450204	20150204	71	555.17	380.71	156.00	2380.00		182.60	204.80	260.60	295.20	309.00	357.80	387.80	414.20	435.00	455.00	480.40	497.60	536.20	573.40	623.00	742.80	923.00	1084.00	1266.00	
03500000	0205	19450205	20150205	71	546.77	362.86	172.00	2100.00		178.00	221.60	259.60	295.60	324.00	344.80	362.60	401.00	413.20	442.00	467.40	498.00	557.00	582.40	626.00	775.60	876.20	996.00	1320.00	
03500000	0206	19450206	20150206	71	543.11	315.59	166.00	1810.00		183.20	227.00	272.40	293.40	331.00	352.20	383.80	401.60	420.20	435.00	458.60	513.00	540.00	640.80	719.00	802.00	873.80	951.60	1200.00	
03500000	0207	19450207	20150207	71	539.51	318.61	155.00	2200.00		191.80	232.40	257.20	312.80	351.00	381.00	397.20	415.40	426.20	461.00	476.00	510.80	533.40	600.80	728.00	769.80	822.60	935.80	1072.00	
03500000	0208	19450208	20150208	71	481.20	214.75	155.00	1040.00		178.20	231.00	257.60	306.60	338.00	351.60	374.00	390.00	397.40	410.00	443.60	476.20	525.00	588.00	629.00	699.80	751.20	826.00	894.80	
03500000	0209	19450209	20150209	71	458.80	200.20	146.00	962.00		173.00	238.00	244.60	297.60	314.00	335.80	354.60	361.40	374.40	408.00	413.60	452.40	521.60	562.80	597.00	638.40	706.60	804.40	826.40	
03500000	0210	19450210	20150210	71	493.46	349.46	163.00	2580.00		200.40	239.40	267.80	283.80	312.00	329.00	344.20	351.20	374.40	394.00	417.40	454.20	502.40	547.20	586.00	658.20	705.60	754.00	944.80	
03500000	0211	19450211	20150211	71	531.49	401.33	176.00	2780.00		186.20	239.00	265.40	300.40	315.00	333.00	345.20	379.60	406.60	441.00	451.60	470.00	493.60	555.20	584.00	672.00	716.40	826.80	1440.00	
03500000	0212	19450212	20150212	71	498.20	266.94	163.00	1400.00		201.80	255.60	277.60	294.80	312.00	331.60	341.60	375.60	396.80	404.00	434.60	481.60	542.60	573.80	620.00	662.00	702.80	809.60	1194.00	
03500000	0213	19450213	20150213	71	549.49	478.85	155.00	3840.00		206.00	255.20	280.40	308.60	322.00	337.40	351.60	382.20	399.00	427.00	490.60	515.20	549.20	596.80	634.00	678.40	715.40	828.80	1236.00	
03500000	0214	19450214	20150214	71	552.59	479.41	155.00	3270.00		213.80	250.00	271.60	309.00	312.00	327.40	343.80	377.60	412.40	462.00	491.00	516.00	540.60	559.40	596.00	645.00	695.20	836.80	1472.00	
03500000	0215	19450215	20150215	71	489.37	265.25	176.00	1600.00		207.00	247.80	282.80	300.00	305.00	327.60	343.40	389.20	413.20	459.00	481.00	489.60	497.80	517.00	560.00	593.00	667.00	749.40	1190.00	
03500000	0216	19450216	20150216	71	571.85	604.52	167.00	4770.00		212.40	241.40	260.60	290.00	306.00	325.40	357.40	384.20	423.00	450.00	458.00	508.40	522.80	553.40	584.00	699.20	732.00	873.20	1388.00	
03500000	0217	19450217	20150217	71	583.49	556.80	176.00	3810.00		246.60	263.20	277.60	304.00	343.00	363.60	387.20	407.80	414.80	450.00	461.20	490.00	504.20	540.20	554.00	674.40	763.20	870.00	1866.00	
03500000	0218	19450218	20150218	71	541.28	293.99	237.00	1680.00		255.40	284.00	294.00	319.40	335.00	380.80	397.60	414.80	431.80	463.00	473.00	501.40	546.00	593.40	642.00	717.20	751.20	897.20	1336.00	
03500000	0219	19450219	20150219	71	512.37	247.93	232.00	1570.00		252.80	275.60	299.00	315.20	339.00	366.00	386.80	410.20	421.60	443.00	461.80	493.20	521.00	580.20	620.00	647.80	714.80	867.20	1050.00	
03500000	0220	19450220	20150220	71	506.56	236.11	224.00	1350.00		248.40	259.00	298.60	320.40	338.00	345.80	367.00	399.20	416.60	450.00	467.20	486.80	535.00	564.60	605.00	676.80	751.20	883.80	1009.80	
03500000	0221	19450221	20150221	71	544.80	394.47	222.00	3230.00		237.20	264.60	281.80	303.60	327.00	362.80	401.00	410.00	444.80	456.00	479.20	522.40	551.60	586.80	610.00	714.80	764.00	825.20	1184.00	
03500000	0222	19450222	20150222	71	572.06	364.17	219.00	2570.00		240.00	260.60	277.80	300.40	352.00	384.40	391.80	418.20	435.00	485.00	528.00	575.60	615.60	661.00	695.00	745.00	788.20	897.00	1334.00	
03500000	0223	19450223	20150223	71	558.58	281.29	204.00	1480.00		236.60	251.20	295.20	333.60	370.00	384.20	394.20	419.80	449.80	521.00	535.20	545.00	591.00	616.00	680.00	756.40	832.80	962.00	1164.00	
03500000	0224	19450224	20150224	71	544.77	332.70	198.00	2240.00		225.80	252.80	292.40	326.00	349.00	369.20	379.40	407.80	467.00	486.00	501.40	523.40	554.00	579.60	615.00	636.80	702.00	893.00	1304.00	
03500000	0225	19450225	20150225	71	540.44	358.81	194.00	2490.00		230.80	259.60	296.20	332.00	339.00	360.60	373.20	407.80	440.20	457.00	487.20	491.00	510.40	566.00	597.00	635.40	729.80	865.20	1336.00	
03500000	0226	19450226	20150226	71	546.18	362.77	191.00	2520.00		223.60	255.40	300.80	319.80	335.00	352.40	394.20	418.20	435.40	453.00	461.60	501.40	542.80	577.40	604.00	674.00	729.00	943.80	1394.00	
03500000	0227	19450227	20150227	71	514.20	237.03	212.00	1270.00		220.20	253.80	280.80	319.40	330.00	368.60	402.20	421.80	430.40	441.00	464.60	509.40	545.60	602.80	628.00	689.60	830.20	909.80	978.20	
03500000	0228	19450228	20150228	71	552.06	309.44	204.00	1730.00		239.20	252.40	279.60	316.40	325.00	361.60	386.40	412.60	444.80	470.00	491.00	555.60	582.80	613.80	665.00	745.60	814.40	860.80	1328.00	
03500000	0229	19480229	20120229	17	419.29	162.42	225.00	863.00			243.40	252.90	280.80	298.00	317.20	346.00	351.40	375.70	400.00	410.80	417.60	433.00	440.20	500.50	570.00	595.50	668.60		
03500000	0301	19450301	20150301	71	530.56	312.14	192.00	2180.00		233.80	280.60	301.40	315.60	345.00	364.60	388.00	408.00	426.40	446.00	491.60	519.80	536.40	558.40	620.00	701.80	746.80	857.40	1030.40	
03500000	0302	19450302	20150302	71	517.42	239.19	185.00	1330.00		242.60	277.60	298.20	317.20	348.00	360.20	381.60	401.00	416.20	458.00	505.40	527.40	570.20	596.60	627.00	655.60	726.80	892.60	1094.00	
03500000	0303	19450303	20150303	71	517.37	223.48	183.00	1320.00		234.80	267.60	292.80	307.80	331.00	380.00	391.00	432.20	470.80	499.00	524.00	543.80	577.20	607.20	631.00	661.20	691.60	817.40	1022.80	
03500000	0304	19450304	20150304	71	574.59	477.24	178.00	3880.00		233.00	270.40	293.60	339.20	351.00	373.40	400.40	420.00	477.00	491.00	501.80	550.00	568.40	573.40	620.00	670.00	758.60	856.60	1228.00	
03500000	0305	19450305	20150305	71	599.34	627.98	174.00	5250.00		248.20	281.40	308.40	346.20	360.00	386.60	401.40	418.60	452.80	470.00	483.20	507.00	559.20	594.80	613.00	652.40	733.00	879.00	1496.00	
03500000	0306	19450306	20150306	71	594.65	371.53	173.00	2190.00		236.00	290.00	316.40	353.80	372.00	391.60	424.00	453.80	468.40	493.00	527.60	563.80	590.60	637.00	663.00	765.80	845.60	973.20	1450.00	
03500000	0307	19450307	20150307	71	573.59	315.07	168.00	1710.00		227.60	275.20	290.80	346.40	364.00	383.00	418.20	460.40	474.00	505.00	531.60	558.00	595.00	624.80	670.00	740.00	778.60	914.80	1410.00	
03500000	0308	19450308	20150308	71	578.04	306.48	164.00	1650.00		220.20	263.20	282.80	332.80	355.00	388.60	448.80	486.80	504.80	522.00	538.60	570.80	590.80	621.60	653.00	718.40	860.20	1058.00	1304.00	
03500000	0309	19450309	20150309	71	561.73	335.54	163.00	2060.00		231.20	257.20	282.20	334.40	359.00	408.80	450.40	464.40	488.80	504.00	510.00	515.20	535.20	557.40	604.00	639.80	751.60	1001.40	1434.00	
03500000	0310	19450310	20150310	71	529.52	260.63	165.00	1700.00		227.20	273.40	311.20	335.20	373.00	386.80	422.80	443.80	468.40	478.00	484.40	499.80	553.80	571.00	595.00	693.40	735.40	846.80	1056.00	
03500000	0311	19450311	20150311	71	547.65	478.87	185.00	4160.00		233.60	264.20	309.80	320.40	346.00	380.60	402.00	434.60	449.00	462.00	478.00	509.00	530.20	553.20	610.00	661.00	706.40	773.60	976.80	
03500000	0312	19450312	20150312	71	551.82	336.46	174.00	2250.00		235.20	275.40	309.60	326.20	361.00	380.80	416.60	433.60	456.00	463.00	486.40	535.00	548.60	579.00	590.00	659.00	839.80	893.20	1114.00	
03500000	0313	19450313	20150313	71	640.08	580.77	193.00	3360.00		255.60	305.20	322.40	336.40	374.00	406.80	434.80	447.80	455.80	471.00	509.20	533.80	549.40	595.20	629.00	741.20	791.20	817.20	2298.00	
03500000	0314	19450314	20150314	71	613.30	468.25	210.00	2610.00		266.60	302.20	308.60	315.40	379.00	413.00	425.00	426.80	453.80	473.00	501.20	520.40	555.20	611.60	690.00	724.20	782.80	947.60	1936.00	
03500000	0315	19450315	20150315	71	571.00	353.32	200.00	2260.00		268.00	284.20	310.80	337.80	391.00	407.60	416.40	441.00	460.60	486.00	495.60	520.20	540.80	576.80	626.00	663.40	747.00	961.60	1532.00	
03500000	0316	19450316	20150316	71	568.31	312.44	207.00	1810.00		263.40	297.00	338.80	373.60	385.00	394.60	419.60	433.40	438.40	465.00	499.40	527.60	557.60	599.20	667.00	690.00	821.40	947.20	1282.00	
03500000	0317	19450317	20150317	71	605.39	603.72	196.00	4530.00		258.40	290.20	322.60	359.20	377.00	385.20	404.20	421.60	442.40	465.00	487.80	495.80	514.00	556.00	643.00	690.00	761.20	869.20	1228.00	
03500000	0318	19450318	20150318	71	550.79	371.02	193.00	2620.00		254.20	296.60	332.80	344.80	369.00	382.80	394.60	419.00	436.60	450.00	471.20	500.20	531.60	589.60	618.00	666.00	716.00	781.00	1292.00	
03500000	0319	19450319	20150319	71	540.83	254.84	193.00	1510.00		258.80	307.40	320.00	337.40	369.00	388.80	404.60	427.40	465.20	477.00	504.40	525.00	554.80	596.60	640.00	672.00	741.60	947.60	1098.00	
03500000	0320	19450320	20150320	71	548.00	255.17	182.00	1370.00		253.80	298.40	321.00	347.40	369.00	401.20	418.00	434.00	458.20	478.00	497.60	537.20	563.80	585.00	670.00	698.00	854.80	932.60	1104.00	
03500000	0321	19450321	20150321	71	573.48	350.56	179.00	2740.00		246.40	316.00	320.60	353.00	372.00	399.80	429.40	442.20	465.00	480.00	519.00	549.80	596.00	645.00	680.00	763.00	814.60	841.40	1038.40	
03500000	0322	19450322	20150322	71	553.70	279.29	197.00	1780.00		257.20	307.40	319.00	342.00	374.00	416.00	425.00	439.80	458.20	488.00	519.80	558.20	577.60	597.40	625.00	720.60	762.00	823.40	1198.00	
03500000	0323	19450323	20150323	71	586.70	481.75	214.00	4070.00		271.20	299.60	310.00	344.00	378.00	394.40	403.00	433.00	475.60	494.00	515.20	536.60	578.60	601.20	657.00	689.20	782.00	975.20	1144.00	
03500000	0324	19450324	20150324	71	586.97	422.03	195.00	2630.00		259.00	284.40	300.40	344.80	366.00	398.40	423.80	438.00	464.00	497.00	508.40	542.20	555.40	564.00	640.00	655.20	747.40	889.20	1710.00	
03500000	0325	19450325	20150325	71	534.85	268.91	182.00	1680.00		262.20	279.20	288.60	332.00	365.00	396.40	416.40	444.40	461.20	481.00	498.20	525.40	539.00	586.40	616.00	635.00	726.40	818.60	1236.00	
03500000	0326	19450326	20150326	71	541.07	292.82	176.00	2120.00		264.60	284.80	318.40	335.00	378.00	403.80	419.20	437.40	455.80	480.00	493.20	507.40	525.00	575.80	588.00	664.60	721.20	868.60	1120.00	
03500000	0327	19450327	20150327	71	580.21	351.65	172.00	1850.00		245.00	272.60	306.60	349.40	378.00	407.00	423.40	435.00	454.00	478.00	508.20	540.40	550.60	583.20	625.00	727.00	824.40	1086.20	1542.00	
03500000	0328	19450328	20150328	71	606.01	446.71	168.00	3470.00		234.60	267.00	308.80	360.20	383.00	408.80	422.20	435.20	449.00	465.00	494.60	541.40	573.60	668.40	720.00	791.20	852.40	1080.00	1278.00	
03500000	0329	19450329	20150329	71	615.06	377.86	166.00	2270.00		229.20	262.40	327.20	362.60	383.00	393.60	410.40	415.80	440.80	468.00	538.20	606.40	657.20	713.80	751.00	850.40	932.40	1066.00	1460.00	
03500000	0330	19450330	20150330	71	666.79	496.76	214.00	2790.00		240.00	293.80	341.80	366.00	378.00	393.20	408.00	446.80	480.00	514.00	553.00	596.40	634.20	717.80	757.00	835.20	916.00	1194.00	1904.00	
03500000	0331	19450331	20150331	71	624.87	367.61	210.00	2030.00		240.20	301.00	336.40	353.80	371.00	384.80	401.60	423.60	478.80	526.00	558.40	626.80	675.60	718.60	758.00	822.60	941.80	1056.00	1644.00	
03500000	0401	19440401	20150401	72	614.50	377.87	208.00	2680.00		259.45	303.30	321.80	345.60	358.50	372.30	401.55	449.40	491.65	525.00	566.15	597.40	636.25	679.70	707.50	872.00	940.25	1076.10	1213.50	
03500000	0402	19440402	20150402	72	565.49	247.44	203.00	1360.00		248.05	295.80	327.95	339.00	351.50	365.80	429.70	446.20	470.50	501.50	566.60	608.40	628.15	702.00	770.25	815.20	842.70	896.30	1027.50	
03500000	0403	19440403	20150403	72	576.65	284.94	199.00	1620.00		255.30	291.20	318.85	332.40	347.00	379.80	419.30	430.20	479.60	539.00	580.10	644.00	650.00	690.90	710.00	738.00	786.85	862.40	1207.50	
03500000	0404	19440404	20150404	72	611.85	423.89	195.00	3070.00		275.80	305.70	328.85	341.80	375.50	399.00	411.85	423.20	485.95	528.00	552.40	595.00	615.70	643.60	677.50	719.20	789.05	918.40	1548.00	
03500000	0405	19440405	20150405	72	653.03	545.05	190.00	3300.00		258.40	294.40	312.85	339.60	352.00	384.80	401.10	455.80	485.80	515.50	525.00	571.00	598.65	639.20	699.00	771.60	872.20	1114.00	1931.50	
03500000	0406	19440406	20150406	72	619.11	346.15	187.00	2110.00		264.40	292.30	321.75	345.00	376.00	400.50	439.00	454.40	486.50	546.50	575.00	585.00	676.30	708.00	743.25	812.80	925.35	1034.00	1331.00	
03500000	0407	19440407	20150407	72	599.69	312.23	186.00	2140.00		256.50	294.20	315.00	345.00	378.00	388.60	415.75	450.40	524.00	541.00	603.45	643.00	665.05	686.10	714.00	802.00	855.65	967.20	1181.50	
03500000	0408	19440408	20150408	72	587.26	368.93	198.00	2940.00		261.80	287.10	311.85	326.80	353.00	383.70	411.05	431.60	497.70	528.00	556.60	604.00	629.10	655.90	694.25	736.80	867.15	978.00	1110.00	
03500000	0409	19440409	20150409	72	573.85	306.19	209.00	1770.00		253.90	285.30	300.50	324.40	346.00	375.60	402.45	445.20	485.65	515.50	550.05	565.80	595.35	644.90	705.25	760.80	811.80	966.10	1250.50	
03500000	0410	19440410	20150410	72	543.19	291.29	181.00	2010.00		244.95	274.10	291.50	313.60	352.00	367.00	388.70	425.00	459.95	483.50	525.90	553.00	580.25	617.20	665.00	705.60	749.55	886.30	1075.40	
03500000	0411	19440411	20150411	72	525.60	228.88	175.00	1330.00		239.30	261.20	296.70	316.80	359.00	377.70	395.30	422.80	457.25	497.50	523.45	555.00	582.70	615.50	661.00	702.40	744.85	812.40	980.70	
03500000	0412	19440412	20150412	72	559.85	276.56	174.00	1620.00		242.10	264.60	296.45	332.60	359.00	389.50	409.20	439.00	466.45	520.50	553.00	566.40	599.45	640.90	672.50	758.40	820.40	937.40	1074.00	
03500000	0413	19440413	20150413	72	592.35	351.47	170.00	2150.00		240.90	278.60	303.90	322.80	365.00	382.70	410.30	429.60	444.65	490.00	525.50	548.00	610.00	682.20	724.75	755.20	900.20	1082.00	1300.50	
03500000	0414	19440414	20150414	72	578.21	394.67	166.00	2510.00		236.45	272.90	293.00	336.00	354.50	376.80	402.25	419.60	465.85	490.50	506.90	531.60	584.35	630.10	665.75	692.80	755.65	969.40	1288.00	
03500000	0415	19440415	20150415	72	553.72	268.55	165.00	1630.00		247.15	277.30	324.15	348.40	355.50	392.00	405.00	463.60	479.90	498.00	512.05	558.20	581.45	613.70	660.00	718.40	811.80	909.20	1060.00	
03500000	0416	19440416	20150416	72	594.86	443.15	162.00	3000.00		239.45	272.20	303.90	336.20	355.00	377.80	407.55	437.20	469.65	492.00	529.35	546.20	572.90	600.60	665.00	714.00	779.90	969.30	1495.50	
03500000	0417	19440417	20150417	72	547.26	294.92	159.00	1620.00		226.65	269.90	294.25	332.40	341.25	369.60	387.00	422.60	445.70	464.50	516.30	552.00	567.25	612.00	640.00	713.00	791.15	973.60	1177.50	
03500000	0418	19440418	20150418	72	513.11	218.84	158.00	1120.00		235.55	267.90	307.15	331.00	335.00	364.20	379.10	425.40	449.55	476.00	499.10	543.40	569.35	595.00	618.00	659.20	713.60	818.30	1019.30	
03500000	0419	19440419	20150419	72	510.32	221.13	156.00	1220.00		231.05	275.80	298.55	322.00	333.25	365.10	380.95	410.80	446.60	469.00	507.35	530.00	547.70	563.30	614.75	697.60	749.35	849.60	958.85	
03500000	0420	19440420	20150420	72	501.11	231.99	157.00	1620.00		229.90	272.60	300.20	315.40	346.00	367.80	372.00	416.00	437.20	464.50	489.65	511.40	521.90	539.70	591.00	666.40	710.50	831.00	920.65	
03500000	0421	19440421	20150421	72	473.12	171.06	202.00	966.00		232.95	264.30	301.50	311.20	339.00	348.90	373.65	408.80	436.55	454.50	489.15	498.80	507.80	543.50	609.75	636.00	675.25	698.80	784.50	
03500000	0422	19440422	20150422	72	466.36	157.21	167.00	890.00		225.70	260.30	289.60	316.40	330.50	361.20	380.60	421.20	442.40	475.00	483.75	505.80	532.25	550.30	587.75	615.00	635.35	675.90	732.10	
03500000	0423	19440423	20150423	72	457.46	158.33	156.00	899.00		227.95	256.80	289.30	306.40	328.50	358.10	383.40	411.40	427.00	453.00	470.30	476.40	490.65	510.50	577.25	600.00	629.00	696.40	734.10	
03500000	0424	19440424	20150424	72	447.29	154.93	151.00	949.00		234.40	263.70	291.55	315.20	326.25	364.40	386.95	399.80	421.70	442.50	460.60	468.00	475.45	484.20	539.00	554.00	576.95	646.70	735.65	
03500000	0425	19440425	20150425	72	456.90	191.80	150.00	1380.00		231.15	251.20	292.60	302.80	326.75	350.00	367.60	396.00	409.25	420.00	448.15	458.40	477.55	525.20	541.75	565.80	622.80	702.10	783.90	
03500000	0426	19440426	20150426	72	456.74	169.48	148.00	1100.00		223.95	251.80	283.85	309.40	339.50	366.50	383.55	401.20	414.55	439.00	453.00	468.20	494.00	519.10	537.25	595.00	633.35	691.90	767.05	
03500000	0427	19440427	20150427	72	461.32	204.23	152.00	1460.00		223.75	254.10	275.95	289.40	324.00	353.70	371.10	384.60	412.75	443.00	460.35	475.80	494.90	508.30	545.75	576.00	631.60	697.30	761.20	
03500000	0428	19440428	20150428	72	477.58	238.31	145.00	1310.00		213.40	265.10	277.80	304.60	325.25	356.00	368.85	389.80	411.70	423.50	427.60	455.80	484.25	500.40	569.25	605.20	649.05	718.40	1115.50	
03500000	0429	19440429	20150429	72	483.76	255.65	151.00	1640.00		208.45	255.60	273.90	298.40	327.00	348.50	362.00	369.80	410.70	424.00	434.15	448.60	499.05	537.20	583.75	621.60	655.35	781.40	1107.50	
03500000	0430	19440430	20150430	72	496.46	290.57	140.00	1770.00		204.20	244.30	269.60	302.00	327.00	338.00	354.10	374.00	402.85	420.00	441.45	468.40	502.80	519.20	583.50	653.60	702.35	817.60	1292.50	
03500000	0501	19440501	20150501	72	469.12	246.99	136.00	1590.00		202.65	237.20	274.00	303.00	323.00	342.00	352.75	383.00	408.25	412.50	429.25	456.20	474.90	504.20	522.00	585.20	618.75	715.20	1076.00	
03500000	0502	19440502	20150502	72	441.61	189.14	132.00	1130.00		193.70	235.70	291.85	298.00	321.50	335.70	349.50	370.40	397.90	405.00	426.30	430.00	459.00	480.70	526.75	563.20	598.30	660.70	885.80	
03500000	0503	19440503	20150503	72	459.75	239.10	126.00	1400.00		193.90	238.10	283.60	303.20	326.50	341.80	357.30	362.80	388.70	402.00	412.80	441.80	457.25	488.40	517.50	539.20	599.70	801.90	969.05	
03500000	0504	19440504	20150504	72	474.76	245.49	125.00	1400.00		194.75	225.30	283.00	306.20	332.00	334.00	350.30	373.20	393.85	410.50	451.15	462.00	482.00	519.70	568.00	606.40	677.05	741.80	1019.80	
03500000	0505	19440505	20150505	72	454.25	232.18	124.00	1640.00		195.30	242.10	276.70	306.40	322.00	327.80	343.00	370.80	380.85	390.50	423.45	436.20	461.65	500.70	527.25	573.20	638.65	697.60	961.90	
03500000	0506	19440506	20150506	72	467.99	301.45	123.00	2050.00		191.40	237.10	275.85	296.40	311.25	317.80	321.10	344.60	371.70	383.00	408.05	430.80	452.35	484.30	517.00	601.40	651.65	784.70	1000.80	
03500000	0507	19440507	20150507	72	465.31	298.80	126.00	2270.00		196.85	220.40	280.25	302.60	306.00	308.90	322.75	353.00	375.95	386.00	401.75	420.60	460.50	502.00	563.25	594.20	620.50	752.00	1021.30	
03500000	0508	19440508	20150508	72	467.36	285.10	147.00	1760.00		191.25	230.60	273.05	299.20	305.25	321.70	353.10	373.20	379.55	388.50	405.45	444.20	478.75	503.80	524.00	560.00	610.05	669.20	1250.00	
03500000	0509	19440509	20150509	72	432.33	211.12	123.00	1290.00		187.10	236.20	273.00	291.60	297.00	309.50	340.05	356.20	370.00	388.00	402.20	419.40	457.30	474.60	503.00	541.00	586.00	634.40	910.50	
03500000	0510	19440510	20150510	72	420.64	187.14	121.00	987.00		184.90	222.80	277.95	289.80	296.75	324.30	342.75	360.40	368.95	378.50	382.60	399.40	422.05	444.10	471.00	548.40	576.00	730.50	898.10	
03500000	0511	19440511	20150511	72	406.32	165.86	120.00	898.00		199.20	249.50	279.40	287.80	293.25	304.60	325.85	348.40	372.55	377.00	382.30	392.40	410.00	423.20	459.00	498.80	538.50	672.50	821.15	
03500000	0512	19440512	20150512	72	402.39	205.67	118.00	1610.00		191.60	236.00	258.80	279.00	282.00	301.50	312.55	344.20	362.85	366.00	370.00	379.80	390.00	407.60	430.25	509.00	536.05	677.00	735.40	
03500000	0513	19440513	20150513	72	399.76	171.65	117.00	1200.00		183.25	226.50	270.85	285.60	292.75	322.50	338.85	350.40	357.55	363.50	370.60	383.20	399.35	418.20	441.25	491.80	545.45	657.00	711.40	
03500000	0514	19440514	20150514	72	403.97	171.70	129.00	1230.00		177.50	217.80	267.75	281.40	304.25	319.70	335.75	341.20	347.00	360.50	369.15	399.40	431.00	444.10	480.00	535.00	576.95	609.90	710.40	
03500000	0515	19440515	20150515	72	432.65	410.63	119.00	3660.00		184.45	224.40	257.00	271.60	300.00	314.70	325.60	334.20	345.00	357.00	378.60	391.40	410.35	420.30	467.50	530.60	550.60	626.80	705.20	
03500000	0516	19440516	20150516	72	419.22	306.80	116.00	2630.00		181.15	236.10	256.85	272.20	279.75	299.70	317.85	332.60	345.65	355.50	370.60	379.40	392.15	430.70	474.75	537.80	581.10	615.40	703.30	
03500000	0517	19440517	20150517	72	395.78	197.80	115.00	1220.00		174.30	233.20	253.50	262.00	273.00	300.00	313.20	323.00	331.70	348.50	363.15	370.00	401.45	443.10	470.50	499.40	545.10	595.60	804.15	
03500000	0518	19440518	20150518	72	385.86	184.93	128.00	1180.00		168.90	223.60	247.40	252.60	284.00	301.90	307.55	318.60	321.85	335.50	352.45	363.80	378.90	410.30	435.50	474.80	545.20	648.10	787.55	
03500000	0519	19440519	20150519	72	375.61	172.99	124.00	1150.00		167.50	224.60	241.80	255.80	283.00	297.80	306.00	312.20	318.55	324.00	331.75	348.40	367.45	386.50	424.75	478.40	550.45	591.80	769.40	
03500000	0520	19440520	20150520	72	379.58	174.86	141.00	1180.00		184.25	229.20	241.75	262.00	278.25	291.90	298.55	302.20	315.85	325.00	345.60	352.00	373.15	407.20	446.25	487.00	515.70	616.70	688.00	
03500000	0521	19440521	20150521	72	377.33	182.65	143.00	1210.00		166.25	222.30	235.90	256.80	268.50	287.80	292.00	295.20	306.55	320.00	331.45	339.40	373.60	400.20	429.25	504.60	538.70	628.20	739.10	
03500000	0522	19440522	20150522	72	380.90	224.34	141.00	1510.00		157.60	210.20	225.00	246.00	261.75	278.30	281.00	286.40	295.85	310.50	322.45	358.00	378.55	404.40	439.50	516.60	544.90	579.10	727.75	
03500000	0523	19440523	20150523	72	395.72	341.16	131.00	2820.00		166.85	209.40	218.95	239.80	257.00	267.90	276.55	279.60	285.85	300.00	315.05	347.80	378.80	388.40	409.00	460.20	535.50	624.30	863.15	
03500000	0524	19440524	20150524	72	368.65	239.74	127.00	1740.00		157.10	203.10	227.60	233.40	255.25	261.90	273.10	275.40	296.50	310.00	325.75	333.60	347.20	367.10	387.00	408.60	500.05	616.80	851.20	
03500000	0525	19440525	20150525	72	354.31	173.68	123.00	1160.00		170.95	202.30	223.60	237.20	252.75	257.00	266.95	275.80	286.55	301.00	323.00	348.40	374.80	383.10	402.75	441.80	493.65	565.50	715.85	
03500000	0526	19440526	20150526	72	364.81	180.39	144.00	1060.00		177.60	194.60	220.50	240.20	258.00	264.90	276.85	285.40	289.70	312.50	323.40	345.00	357.90	387.10	402.00	491.60	523.00	628.40	790.90	
03500000	0527	19440527	20150527	72	403.93	262.42	141.00	1590.00		174.20	195.60	226.90	250.40	262.25	279.80	287.10	295.80	311.70	328.00	335.50	355.00	368.90	390.20	457.25	520.60	559.70	711.80	982.15	
03500000	0528	19440528	20150528	72	438.60	532.35	136.00	4500.00		165.80	194.30	230.85	253.80	264.50	269.70	273.55	280.20	287.00	311.00	334.15	343.80	359.20	380.60	410.75	519.00	575.35	707.20	1073.50	
03500000	0529	19440529	20150529	72	459.69	775.31	133.00	6450.00		177.40	206.60	229.90	243.20	252.25	260.80	267.85	275.80	287.70	301.50	310.75	330.60	349.50	366.40	396.50	480.00	543.90	640.60	803.60	
03500000	0530	19440530	20150530	72	374.01	304.63	131.00	2540.00		166.70	195.00	220.90	236.80	253.50	257.00	271.55	283.40	297.40	301.00	317.75	328.40	341.45	355.80	389.50	477.60	506.30	569.40	681.15	
03500000	0531	19440531	20150531	72	364.21	222.06	129.00	1500.00		153.40	182.70	221.80	230.60	248.25	256.70	262.10	267.60	285.55	290.00	316.15	321.00	333.80	373.50	427.50	478.00	535.65	613.50	815.30	
03500000	0601	19440601	20150601	72	374.43	250.88	131.00	1730.00		159.00	193.20	227.95	238.60	246.50	251.80	259.75	274.40	280.00	291.50	300.60	309.40	342.25	418.80	443.00	451.40	495.90	593.50	919.65	
03500000	0602	19440602	20150602	72	357.24	196.62	130.00	1090.00		161.30	191.60	220.50	225.80	239.50	243.90	249.20	263.60	270.85	285.50	310.00	340.00	347.00	377.70	420.50	470.00	503.85	596.90	838.75	
03500000	0603	19440603	20150603	72	362.49	209.05	124.00	1160.00		154.45	188.90	202.80	228.00	233.50	237.80	259.00	264.00	272.85	284.00	308.60	322.80	390.15	401.30	435.00	454.60	492.30	645.00	883.75	
03500000	0604	19440604	20150604	72	411.93	479.95	124.00	3940.00		150.20	177.60	194.85	224.60	230.25	237.70	244.00	250.00	262.95	298.50	304.05	323.40	369.45	386.20	423.00	478.20	539.65	708.00	1034.35	
03500000	0605	19440605	20150605	72	406.47	368.15	121.00	2790.00		147.90	179.30	207.25	221.00	229.25	237.70	254.30	270.40	282.70	293.50	310.75	346.40	367.95	408.00	435.75	502.80	569.55	790.60	1010.75	
03500000	0606	19440606	20150606	72	368.06	232.51	117.00	1310.00		143.50	160.70	203.70	216.80	222.00	228.70	245.30	262.40	283.85	289.50	308.95	335.40	366.15	400.30	410.75	481.80	594.35	684.70	919.20	
03500000	0607	19440607	20150607	72	354.15	225.15	113.00	1310.00		144.35	168.80	207.90	217.60	229.75	243.40	245.00	258.40	266.70	279.00	312.75	330.80	346.40	384.40	401.25	449.60	506.05	566.00	899.80	
03500000	0608	19440608	20150608	72	342.96	179.44	110.00	1080.00		141.05	170.20	200.85	215.60	226.75	235.40	252.20	266.20	278.55	299.50	311.15	352.20	364.25	387.20	408.50	449.60	475.10	547.60	762.35	
03500000	0609	19440609	20150609	72	355.24	235.09	108.00	1820.00		142.65	172.50	194.80	206.60	216.00	229.80	248.55	261.60	280.65	297.00	320.05	336.80	352.35	379.50	422.75	464.80	508.00	628.10	723.95	
03500000	0610	19440610	20150610	72	357.79	231.55	109.00	1350.00		138.65	159.20	196.40	201.20	210.25	222.40	242.85	257.40	285.10	310.00	314.90	336.40	364.80	383.00	401.50	444.40	532.05	642.30	809.40	
03500000	0611	19440611	20150611	72	338.22	191.22	105.00	1060.00		136.65	168.10	192.95	210.40	220.00	222.90	239.75	250.40	262.65	277.50	308.30	316.20	342.80	353.00	382.25	421.60	526.30	649.20	747.90	
03500000	0612	19440612	20150612	72	335.62	202.36	102.00	1350.00		137.65	166.50	191.60	199.00	214.00	221.50	237.65	254.20	273.35	283.00	294.30	325.40	334.00	342.60	378.25	422.00	463.25	613.40	744.60	
03500000	0613	19440613	20150613	72	347.79	288.43	99.00	2420.00		134.95	172.30	188.90	202.60	208.25	233.00	250.85	266.00	283.55	294.50	311.75	319.60	324.45	338.10	345.25	388.00	523.85	593.80	696.90	
03500000	0614	19440614	20150614	72	323.88	187.38	94.00	1310.00		138.90	155.30	183.85	192.00	209.50	230.70	242.30	253.20	262.70	270.00	309.15	313.80	323.05	342.20	359.50	402.00	466.90	537.30	688.60	
03500000	0615	19440615	20150615	72	335.28	217.16	92.00	1460.00		137.30	157.00	182.95	200.60	212.50	222.90	231.95	241.00	253.85	290.50	300.15	305.40	313.60	346.10	362.00	423.60	489.25	580.70	811.65	
03500000	0616	19440616	20150616	72	370.00	411.21	96.00	3400.00		128.30	161.60	174.75	198.80	202.00	216.30	238.00	248.40	270.80	276.50	292.90	300.00	335.35	352.00	377.75	428.60	479.35	589.50	909.45	
03500000	0617	19440617	20150617	72	360.62	381.58	104.00	3210.00		123.95	156.10	177.50	195.60	207.50	223.60	228.00	244.00	258.75	282.00	308.60	315.40	335.00	358.10	379.75	437.40	473.55	593.00	778.80	
03500000	0618	19440618	20150618	72	321.31	189.84	111.00	1320.00		119.00	158.90	182.60	192.80	202.00	215.90	237.85	243.60	257.95	269.00	285.30	292.80	319.60	343.50	392.25	437.80	472.35	574.50	653.05	
03500000	0619	19440619	20150619	72	299.68	150.44	108.00	886.00		118.30	159.30	177.00	192.00	207.50	212.00	218.65	231.20	240.10	262.50	284.75	293.00	299.45	320.50	351.25	395.60	439.40	528.80	611.55	
03500000	0620	19440620	20150620	72	313.96	196.11	111.00	1360.00		118.65	153.20	176.90	194.60	210.00	214.70	234.65	244.40	249.70	262.50	273.15	297.40	309.45	323.40	340.75	398.20	408.95	510.70	744.80	
03500000	0621	19440621	20150621	72	328.65	272.46	109.00	2040.00		117.55	151.30	165.95	188.00	201.25	203.80	217.55	234.00	239.40	262.50	276.30	289.60	304.80	328.30	368.25	399.80	451.25	573.10	777.45	
03500000	0622	19440622	20150622	72	303.50	191.09	105.00	1360.00		121.15	143.00	159.25	191.00	202.75	208.00	223.30	230.20	243.00	252.50	275.45	282.60	294.45	330.20	352.75	379.00	426.70	523.70	606.40	
03500000	0623	19440623	20150623	72	283.65	143.63	96.00	1070.00		125.20	151.00	169.90	177.40	195.25	206.30	215.40	235.80	246.40	260.50	271.15	278.60	295.95	314.30	344.25	355.40	389.30	433.10	546.60	
03500000	0624	19440624	20150624	72	276.65	140.92	91.00	956.00		117.20	141.60	158.35	174.80	192.00	198.80	213.95	233.40	241.40	248.00	252.30	261.80	289.15	306.30	330.25	360.40	386.60	444.80	528.95	
03500000	0625	19440625	20150625	72	283.00	136.41	106.00	775.00		119.85	142.20	153.95	184.60	192.00	212.10	222.55	232.20	240.55	244.50	258.15	280.00	296.70	315.80	340.75	363.80	391.60	470.90	597.90	
03500000	0626	19440626	20150626	72	295.29	145.45	101.00	678.00		122.70	137.70	169.60	182.80	199.25	215.40	227.20	232.40	240.85	254.50	272.00	287.60	305.80	326.50	355.25	372.40	446.55	494.60	671.75	
03500000	0627	19440627	20150627	72	292.29	151.23	96.00	855.00		123.30	134.80	163.90	178.20	182.75	211.00	222.55	232.60	238.70	259.50	265.90	281.20	289.45	300.10	363.75	402.80	445.30	495.10	600.40	
03500000	0628	19440628	20150628	72	285.67	139.67	89.00	782.00		114.55	140.60	165.80	172.00	182.75	202.20	215.10	226.60	236.40	252.00	259.75	283.00	299.50	326.30	354.50	357.40	435.85	495.30	581.80	
03500000	0629	19440629	20150629	72	285.76	158.43	85.00	1020.00		126.40	155.50	162.95	181.00	186.75	194.90	206.00	221.40	242.65	247.00	251.45	272.60	280.45	311.30	333.00	343.60	388.60	499.10	620.95	
03500000	0630	19440630	20150630	72	272.00	116.56	106.00	580.00		127.15	153.30	170.55	174.60	184.00	191.80	202.20	209.80	222.55	239.50	262.15	271.00	277.80	307.00	334.50	350.40	430.50	477.80	498.50	
03500000	0701	19440701	20150701	72	271.14	115.27	102.00	548.00		128.65	150.00	156.75	171.20	181.00	193.60	203.65	212.00	220.85	235.50	257.75	279.60	300.70	328.10	339.75	369.80	409.15	464.70	516.35	
03500000	0702	19440702	20150702	72	277.29	197.98	100.00	1730.00		135.80	150.60	159.90	174.00	181.25	188.90	196.10	205.80	224.70	244.00	262.30	268.00	290.70	310.60	318.75	337.20	379.15	411.70	468.85	
03500000	0703	19440703	20150703	72	273.88	178.76	97.00	1310.00		136.00	149.30	154.95	161.60	182.25	189.90	196.30	201.60	219.40	227.50	249.00	256.40	279.15	286.20	305.00	329.40	366.35	400.20	559.95	
03500000	0704	19440704	20150704	72	287.86	280.16	95.00	1900.00		130.75	142.60	149.00	164.80	178.00	184.00	189.10	198.20	212.55	234.50	246.45	260.80	271.80	288.10	291.25	295.40	324.65	402.10	589.35	
03500000	0705	19440705	20150705	72	288.08	306.66	96.00	2480.00		124.55	139.30	149.90	157.40	172.50	179.90	188.55	206.60	210.85	224.50	234.30	241.80	254.70	267.30	279.00	299.80	366.55	424.30	684.30	
03500000	0706	19440706	20150706	72	296.40	344.97	102.00	2710.00		124.25	137.20	143.95	158.00	168.75	176.90	199.65	209.40	217.00	224.50	236.15	243.60	251.70	268.30	282.00	317.60	363.45	449.80	597.05	
03500000	0707	19440707	20150707	72	310.78	368.11	97.00	2760.00		118.00	136.60	139.90	156.60	168.50	176.50	191.00	199.20	205.85	223.50	228.15	237.20	252.90	269.40	283.50	342.80	367.65	497.20	1003.15	
03500000	0708	19440708	20150708	72	292.40	260.22	92.00	1630.00		109.00	127.30	140.75	160.40	169.50	175.80	183.00	191.60	198.70	213.00	223.60	236.40	249.80	267.20	286.50	317.60	411.70	507.60	1012.30	
03500000	0709	19440709	20150709	72	278.56	236.58	90.00	1440.00		113.75	141.20	148.80	156.60	168.00	168.90	177.65	186.40	193.85	202.50	214.90	225.00	250.45	257.30	277.25	304.20	370.40	473.40	895.45	
03500000	0710	19440710	20150710	72	266.65	197.34	86.00	1270.00		116.00	140.80	154.70	159.80	166.50	170.90	173.55	186.40	191.70	204.00	215.00	226.00	239.00	250.30	267.75	293.60	360.25	513.20	734.05	
03500000	0711	19440711	20150711	72	277.35	226.53	86.00	1310.00		109.80	134.90	147.00	154.00	163.25	166.80	183.55	193.40	199.85	206.00	225.15	228.80	240.80	248.40	270.50	294.20	384.00	571.20	763.35	
03500000	0712	19440712	20150712	72	301.71	313.48	85.00	2220.00		115.45	132.80	142.00	152.60	157.25	159.00	173.65	190.80	200.55	213.50	216.60	230.80	244.65	266.30	275.50	314.20	376.30	662.90	986.40	
03500000	0713	19440713	20150713	72	283.53	238.01	81.00	1360.00		112.60	130.30	140.95	146.20	157.75	166.90	182.05	193.00	200.00	210.50	216.15	228.00	238.60	259.10	281.25	325.00	395.35	564.10	815.90	
03500000	0714	19440714	20150714	72	298.28	270.07	82.00	1800.00		117.95	132.60	142.00	151.80	157.00	165.80	178.55	189.20	196.85	209.00	213.15	224.80	249.70	269.10	317.75	327.40	482.75	620.10	913.25	
03500000	0715	19440715	20150715	72	296.62	238.14	83.00	1360.00		102.60	133.00	141.95	151.60	164.50	175.90	186.55	196.20	201.55	209.50	217.15	238.60	251.40	275.50	330.00	399.80	439.10	608.50	899.10	
03500000	0716	19440716	20150716	72	262.85	168.47	92.00	990.00		109.15	126.90	143.80	149.20	161.25	166.80	176.00	189.00	197.85	213.50	230.90	242.00	246.80	270.20	318.00	340.20	370.05	474.50	643.95	
03500000	0717	19440717	20150717	72	250.36	163.30	85.00	946.00		100.75	118.30	136.00	146.00	150.25	164.80	175.30	184.20	191.25	197.50	204.90	235.60	248.25	253.40	297.75	317.80	365.30	432.10	609.20	
03500000	0718	19440718	20150718	72	251.04	178.95	80.00	1190.00		95.75	119.10	133.90	138.60	145.25	159.50	172.20	178.40	193.25	197.50	209.30	225.40	248.40	290.60	302.00	322.80	344.05	379.40	654.65	
03500000	0719	19440719	20150719	72	252.54	185.95	77.00	1340.00		90.55	118.00	131.95	138.00	142.75	153.30	171.10	179.20	188.70	195.50	201.00	231.20	274.50	292.00	300.75	323.40	341.10	429.50	594.25	
03500000	0720	19440720	20150720	72	243.03	154.16	73.00	964.00		87.90	122.90	130.75	133.60	140.25	152.00	161.75	177.20	184.40	190.00	199.90	223.60	262.10	284.50	309.00	329.40	343.15	403.10	576.40	
03500000	0721	19440721	20150721	72	243.64	158.65	69.00	830.00		93.30	119.50	128.95	133.60	147.00	154.40	164.55	171.20	175.00	179.50	200.70	234.20	249.85	285.10	292.50	307.60	346.10	392.10	677.45	
03500000	0722	19440722	20150722	72	239.00	153.93	66.00	859.00		100.65	120.00	128.85	142.00	143.75	149.70	161.55	168.00	170.00	179.00	195.65	241.00	249.80	264.00	278.75	293.20	314.55	423.90	646.95	
03500000	0723	19440723	20150723	72	258.11	186.74	78.00	1170.00		102.65	119.40	129.95	136.80	148.25	159.40	163.00	170.20	181.25	208.50	223.00	231.80	239.45	265.20	291.75	312.00	345.30	557.70	662.90	
03500000	0724	19440724	20150724	72	247.86	177.47	79.00	1060.00		97.55	117.30	131.60	134.60	140.00	146.00	159.00	164.40	174.00	199.50	216.00	221.00	239.25	260.00	287.50	322.40	361.35	424.60	594.30	
03500000	0725	19440725	20150725	72	243.69	149.19	75.00	789.00		114.80	127.00	131.95	135.60	144.25	154.80	164.65	177.40	182.00	201.00	209.15	221.00	229.90	253.40	283.50	306.00	364.80	494.40	624.70	
03500000	0726	19440726	20150726	72	241.47	143.67	80.00	855.00		105.95	122.60	128.80	135.80	148.25	157.00	166.10	176.00	185.10	192.50	206.15	217.40	244.80	255.10	288.50	323.00	351.05	471.80	586.50	
03500000	0727	19440727	20150727	72	248.03	146.03	82.00	665.00		105.00	123.30	128.00	132.20	142.75	157.90	161.20	170.00	174.85	185.00	205.00	216.80	242.35	287.10	314.00	355.40	452.90	491.30	589.05	
03500000	0728	19440728	20150728	72	234.90	135.41	72.00	751.00		105.60	118.30	120.00	131.20	140.50	152.10	158.50	171.00	178.70	187.00	198.00	204.20	228.60	272.00	297.50	336.80	372.70	454.40	542.60	
03500000	0729	19440729	20150729	72	230.89	135.69	83.00	864.00		103.65	114.30	118.85	135.00	145.50	149.90	158.65	165.80	173.70	182.00	192.30	209.40	242.05	271.20	291.75	310.20	332.90	395.70	520.20	
03500000	0730	19440730	20150730	72	230.68	124.46	72.00	712.00		104.60	111.80	117.00	132.60	142.25	149.70	158.20	172.80	181.70	188.50	197.60	220.80	243.15	260.00	292.50	322.40	356.35	421.50	498.05	
03500000	0731	19440731	20150731	72	233.74	126.99	66.00	588.00		101.30	110.90	121.90	130.00	148.50	151.90	167.65	175.20	178.55	198.50	212.90	224.80	229.90	254.70	280.00	321.40	364.05	463.60	547.65	
03500000	0801	19440801	20150801	72	238.06	131.72	67.00	685.00		94.90	116.60	127.95	134.80	150.75	160.70	164.10	172.40	184.55	189.50	215.45	232.80	245.45	268.40	297.50	336.60	356.10	444.40	557.55	
03500000	0802	19440802	20150802	72	234.90	168.85	67.00	1260.00		92.15	110.90	122.70	133.80	149.00	153.90	157.65	164.20	177.00	181.50	195.45	204.00	222.65	254.80	279.50	298.20	358.80	418.90	517.50	
03500000	0803	19440803	20150803	72	246.71	209.47	65.00	1360.00		102.90	119.90	124.95	129.00	136.25	148.80	154.10	160.20	165.70	176.00	188.45	193.80	201.45	253.20	288.50	316.80	374.80	453.40	597.30	
03500000	0804	19440804	20150804	72	257.90	302.09	62.00	2440.00		98.25	111.70	124.85	128.80	138.25	147.60	153.55	160.40	168.70	174.00	183.30	192.40	229.00	241.50	272.50	322.80	359.85	428.90	606.45	
03500000	0805	19440805	20150805	72	231.58	170.77	61.00	1220.00		96.65	112.50	119.95	130.40	142.25	145.90	150.10	162.20	173.55	185.50	190.00	195.00	208.90	226.30	252.00	273.40	358.65	458.60	564.50	
03500000	0806	19440806	20150806	72	221.03	131.18	58.00	917.00		91.95	110.10	123.00	133.40	141.50	144.90	155.55	164.20	171.00	182.00	194.90	203.00	220.05	240.20	250.75	315.60	345.45	388.30	479.75	
03500000	0807	19440807	20150807	72	237.65	166.70	55.00	1130.00		88.60	106.50	125.95	129.60	141.75	149.80	159.10	170.40	179.00	186.50	203.90	215.80	229.15	240.60	287.50	305.00	361.55	407.40	580.40	
03500000	0808	19440808	20150808	72	246.64	216.70	62.00	1320.00		92.55	109.40	118.90	128.40	136.50	147.00	160.65	166.40	174.40	181.00	191.15	214.00	222.90	239.50	275.00	309.80	361.10	409.30	652.80	
03500000	0809	19440809	20150809	72	228.96	175.71	53.00	1210.00		84.65	99.30	115.00	121.00	136.50	145.80	153.30	160.80	168.00	177.50	189.60	202.80	228.15	248.30	264.25	291.20	335.75	373.60	525.90	
03500000	0810	19440810	20150810	72	230.54	202.71	52.00	1530.00		79.90	96.20	110.80	122.80	136.00	139.00	148.00	155.80	161.00	169.00	181.00	195.80	226.05	244.50	268.00	298.80	333.45	404.00	524.90	
03500000	0811	19440811	20150811	72	214.11	135.85	49.00	741.00		80.25	101.00	112.75	124.60	131.25	136.90	144.20	150.40	158.00	169.00	181.45	189.00	219.45	233.00	244.50	295.20	334.25	403.80	533.60	
03500000	0812	19440812	20150812	72	226.82	153.96	46.00	797.00		78.60	100.50	116.75	124.60	130.00	139.50	144.55	155.40	158.85	173.00	181.00	211.40	229.15	252.00	291.00	303.80	344.85	379.70	661.70	
03500000	0813	19440813	20150813	72	228.07	182.01	48.00	1380.00		72.30	101.60	109.95	119.20	127.50	134.70	142.00	149.40	158.00	177.00	194.00	213.40	228.30	251.10	274.00	323.00	336.20	403.50	529.90	
03500000	0814	19440814	20150814	72	218.71	147.15	54.00	999.00		71.60	98.50	116.90	121.20	126.50	135.90	140.00	152.40	157.55	168.00	188.50	205.80	225.75	267.10	289.50	300.20	323.00	357.80	520.00	
03500000	0815	19440815	20150815	72	209.88	118.18	53.00	626.00		78.85	98.50	112.65	121.20	130.50	138.90	146.55	154.40	162.25	172.50	186.15	200.00	210.05	239.80	273.25	298.00	334.50	373.40	443.05	
03500000	0816	19440816	20150816	72	219.51	151.75	47.00	981.00		82.90	102.40	111.00	120.00	129.75	136.90	144.00	155.20	160.40	173.00	186.45	195.60	206.60	216.20	256.00	294.40	341.10	427.10	517.45	
03500000	0817	19440817	20150817	72	268.83	426.62	57.00	3560.00		80.90	99.30	109.00	121.60	128.25	134.90	140.55	144.20	149.85	162.50	184.20	192.00	199.90	251.00	269.25	304.80	388.20	468.90	680.10	
03500000	0818	19440818	20150818	72	241.60	273.72	55.00	2180.00		83.95	94.00	103.90	119.60	125.75	133.90	136.55	142.80	146.85	166.00	176.15	189.20	211.45	236.40	255.50	277.00	346.60	513.30	613.05	
03500000	0819	19440819	20150819	72	222.44	161.23	50.00	998.00		81.95	96.60	110.55	120.40	131.25	137.90	142.55	147.60	167.85	182.00	185.00	190.60	209.35	227.30	244.50	260.00	371.25	413.70	605.45	
03500000	0820	19440820	20150820	72	212.36	137.51	47.00	795.00		84.50	100.00	112.90	119.40	130.00	132.80	141.30	156.40	166.85	177.00	184.30	199.60	208.90	233.00	250.50	279.00	299.10	352.20	497.80	
03500000	0821	19440821	20150821	72	207.65	124.84	41.00	789.00		86.65	98.10	108.90	120.20	128.25	136.60	142.55	153.40	156.85	169.00	178.15	192.60	217.20	238.30	251.25	275.60	310.00	337.30	487.85	
03500000	0822	19440822	20150822	72	225.21	162.17	37.00	725.00		80.30	91.50	108.70	120.60	125.50	134.00	139.10	146.60	156.55	167.50	180.15	194.60	216.15	227.50	246.25	302.20	376.15	450.80	717.35	
03500000	0823	19440823	20150823	72	234.28	230.51	37.00	1590.00		78.20	88.90	102.85	115.00	120.00	130.70	141.10	149.20	150.85	156.50	172.15	191.60	206.90	215.10	238.00	271.20	326.55	499.00	710.45	
03500000	0824	19440824	20150824	72	233.94	295.36	37.00	2430.00		75.95	89.90	104.85	117.40	126.00	128.90	135.10	144.00	156.55	162.50	169.50	181.80	202.70	215.30	226.50	249.00	324.75	452.70	616.25	
03500000	0825	19440825	20150825	72	230.99	264.70	62.00	2200.00		81.85	98.00	111.85	120.00	124.00	127.90	132.00	147.20	150.85	159.50	166.90	175.80	198.80	214.60	235.75	313.20	351.35	434.00	509.90	
03500000	0826	19440826	20150826	72	231.25	213.04	59.00	1360.00		79.85	97.30	109.85	117.20	121.25	124.00	128.00	132.40	147.70	152.50	161.50	190.20	201.95	218.10	246.50	308.40	355.45	446.40	774.80	
03500000	0827	19440827	20150827	72	249.14	279.42	59.00	1950.00		80.30	101.30	106.80	111.60	114.25	118.00	124.55	127.20	138.85	150.50	166.60	179.00	205.70	226.60	283.50	322.00	407.05	455.70	849.10	
03500000	0828	19440828	20150828	72	240.65	282.42	63.00	1880.00		75.90	96.30	100.00	108.20	113.25	115.00	124.55	130.00	140.80	148.50	164.45	179.60	206.60	216.50	256.25	298.80	383.75	426.50	681.15	
03500000	0829	19440829	20150829	72	214.35	203.10	56.00	1250.00		76.10	92.50	98.95	103.60	111.00	117.70	121.55	125.60	135.95	145.00	153.90	181.20	196.90	203.60	225.75	272.40	313.90	394.70	615.85	
03500000	0830	19440830	20150830	72	234.92	244.91	52.00	1610.00		77.75	90.60	98.70	102.00	108.25	111.70	119.55	122.60	132.95	145.00	154.50	171.60	192.45	208.90	259.50	280.20	380.10	553.50	751.35	
03500000	0831	19440831	20150831	72	235.49	239.44	54.00	1540.00		78.15	90.30	101.95	106.60	108.25	118.60	127.30	135.00	147.70	164.00	183.15	186.80	210.90	239.50	273.00	314.80	363.10	432.50	612.70	
03500000	0901	19440901	20150901	72	243.22	282.76	63.00	2220.00		82.55	96.30	100.00	103.00	113.25	122.80	134.65	144.60	158.85	166.50	183.00	189.60	201.15	239.20	261.00	287.80	378.00	443.90	748.20	
03500000	0902	19440902	20150902	72	225.43	218.85	69.00	1640.00		86.60	95.30	97.95	102.60	112.50	121.90	131.65	140.00	146.70	162.50	175.15	181.00	189.45	201.70	248.75	278.20	370.55	428.10	616.55	
03500000	0903	19440903	20150903	72	197.11	138.20	72.00	874.00		84.25	93.30	94.95	100.20	108.00	123.00	132.55	136.00	138.85	153.50	168.60	174.60	180.45	188.80	227.00	252.80	328.75	391.60	476.25	
03500000	0904	19440904	20150904	72	197.76	123.03	71.00	640.00		83.65	92.00	96.90	104.00	110.75	119.40	130.10	145.40	151.00	154.50	167.15	175.00	185.35	204.20	239.50	275.00	356.25	373.50	514.00	
03500000	0905	19440905	20150905	72	206.31	138.49	75.00	742.00		82.65	89.00	96.80	106.80	119.25	128.50	132.00	141.40	145.00	163.00	167.45	177.80	187.70	221.40	232.75	281.40	341.05	394.00	528.40	
03500000	0906	19440906	20150906	72	228.43	235.29	75.00	1650.00		82.55	89.90	97.00	112.60	120.25	123.90	131.00	138.60	146.55	155.00	164.15	167.80	179.80	207.80	252.50	285.00	361.00	447.80	561.45	
03500000	0907	19440907	20150907	72	237.96	250.17	73.00	1780.00		81.00	86.60	99.80	111.00	118.00	120.00	125.10	131.80	141.85	154.00	159.45	166.60	182.85	228.80	285.25	315.40	345.35	441.50	761.60	
03500000	0908	19440908	20150908	72	263.07	404.05	72.00	3050.00		79.00	84.60	95.95	106.00	109.25	117.70	121.55	135.40	145.85	152.00	155.15	161.80	184.90	212.40	238.50	273.20	353.55	434.70	1071.50	
03500000	0909	19440909	20150909	72	234.32	288.20	72.00	1760.00		75.30	88.60	101.55	105.20	112.75	123.50	130.10	138.40	141.85	147.00	155.00	164.80	173.60	196.50	224.25	259.60	329.20	387.80	875.15	
03500000	0910	19440910	20150910	72	207.07	193.37	72.00	1300.00		74.95	89.00	100.00	105.20	115.75	121.80	128.20	133.00	135.85	149.00	154.60	164.00	173.00	186.80	219.75	254.80	295.25	326.50	703.15	
03500000	0911	19440911	20150911	72	189.90	140.72	70.00	864.00		71.65	90.60	99.00	104.20	112.00	117.90	126.65	132.20	137.55	144.00	149.15	163.20	170.00	178.10	212.00	241.40	285.30	336.20	576.70	
03500000	0912	19440912	20150912	72	187.28	121.94	67.00	726.00		72.90	90.20	97.00	103.60	112.00	117.80	125.00	129.80	141.00	146.50	153.00	174.00	181.80	198.60	222.00	244.60	285.95	328.10	487.65	
03500000	0913	19440913	20150913	72	190.67	121.60	65.00	645.00		69.60	87.50	96.00	102.60	108.50	118.00	126.95	135.20	140.00	147.00	159.15	171.60	189.00	206.00	234.75	255.80	289.25	375.30	511.35	
03500000	0914	19440914	20150914	72	209.96	155.02	64.00	946.00		78.60	88.90	94.00	101.80	110.00	115.90	132.75	142.00	143.85	146.00	152.10	174.20	213.65	231.00	256.75	288.40	352.50	447.30	555.75	
03500000	0915	19440915	20150915	72	201.93	150.31	60.00	1000.00		75.55	83.80	90.90	101.00	110.75	120.70	130.00	140.00	141.85	146.50	154.45	169.00	189.55	222.30	248.75	279.60	339.15	409.00	504.10	
03500000	0916	19440916	20150916	72	205.82	148.81	54.00	888.00		75.65	81.50	88.90	104.60	117.25	122.90	130.55	136.00	140.85	151.50	162.00	181.40	201.50	225.20	252.75	293.00	317.15	406.30	540.70	
03500000	0917	19440917	20150917	72	322.19	916.62	53.00	7830.00		76.65	84.30	87.95	105.00	118.25	121.90	125.55	133.00	137.85	149.00	167.30	178.80	191.00	215.40	260.25	303.00	356.80	443.70	750.30	
03500000	0918	19440918	20150918	72	256.42	406.55	57.00	3420.00		75.00	83.00	86.95	101.60	118.50	123.00	126.10	132.20	140.10	145.50	172.15	190.80	228.90	253.20	266.50	302.00	393.35	462.80	613.75	
03500000	0919	19440919	20150919	72	213.94	178.72	59.00	1360.00		74.30	81.90	87.00	98.00	115.25	121.90	127.00	129.60	139.00	155.00	171.95	194.80	220.00	263.20	282.00	306.00	339.30	396.80	495.00	
03500000	0920	19440920	20150920	72	211.85	189.92	56.00	1260.00		73.65	79.60	94.70	106.40	116.75	122.90	126.10	132.20	138.85	157.00	166.90	182.00	202.70	225.20	262.50	286.00	313.30	362.70	455.80	
03500000	0921	19440921	20150921	72	249.35	426.57	71.00	3640.00		75.95	89.20	105.45	110.60	118.50	122.80	128.75	144.20	150.70	166.50	186.20	204.20	214.90	234.40	266.25	275.60	304.05	351.70	503.05	
03500000	0922	19440922	20150922	72	291.93	626.72	69.00	5050.00		76.00	89.60	103.50	112.80	117.25	118.90	124.00	135.60	145.10	162.50	172.05	197.80	208.25	243.40	260.00	270.40	299.20	370.80	762.05	
03500000	0923	19440923	20150923	72	235.72	245.96	68.00	1350.00		72.60	88.60	95.85	104.60	111.00	116.00	122.55	131.60	148.85	160.00	165.80	181.60	207.70	235.10	257.00	287.60	336.70	364.50	991.20	
03500000	0924	19440924	20150924	72	246.72	290.55	66.00	2220.00		70.95	82.90	95.80	102.00	111.50	114.90	124.30	137.80	151.80	164.00	170.45	197.40	214.45	229.00	254.00	321.20	373.95	518.80	693.15	
03500000	0925	19440925	20150925	72	222.06	172.29	65.00	987.00		68.60	84.90	101.70	111.60	115.00	123.90	131.20	143.40	150.70	158.50	167.00	195.60	211.50	238.20	262.00	308.80	365.40	451.90	577.95	
03500000	0926	19440926	20150926	72	227.57	176.46	64.00	1030.00		67.60	87.50	104.95	114.60	122.75	139.00	144.55	151.00	154.85	162.50	185.45	189.80	207.50	245.30	268.75	309.00	357.70	452.00	601.10	
03500000	0927	19440927	20150927	72	238.11	247.38	64.00	1890.00		71.30	85.90	99.95	112.40	125.50	135.90	138.00	146.20	150.70	164.00	182.15	188.80	209.45	247.50	283.00	306.80	358.30	460.20	525.70	
03500000	0928	19440928	20150928	72	257.50	270.10	69.00	1530.00		74.25	87.00	105.60	118.60	122.25	130.50	136.85	144.40	156.10	166.50	179.15	196.20	220.80	253.40	282.75	335.60	361.10	438.40	1062.00	
03500000	0929	19440929	20150929	72	287.01	352.93	66.00	2390.00		75.25	85.30	102.75	113.60	120.75	127.90	140.55	143.40	149.00	168.50	193.45	215.60	241.50	267.50	304.50	344.60	433.45	566.90	1031.15	
03500000	0930	19440930	20150930	72	286.43	408.90	67.00	3140.00		69.95	89.20	107.70	116.00	120.50	129.90	139.55	154.40	163.85	181.50	188.45	224.80	254.70	278.00	295.50	315.40	427.50	495.50	755.35	
03500000	1001	19441001	20151001	72	279.47	364.34	64.00	2160.00		71.60	87.20	103.55	112.20	117.25	122.00	134.55	149.80	169.05	184.00	210.05	225.40	247.90	266.10	282.50	294.60	308.60	430.90	1202.35	
03500000	1002	19441002	20151002	72	297.19	411.31	60.00	2330.00		72.90	86.20	98.65	110.80	117.00	123.70	132.00	142.40	159.25	179.50	192.60	212.20	242.35	256.10	278.50	294.20	416.60	564.30	1186.10	
03500000	1003	19441003	20151003	72	243.38	201.35	61.00	1180.00		71.60	85.00	95.75	112.00	115.75	126.30	135.00	145.60	159.85	176.50	188.15	195.80	233.90	266.10	283.25	347.00	410.55	544.00	671.70	
03500000	1004	19441004	20151004	72	339.03	723.81	61.00	6010.00		70.65	83.90	96.65	113.00	117.25	124.90	136.10	144.80	154.55	171.00	180.00	195.60	233.50	264.70	296.75	347.20	442.80	608.20	1093.85	
03500000	1005	19441005	20151005	72	362.65	916.97	61.00	7280.00		70.30	83.30	99.95	112.00	119.50	122.00	128.55	142.80	156.50	163.50	175.90	196.60	231.15	260.50	282.50	307.40	402.05	534.40	834.75	
03500000	1006	19441006	20151006	72	272.85	421.24	58.00	2800.00		69.30	82.30	99.00	111.20	115.00	120.90	127.55	142.60	149.85	154.50	163.20	184.60	220.60	256.10	271.50	328.20	381.15	443.70	633.35	
03500000	1007	19441007	20151007	72	245.38	223.91	56.00	1480.00		68.65	83.60	99.95	111.00	114.00	119.80	136.65	142.20	148.55	164.50	175.30	205.20	221.00	256.80	282.00	343.00	414.95	541.00	650.90	
03500000	1008	19441008	20151008	72	248.36	207.89	57.00	1100.00		71.95	88.10	103.95	106.60	114.25	122.90	136.20	143.00	158.00	170.00	189.45	208.40	242.50	268.40	295.75	375.40	458.60	492.60	685.85	
03500000	1009	19441009	20151009	72	260.90	235.43	67.00	1210.00		74.25	96.50	105.00	115.20	123.25	129.50	136.55	147.00	159.40	171.00	174.30	209.80	237.35	278.20	308.75	365.00	462.95	545.60	823.05	
03500000	1010	19441010	20151010	72	232.85	164.00	67.00	842.00		77.55	100.20	105.85	115.80	121.00	125.90	136.10	145.00	151.40	164.50	189.15	212.20	238.45	255.80	286.75	358.40	396.15	455.70	605.00	
03500000	1011	19441011	20151011	72	223.22	162.85	67.00	964.00		77.75	97.00	103.95	106.60	114.50	122.70	127.10	134.80	155.95	168.00	183.30	208.40	241.90	259.40	279.50	304.80	351.15	432.30	545.90	
03500000	1012	19441012	20151012	72	208.93	128.24	62.00	665.00		73.85	89.70	101.90	108.20	119.25	122.90	131.85	143.60	155.85	162.50	168.75	204.40	227.60	243.40	271.75	295.80	353.50	402.10	472.75	
03500000	1013	19441013	20151013	72	234.56	208.35	65.00	1270.00		71.60	92.90	100.95	107.80	115.50	122.70	135.55	144.20	157.55	169.50	193.15	208.80	224.90	232.00	263.00	333.60	366.75	402.70	614.85	
03500000	1014	19441014	20151014	72	249.12	232.88	66.00	1300.00		70.30	91.90	100.00	105.20	116.50	123.80	133.55	153.40	159.55	181.50	191.45	210.40	223.80	253.30	264.50	336.00	371.10	516.80	730.40	
03500000	1015	19441015	20151015	72	241.92	257.31	65.00	1770.00		69.95	92.90	100.00	104.60	113.25	123.40	129.00	147.80	160.25	166.50	177.95	207.40	221.70	250.10	261.75	319.40	332.40	373.60	674.20	
03500000	1016	19441016	20151016	72	226.75	167.87	65.00	785.00		69.00	97.00	100.00	107.00	114.25	121.60	126.55	146.00	155.85	168.50	187.15	208.20	235.75	246.10	259.00	306.60	366.25	471.90	653.85	
03500000	1017	19441017	20151017	72	236.88	188.40	67.00	1120.00		68.65	90.90	98.00	102.60	117.00	124.00	141.55	146.20	158.10	176.00	194.00	201.60	217.70	240.40	282.50	330.20	406.30	524.00	617.85	
03500000	1018	19441018	20151018	72	253.65	283.85	67.00	2140.00		71.00	88.00	98.95	103.80	115.50	129.30	137.65	143.60	156.55	175.50	193.60	213.40	232.60	253.30	297.25	335.40	440.15	462.90	533.95	
03500000	1019	19441019	20151019	72	230.21	169.99	67.00	986.00		78.45	96.30	99.95	112.40	122.25	129.80	136.00	151.00	166.55	175.00	186.50	221.40	234.80	249.20	279.75	321.00	343.70	448.00	576.40	
03500000	1020	19441020	20151020	72	226.94	176.88	67.00	1300.00		75.50	91.80	98.95	111.00	123.00	129.00	143.30	149.60	163.35	171.50	182.40	211.20	230.25	250.10	279.50	340.60	378.45	407.10	480.75	
03500000	1021	19441021	20151021	72	212.61	137.81	68.00	925.00		75.25	87.10	97.00	121.00	124.50	127.90	135.75	146.00	162.95	169.00	179.30	204.60	227.25	240.50	263.00	307.80	332.30	376.20	459.60	
03500000	1022	19441022	20151022	72	211.90	118.28	68.00	634.00		73.65	87.00	99.00	116.60	123.25	136.40	147.10	156.60	167.70	177.50	190.45	216.60	221.90	240.40	273.00	304.40	350.20	393.60	481.35	
03500000	1023	19441023	20151023	72	221.57	149.92	68.00	931.00		74.30	95.30	100.00	115.40	122.75	140.50	145.10	153.00	163.80	179.50	203.00	216.00	221.35	230.60	270.75	300.20	346.50	394.50	487.80	
03500000	1024	19441024	20151024	72	230.62	161.66	70.00	1160.00		75.30	94.00	101.95	116.20	124.00	137.80	141.65	152.60	163.25	186.50	210.15	214.00	232.15	273.30	316.25	336.80	384.30	405.80	506.35	
03500000	1025	19441025	20151025	72	224.93	118.32	70.00	679.00		87.90	100.00	112.70	121.40	134.00	149.20	157.20	166.40	185.40	195.00	211.45	228.40	242.80	282.60	304.00	318.80	348.95	380.20	459.30	
03500000	1026	19441026	20151026	72	250.99	203.47	70.00	1230.00		88.60	100.00	112.90	121.40	132.00	139.00	148.75	159.60	177.90	201.00	211.05	234.20	257.35	288.20	321.75	339.60	362.10	388.80	621.45	
03500000	1027	19441027	20151027	72	237.03	173.24	70.00	1060.00		85.65	101.50	112.75	118.20	125.50	136.70	141.55	162.60	176.55	196.00	210.00	227.60	246.40	272.10	303.25	313.80	344.25	366.20	591.65	
03500000	1028	19441028	20151028	72	242.69	177.33	70.00	1130.00		81.25	100.50	112.60	117.20	128.00	139.60	149.20	167.20	180.00	194.50	210.20	218.80	250.45	294.40	306.25	321.40	338.80	455.50	572.25	
03500000	1029	19441029	20151029	72	220.51	121.56	73.00	763.00		80.25	99.20	110.70	115.20	125.75	138.30	147.20	162.80	171.85	199.50	204.15	229.00	272.80	284.60	294.50	306.20	328.10	351.70	457.45	
03500000	1030	19441030	20141030	71	227.15	167.52	75.00	1080.00		80.00	101.20	106.60	119.40	126.00	132.00	137.80	160.00	165.40	196.00	200.60	210.40	245.00	263.00	273.00	287.40	302.60	357.80	591.60	
03500000	1031	19441031	20141031	71	232.42	212.23	71.00	1620.00		80.00	99.20	105.20	119.00	121.00	129.20	143.20	159.00	164.80	178.00	196.40	203.80	235.00	249.20	266.00	280.60	311.00	386.40	575.60	
03500000	1101	19441101	20141101	71	255.30	218.21	71.00	1330.00		79.40	99.00	106.40	120.80	127.00	132.40	156.20	167.00	176.20	190.00	209.20	225.20	250.60	269.60	285.00	296.60	367.40	471.60	767.60	
03500000	1102	19441102	20141102	71	308.72	309.23	72.00	1560.00		81.40	98.20	107.60	117.60	132.00	147.20	152.20	165.40	173.80	197.00	201.60	240.20	260.20	286.40	337.00	394.80	496.40	850.20	996.60	
03500000	1103	19441103	20141103	71	286.82	240.05	73.00	1220.00		82.00	99.60	105.00	114.80	128.00	144.40	152.40	161.60	169.20	182.00	203.00	235.20	268.80	298.80	356.00	408.80	583.00	670.60	810.80	
03500000	1104	19441104	20141104	71	260.80	186.30	73.00	905.00		80.20	98.00	104.60	116.40	130.00	147.40	157.00	166.00	178.80	196.00	212.20	231.40	265.80	283.80	332.00	391.60	432.40	534.60	680.00	
03500000	1105	19441105	20141105	71	255.25	170.06	74.00	958.00		88.00	98.00	114.60	126.00	137.00	147.60	156.20	165.20	184.80	203.00	228.40	246.20	267.00	290.60	323.00	359.60	413.20	542.80	623.60	
03500000	1106	19441106	20141106	71	280.51	339.48	73.00	2740.00		87.20	96.00	110.40	122.80	139.00	146.40	160.20	164.80	181.60	196.00	215.20	240.00	253.80	290.40	315.00	345.20	391.40	510.80	666.40	
03500000	1107	19441107	20141107	71	276.13	275.55	74.00	1900.00		81.00	95.00	103.80	123.60	137.00	143.80	155.20	162.80	177.80	193.00	199.80	219.00	257.80	288.00	328.00	354.00	428.40	505.60	745.20	
03500000	1108	19441108	20141108	71	265.69	206.99	75.00	1090.00		85.20	94.20	103.20	126.80	133.00	140.00	148.60	160.40	170.00	188.00	226.00	254.00	270.60	307.60	347.00	359.20	398.80	511.40	787.60	
03500000	1109	19441109	20141109	71	242.42	147.90	74.00	806.00		87.60	96.00	112.60	124.40	137.00	140.40	153.00	164.00	173.20	196.00	230.20	242.20	251.80	285.00	322.00	338.60	414.60	456.20	555.20	
03500000	1110	19441110	20141110	71	263.89	185.24	73.00	879.00		87.60	103.60	117.60	128.00	136.00	146.20	156.60	167.80	186.20	203.00	227.80	241.20	267.80	299.20	321.00	343.20	422.20	522.40	753.00	
03500000	1111	19441111	20141111	71	300.37	361.46	72.00	2780.00		87.20	104.20	120.80	130.20	139.00	145.60	157.00	179.60	191.20	200.00	217.20	230.80	278.00	298.80	317.00	373.00	410.80	561.40	859.40	
03500000	1112	19441112	20141112	71	278.86	251.48	72.00	1340.00		86.80	103.40	116.00	123.80	129.00	137.60	151.40	163.80	182.60	198.00	211.60	230.20	253.80	284.60	305.00	336.20	400.00	664.00	842.80	
03500000	1113	19441113	20141113	71	263.54	225.56	76.00	1200.00		92.00	108.00	110.80	122.00	128.00	134.60	147.20	164.20	181.40	187.00	201.00	223.40	245.00	273.40	297.00	319.60	363.80	573.80	857.60	
03500000	1114	19441114	20141114	71	253.31	180.63	76.00	833.00		91.20	103.60	108.60	120.40	126.00	135.00	148.20	158.40	179.60	188.00	211.20	235.20	259.40	281.00	299.00	329.20	428.60	551.40	703.80	
03500000	1115	19441115	20141115	71	258.39	172.82	76.00	979.00		95.00	102.20	114.40	126.00	137.00	152.40	162.20	170.80	181.00	201.00	231.00	245.00	262.60	280.40	306.00	375.80	442.20	505.00	599.20	
03500000	1116	19441116	20141116	71	280.27	230.04	90.00	1460.00		97.00	106.80	119.80	128.20	140.00	153.00	168.60	186.60	193.40	208.00	230.60	247.00	266.60	276.20	294.00	412.00	457.20	533.60	703.80	
03500000	1117	19441117	20141117	71	274.23	173.06	91.00	855.00		99.00	114.20	127.60	139.80	156.00	165.60	170.60	191.80	208.40	219.00	227.00	257.60	270.80	284.60	347.00	388.80	468.80	552.80	667.40	
03500000	1118	19441118	20141118	71	278.46	215.59	91.00	1340.00		96.20	110.00	119.00	135.40	158.00	164.40	185.80	204.60	215.20	224.00	237.60	259.00	266.80	279.60	317.00	377.20	454.60	474.60	586.00	
03500000	1119	19441119	20141119	71	317.55	365.61	89.00	2370.00		92.80	113.20	128.60	139.80	148.00	159.20	173.80	191.40	205.80	211.00	224.80	250.40	267.60	316.20	377.00	399.60	430.20	447.00	962.40	
03500000	1120	19441120	20141120	71	317.46	299.45	87.00	1700.00		103.60	114.80	135.40	144.60	156.00	162.60	185.80	196.80	203.40	220.00	241.40	264.00	295.00	325.20	358.00	390.80	428.40	633.20	1025.80	
03500000	1121	19441121	20141121	71	291.23	181.35	86.00	900.00		102.20	114.40	131.80	141.80	149.00	176.20	187.80	195.40	233.40	253.00	271.60	294.60	317.80	339.60	347.00	389.40	444.40	529.80	758.20	
03500000	1122	19441122	20141122	71	318.17	250.72	84.00	1410.00		98.60	115.20	134.60	138.80	156.00	178.00	192.00	201.00	220.40	249.00	269.80	294.20	318.00	365.20	396.00	431.80	467.00	587.20	765.60	
03500000	1123	19441123	20141123	71	305.13	256.25	85.00	1910.00		97.00	124.20	130.00	147.60	164.00	173.80	188.80	213.20	234.00	256.00	271.20	283.60	301.80	317.00	351.00	381.60	402.60	519.60	770.20	
03500000	1124	19441124	20141124	71	315.63	228.03	89.00	1240.00		102.40	126.00	136.40	147.40	170.00	181.80	209.60	228.60	245.80	253.00	275.20	288.20	304.00	311.80	354.00	374.60	517.20	664.80	836.60	
03500000	1125	19441125	20141125	71	334.01	298.85	90.00	1610.00		112.80	124.00	132.60	147.60	162.00	187.40	206.20	218.80	239.40	249.00	270.00	283.40	294.00	302.00	367.00	389.80	474.00	660.00	1182.00	
03500000	1126	19441126	20141126	71	374.06	452.02	87.00	3240.00		106.00	122.40	135.20	150.40	179.00	195.60	209.20	215.60	228.40	240.00	252.60	271.20	299.00	312.40	365.00	433.60	517.00	747.00	1418.00	
03500000	1127	19441127	20141127	71	365.18	320.66	93.00	1660.00		112.00	136.40	155.20	177.80	196.00	212.20	221.80	232.80	238.20	244.00	263.00	295.60	316.40	374.40	409.00	445.40	539.20	750.60	1272.00	
03500000	1128	19441128	20141128	71	400.13	355.88	94.00	1980.00		124.20	134.20	162.80	168.80	205.00	209.80	218.60	228.00	234.40	258.00	299.60	309.40	338.60	384.80	484.00	549.20	671.80	886.40	1262.00	
03500000	1129	19441129	20141129	71	419.92	472.75	96.00	3150.00		124.40	137.40	151.00	179.20	193.00	218.40	225.60	246.00	267.00	288.00	294.60	307.80	345.60	398.20	444.00	541.60	642.00	848.40	1096.20	
03500000	1130	19441130	20141130	71	351.73	248.64	113.00	1550.00		126.80	139.80	161.00	182.00	196.00	213.20	216.00	222.80	244.20	279.00	296.00	334.40	351.40	402.80	437.00	479.00	569.60	662.60	803.80	
03500000	1201	19441201	20141201	71	386.76	358.22	111.00	2200.00		117.00	129.40	151.00	175.00	190.00	203.20	214.20	230.20	247.60	272.00	285.80	331.20	383.60	420.80	471.00	518.00	613.20	744.40	892.00	
03500000	1202	19441202	20141202	71	358.96	307.87	107.00	2100.00		112.60	124.60	151.00	171.00	180.00	194.40	205.20	215.80	233.80	266.00	282.40	322.40	354.00	383.60	403.00	492.00	576.20	708.60	956.40	
03500000	1203	19441203	20141203	71	335.48	238.80	101.00	1290.00		113.40	123.40	149.40	166.20	177.00	197.20	204.60	216.40	253.80	262.00	279.20	313.20	333.80	360.40	388.00	476.00	528.20	664.00	904.00	
03500000	1204	19441204	20141204	71	362.79	255.76	97.00	1740.00		110.00	129.00	160.80	175.20	196.00	201.00	225.20	252.80	265.80	295.00	314.00	351.00	369.20	460.60	491.00	531.40	571.40	633.20	850.80	
03500000	1205	19441205	20141205	71	410.17	326.17	105.00	1760.00		108.00	127.00	158.60	170.40	193.00	205.80	226.60	249.40	271.40	304.00	317.00	343.20	419.40	474.40	550.00	616.40	663.40	887.80	1078.00	
03500000	1206	19441206	20141206	71	409.76	341.45	102.00	1890.00		105.40	136.40	154.80	176.60	199.00	216.40	235.40	266.60	278.60	298.00	308.40	334.00	390.40	454.20	536.00	584.40	644.80	828.40	1192.00	
03500000	1207	19441207	20141207	71	414.73	356.74	98.00	2190.00		103.00	132.80	149.00	169.80	180.00	194.60	221.40	247.60	270.80	299.00	351.20	372.00	418.20	473.00	517.00	590.40	669.00	773.00	1140.00	
03500000	1208	19441208	20141208	71	380.83	296.93	94.00	1820.00		107.20	130.60	141.80	163.40	180.00	198.80	222.40	244.60	262.00	281.00	333.60	354.00	396.00	436.60	489.00	566.80	636.40	709.80	906.00	
03500000	1209	19441209	20141209	71	383.89	296.89	94.00	1800.00		106.40	130.20	152.40	173.40	183.00	195.80	224.00	240.00	254.80	300.00	337.40	371.20	420.60	454.20	484.00	565.20	624.80	679.20	989.20	
03500000	1210	19441210	20141210	71	408.14	265.72	96.00	1210.00		115.80	137.60	163.40	177.00	196.00	227.40	248.00	264.80	289.80	341.00	381.40	417.60	493.00	509.00	548.00	595.40	646.60	791.60	1082.00	
03500000	1211	19441211	20141211	71	402.25	251.81	96.00	1310.00		113.20	137.40	161.80	179.20	216.00	233.20	247.80	280.20	305.20	325.00	367.80	405.00	442.60	483.60	549.00	569.60	732.40	804.80	889.40	
03500000	1212	19441212	20141212	71	430.92	406.32	94.00	3110.00		119.00	130.20	159.80	183.80	216.00	233.80	249.80	276.60	305.00	348.00	382.80	424.00	458.60	487.40	512.00	588.20	633.80	769.00	941.00	
03500000	1213	19441213	20141213	71	394.46	326.10	92.00	2600.00		115.40	137.00	173.80	200.00	215.00	240.40	254.20	290.60	303.00	334.00	346.00	402.00	424.00	467.60	495.00	519.20	556.80	637.60	845.20	
03500000	1214	19441214	20141214	71	370.51	209.45	98.00	1240.00		126.80	160.60	169.80	191.20	222.00	232.80	245.60	278.60	305.60	319.00	359.80	384.20	417.20	447.40	468.00	513.00	587.00	639.40	790.20	
03500000	1215	19441215	20141215	71	387.85	247.07	99.00	1330.00		127.60	142.60	166.20	185.60	215.00	223.80	237.00	280.80	302.00	322.00	357.60	393.20	429.80	456.20	499.00	540.40	608.80	673.60	836.60	
03500000	1216	19441216	20141216	71	389.01	247.58	120.00	1500.00		134.20	152.40	173.60	206.20	213.00	223.80	244.20	277.80	307.80	331.00	342.80	387.00	411.40	451.80	484.00	536.60	600.80	742.00	849.20	
03500000	1217	19441217	20141217	71	379.25	269.45	119.00	1930.00		131.80	149.20	168.60	199.00	210.00	223.60	252.80	290.40	300.60	326.00	330.00	372.00	419.20	442.00	470.00	502.60	539.00	586.20	774.60	
03500000	1218	19441218	20141218	71	380.94	329.98	114.00	2600.00		134.20	151.80	181.00	200.40	205.00	226.60	245.80	277.00	295.40	315.00	318.40	358.00	389.80	415.80	436.00	484.20	521.20	622.80	782.80	
03500000	1219	19441219	20141219	71	374.17	301.30	115.00	2130.00		132.60	148.20	176.60	190.00	199.00	210.00	228.00	261.00	277.20	300.00	312.00	339.40	361.40	415.60	427.00	487.00	588.00	623.20	915.00	
03500000	1220	19441220	20141220	71	377.65	266.99	115.00	1490.00		132.40	148.60	168.20	188.80	201.00	210.00	238.40	264.00	278.20	298.00	300.20	339.80	382.00	415.80	479.00	502.60	556.60	745.00	1013.80	
03500000	1221	19441221	20141221	71	395.32	351.45	116.00	2540.00		137.40	146.20	167.80	186.60	201.00	211.00	253.80	265.40	285.40	289.00	326.40	352.40	400.20	427.80	458.00	490.60	554.20	719.20	1049.00	
03500000	1222	19441222	20141222	71	395.89	307.00	119.00	1700.00		132.60	157.00	168.00	186.80	210.00	229.60	253.20	276.80	281.20	309.00	334.00	359.40	377.00	422.20	447.00	481.00	553.40	777.40	1190.00	
03500000	1223	19441223	20141223	71	441.14	414.91	119.00	2910.00		136.40	151.20	170.40	207.20	215.00	249.00	255.40	269.60	280.80	307.00	332.80	356.40	384.60	433.80	471.00	621.60	734.00	929.00	1198.00	
03500000	1224	19441224	20141224	71	437.55	313.67	123.00	1800.00		139.40	155.00	190.00	212.60	237.00	250.80	276.20	297.20	325.40	336.00	352.00	387.40	428.60	439.20	531.00	637.00	747.60	900.80	1124.00	
03500000	1225	19441225	20141225	71	440.79	286.18	116.00	1900.00		135.80	165.00	203.00	219.40	232.00	271.60	302.40	318.40	339.20	360.00	377.20	426.00	485.20	517.80	575.00	643.00	739.40	828.40	918.80	
03500000	1226	19441226	20141226	71	438.69	290.93	114.00	1540.00		129.80	155.40	183.40	210.20	228.00	253.80	272.20	316.20	324.00	342.00	388.00	427.20	440.20	547.20	601.00	642.80	670.00	794.40	1066.00	
03500000	1227	19441227	20141227	71	416.69	334.57	112.00	2440.00		128.20	149.20	182.60	204.00	209.00	245.40	259.00	289.80	309.40	331.00	350.20	409.00	441.20	468.80	550.00	578.60	608.20	693.20	910.60	
03500000	1228	19441228	20141228	71	412.21	243.12	122.00	1350.00		137.00	157.80	193.80	203.40	223.00	248.20	268.40	303.20	330.40	373.00	400.00	415.40	448.80	497.00	521.00	575.60	640.00	700.00	953.40	
03500000	1229	19441229	20141229	71	422.34	212.43	120.00	970.00		138.00	173.60	195.80	224.20	248.00	300.20	317.80	346.80	373.20	386.00	417.60	445.40	475.00	486.00	545.00	571.20	661.00	779.20	855.00	
03500000	1230	19441230	20141230	71	416.93	250.35	118.00	1720.00		141.60	170.00	199.80	225.00	244.00	283.00	310.00	331.00	358.20	371.00	397.00	420.20	458.80	469.00	517.00	532.80	620.40	657.80	864.60	
03500000	1231	19441231	20141231	71	443.69	277.88	116.00	1670.00		138.60	185.80	206.00	235.40	265.00	288.00	315.20	338.20	359.40	405.00	413.60	437.40	477.00	509.00	548.00	583.80	622.80	716.80	982.80	
