site_no	monthday	begin_dt	end_dt	count_nu	mean	std	min	max	p01	p05	p10	p15	p20	p25	p30	p35	p40	p45	p50	p55	p60	p65	p70	p75	p80	p85	p90	p95	p99
03550500	ALL	19420123	20151209	17604	184.65	203.12	16.00	5750.00	34.00	46.00	54.00	62.00	71.00	81.00	90.00	100.00	111.00	122.00	136.00	149.00	164.00	181.00	200.00	221.00	247.00	282.00	335.00	458.75	1000.00
03550500	0101	19430101	20150101	48	229.77	167.94	55.00	1090.00		60.35	97.00	117.70	119.80	129.50	149.60	156.60	183.60	191.20	196.50	198.95	211.40	220.85	247.90	273.00	296.00	303.30	458.50	526.75	
03550500	0102	19430102	20150102	48	205.00	116.64	53.00	671.00		63.70	96.70	108.10	119.00	124.75	142.40	155.30	162.60	173.05	180.00	184.95	188.20	211.25	237.30	252.50	263.20	292.90	346.10	474.35	
03550500	0103	19430103	20150103	48	214.71	153.38	53.00	903.00		72.60	96.30	101.45	106.80	122.25	135.60	141.85	161.80	172.20	177.50	186.80	207.60	218.55	227.80	249.00	266.40	285.60	335.40	612.90	
03550500	0104	19430104	20150104	48	249.52	269.01	53.00	1650.00		63.65	86.10	110.40	118.40	124.00	133.10	151.20	160.40	173.40	185.50	198.40	211.40	212.00	216.90	245.00	272.20	300.00	429.10	878.95	
03550500	0105	19430105	20150105	48	242.42	294.17	54.00	2040.00		61.75	87.20	101.35	109.20	119.00	136.80	145.30	162.60	177.00	180.50	182.95	190.00	197.55	211.70	225.75	278.60	325.20	470.70	593.85	
03550500	0106	19430106	20150106	48	257.33	275.07	54.00	1540.00		60.85	83.50	95.05	103.20	112.00	131.70	145.60	157.20	163.00	167.00	195.35	205.60	218.10	240.40	273.50	290.20	397.75	501.20	1022.10	
03550500	0107	19430107	20150107	48	262.17	333.16	53.00	2220.00		58.50	80.80	93.40	109.00	115.75	132.10	149.00	152.80	157.35	176.00	195.85	207.60	220.10	258.20	266.75	308.40	371.00	466.70	825.30	
03550500	0108	19430108	20150108	48	262.67	318.13	52.00	2100.00		57.05	87.30	88.35	101.80	120.50	131.60	144.15	150.00	154.10	180.00	193.65	209.40	221.85	245.50	292.75	322.40	394.05	485.30	800.10	
03550500	0109	19430109	20150109	48	249.33	257.03	50.00	1440.00		57.40	79.80	88.35	95.60	121.00	127.40	132.30	142.00	150.55	175.00	180.95	205.20	218.00	246.80	279.25	302.00	376.65	481.00	952.35	
03550500	0110	19430110	20150110	48	250.10	239.72	47.00	1240.00		57.30	75.90	89.35	105.20	112.25	115.40	127.20	139.00	146.80	179.50	197.85	210.80	237.95	245.20	283.75	349.00	356.00	508.50	889.55	
03550500	0111	19430111	20150111	48	255.31	208.94	51.00	980.00		55.60	89.00	103.40	108.80	118.25	124.80	146.20	168.00	184.20	191.00	210.60	222.80	242.55	247.20	268.75	323.20	483.45	679.50	739.40	
03550500	0112	19430112	20150112	48	223.33	151.60	51.00	666.00		55.60	86.30	95.05	101.40	111.25	135.10	143.95	170.00	184.05	187.50	195.80	215.60	226.40	237.60	250.25	284.40	356.25	475.60	636.00	
03550500	0113	19430113	20150113	48	205.90	130.03	50.00	655.00		57.20	90.80	98.35	105.80	122.50	128.50	137.90	161.20	173.05	176.00	183.95	200.80	209.25	220.90	228.50	276.20	302.05	399.70	556.70	
03550500	0114	19430114	20150114	48	204.27	124.18	46.00	602.00		57.20	90.80	97.45	102.80	110.75	124.80	143.75	156.60	162.15	173.50	182.90	189.40	197.55	236.70	249.75	264.60	342.50	413.40	496.75	
03550500	0115	19430115	20150115	48	224.88	185.23	45.00	1260.00		65.75	93.80	103.35	109.00	126.00	145.70	154.00	166.60	170.35	181.00	193.75	201.80	220.95	241.30	252.25	283.20	322.60	418.10	493.30	
03550500	0116	19430116	20150116	48	273.40	421.68	50.00	2540.00		66.65	89.90	100.40	110.20	129.00	136.10	146.60	156.00	163.30	175.00	180.00	184.00	195.55	223.90	238.75	263.60	305.90	422.00	1241.85	
03550500	0117	19430117	20150117	48	238.60	256.46	47.00	1730.00		64.30	87.70	92.80	104.60	120.75	134.40	141.60	153.20	160.25	170.50	178.95	191.60	215.30	233.90	248.25	305.20	354.55	468.00	607.35	
03550500	0118	19430118	20150118	48	228.62	198.51	48.00	1240.00		64.30	84.90	90.90	107.20	121.50	128.10	132.45	148.20	154.05	168.50	189.80	214.60	225.70	235.20	300.00	314.00	337.10	404.20	625.10	
03550500	0119	19430119	20150119	48	224.10	153.21	48.00	781.00		80.45	94.90	110.70	121.60	130.50	138.10	143.30	149.20	159.15	172.50	199.50	215.80	219.85	240.80	268.25	300.00	311.15	431.80	650.85	
03550500	0120	19430120	20150120	48	255.19	284.24	53.00	1880.00		61.75	79.80	97.40	102.60	118.50	128.70	141.30	150.40	170.10	181.00	202.35	212.00	224.50	251.70	273.00	304.80	393.80	479.30	708.30	
03550500	0121	19430121	20150121	48	270.58	244.34	62.00	1090.00		65.00	91.30	96.00	98.80	120.50	124.70	135.75	158.40	166.00	180.00	200.85	221.20	245.25	285.80	331.00	354.80	420.85	683.00	955.70	
03550500	0122	19430122	20150122	48	276.79	350.45	55.00	2340.00		57.25	79.10	92.00	107.60	118.00	124.90	156.15	159.80	185.10	191.00	193.90	221.60	255.70	291.90	303.75	334.40	345.65	471.20	876.90	
03550500	0123	19420123	20150123	49	239.59	196.88	52.00	1300.00		60.50	86.00	97.00	104.00	111.50	123.00	147.00	152.00	170.50	187.00	228.00	261.00	270.00	286.00	302.00	320.00	358.50	431.00	537.00	
03550500	0124	19420124	20150124	49	237.94	172.57	50.00	941.00		54.00	82.00	85.50	96.00	106.00	125.00	137.50	156.00	180.50	218.00	234.50	247.00	255.00	284.00	306.50	338.00	396.00	425.00	626.50	
03550500	0125	19420125	20150125	49	281.43	301.03	49.00	1440.00		61.50	79.00	85.50	91.00	109.00	120.00	142.00	150.00	186.50	205.00	224.00	236.00	259.50	287.00	299.50	326.00	385.00	540.00	1255.00	
03550500	0126	19420126	20150126	49	260.57	242.06	50.00	1430.00		59.50	79.00	81.50	90.00	112.50	131.00	143.00	162.00	198.00	207.00	223.00	248.00	260.50	268.00	308.50	354.00	425.50	464.00	789.50	
03550500	0127	19420127	20150127	49	247.84	179.54	55.00	764.00		60.50	76.00	83.00	100.00	113.00	133.00	147.50	165.00	205.00	218.00	234.00	239.00	241.50	249.00	317.00	362.00	408.00	452.00	744.00	
03550500	0128	19420128	20150128	49	241.10	203.33	53.00	1310.00		60.00	75.00	80.50	100.00	114.50	126.00	148.00	156.00	196.50	202.00	220.50	228.00	238.00	276.00	292.50	314.00	350.00	494.00	552.00	
03550500	0129	19420129	20150129	49	216.08	139.35	50.00	774.00		58.50	73.00	78.00	100.00	107.00	122.00	135.50	154.00	191.00	209.00	216.50	226.00	243.50	251.00	265.50	284.00	345.00	393.00	498.50	
03550500	0130	19420130	20150130	49	260.90	332.75	63.00	2370.00		66.50	72.00	91.00	97.00	114.00	120.00	142.50	152.00	197.50	212.00	230.50	236.00	244.00	265.00	278.00	326.00	341.00	424.00	570.00	
03550500	0131	19420131	20150131	49	255.76	234.10	60.00	1420.00		61.00	71.00	83.00	94.00	112.50	130.00	159.00	199.00	207.00	217.00	223.00	233.00	236.00	265.00	299.50	355.00	371.00	452.00	772.00	
03550500	0201	19420201	20150201	49	251.08	224.81	56.00	1560.00		71.50	79.00	92.00	104.00	133.50	155.00	163.50	199.00	204.00	211.00	218.00	231.00	254.00	277.00	314.50	342.00	355.50	375.00	556.50	
03550500	0202	19420202	20150202	49	303.06	282.04	58.00	1460.00		80.00	95.00	121.00	147.00	162.00	166.00	184.50	208.00	214.50	223.00	232.00	248.00	253.00	309.00	317.00	332.00	446.00	503.00	1125.00	
03550500	0203	19420203	20150203	49	301.06	334.07	62.00	2180.00		80.00	96.00	107.50	120.00	148.50	157.00	175.50	189.00	211.50	226.00	239.50	254.00	271.50	288.00	299.00	322.00	422.00	600.00	941.00	
03550500	0204	19420204	20150204	49	259.78	175.20	67.00	798.00		87.00	91.00	103.50	121.00	139.50	152.00	167.00	180.00	203.00	212.00	225.00	243.00	274.00	288.00	303.00	334.00	417.00	600.00	707.00	
03550500	0205	19420205	20150205	49	281.63	232.83	66.00	1270.00		77.50	89.00	106.50	126.00	141.00	143.00	155.50	175.00	197.00	214.00	226.00	250.00	269.00	287.00	331.50	401.00	497.50	568.00	849.00	
03550500	0206	19420206	20150206	49	314.22	257.67	75.00	1500.00		87.00	89.00	121.00	143.00	150.00	167.00	177.50	199.00	214.00	225.00	251.50	260.00	327.00	398.00	413.00	421.00	500.50	580.00	832.00	
03550500	0207	19420207	20150207	49	283.43	163.50	72.00	738.00		77.50	104.00	117.00	153.00	173.50	175.00	199.50	208.00	225.00	241.00	251.00	296.00	310.00	332.00	360.50	405.00	484.50	555.00	630.00	
03550500	0208	19420208	20150208	49	248.10	122.22	71.00	575.00		86.50	103.00	120.00	142.00	152.00	162.00	177.50	199.00	205.00	228.00	235.00	249.00	273.50	301.00	340.50	364.00	416.50	425.00	479.50	
03550500	0209	19420209	20150209	49	245.82	135.18	66.00	859.00		90.00	105.00	119.50	135.00	150.50	162.00	185.50	191.00	212.50	217.00	235.00	254.00	261.50	310.00	320.50	343.00	366.50	406.00	446.00	
03550500	0210	19420210	20150210	49	291.51	388.18	77.00	2790.00		102.00	112.00	127.00	141.00	145.50	163.00	179.50	186.00	199.00	209.00	219.50	224.00	280.00	297.00	319.00	332.00	354.00	404.00	690.00	
03550500	0211	19420211	20150211	49	266.33	194.32	94.00	1200.00		102.50	112.00	122.50	136.00	160.50	167.00	181.50	199.00	204.50	209.00	219.50	269.00	276.50	288.00	300.50	333.00	370.00	420.00	761.00	
03550500	0212	19420212	20150212	49	257.94	182.63	99.00	1170.00		109.00	123.00	129.00	144.00	152.50	161.00	169.00	177.00	196.00	203.00	215.50	249.00	259.50	280.00	301.50	315.00	339.00	464.00	630.00	
03550500	0213	19420213	20150213	49	301.63	413.63	97.00	2970.00		108.50	131.00	141.00	142.00	150.00	162.00	174.50	184.00	196.00	218.00	230.00	235.00	258.00	281.00	300.50	338.00	388.50	444.00	739.00	
03550500	0214	19420214	20150214	49	258.86	208.03	97.00	1280.00		104.50	122.00	133.50	140.00	142.50	150.00	159.00	168.00	194.50	207.00	220.50	228.00	262.00	274.00	280.50	291.00	369.50	415.00	764.50	
03550500	0215	19420215	20150215	49	233.10	127.43	93.00	700.00		101.50	110.00	128.00	134.00	138.00	148.00	154.00	169.00	187.00	202.00	222.50	227.00	244.00	263.00	291.00	328.00	355.50	376.00	534.00	
03550500	0216	19420216	20150216	49	261.22	194.83	89.00	1130.00		98.00	117.00	120.50	134.00	137.50	165.00	179.00	190.00	197.50	207.00	232.50	249.00	259.50	273.00	302.00	315.00	375.50	440.00	749.00	
03550500	0217	19420217	20150217	49	263.02	168.46	86.00	1030.00		97.00	115.00	129.50	157.00	170.00	180.00	185.00	195.00	206.00	220.00	234.50	246.00	268.00	284.00	306.00	352.00	396.50	443.00	619.00	
03550500	0218	19420218	20150218	49	261.71	125.26	100.00	598.00		112.00	124.00	135.50	158.00	173.50	181.00	191.00	200.00	209.50	230.00	245.50	264.00	278.50	309.00	346.00	367.00	390.50	479.00	552.00	
03550500	0219	19420219	20150219	49	256.06	119.89	111.00	566.00		123.00	128.00	137.00	155.00	170.00	184.00	188.50	199.00	213.50	233.00	239.00	246.00	252.00	264.00	302.00	367.00	414.00	476.00	507.00	
03550500	0220	19420220	20150220	49	261.41	144.37	110.00	858.00		114.00	134.00	157.00	159.00	168.00	175.00	193.50	200.00	213.00	220.00	230.50	239.00	261.50	305.00	320.50	344.00	367.50	404.00	629.50	
03550500	0221	19420221	20150221	49	294.67	350.90	106.00	2510.00		110.00	124.00	139.00	155.00	170.50	180.00	198.00	209.00	216.50	227.00	237.50	258.00	264.00	281.00	288.00	322.00	339.50	386.00	731.50	
03550500	0222	19420222	20150222	49	277.71	196.47	102.00	1130.00		107.50	123.00	152.50	161.00	173.00	184.00	198.00	202.00	213.50	226.00	230.00	253.00	267.50	278.00	318.00	339.00	359.00	457.00	831.50	
03550500	0223	19420223	20150223	49	270.27	190.18	97.00	1270.00		105.50	144.00	152.50	162.00	168.00	175.00	182.50	201.00	210.00	212.00	220.50	232.00	246.00	277.00	316.50	363.00	387.50	461.00	619.50	
03550500	0224	19420224	20150224	49	276.92	213.10	95.00	1160.00		111.50	132.00	149.00	160.00	166.00	169.00	179.00	198.00	201.00	211.00	220.00	232.00	241.50	284.00	288.50	319.00	349.00	501.00	903.50	
03550500	0225	19420225	20150225	49	301.49	401.04	93.00	2780.00		113.50	122.00	144.00	154.00	163.00	168.00	180.00	186.00	193.00	196.00	204.00	214.00	228.00	229.00	278.50	298.00	371.00	563.00	880.50	
03550500	0226	19420226	20150226	49	267.29	187.58	92.00	1050.00		108.50	118.00	137.50	150.00	161.50	170.00	178.50	184.00	187.00	194.00	198.50	217.00	239.00	264.00	289.50	374.00	433.50	556.00	681.00	
03550500	0227	19420227	20150227	49	252.41	163.04	95.00	1030.00		105.00	114.00	135.00	146.00	159.00	163.00	171.00	175.00	180.00	192.00	201.00	217.00	261.50	282.00	329.00	353.00	386.00	472.00	544.00	
03550500	0228	19420228	20150228	49	241.67	116.15	100.00	605.00		109.00	130.00	142.00	146.00	156.50	165.00	167.50	174.00	189.50	203.00	216.00	234.00	265.50	297.00	306.00	336.00	368.00	417.00	511.50	
03550500	0229	19440229	20120229	12	200.67	87.10	113.00	440.00			120.50	136.75	138.60	141.50	148.00	152.30	157.40	165.20	178.50	193.00	206.00	210.00	213.70	237.75	248.20	259.50	383.00		
03550500	0301	19420301	20150301	49	222.08	84.68	112.00	452.00		120.50	138.00	142.50	150.00	155.00	165.00	170.50	175.00	183.50	194.00	205.50	215.00	238.50	263.00	279.00	298.00	327.00	346.00	400.00	
03550500	0302	19420302	20150302	49	223.90	85.68	104.00	428.00		115.50	127.00	143.50	153.00	159.00	165.00	166.00	171.00	174.50	186.00	220.00	237.00	255.50	278.00	295.50	300.00	327.50	349.00	405.00	
03550500	0303	19420303	20150303	49	233.55	97.75	102.00	560.00		114.50	124.00	137.00	147.00	158.50	160.00	170.50	184.00	189.00	210.00	228.00	249.00	283.00	294.00	301.00	308.00	326.00	356.00	424.00	
03550500	0304	19420304	20150304	49	368.04	661.22	103.00	4590.00		123.50	134.00	147.50	154.00	159.00	169.00	175.00	184.00	211.00	226.00	237.00	261.00	266.50	278.00	289.00	301.00	407.50	447.00	1295.00	
03550500	0305	19420305	20150305	49	288.31	258.14	127.00	1780.00		135.00	152.00	156.00	161.00	168.50	191.00	197.50	203.00	207.50	216.00	231.00	247.00	262.50	278.00	285.00	333.00	345.00	414.00	774.00	
03550500	0306	19420306	20150306	49	314.84	269.47	121.00	1570.00		134.00	162.00	167.00	176.00	188.50	198.00	208.00	215.00	223.00	231.00	249.00	261.00	273.00	277.00	307.50	368.00	397.00	510.00	1105.00	
03550500	0307	19420307	20150307	49	295.49	163.59	114.00	902.00		127.50	156.00	162.00	173.00	184.50	196.00	212.00	223.00	230.50	243.00	254.50	264.00	279.50	334.00	362.50	389.00	433.50	576.00	655.50	
03550500	0308	19420308	20150308	49	309.53	209.65	110.00	1190.00		122.50	148.00	158.00	168.00	189.50	202.00	207.50	218.00	243.00	254.00	265.00	294.00	302.50	316.00	360.00	375.00	420.00	578.00	886.50	
03550500	0309	19420309	20150309	49	286.14	193.61	105.00	1280.00		121.50	144.00	155.00	181.00	189.00	202.00	218.00	233.00	236.00	243.00	252.50	262.00	277.00	278.00	291.50	301.00	357.50	478.00	722.00	
03550500	0310	19420310	20150310	49	286.55	220.63	101.00	1260.00		121.50	149.00	154.00	172.00	184.50	194.00	220.00	225.00	228.50	230.00	232.00	242.00	258.00	266.00	294.00	315.00	405.50	450.00	864.00	
03550500	0311	19420311	20150311	49	320.00	486.60	99.00	3560.00		119.50	145.00	156.00	170.00	178.00	186.00	199.00	213.00	217.50	226.00	237.00	248.00	266.00	270.00	298.00	314.00	363.00	412.00	658.00	
03550500	0312	19420312	20150312	49	344.84	341.60	96.00	1610.00		120.50	153.00	165.50	173.00	178.50	188.00	206.00	212.00	232.50	242.00	258.00	265.00	281.00	314.00	332.00	357.00	458.00	504.00	1540.00	
03550500	0313	19420313	20150313	49	374.53	440.16	96.00	2470.00		115.00	149.00	157.00	168.00	188.50	193.00	200.50	206.00	219.50	228.00	248.00	266.00	280.50	322.00	346.50	393.00	517.50	746.00	1565.00	
03550500	0314	19420314	20150314	49	327.20	267.79	94.00	1460.00		130.00	141.00	150.00	166.00	180.00	193.00	197.00	212.00	218.00	237.00	249.00	270.00	299.00	336.00	337.50	357.00	452.00	837.00	959.00	
03550500	0315	19420315	20150315	49	309.61	260.18	91.00	1830.00		133.00	146.00	153.50	175.00	184.50	200.00	216.50	226.00	242.00	247.00	261.00	271.00	299.50	305.00	320.50	347.00	414.00	560.00	695.00	
03550500	0316	19420316	20150316	49	308.76	227.77	96.00	1400.00		138.00	149.00	163.50	170.00	189.50	205.00	210.50	226.00	230.50	233.00	244.50	267.00	282.00	304.00	342.00	353.00	437.50	555.00	862.00	
03550500	0317	19420317	20150317	49	307.57	240.51	90.00	1460.00		131.00	143.00	164.50	175.00	184.00	191.00	196.50	204.00	213.50	227.00	244.00	257.00	279.00	315.00	340.50	388.00	440.50	538.00	870.00	
03550500	0318	19420318	20150318	49	277.92	165.14	101.00	1060.00		142.00	154.00	165.50	177.00	185.00	194.00	199.50	210.00	218.50	228.00	244.50	251.00	274.00	293.00	325.50	333.00	356.50	440.00	651.50	
03550500	0319	19420319	20150319	49	282.94	144.19	94.00	855.00		142.00	155.00	161.00	180.00	197.00	206.00	213.00	216.00	227.50	244.00	258.00	270.00	293.00	297.00	305.00	350.00	428.00	474.00	610.50	
03550500	0320	19420320	20150320	49	274.63	144.46	89.00	718.00		145.50	150.00	160.50	173.00	185.50	193.00	203.00	206.00	220.50	234.00	249.00	259.00	265.00	268.00	290.00	329.00	432.50	485.00	697.50	
03550500	0321	19420321	20150321	49	317.55	284.55	87.00	1930.00		137.00	143.00	169.00	180.00	187.00	199.00	203.50	212.00	232.00	238.00	239.50	250.00	268.50	287.00	374.00	409.00	444.00	452.00	859.00	
03550500	0322	19420322	20150322	49	320.04	248.68	96.00	1440.00		132.00	140.00	160.00	175.00	186.50	195.00	207.50	218.00	227.50	232.00	242.50	270.00	298.00	340.00	372.00	400.00	448.00	534.00	976.50	
03550500	0323	19420323	20150323	49	317.39	310.90	91.00	2240.00		125.00	150.00	157.00	170.00	184.50	195.00	205.50	215.00	226.00	234.00	239.00	278.00	296.50	328.00	354.50	378.00	436.00	490.00	655.00	
03550500	0324	19420324	20150324	49	300.14	176.50	87.00	1030.00		120.50	140.00	152.00	180.00	188.00	203.00	216.50	226.00	242.50	259.00	266.00	281.00	313.50	333.00	349.00	380.00	432.50	496.00	714.00	
03550500	0325	19420325	20150325	49	278.82	143.93	85.00	769.00		125.00	135.00	149.00	161.00	180.50	195.00	215.50	223.00	235.50	253.00	257.50	282.00	297.50	304.00	314.50	347.00	377.00	541.00	635.00	
03550500	0326	19420326	20150326	49	306.22	276.34	81.00	1980.00		126.50	140.00	153.00	165.00	188.00	197.00	206.00	215.00	235.50	253.00	268.00	281.00	291.00	295.00	319.50	362.00	432.00	471.00	687.00	
03550500	0327	19420327	20150327	49	294.90	172.63	80.00	927.00		136.50	142.00	156.00	166.00	177.00	190.00	202.50	215.00	240.00	252.00	270.00	284.00	291.50	298.00	344.50	374.00	448.50	550.00	720.00	
03550500	0328	19420328	20150328	49	303.04	178.98	78.00	905.00		129.50	138.00	148.50	164.00	177.00	181.00	209.50	219.00	232.50	260.00	276.00	297.00	311.50	323.00	383.00	423.00	458.50	501.00	766.50	
03550500	0329	19420329	20150329	49	363.57	311.23	79.00	1590.00		128.00	145.00	154.00	166.00	170.50	174.00	199.50	220.00	234.00	246.00	276.00	294.00	361.50	379.00	401.00	469.00	619.00	668.00	1235.00	
03550500	0330	19420330	20150330	49	407.80	526.27	131.00	3620.00		134.50	145.00	159.50	161.00	166.00	169.00	204.00	211.00	227.50	242.00	269.00	296.00	340.00	377.00	479.00	550.00	613.50	746.00	1095.00	
03550500	0331	19420331	20150331	49	354.24	287.77	127.00	1520.00		132.00	141.00	145.50	157.00	161.00	184.00	203.50	215.00	240.50	258.00	278.00	336.00	355.00	434.00	475.00	500.00	535.50	607.00	1088.00	
03550500	0401	19420401	20150401	48	319.02	199.32	124.00	1150.00		128.50	138.90	145.70	153.80	167.75	198.30	207.75	217.60	229.95	262.50	299.70	314.00	340.55	402.20	420.50	446.60	468.90	533.80	751.65	
03550500	0402	19420402	20150402	48	294.96	144.26	122.00	694.00		132.90	142.40	148.35	167.00	176.25	188.00	198.50	211.20	246.05	255.50	280.25	344.80	362.85	375.50	389.50	400.40	412.60	464.80	661.60	
03550500	0403	19420403	20150403	48	322.92	258.24	120.00	1610.00		131.70	136.90	146.00	157.40	174.00	188.10	208.95	226.80	237.05	257.50	295.40	328.00	345.70	355.30	358.75	372.40	386.55	519.30	964.95	
03550500	0404	19420404	20150404	48	345.58	308.24	116.00	1560.00		132.45	142.70	157.40	172.80	184.25	188.70	220.90	232.60	246.45	260.00	267.00	292.80	306.95	322.60	332.75	352.00	413.35	850.70	1260.00	
03550500	0405	19420405	20150405	48	360.06	386.46	116.00	2280.00		132.15	142.40	153.05	169.40	179.25	191.10	209.45	212.60	232.45	255.50	283.85	287.40	293.10	310.70	324.00	373.20	502.30	667.90	1354.50	
03550500	0406	19420406	20150406	48	319.90	210.54	114.00	952.00		130.50	141.00	157.80	167.60	175.00	195.60	212.50	232.40	267.05	271.00	275.80	279.20	287.40	310.40	340.25	403.60	506.00	583.70	913.15	
03550500	0407	19420407	20150407	48	311.02	185.88	110.00	912.00		129.80	140.70	166.05	175.40	184.00	195.40	220.00	233.00	245.15	255.00	260.90	288.80	305.65	315.90	369.50	425.00	488.40	597.00	814.75	
03550500	0408	19420408	20150408	48	292.79	168.80	107.00	1050.00		126.00	134.70	151.15	165.20	176.50	190.20	206.75	220.20	232.35	246.50	284.30	290.20	298.00	313.70	349.00	403.00	462.60	506.50	593.20	
03550500	0409	19420409	20150409	48	267.27	124.60	106.00	714.00		123.80	133.80	145.75	164.00	172.75	192.70	209.75	216.60	218.50	235.00	264.70	269.80	279.95	304.60	324.50	342.40	404.00	435.80	518.50	
03550500	0410	19420410	20150410	48	246.77	97.31	107.00	558.00		118.90	130.30	138.75	154.80	187.00	198.80	207.00	210.00	218.25	228.50	243.50	248.80	254.55	293.90	307.25	311.80	360.20	377.70	442.60	
03550500	0411	19420411	20150411	48	264.40	136.30	105.00	878.00		120.30	136.40	148.35	176.60	187.25	191.80	202.30	215.00	226.35	241.50	255.35	259.00	275.00	291.90	295.00	323.00	358.85	417.40	567.95	
03550500	0412	19420412	20150412	48	290.54	169.80	102.00	1020.00		118.30	127.90	140.05	174.20	180.00	190.70	212.00	221.60	226.15	242.50	263.60	276.80	290.95	326.10	373.25	388.00	415.95	547.30	638.80	
03550500	0413	19420413	20150413	48	336.04	376.16	106.00	2510.00		113.85	123.00	142.00	168.60	174.00	185.40	191.30	205.40	223.30	241.00	251.60	255.40	267.95	296.70	314.75	361.20	507.00	610.70	982.75	
03550500	0414	19420414	20150414	48	292.08	232.81	105.00	1280.00		111.50	120.60	130.00	164.00	175.25	181.10	211.45	219.80	229.15	236.50	242.90	252.40	260.70	271.60	289.50	324.80	407.80	547.00	942.35	
03550500	0415	19420415	20150415	48	291.46	195.16	101.00	1150.00		106.50	116.70	128.35	160.00	169.75	190.10	208.20	221.60	228.65	249.50	260.65	272.60	285.10	316.40	325.75	351.20	438.70	501.20	771.95	
03550500	0416	19420416	20150416	48	320.73	323.38	98.00	1830.00		108.35	118.60	133.35	157.00	169.00	179.10	202.75	215.40	231.20	244.50	255.65	265.40	296.65	311.30	319.00	382.20	429.20	537.60	1185.15	
03550500	0417	19420417	20150417	48	265.56	134.02	97.00	681.00		108.35	115.00	141.30	157.40	168.25	180.60	200.20	208.60	229.15	243.00	259.55	272.20	281.40	299.80	315.75	344.00	386.90	466.70	601.80	
03550500	0418	19420418	20150418	48	256.19	123.43	93.00	785.00		105.80	114.80	154.85	167.00	171.50	196.80	201.30	207.00	221.25	234.00	247.90	251.60	261.40	276.80	293.75	348.60	364.95	422.70	482.10	
03550500	0419	19420419	20150419	48	274.02	167.69	91.00	1060.00		108.05	125.30	151.55	162.80	169.50	192.10	200.10	216.20	234.10	237.50	243.80	251.20	266.10	283.50	313.25	354.20	397.10	414.80	662.65	
03550500	0420	19420420	20150420	48	252.73	157.32	89.00	1150.00		104.70	120.50	151.05	159.00	185.00	192.20	203.15	206.00	212.25	221.00	224.95	229.80	244.85	261.00	293.00	329.00	354.45	387.80	422.05	
03550500	0421	19420421	20150421	48	227.85	90.66	89.00	600.00		100.80	124.50	145.70	152.20	163.50	181.00	192.60	199.20	212.00	215.50	223.80	230.80	238.85	246.60	279.75	309.20	315.55	337.70	366.95	
03550500	0422	19420422	20150422	48	229.96	84.84	96.00	468.00		103.70	135.00	143.75	152.60	160.50	187.50	193.00	205.20	210.10	219.00	224.90	229.40	252.15	280.90	290.00	297.40	309.30	326.00	428.50	
03550500	0423	19420423	20150423	48	224.02	77.18	99.00	521.00		115.90	138.50	143.40	151.80	164.50	181.00	193.00	194.60	202.05	204.00	218.00	222.40	255.85	278.60	284.50	294.20	297.65	308.70	329.30	
03550500	0424	19420424	20150424	48	229.23	100.39	97.00	674.00		105.60	139.20	145.05	155.80	176.25	183.70	186.15	196.40	207.10	209.00	211.95	233.60	254.25	264.20	273.75	280.20	288.95	294.20	452.70	
03550500	0425	19420425	20150425	48	244.52	154.34	94.00	1120.00		101.25	128.80	144.35	166.00	173.50	176.00	184.00	189.20	196.45	208.00	211.85	233.00	251.30	262.80	281.75	296.80	314.30	380.40	453.50	
03550500	0426	19420426	20150426	48	229.02	85.74	94.00	480.00		98.70	137.00	143.90	162.00	164.25	173.60	181.30	189.20	195.05	217.00	224.90	244.00	251.10	273.10	289.75	302.20	318.90	327.40	421.40	
03550500	0427	19420427	20150427	48	243.67	139.87	92.00	966.00		96.15	133.20	139.50	148.60	158.00	164.60	179.75	193.60	209.35	218.50	234.40	249.00	261.35	274.30	276.50	295.20	315.95	371.70	491.25	
03550500	0428	19420428	20150428	48	265.38	182.42	90.00	1100.00		126.70	131.90	142.40	150.40	154.25	174.80	189.15	195.60	204.00	208.00	226.10	235.60	254.35	266.80	280.00	289.40	378.70	501.40	688.60	
03550500	0429	19420429	20150429	48	260.79	156.54	90.00	715.00		119.60	127.90	137.40	147.20	155.25	174.40	179.15	193.00	201.20	212.00	217.90	221.80	249.85	259.80	273.00	330.80	457.55	608.40	639.35	
03550500	0430	19420430	20150430	48	284.40	290.96	86.00	1830.00		113.40	125.70	141.40	148.00	160.00	171.40	181.75	188.20	193.10	199.00	203.80	227.80	246.25	259.20	289.25	373.20	390.65	437.60	925.40	
03550500	0501	19420501	20150501	48	239.48	154.26	82.00	1070.00		114.80	128.00	136.70	143.80	157.25	174.40	183.15	188.00	191.10	195.00	211.95	226.60	237.40	242.00	252.50	292.40	339.70	364.20	526.40	
03550500	0502	19420502	20150502	48	232.23	135.87	81.00	901.00		110.80	133.40	140.00	143.60	148.50	165.20	173.00	175.80	184.00	188.50	197.85	216.20	222.55	232.90	265.50	305.20	327.95	408.30	475.45	
03550500	0503	19420503	20150503	48	240.81	132.37	77.00	613.00		106.10	130.70	135.35	145.80	156.25	168.10	173.00	185.40	196.20	205.50	209.85	218.80	227.55	238.30	282.50	309.20	362.30	455.80	601.40	
03550500	0504	19420504	20150504	48	230.90	112.41	74.00	591.00		104.90	133.80	138.35	145.00	156.50	163.40	167.00	185.00	191.40	201.50	209.65	216.20	224.95	261.30	268.00	310.40	338.20	380.20	526.90	
03550500	0505	19420505	20150505	48	228.73	158.62	72.00	1140.00		100.35	127.80	130.00	137.40	149.00	158.10	163.15	170.00	177.10	183.50	202.95	207.20	224.40	244.60	266.00	290.20	309.05	379.60	414.40	
03550500	0506	19420506	20150506	48	226.94	167.20	83.00	1160.00		96.00	122.00	126.70	132.40	141.25	150.40	157.30	161.20	169.15	180.50	187.95	198.20	222.10	232.90	248.25	278.00	326.85	368.50	478.35	
03550500	0507	19420507	20150507	48	227.04	126.56	85.00	689.00		105.00	121.60	130.35	140.40	147.25	154.50	160.05	171.40	182.05	183.50	202.75	212.80	217.40	240.00	261.00	294.40	321.30	416.90	569.25	
03550500	0508	19420508	20150508	48	221.77	125.28	78.00	840.00		96.25	119.40	122.45	140.00	151.75	161.30	165.45	173.80	178.20	188.00	193.90	206.20	221.65	233.80	274.75	296.00	322.15	347.60	440.45	
03550500	0509	19420509	20150509	48	208.21	93.99	74.00	589.00		100.85	112.90	122.10	136.40	149.75	153.40	158.00	174.80	182.10	185.50	190.80	201.60	219.95	234.00	262.00	276.80	290.65	297.80	406.15	
03550500	0510	19420510	20150510	48	192.88	71.33	76.00	438.00		93.25	111.90	119.40	135.80	147.00	150.70	166.00	169.00	173.15	179.50	181.95	196.20	211.10	215.00	238.00	248.40	261.75	279.40	339.75	
03550500	0511	19420511	20150511	48	194.85	71.29	96.00	379.00		104.80	111.90	115.70	134.20	144.25	153.20	158.60	170.20	177.15	185.00	192.85	199.80	211.40	222.30	225.50	232.20	261.05	330.20	365.85	
03550500	0512	19420512	20150512	48	200.29	98.52	78.00	550.00		97.50	107.70	112.40	123.20	147.00	155.80	160.30	165.80	174.05	180.00	188.70	199.80	204.55	211.70	221.00	227.00	269.00	312.30	491.40	
03550500	0513	19420513	20150513	48	200.98	71.43	72.00	400.00		94.75	110.80	121.65	152.80	158.25	159.00	162.45	172.20	176.55	191.50	196.85	200.00	212.50	232.00	241.75	268.80	299.10	308.20	325.95	
03550500	0514	19420514	20150514	48	207.94	108.51	77.00	677.00		91.30	106.80	120.55	139.60	150.50	156.10	166.00	167.20	173.30	180.50	184.00	194.00	210.10	226.40	241.25	256.80	269.55	341.30	471.45	
03550500	0515	19420515	20150515	48	269.02	514.98	96.00	3730.00		98.90	114.80	134.70	144.00	147.75	158.10	160.00	162.80	166.05	171.50	191.25	198.40	209.70	232.30	246.75	255.20	272.95	313.30	388.70	
03550500	0516	19420516	20150516	48	212.02	150.93	85.00	1060.00		96.35	109.50	127.75	139.20	147.25	153.70	156.15	159.60	167.25	174.50	180.85	189.80	195.55	219.70	235.25	248.40	274.50	293.30	502.55	
03550500	0517	19420517	20150517	48	196.54	99.58	82.00	657.00		95.25	103.40	116.80	135.80	147.00	151.80	157.15	160.00	166.00	171.50	183.50	186.40	188.00	203.70	230.00	235.80	255.95	304.50	405.10	
03550500	0518	19420518	20150518	48	192.60	98.53	81.00	602.00		94.25	101.90	114.75	131.20	143.75	149.00	151.60	158.60	164.00	165.00	168.90	178.40	185.00	202.30	214.00	234.00	242.00	317.50	447.45	
03550500	0519	19420519	20150519	48	186.40	81.63	90.00	524.00		97.45	113.70	127.40	137.60	140.00	146.10	151.30	155.80	161.10	164.00	164.95	170.80	184.50	192.90	196.75	223.60	236.20	318.60	364.80	
03550500	0520	19420520	20150520	48	189.23	87.79	87.00	517.00		95.25	115.40	126.70	134.80	138.25	145.10	149.15	153.80	158.10	162.50	170.85	178.80	188.85	193.70	204.00	214.60	251.80	320.80	417.35	
03550500	0521	19420521	20150521	48	186.10	72.80	86.00	387.00		89.70	105.60	125.05	133.20	135.75	138.70	144.00	146.80	155.20	167.50	177.70	189.40	191.70	209.50	217.25	242.20	278.65	302.10	352.50	
03550500	0522	19420522	20150522	48	213.02	210.29	82.00	1530.00		85.25	115.30	123.05	128.40	132.25	134.40	143.05	151.80	162.05	168.00	173.85	185.20	200.70	204.90	224.25	237.60	267.95	294.10	454.85	
03550500	0523	19420523	20150523	48	221.67	263.85	81.00	1910.00		83.45	109.20	119.75	124.80	129.25	136.10	152.15	157.20	160.05	165.00	171.90	186.60	205.85	214.70	224.25	238.80	248.30	281.00	520.30	
03550500	0524	19420524	20150524	48	190.96	120.71	78.00	753.00		80.90	105.40	114.05	121.80	126.00	134.90	145.30	150.20	153.05	161.00	164.85	184.80	191.85	199.50	206.50	212.00	241.95	287.50	506.40	
03550500	0525	19420525	20150525	48	181.50	91.33	75.00	515.00		76.90	104.40	117.05	122.00	124.25	134.70	139.90	146.20	149.05	155.50	165.80	172.80	186.00	193.00	206.00	213.40	239.90	301.70	439.30	
03550500	0526	19420526	20150526	48	184.94	85.35	73.00	454.00		89.70	112.00	117.40	120.80	130.50	133.70	137.15	144.40	151.10	157.50	170.85	176.60	185.10	198.30	216.75	229.60	253.70	311.00	400.10	
03550500	0527	19420527	20150527	48	230.19	271.97	73.00	1860.00		94.10	115.60	118.35	121.40	122.25	130.80	139.60	144.20	150.15	162.00	167.90	175.80	184.95	195.50	209.25	229.20	291.85	343.30	690.50	
03550500	0528	19420528	20150528	48	268.56	459.49	72.00	3170.00		102.25	110.80	113.40	116.80	123.00	128.80	132.30	137.00	143.60	161.50	165.80	169.00	177.25	199.30	243.25	275.80	294.25	361.20	884.60	
03550500	0529	19420529	20150529	48	209.48	206.02	77.00	1260.00		99.90	108.90	113.05	121.00	125.00	128.00	133.90	142.80	148.10	151.00	154.95	160.60	170.55	181.50	221.75	236.40	273.90	294.30	715.80	
03550500	0530	19420530	20150530	48	186.15	118.48	73.00	688.00		94.60	116.00	118.70	121.80	126.00	128.70	134.30	138.60	143.00	151.00	152.00	164.80	166.85	185.00	202.00	234.20	250.30	292.70	515.95	
03550500	0531	19420531	20150531	48	206.19	246.81	71.00	1760.00		94.00	104.80	113.00	115.80	120.50	122.00	124.00	129.00	136.05	141.00	151.75	157.00	161.55	180.60	211.75	245.80	265.45	284.20	517.15	
03550500	0601	19420601	20150601	48	212.56	213.63	81.00	1140.00		90.00	95.90	105.10	115.40	118.00	120.10	127.00	131.00	136.20	142.50	145.95	157.80	170.80	197.50	226.00	237.00	256.10	313.40	902.25	
03550500	0602	19420602	20150602	48	188.90	126.31	77.00	662.00		87.45	97.00	102.45	112.80	116.00	120.10	126.15	131.00	136.10	142.50	146.95	156.80	164.55	188.90	220.75	240.00	265.70	365.00	548.65	
03550500	0603	19420603	20150603	48	183.38	131.66	69.00	790.00		83.80	95.60	101.05	106.60	112.00	115.40	117.45	125.00	132.05	136.50	141.00	147.20	153.85	187.80	207.25	227.20	245.80	392.30	459.75	
03550500	0604	19420604	20150604	48	196.31	171.68	66.00	990.00		81.80	89.80	97.05	106.20	111.25	116.50	120.15	123.20	128.05	130.00	140.85	148.40	155.40	173.90	194.75	222.80	315.20	411.10	624.60	
03550500	0605	19420605	20150605	48	185.08	141.05	63.00	851.00		77.80	89.60	94.10	103.80	109.00	115.70	119.00	122.80	127.05	131.50	135.95	145.20	177.45	185.60	198.25	245.80	266.80	365.80	492.25	
03550500	0606	19420606	20150606	48	173.60	130.29	60.00	844.00		77.25	88.50	94.00	103.20	106.50	110.70	113.30	118.80	122.00	128.00	132.95	144.80	159.85	177.00	184.00	223.80	265.75	309.40	433.20	
03550500	0607	19420607	20150607	48	157.96	89.03	59.00	575.00		80.45	91.20	98.05	102.40	106.50	111.80	113.15	117.20	123.05	126.50	133.90	140.20	162.60	172.60	176.25	202.60	225.65	250.70	345.20	
03550500	0608	19420608	20150608	48	154.44	72.23	57.00	440.00		83.45	88.80	97.00	97.00	106.25	109.40	112.30	115.80	124.05	126.00	133.70	158.40	166.85	175.30	194.25	206.00	219.65	273.80	290.55	
03550500	0609	19420609	20150609	48	150.17	65.44	55.00	410.00		81.25	92.70	94.00	100.60	104.75	110.70	120.00	122.00	126.00	130.00	133.95	157.80	163.85	166.80	175.75	186.80	196.55	245.90	291.40	
03550500	0610	19420610	20150610	48	153.29	72.62	54.00	413.00		79.95	88.80	93.05	97.60	104.25	110.80	116.00	118.00	121.05	122.50	142.70	152.80	160.95	171.50	178.25	199.40	218.55	244.80	335.25	
03550500	0611	19420611	20150611	48	144.62	60.85	52.00	385.00		75.15	87.60	94.00	103.40	104.25	109.50	113.60	119.00	122.00	126.50	139.70	146.80	156.00	160.70	171.50	176.60	186.25	219.70	287.70	
03550500	0612	19420612	20150612	48	139.81	58.14	52.00	357.00		72.15	85.90	87.35	101.60	103.25	106.70	112.15	114.60	119.10	127.00	135.90	140.20	147.85	155.30	156.75	167.20	181.85	206.10	286.85	
03550500	0613	19420613	20150613	48	142.23	56.85	51.00	335.00		69.80	80.90	87.35	101.80	106.75	110.70	115.15	118.60	123.25	132.00	139.95	144.80	148.70	155.00	156.75	174.80	205.60	219.70	270.10	
03550500	0614	19420614	20150614	48	137.27	50.28	51.00	314.00		70.60	78.90	95.35	97.80	103.25	106.00	114.30	122.20	133.00	136.50	140.80	143.40	144.85	147.60	151.00	160.00	175.95	196.10	256.20	
03550500	0615	19420615	20150615	48	162.21	196.89	54.00	1440.00		71.45	79.60	89.70	95.60	99.00	103.10	105.15	111.20	115.45	128.50	131.85	137.40	140.00	142.90	154.00	170.80	186.70	224.20	336.60	
03550500	0616	19420616	20150616	48	157.56	144.68	53.00	1010.00		70.80	80.80	89.40	94.80	96.50	103.50	107.45	119.80	124.00	126.00	128.95	131.00	133.85	136.30	153.00	166.00	191.55	255.60	413.30	
03550500	0617	19420617	20150617	48	141.79	78.08	50.00	473.00		70.35	77.80	85.00	88.80	95.25	98.00	100.60	112.20	120.00	123.00	127.90	129.80	133.70	141.40	153.25	171.40	210.85	234.40	326.25	
03550500	0618	19420618	20150618	48	130.52	52.23	45.00	292.00		72.80	81.40	84.35	87.40	94.25	97.40	101.90	109.80	119.15	122.00	125.95	129.40	133.70	138.80	148.75	154.60	179.70	217.00	263.10	
03550500	0619	19420619	20150619	48	133.27	97.11	44.00	736.00		68.25	80.90	84.35	87.60	95.25	100.00	104.60	110.20	115.05	117.50	118.95	124.00	125.00	129.50	138.25	145.20	160.50	184.70	239.45	
03550500	0620	19420620	20150620	48	138.94	113.39	43.00	837.00		68.00	76.50	85.35	89.60	94.25	99.70	104.30	110.60	114.00	114.50	117.90	122.00	127.70	134.70	145.00	152.20	172.55	200.00	281.85	
03550500	0621	19420621	20150621	48	136.23	95.48	45.00	615.00		63.35	81.30	84.00	85.60	88.00	92.00	95.60	102.20	109.05	110.50	112.90	118.00	122.00	135.20	141.25	164.40	173.25	225.40	370.35	
03550500	0622	19420622	20150622	48	128.21	60.94	47.00	346.00		68.50	75.90	82.00	84.40	92.00	93.40	104.15	106.00	110.00	112.50	118.90	120.80	127.00	135.20	139.50	148.00	163.90	196.50	311.75	
03550500	0623	19420623	20150623	48	121.15	49.09	44.00	291.00		64.05	76.60	80.05	82.00	89.75	97.90	102.15	103.60	106.00	109.00	112.95	117.40	121.85	129.30	132.00	150.80	163.65	176.00	251.65	
03550500	0624	19420624	20150624	48	118.79	53.61	40.00	269.00		61.95	72.80	76.70	78.80	83.25	88.00	96.30	99.20	101.20	106.00	108.00	111.00	115.70	121.30	123.50	137.20	181.25	218.10	255.85	
03550500	0625	19420625	20150625	48	117.48	56.62	38.00	322.00		61.95	71.70	73.05	78.40	79.75	91.80	94.30	96.60	102.00	103.00	104.95	109.00	111.70	117.20	124.00	137.00	170.05	193.70	269.05	
03550500	0626	19420626	20150626	48	118.23	55.73	37.00	260.00		64.00	65.00	71.35	74.40	81.25	90.40	94.45	98.60	99.00	100.50	103.00	108.80	114.00	122.00	127.00	138.00	191.55	223.60	254.40	
03550500	0627	19420627	20150627	48	117.10	69.55	40.00	488.00		61.45	67.40	70.05	77.00	87.75	90.00	91.45	96.00	96.05	98.50	99.95	103.00	105.00	109.90	122.00	141.40	173.60	187.70	230.40	
03550500	0628	19420628	20150628	48	125.02	74.31	40.00	410.00		60.00	64.70	72.05	76.80	85.25	87.00	91.00	94.80	97.15	105.00	105.95	108.60	114.85	127.20	138.50	154.40	172.00	232.80	320.10	
03550500	0629	19420629	20150629	48	122.81	71.51	52.00	437.00		57.45	61.90	72.40	79.00	82.25	85.70	89.00	91.00	92.00	95.00	99.90	101.20	120.75	124.50	148.25	162.00	203.50	219.10	263.15	
03550500	0630	19420630	20150630	48	131.48	101.57	44.00	681.00		55.45	66.50	72.35	76.80	80.50	83.00	87.15	89.80	92.00	94.50	97.00	109.20	121.55	130.60	138.75	177.80	207.10	255.20	277.25	
03550500	0701	19420701	20150701	48	124.81	85.29	39.00	570.00		55.25	67.20	68.35	73.60	78.00	79.70	83.30	87.60	93.05	100.00	106.75	119.60	123.00	126.30	143.75	159.40	189.20	202.00	279.15	
03550500	0702	19420702	20150702	48	120.04	63.93	37.00	382.00		58.00	63.60	69.05	74.20	79.75	84.00	85.15	87.60	95.10	100.50	109.70	116.60	121.00	129.60	136.50	161.20	184.80	204.80	257.20	
03550500	0703	19420703	20150703	48	145.04	169.81	34.00	1150.00		55.45	60.60	64.70	68.80	74.50	86.10	89.15	92.60	95.10	101.00	106.95	109.00	114.00	116.60	145.50	164.00	192.10	299.50	416.45	
03550500	0704	19420704	20150704	48	155.44	191.51	33.00	1000.00		54.00	57.70	61.70	67.40	75.25	83.40	86.30	90.60	95.05	97.00	98.90	108.00	114.85	132.20	144.50	153.60	209.15	252.60	779.00	
03550500	0705	19420705	20150705	48	137.79	145.71	34.00	851.00		54.35	59.70	61.35	67.40	76.50	82.70	86.30	90.00	91.05	93.50	101.65	106.80	121.25	131.20	134.75	155.40	186.90	220.50	525.45	
03550500	0706	19420706	20150706	48	139.25	155.54	35.00	1070.00		53.45	59.90	65.35	74.80	80.00	82.00	84.30	88.60	90.10	93.50	99.00	108.80	119.40	139.50	145.00	168.60	181.60	213.00	401.75	
03550500	0707	19420707	20150707	48	144.79	197.78	37.00	1330.00		50.45	57.50	65.35	75.20	78.25	80.70	83.15	84.00	86.05	90.50	102.85	106.80	108.00	122.90	129.00	144.40	175.00	206.80	497.95	
03550500	0708	19420708	20150708	48	142.31	156.95	46.00	957.00		50.45	60.10	65.40	69.80	79.25	80.70	83.15	85.00	86.40	98.50	100.00	104.00	119.55	135.60	144.75	166.00	172.65	275.30	516.10	
03550500	0709	19420709	20150709	48	139.90	139.94	50.00	864.00		52.90	60.60	66.35	73.60	80.25	83.70	86.00	89.00	94.05	98.00	99.95	101.00	118.70	127.70	144.50	164.80	188.50	231.30	477.20	
03550500	0710	19420710	20150710	48	130.29	96.46	53.00	567.00		60.70	65.90	69.05	73.80	76.50	83.00	86.00	90.60	92.05	94.50	107.95	117.80	125.10	133.20	142.50	164.60	183.45	205.70	381.20	
03550500	0711	19420711	20150711	48	131.88	90.62	53.00	457.00		58.80	62.00	67.05	75.80	81.75	84.00	85.45	88.00	93.15	96.50	107.85	117.20	125.55	131.60	146.00	165.60	192.95	246.20	404.65	
03550500	0712	19420712	20150712	48	141.19	133.21	49.00	818.00		54.05	60.90	66.70	74.00	78.50	81.00	84.15	86.20	91.10	97.50	111.40	117.60	124.55	135.40	148.25	155.60	206.70	266.50	463.80	
03550500	0713	19420713	20150713	48	129.10	90.34	51.00	480.00		58.35	64.70	70.70	73.80	76.25	79.40	84.00	85.00	90.25	104.00	106.95	109.20	122.80	128.50	143.00	150.00	176.10	265.50	389.25	
03550500	0714	19420714	20150714	48	123.08	75.47	54.00	366.00		56.80	61.70	69.70	71.80	77.50	81.80	84.30	87.60	91.00	94.50	97.95	100.20	121.70	132.90	141.75	163.20	183.10	227.90	353.85	
03550500	0715	19420715	20150715	48	124.67	74.56	58.00	355.00		59.00	61.80	66.00	70.80	73.00	79.00	80.30	82.60	86.15	93.50	99.85	119.80	128.65	131.00	137.00	170.00	201.55	259.90	305.55	
03550500	0716	19420716	20150716	48	120.52	62.78	51.00	312.00		58.25	62.90	68.35	73.60	75.00	76.70	79.15	81.60	83.15	90.50	100.00	120.20	129.70	139.50	150.25	184.80	196.20	212.10	258.85	
03550500	0717	19420717	20150717	48	111.00	61.23	46.00	315.00		56.00	57.90	63.35	67.00	70.00	71.70	73.30	79.60	84.05	87.50	96.85	105.00	112.55	124.40	134.75	155.60	160.60	175.40	287.55	
03550500	0718	19420718	20150718	48	122.33	128.27	42.00	867.00		52.00	55.90	60.70	63.80	69.50	72.00	73.00	76.40	79.15	84.50	94.80	99.00	103.85	118.30	133.00	141.00	154.35	183.40	368.80	
03550500	0719	19420719	20150719	48	115.25	98.62	40.00	660.00		50.90	56.00	60.40	67.80	70.00	71.70	74.15	79.20	84.25	90.00	94.85	95.40	107.20	115.80	126.00	139.20	149.50	175.60	324.55	
03550500	0720	19420720	20150720	48	115.21	79.97	40.00	466.00		49.45	57.30	60.00	61.80	69.00	69.70	72.60	77.80	81.00	84.00	94.00	102.00	115.25	117.90	125.00	161.40	176.25	216.40	306.30	
03550500	0721	19420721	20150721	48	114.54	82.57	37.00	409.00		47.45	55.30	57.00	65.20	66.00	69.00	71.15	76.00	79.25	85.50	89.00	99.00	108.70	114.60	120.25	152.80	167.30	215.50	358.65	
03550500	0722	19420722	20150722	48	123.00	104.10	35.00	598.00		45.45	50.70	54.75	62.00	65.25	68.70	70.75	77.80	82.10	92.50	99.00	105.40	109.85	122.30	140.75	156.20	174.30	272.10	375.55	
03550500	0723	19420723	20150723	48	118.81	76.01	41.00	331.00		48.45	49.90	55.00	60.00	63.75	66.70	76.30	78.60	85.05	88.00	98.80	106.60	117.55	130.80	158.75	169.60	205.15	251.00	309.10	
03550500	0724	19420724	20150724	48	128.08	111.59	36.00	689.00		44.35	50.00	52.35	58.60	64.75	72.70	81.00	83.00	90.00	95.00	98.95	105.20	114.95	128.20	152.50	164.20	191.60	246.10	360.05	
03550500	0725	19420725	20150725	48	119.21	89.32	33.00	544.00		43.45	48.60	50.70	60.00	64.00	71.50	79.15	81.20	84.25	90.50	99.75	109.40	115.40	122.30	148.75	155.00	190.05	224.00	293.85	
03550500	0726	19420726	20150726	48	109.73	66.69	35.00	393.00		42.45	47.90	56.05	59.60	64.00	72.10	74.15	78.60	81.20	92.00	95.95	100.00	115.80	125.40	138.75	151.40	168.85	192.20	247.80	
03550500	0727	19420727	20150727	48	113.42	81.48	34.00	516.00		42.35	45.90	52.70	56.60	62.25	70.00	71.15	74.60	82.15	92.00	96.85	108.20	120.00	132.20	144.50	156.20	167.30	181.90	275.90	
03550500	0728	19420728	20150728	48	103.10	52.32	31.00	263.00		43.35	47.00	55.05	58.80	66.75	69.00	71.90	80.20	85.20	92.00	95.90	100.00	110.85	119.90	132.00	147.20	150.30	165.20	240.25	
03550500	0729	19420729	20150729	48	104.65	60.79	39.00	292.00		44.90	46.90	56.05	60.80	66.00	68.70	72.45	76.00	76.05	79.00	86.80	97.60	108.25	117.80	126.25	132.80	151.10	213.60	257.75	
03550500	0730	19420730	20150730	48	102.83	70.62	42.00	458.00		44.00	46.70	52.70	56.40	60.75	67.50	72.15	74.20	78.00	85.50	90.00	97.40	105.40	111.40	120.75	132.00	138.60	165.20	254.10	
03550500	0731	19420731	20150731	48	121.08	193.23	37.00	1400.00		41.90	49.90	53.70	59.00	64.50	69.70	70.30	74.60	79.05	81.00	86.95	95.00	105.80	113.30	121.00	130.20	136.95	163.40	211.70	
03550500	0801	19420801	20150801	48	113.38	121.17	42.00	866.00		46.00	52.30	58.00	60.40	63.50	66.00	68.00	69.60	80.20	85.50	91.75	100.20	104.00	109.90	113.50	130.40	153.45	183.60	251.40	
03550500	0802	19420802	20150802	48	110.52	108.34	33.00	703.00		44.25	50.70	57.35	60.00	64.00	64.00	66.15	70.00	74.10	80.50	89.75	94.80	100.70	111.60	117.00	123.40	136.65	152.60	355.90	
03550500	0803	19420803	20150803	48	115.33	128.51	35.00	754.00		45.45	49.60	52.75	59.40	61.25	62.00	64.00	66.40	72.10	78.50	84.75	89.80	97.40	104.90	112.50	123.20	134.20	194.40	480.90	
03550500	0804	19420804	20150804	48	122.38	130.71	29.00	830.00		44.70	51.90	52.35	61.00	64.25	66.00	68.45	75.00	78.05	79.00	85.90	91.60	100.70	118.40	130.25	146.80	172.60	201.50	414.95	
03550500	0805	19420805	20150805	48	114.88	96.02	27.00	635.00		43.70	49.70	53.05	57.80	64.00	66.00	68.30	74.80	80.30	91.00	93.95	97.60	113.70	121.30	141.25	159.20	176.25	187.70	279.65	
03550500	0806	19420806	20150806	48	109.48	72.24	26.00	451.00		46.90	52.60	56.00	58.80	61.25	65.10	69.75	76.60	86.10	91.00	92.95	101.60	110.70	120.90	132.75	160.40	165.95	183.30	245.30	
03550500	0807	19420807	20150807	48	122.33	144.88	24.00	1000.00		46.60	52.90	54.00	58.40	60.25	65.00	67.45	70.60	73.20	79.50	86.85	101.80	107.85	115.30	118.50	146.80	173.00	215.10	324.50	
03550500	0808	19420808	20150808	48	112.58	82.72	25.00	386.00		45.05	50.00	54.00	59.20	61.25	64.10	67.15	75.20	81.10	85.50	93.80	96.40	101.70	106.80	119.25	153.20	184.50	238.60	342.95	
03550500	0809	19420809	20150809	48	110.94	101.76	23.00	678.00		42.60	48.90	52.35	58.80	61.75	68.00	74.00	75.00	81.05	82.50	84.95	89.80	98.85	104.30	113.75	132.40	173.80	200.20	293.90	
03550500	0810	19420810	20150810	48	105.08	75.90	22.00	420.00		40.70	48.70	52.35	54.80	61.25	66.80	69.15	70.00	73.00	77.50	84.95	88.20	99.25	108.50	118.75	127.20	182.75	215.20	285.80	
03550500	0811	19420811	20150811	48	107.46	65.90	21.00	354.00		42.35	48.70	55.35	59.00	64.25	66.70	71.75	76.60	80.40	94.00	100.80	104.00	109.25	114.30	120.50	129.00	190.25	216.70	248.00	
03550500	0812	19420812	20150812	48	107.62	80.54	21.00	426.00		45.90	49.70	53.00	56.80	58.25	61.40	63.00	67.60	70.35	81.50	90.75	94.80	107.10	113.60	121.75	137.40	168.75	202.40	331.25	
03550500	0813	19420813	20150813	48	99.65	61.10	26.00	318.00		44.45	47.00	53.35	55.80	60.25	61.00	63.15	66.20	71.55	86.50	93.90	97.80	100.85	103.00	109.25	127.60	163.20	181.30	259.60	
03550500	0814	19420814	20150814	48	93.44	50.15	29.00	291.00		43.25	48.00	52.70	55.80	57.50	60.00	61.00	69.20	78.50	88.00	89.00	90.40	93.85	98.30	105.25	126.80	141.80	164.80	204.10	
03550500	0815	19420815	20150815	48	90.54	44.53	24.00	230.00		39.35	48.80	49.70	53.80	57.25	60.40	65.30	68.20	76.00	82.00	85.90	91.00	94.00	100.60	106.50	133.40	136.95	158.20	188.10	
03550500	0816	19420816	20150816	48	104.69	97.07	22.00	654.00		38.25	45.90	48.35	50.00	52.75	58.10	65.05	72.20	76.00	82.00	84.00	88.00	97.70	109.20	116.75	131.40	146.00	171.30	271.85	
03550500	0817	19420817	20150817	48	106.23	88.83	23.00	545.00		41.35	45.80	48.35	52.40	58.25	61.40	66.60	71.00	77.10	80.50	82.00	84.80	94.55	101.00	108.75	127.60	172.25	224.00	278.05	
03550500	0818	19420818	20150818	48	101.44	67.66	21.00	356.00		41.80	47.90	53.05	58.60	61.75	68.00	72.00	74.00	76.05	78.50	85.75	86.00	89.85	95.60	104.25	125.80	177.10	197.50	280.10	
03550500	0819	19420819	20150819	48	102.58	71.59	21.00	341.00		42.25	52.00	55.70	58.80	65.00	68.00	70.15	73.00	74.00	74.50	75.95	79.40	88.65	106.60	116.50	124.80	150.55	200.80	315.60	
03550500	0820	19420820	20150820	48	99.69	68.34	19.00	384.00		43.80	50.80	54.00	54.80	57.25	60.10	64.30	67.60	69.05	75.00	76.95	85.00	95.40	109.20	115.25	129.80	159.65	192.80	256.90	
03550500	0821	19420821	20150821	48	114.50	147.67	17.00	1030.00		42.80	47.90	51.35	55.20	59.50	64.00	65.15	66.00	69.25	74.00	86.50	89.40	105.25	109.30	113.00	130.80	145.90	161.90	320.00	
03550500	0822	19420822	20150822	48	130.15	207.82	16.00	1290.00		41.25	45.80	49.70	53.60	55.50	58.70	60.30	62.60	64.15	69.50	71.95	81.40	93.70	99.50	106.75	129.80	184.85	220.50	584.85	
03550500	0823	19420823	20150823	48	214.83	819.20	16.00	5750.00		39.35	45.90	49.70	51.80	53.50	57.70	61.15	63.60	68.05	70.50	77.80	90.80	99.80	105.30	122.75	142.60	159.20	192.00	374.70	
03550500	0824	19420824	20150824	48	141.42	365.95	17.00	2600.00		37.35	44.90	48.35	50.00	54.50	59.00	60.15	63.20	68.05	74.00	82.00	90.00	99.10	109.50	121.00	125.40	130.95	165.70	261.50	
03550500	0825	19420825	20150825	48	112.71	215.43	34.00	1550.00		40.80	43.90	47.35	51.60	53.75	56.00	61.15	63.60	69.15	73.50	78.95	82.60	87.00	93.80	108.00	113.60	122.00	132.60	215.05	
03550500	0826	19420826	20150826	48	117.94	186.33	33.00	1050.00		38.90	45.50	47.00	49.00	51.00	55.00	57.45	66.00	67.10	69.00	73.85	79.40	83.00	90.40	105.75	113.20	127.15	181.00	590.30	
03550500	0827	19420827	20150827	48	114.29	152.02	33.00	951.00		38.70	45.70	47.00	49.00	52.25	56.00	59.30	64.20	68.05	70.00	73.00	83.40	89.25	98.50	103.75	111.60	151.45	202.40	444.70	
03550500	0828	19420828	20150828	48	98.27	99.17	32.00	655.00		37.15	44.60	46.70	48.00	51.00	57.10	58.00	62.00	65.05	68.00	68.95	74.80	82.40	91.80	101.25	122.60	144.65	167.10	273.50	
03550500	0829	19420829	20150829	48	88.62	75.51	32.00	510.00		35.70	42.70	47.35	48.80	53.25	56.70	58.15	59.60	63.05	64.50	65.95	78.00	85.10	91.30	95.25	103.80	122.15	152.30	222.40	
03550500	0830	19420830	20150830	48	83.83	61.42	32.00	424.00		34.70	40.80	46.05	50.80	51.25	54.80	58.00	59.00	61.05	62.00	67.80	74.40	78.00	88.20	97.75	116.60	124.25	142.30	170.65	
03550500	0831	19420831	20150831	48	93.75	82.13	32.00	476.00		33.35	39.70	45.35	47.80	54.50	57.70	59.15	60.60	63.15	66.50	67.95	71.00	73.70	88.60	109.50	122.60	135.15	182.50	304.00	
03550500	0901	19420901	20150901	48	94.79	103.61	32.00	684.00		34.00	39.60	44.00	49.00	53.25	55.00	56.00	56.00	62.05	64.00	64.00	69.60	75.70	83.80	98.75	120.00	138.60	149.50	302.50	
03550500	0902	19420902	20150902	48	84.50	69.88	33.00	434.00		34.90	38.00	43.35	48.80	50.00	51.00	54.00	56.60	58.05	61.00	62.95	68.40	77.80	85.20	89.50	110.20	130.00	133.90	250.70	
03550500	0903	19420903	20150903	48	78.40	53.01	32.00	282.00		32.45	39.80	42.70	45.80	48.50	51.00	51.45	54.60	56.05	58.50	59.95	64.20	69.40	75.00	89.50	110.00	126.50	140.10	225.40	
03550500	0904	19420904	20150904	48	76.42	44.75	31.00	265.00		34.60	41.90	43.35	46.60	49.25	50.70	53.15	56.20	58.10	62.00	62.95	65.60	75.25	82.60	95.25	102.60	114.95	126.10	186.30	
03550500	0905	19420905	20150905	48	82.44	49.04	31.00	247.00		39.35	41.00	43.00	47.60	50.00	52.70	54.30	56.60	58.05	62.00	65.85	68.40	79.85	101.60	104.75	118.80	134.15	148.00	206.10	
03550500	0906	19420906	20150906	48	93.52	102.54	31.00	724.00		36.90	40.00	44.70	48.40	51.50	54.70	56.15	57.60	59.10	63.00	65.90	74.40	84.10	98.50	109.25	115.60	129.65	149.20	217.90	
03550500	0907	19420907	20150907	48	100.19	92.58	30.00	488.00		35.90	38.90	44.00	48.20	50.25	52.00	54.15	57.80	60.05	64.50	69.90	79.60	90.80	98.70	105.00	113.80	136.00	265.00	335.75	
03550500	0908	19420908	20150908	48	87.33	72.49	31.00	413.00		35.35	40.70	45.05	47.00	50.00	50.70	52.15	56.00	57.05	58.50	60.00	65.20	73.25	86.40	99.75	107.00	128.30	196.60	259.85	
03550500	0909	19420909	20150909	48	96.62	126.83	35.00	836.00		38.35	41.90	46.35	48.00	49.00	50.00	51.00	53.80	58.00	60.00	64.90	78.00	80.85	88.20	98.00	102.20	108.30	136.60	349.40	
03550500	0910	19420910	20150910	48	82.25	62.60	39.00	383.00		40.90	43.00	45.00	46.80	49.00	50.00	50.15	53.60	56.20	63.00	72.75	78.00	84.85	87.50	91.00	98.20	105.55	120.20	250.45	
03550500	0911	19420911	20150911	48	78.65	50.88	41.00	309.00		42.00	42.90	45.70	47.80	49.25	50.70	52.00	53.00	57.15	62.00	67.80	73.40	75.85	82.60	87.50	97.00	103.85	127.90	208.65	
03550500	0912	19420912	20150912	48	75.02	43.61	37.00	276.00		39.45	41.90	44.35	46.00	48.00	49.00	52.30	58.20	61.00	62.00	65.95	67.40	73.00	79.20	86.75	92.40	101.60	123.20	175.60	
03550500	0913	19420913	20150913	48	83.92	61.68	35.00	316.00		38.45	39.90	42.35	45.60	47.50	50.00	51.30	56.40	59.00	60.00	63.95	66.60	79.85	81.60	94.75	100.40	127.05	175.30	257.75	
03550500	0914	19420914	20150914	48	87.38	72.94	35.00	391.00		37.00	38.90	40.35	43.60	45.00	46.70	51.00	52.00	56.05	57.50	59.00	67.20	81.00	84.00	91.50	112.20	142.40	217.40	259.75	
03550500	0915	19420915	20150915	48	76.81	44.99	34.00	224.00		37.45	38.00	40.35	43.80	46.25	48.70	50.00	54.20	56.10	59.00	60.95	70.80	79.00	86.90	93.75	103.80	118.10	144.40	200.65	
03550500	0916	19420916	20150916	48	83.58	70.91	34.00	448.00		37.00	38.80	40.35	44.80	47.50	49.70	52.15	57.60	59.00	59.50	60.95	74.80	80.70	82.30	87.75	91.60	118.70	140.50	238.95	
03550500	0917	19420917	20150917	48	91.44	73.49	35.00	380.00		36.45	38.90	40.00	42.80	48.00	51.10	56.00	56.00	57.20	63.50	69.80	77.20	83.40	90.60	97.75	120.60	133.20	201.80	289.80	
03550500	0918	19420918	20150918	48	88.90	58.20	36.00	256.00		36.00	37.80	42.35	45.60	52.25	53.00	54.15	55.00	56.00	58.50	76.60	80.40	83.85	91.10	123.50	131.20	150.85	199.50	225.40	
03550500	0919	19420919	20150919	48	86.08	49.59	33.00	213.00		35.00	37.00	42.35	46.60	48.50	51.00	52.15	53.00	54.05	66.00	75.00	81.80	99.80	108.60	115.75	126.80	152.30	167.30	194.45	
03550500	0920	19420920	20150920	48	104.40	166.60	33.00	1200.00		36.00	37.80	41.75	45.80	48.25	50.00	51.15	54.80	60.20	68.00	77.65	85.60	98.25	111.00	111.75	127.40	135.95	139.60	184.60	
03550500	0921	19420921	20150921	48	119.65	240.69	32.00	1660.00		34.45	39.70	44.05	47.60	48.00	49.70	51.00	57.40	61.05	67.50	77.60	84.00	86.85	96.70	105.50	115.00	123.85	147.30	392.90	
03550500	0922	19420922	20150922	48	100.12	137.10	32.00	907.00		35.35	38.80	43.35	45.80	48.50	50.00	53.00	54.60	59.50	74.50	77.95	79.80	89.40	93.30	101.75	108.60	114.95	126.60	347.20	
03550500	0923	19420923	20150923	48	92.46	83.60	31.00	446.00		36.00	37.80	41.10	46.00	47.25	49.70	52.15	53.60	58.40	68.50	69.95	73.00	78.70	90.30	97.75	107.20	120.70	204.80	330.50	
03550500	0924	19420924	20150924	48	83.00	71.54	29.00	451.00		34.00	37.00	39.00	44.80	46.00	46.70	51.30	54.80	59.10	64.00	66.90	70.40	75.55	86.30	89.75	96.80	102.95	159.70	240.60	
03550500	0925	19420925	20150925	48	84.38	58.31	29.00	297.00		34.45	36.90	44.35	46.00	46.00	51.80	54.00	55.00	60.05	63.50	67.95	74.40	76.70	85.20	94.75	104.40	144.30	191.00	228.40	
03550500	0926	19420926	20150926	48	86.29	71.02	29.00	488.00		33.45	40.50	45.00	45.80	47.25	49.40	53.15	56.00	60.20	65.50	70.85	78.00	89.10	92.30	98.25	113.80	134.85	148.30	183.40	
03550500	0927	19420927	20150927	48	105.31	118.21	31.00	689.00		32.45	41.30	44.00	46.80	48.25	51.70	56.30	58.00	60.05	67.00	69.95	76.40	83.00	92.20	105.75	117.20	155.95	213.70	394.20	
03550500	0928	19420928	20150928	48	101.85	88.60	31.00	464.00		31.45	40.30	43.35	47.20	51.25	54.40	56.15	59.00	68.05	71.00	82.65	90.40	96.10	99.30	109.50	120.00	146.65	228.30	338.45	
03550500	0929	19420929	20150929	48	106.73	115.85	30.00	754.00		31.45	40.10	44.35	46.80	50.50	52.70	56.00	59.60	68.15	73.50	78.85	86.80	91.00	93.30	113.25	155.00	172.95	207.20	304.05	
03550500	0930	19420930	20150930	48	118.56	154.67	31.00	829.00		33.45	40.30	46.00	47.60	52.25	54.70	56.00	62.40	70.10	75.50	84.75	88.00	90.55	102.70	118.00	129.00	146.55	202.70	559.40	
03550500	1001	19421001	20151001	48	122.27	166.38	28.00	1110.00		31.35	38.70	44.70	50.80	53.25	54.70	57.15	66.00	70.05	78.50	84.90	88.40	95.25	106.60	119.25	144.40	164.15	254.00	388.80	
03550500	1002	19421002	20151002	48	114.35	148.89	27.00	945.00		31.35	37.60	44.75	50.00	50.25	52.70	55.90	64.40	67.15	75.00	81.95	86.00	88.00	105.30	124.00	138.00	151.90	211.60	412.80	
03550500	1003	19421003	20151003	48	133.00	280.30	27.00	1980.00		31.45	37.50	45.70	48.80	50.25	52.00	54.30	62.20	66.05	76.00	81.85	84.00	89.55	98.30	103.75	136.60	176.85	240.40	292.75	
03550500	1004	19421004	20151004	48	191.40	588.49	27.00	3900.00		29.90	37.60	45.35	47.80	50.25	51.00	55.15	56.00	64.05	68.50	76.90	80.00	82.00	86.50	95.25	110.60	146.65	233.30	962.75	
03550500	1005	19421005	20151005	48	118.33	226.20	27.00	1570.00		29.45	37.50	44.35	47.40	49.00	50.00	51.15	57.20	65.05	68.50	76.80	78.80	80.00	84.50	103.25	121.60	150.15	173.90	366.55	
03550500	1006	19421006	20151006	48	97.54	110.52	26.00	737.00		28.90	36.60	43.35	46.40	49.00	50.70	52.75	62.40	65.05	68.50	74.80	77.20	82.55	85.30	93.50	105.40	131.55	193.20	284.60	
03550500	1007	19421007	20151007	48	100.69	86.03	25.00	484.00		30.45	35.70	43.35	48.40	49.25	52.10	59.60	63.60	66.05	70.50	73.00	75.40	87.85	92.20	115.75	159.80	176.20	244.10	273.80	
03550500	1008	19421008	20151008	48	103.98	77.47	30.00	375.00		33.90	42.90	47.35	48.80	55.00	59.00	62.15	63.60	66.05	71.50	81.65	85.00	86.00	107.60	126.50	165.00	187.30	233.20	289.45	
03550500	1009	19421009	20151009	48	111.04	108.99	30.00	557.00		35.00	41.90	48.00	49.00	55.50	57.00	61.00	63.20	66.10	72.00	75.95	82.40	85.70	91.10	116.00	145.00	190.15	219.40	420.70	
03550500	1010	19421010	20151010	48	91.08	60.44	30.00	275.00		37.80	40.00	47.35	48.00	50.00	54.00	55.75	61.20	63.00	66.00	75.85	78.40	82.85	90.10	104.50	133.60	162.70	190.80	247.95	
03550500	1011	19421011	20151011	48	84.17	57.10	30.00	328.00		34.25	39.90	44.40	47.00	51.25	53.70	56.15	58.00	61.00	62.50	67.95	73.20	76.00	82.00	94.25	128.60	141.50	160.50	213.80	
03550500	1012	19421012	20151012	48	82.90	53.28	29.00	285.00		32.70	37.90	43.40	47.00	50.00	53.00	54.15	57.40	59.10	62.00	65.90	72.40	78.55	88.10	101.50	122.20	130.95	148.30	220.75	
03550500	1013	19421013	20151013	48	77.81	44.67	27.00	229.00		31.80	35.90	45.35	47.00	49.00	52.70	54.00	56.20	59.05	63.50	68.85	69.40	75.25	79.60	87.25	114.00	122.65	137.50	196.25	
03550500	1014	19421014	20151014	48	117.15	229.42	28.00	1540.00		31.90	35.80	45.35	48.80	52.00	53.70	57.00	59.00	60.05	62.50	65.90	68.40	74.55	78.30	99.25	114.00	118.30	142.20	469.70	
03550500	1015	19421015	20151015	48	91.02	89.88	27.00	560.00		32.35	35.80	45.00	46.80	49.50	51.00	53.15	55.00	62.05	65.00	70.85	75.40	77.70	90.40	102.25	106.80	119.25	135.20	304.70	
03550500	1016	19421016	20151016	48	94.71	80.86	26.00	452.00		31.80	38.70	45.35	46.00	50.25	51.00	53.15	55.60	62.05	65.00	66.95	75.60	81.85	94.70	106.50	118.60	147.05	227.50	268.25	
03550500	1017	19421017	20151017	48	127.79	269.09	27.00	1900.00		32.90	38.70	45.00	46.60	50.25	51.70	54.30	56.60	61.10	65.00	71.00	75.20	83.55	97.20	109.50	125.20	187.95	212.40	292.00	
03550500	1018	19421018	20151018	48	103.44	123.30	28.00	851.00		33.80	38.90	44.35	46.60	50.25	52.70	55.15	59.80	63.05	67.00	70.00	80.40	83.85	96.30	111.25	127.20	176.25	183.00	249.55	
03550500	1019	19421019	20151019	48	94.00	80.11	27.00	453.00		33.25	42.60	44.35	47.80	49.25	52.70	56.00	58.80	67.10	70.00	75.75	79.60	86.70	93.50	106.75	112.60	137.20	169.70	305.20	
03550500	1020	19421020	20151020	48	103.15	106.62	26.00	661.00		32.35	42.60	46.35	47.00	49.25	54.80	58.30	61.60	67.05	69.50	72.90	77.80	86.10	104.30	105.75	126.80	160.50	180.80	350.30	
03550500	1021	19421021	20151021	48	86.27	52.83	27.00	284.00		32.35	43.80	46.35	48.00	51.00	55.40	57.00	60.60	67.00	68.00	71.95	77.80	87.85	96.00	104.25	110.40	132.75	164.40	214.90	
03550500	1022	19421022	20151022	48	87.75	51.34	26.00	251.00		32.80	41.00	46.35	48.60	50.00	52.70	57.45	62.20	65.10	72.50	75.95	78.00	95.80	98.90	112.00	123.60	143.55	169.70	212.50	
03550500	1023	19421023	20151023	48	90.94	71.85	25.00	470.00		34.60	44.50	46.35	49.60	50.25	53.70	58.00	63.40	69.00	71.50	73.00	75.40	89.55	93.90	106.00	114.60	137.45	152.60	230.20	
03550500	1024	19421024	20151024	48	92.02	66.95	31.00	401.00		40.45	44.90	47.35	49.00	49.00	52.80	58.30	63.60	68.00	70.50	74.00	83.20	93.25	97.70	107.50	118.00	135.30	157.30	256.90	
03550500	1025	19421025	20151025	48	103.35	88.86	30.00	599.00		40.35	45.90	47.35	49.80	57.00	61.70	64.30	66.60	72.00	75.00	84.00	89.20	100.55	115.70	122.75	132.80	152.15	191.00	240.40	
03550500	1026	19421026	20151026	48	98.40	76.20	31.00	511.00		40.00	45.90	46.35	49.00	52.75	60.00	64.00	65.60	68.20	74.50	81.95	98.80	101.70	108.50	114.50	130.00	151.65	160.00	219.25	
03550500	1027	19421027	20151027	48	104.17	95.72	31.00	541.00		38.95	46.00	47.05	49.80	57.25	59.00	63.00	65.20	71.15	74.50	81.90	91.40	96.70	105.50	116.75	125.20	137.50	171.70	379.85	
03550500	1028	19421028	20151028	48	103.40	83.61	31.00	516.00		37.85	45.90	48.00	49.00	53.50	58.40	65.00	71.20	76.10	81.00	84.85	94.40	96.00	104.00	112.50	120.60	159.40	207.80	280.20	
03550500	1029	19421029	20151029	48	98.38	71.87	31.00	430.00		41.25	45.00	48.00	49.80	55.25	58.40	63.15	67.40	71.00	78.50	84.80	90.80	98.00	106.30	108.75	124.40	159.65	173.30	263.50	
03550500	1030	19421030	20151030	48	102.50	93.11	31.00	540.00		38.60	44.90	45.70	48.80	52.00	57.70	60.00	62.80	68.00	71.00	76.95	84.60	88.00	98.80	121.25	141.20	152.00	160.10	347.15	
03550500	1031	19421031	20151031	48	105.33	97.87	30.00	512.00		37.60	43.90	45.70	48.80	52.00	53.00	58.30	62.80	68.05	72.50	82.95	86.40	98.25	106.80	128.75	138.20	145.00	161.80	405.55	
03550500	1101	19421101	20151101	48	137.23	160.89	30.00	852.00		35.80	43.80	49.35	50.00	53.00	57.70	61.15	63.60	77.20	89.00	91.95	94.20	106.50	119.60	138.50	143.60	197.75	444.70	537.95	
03550500	1102	19421102	20151102	48	151.83	180.80	29.00	872.00		38.25	44.70	48.35	50.00	53.25	58.70	60.45	66.60	74.05	76.50	89.95	95.20	118.75	130.60	136.25	193.20	292.40	444.00	650.20	
03550500	1103	19421103	20151103	48	137.60	133.42	29.00	611.00		37.25	43.70	49.00	50.80	52.00	55.40	60.30	63.20	71.00	80.50	88.90	102.20	121.10	134.90	160.75	257.20	266.65	331.20	488.50	
03550500	1104	19421104	20151104	48	113.85	80.12	29.00	357.00		39.45	41.00	49.00	49.80	51.00	59.70	63.75	70.00	79.15	83.00	94.45	104.40	115.40	127.90	149.75	172.20	208.85	253.10	297.50	
03550500	1105	19421105	20151105	48	125.94	186.44	29.00	1330.00		39.00	45.80	48.00	49.80	53.25	61.10	65.30	69.60	79.10	84.00	87.90	99.00	104.85	125.20	140.00	156.40	183.40	211.50	240.85	
03550500	1106	19421106	20151106	48	140.15	238.77	29.00	1580.00		37.90	43.50	48.00	49.60	50.50	63.10	67.60	72.00	76.10	82.00	84.95	91.80	109.40	123.20	130.75	156.20	176.60	210.20	521.45	
03550500	1107	19421107	20151107	48	123.02	111.75	29.00	661.00		37.45	40.80	47.35	50.40	55.00	64.00	67.45	74.00	79.00	82.50	91.80	115.80	122.00	125.50	147.50	158.60	194.30	279.60	352.40	
03550500	1108	19421108	20151108	48	111.02	78.49	29.00	434.00		36.90	39.90	48.00	49.00	51.50	63.00	65.90	75.60	78.15	84.50	98.60	111.40	120.10	130.30	138.50	151.40	188.20	211.50	286.35	
03550500	1109	19421109	20151109	48	109.15	93.30	29.00	610.00		37.35	44.50	47.35	49.00	53.50	61.40	64.90	74.00	76.15	85.50	89.90	101.80	120.05	122.90	131.25	142.40	168.35	180.10	274.10	
03550500	1110	19421110	20151110	48	140.60	157.23	29.00	803.00		37.35	44.50	48.35	54.60	59.50	62.70	69.15	72.20	79.10	87.00	99.45	105.60	113.70	119.60	125.50	151.00	253.70	305.30	576.90	
03550500	1111	19421111	20151111	48	168.08	399.39	28.00	2810.00		35.90	40.80	45.35	52.00	58.00	62.40	68.15	70.20	78.15	81.50	88.75	101.40	110.40	118.60	124.75	167.80	204.05	258.30	413.85	
03550500	1112	19421112	20151112	48	125.21	141.73	28.00	865.00		35.90	39.00	45.00	51.00	56.50	61.70	65.30	68.60	78.05	79.00	88.85	99.80	110.95	116.00	126.00	149.40	166.85	290.70	427.60	
03550500	1113	19421113	20151113	48	112.00	102.39	35.00	543.00		37.90	43.50	45.70	50.80	58.50	65.70	67.30	70.00	75.05	78.50	86.00	93.20	100.10	107.90	114.25	129.80	152.25	250.40	395.55	
03550500	1114	19421114	20151114	48	121.31	115.32	34.00	681.00		37.90	43.50	45.70	49.40	58.50	65.70	67.00	68.00	75.25	84.50	90.75	102.80	107.85	113.40	129.50	155.00	210.50	245.40	373.55	
03550500	1115	19421115	20151115	48	107.71	71.03	36.00	340.00		37.35	45.80	46.35	49.00	62.25	65.00	67.45	71.80	78.25	85.50	92.70	97.00	107.85	113.80	127.50	152.00	189.90	209.50	294.00	
03550500	1116	19421116	20151116	48	113.85	82.36	37.00	521.00		40.70	48.70	51.00	59.20	62.25	65.40	73.00	77.60	83.25	92.50	105.60	110.00	114.40	123.60	144.75	150.00	179.45	197.30	270.90	
03550500	1117	19421117	20151117	48	114.19	80.52	37.00	419.00		39.80	45.80	50.45	57.60	65.00	70.00	75.00	81.20	86.15	99.50	107.80	111.40	117.70	120.00	123.00	138.40	171.95	201.70	349.00	
03550500	1118	19421118	20151118	48	133.94	169.04	37.00	985.00		38.45	45.40	48.05	56.40	59.25	71.50	80.15	81.60	87.40	98.00	99.95	105.40	108.70	111.60	115.75	126.40	151.85	207.10	611.55	
03550500	1119	19421119	20151119	48	167.50	222.33	37.00	1210.00		38.00	46.00	53.35	57.00	68.25	71.40	79.15	84.60	87.10	94.50	100.85	112.40	113.00	131.90	153.00	192.40	232.30	383.30	778.65	
03550500	1120	19421120	20151120	48	136.58	114.08	37.00	535.00		45.45	50.60	53.70	57.60	65.25	67.70	75.60	83.40	89.15	95.00	98.95	99.40	127.35	140.80	156.50	199.60	248.70	288.50	457.35	
03550500	1121	19421121	20151121	48	131.17	106.89	35.00	625.00		41.80	46.00	54.05	57.80	61.75	72.80	79.30	82.80	89.20	95.50	101.85	116.80	123.25	144.50	160.50	177.60	207.55	277.80	356.30	
03550500	1122	19421122	20151122	48	125.15	81.19	34.00	310.00		40.70	45.90	51.05	56.60	63.75	73.50	77.15	79.80	86.10	91.00	96.75	115.80	123.25	150.80	180.25	201.20	238.65	268.70	302.10	
03550500	1123	19421123	20151123	48	124.85	70.02	34.00	356.00		40.25	49.40	55.05	73.40	75.75	79.00	81.35	90.80	106.05	111.00	114.95	127.80	137.85	142.60	154.00	165.60	216.85	234.80	264.65	
03550500	1124	19421124	20151124	48	130.69	90.23	36.00	446.00		42.45	50.00	56.35	58.60	73.00	78.40	85.15	89.60	96.15	105.00	112.90	120.00	133.40	138.20	144.50	171.80	234.60	254.70	362.05	
03550500	1125	19421125	20151125	48	145.85	158.21	41.00	774.00		43.00	45.80	49.70	55.20	71.50	74.70	82.60	87.20	92.00	96.00	102.85	105.60	113.25	127.30	137.00	191.20	212.50	253.70	635.30	
03550500	1126	19421126	20151126	48	153.79	191.10	37.00	1020.00		41.45	44.00	50.05	55.80	72.50	80.70	85.00	88.60	89.10	93.00	97.85	110.20	118.00	136.70	158.50	192.00	211.95	306.40	689.55	
03550500	1127	19421127	20151127	48	135.21	97.11	35.00	510.00		46.25	51.90	64.00	73.00	78.25	81.70	83.30	86.60	95.65	109.00	111.95	117.40	123.10	143.70	167.00	185.80	211.65	257.20	388.30	
03550500	1128	19421128	20151128	48	207.15	342.09	35.00	1660.00		49.35	58.70	68.80	75.80	78.00	79.70	83.00	87.00	92.25	105.50	112.85	114.40	121.25	162.00	187.75	207.80	234.50	277.20	1403.50	
03550500	1129	19421129	20151129	48	166.46	180.16	37.00	1020.00		49.35	56.80	71.70	74.60	79.00	84.40	87.00	89.80	96.10	103.50	105.00	116.80	121.70	157.90	195.00	202.40	237.30	329.90	633.80	
03550500	1130	19421130	20151130	48	165.35	206.51	47.00	1420.00		49.45	55.00	63.40	72.20	76.00	78.70	84.45	92.60	100.00	103.50	111.80	117.40	150.70	192.10	201.00	224.60	240.90	278.10	418.65	
03550500	1201	19421201	20151201	48	156.08	170.71	46.00	1170.00		50.90	52.90	57.50	65.80	71.00	75.00	76.75	84.60	98.10	102.00	109.95	131.00	161.00	182.40	199.75	218.80	245.25	279.80	351.30	
03550500	1202	19421202	20151202	48	158.79	184.17	46.00	1140.00		48.35	50.90	55.35	63.40	73.00	73.00	76.30	90.00	97.00	102.00	108.90	125.60	150.55	157.20	180.00	200.40	225.65	276.10	573.25	
03550500	1203	19421203	20151203	48	141.35	115.36	44.00	580.00		46.90	50.90	56.85	66.00	72.25	73.00	76.05	92.00	95.05	102.50	106.85	124.00	133.95	150.00	171.00	190.60	216.30	291.80	462.40	
03550500	1204	19421204	20151204	48	156.88	108.70	44.00	503.00		47.00	50.80	63.35	69.60	72.00	81.50	89.30	92.00	97.15	112.00	126.55	151.80	184.55	193.50	227.50	246.20	289.85	322.90	376.65	
03550500	1205	19421205	20151205	48	186.40	262.68	46.00	1820.00		47.45	52.60	69.35	71.80	75.50	82.50	90.15	95.80	101.60	114.50	120.00	138.40	158.60	181.30	228.00	250.20	272.60	320.70	474.30	
03550500	1206	19421206	20151206	49	172.37	169.08	35.00	1000.00		45.00	48.00	64.50	69.00	70.50	79.00	87.00	92.00	106.00	121.00	136.00	155.00	161.50	186.00	190.00	223.00	278.50	386.00	538.00	
03550500	1207	19421207	20151207	49	201.80	252.54	36.00	1540.00		43.50	54.00	64.00	66.00	69.00	76.00	85.00	91.00	99.00	116.00	162.50	167.00	177.50	210.00	239.00	259.00	322.00	407.00	720.00	
03550500	1208	19421208	20151208	49	163.47	124.61	36.00	650.00		43.00	54.00	62.00	67.00	69.50	72.00	86.00	94.00	99.00	116.00	151.00	161.00	175.00	199.00	231.00	273.00	299.50	315.00	418.00	
03550500	1209	19421209	20151209	49	190.31	215.94	36.00	1290.00		42.50	55.00	60.50	67.00	73.00	74.00	85.00	96.00	99.50	108.00	156.50	162.00	170.00	196.00	224.50	252.00	291.50	435.00	673.00	
03550500	1210	19421210	20141210	48	197.73	159.32	36.00	614.00		45.45	55.00	62.75	66.80	82.25	85.40	94.35	113.20	135.95	156.00	169.50	181.00	188.25	212.80	239.50	283.20	401.95	489.30	587.85	
03550500	1211	19421211	20141211	48	185.69	155.33	35.00	762.00		45.45	58.60	63.70	69.20	85.25	95.90	104.15	120.20	146.25	151.50	154.85	158.00	180.40	213.30	215.00	230.60	317.75	378.60	625.55	
03550500	1212	19421212	20141212	48	221.38	360.20	35.00	2550.00		48.95	55.00	63.40	73.80	78.00	92.50	123.60	137.80	148.05	154.00	164.75	182.40	192.85	203.00	210.50	289.20	312.25	337.10	502.55	
03550500	1213	19421213	20141213	48	165.46	130.10	36.00	852.00		47.25	53.00	64.40	69.60	87.50	100.50	106.15	125.20	134.20	145.50	155.00	161.60	174.40	185.30	191.50	201.00	251.65	303.60	370.10	
03550500	1214	19421214	20141214	48	158.73	95.13	37.00	472.00		48.90	58.40	64.70	71.80	82.75	93.50	110.60	122.00	138.10	140.00	148.95	158.20	164.55	181.80	189.50	249.00	273.80	309.50	344.70	
03550500	1215	19421215	20141215	48	185.69	182.02	39.00	1160.00		47.05	57.70	64.00	72.60	81.00	94.70	102.60	121.80	134.10	139.50	143.95	149.80	163.20	178.30	249.50	275.40	292.10	356.60	516.15	
03550500	1216	19421216	20141216	48	165.69	108.38	42.00	579.00		52.70	64.60	68.05	72.00	82.75	96.00	109.00	123.40	131.05	136.50	138.95	154.00	167.10	189.30	207.75	248.20	285.40	323.30	375.00	
03550500	1217	19421217	20141217	48	156.33	109.29	42.00	660.00		47.80	59.30	64.10	71.40	83.50	92.70	106.20	121.20	124.05	127.00	145.35	157.00	165.65	178.30	198.25	205.20	228.85	259.60	396.35	
03550500	1218	19421218	20141218	48	182.54	205.90	46.00	1380.00		47.00	58.90	62.40	80.60	90.25	99.70	111.15	116.20	122.10	131.00	136.85	150.20	155.55	172.80	202.00	226.20	281.95	303.10	515.55	
03550500	1219	19421219	20141219	48	159.10	125.95	45.00	655.00		46.90	58.80	65.40	79.60	85.25	92.50	98.00	102.20	118.00	122.00	127.95	132.00	140.50	166.00	193.50	241.00	253.85	304.70	495.10	
03550500	1220	19421220	20141220	48	188.56	192.32	44.00	1160.00		47.35	55.90	64.95	84.20	87.00	88.40	98.65	111.20	115.05	117.00	124.75	131.20	171.20	202.10	241.25	266.40	313.85	402.80	577.80	
03550500	1221	19421221	20141221	48	195.77	211.78	44.00	1330.00		51.70	58.00	66.60	79.80	87.00	101.60	108.15	110.60	112.40	120.00	127.75	142.80	171.25	205.90	228.75	272.40	330.85	363.90	620.20	
03550500	1222	19421222	20141222	48	211.21	238.24	44.00	1370.00		51.25	56.70	69.05	78.00	82.75	89.00	102.15	107.60	121.05	128.50	152.05	167.20	195.10	201.30	219.25	259.00	315.30	523.30	778.40	
03550500	1223	19421223	20141223	48	206.42	227.82	44.00	1410.00		50.70	58.00	70.80	81.20	89.25	99.10	106.80	119.20	121.05	122.50	137.55	162.00	174.40	187.80	220.50	289.80	338.35	467.30	651.25	
03550500	1224	19421224	20141224	48	185.75	134.91	44.00	692.00		54.90	59.70	68.15	86.60	94.25	106.40	118.15	124.40	136.20	144.50	157.75	166.40	192.40	216.00	252.50	264.80	294.00	359.10	536.25	
03550500	1225	19421225	20141225	48	219.69	183.50	47.00	1020.00		60.00	70.90	80.05	87.60	104.00	110.80	130.90	149.60	158.00	168.50	175.95	217.00	219.70	237.90	268.75	298.00	334.85	395.80	692.80	
03550500	1226	19421226	20141226	48	239.44	260.31	45.00	1710.00		57.35	68.20	79.35	87.20	98.25	113.80	120.30	135.40	145.40	163.50	186.90	209.60	241.00	250.70	307.25	335.60	364.10	511.00	618.15	
03550500	1227	19421227	20141227	48	195.08	146.81	56.00	877.00		58.45	66.00	73.45	87.20	94.00	102.80	111.45	125.20	138.00	141.50	148.00	203.20	224.45	259.80	270.00	288.20	298.65	337.90	464.80	
03550500	1228	19421228	20141228	48	211.10	195.10	56.00	1340.00		60.60	76.00	82.75	92.80	101.50	112.20	117.15	123.60	164.15	183.50	197.95	212.00	234.80	241.30	253.00	261.60	305.25	364.00	463.40	
03550500	1229	19421229	20141229	48	244.10	327.19	57.00	2220.00		58.90	72.30	84.70	101.40	107.50	119.40	124.90	150.60	160.05	176.50	194.70	213.60	219.70	232.90	243.75	272.00	318.80	377.00	748.20	
03550500	1230	19421230	20141230	48	220.50	185.91	57.00	1090.00		65.85	78.90	91.40	96.60	111.25	117.70	141.45	148.20	171.05	176.00	188.40	207.60	219.70	229.60	236.75	287.20	316.90	388.20	685.65	
03550500	1231	19421231	20141231	48	247.10	250.13	55.00	1340.00		61.70	77.90	100.70	119.60	125.00	131.40	136.00	155.80	163.35	181.00	198.00	209.80	225.00	232.80	255.50	296.60	311.80	394.40	1006.70	
