site_no	monthday	begin_dt	end_dt	count_nu	mean	std	min	max	p01	p05	p10	p15	p20	p25	p30	p35	p40	p45	p50	p55	p60	p65	p70	p75	p80	p85	p90	p95	p99
04041500	ALL	19320201	20151108	30140	405.05	462.41	0.00	6820.00	12.00	99.00	134.00	154.00	168.00	181.00	194.00	208.00	221.00	236.00	255.00	273.00	297.00	325.00	371.00	427.00	529.00	625.00	822.90	1270.00	2510.00
04041500	0101	19330101	20150101	82	193.73	107.55	7.90	606.00		12.15	15.60	59.90	118.20	137.00	155.90	168.00	174.40	188.40	202.50	208.65	221.20	229.00	243.40	253.25	270.40	279.55	295.30	364.55	
04041500	0102	19330102	20150102	82	230.80	77.42	13.00	545.00		104.80	151.80	168.00	174.80	184.75	191.90	199.05	211.40	223.35	230.50	237.95	245.40	251.90	265.30	272.00	280.00	287.55	301.40	368.80	
04041500	0103	19330103	20150103	82	227.30	72.09	9.60	512.00		138.45	155.60	168.45	174.40	185.00	193.60	201.10	208.40	222.05	226.50	232.00	241.40	247.85	253.10	265.75	273.80	282.75	315.50	356.00	
04041500	0104	19330104	20150104	82	227.59	80.98	12.00	559.00		82.40	140.20	154.70	171.80	182.50	189.80	201.00	207.20	217.70	223.50	231.30	244.20	252.90	263.20	270.00	278.60	296.05	327.50	347.55	
04041500	0105	19330105	20150105	82	230.06	64.00	97.00	425.00		134.05	154.00	159.80	173.20	184.75	190.90	203.00	213.00	216.35	221.00	231.30	243.00	253.90	264.20	270.50	280.00	295.30	311.40	334.80	
04041500	0106	19330106	20150106	82	216.67	74.65	10.00	418.00		110.65	135.20	158.45	163.20	170.00	187.00	190.00	193.00	203.70	215.00	219.65	225.00	241.75	254.40	264.25	270.40	281.00	302.70	358.00	
04041500	0107	19330107	20150107	82	218.46	85.34	9.40	489.00		32.15	126.10	154.45	159.60	166.00	173.90	189.05	198.60	207.45	214.00	224.65	232.40	244.90	263.20	270.00	275.60	294.10	304.80	368.95	
04041500	0108	19330108	20150108	82	218.48	72.49	11.00	405.00		117.75	145.00	161.35	165.80	174.75	187.70	189.00	193.00	200.35	215.00	221.65	231.40	244.00	260.10	270.25	273.40	288.60	303.70	336.65	
04041500	0109	19330109	20150109	82	221.10	74.87	13.00	489.00		124.30	146.80	158.15	165.20	176.25	184.80	189.05	196.20	206.35	213.50	226.95	231.80	245.85	255.10	263.25	269.40	282.75	301.60	328.10	
04041500	0110	19330110	20150110	82	214.34	69.67	7.90	490.00		121.75	148.30	157.25	164.40	167.75	184.80	189.05	193.40	201.05	209.00	216.65	229.00	238.00	245.50	252.25	259.40	270.55	291.40	319.10	
04041500	0111	19330111	20150111	82	207.84	77.06	11.00	501.00		40.50	124.60	152.35	160.00	164.75	177.80	184.10	189.00	195.35	207.50	215.30	218.00	231.90	246.30	251.50	258.80	269.75	294.90	306.00	
04041500	0112	19330112	20150112	82	209.94	65.40	9.00	503.00		123.15	138.90	151.00	158.40	164.50	174.60	179.40	188.60	195.70	206.00	214.65	217.80	228.65	239.10	247.75	256.00	273.85	289.00	303.85	
04041500	0113	19330113	20150113	82	203.59	79.25	9.40	505.00		17.20	123.00	142.45	156.60	163.50	172.80	180.30	189.20	192.35	203.00	214.00	219.00	225.90	240.30	249.25	260.00	275.15	295.50	316.40	
04041500	0114	19330114	20150114	82	201.10	72.40	10.00	476.00		36.45	127.30	145.80	151.60	159.75	163.80	180.00	187.20	190.35	194.50	202.85	216.60	226.65	240.00	246.75	255.40	267.55	283.70	310.80	
04041500	0115	19330115	20150115	82	203.88	66.35	12.00	377.00		100.90	129.40	147.45	156.40	165.75	177.70	183.05	190.00	192.00	204.00	215.65	218.00	228.85	232.70	244.50	254.20	265.55	283.10	316.05	
04041500	0116	19330116	20150116	82	208.91	62.64	7.40	485.00		139.45	149.80	161.45	165.20	176.00	183.80	187.05	190.00	194.15	205.50	213.00	216.80	223.90	230.40	239.25	249.40	256.75	270.90	305.85	
04041500	0117	19330117	20150117	82	199.64	65.14	8.30	485.00		124.30	147.30	156.35	161.60	165.75	173.90	177.05	183.00	187.70	191.00	207.95	213.00	216.00	219.00	228.50	239.40	250.55	264.40	307.55	
04041500	0118	19330118	20150118	82	200.41	68.93	11.00	403.00		62.10	128.20	145.90	160.60	167.75	172.00	177.00	179.00	186.35	190.50	206.00	214.00	217.95	229.10	236.25	247.00	261.10	291.20	315.80	
04041500	0119	19330119	20150119	82	205.09	58.54	9.60	403.00		124.50	143.60	154.90	161.80	171.00	175.70	183.10	189.00	192.00	201.00	209.30	215.00	216.00	229.10	235.50	240.40	246.10	270.40	302.70	
04041500	0120	19330120	20150120	82	193.77	67.26	9.40	363.00		43.35	118.40	141.90	152.20	162.00	167.90	171.10	176.20	182.00	188.00	200.20	212.00	215.00	224.00	235.25	242.80	265.55	278.80	303.80	
04041500	0121	19330121	20150121	82	192.70	64.44	9.40	410.00		91.20	124.60	143.45	156.80	159.75	163.90	174.00	177.20	180.70	186.00	189.65	203.00	212.00	215.10	219.25	240.40	259.85	266.80	300.30	
04041500	0122	19330122	20150122	82	198.22	63.15	12.00	362.00		30.35	143.00	156.90	167.00	169.50	174.90	179.00	183.40	187.35	192.50	205.65	211.20	215.90	225.00	241.00	247.40	263.00	271.50	300.75	
04041500	0123	19330123	20150123	82	198.50	65.94	7.00	411.00		94.15	137.10	148.70	153.60	163.75	173.80	177.00	181.20	189.35	194.50	206.90	211.00	215.00	220.30	230.00	242.40	258.75	268.70	299.55	
04041500	0124	19330124	20150124	82	199.30	68.49	8.20	446.00		57.55	143.00	147.80	160.00	168.25	174.90	183.00	188.00	190.35	201.00	203.65	210.80	214.00	220.10	227.50	243.40	263.10	268.00	311.85	
04041500	0125	19330125	20150125	82	195.35	72.45	14.00	422.00		44.90	98.50	139.80	145.80	156.75	173.10	179.05	185.20	189.00	195.00	206.65	212.60	217.95	223.50	239.00	251.00	265.65	275.10	303.80	
04041500	0126	19330126	20150126	82	205.09	71.33	10.00	602.00		117.40	137.30	141.35	149.40	164.75	171.00	177.15	187.20	193.05	202.50	207.30	210.80	216.95	229.20	241.25	248.40	261.30	274.10	301.40	
04041500	0127	19330127	20150127	82	198.87	83.97	12.00	600.00		16.45	126.50	143.00	158.00	160.75	172.20	175.05	181.80	188.00	192.50	203.00	207.20	217.95	224.50	242.00	243.40	249.00	270.30	343.10	
04041500	0128	19330128	20150128	82	205.85	90.22	10.00	599.00		33.25	123.30	142.45	159.60	165.00	172.00	175.05	182.00	186.00	203.00	210.00	214.80	217.95	224.40	240.00	245.40	258.95	299.70	341.10	
04041500	0129	19330129	20150129	82	205.01	80.82	12.00	596.00		93.55	134.90	148.00	160.80	171.50	175.90	180.10	184.60	191.70	202.50	206.90	214.40	218.90	224.20	231.75	241.80	253.55	261.80	335.85	
04041500	0130	19330130	20150130	82	201.85	77.96	8.60	591.00		29.60	128.40	144.25	161.20	167.75	175.80	184.00	187.60	194.70	202.50	209.00	212.40	215.95	222.10	231.50	241.80	254.05	264.40	318.10	
04041500	0131	19330131	20150131	82	199.88	70.08	8.40	587.00		126.60	143.80	152.90	157.60	165.50	173.80	179.05	186.00	192.00	198.50	203.00	209.80	213.85	217.50	229.50	241.40	245.55	261.70	288.00	
04041500	0201	19320201	20150201	83	196.13	72.64	11.00	577.00		46.40	123.80	142.40	155.60	164.00	170.20	179.00	184.40	201.00	204.00	207.20	212.20	217.00	222.80	233.00	247.00	249.40	256.60	273.00	
04041500	0202	19320202	20150202	83	199.65	62.79	10.00	572.00		132.80	139.40	146.20	156.60	165.00	171.20	179.80	186.00	193.80	199.00	203.20	208.40	217.40	220.80	229.00	237.40	246.40	253.80	275.80	
04041500	0203	19320203	20150203	83	194.77	68.54	12.00	394.00		15.80	127.60	141.20	154.60	165.00	169.80	177.40	181.60	191.80	199.00	201.00	205.40	214.60	224.00	228.00	241.80	256.20	272.60	308.40	
04041500	0204	19320204	20150204	83	195.52	68.09	10.00	439.00		32.20	133.40	142.00	154.60	165.00	170.40	175.00	179.00	186.20	193.00	201.00	207.40	214.60	222.80	239.00	244.40	261.20	273.60	295.00	
04041500	0205	19320205	20150205	83	197.39	57.23	12.00	314.00		109.00	135.60	154.40	165.00	169.00	175.20	179.00	188.60	192.80	199.00	201.20	205.80	213.60	221.80	230.00	245.00	255.40	269.20	289.60	
04041500	0206	19320206	20150206	83	201.94	54.42	8.00	342.00		131.60	150.00	157.60	163.20	171.00	177.20	179.80	188.00	192.80	202.00	208.00	214.40	220.00	224.60	233.00	246.20	256.00	266.80	296.80	
04041500	0207	19320207	20150207	83	195.81	57.58	10.00	340.00		117.60	140.40	148.20	159.60	167.00	171.20	176.00	186.60	192.40	200.00	202.00	204.40	206.60	217.80	222.00	244.00	246.80	263.40	294.20	
04041500	0208	19320208	20150208	83	191.84	62.77	11.00	338.00		50.00	112.40	144.00	157.40	166.00	168.00	170.00	178.80	187.00	195.00	201.20	206.00	216.20	219.00	222.00	239.60	258.40	265.00	296.00	
04041500	0209	19320209	20150209	83	199.35	50.36	9.00	340.00		138.20	142.00	155.60	160.60	169.00	172.40	178.80	189.60	195.00	199.00	202.20	205.40	215.60	219.60	223.00	238.00	244.40	261.80	294.00	
04041500	0210	19320210	20150210	83	188.87	63.85	10.00	339.00		15.20	105.20	140.00	153.00	165.00	168.20	176.40	183.60	194.80	200.00	202.00	205.40	216.00	221.60	232.00	236.80	247.40	251.60	273.80	
04041500	0211	19320211	20150211	83	197.31	58.99	15.00	343.00		100.60	138.80	153.80	159.40	166.00	168.20	177.40	182.80	190.60	198.00	200.20	205.80	212.80	223.20	241.00	246.00	250.00	268.80	296.60	
04041500	0212	19320212	20150212	83	198.87	63.49	14.00	409.00		79.40	138.80	155.40	164.00	167.00	173.60	180.40	183.60	192.40	198.00	202.20	207.60	215.60	220.00	231.00	238.00	250.40	268.60	315.60	
04041500	0213	19320213	20150213	83	199.66	62.20	14.00	380.00		79.40	139.00	141.60	160.60	168.00	170.00	175.80	184.20	192.20	199.00	208.20	210.40	218.60	226.80	236.00	242.00	255.00	271.80	298.00	
04041500	0214	19320214	20150214	83	196.20	70.53	9.30	427.00		42.80	137.80	141.00	158.00	159.00	170.00	174.20	180.00	186.40	193.00	201.20	205.80	212.00	216.00	234.00	239.00	253.80	272.60	333.20	
04041500	0215	19320215	20150215	83	200.63	79.31	15.00	615.00		56.80	136.20	143.20	151.60	159.00	168.40	177.00	181.60	188.20	197.00	201.00	209.80	216.80	225.80	235.00	248.00	260.00	272.20	321.20	
04041500	0216	19320216	20150216	83	203.01	76.51	9.60	616.00		108.60	139.40	149.60	156.60	160.00	163.20	168.00	175.80	181.60	197.00	204.20	215.00	223.80	230.00	235.00	248.00	260.80	275.20	319.60	
04041500	0217	19320217	20150217	83	201.28	80.69	12.00	610.00		79.60	139.00	155.00	162.00	165.00	167.40	175.60	184.60	192.00	196.00	200.00	204.60	218.20	224.80	230.00	236.60	251.40	269.40	322.00	
04041500	0218	19320218	20150218	83	204.49	75.51	11.00	605.00		138.20	149.00	155.00	160.00	165.00	178.20	184.00	187.60	194.80	200.00	201.00	208.80	217.20	220.00	226.00	234.80	254.80	265.00	291.80	
04041500	0219	19320219	20150219	83	205.18	75.84	13.00	607.00		106.40	139.80	149.00	158.80	165.00	172.40	188.20	192.00	194.00	198.00	203.80	211.40	219.60	223.40	233.00	236.00	260.80	278.40	312.80	
04041500	0220	19320220	20150220	83	201.56	79.07	9.60	605.00		56.40	142.00	156.20	160.80	164.00	166.20	179.40	188.20	193.00	197.00	200.40	210.40	214.60	219.80	222.00	234.40	240.40	271.60	352.80	
04041500	0221	19320221	20150221	83	206.73	80.90	8.40	601.00		37.60	140.20	152.20	159.00	167.00	172.60	188.00	192.00	194.80	196.00	206.60	214.80	220.60	231.60	238.00	253.60	269.40	290.80	332.00	
04041500	0222	19320222	20150222	83	204.41	86.62	11.00	605.00		38.00	140.80	150.60	157.80	164.00	168.40	181.00	193.00	194.00	197.00	201.00	207.40	214.40	220.80	232.00	246.80	261.40	293.60	335.00	
04041500	0223	19320223	20150223	83	207.18	88.04	10.00	620.00		129.80	142.00	151.40	161.60	165.00	169.20	175.20	185.20	192.60	195.00	197.00	200.40	210.00	218.60	222.00	239.80	258.60	271.20	319.00	
04041500	0224	19320224	20150224	83	205.01	91.77	11.00	624.00		79.00	130.00	141.60	147.80	158.00	165.40	178.40	184.40	191.80	195.00	204.20	212.00	220.00	224.80	245.00	257.60	269.20	292.80	314.00	
04041500	0225	19320225	20150225	83	211.33	85.02	18.00	628.00		129.40	140.80	147.40	164.40	168.00	172.40	178.40	184.60	191.80	198.00	202.40	212.80	218.00	223.20	230.00	249.00	259.60	293.60	336.00	
04041500	0226	19320226	20150226	83	226.59	93.51	15.00	630.00		137.20	141.40	156.20	166.60	176.00	184.40	189.80	196.20	201.00	211.00	218.00	220.80	226.60	239.60	254.00	271.20	289.20	313.00	395.00	
04041500	0227	19320227	20150227	83	240.38	183.96	7.60	1680.00		129.60	147.40	162.60	169.80	174.00	182.20	185.00	193.00	197.00	199.00	203.40	214.80	225.20	236.80	260.00	273.00	288.80	331.80	476.60	
04041500	0228	19320228	20150228	83	224.34	134.16	7.50	1080.00		14.40	138.80	157.80	164.80	174.00	177.20	185.40	193.20	195.00	200.00	205.40	214.20	221.40	231.40	257.00	263.20	287.80	337.60	410.60	
04041500	0229	19320229	20120229	21	285.33	217.01	10.00	1060.00		23.00	140.80	149.70	167.00	181.50	192.40	194.00	196.40	202.40	223.00	229.40	245.40	266.20	295.40	319.50	350.80	447.10	577.00	1014.10	
04041500	0301	19320301	20150301	83	237.25	119.39	10.00	870.00		70.20	142.40	166.80	174.80	186.00	190.20	194.40	197.20	202.60	208.00	211.20	223.40	238.20	260.40	273.00	308.00	326.40	365.00	457.00	
04041500	0302	19320302	20150302	83	247.53	136.57	78.00	1060.00		106.20	144.40	158.20	166.00	171.00	178.80	187.40	193.60	201.80	208.00	216.20	227.00	238.80	252.40	281.00	315.20	351.00	393.80	491.40	
04041500	0303	19320303	20150303	83	248.67	130.17	12.00	835.00		87.60	135.60	152.80	170.00	177.00	184.00	191.60	202.20	206.80	212.00	218.60	233.60	245.00	269.80	310.00	340.40	364.20	410.00	523.60	
04041500	0304	19320304	20150304	83	263.18	109.64	10.00	708.00		145.40	155.20	170.60	176.80	184.00	199.20	205.80	210.60	224.40	230.00	242.40	276.00	296.00	314.80	325.00	344.00	367.80	403.00	454.20	
04041500	0305	19320305	20150305	83	246.96	104.83	15.00	708.00		133.60	147.40	161.20	170.60	184.00	187.40	197.00	201.80	208.80	222.00	227.40	248.80	268.40	276.80	302.00	332.00	361.80	374.00	427.20	
04041500	0306	19320306	20150306	83	248.60	103.20	6.60	594.00		112.00	148.80	160.60	172.40	178.00	189.20	196.40	207.20	217.40	221.00	243.40	256.60	273.20	285.60	308.00	328.80	361.80	407.20	431.60	
04041500	0307	19320307	20150307	83	277.71	187.04	10.00	1560.00		125.60	155.00	164.80	174.40	191.00	197.40	202.00	211.80	224.00	243.00	253.40	261.80	277.00	304.00	337.00	354.00	379.80	418.20	575.60	
04041500	0308	19320308	20150308	83	295.19	247.02	10.00	1890.00		140.80	155.00	169.00	176.60	184.00	195.20	214.80	218.00	239.40	246.00	251.20	254.40	274.20	291.40	302.00	357.20	374.00	425.20	567.00	
04041500	0309	19320309	20150309	83	302.52	231.36	117.00	1750.00		145.80	166.80	170.00	181.40	190.00	200.80	211.80	226.80	244.60	253.00	263.00	277.40	291.00	301.80	333.00	353.20	380.00	417.80	632.00	
04041500	0310	19320310	20150310	83	290.19	205.32	11.00	1390.00		129.40	151.20	167.60	174.60	187.00	190.40	202.40	231.20	241.80	255.00	257.20	268.00	280.00	296.80	300.00	347.80	376.60	403.80	635.20	
04041500	0311	19320311	20150311	83	299.08	187.05	11.00	1230.00		150.40	169.00	172.60	190.80	199.00	219.20	233.20	240.60	243.80	259.00	267.80	282.40	296.20	306.80	345.00	354.40	371.40	399.60	629.60	
04041500	0312	19320312	20150312	83	313.69	283.83	15.00	2520.00		145.20	163.80	172.60	183.60	194.00	211.20	219.60	232.40	241.60	259.00	271.80	277.40	299.20	316.80	347.00	366.20	397.40	470.00	629.00	
04041500	0313	19320313	20150313	83	324.83	266.31	15.00	2130.00		144.40	156.40	167.80	186.60	197.00	216.40	225.80	243.60	259.80	264.00	275.40	296.60	306.00	323.60	348.00	362.80	404.00	573.00	744.80	
04041500	0314	19320314	20150314	83	337.24	285.27	9.60	2140.00		118.00	153.40	166.20	185.00	196.00	212.00	218.20	228.20	242.60	260.00	277.40	298.80	310.40	322.80	369.00	399.20	513.20	604.40	875.20	
04041500	0315	19320315	20150315	83	370.17	371.97	10.00	2660.00		148.40	162.00	169.20	183.80	198.00	206.80	216.40	222.60	240.00	255.00	268.00	293.60	311.80	339.80	383.00	443.20	544.40	599.80	1272.00	
04041500	0316	19320316	20150316	83	379.76	393.97	133.00	2440.00		151.60	160.80	168.80	180.80	189.00	201.00	213.40	236.40	246.40	256.00	268.80	299.80	326.20	348.80	372.00	412.40	527.20	646.60	1288.00	
04041500	0317	19320317	20150317	83	381.40	386.77	9.40	2110.00		152.40	167.80	180.00	184.80	189.00	197.60	209.40	219.20	232.00	241.00	251.60	271.00	285.00	336.20	374.00	470.40	553.80	785.80	1468.00	
04041500	0318	19320318	20150318	83	388.69	394.76	10.00	1990.00		151.60	162.40	167.60	176.80	191.00	200.00	206.40	210.60	225.60	243.00	256.00	289.00	311.20	349.60	385.00	454.60	549.80	877.00	1656.00	
04041500	0319	19320319	20150319	83	388.59	390.43	15.00	1970.00		136.00	155.40	166.60	178.40	190.00	203.00	212.80	225.60	242.00	252.00	266.40	290.00	303.00	359.60	370.00	484.80	580.80	812.40	1476.00	
04041500	0320	19320320	20150320	83	379.77	348.27	8.50	2210.00		148.80	168.80	176.00	181.40	193.00	205.20	218.40	235.60	256.80	269.00	274.80	294.40	321.60	359.40	402.00	442.60	601.40	699.20	1286.00	
04041500	0321	19320321	20150321	83	373.35	323.01	9.70	2080.00		150.00	167.40	180.60	186.00	191.00	201.20	214.00	229.20	247.00	259.00	283.60	307.20	317.60	355.60	382.00	515.80	609.80	775.00	1020.00	
04041500	0322	19320322	20150322	83	389.36	365.08	9.00	2080.00		141.40	161.60	172.60	181.80	189.00	197.80	215.00	221.60	243.20	274.00	286.20	297.60	316.60	380.40	420.00	586.00	621.40	720.20	1358.00	
04041500	0323	19320323	20150323	83	426.28	385.66	140.00	2020.00		150.20	164.80	175.40	182.00	196.00	209.20	227.20	243.00	258.80	284.00	295.20	320.60	352.00	408.00	505.00	585.20	700.00	894.80	1418.00	
04041500	0324	19320324	20150324	83	409.16	341.79	11.00	1900.00		140.60	165.80	177.80	196.60	206.00	216.40	231.40	240.60	266.80	290.00	299.20	335.20	377.80	405.00	482.00	545.20	658.00	925.20	1218.00	
04041500	0325	19320325	20150325	83	430.11	399.73	10.00	2440.00		155.20	166.20	174.60	185.60	208.00	212.20	217.00	236.80	280.20	293.00	315.80	349.00	360.00	402.80	495.00	621.80	674.00	902.60	1198.00	
04041500	0326	19320326	20150326	83	481.42	514.56	15.00	3630.00		157.20	163.60	174.60	187.60	199.00	209.80	222.20	257.00	277.80	289.00	310.80	382.60	408.40	483.60	620.00	683.20	762.20	942.00	1540.00	
04041500	0327	19320327	20150327	83	518.80	505.38	15.00	3180.00		154.80	179.40	187.60	192.60	202.00	220.20	246.00	279.20	289.80	317.00	359.80	390.40	480.40	592.00	648.00	762.20	907.60	1040.00	1548.00	
04041500	0328	19320328	20150328	83	557.27	510.79	10.00	2790.00		166.40	183.20	189.80	209.40	232.00	249.00	261.80	283.40	293.20	359.00	380.40	411.20	516.60	611.20	674.00	863.20	932.20	1446.00	1758.00	
04041500	0329	19320329	20150329	83	603.30	545.63	9.60	2580.00		170.20	186.40	198.40	214.60	250.00	272.00	286.00	296.60	341.60	394.00	430.60	522.40	599.80	630.60	708.00	956.80	1184.00	1456.00	1820.00	
04041500	0330	19320330	20150330	83	635.42	562.44	146.00	2440.00		172.80	183.80	200.00	218.60	256.00	278.40	295.40	313.40	362.00	403.00	491.20	562.80	595.40	632.60	782.00	891.60	1268.00	1490.00	2108.00	
04041500	0331	19320331	20150331	83	673.35	607.08	82.00	2820.00		180.40	191.40	226.80	251.20	275.00	289.00	304.60	339.20	366.00	404.00	455.40	575.20	625.20	802.20	932.00	1004.00	1198.00	1580.00	2234.00	
04041500	0401	19320401	20150401	83	719.53	695.51	158.00	3540.00		190.00	200.60	235.20	265.20	287.00	293.20	311.40	359.00	397.60	428.00	494.80	564.80	598.40	719.80	838.00	1096.00	1398.00	1776.00	2354.00	
04041500	0402	19320402	20150402	83	706.94	610.09	158.00	3140.00		187.40	205.80	247.20	276.40	296.00	321.80	371.00	406.00	451.40	525.00	583.60	598.60	647.40	725.40	862.00	971.60	1222.00	1638.00	2216.00	
04041500	0403	19320403	20150403	83	703.31	582.20	152.00	3140.00		181.20	211.20	264.80	291.60	313.00	327.00	363.40	401.60	466.80	545.00	560.80	606.20	668.00	796.80	843.00	1050.00	1290.00	1458.00	1796.00	
04041500	0404	19320404	20150404	83	725.11	571.82	9.00	2900.00		180.20	219.60	250.20	289.80	301.00	320.60	374.40	449.60	489.20	547.00	593.40	634.20	772.20	858.80	1070.00	1136.00	1264.00	1460.00	2136.00	
04041500	0405	19320405	20150405	83	738.05	571.93	10.00	2550.00		182.20	238.20	257.80	280.60	321.00	384.80	417.20	453.00	486.00	561.00	606.60	664.20	721.60	893.40	1020.00	1106.00	1182.00	1622.00	2092.00	
04041500	0406	19320406	20150406	83	771.16	635.79	181.00	3290.00		206.40	255.40	274.40	310.40	367.00	397.80	426.40	457.80	543.20	581.00	607.40	689.20	732.80	890.60	940.00	1074.00	1154.00	1732.00	2464.00	
04041500	0407	19320407	20150407	83	811.31	676.21	183.00	3740.00		234.80	253.40	255.00	304.40	378.00	444.40	508.60	558.20	580.00	592.00	620.00	702.60	810.80	905.60	954.00	1044.00	1344.00	1512.00	2498.00	
04041500	0408	19320408	20150408	83	852.87	653.29	157.00	2910.00		201.40	255.60	293.60	345.00	445.00	467.40	509.20	563.00	599.00	622.00	701.80	769.00	847.20	939.00	1060.00	1180.00	1476.00	1846.00	2608.00	
04041500	0409	19320409	20150409	83	906.24	606.42	167.00	2740.00		219.20	268.40	318.80	368.20	474.00	563.60	587.20	613.40	632.60	714.00	736.00	841.60	988.00	1134.00	1300.00	1344.00	1592.00	1818.00	2298.00	
04041500	0410	19320410	20150410	83	943.72	633.82	96.00	2570.00		242.40	276.40	318.80	385.20	444.00	528.00	573.60	611.00	682.20	774.00	854.40	907.00	987.60	1226.00	1370.00	1510.00	1686.00	1994.00	2378.00	
04041500	0411	19320411	20150411	83	991.10	628.18	196.00	3050.00		276.00	328.40	376.20	436.80	491.00	558.60	595.20	644.40	709.60	754.00	851.40	991.20	1118.00	1324.00	1540.00	1692.00	1784.00	1830.00	2090.00	
04041500	0412	19320412	20150412	83	1046.40	684.34	254.00	3270.00		291.20	355.20	424.60	477.00	543.00	586.20	595.40	624.20	698.40	828.00	971.00	1140.00	1286.00	1376.00	1460.00	1556.00	1664.00	1970.00	2622.00	
04041500	0413	19320413	20150413	83	1111.96	706.82	246.00	3380.00		293.00	364.80	469.80	567.00	599.00	645.20	657.60	747.80	799.20	888.00	1100.00	1164.00	1224.00	1320.00	1420.00	1572.00	1902.00	2070.00	2690.00	
04041500	0414	19320414	20150414	83	1179.78	804.55	237.00	3520.00		280.20	388.20	487.80	557.20	613.00	641.20	666.20	720.80	940.20	979.00	1042.00	1100.00	1206.00	1418.00	1500.00	1690.00	2082.00	2454.00	3272.00	
04041500	0415	19320415	20150415	83	1230.10	841.43	221.00	4720.00		323.60	489.20	557.20	581.60	600.00	632.40	698.80	857.40	945.60	1020.00	1092.00	1180.00	1292.00	1362.00	1500.00	1800.00	2164.00	2658.00	2914.00	
04041500	0416	19320416	20150416	83	1271.39	874.87	216.00	5320.00		391.00	498.20	548.20	597.80	622.00	648.20	767.80	874.60	963.80	1050.00	1144.00	1204.00	1286.00	1484.00	1670.00	1830.00	2150.00	2406.00	2954.00	
04041500	0417	19320417	20150417	83	1361.11	934.18	240.00	6110.00		400.00	508.60	606.00	642.80	737.00	805.20	914.20	983.60	1088.00	1140.00	1202.00	1264.00	1406.00	1494.00	1760.00	1936.00	2102.00	2504.00	3384.00	
04041500	0418	19320418	20150418	83	1371.87	926.75	247.00	6340.00		460.00	565.20	629.00	711.60	803.00	837.40	880.80	956.00	1058.00	1150.00	1246.00	1314.00	1466.00	1572.00	1620.00	1822.00	2066.00	2606.00	3158.00	
04041500	0419	19320419	20150419	83	1400.51	907.71	234.00	5560.00		451.60	587.60	658.60	737.60	773.00	829.40	883.00	994.00	1058.00	1150.00	1220.00	1414.00	1534.00	1654.00	1730.00	1864.00	2098.00	2652.00	3482.00	
04041500	0420	19320420	20150420	83	1455.10	949.06	211.00	5240.00		423.20	605.40	655.00	718.60	818.00	896.00	947.00	1056.00	1138.00	1200.00	1234.00	1392.00	1496.00	1640.00	1840.00	2222.00	2328.00	2452.00	3856.00	
04041500	0421	19320421	20150421	83	1469.65	959.33	184.00	5750.00		414.00	614.20	647.40	707.20	787.00	901.60	1080.00	1126.00	1188.00	1220.00	1312.00	1390.00	1516.00	1628.00	1740.00	1940.00	2408.00	2728.00	3502.00	
04041500	0422	19320422	20150422	83	1489.75	931.38	181.00	4930.00		420.60	598.20	678.80	730.80	843.00	939.20	979.00	1032.00	1150.00	1260.00	1412.00	1488.00	1552.00	1600.00	1770.00	2320.00	2522.00	2798.00	3152.00	
04041500	0423	19320423	20150423	83	1497.42	877.96	185.00	4200.00		473.40	607.20	700.20	815.20	872.00	936.40	1020.00	1066.00	1160.00	1270.00	1348.00	1450.00	1588.00	1814.00	1890.00	2116.00	2540.00	2804.00	3594.00	
04041500	0424	19320424	20150424	83	1512.02	980.73	186.00	6430.00		389.40	561.00	616.60	782.40	909.00	936.00	1004.00	1090.00	1196.00	1300.00	1348.00	1494.00	1618.00	1728.00	1880.00	2094.00	2508.00	2864.00	3402.00	
04041500	0425	19320425	20150425	83	1491.02	1031.82	186.00	6820.00		380.20	490.20	614.80	731.00	856.00	906.80	975.40	1036.00	1158.00	1250.00	1312.00	1388.00	1578.00	1684.00	1900.00	2156.00	2508.00	2914.00	3218.00	
04041500	0426	19320426	20150426	83	1426.76	926.47	186.00	4710.00		325.20	502.40	607.60	711.80	773.00	855.20	968.40	1000.00	1116.00	1240.00	1304.00	1424.00	1518.00	1628.00	1790.00	2032.00	2322.00	2702.00	3408.00	
04041500	0427	19320427	20150427	83	1355.43	848.77	176.00	3950.00		277.20	409.00	542.40	660.20	699.00	803.80	832.60	1044.00	1130.00	1220.00	1286.00	1390.00	1456.00	1620.00	1820.00	1974.00	2040.00	2574.00	3328.00	
04041500	0428	19320428	20150428	83	1300.54	792.34	102.00	3550.00		234.40	382.80	556.20	623.00	659.00	715.60	864.40	970.80	1094.00	1190.00	1264.00	1342.00	1468.00	1678.00	1800.00	1932.00	2170.00	2436.00	3090.00	
04041500	0429	19320429	20150429	83	1286.18	848.49	171.00	4730.00		260.40	382.40	509.00	579.00	641.00	684.20	851.60	935.00	988.80	1090.00	1162.00	1192.00	1398.00	1622.00	1760.00	2026.00	2264.00	2480.00	2700.00	
04041500	0430	19320430	20150430	83	1286.24	915.32	182.00	4760.00		269.80	415.20	542.60	582.00	619.00	668.80	820.80	850.60	915.60	968.00	1098.00	1212.00	1378.00	1496.00	1770.00	1944.00	2212.00	2480.00	3100.00	
04041500	0501	19320501	20150501	83	1256.59	973.61	181.00	5630.00		264.00	388.80	478.80	579.80	627.00	692.60	749.60	818.60	860.40	926.00	1034.00	1160.00	1258.00	1418.00	1620.00	1850.00	2078.00	2688.00	3320.00	
04041500	0502	19320502	20150502	83	1221.08	926.80	196.00	4560.00		268.80	349.40	529.20	607.80	628.00	657.60	768.20	795.20	842.40	870.00	1012.00	1078.00	1198.00	1302.00	1540.00	1816.00	2156.00	2526.00	3608.00	
04041500	0503	19320503	20150503	83	1155.81	869.89	178.00	4270.00		226.00	363.80	500.40	547.40	597.00	626.80	674.00	756.80	810.60	858.00	953.20	1066.00	1250.00	1300.00	1380.00	1652.00	2072.00	2232.00	3436.00	
04041500	0504	19320504	20150504	83	1057.72	774.82	129.00	4070.00		222.40	337.20	396.60	541.20	571.00	605.20	627.00	671.60	717.80	796.00	835.40	921.20	1016.00	1106.00	1430.00	1684.00	1910.00	2214.00	2674.00	
04041500	0505	19320505	20150505	83	1033.83	735.27	140.00	3560.00		220.20	315.80	381.40	481.20	520.00	556.00	635.40	688.20	749.00	782.00	820.00	881.20	1016.00	1174.00	1510.00	1704.00	2022.00	2166.00	2584.00	
04041500	0506	19320506	20150506	83	1044.98	826.46	140.00	4240.00		250.60	326.80	373.60	441.20	480.00	525.60	618.40	642.40	725.40	752.00	824.00	863.60	999.20	1110.00	1270.00	1642.00	1894.00	2226.00	2912.00	
04041500	0507	19320507	20150507	83	1030.67	823.74	150.00	4280.00		235.80	323.20	358.40	446.80	510.00	571.60	618.40	634.60	692.20	750.00	822.60	919.20	982.40	1080.00	1260.00	1510.00	1798.00	2162.00	3092.00	
04041500	0508	19320508	20150508	83	1001.06	771.67	193.00	3540.00		269.40	323.00	362.40	427.20	466.00	538.40	589.80	619.40	644.40	685.00	787.40	929.00	1016.40	1076.00	1240.00	1400.00	1824.00	2370.00	2730.00	
04041500	0509	19320509	20150509	83	950.48	747.87	193.00	4110.00		268.40	296.00	341.80	391.00	440.00	521.60	572.20	600.20	618.60	652.00	768.00	875.20	958.80	995.00	1160.00	1386.00	1706.00	2130.00	2538.00	
04041500	0510	19320510	20150510	83	893.52	738.07	198.00	3740.00		254.60	275.00	320.40	359.40	398.00	446.00	507.20	591.20	623.00	650.00	708.60	770.40	824.80	1020.00	1120.00	1262.00	1460.00	1662.00	2780.00	
04041500	0511	19320511	20150511	83	824.46	654.58	140.00	3290.00		247.80	279.40	295.20	327.60	362.00	416.20	516.20	550.20	622.40	636.00	683.20	725.40	776.40	842.40	992.00	1170.00	1344.00	1682.00	2700.00	
04041500	0512	19320512	20150512	83	817.36	678.94	11.00	4210.00		199.80	261.20	294.40	329.60	388.00	440.40	510.00	541.00	623.20	637.00	685.80	741.20	817.20	882.40	994.00	1074.00	1212.00	1600.00	2346.00	
04041500	0513	19320513	20150513	83	832.00	632.27	141.00	4120.00		222.00	274.60	329.60	357.60	406.00	447.40	509.60	530.20	623.60	649.00	664.20	783.00	893.60	977.40	1090.00	1226.00	1408.00	1564.00	2000.00	
04041500	0514	19320514	20150514	83	786.86	528.55	136.00	2970.00		222.00	263.00	310.80	339.20	377.00	412.60	465.20	516.40	584.20	624.00	684.40	779.60	913.20	1024.00	1110.00	1168.00	1384.00	1512.00	1660.00	
04041500	0515	19320515	20150515	83	713.33	448.74	160.00	2040.00		189.00	250.80	297.60	313.20	362.00	399.40	437.60	484.20	568.60	597.00	643.60	734.40	795.20	838.40	957.00	1124.00	1208.00	1324.00	1776.00	
04041500	0516	19320516	20150516	83	692.93	446.13	160.00	2130.00		213.60	241.40	299.60	319.60	338.00	388.60	476.60	513.60	584.40	597.00	621.60	635.60	683.80	782.40	913.00	1005.60	1160.00	1366.00	1764.00	
04041500	0517	19320517	20150517	83	660.86	405.96	157.00	2240.00		197.80	253.60	305.60	321.60	351.00	409.20	476.20	500.00	553.60	592.00	615.00	627.80	640.00	782.60	835.00	906.00	1035.00	1210.00	1556.00	
04041500	0518	19320518	20150518	83	626.46	381.49	156.00	2250.00		183.40	249.40	280.00	316.80	368.00	391.60	422.20	460.60	490.20	563.00	611.20	627.60	641.20	727.20	822.00	844.20	923.80	1188.00	1388.00	
04041500	0519	19320519	20150519	83	605.72	395.82	99.00	2220.00		171.80	229.80	264.60	287.40	311.00	378.00	408.00	448.80	496.80	533.00	592.80	615.20	634.20	687.40	765.00	790.60	867.60	1138.00	1390.00	
04041500	0520	19320520	20150520	83	613.22	557.71	12.00	3760.00		172.00	232.00	262.60	296.20	317.00	346.60	363.40	399.60	438.00	510.00	551.20	597.60	623.20	642.60	725.00	780.60	908.20	998.40	1280.00	
04041500	0521	19320521	20150521	83	619.87	563.19	30.00	3570.00		130.00	218.60	242.20	272.40	305.00	335.40	372.20	422.60	447.20	513.00	580.40	604.40	627.40	645.00	685.00	828.60	877.80	1082.00	1478.00	
04041500	0522	19320522	20150522	83	616.86	530.76	13.00	3040.00		178.20	231.40	250.20	276.40	309.00	335.80	365.20	418.60	432.40	495.00	571.40	588.20	609.80	622.20	663.00	737.80	817.00	1154.00	1658.00	
04041500	0523	19320523	20150523	83	576.29	420.34	110.00	2740.00		189.60	214.60	254.60	271.40	299.00	324.00	383.20	420.40	459.80	517.00	557.00	590.20	613.80	638.80	669.00	715.40	834.40	913.00	1424.00	
04041500	0524	19320524	20150524	83	583.00	399.65	19.00	2330.00		177.80	210.80	259.80	275.60	308.00	334.80	365.60	419.60	450.20	543.00	564.40	588.00	608.80	644.20	712.00	819.20	927.20	1043.60	1344.00	
04041500	0525	19320525	20150525	83	561.28	358.49	19.00	1940.00		138.40	226.80	253.40	284.00	292.00	316.60	334.40	382.00	421.20	486.00	546.40	580.60	615.60	655.80	702.00	818.60	921.80	1060.00	1272.00	
04041500	0526	19320526	20150526	83	562.41	426.13	95.00	3340.00		173.40	227.80	249.20	270.40	310.00	322.40	365.80	403.40	439.40	500.00	545.60	571.00	610.80	637.00	657.00	684.60	800.20	942.00	1376.00	
04041500	0527	19320527	20150527	83	537.65	396.67	95.00	3140.00		199.00	229.80	254.60	264.60	315.00	333.00	357.00	383.60	408.60	449.00	518.60	557.20	577.00	609.00	653.00	704.60	768.40	830.80	1126.00	
04041500	0528	19320528	20150528	83	510.67	344.48	89.00	2230.00		178.60	225.00	231.00	250.60	306.00	317.40	338.40	372.60	381.60	413.00	437.20	470.20	555.60	602.40	637.00	671.00	736.40	911.20	1206.00	
04041500	0529	19320529	20150529	83	490.61	293.72	7.50	1400.00		134.00	199.00	227.80	256.00	268.00	305.60	337.40	362.20	415.00	432.00	459.00	485.00	530.20	590.00	625.00	652.60	769.00	948.40	1144.00	
04041500	0530	19320530	20150530	83	470.03	294.84	7.40	1560.00		31.20	178.40	219.00	235.80	266.00	290.40	325.80	375.80	396.60	411.00	449.20	484.60	526.20	572.80	607.00	643.40	666.80	873.60	1130.00	
04041500	0531	19320531	20150531	83	503.46	282.08	14.00	1270.00		119.60	207.80	233.40	262.80	299.00	338.80	368.00	405.60	426.40	449.00	480.20	523.40	556.00	578.60	615.00	682.40	805.40	930.80	1198.00	
04041500	0601	19320601	20150601	83	530.49	341.48	111.00	1900.00		169.20	211.60	245.00	262.80	300.00	307.80	333.00	388.00	412.20	440.00	481.80	500.00	575.80	623.40	639.00	753.40	797.20	974.00	1316.00	
04041500	0602	19320602	20150602	83	492.66	304.08	112.00	1660.00		188.20	223.00	240.80	252.20	265.00	288.20	316.80	367.60	390.40	433.00	456.40	488.00	532.20	579.40	618.00	636.40	685.80	883.80	1178.00	
04041500	0603	19320603	20150603	83	466.48	278.19	12.00	1410.00		130.80	182.40	212.80	241.20	274.00	296.00	363.00	369.60	386.40	407.00	430.20	458.20	505.60	580.60	612.00	636.80	669.40	828.80	1142.00	
04041500	0604	19320604	20150604	83	438.87	280.87	16.00	1970.00		136.00	172.00	195.60	212.80	256.00	271.60	316.00	343.80	367.80	378.00	398.20	436.80	502.00	541.00	571.00	595.20	621.00	766.20	981.00	
04041500	0605	19320605	20150605	83	467.76	382.06	12.00	2890.00		138.00	168.00	207.00	249.00	267.00	292.40	303.00	336.00	367.00	383.00	417.20	441.60	504.80	549.80	595.00	614.20	645.40	725.40	830.60	
04041500	0606	19320606	20150606	83	469.71	480.24	9.10	3830.00		133.00	173.40	222.20	242.60	251.00	272.80	286.00	309.60	321.40	358.00	382.20	416.60	451.80	487.80	543.00	586.20	628.20	740.40	1332.00	
04041500	0607	19320607	20150607	83	440.73	440.80	9.00	3600.00		115.80	163.60	210.00	230.20	247.00	262.40	270.40	291.00	306.60	325.00	373.20	393.20	421.60	446.40	496.00	552.40	640.60	680.00	1138.00	
04041500	0608	19320608	20150608	83	428.24	318.15	12.00	2150.00		115.40	167.80	206.00	227.40	236.00	268.40	286.20	313.00	325.80	369.00	395.40	401.00	407.40	456.80	530.00	558.80	624.80	669.20	1174.00	
04041500	0609	19320609	20150609	83	419.20	340.31	81.00	2650.00		155.60	178.40	194.60	214.40	226.00	235.20	278.00	294.60	322.00	367.00	374.80	400.40	427.20	451.40	493.00	554.60	610.40	657.80	853.60	
04041500	0610	19320610	20150610	83	403.06	278.54	14.00	2040.00		136.20	175.00	193.00	213.20	231.00	240.40	267.80	298.40	313.60	349.00	383.20	398.00	435.60	448.20	505.00	555.00	623.40	697.40	839.00	
04041500	0611	19320611	20150611	83	437.61	308.41	15.00	1570.00		82.40	156.80	180.60	207.80	239.00	263.00	273.40	312.60	326.20	372.00	386.00	429.40	447.60	516.80	577.00	615.40	664.40	775.80	1196.00	
04041500	0612	19320612	20150612	83	425.81	308.12	12.00	1960.00		29.60	149.60	177.60	211.60	236.00	265.40	279.00	308.80	321.60	333.00	382.40	414.20	423.80	452.40	572.00	635.60	723.20	807.20	1055.80	
04041500	0613	19320613	20150613	83	419.90	288.88	18.00	1500.00		135.40	165.00	178.00	215.80	235.00	252.80	267.00	283.60	312.00	334.00	382.80	409.20	422.60	464.40	508.00	587.00	629.00	776.40	1090.00	
04041500	0614	19320614	20150614	83	410.29	291.21	12.00	1560.00		131.40	163.20	175.20	188.20	218.00	241.20	264.20	272.00	308.00	332.00	357.00	382.20	410.20	440.80	462.00	576.60	623.40	980.00	1094.00	
04041500	0615	19320615	20150615	83	412.96	309.64	128.00	1760.00		135.80	166.00	171.80	189.00	214.00	222.20	254.80	268.80	279.60	298.00	322.20	348.80	403.60	429.80	504.00	620.20	642.00	812.00	1066.00	
04041500	0616	19320616	20150616	83	418.41	391.02	119.00	3030.00		139.80	165.80	184.80	207.00	216.00	232.20	240.20	266.20	279.60	292.00	312.80	343.00	376.60	409.20	478.00	565.20	638.40	845.60	1017.80	
04041500	0617	19320617	20150617	83	421.96	376.19	10.00	2390.00		128.80	161.40	177.00	186.00	205.00	218.80	254.80	271.60	287.40	316.00	330.60	346.20	383.20	410.40	438.00	519.00	707.80	895.80	1264.00	
04041500	0618	19320618	20150618	83	425.92	342.96	15.00	1720.00		124.40	158.20	176.20	193.40	213.00	219.00	240.00	264.00	289.20	309.00	350.80	377.80	404.40	453.40	498.00	593.00	709.20	956.60	1278.00	
04041500	0619	19320619	20150619	83	372.28	259.98	0.00	1260.00		49.40	137.60	164.40	179.60	209.00	216.80	236.80	252.00	262.40	320.00	340.20	347.40	371.40	394.00	435.00	563.60	634.40	774.40	958.40	
04041500	0620	19320620	20150620	83	404.17	363.71	10.00	2280.00		39.20	142.20	176.60	200.40	211.00	235.60	247.40	266.20	290.00	322.00	340.00	360.20	398.60	433.80	442.00	527.60	621.40	681.20	1030.20	
04041500	0621	19320621	20150621	83	386.47	345.14	9.00	2220.00		27.60	121.00	145.80	174.00	180.00	208.20	220.00	251.40	269.80	293.00	322.20	347.20	386.40	410.20	478.00	562.40	642.00	687.00	955.80	
04041500	0622	19320622	20150622	83	369.37	270.81	14.00	1740.00		109.40	133.40	152.80	171.20	186.00	202.20	216.00	246.00	271.00	291.00	311.20	349.00	392.00	432.40	491.00	569.60	622.40	672.80	901.20	
04041500	0623	19320623	20150623	83	382.52	252.90	102.00	1330.00		128.40	167.00	176.40	196.80	209.00	218.40	226.40	256.20	269.00	290.00	324.40	363.20	410.20	444.60	493.00	529.60	628.80	765.60	934.40	
04041500	0624	19320624	20150624	83	383.56	273.80	9.40	1720.00		119.40	150.80	180.60	197.80	209.00	218.40	233.40	256.20	269.80	288.00	322.20	363.40	396.00	421.60	504.00	558.80	636.80	687.40	986.60	
04041500	0625	19320625	20150625	83	377.02	299.78	15.00	2170.00		125.20	163.20	180.80	194.40	199.00	209.80	219.00	233.60	259.40	300.00	324.60	345.20	378.80	412.80	492.00	547.80	638.40	673.80	922.60	
04041500	0626	19320626	20150626	83	372.53	320.94	8.20	2010.00		34.80	143.20	162.40	175.20	186.00	200.00	217.00	229.80	242.00	260.00	275.80	305.20	348.80	388.00	492.00	587.00	631.00	672.60	1006.80	
04041500	0627	19320627	20150627	83	369.90	345.47	10.00	2330.00		87.20	123.80	137.60	177.00	185.00	199.60	217.00	236.20	254.80	265.00	281.00	295.00	320.20	379.20	427.00	540.00	640.20	720.40	844.20	
04041500	0628	19320628	20150628	83	361.47	322.08	9.00	2030.00		22.00	118.00	137.00	161.80	187.00	212.40	220.00	226.00	243.00	258.00	284.60	303.20	360.80	401.00	417.00	574.80	612.20	673.80	917.00	
04041500	0629	19320629	20150629	83	346.00	259.93	14.00	1640.00		103.60	130.60	147.20	175.00	197.00	211.20	219.40	242.20	256.00	277.00	290.40	311.60	348.00	378.20	415.00	476.40	584.60	639.60	757.20	
04041500	0630	19320630	20150630	83	335.02	224.98	14.00	1210.00		94.40	130.00	142.80	161.00	175.00	204.20	218.00	236.60	263.60	279.00	295.20	308.80	366.80	410.40	434.00	494.00	528.60	615.40	743.00	
04041500	0701	19320701	20150701	82	344.68	275.46	8.70	2030.00		106.15	135.10	158.90	173.40	192.00	203.60	214.05	221.00	252.75	273.00	295.25	325.20	355.05	392.70	431.75	464.00	544.35	608.30	834.90	
04041500	0702	19320702	20150702	82	360.54	348.00	15.00	2660.00		16.30	132.60	151.15	168.80	186.00	197.40	211.10	217.60	239.20	264.50	297.55	335.80	369.45	388.80	416.25	495.80	587.95	634.90	878.90	
04041500	0703	19320703	20150703	82	374.83	464.47	15.00	3440.00		16.30	113.50	139.35	157.00	171.25	192.00	209.15	220.20	249.85	270.50	294.95	306.80	347.60	362.00	427.00	511.80	586.60	632.90	827.60	
04041500	0704	19320704	20150704	82	361.79	457.86	8.90	2770.00		12.15	15.00	32.30	116.60	138.00	149.70	177.45	202.20	216.35	226.50	270.55	277.80	293.90	310.90	437.75	521.80	596.65	677.60	1382.50	
04041500	0705	19320705	20150705	82	353.65	360.70	10.00	2260.00		14.15	109.60	131.00	141.60	159.00	187.90	204.35	213.80	228.15	246.50	253.65	272.40	295.75	333.80	418.25	477.40	573.95	625.90	1239.50	
04041500	0706	19320706	20150706	82	339.44	317.75	15.00	1620.00		59.40	121.90	137.45	147.20	177.75	185.80	189.05	207.00	218.00	226.00	252.00	257.80	273.70	301.10	367.50	456.60	556.05	718.60	1122.50	
04041500	0707	19320707	20150707	82	332.43	264.15	74.00	1620.00		109.80	142.60	152.80	166.40	183.50	195.20	209.05	216.20	221.10	242.50	256.65	267.40	290.75	316.30	368.75	446.40	552.20	692.60	932.15	
04041500	0708	19320708	20150708	82	336.16	256.18	7.00	1250.00		78.35	126.00	143.00	165.60	185.25	211.10	216.00	228.20	246.80	259.50	274.65	290.60	317.45	358.70	402.00	455.80	577.20	663.70	1031.65	
04041500	0709	19320709	20150709	82	347.70	275.06	15.00	1600.00		124.60	135.30	152.50	170.20	177.50	188.80	201.45	219.20	239.35	256.50	262.65	289.60	308.85	334.30	414.75	543.80	612.95	762.70	1029.15	
04041500	0710	19320710	20150710	82	321.91	253.35	10.00	1150.00		15.15	115.00	135.45	149.00	173.50	184.70	203.00	212.00	227.10	243.00	261.60	283.80	290.75	333.60	388.75	439.60	559.90	738.80	1010.50	
04041500	0711	19320711	20150711	82	285.07	191.73	11.00	940.00		23.25	124.40	137.90	155.20	167.25	180.60	196.05	204.00	214.05	238.00	245.60	256.00	267.90	292.70	363.00	402.80	495.05	548.40	724.00	
04041500	0712	19320712	20150712	82	278.41	176.29	12.00	891.00		64.50	122.90	141.60	154.40	167.75	179.70	188.10	202.60	209.70	218.00	237.80	256.60	267.00	301.40	332.00	398.00	498.00	566.60	663.95	
04041500	0713	19320713	20150713	82	266.05	164.72	12.00	898.00		25.00	109.60	122.00	147.20	172.00	176.80	188.05	203.00	220.35	229.00	235.95	258.00	275.95	301.40	325.75	358.40	428.75	538.80	586.55	
04041500	0714	19320714	20150714	82	262.09	158.44	15.00	978.00		35.20	114.30	130.10	146.20	164.50	174.90	182.05	186.60	200.40	212.50	232.90	252.60	283.45	326.10	346.75	401.20	438.95	473.70	536.95	
04041500	0715	19320715	20150715	82	249.59	149.98	12.00	683.00		16.30	91.40	119.25	137.60	153.25	164.90	174.15	186.20	194.45	221.00	241.75	281.20	297.65	303.20	316.00	333.20	399.55	461.90	624.30	
04041500	0716	19320716	20150716	82	288.78	412.76	14.00	3740.00		20.50	120.30	127.45	142.60	154.00	164.40	169.15	179.20	188.05	202.00	218.95	228.60	273.80	301.40	313.25	368.80	414.55	453.80	629.75	
04041500	0717	19320717	20150717	82	287.67	303.98	10.00	2580.00		49.25	120.60	133.80	148.00	160.75	173.90	183.20	191.00	210.35	215.50	227.95	257.00	264.95	306.30	328.00	376.20	419.50	481.50	630.20	
04041500	0718	19320718	20150718	82	281.96	366.89	11.00	3300.00		16.80	108.10	129.35	149.20	161.75	173.40	179.05	186.20	190.00	204.50	232.25	237.80	264.15	297.00	321.75	341.40	398.30	497.90	573.95	
04041500	0719	19320719	20150719	82	262.45	252.53	0.00	2050.00		15.15	101.90	111.25	132.20	159.75	167.60	171.20	180.60	186.35	191.00	201.65	229.80	255.35	284.10	296.50	351.20	407.70	519.90	628.95	
04041500	0720	19320720	20150720	82	273.48	227.00	7.00	1290.00		15.15	106.30	123.15	134.00	149.75	159.00	173.45	184.20	190.00	199.00	230.75	246.80	277.40	294.70	319.50	371.60	431.05	519.80	663.10	
04041500	0721	19320721	20150721	82	268.84	236.05	7.00	1560.00		16.15	112.30	128.00	132.00	154.50	166.40	173.10	178.80	189.35	192.50	213.65	228.00	253.85	286.70	313.75	360.00	393.55	453.80	854.55	
04041500	0722	19320722	20150722	82	271.87	206.59	12.00	1130.00		30.95	115.80	127.45	133.20	156.75	170.00	174.15	183.00	189.05	206.50	217.90	226.60	249.95	287.70	316.75	394.80	423.15	547.20	843.15	
04041500	0723	19320723	20150723	82	260.62	229.49	13.00	1540.00		18.45	111.60	124.90	136.60	158.75	166.80	172.00	174.00	184.75	197.00	212.15	223.20	233.95	254.20	292.25	321.20	413.75	432.80	687.70	
04041500	0724	19320724	20150724	82	250.49	183.74	12.00	1090.00		43.20	107.80	126.45	132.60	153.25	169.50	173.00	179.40	192.00	204.50	221.65	224.80	241.55	261.40	310.50	333.80	356.55	413.30	632.00	
04041500	0725	19320725	20150725	82	238.35	138.33	8.00	733.00		16.65	112.50	120.00	129.00	148.25	158.90	169.00	179.60	190.35	203.50	239.25	251.60	268.75	279.00	308.00	339.40	371.35	411.80	513.05	
04041500	0726	19320726	20150726	82	233.41	152.50	0.00	663.00		19.05	83.50	109.25	126.00	137.50	151.90	156.10	170.00	185.00	196.50	202.30	222.00	242.55	266.10	298.00	337.60	369.30	515.60	607.80	
04041500	0727	19320727	20150727	82	227.42	134.58	7.50	673.00		15.15	95.60	116.05	126.60	141.50	155.70	168.05	176.20	189.40	199.00	212.65	225.60	232.90	251.60	293.50	326.00	345.85	421.90	550.15	
04041500	0728	19320728	20150728	82	231.68	153.62	7.00	1180.00		25.75	103.30	125.00	139.60	151.25	166.90	169.20	185.20	189.40	201.00	209.30	224.80	241.00	251.50	282.50	317.40	345.85	378.50	444.75	
04041500	0729	19320729	20150729	82	234.78	154.24	7.00	969.00		13.45	104.80	122.70	135.40	141.25	152.80	167.05	172.00	183.35	192.50	203.90	216.80	237.90	273.70	316.25	340.60	371.00	406.40	543.55	
04041500	0730	19320730	20150730	82	228.16	145.36	7.00	703.00		16.15	85.60	110.90	126.80	137.25	142.00	159.15	166.20	174.15	185.50	205.95	219.00	237.40	283.50	303.25	336.80	366.40	411.90	586.25	
04041500	0731	19320731	20150731	82	225.07	138.84	7.80	726.00		16.30	63.60	114.60	124.60	141.75	153.90	162.10	170.00	181.40	190.50	208.30	220.00	231.70	273.00	319.25	332.80	361.65	433.80	467.45	
04041500	0801	19320801	20150801	82	223.97	143.39	7.50	785.00		14.65	81.10	114.15	120.00	134.75	147.80	155.35	166.20	170.05	187.50	193.00	219.80	232.75	272.30	306.25	333.80	354.20	406.00	451.30	
04041500	0802	19320802	20150802	82	223.22	145.74	0.00	641.00		13.30	86.60	110.00	123.20	139.25	147.90	159.20	166.20	170.70	184.50	197.95	205.40	222.80	258.20	291.00	320.60	368.20	451.40	568.20	
04041500	0803	19320803	20150803	82	227.56	142.07	12.00	740.00		16.60	99.30	109.00	121.20	138.25	144.00	153.10	162.20	168.35	183.50	209.85	222.60	254.95	283.50	302.75	324.40	380.15	418.50	570.65	
04041500	0804	19320804	20150804	82	253.48	270.40	7.50	2300.00		16.00	98.00	112.80	133.80	143.00	154.00	160.15	167.20	171.35	193.50	208.95	222.40	241.60	257.00	288.50	324.80	388.40	436.50	610.55	
04041500	0805	19320805	20150805	82	243.29	217.59	4.10	1710.00		15.15	95.60	112.00	124.00	136.25	141.90	156.15	164.60	173.70	188.00	210.30	220.60	233.00	264.40	316.50	329.20	379.90	427.00	578.80	
04041500	0806	19320806	20150806	82	232.04	181.13	4.10	1330.00		15.00	85.90	112.45	122.60	127.50	140.60	155.00	159.80	180.15	195.00	203.30	222.60	235.95	267.20	298.50	319.20	350.60	396.20	570.10	
04041500	0807	19320807	20150807	82	237.30	152.49	11.00	915.00		86.05	113.60	120.00	126.00	136.50	142.00	153.15	162.80	184.05	196.50	206.25	222.00	244.05	279.60	312.50	338.00	365.55	433.80	577.85	
04041500	0808	19320808	20150808	82	230.87	162.11	8.60	869.00		12.00	85.00	111.45	121.20	128.00	137.90	149.00	159.00	166.35	182.50	194.25	219.40	231.70	254.50	310.50	328.40	373.20	490.50	580.10	
04041500	0809	19320809	20150809	82	226.87	186.52	0.00	1210.00		20.45	85.20	102.45	115.60	126.75	140.10	149.10	154.40	167.35	174.00	190.95	204.80	224.00	252.50	277.75	296.20	315.95	414.80	630.25	
04041500	0810	19320810	20150810	82	236.07	200.40	12.00	1340.00		29.30	99.20	106.15	116.00	133.00	140.80	148.15	162.80	167.35	177.00	189.95	202.00	236.85	245.80	274.50	295.20	320.85	492.50	637.40	
04041500	0811	19320811	20150811	82	212.17	153.97	8.70	886.00		15.00	82.90	100.25	122.00	127.75	135.50	139.15	150.60	162.05	173.50	189.65	201.00	214.65	222.70	250.25	286.80	320.75	409.70	590.80	
04041500	0812	19320812	20150812	82	210.16	143.30	12.00	771.00		15.45	91.20	114.15	122.80	132.25	139.80	149.35	158.20	165.55	175.50	183.25	195.80	206.85	221.10	239.00	273.20	311.85	382.00	578.50	
04041500	0813	19320813	20150813	82	211.70	167.93	14.00	1010.00		24.95	77.50	106.70	113.00	127.00	132.80	140.00	149.00	157.75	165.00	178.30	194.60	202.00	219.90	242.00	269.40	321.30	349.80	623.85	
04041500	0814	19320814	20150814	82	219.83	163.33	1.00	1090.00		22.65	84.40	111.90	119.00	128.50	138.30	154.10	159.60	169.10	183.50	198.60	205.00	218.00	231.50	246.75	305.80	329.30	387.10	496.80	
04041500	0815	19320815	20150815	82	199.54	149.52	1.00	875.00		11.00	33.80	82.65	111.20	118.75	128.80	139.10	147.00	157.35	164.00	180.55	197.60	210.85	223.40	236.25	272.20	299.05	374.60	583.55	
04041500	0816	19320816	20150816	82	193.24	114.50	0.00	612.00		12.45	58.30	109.80	116.00	124.75	138.80	148.05	152.00	160.00	168.50	180.00	203.60	221.80	224.10	231.00	253.40	289.10	326.10	434.95	
04041500	0817	19320817	20150817	82	197.30	127.58	1.00	686.00		15.30	81.20	103.80	112.60	127.25	138.70	148.00	152.00	160.35	169.50	176.95	183.80	193.90	222.10	235.50	259.40	290.55	399.10	459.70	
04041500	0818	19320818	20150818	82	192.45	127.32	1.00	646.00		19.55	81.40	106.45	112.80	126.50	133.00	136.10	143.40	148.00	156.00	170.60	184.60	197.40	210.20	220.50	228.60	282.20	356.30	531.40	
04041500	0819	19320819	20150819	82	181.50	121.63	1.00	645.00		12.45	31.40	96.60	110.20	119.75	132.00	140.05	148.00	151.00	154.00	166.30	180.60	196.95	210.20	217.75	228.40	265.15	308.10	415.00	
04041500	0820	19320820	20150820	82	196.57	120.86	2.00	632.00		15.00	84.60	106.90	121.00	137.75	145.00	149.00	153.40	163.70	168.50	188.65	194.00	212.80	220.40	236.25	241.80	281.65	313.40	505.10	
04041500	0821	19320821	20150821	82	192.48	119.06	0.00	635.00		14.00	80.30	105.35	112.20	128.75	147.00	154.00	155.20	162.40	168.00	182.85	192.80	206.90	223.00	236.50	253.40	280.75	312.70	380.70	
04041500	0822	19320822	20150822	82	187.27	119.38	0.00	630.00		10.15	20.80	81.05	110.60	118.00	130.70	143.05	154.00	159.05	174.00	189.65	199.00	210.80	219.30	229.25	263.80	297.85	320.00	423.85	
04041500	0823	19320823	20150823	82	192.54	157.76	0.00	1150.00		14.00	32.10	85.35	94.60	107.00	112.90	122.20	143.40	150.00	158.50	168.00	183.20	208.90	224.00	239.75	264.00	311.65	346.60	413.50	
04041500	0824	19320824	20150824	82	213.99	229.13	3.30	1980.00		14.15	77.60	97.90	108.20	113.00	125.90	139.25	149.00	158.00	166.00	173.95	179.40	198.85	224.20	248.50	289.00	326.20	365.30	474.80	
04041500	0825	19320825	20150825	82	211.30	181.67	3.20	1280.00		26.60	101.60	107.90	112.20	119.50	133.60	142.00	149.40	160.00	168.50	178.95	190.40	218.85	224.50	244.00	252.00	298.40	351.10	538.85	
04041500	0826	19320826	20150826	82	198.22	168.68	6.20	1270.00		16.00	79.70	100.90	108.60	113.50	123.50	136.00	145.00	149.35	167.50	174.00	178.60	200.30	223.10	233.00	254.40	284.50	366.50	411.85	
04041500	0827	19320827	20150827	82	208.46	160.75	10.00	1070.00		14.15	92.10	105.90	112.80	123.75	137.90	150.05	163.20	170.05	178.00	183.65	194.00	218.60	224.00	230.75	241.80	271.55	378.50	535.80	
04041500	0828	19320828	20150828	82	213.12	174.64	10.00	1380.00		11.45	88.50	104.35	114.20	124.75	138.90	152.05	154.00	163.00	167.00	198.00	210.00	221.00	231.10	257.50	277.40	301.00	383.70	492.65	
04041500	0829	19320829	20150829	82	228.31	252.11	6.80	1850.00		10.00	21.30	87.60	107.80	117.50	142.60	153.05	158.40	168.70	176.00	190.60	204.80	214.95	221.10	232.50	258.40	306.05	416.70	618.85	
04041500	0830	19320830	20150830	82	213.37	240.16	8.20	1780.00		16.05	66.30	95.15	109.20	117.75	127.00	142.00	148.00	151.75	165.00	168.00	177.00	194.80	225.00	232.50	241.40	263.00	312.10	600.85	
04041500	0831	19320831	20150831	82	243.44	344.73	8.20	2620.00		15.15	77.40	95.15	109.40	116.25	127.30	136.45	154.20	163.35	168.50	177.30	190.20	218.95	231.10	240.25	261.80	286.05	354.40	718.85	
04041500	0901	19320901	20150901	82	219.23	250.38	8.00	1950.00		13.45	60.20	83.85	100.20	111.75	128.90	144.10	148.00	158.70	166.00	172.65	188.00	218.90	233.00	241.75	261.00	272.85	322.10	613.25	
04041500	0902	19320902	20150902	82	234.03	239.91	8.00	1890.00		22.10	86.40	107.00	117.60	125.75	138.40	143.05	152.00	161.70	173.00	187.30	213.20	219.95	238.40	254.00	288.60	330.95	388.30	588.40	
04041500	0903	19320903	20150903	82	234.86	217.36	8.40	1460.00		17.25	64.10	92.00	108.80	118.75	133.60	145.10	150.80	161.40	170.50	189.90	217.80	229.95	245.20	261.00	295.60	376.50	483.70	649.60	
04041500	0904	19320904	20150904	82	244.02	234.41	6.20	1430.00		13.30	61.90	104.00	107.00	117.50	135.10	144.05	149.20	164.05	188.00	204.50	217.60	223.80	245.00	258.00	290.80	379.80	514.40	891.00	
04041500	0905	19320905	20150905	82	254.92	323.59	0.00	2620.00		11.15	82.00	102.80	113.00	124.75	140.90	148.00	158.20	169.05	178.50	195.90	204.00	213.95	231.20	257.50	295.40	348.85	481.60	801.75	
04041500	0906	19320906	20150906	82	230.83	242.91	6.40	1870.00		12.00	35.80	86.25	107.40	116.75	123.00	143.05	149.20	155.35	158.50	199.45	218.40	227.70	247.10	255.75	275.20	371.20	468.70	648.60	
04041500	0907	19320907	20150907	82	231.48	233.88	11.00	1500.00		15.15	61.30	91.80	107.40	113.00	134.40	144.05	148.00	160.00	169.00	190.90	204.40	224.70	236.40	256.00	261.40	346.70	454.20	629.20	
04041500	0908	19320908	20150908	82	233.75	206.18	7.50	1540.00		18.10	67.30	107.90	114.20	134.25	141.90	147.05	161.00	179.35	188.00	202.30	213.60	221.85	236.00	258.00	312.80	367.80	444.00	621.50	
04041500	0909	19320909	20150909	82	247.27	312.26	12.00	2780.00		63.90	93.60	107.45	124.20	136.25	142.90	148.15	160.00	163.70	173.50	193.65	203.60	218.85	234.20	266.75	323.40	377.95	439.20	571.00	
04041500	0910	19320910	20150910	82	247.27	334.12	12.00	3010.00		51.05	95.00	107.45	117.20	130.25	138.80	149.05	159.20	164.75	184.50	198.55	218.20	234.55	245.70	264.50	305.80	350.45	412.80	544.15	
04041500	0911	19320911	20150911	82	241.04	295.21	6.40	2620.00		12.75	93.60	107.00	119.20	130.50	138.50	149.25	162.40	180.05	189.00	210.60	213.80	223.80	241.00	255.25	289.40	355.90	429.80	533.85	
04041500	0912	19320912	20150912	82	229.86	232.21	0.00	1920.00		11.00	66.70	102.00	110.00	120.00	128.80	152.10	161.20	168.75	183.00	199.00	212.40	219.95	248.00	272.25	297.60	347.05	429.30	520.05	
04041500	0913	19320913	20150913	82	231.68	208.13	12.00	1550.00		31.45	94.00	101.35	116.00	125.25	131.80	140.75	160.80	169.00	182.00	197.90	207.00	219.00	257.00	275.00	302.20	340.55	415.70	592.50	
04041500	0914	19320914	20150914	82	248.77	250.46	13.00	1810.00		15.00	86.50	105.60	119.40	124.50	139.90	152.05	159.20	161.70	177.00	193.60	209.80	240.75	260.40	285.75	303.40	366.65	432.20	678.05	
04041500	0915	19320915	20150915	82	253.93	215.15	7.50	1450.00		64.50	103.10	118.35	131.60	138.75	152.40	163.05	170.20	179.00	181.00	194.65	210.80	222.95	280.70	292.75	330.40	370.15	468.50	787.55	
04041500	0916	19320916	20150916	82	250.72	187.80	15.00	1300.00		69.45	105.10	119.60	135.20	147.25	157.60	166.10	173.40	189.75	199.00	208.60	219.60	258.40	267.40	286.50	331.60	388.95	480.90	603.55	
04041500	0917	19320917	20150917	82	238.66	167.70	12.00	976.00		69.50	104.30	118.05	133.00	139.00	151.80	159.25	170.20	179.70	190.50	214.60	221.00	256.50	267.00	280.00	292.20	337.00	429.60	611.80	
04041500	0918	19320918	20150918	82	236.89	155.15	10.00	773.00		23.95	101.20	116.45	128.60	135.50	152.00	158.20	168.20	196.00	205.50	215.00	225.40	265.80	281.60	289.25	303.80	335.05	439.90	657.40	
04041500	0919	19320919	20150919	82	231.41	158.89	6.40	813.00		12.60	67.30	115.00	134.20	147.25	154.70	164.10	172.00	178.70	186.50	197.95	210.20	251.90	268.40	290.25	313.40	357.15	441.80	599.55	
04041500	0920	19320920	20150920	82	243.07	163.06	13.00	930.00		26.60	93.70	114.45	128.60	137.00	153.80	165.05	178.60	189.40	197.50	214.80	223.80	248.70	276.00	298.00	346.80	406.85	440.90	610.30	
04041500	0921	19320921	20150921	82	255.31	194.59	7.50	1280.00		15.30	88.90	117.80	128.40	140.00	154.80	167.55	186.00	196.00	200.00	214.30	224.20	273.50	292.20	308.00	328.80	429.65	496.50	613.25	
04041500	0922	19320922	20150922	82	273.76	232.10	12.00	1530.00		67.95	104.20	119.45	134.60	158.75	167.60	178.20	185.20	193.40	201.00	218.60	234.80	267.50	285.40	300.50	363.20	430.55	522.60	718.35	
04041500	0923	19320923	20150923	82	258.82	205.35	16.00	1330.00		57.60	103.30	119.00	129.80	142.25	165.60	173.15	182.20	186.00	196.00	202.90	217.20	239.65	270.50	314.50	363.80	393.55	546.40	607.10	
04041500	0924	19320924	20150924	82	281.50	307.45	14.00	2410.00		42.80	81.20	114.25	122.60	135.50	156.40	179.05	184.20	194.35	202.50	215.95	231.20	270.65	283.00	321.00	356.80	387.30	547.70	726.35	
04041500	0925	19320925	20150925	82	287.93	282.08	10.00	2110.00		55.35	106.80	119.45	134.00	141.50	151.90	174.00	178.60	189.35	205.00	230.65	235.80	280.70	311.90	350.75	393.20	430.25	510.30	792.85	
04041500	0926	19320926	20150926	82	298.04	305.14	11.00	1870.00		48.55	97.00	118.00	125.80	141.75	150.70	164.15	177.00	203.70	221.50	235.00	258.60	277.70	300.40	327.00	413.20	456.70	545.40	870.65	
04041500	0927	19320927	20150927	82	303.12	288.49	16.00	1480.00		83.55	113.30	119.00	132.60	140.50	152.00	171.15	179.40	194.80	204.50	220.65	230.80	249.65	281.40	332.00	384.00	486.80	618.40	1101.00	
04041500	0928	19320928	20150928	82	299.11	260.38	8.70	1330.00		19.50	102.60	126.20	138.00	150.00	164.00	169.05	184.40	193.45	211.50	219.30	251.80	269.90	287.80	345.00	420.80	552.00	626.00	1005.35	
04041500	0929	19320929	20150929	82	294.74	256.06	16.00	1460.00		57.80	118.00	134.90	143.60	154.50	172.80	181.05	186.00	195.35	209.50	217.65	233.80	257.95	270.90	309.25	398.20	522.30	592.80	875.70	
04041500	0930	19320930	20150930	82	289.98	280.20	14.00	1600.00		48.60	101.10	120.35	137.60	146.75	159.80	179.05	182.00	188.05	204.00	218.00	228.80	249.85	276.10	299.25	349.60	462.90	609.10	876.50	
04041500	1001	19321001	20151001	83	286.02	263.45	14.00	1820.00		51.60	96.80	119.00	134.80	143.00	162.80	180.40	185.60	198.60	218.00	245.80	259.60	265.60	280.80	316.00	351.20	425.60	609.20	681.60	
04041500	1002	19321002	20151002	83	272.58	223.89	8.30	1440.00		46.40	84.00	117.60	134.00	139.00	155.00	181.20	189.80	204.00	222.00	230.80	258.00	271.00	286.80	298.00	315.80	419.20	571.00	723.20	
04041500	1003	19321003	20151003	83	269.99	204.60	8.30	1090.00		55.80	82.80	114.00	135.60	146.00	167.40	184.80	196.80	205.80	220.00	227.00	250.60	268.40	273.40	300.00	352.00	408.80	588.00	727.80	
04041500	1004	19321004	20151004	83	274.78	199.24	0.00	1010.00		38.40	89.40	120.00	140.40	160.00	177.00	186.00	200.20	208.00	222.00	234.20	259.40	271.20	297.80	321.00	375.20	416.60	571.80	740.80	
04041500	1005	19321005	20151005	83	319.61	308.25	12.00	1760.00		60.20	110.20	121.20	144.20	160.00	182.00	184.20	198.60	208.80	223.00	238.20	278.60	303.00	329.00	348.00	403.00	429.40	599.80	1041.20	
04041500	1006	19321006	20151006	83	366.95	477.98	9.60	3390.00		31.00	104.60	122.40	144.40	173.00	181.20	186.80	205.00	218.20	234.00	254.80	282.00	309.60	328.40	361.00	396.80	447.40	736.00	1390.00	
04041500	1007	19321007	20151007	83	382.28	511.18	12.00	3000.00		14.00	92.20	124.20	137.40	156.00	163.80	181.80	197.20	215.00	226.00	245.60	271.20	303.20	357.60	409.00	462.00	558.20	796.40	1236.00	
04041500	1008	19321008	20151008	83	364.08	411.94	12.00	2480.00		61.00	108.40	126.20	154.60	161.00	174.00	186.00	199.80	210.00	230.00	257.60	276.80	324.20	346.80	448.00	474.40	633.20	665.60	915.40	
04041500	1009	19321009	20151009	83	350.36	308.95	14.00	1850.00		92.00	115.80	135.40	142.80	157.00	175.40	181.40	207.20	221.80	240.00	272.40	305.60	329.60	399.00	457.00	534.00	600.40	653.80	1124.20	
04041500	1010	19321010	20151010	83	342.43	258.72	10.00	1390.00		95.60	126.60	139.00	155.00	171.00	182.80	195.40	207.80	223.60	231.00	269.00	301.60	322.40	429.40	467.00	494.40	613.20	694.00	941.20	
04041500	1011	19321011	20151011	83	329.57	258.66	42.00	1800.00		96.20	122.00	142.40	162.80	169.00	179.00	183.80	206.40	224.80	234.00	287.00	303.60	324.40	392.60	426.00	485.00	526.00	619.20	759.80	
04041500	1012	19321012	20151012	83	313.36	243.48	15.00	1620.00		72.00	116.40	129.00	140.00	158.00	172.00	181.20	185.60	212.00	254.00	275.20	312.00	330.20	375.20	403.00	418.00	521.40	598.00	756.80	
04041500	1013	19321013	20151013	83	323.40	251.50	9.60	1580.00		120.40	132.60	141.00	156.40	172.00	183.20	196.40	210.60	227.60	254.00	276.40	301.60	313.20	345.20	405.00	434.00	535.20	593.20	887.20	
04041500	1014	19321014	20151014	83	320.61	252.19	11.00	1550.00		106.20	125.00	134.60	149.00	165.00	170.20	181.80	194.80	220.80	261.00	287.60	297.20	316.20	341.20	400.00	432.20	524.60	606.00	941.40	
04041500	1015	19321015	20151015	83	335.78	338.41	14.00	2730.00		96.60	126.20	133.60	143.00	160.00	169.00	178.80	195.40	217.40	234.00	276.40	294.60	332.40	371.80	407.00	438.00	566.60	638.60	782.40	
04041500	1016	19321016	20151016	83	334.69	295.41	10.00	2080.00		89.00	122.60	143.00	157.60	161.00	183.80	194.60	204.60	219.60	248.00	268.60	290.40	331.40	369.00	406.00	472.00	548.40	610.60	803.00	
04041500	1017	19321017	20151017	83	325.09	273.00	8.20	1880.00		56.60	124.20	145.20	155.60	166.00	183.00	188.80	200.20	218.00	246.00	259.00	285.20	331.40	347.60	401.00	456.00	571.00	611.20	938.60	
04041500	1018	19321018	20151018	83	315.96	231.85	9.00	1480.00		89.20	105.40	130.20	153.00	164.00	175.00	187.40	213.80	226.00	249.00	267.40	311.60	335.40	401.20	424.00	451.80	528.00	608.40	748.40	
04041500	1019	19321019	20151019	83	331.75	241.53	12.00	1390.00		83.20	122.20	146.20	164.60	179.00	200.00	203.80	219.00	233.00	247.00	278.20	317.80	361.20	386.60	424.00	463.40	545.60	617.80	826.60	
04041500	1020	19321020	20151020	83	327.55	228.07	9.60	1100.00		88.40	122.40	138.80	175.80	184.00	193.80	204.80	220.00	231.80	237.00	277.00	295.40	322.60	365.20	411.00	469.60	598.40	682.80	861.00	
04041500	1021	19321021	20151021	83	339.12	287.92	11.00	1850.00		87.20	124.60	152.00	158.00	174.00	191.20	209.60	220.60	234.60	250.00	276.00	287.20	304.20	371.20	423.00	449.80	573.80	640.00	828.20	
04041500	1022	19321022	20151022	83	343.22	288.03	11.00	1840.00		45.40	109.60	133.40	162.60	167.00	182.60	197.80	223.00	249.40	276.00	287.40	299.80	314.60	342.20	415.00	517.80	613.00	664.20	982.60	
04041500	1023	19321023	20151023	83	363.16	325.06	15.00	2330.00		107.40	131.00	155.80	166.40	176.00	185.40	204.00	218.60	244.00	270.00	280.20	304.40	373.60	413.40	444.00	510.20	574.60	642.20	1076.00	
04041500	1024	19321024	20151024	83	375.93	294.70	7.90	1520.00		106.80	146.60	158.20	174.60	193.00	201.40	219.40	233.60	258.20	279.00	302.40	319.00	358.80	414.40	464.00	557.80	625.00	776.00	1041.80	
04041500	1025	19321025	20151025	83	410.80	447.43	9.60	3000.00		90.80	142.60	158.60	164.00	176.00	198.80	222.60	235.00	254.60	279.00	297.00	316.80	342.40	407.80	468.00	545.40	650.40	750.40	1468.00	
04041500	1026	19321026	20151026	83	403.19	358.03	9.60	2000.00		42.60	126.80	153.20	162.60	186.00	202.40	222.20	241.60	256.40	293.00	324.00	363.20	384.60	420.80	471.00	591.20	638.00	903.60	1302.00	
04041500	1027	19321027	20151027	83	371.67	296.46	11.00	1600.00		103.60	143.00	159.20	169.00	183.00	202.00	213.60	226.80	263.40	293.00	312.60	339.60	370.60	390.00	467.00	499.60	572.60	803.20	1004.80	
04041500	1028	19321028	20151028	83	366.20	274.25	11.00	1450.00		74.60	125.00	148.60	166.60	190.00	202.40	216.00	244.00	280.20	298.00	311.60	343.60	363.20	405.00	426.00	488.80	619.60	786.80	1007.40	
04041500	1029	19321029	20151029	83	356.31	248.78	14.00	1320.00		76.60	133.00	152.60	164.20	184.00	200.20	210.40	223.40	278.40	289.00	311.80	336.60	374.20	406.00	456.00	474.20	620.60	722.60	899.60	
04041500	1030	19321030	20151030	83	361.81	238.83	12.00	1190.00		130.00	161.40	176.60	192.60	206.00	213.40	244.40	265.40	278.20	293.00	315.40	326.00	347.20	394.00	426.00	473.60	591.60	702.60	949.40	
04041500	1031	19321031	20151031	83	365.24	235.63	10.00	1260.00		122.20	160.40	177.20	199.40	208.00	226.60	256.60	266.00	286.40	316.00	327.80	346.20	364.80	385.60	427.00	486.60	563.00	673.40	933.60	
04041500	1101	19321101	20151101	83	366.10	221.91	10.00	1170.00		87.60	141.00	161.60	196.60	212.00	233.00	277.80	292.80	309.60	341.00	362.60	373.40	389.40	437.60	446.00	492.80	546.40	616.40	842.60	
04041500	1102	19321102	20151102	83	402.27	282.49	12.00	1640.00		96.20	157.40	191.20	205.80	223.00	232.20	251.20	279.20	309.40	345.00	375.00	389.20	445.20	477.00	533.00	557.40	602.80	695.00	968.80	
04041500	1103	19321103	20151103	83	406.93	303.95	9.00	2220.00		144.20	169.40	187.00	204.20	223.00	238.00	255.40	280.40	304.20	316.00	346.60	398.20	422.20	457.20	497.00	565.00	621.60	735.40	948.00	
04041500	1104	19321104	20151104	83	383.04	259.77	21.00	1610.00		126.40	157.60	177.60	190.40	213.00	230.40	239.40	252.80	285.00	313.00	335.40	352.40	406.20	426.60	455.00	600.20	615.40	694.00	895.00	
04041500	1105	19321105	20151105	83	376.93	271.12	21.00	1800.00		102.20	145.20	161.20	174.80	194.00	231.20	249.00	258.20	276.20	319.00	333.60	362.20	390.00	400.00	435.00	519.40	621.00	755.60	854.40	
04041500	1106	19321106	20151106	83	369.08	254.39	11.00	1630.00		89.20	151.80	169.40	190.20	205.00	221.20	236.80	249.00	268.80	285.00	303.60	364.60	399.60	425.20	460.00	523.60	611.20	654.20	924.00	
04041500	1107	19321107	20151107	83	357.85	209.17	9.70	1170.00		133.00	149.00	171.20	199.40	222.00	240.40	254.20	265.60	282.40	309.00	338.00	361.00	383.60	404.80	460.00	488.80	550.40	596.80	815.60	
04041500	1108	19321108	20151108	83	357.99	242.90	22.00	1380.00		120.80	155.40	172.60	203.20	218.00	239.00	246.00	257.40	270.40	281.00	316.00	332.40	369.00	397.20	433.00	462.20	534.60	610.20	794.80	
04041500	1109	19321109	20141109	82	351.84	187.29	16.00	1090.00		119.90	160.70	196.80	218.00	227.75	247.90	264.00	271.60	289.15	317.00	323.00	352.80	380.80	409.00	423.25	468.40	518.90	604.20	721.20	
04041500	1110	19321110	20141110	82	354.61	204.82	9.00	1180.00		122.15	168.00	194.35	208.20	221.75	244.40	259.25	270.80	284.45	306.00	316.00	323.80	350.55	385.50	428.75	472.00	582.95	622.80	789.35	
04041500	1111	19321111	20141111	82	353.43	196.42	22.00	1090.00		124.50	152.30	195.45	205.00	225.75	247.80	253.05	263.00	273.35	288.50	317.60	335.40	373.00	401.00	427.75	502.40	574.85	657.00	740.60	
04041500	1112	19321112	20141112	82	358.00	209.84	22.00	1230.00		132.40	165.60	175.80	203.20	212.00	222.80	233.25	256.40	270.35	285.50	302.75	332.40	388.75	423.50	486.00	551.80	586.00	658.70	776.55	
04041500	1113	19321113	20141113	82	377.66	231.52	11.00	1250.00		122.75	158.60	182.50	198.60	215.00	233.90	254.10	263.00	280.35	298.50	320.15	359.80	389.85	432.10	517.50	546.40	617.75	729.20	890.85	
04041500	1114	19321114	20141114	82	385.48	232.38	11.00	1410.00		121.60	170.90	187.90	203.60	229.75	255.00	276.20	287.40	311.00	322.00	336.75	372.40	404.95	471.10	509.75	547.20	602.20	665.70	823.15	
04041500	1115	19321115	20141115	82	374.95	217.78	23.00	1330.00		156.30	161.90	169.45	190.80	212.25	222.80	246.15	287.80	293.70	312.00	369.15	381.00	433.00	467.40	495.00	546.40	591.00	652.20	752.65	
04041500	1116	19321116	20141116	82	391.18	251.99	13.00	1870.00		136.75	165.20	200.00	219.20	229.75	257.00	277.00	287.40	313.00	321.00	360.50	402.40	442.65	469.40	480.75	545.80	588.25	609.60	794.80	
04041500	1117	19321117	20141117	82	390.49	295.89	9.00	2520.00		159.00	174.90	190.35	204.00	220.50	263.80	279.50	301.60	315.05	327.00	346.25	383.00	413.55	441.80	470.50	541.40	576.40	610.10	736.95	
04041500	1118	19321118	20141118	82	385.02	231.89	90.00	1640.00		156.60	180.30	186.00	201.60	218.75	230.60	285.00	297.60	308.45	323.00	361.15	380.80	407.75	451.80	468.75	526.80	584.95	640.60	779.25	
04041500	1119	19321119	20141119	82	392.84	241.27	94.00	1670.00		144.95	179.80	189.80	209.20	225.50	248.20	269.35	291.20	308.45	332.50	360.30	381.20	396.80	441.80	521.75	572.80	624.35	652.90	745.40	
04041500	1120	19321120	20141120	82	391.16	207.92	11.00	1170.00		161.85	197.60	208.15	224.60	237.25	262.80	282.20	302.40	313.70	333.00	361.65	373.60	380.85	422.20	524.00	573.80	633.55	655.20	806.50	
04041500	1121	19321121	20141121	82	405.77	236.43	14.00	1430.00		172.90	189.30	210.70	221.00	237.75	273.40	292.20	310.00	342.45	353.50	364.20	382.60	416.70	477.60	498.75	580.00	604.20	649.50	907.85	
04041500	1122	19321122	20141122	82	388.59	239.12	9.70	1660.00		144.65	172.90	182.35	218.00	231.75	259.00	285.30	307.60	324.35	343.50	365.30	384.40	403.15	452.70	506.25	540.00	570.15	614.40	752.95	
04041500	1123	19321123	20141123	82	388.40	203.92	139.00	1310.00		155.95	181.90	214.90	235.80	245.00	259.80	273.30	294.20	314.10	345.00	369.65	378.00	428.05	449.60	510.75	531.40	549.55	614.30	852.00	
04041500	1124	19321124	20141124	82	371.11	225.95	15.00	1540.00		152.90	166.30	184.60	207.20	221.25	238.90	259.00	272.60	294.80	316.00	353.90	368.80	393.55	424.80	465.25	519.80	551.75	589.20	739.95	
04041500	1125	19321125	20141125	82	362.33	205.16	14.00	1150.00		131.35	153.50	173.05	210.40	248.00	258.90	269.00	285.80	298.40	316.50	336.30	359.40	373.00	401.00	440.50	461.60	539.10	629.70	804.25	
04041500	1126	19321126	20141126	82	344.00	175.57	10.00	942.00		145.00	164.30	182.45	203.80	225.75	245.80	259.30	274.60	295.35	303.00	317.65	346.40	371.85	400.10	428.50	455.60	540.95	589.80	663.50	
04041500	1127	19321127	20141127	82	342.73	146.47	13.00	867.00		175.00	191.00	205.50	225.80	249.50	254.80	265.10	279.00	298.05	315.00	329.90	347.00	367.00	392.40	434.00	450.40	462.20	556.10	636.65	
04041500	1128	19321128	20141128	82	327.22	128.50	7.40	710.00		168.60	190.00	205.45	224.60	240.75	259.90	268.30	284.60	300.00	316.00	332.30	343.40	366.35	378.00	388.50	399.20	454.55	493.90	586.40	
04041500	1129	19321129	20141129	82	324.91	164.16	114.00	1370.00		153.90	184.30	198.90	217.00	234.50	258.50	270.05	278.00	282.70	293.00	300.60	317.40	342.90	354.10	365.25	390.20	417.95	478.70	611.75	
04041500	1130	19321130	20141130	82	338.95	186.10	131.00	1290.00		160.55	197.50	216.80	228.40	243.50	248.70	259.20	267.20	277.35	287.00	296.30	311.00	337.50	349.10	362.00	385.80	463.75	566.40	651.70	
04041500	1201	19321201	20141201	82	323.52	179.25	7.00	1330.00		150.60	173.00	201.90	208.80	223.00	237.80	251.00	259.40	266.70	279.00	284.65	300.00	322.90	338.00	366.75	400.00	462.80	536.10	663.65	
04041500	1202	19321202	20141202	82	318.90	169.88	10.00	1300.00		152.45	174.20	195.90	209.20	227.25	234.90	255.15	262.20	267.70	283.00	297.65	306.60	318.60	330.00	357.50	373.00	431.25	530.10	640.55	
04041500	1203	19321203	20141203	82	307.21	183.19	12.00	1470.00		126.20	157.30	175.90	191.20	217.50	238.40	252.10	258.00	271.00	282.00	286.30	300.20	306.95	326.20	350.00	368.40	405.65	529.80	601.70	
04041500	1204	19321204	20141204	82	313.91	141.87	13.00	771.00		138.45	185.20	193.50	214.80	224.50	231.90	251.10	264.00	271.70	288.50	295.95	314.20	327.85	352.40	361.75	387.20	432.00	549.90	639.35	
04041500	1205	19321205	20141205	82	312.87	136.99	10.00	776.00		131.90	194.50	201.00	217.00	223.50	229.80	246.15	254.00	267.05	285.50	301.60	315.80	328.85	355.40	371.75	394.60	448.85	505.90	603.05	
04041500	1206	19321206	20141206	82	312.94	161.91	11.00	1200.00		155.45	168.20	194.05	217.60	222.75	234.50	253.00	263.60	269.40	277.50	294.95	299.00	310.00	327.20	359.50	378.60	413.20	488.80	649.25	
04041500	1207	19321207	20141207	82	307.96	158.71	10.00	1050.00		127.15	154.20	187.90	211.00	223.25	230.00	242.00	252.00	259.75	275.00	281.65	301.20	310.75	322.10	363.50	402.20	436.15	519.10	618.60	
04041500	1208	19321208	20141208	82	286.34	117.22	10.00	671.00		74.90	151.60	177.25	204.20	220.00	230.80	248.15	258.40	270.00	279.00	289.90	299.40	311.55	318.30	351.00	368.00	389.65	419.40	500.60	
04041500	1209	19321209	20141209	82	274.24	99.58	10.00	600.00		145.75	157.20	179.30	202.80	212.75	227.90	236.20	246.60	260.05	266.50	272.95	279.80	294.75	313.60	324.25	338.60	353.05	396.10	459.35	
04041500	1210	19321210	20141210	82	269.52	100.96	16.00	645.00		124.45	153.30	174.90	191.40	211.00	223.60	231.00	237.60	247.70	258.00	276.30	280.80	297.90	303.90	315.75	329.20	376.20	400.00	460.95	
04041500	1211	19321211	20141211	82	282.60	111.40	12.00	645.00		145.75	172.90	187.80	200.80	211.50	226.60	234.10	248.00	264.00	266.00	271.65	279.60	302.65	316.80	344.25	367.00	383.55	415.90	467.70	
04041500	1212	19321212	20141212	82	280.44	102.40	12.00	644.00		162.65	186.30	194.90	201.60	216.25	227.90	233.00	239.20	256.05	266.00	270.60	280.80	295.00	304.00	306.00	336.60	379.65	417.80	518.40	
04041500	1213	19321213	20141213	82	259.51	100.70	9.60	646.00		114.90	153.90	179.95	197.60	203.50	211.80	218.25	230.80	250.00	258.00	262.30	273.00	284.65	297.00	304.75	312.40	339.55	365.20	455.50	
04041500	1214	19321214	20141214	82	252.57	96.57	16.00	661.00		122.40	161.80	182.15	192.00	200.75	205.70	210.15	221.60	229.70	235.00	254.60	260.00	266.75	273.10	304.00	316.40	324.30	341.10	402.80	
04041500	1215	19321215	20141215	82	263.60	92.31	120.00	722.00		154.05	171.20	185.00	199.00	206.00	213.00	221.10	232.60	242.35	251.50	259.25	264.80	270.95	291.20	301.25	317.60	329.75	347.30	462.80	
04041500	1216	19321216	20141216	82	257.55	121.40	10.00	953.00		123.70	153.00	172.25	184.20	198.75	209.00	219.00	224.20	229.70	245.00	256.60	262.80	268.95	281.80	295.00	308.40	321.50	349.70	431.30	
04041500	1217	19321217	20141217	82	245.65	111.53	8.00	707.00		15.45	126.50	161.25	187.60	198.75	208.00	218.05	220.20	229.70	233.50	249.30	259.40	266.85	270.40	292.00	307.40	329.30	347.40	434.15	
04041500	1218	19321218	20141218	82	256.45	102.95	11.00	661.00		122.15	162.90	182.25	190.60	205.75	212.00	219.00	229.40	235.05	245.00	257.30	265.60	269.85	280.30	294.25	304.60	337.00	365.40	456.70	
04041500	1219	19321219	20141219	82	255.43	86.95	12.00	535.00		144.45	160.50	173.70	186.80	200.75	207.90	224.10	233.20	238.35	248.00	255.60	262.00	264.95	291.50	305.50	312.20	327.65	367.70	415.55	
04041500	1220	19321220	20141220	82	251.57	93.92	10.00	603.00		134.45	161.50	168.45	180.40	198.25	210.80	222.15	232.60	239.35	251.00	254.30	260.80	264.95	274.40	290.75	310.80	324.00	374.50	417.70	
04041500	1221	19321221	20141221	82	255.21	88.04	13.00	549.00		126.00	159.30	179.00	195.20	206.00	212.90	223.00	234.20	240.70	249.00	260.00	263.20	272.00	289.10	297.25	308.80	325.00	355.60	413.20	
04041500	1222	19321222	20141222	82	247.80	72.25	10.00	471.00		132.65	160.60	173.90	189.20	199.50	213.80	223.00	229.20	234.35	249.50	258.65	261.60	273.65	292.20	304.25	316.40	323.00	327.70	355.10	
04041500	1223	19321223	20141223	82	245.45	80.35	8.00	430.00		87.65	158.30	175.15	183.00	198.25	209.70	220.15	227.60	240.05	245.00	254.00	261.60	268.00	292.00	301.00	315.20	325.55	337.70	380.80	
04041500	1224	19321224	20141224	82	244.24	86.99	8.00	505.00		115.50	145.10	159.45	179.60	198.75	211.80	219.00	222.40	230.70	247.00	255.30	262.80	267.95	288.10	297.25	305.60	319.95	347.90	393.85	
04041500	1225	19321225	20141225	82	199.59	102.56	8.30	437.00		10.15	15.00	90.00	119.60	144.50	158.00	171.45	189.20	198.35	204.00	218.30	231.80	247.80	253.10	259.75	285.60	304.10	326.70	373.85	
04041500	1226	19321226	20141226	82	238.67	84.04	11.00	592.00		100.65	161.20	167.45	174.40	200.50	208.90	217.05	225.40	232.70	238.00	246.65	252.80	260.85	267.10	271.25	293.40	315.00	326.70	373.80	
04041500	1227	19321227	20141227	82	238.89	82.62	10.00	590.00		142.60	163.50	173.45	184.60	193.00	203.80	208.20	218.60	232.35	236.50	241.00	250.60	260.00	263.10	269.25	280.80	307.75	340.50	386.70	
04041500	1228	19321228	20141228	82	235.35	87.64	12.00	528.00		100.80	147.80	162.15	174.80	186.25	202.00	209.10	213.60	221.00	227.00	235.25	244.60	251.85	268.00	273.25	290.80	311.20	338.70	401.30	
04041500	1229	19321229	20141229	82	232.48	73.05	10.00	600.00		134.55	158.30	174.25	181.80	189.75	204.00	213.05	215.20	221.35	225.00	233.95	242.20	249.70	253.50	265.00	270.80	290.00	308.00	347.75	
04041500	1230	19321230	20141230	82	238.82	78.55	9.40	595.00		143.05	154.50	166.80	178.20	185.75	201.80	210.20	219.00	225.40	232.00	240.30	253.80	260.95	264.10	270.25	282.80	296.20	317.00	365.50	
04041500	1231	19321231	20141231	82	236.25	85.18	9.40	602.00		123.35	150.50	170.35	182.80	186.75	192.70	200.00	206.60	216.70	228.00	236.85	247.80	262.70	269.10	279.75	289.20	304.55	342.80	376.15	
