site_no	monthday	begin_dt	end_dt	count_nu	mean	std	min	max	p01	p05	p10	p15	p20	p25	p30	p35	p40	p45	p50	p55	p60	p65	p70	p75	p80	p85	p90	p95	p99
04097540	ALL	19621001	20151020	19378	99.85	66.12	2.20	782.00	18.00	30.00	37.00	42.00	47.00	52.00	58.00	65.00	72.00	79.00	85.00	93.00	101.00	109.00	118.00	128.00	140.00	157.00	179.00	219.00	336.00
04097540	0101	19630101	20150101	53	124.19	80.16	25.00	500.00		38.50	50.20	64.60	73.80	76.00	81.20	85.90	90.00	94.90	105.00	113.10	117.40	122.30	136.40	148.00	162.00	188.10	235.20	277.90	
04097540	0102	19630102	20150102	53	123.08	77.00	25.00	446.00		42.10	52.80	63.50	72.60	76.50	82.40	84.90	90.00	93.30	110.00	110.70	118.00	124.30	130.80	141.00	152.80	175.40	256.40	282.60	
04097540	0103	19630103	20150103	53	119.83	70.99	26.00	376.00		41.50	53.80	62.40	72.20	77.00	82.40	86.00	88.60	90.90	103.00	110.00	115.80	123.00	129.40	136.00	150.00	169.50	240.80	298.50	
04097540	0104	19630104	20150104	53	118.17	69.28	27.00	325.00		40.80	55.40	65.00	71.00	74.50	82.40	86.80	89.60	92.90	101.00	107.80	110.40	120.10	123.80	134.50	146.80	160.00	227.20	322.60	
04097540	0105	19630105	20150105	53	118.13	70.17	28.00	384.00		41.10	56.40	65.00	69.20	74.00	82.20	84.90	88.20	95.90	102.00	107.80	112.60	120.00	124.40	135.00	155.20	162.50	213.40	301.60	
04097540	0106	19630106	20150106	53	117.38	71.77	28.00	436.00		41.10	55.40	62.20	67.40	73.50	80.20	83.80	86.00	91.50	100.00	100.70	112.20	119.10	125.60	138.50	150.40	184.90	209.60	271.20	
04097540	0107	19630107	20150107	53	115.58	71.12	30.00	435.00		40.40	53.80	61.30	66.40	71.50	75.80	83.00	84.00	85.90	95.00	101.70	111.40	115.20	119.60	135.50	152.00	183.60	214.80	258.00	
04097540	0108	19630108	20150108	53	117.66	77.30	30.00	385.00		40.40	52.40	63.00	66.20	71.00	77.20	79.90	82.60	85.60	90.00	103.50	108.60	115.10	120.00	134.50	147.60	179.50	218.40	348.00	
04097540	0109	19630109	20150109	53	120.06	92.48	30.00	566.00		40.40	53.20	62.10	68.00	73.00	74.40	78.00	81.80	87.20	95.00	102.10	108.20	112.30	119.60	137.50	145.60	169.90	205.60	355.70	
04097540	0110	19630110	20150110	53	120.53	102.73	30.00	673.00		39.70	54.40	61.00	67.00	71.50	74.20	76.00	80.40	86.20	100.00	105.40	108.40	110.00	122.00	134.00	142.40	164.90	194.60	341.10	
04097540	0111	19630111	20150111	53	118.87	100.92	30.00	691.00		40.60	53.20	60.40	67.20	72.00	74.00	76.80	81.20	85.90	100.00	102.70	105.80	110.50	126.00	137.00	146.40	159.80	182.40	308.40	
04097540	0112	19630112	20150112	53	115.75	86.88	30.00	594.00		40.60	53.20	60.30	66.40	72.00	74.20	77.80	82.40	85.60	95.00	101.80	105.00	112.80	131.40	140.50	150.20	154.70	174.80	278.70	
04097540	0113	19630113	20150113	53	113.62	77.06	30.00	506.00		40.60	53.20	60.20	66.40	70.50	75.00	77.80	84.20	92.30	95.00	99.40	102.40	109.10	119.20	138.00	147.60	159.50	189.00	263.10	
04097540	0114	19630114	20150114	53	114.21	77.82	30.00	448.00		39.90	53.20	58.20	66.60	70.00	74.20	79.90	84.40	91.80	96.00	101.70	103.40	106.60	118.60	136.50	140.60	152.90	188.00	310.20	
04097540	0115	19630115	20150115	53	113.34	78.91	30.00	464.00		38.40	52.40	58.00	61.60	69.00	75.20	79.90	84.80	92.30	96.00	101.00	104.60	112.00	119.00	129.00	140.20	143.70	200.80	295.20	
04097540	0116	19630116	20150116	53	110.92	74.00	28.00	435.00		38.40	52.00	57.00	59.60	68.50	76.20	79.90	82.40	92.60	97.00	100.70	102.80	110.50	115.00	124.00	131.40	139.90	212.60	274.70	
04097540	0117	19630117	20150117	53	108.70	68.51	25.00	380.00		38.40	50.80	55.10	61.20	68.00	75.60	78.90	80.00	94.00	98.00	100.00	101.40	108.20	110.80	117.50	126.20	148.80	211.20	281.00	
04097540	0118	19630118	20150118	53	108.40	63.23	25.00	330.00		37.70	50.00	55.10	62.80	68.50	79.00	80.00	83.20	92.60	99.00	103.10	105.80	108.10	114.00	119.00	129.20	148.60	211.60	270.30	
04097540	0119	19630119	20150119	53	107.47	58.83	25.00	294.00		37.70	50.00	55.00	62.80	67.50	79.20	80.00	87.20	92.60	95.00	99.70	106.00	109.10	110.00	127.00	133.60	158.00	208.60	248.50	
04097540	0120	19630120	20150120	53	106.62	54.50	27.00	271.00		37.70	50.00	55.30	62.40	67.00	78.40	82.70	89.60	94.60	96.00	99.70	105.00	107.30	113.20	126.50	131.60	176.50	203.20	227.60	
04097540	0121	19630121	20150121	53	107.60	52.75	29.00	256.00		37.70	50.00	55.30	61.60	72.00	80.00	81.80	87.40	92.30	99.00	103.40	107.60	110.20	124.40	126.50	139.80	186.50	200.40	212.50	
04097540	0122	19630122	20150122	53	108.47	53.79	25.00	250.00		37.70	50.00	56.20	61.40	70.50	80.00	83.70	90.00	90.60	96.00	102.10	105.80	119.10	121.00	124.50	145.60	189.70	206.00	214.30	
04097540	0123	19630123	20150123	53	110.19	56.48	25.00	256.00		37.90	50.00	56.20	61.60	70.00	80.00	82.80	87.60	93.60	100.00	101.40	104.40	115.30	120.80	139.00	150.20	185.40	206.00	234.30	
04097540	0124	19630124	20150124	53	112.55	60.00	25.00	271.00		38.50	50.80	58.40	62.80	71.00	80.00	80.90	86.20	91.50	100.00	106.00	109.40	112.30	118.40	137.00	159.80	180.00	230.20	244.00	
04097540	0125	19630125	20150125	53	112.70	63.15	25.00	334.00		40.00	49.20	58.40	63.60	73.50	80.00	83.70	85.00	88.00	95.00	100.00	107.00	115.00	122.00	131.00	156.40	173.80	217.40	257.60	
04097540	0126	19630126	20150126	53	110.58	60.08	25.00	323.00		42.10	48.60	60.00	65.80	76.00	80.00	83.80	86.20	90.00	93.00	100.00	100.00	110.40	122.80	132.00	146.20	167.00	208.00	256.00	
04097540	0127	19630127	20150127	53	108.45	56.68	25.00	282.00		42.10	51.60	58.20	68.00	75.50	79.20	82.80	86.20	90.00	91.00	98.70	100.00	108.20	116.80	127.50	142.80	162.70	204.80	259.20	
04097540	0128	19630128	20150128	53	107.17	55.74	25.00	267.00		41.40	50.00	60.50	67.40	70.00	75.80	83.70	85.00	86.60	90.00	95.10	102.60	108.20	116.60	130.00	145.40	159.90	203.80	254.90	
04097540	0129	19630129	20150129	53	108.55	56.93	25.00	271.00		40.00	48.80	60.00	65.80	69.50	78.40	80.90	86.00	90.60	95.00	98.10	103.00	111.00	114.80	128.50	146.20	164.80	201.40	249.00	
04097540	0130	19630130	20150130	53	112.81	62.32	25.00	320.00		38.80	47.80	59.10	63.60	71.50	78.00	80.90	86.00	93.40	101.00	104.70	110.00	110.50	123.20	131.50	158.20	178.70	220.20	247.50	
04097540	0131	19630131	20150131	53	116.04	67.96	25.00	380.00		39.40	47.20	59.20	64.40	71.00	80.20	84.00	86.60	93.00	101.00	106.40	110.40	120.00	127.60	133.50	155.40	173.60	229.80	253.60	
04097540	0201	19630201	20150201	53	116.94	70.18	25.00	393.00		40.00	47.20	58.20	64.00	69.50	78.60	83.80	88.20	96.20	101.00	106.00	108.20	116.10	129.60	143.00	157.40	170.70	233.00	262.60	
04097540	0202	19630202	20150202	53	118.04	74.72	25.00	398.00		39.40	48.40	58.20	64.00	69.50	77.20	81.90	87.60	93.40	103.00	105.00	109.00	115.50	128.00	140.00	166.00	183.20	223.60	280.50	
04097540	0203	19630203	20150203	53	117.15	76.21	25.00	435.00		39.10	49.00	57.30	64.00	67.00	76.20	81.80	86.40	94.20	103.00	103.70	110.40	120.00	124.60	136.50	161.20	183.10	214.60	292.40	
04097540	0204	19630204	20150204	53	115.21	75.42	25.00	464.00		38.80	49.60	56.40	64.00	66.50	74.60	80.90	85.20	94.90	101.00	102.40	109.60	116.20	122.20	137.00	157.40	168.20	203.00	278.80	
04097540	0205	19630205	20150205	53	113.36	70.67	27.00	456.00		38.50	50.20	58.20	65.00	70.50	74.60	80.90	84.60	94.60	98.00	101.00	107.00	114.80	130.80	143.50	150.60	154.00	192.60	248.10	
04097540	0206	19630206	20150206	53	112.34	69.01	27.00	413.00		38.20	51.40	56.40	68.40	73.00	76.60	82.00	85.00	90.90	96.00	99.10	103.80	114.20	124.00	134.50	147.00	159.20	184.60	275.20	
04097540	0207	19630207	20150207	53	112.55	75.12	29.00	479.00		38.20	51.40	57.30	68.00	75.00	76.60	82.00	85.00	92.60	94.00	99.00	102.40	114.30	120.80	130.00	139.20	150.90	180.20	269.70	
04097540	0208	19630208	20150208	53	111.91	76.52	30.00	526.00		38.20	50.40	58.20	66.40	76.00	78.80	82.00	85.60	90.30	95.00	97.00	103.80	110.10	122.60	132.50	141.40	149.70	175.00	245.50	
04097540	0209	19630209	20150209	53	111.17	68.66	30.00	464.00		38.20	50.40	58.00	66.40	76.00	81.20	82.00	86.60	92.20	96.00	100.00	102.20	117.30	126.40	129.00	150.20	165.00	170.20	228.40	
04097540	0210	19630210	20150210	53	112.79	66.86	30.00	400.00		37.90	50.40	58.10	66.40	75.00	80.40	83.80	85.60	91.30	98.00	100.00	105.40	120.00	123.80	128.50	148.20	168.70	185.20	269.20	
04097540	0211	19630211	20150211	53	115.64	76.19	30.00	477.00		39.00	49.80	58.10	64.80	74.00	82.00	84.00	86.40	91.30	96.00	98.00	110.00	120.00	127.00	141.50	150.40	167.90	179.00	269.30	
04097540	0212	19630212	20150212	53	115.32	72.94	30.00	464.00		39.10	49.80	58.10	61.60	73.00	82.00	83.00	85.80	90.90	95.00	103.50	113.00	120.00	129.20	143.00	159.80	168.50	171.60	272.30	
04097540	0213	19630213	20150213	53	113.13	67.85	30.00	419.00		40.40	50.40	58.00	59.80	72.50	80.00	82.90	85.60	90.00	92.00	95.00	106.00	122.20	130.80	146.50	160.00	164.80	172.00	268.70	
04097540	0214	19630214	20150214	53	112.11	63.10	30.00	363.00		41.10	49.80	58.20	60.00	71.00	79.40	81.00	84.60	88.30	93.00	97.80	109.80	120.10	129.00	147.50	158.40	161.90	190.60	252.30	
04097540	0215	19630215	20150215	53	112.09	61.34	30.00	326.00		41.80	49.80	58.20	64.20	70.50	78.20	80.90	84.00	88.90	93.00	101.40	110.80	120.00	133.00	146.50	154.20	157.00	198.60	260.60	
04097540	0216	19630216	20150216	53	112.91	64.21	30.00	359.00		41.50	49.80	59.20	64.00	71.00	78.40	80.90	83.60	87.50	99.00	104.20	111.40	120.30	127.40	138.50	147.40	162.00	210.60	253.60	
04097540	0217	19630217	20150217	53	113.53	65.35	30.00	385.00		40.50	49.80	57.50	68.80	72.00	78.20	81.90	83.00	90.30	100.00	109.70	115.80	120.10	124.00	133.00	144.40	159.20	211.80	256.60	
04097540	0218	19630218	20150218	53	115.51	65.49	30.00	360.00		40.50	49.80	58.50	69.60	75.00	79.80	83.00	84.00	89.30	108.00	111.00	118.80	121.10	127.80	134.00	143.40	164.40	200.80	280.10	
04097540	0219	19630219	20150219	53	119.53	70.42	30.00	400.00		39.80	51.40	60.30	69.00	76.50	80.40	83.00	89.60	102.30	110.00	112.70	119.80	125.20	133.00	139.50	146.00	181.20	195.80	305.90	
04097540	0220	19630220	20150220	53	125.09	76.99	30.00	468.00		39.80	50.80	60.20	70.80	79.00	82.20	87.60	93.00	105.00	110.00	112.80	124.00	131.20	134.80	150.50	168.20	196.20	219.60	282.20	
04097540	0221	19630221	20150221	53	128.06	76.92	30.00	433.00		39.10	49.00	62.00	71.80	80.00	84.00	87.70	95.20	104.60	110.00	115.10	124.80	132.30	144.00	161.00	170.20	199.80	232.60	291.50	
04097540	0222	19630222	20150222	53	131.08	76.26	30.00	384.00		39.80	51.60	62.00	75.40	83.50	86.20	93.60	96.00	104.60	110.00	114.40	122.80	131.10	151.80	167.50	189.60	218.40	239.40	305.40	
04097540	0223	19630223	20150223	53	135.60	77.32	30.00	381.00		40.50	60.40	62.30	74.80	82.00	91.00	96.80	101.20	105.90	114.00	118.80	126.40	136.50	161.80	175.00	199.60	220.90	236.80	312.40	
04097540	0224	19630224	20150224	53	141.40	90.91	30.00	498.00		40.50	62.20	70.40	75.80	84.00	92.20	99.50	100.00	102.30	116.00	122.10	127.40	131.30	161.80	168.50	194.20	220.60	298.20	326.30	
04097540	0225	19630225	20150225	53	145.34	107.05	30.00	685.00		39.80	62.60	71.20	80.80	86.00	91.40	94.80	99.60	103.60	115.00	126.40	128.80	141.00	159.20	167.00	176.60	237.20	285.20	330.40	
04097540	0226	19630226	20150226	53	144.81	114.71	28.00	782.00		39.10	62.60	72.10	81.20	86.00	92.00	94.90	99.60	101.50	110.00	124.10	128.00	143.70	154.80	169.50	183.20	221.00	265.80	345.30	
04097540	0227	19630227	20150227	53	141.66	110.98	28.00	761.00		39.10	61.40	71.30	82.80	86.00	91.60	98.00	100.00	104.30	105.00	120.80	124.40	130.60	148.80	166.00	195.00	216.80	240.60	327.60	
04097540	0228	19630228	20150228	53	139.55	96.86	28.00	644.00		39.70	61.40	75.50	83.60	89.50	93.60	100.50	102.00	105.80	115.00	122.00	123.80	132.10	147.80	165.00	183.40	211.80	251.40	320.10	
04097540	0229	19640229	20120229	13	121.15	54.59	28.00	212.00			38.40	57.60	82.80	92.50	95.60	97.70	103.40	108.50	112.00	116.20	118.40	122.60	147.80	169.00	187.20	201.90	208.80		
04097540	0301	19630301	20150301	53	137.81	86.02	28.00	533.00		39.90	64.40	75.70	88.40	90.00	92.20	93.90	105.40	111.30	115.00	119.70	123.80	134.90	145.80	163.50	185.60	199.90	239.60	316.80	
04097540	0302	19630302	20150302	53	136.15	76.34	29.00	454.00		39.20	65.60	82.30	86.80	90.50	93.40	97.90	107.40	112.60	118.00	122.70	133.80	143.10	145.60	156.50	179.20	195.90	236.60	301.00	
04097540	0303	19630303	20150303	53	134.58	73.02	30.00	394.00		39.20	67.40	80.20	82.80	90.00	96.20	100.80	105.00	109.60	111.00	121.00	135.20	143.30	152.40	157.50	168.20	203.80	228.00	324.30	
04097540	0304	19630304	20150304	53	137.25	74.72	31.00	431.00		39.20	71.00	80.00	83.60	91.00	99.00	106.90	108.60	111.90	121.00	130.40	137.20	142.30	152.20	164.00	168.80	198.80	223.20	305.50	
04097540	0305	19630305	20150305	53	143.06	84.12	35.00	496.00		39.20	69.40	80.00	81.60	91.50	100.00	105.90	109.80	112.30	123.00	130.70	136.60	144.50	161.40	167.00	176.00	207.80	239.80	332.90	
04097540	0306	19630306	20150306	53	147.04	90.70	36.00	520.00		41.40	65.80	79.30	85.20	92.00	99.20	103.90	111.00	115.90	128.00	129.40	142.20	148.40	165.20	176.00	192.60	213.70	239.40	388.90	
04097540	0307	19630307	20150307	53	147.94	89.39	36.00	506.00		40.70	65.00	79.20	86.60	95.00	100.00	101.90	110.00	115.00	126.00	134.00	143.20	153.40	169.00	181.50	191.20	206.00	252.40	390.30	
04097540	0308	19630308	20150308	53	147.77	85.10	37.00	477.00		43.80	63.40	79.10	88.60	95.50	101.00	106.90	109.60	120.20	130.00	134.40	142.40	153.70	176.40	180.00	198.00	208.40	248.20	370.00	
04097540	0309	19630309	20150309	53	149.23	80.18	42.00	424.00		53.10	63.20	80.10	90.00	95.50	101.60	106.80	112.80	119.30	128.00	135.10	161.60	169.20	174.80	181.50	198.40	206.50	259.00	347.30	
04097540	0310	19630310	20150310	53	150.30	80.08	41.00	436.00		56.50	68.80	80.00	88.80	98.50	104.00	106.00	115.60	121.80	129.00	134.40	146.40	167.10	173.00	194.50	202.00	221.00	250.20	345.90	
04097540	0311	19630311	20150311	53	153.04	81.76	42.00	468.00		50.20	76.60	81.10	93.40	100.00	104.20	109.00	118.60	126.60	133.00	136.70	152.60	158.00	173.40	188.00	191.80	250.70	282.60	318.90	
04097540	0312	19630312	20150312	53	154.57	80.25	46.00	484.00		52.20	77.00	86.10	97.40	104.00	105.80	116.40	121.80	125.60	139.00	146.40	154.00	164.60	180.60	186.00	193.40	218.20	270.60	311.70	
04097540	0313	19630313	20150313	53	157.28	76.11	46.00	464.00		63.00	80.20	88.30	96.00	101.00	108.20	122.70	124.00	134.00	146.00	157.50	162.40	168.10	181.00	193.50	203.60	225.20	247.60	309.90	
04097540	0314	19630314	20150314	53	160.45	72.40	46.00	412.00		75.90	85.60	90.50	98.60	105.00	112.20	119.90	128.40	135.00	151.00	157.10	159.40	166.70	192.20	209.00	217.20	227.70	258.80	312.30	
04097540	0315	19630315	20150315	53	163.55	75.62	47.00	438.00		75.50	91.40	95.00	99.20	107.00	114.40	119.00	126.00	145.30	149.00	153.80	158.40	168.00	203.20	208.50	218.00	233.60	266.40	316.40	
04097540	0316	19630316	20150316	53	164.47	78.88	46.00	532.00		77.80	90.80	100.00	104.20	113.00	118.20	119.00	131.60	144.30	151.00	157.80	162.80	166.20	193.80	205.00	223.80	231.80	253.00	288.50	
04097540	0317	19630317	20150317	53	165.81	86.04	44.00	637.00		76.40	90.40	98.10	107.20	116.50	120.40	126.00	130.40	141.80	152.00	156.80	164.40	179.30	191.00	209.50	220.80	229.00	239.00	264.30	
04097540	0318	19630318	20150318	53	165.66	88.80	41.00	682.00		75.10	90.80	96.70	105.60	115.50	127.60	133.70	140.20	145.60	151.00	155.80	169.60	175.30	197.20	207.00	217.00	219.70	227.20	250.20	
04097540	0319	19630319	20150319	53	164.96	88.76	40.00	688.00		73.80	92.40	96.50	108.60	113.50	126.20	131.70	140.00	151.00	153.00	160.20	167.80	175.90	195.80	202.50	213.40	217.00	219.60	248.60	
04097540	0320	19630320	20150320	53	163.98	88.05	38.00	686.00		78.20	93.00	99.20	110.80	116.50	125.40	130.80	134.20	150.30	154.00	159.40	166.00	175.20	188.40	200.50	204.00	211.60	231.60	244.80	
04097540	0321	19630321	20150321	53	163.45	84.35	41.00	650.00		81.60	92.40	96.40	110.20	119.00	125.20	131.00	135.40	147.60	154.00	157.70	163.00	176.10	183.40	193.00	199.00	210.60	233.60	267.40	
04097540	0322	19630322	20150322	53	162.34	81.08	41.00	615.00		84.20	90.80	95.30	112.40	117.50	123.80	130.90	137.60	143.00	154.00	155.40	163.60	176.40	182.80	186.50	200.40	210.20	231.20	278.10	
04097540	0323	19630323	20150323	53	162.79	80.50	42.00	587.00		84.40	90.20	93.40	109.00	120.00	124.80	130.00	138.20	141.30	148.00	155.10	162.80	176.10	180.40	187.00	196.60	213.00	233.80	304.50	
04097540	0324	19630324	20150324	53	163.06	80.91	42.00	549.00		83.40	90.80	95.10	105.60	119.00	125.60	132.60	137.20	142.00	143.00	154.40	160.80	169.50	179.80	186.50	196.60	217.40	239.80	324.80	
04097540	0325	19630325	20150325	53	162.06	79.28	46.00	506.00		81.10	91.20	101.30	107.00	119.50	121.80	131.80	134.60	136.60	141.00	149.40	159.40	169.20	177.00	186.00	197.80	213.50	232.00	334.10	
04097540	0326	19630326	20150326	53	159.75	73.16	62.00	459.00		79.50	93.40	101.10	114.60	118.50	128.20	130.80	132.00	137.00	139.00	144.40	154.80	167.20	173.40	183.50	195.60	214.10	223.80	329.60	
04097540	0327	19630327	20150327	53	157.04	66.08	72.00	414.00		76.50	93.80	104.10	113.00	122.00	126.20	128.00	130.00	133.50	141.00	145.00	158.40	164.10	170.20	180.00	198.00	207.50	219.80	309.60	
04097540	0328	19630328	20150328	53	155.64	60.66	73.00	371.00		80.90	93.20	108.30	112.80	119.00	125.00	125.00	129.20	136.30	140.00	145.70	154.60	163.40	171.00	183.00	190.20	203.10	217.00	296.10	
04097540	0329	19630329	20150329	53	156.77	58.58	72.00	358.00		84.10	91.80	110.20	115.60	122.00	126.20	129.00	132.00	135.10	142.00	146.50	155.60	160.70	171.20	180.50	198.40	216.10	228.20	297.50	
04097540	0330	19630330	20150330	53	158.55	60.74	70.00	354.00		80.70	90.00	108.40	115.80	119.50	126.40	130.80	133.60	137.30	142.00	153.40	156.00	159.40	167.40	176.50	202.00	220.80	250.40	297.70	
04097540	0331	19630331	20150331	53	159.83	65.77	69.00	346.00		77.40	90.20	106.30	114.80	120.00	126.40	128.00	131.60	134.80	144.00	150.70	156.60	162.30	167.80	175.00	202.60	218.90	271.20	335.00	
04097540	0401	19630401	20150401	53	159.42	66.71	67.00	340.00		74.80	89.80	105.10	113.80	118.50	123.20	127.80	130.60	136.20	143.00	147.10	156.40	161.30	168.20	183.50	201.00	219.40	279.60	334.30	
04097540	0402	19630402	20150402	53	158.60	64.84	66.00	337.00		72.40	90.00	103.00	115.40	118.00	119.80	125.90	128.60	137.30	139.00	152.10	157.40	166.30	173.60	191.50	195.40	219.60	256.80	323.60	
04097540	0403	19630403	20150403	53	158.17	62.96	66.00	328.00		76.30	89.20	101.00	114.80	115.00	117.60	122.90	133.00	134.00	146.00	147.70	159.40	170.00	182.20	190.50	198.80	227.60	239.80	315.60	
04097540	0404	19630404	20150404	53	160.96	62.64	65.00	315.00		83.80	88.80	99.10	111.80	115.50	117.20	121.80	132.20	137.90	149.00	161.50	166.40	170.80	185.40	195.00	214.60	228.80	259.40	302.00	
04097540	0405	19630405	20150405	53	164.28	65.04	66.00	329.00		85.40	91.80	98.80	110.80	114.00	118.40	124.60	133.60	141.30	147.00	160.40	173.40	181.20	188.60	203.50	209.20	239.80	273.00	306.00	
04097540	0406	19630406	20150406	53	167.64	71.54	64.00	367.00		83.00	94.40	99.00	109.60	112.00	120.20	130.20	138.20	141.00	151.00	162.30	167.80	176.10	181.00	196.00	234.40	245.40	280.00	331.80	
04097540	0407	19630407	20150407	53	167.91	75.19	66.00	400.00		82.00	93.00	95.60	108.60	110.00	120.20	127.60	136.80	146.00	150.00	161.10	168.00	172.20	177.20	192.00	231.00	249.20	270.40	348.40	
04097540	0408	19630408	20150408	53	166.30	76.06	80.00	424.00		82.70	90.60	99.70	106.80	114.50	119.60	124.70	133.20	142.50	147.00	157.70	160.80	170.20	186.00	192.50	212.80	241.70	254.00	373.00	
04097540	0409	19630409	20150409	53	164.66	74.05	81.00	429.00		84.50	93.80	96.70	105.60	117.50	120.20	128.00	129.60	139.60	145.00	152.40	160.40	175.30	182.00	195.50	209.60	231.30	247.40	366.00	
04097540	0410	19630410	20150410	53	162.19	68.83	78.00	382.00		81.10	92.00	100.30	111.20	116.00	121.00	124.90	131.60	138.20	144.00	146.40	160.40	178.00	186.20	193.00	197.00	230.80	243.40	343.50	
04097540	0411	19630411	20150411	53	160.79	65.16	77.00	357.00		78.00	89.00	101.80	111.80	116.00	120.40	127.50	130.00	136.90	142.00	149.80	161.80	180.00	183.40	189.00	204.40	220.30	249.60	320.80	
04097540	0412	19630412	20150412	53	159.58	61.08	74.00	329.00		80.10	90.60	101.60	111.00	114.00	118.40	122.90	128.60	136.50	143.00	155.20	167.60	176.00	181.80	193.50	206.00	226.00	257.80	299.40	
04097540	0413	19630413	20150413	53	158.40	58.87	71.00	305.00		76.40	96.20	106.20	109.80	111.00	114.20	121.50	129.80	136.60	141.00	151.80	163.40	176.10	185.60	194.00	211.20	220.50	261.80	279.80	
04097540	0414	19630414	20150414	53	156.57	57.28	68.00	281.00		72.80	94.80	105.10	107.00	111.50	116.20	121.50	130.60	137.20	141.00	148.10	161.20	172.50	177.80	194.00	212.00	228.50	252.40	278.30	
04097540	0415	19630415	20150415	53	154.85	54.56	66.00	273.00		69.50	92.20	100.30	108.60	113.50	117.20	125.50	132.80	137.30	139.00	152.50	167.80	171.10	172.80	188.50	210.00	229.80	242.40	264.30	
04097540	0416	19630416	20150416	53	153.91	53.18	62.00	285.00		67.20	89.80	95.50	107.80	112.00	125.60	128.90	131.00	136.50	143.00	156.80	167.60	172.00	174.60	188.50	204.40	223.70	232.20	247.90	
04097540	0417	19630417	20150417	53	152.26	52.35	58.00	281.00		65.80	88.40	91.70	104.00	112.50	122.60	127.70	134.00	141.20	147.00	153.80	162.20	170.10	178.80	188.50	205.60	216.60	227.40	242.40	
04097540	0418	19630418	20150418	53	150.06	51.23	53.00	264.00		65.10	86.40	88.90	105.00	114.00	118.60	123.90	131.60	139.60	146.00	154.50	159.60	165.10	171.00	192.00	202.20	210.70	225.20	243.70	
04097540	0419	19630419	20150419	53	149.43	53.87	55.00	326.00		65.70	84.80	87.90	101.40	113.50	119.00	123.90	131.60	137.20	144.00	151.20	153.80	160.40	176.40	188.00	196.20	198.80	219.80	251.80	
04097540	0420	19630420	20150420	53	153.02	64.72	57.00	465.00		78.10	84.40	95.30	98.80	114.50	120.20	126.70	132.20	140.30	144.00	147.10	151.00	165.00	174.40	186.50	189.20	203.50	225.80	254.50	
04097540	0421	19630421	20150421	53	156.04	72.32	63.00	538.00		78.10	85.40	96.20	105.80	114.00	121.20	129.40	136.60	141.90	146.00	148.40	152.40	162.10	174.40	180.50	187.40	198.90	231.60	271.50	
04097540	0422	19630422	20150422	53	157.58	70.58	69.00	516.00		77.30	84.60	96.70	111.80	114.00	117.20	122.90	133.00	143.00	149.00	156.40	164.80	173.20	177.40	182.00	185.20	192.90	219.80	277.40	
04097540	0423	19630423	20150423	53	156.57	63.32	71.00	441.00		76.40	81.20	99.20	108.80	114.00	118.00	126.90	134.40	140.80	146.00	155.50	166.80	171.50	180.80	183.50	199.40	206.90	216.00	267.30	
04097540	0424	19630424	20150424	53	155.02	61.16	71.00	407.00		73.70	80.80	98.60	106.60	110.50	118.60	123.80	135.00	139.30	150.00	156.80	161.40	171.30	179.00	185.50	189.60	206.10	233.40	265.70	
04097540	0425	19630425	20150425	53	154.02	60.59	70.00	384.00		72.00	82.00	102.40	107.80	110.50	119.60	131.50	133.60	137.20	147.00	155.70	160.40	167.30	173.20	179.00	186.00	203.90	219.40	273.60	
04097540	0426	19630426	20150426	53	151.47	57.31	65.00	378.00		69.70	81.00	100.40	107.60	114.50	119.60	129.90	131.80	136.80	151.00	152.70	157.80	166.20	173.80	179.00	184.40	194.90	211.00	254.60	
04097540	0427	19630427	20150427	53	147.68	52.72	66.00	349.00		69.40	79.00	99.10	105.80	113.00	118.60	125.00	128.40	134.60	141.00	147.00	160.40	162.30	169.00	179.50	186.40	189.90	207.00	236.80	
04097540	0428	19630428	20150428	53	145.62	51.37	64.00	322.00		69.70	77.00	96.30	106.00	111.00	116.20	124.60	127.40	130.00	133.00	148.30	153.60	163.10	171.80	174.00	176.40	206.90	215.00	238.70	
04097540	0429	19630429	20150429	53	143.53	50.58	63.00	304.00		69.80	80.00	94.30	102.20	111.00	113.80	120.70	124.00	126.90	132.00	142.60	150.60	161.40	165.00	171.50	175.80	200.20	214.80	244.70	
04097540	0430	19630430	20150430	53	141.49	48.74	67.00	289.00		70.40	82.20	94.30	99.80	109.00	113.60	117.90	121.00	128.00	130.00	137.80	150.40	155.50	165.40	171.50	176.60	185.70	209.60	237.50	
04097540	0501	19630501	20150501	53	139.45	45.39	67.00	272.00		74.20	82.20	93.20	104.20	107.00	113.60	116.90	122.20	126.00	130.00	133.70	147.80	153.60	166.20	170.00	172.20	183.70	199.00	232.60	
04097540	0502	19630502	20150502	53	138.04	43.84	67.00	255.00		77.70	88.40	92.20	94.80	103.00	112.40	117.90	123.20	125.30	130.00	135.20	143.80	152.00	159.80	163.50	170.40	184.00	192.60	239.20	
04097540	0503	19630503	20150503	53	135.74	45.06	63.00	302.00		76.00	87.40	90.20	97.80	102.00	110.00	115.60	121.20	122.30	128.00	135.10	139.40	145.70	153.60	159.50	170.20	175.70	190.80	224.00	
04097540	0504	19630504	20150504	53	132.83	46.78	62.00	344.00		72.60	85.20	88.00	95.80	100.00	106.00	113.90	117.00	120.90	130.00	132.70	137.00	141.40	146.00	157.00	162.20	168.50	187.20	212.20	
04097540	0505	19630505	20150505	53	130.77	47.35	67.00	363.00		71.20	84.40	85.30	96.80	99.50	105.40	110.00	113.20	120.90	128.00	130.40	135.80	138.10	140.80	149.00	155.40	161.90	190.60	199.60	
04097540	0506	19630506	20150506	53	129.40	45.82	67.00	347.00		75.90	82.40	84.10	95.80	101.00	104.40	106.00	110.00	118.60	123.00	127.70	131.20	139.10	140.80	146.50	157.60	172.50	184.60	197.70	
04097540	0507	19630507	20150507	53	128.30	45.49	62.00	318.00		73.80	79.40	92.20	95.80	99.50	102.00	103.90	108.20	119.00	120.00	123.70	127.40	132.10	134.80	140.50	156.80	180.10	187.80	213.70	
04097540	0508	19630508	20150508	53	128.15	49.11	63.00	337.00		70.50	75.80	88.20	96.80	98.00	102.20	104.00	110.60	119.00	120.00	122.00	127.40	128.20	135.80	141.00	152.80	175.40	180.80	227.70	
04097540	0509	19630509	20150509	53	127.23	48.85	63.00	331.00		68.90	76.00	82.60	94.40	99.00	102.20	105.80	113.00	115.20	120.00	122.40	123.80	132.30	137.60	143.00	150.80	168.50	172.20	237.20	
04097540	0510	19630510	20150510	53	127.25	46.48	64.00	309.00		70.40	73.60	80.50	92.00	95.50	100.20	107.70	117.00	119.00	119.00	126.60	130.00	131.40	138.00	146.50	159.00	163.80	175.20	226.70	
04097540	0511	19630511	20150511	53	126.38	44.92	63.00	288.00		69.40	74.20	79.80	91.20	94.00	99.60	103.90	114.00	116.00	120.00	123.40	128.60	132.30	144.00	148.00	153.40	161.90	180.80	239.20	
04097540	0512	19630512	20150512	53	128.36	46.41	63.00	284.00		69.20	73.20	79.50	89.20	94.50	102.00	110.30	114.20	115.60	120.00	126.20	129.80	138.20	145.40	149.00	157.20	171.30	194.60	224.00	
04097540	0513	19630513	20150513	53	130.62	50.57	64.00	294.00		68.00	72.80	78.40	87.40	92.50	98.60	106.60	112.20	115.60	128.00	129.70	133.80	140.00	143.40	151.50	157.20	185.20	207.00	241.10	
04097540	0514	19630514	20150514	53	132.34	58.96	58.00	394.00		67.00	71.00	78.20	84.00	91.00	95.40	104.00	110.80	113.30	127.00	129.00	134.00	137.30	150.20	157.00	165.80	186.50	206.80	243.00	
04097540	0515	19630515	20150515	53	132.04	58.83	55.00	379.00		65.70	69.80	78.00	80.80	91.00	93.40	101.70	108.40	114.10	121.00	128.70	133.60	141.10	152.60	164.00	176.40	194.30	197.20	233.40	
04097540	0516	19630516	20150516	53	131.43	56.48	52.00	324.00		65.50	70.60	76.40	80.80	88.50	94.40	100.90	109.40	113.60	117.00	123.70	132.40	142.80	153.80	160.00	181.60	190.00	198.00	267.00	
04097540	0517	19630517	20150517	53	132.34	61.70	55.00	359.00		62.20	67.40	73.60	84.60	88.50	92.20	102.50	108.20	111.90	115.00	122.00	125.40	145.10	150.80	165.50	174.00	182.40	225.60	259.40	
04097540	0518	19630518	20150518	53	133.21	67.00	55.00	433.00		62.80	67.60	76.30	85.20	89.50	96.00	104.20	108.00	110.30	113.00	121.20	134.40	136.60	150.80	161.00	165.40	182.00	221.60	269.20	
04097540	0519	19630519	20150519	53	131.75	62.94	53.00	405.00		61.20	72.20	78.20	84.80	88.00	94.20	102.70	107.60	114.60	117.00	123.20	130.80	142.20	151.00	156.00	161.20	175.60	212.40	267.50	
04097540	0520	19630520	20150520	53	128.15	55.93	52.00	346.00		59.30	72.00	82.20	84.00	86.50	91.80	102.30	107.80	114.00	116.00	123.50	129.20	134.20	145.40	152.00	162.40	166.90	205.20	248.40	
04097540	0521	19630521	20150521	53	123.66	50.36	50.00	300.00		55.90	70.60	81.00	82.60	86.50	88.20	98.10	105.20	111.60	115.00	122.70	126.40	132.40	142.60	146.00	155.60	162.60	204.40	226.60	
04097540	0522	19630522	20150522	53	119.09	45.95	47.00	269.00		54.30	69.00	77.20	79.00	83.50	85.60	94.40	101.60	110.60	114.00	120.80	125.40	130.00	132.80	141.50	147.60	176.40	187.80	206.00	
04097540	0523	19630523	20150523	53	117.28	44.82	45.00	246.00		51.60	66.40	74.10	78.60	80.00	84.80	93.00	101.80	107.00	112.00	117.70	123.40	128.20	135.00	140.50	156.40	168.90	183.80	201.60	
04097540	0524	19630524	20150524	53	116.75	44.61	44.00	260.00		49.50	71.00	75.10	76.80	79.00	89.20	91.80	102.60	108.00	112.00	117.10	121.00	127.20	135.00	141.00	159.20	160.90	174.60	205.50	
04097540	0525	19630525	20150525	53	115.60	43.00	42.00	243.00		47.00	69.00	73.10	74.80	82.00	88.20	89.00	104.00	108.50	114.00	116.40	119.80	125.20	128.60	146.00	153.40	162.50	169.40	202.40	
04097540	0526	19630526	20150526	53	115.08	43.31	41.00	227.00		48.20	67.80	71.10	73.60	82.50	85.20	94.40	99.40	109.30	111.00	115.10	120.60	126.40	134.00	140.00	149.60	165.80	173.60	206.20	
04097540	0527	19630527	20150527	53	114.38	44.10	40.00	235.00		48.90	65.20	71.20	75.60	78.50	85.40	89.90	101.60	106.30	109.00	111.70	117.80	126.10	128.00	140.00	156.20	157.90	173.60	212.30	
04097540	0528	19630528	20150528	53	113.77	47.97	38.00	275.00		49.70	62.60	68.30	72.00	82.00	86.00	86.90	101.60	104.00	106.00	108.00	111.40	121.30	127.60	140.50	152.00	159.80	169.60	222.90	
04097540	0529	19630529	20150529	53	112.15	51.26	37.00	317.00		48.40	60.60	65.10	70.40	79.50	82.20	90.20	99.00	101.00	103.00	106.70	110.60	117.20	120.60	139.50	148.00	157.50	163.00	224.40	
04097540	0530	19630530	20150530	53	110.53	51.08	36.00	318.00		46.00	59.60	65.20	70.60	77.00	80.00	90.10	93.60	98.30	104.00	106.70	109.40	112.10	115.80	136.50	142.80	156.10	163.80	217.30	
04097540	0531	19630531	20150531	53	112.42	50.03	35.00	307.00		43.70	58.40	64.20	72.00	79.50	87.40	90.90	97.40	101.60	105.00	110.00	114.00	117.20	126.00	138.50	147.40	155.60	164.20	221.90	
04097540	0601	19630601	20150601	53	117.81	62.70	35.00	396.00		42.80	55.60	66.10	71.00	78.50	85.20	93.90	95.00	104.00	104.00	110.70	114.60	120.30	124.00	140.00	158.40	168.10	185.00	252.80	
04097540	0602	19630602	20150602	53	119.30	71.55	34.00	502.00		42.20	55.20	67.10	71.20	78.50	83.20	88.90	92.80	100.50	106.00	110.50	120.20	125.00	128.00	140.50	152.60	175.30	186.20	238.80	
04097540	0603	19630603	20150603	53	118.38	75.35	34.00	545.00		41.20	54.00	67.10	71.40	76.00	81.40	86.90	90.20	95.80	102.00	109.20	119.40	126.20	132.80	147.00	152.20	171.10	191.00	216.90	
04097540	0604	19630604	20150604	53	115.62	76.64	32.00	563.00		40.90	53.40	64.20	69.80	73.50	78.60	85.80	87.60	95.00	97.00	105.40	114.60	120.60	131.80	137.50	154.40	173.10	187.20	196.40	
04097540	0605	19630605	20150605	53	112.64	71.02	31.00	517.00		40.20	53.20	62.20	68.60	71.50	79.00	83.80	88.20	91.60	100.00	102.70	115.00	119.40	125.80	137.50	146.80	164.80	173.00	205.80	
04097540	0606	19630606	20150606	53	109.43	63.46	30.00	449.00		40.90	53.20	62.20	66.60	69.50	74.20	80.80	87.20	90.20	95.00	101.00	111.80	118.20	122.00	137.00	146.20	157.70	163.00	205.70	
04097540	0607	19630607	20150607	53	108.25	59.19	32.00	385.00		46.80	57.00	62.00	64.80	68.00	76.20	78.80	83.20	85.90	92.00	104.70	108.20	113.90	124.80	133.50	140.40	150.80	155.60	221.60	
04097540	0608	19630608	20150608	53	106.96	56.45	32.00	324.00		45.70	54.40	60.10	65.80	69.00	75.00	77.00	80.20	85.30	96.00	100.40	103.40	118.30	128.60	131.00	136.40	149.80	165.80	236.30	
04097540	0609	19630609	20150609	53	107.34	59.87	32.00	350.00		45.00	56.00	57.10	64.40	71.00	75.00	78.00	79.20	83.00	92.00	97.50	102.20	113.50	120.40	129.00	132.40	147.60	189.00	256.80	
04097540	0610	19630610	20150610	53	107.26	64.88	34.00	370.00		42.40	52.80	56.20	63.20	69.50	74.40	77.90	80.00	82.60	86.00	93.80	106.20	112.30	115.80	123.50	135.40	149.50	185.40	270.10	
04097540	0611	19630611	20150611	53	106.00	63.51	32.00	350.00		41.70	49.80	53.50	62.40	65.50	72.40	75.00	79.20	82.60	88.00	89.40	104.40	111.20	116.00	119.50	140.20	162.40	181.00	252.60	
04097540	0612	19630612	20150612	53	105.79	61.46	30.00	330.00		40.70	50.80	53.40	60.80	66.00	70.20	76.90	77.60	86.00	87.00	92.20	99.80	108.10	110.80	121.00	139.60	166.30	200.20	256.40	
04097540	0613	19630613	20150613	53	106.30	63.21	32.00	336.00		39.70	51.00	56.00	59.60	65.00	69.20	73.90	80.80	84.30	90.00	93.70	99.00	107.10	111.40	118.50	134.60	163.30	202.00	257.30	
04097540	0614	19630614	20150614	53	105.40	65.63	32.00	375.00		39.10	49.80	56.10	58.60	63.50	69.20	70.90	79.60	82.00	86.00	92.10	99.60	107.10	108.00	118.00	133.00	167.60	189.20	272.70	
04097540	0615	19630615	20150615	53	103.26	65.61	35.00	366.00		38.40	47.40	55.20	57.00	62.50	65.20	72.80	75.60	78.00	82.00	89.10	98.20	103.30	110.00	117.50	125.40	163.40	180.20	270.40	
04097540	0616	19630616	20150616	53	101.02	65.88	32.00	374.00		38.00	44.80	53.10	54.80	59.50	64.20	72.60	75.00	77.00	79.00	89.00	95.00	103.10	105.00	118.50	125.20	152.70	172.00	258.80	
04097540	0617	19630617	20150617	53	98.62	66.89	30.00	428.00		36.70	44.00	53.00	53.80	57.00	63.60	72.70	73.60	74.60	78.00	87.70	93.20	99.10	103.60	115.00	120.80	149.40	162.20	229.30	
04097540	0618	19630618	20150618	53	96.57	66.28	29.00	442.00		35.70	42.00	51.10	52.80	55.50	65.40	69.00	71.60	75.00	79.00	84.70	91.00	92.60	101.20	109.50	117.20	154.30	168.00	205.80	
04097540	0619	19630619	20150619	53	95.98	64.75	28.00	404.00		33.70	40.40	50.00	51.60	56.00	62.20	69.70	72.60	73.60	80.00	85.90	88.00	90.20	101.60	105.00	112.60	155.60	175.40	235.10	
04097540	0620	19630620	20150620	53	96.45	69.64	28.00	370.00		33.70	40.00	48.10	50.00	54.00	59.80	67.60	70.00	72.00	76.00	82.00	86.40	91.10	97.80	102.00	113.60	159.40	168.60	287.30	
04097540	0621	19630621	20150621	53	99.68	79.88	29.00	471.00		34.80	44.00	46.10	48.80	53.50	56.20	64.60	68.60	70.30	79.00	83.00	85.40	92.40	98.00	107.50	130.40	148.30	185.60	308.70	
04097540	0622	19630622	20150622	53	98.72	78.39	28.00	453.00		36.40	41.80	44.40	49.80	52.00	54.00	58.90	67.60	75.30	78.00	81.70	84.00	92.10	95.80	107.50	122.20	150.70	189.60	295.00	
04097540	0623	19630623	20150623	53	94.25	67.53	25.00	373.00		37.70	38.80	43.40	49.00	51.50	53.00	55.90	65.60	73.00	78.00	79.70	88.00	95.10	96.00	105.00	113.60	147.90	189.40	262.40	
04097540	0624	19630624	20150624	53	90.40	58.60	23.00	317.00		36.00	37.40	46.20	49.80	51.00	56.20	57.00	63.60	67.20	76.00	80.00	87.40	93.20	98.00	100.50	113.60	151.50	172.20	236.50	
04097540	0625	19630625	20150625	53	88.55	51.85	21.00	271.00		34.70	35.40	46.10	47.80	50.50	55.20	61.80	69.20	73.30	75.00	83.10	88.00	92.20	94.00	96.50	121.20	147.30	159.20	219.20	
04097540	0626	19630626	20150626	53	88.81	48.40	20.00	234.00		31.70	34.40	43.30	47.00	50.50	57.20	64.70	69.20	73.60	80.00	86.40	88.80	92.00	97.00	107.00	135.20	147.70	163.80	198.70	
04097540	0627	19630627	20150627	53	91.42	53.58	17.00	288.00		28.70	33.00	41.20	45.00	48.50	56.00	62.90	70.60	76.40	84.00	87.70	90.00	96.70	104.80	110.00	136.60	144.60	174.20	191.50	
04097540	0628	19630628	20150628	53	92.70	61.93	16.00	389.00		26.10	31.00	39.40	45.00	48.00	55.40	65.70	70.00	78.30	85.00	85.70	89.60	99.40	104.60	119.00	130.40	144.20	162.20	198.30	
04097540	0629	19630629	20150629	53	91.62	64.64	18.00	421.00		24.50	29.40	40.10	45.00	47.00	53.20	65.00	69.00	77.60	80.00	82.00	91.20	98.30	113.80	119.00	124.60	136.30	150.60	193.40	
04097540	0630	19630630	20150630	53	91.17	67.51	14.00	402.00		22.80	28.40	40.30	44.00	47.00	61.20	62.90	67.20	74.60	79.00	81.40	88.00	95.40	111.80	119.50	120.60	135.80	146.00	212.00	
04097540	0701	19630701	20150701	53	90.49	67.71	13.00	392.00		21.50	30.00	41.10	43.80	46.00	58.20	61.80	70.60	73.30	75.00	81.80	85.40	93.60	104.00	117.50	123.40	130.80	144.60	213.60	
04097540	0702	19630702	20150702	53	89.75	63.77	12.00	367.00		21.50	29.40	39.10	42.00	44.50	55.40	61.60	67.60	71.90	76.00	84.90	89.00	92.50	102.80	115.00	125.20	138.10	155.80	214.10	
04097540	0703	19630703	20150703	53	89.28	59.41	13.00	304.00		22.80	28.40	36.50	41.00	44.00	53.40	60.60	64.60	71.60	74.00	80.80	87.20	96.20	102.00	115.00	137.00	144.20	170.00	220.80	
04097540	0704	19630704	20150704	53	87.43	57.99	11.00	282.00		22.10	26.80	34.60	40.00	43.50	52.60	55.90	67.20	69.00	71.00	81.00	86.40	93.20	99.20	108.00	126.80	137.90	170.20	224.90	
04097540	0705	19630705	20150705	53	84.92	58.53	10.00	346.00		21.20	27.80	36.10	39.80	43.00	49.20	57.60	65.00	68.60	72.00	78.70	84.80	89.00	102.00	110.50	118.20	130.80	150.40	203.50	
04097540	0706	19630706	20150706	53	80.58	52.39	10.00	306.00		19.60	29.00	35.30	38.80	43.00	48.20	53.80	62.00	66.30	73.00	74.70	81.40	86.10	101.80	108.50	116.60	120.90	128.40	195.90	
04097540	0707	19630707	20150707	53	76.99	46.47	9.70	250.00		19.40	28.00	35.10	40.00	45.00	46.20	49.80	58.00	65.00	69.00	71.70	78.00	84.70	98.00	102.00	109.40	111.90	133.20	176.80	
04097540	0708	19630708	20150708	53	72.73	41.28	7.80	214.00		18.70	29.00	35.10	41.00	42.50	45.20	54.30	56.60	62.30	66.00	66.70	72.80	86.30	91.60	94.50	101.40	103.90	120.80	165.80	
04097540	0709	19630709	20150709	53	70.23	38.05	7.80	191.00		17.89	28.20	33.10	38.40	42.50	46.40	52.80	57.80	60.00	61.00	66.00	75.40	85.20	87.80	92.50	96.00	99.80	114.40	160.60	
04097540	0710	19630710	20150710	53	68.35	36.19	7.30	171.00		18.22	26.20	33.10	37.60	44.00	50.40	53.90	55.60	56.60	61.00	63.00	72.80	80.20	84.00	86.00	90.80	102.50	113.40	157.40	
04097540	0711	19630711	20150711	53	66.25	34.86	4.20	168.00		17.20	24.20	32.10	34.80	43.50	48.60	51.00	53.00	57.30	59.00	65.10	68.40	74.10	82.00	85.00	90.00	98.90	113.60	144.60	
04097540	0712	19630712	20150712	53	64.37	33.33	2.70	161.00		18.10	24.20	31.30	36.60	42.00	47.00	51.80	53.00	55.30	57.00	61.70	67.00	70.10	76.60	83.50	90.20	97.60	113.80	134.30	
04097540	0713	19630713	20150713	53	63.06	32.37	2.40	153.00		16.40	25.20	30.20	37.60	42.00	44.40	50.90	52.20	54.30	58.00	59.00	64.40	67.00	73.20	80.00	87.20	99.80	115.40	128.70	
04097540	0714	19630714	20150714	53	62.37	31.20	2.50	143.00		15.10	28.40	29.50	37.00	40.00	47.00	49.90	51.60	54.90	59.00	61.00	64.00	69.00	70.60	76.00	83.60	98.60	108.20	138.20	
04097540	0715	19630715	20150715	53	61.25	30.24	3.20	145.00		13.70	28.00	31.50	36.80	40.00	43.40	48.70	50.60	52.30	55.00	59.10	62.60	68.00	72.60	80.50	87.00	97.60	102.60	129.60	
04097540	0716	19630716	20150716	53	62.25	38.30	2.30	244.00		13.00	28.60	35.10	38.00	39.00	41.40	45.80	47.60	50.00	52.00	55.80	59.80	64.20	71.00	79.50	87.80	94.60	109.00	124.70	
04097540	0717	19630717	20150717	53	63.57	50.72	2.20	363.00		16.40	28.40	36.00	37.00	40.00	42.00	43.00	44.60	46.60	50.00	52.10	56.40	62.70	72.80	78.00	85.40	94.80	107.20	125.40	
04097540	0718	19630718	20150718	53	63.37	54.14	2.60	387.00		16.40	27.20	36.00	37.00	37.50	40.00	41.00	44.20	46.30	49.00	52.70	54.00	60.80	71.00	78.50	85.60	90.80	100.20	143.20	
04097540	0719	19630719	20150719	53	62.51	49.92	12.00	342.00		17.40	26.60	33.30	37.00	38.00	38.20	40.00	43.00	45.60	50.00	51.00	54.20	61.50	68.00	75.00	83.00	89.80	94.00	153.60	
04097540	0720	19630720	20150720	53	61.02	43.34	17.00	281.00		20.10	25.80	33.10	35.00	37.50	38.00	39.90	42.60	44.60	49.00	52.70	60.00	65.10	68.80	71.00	78.00	87.80	95.00	147.60	
04097540	0721	19630721	20150721	53	60.45	38.51	20.00	227.00		20.70	26.20	34.00	35.00	36.00	37.20	38.00	42.40	48.30	51.00	55.70	59.80	66.20	70.00	73.00	80.60	84.90	95.80	143.70	
04097540	0722	19630722	20150722	53	61.49	36.85	18.00	193.00		21.40	30.00	34.00	34.00	37.00	38.00	40.90	46.60	49.60	52.00	56.70	62.40	64.20	69.80	75.00	82.20	87.60	93.60	169.20	
04097540	0723	19630723	20150723	53	62.04	36.06	18.00	175.00		21.10	29.00	33.00	34.00	36.50	38.80	45.90	47.00	48.60	52.00	58.70	61.40	64.20	69.40	73.50	79.60	88.80	117.40	162.20	
04097540	0724	19630724	20150724	53	62.19	35.47	18.00	171.00		20.80	26.20	33.10	35.80	37.50	41.20	43.80	46.00	52.00	55.00	60.00	61.00	63.00	70.80	76.00	76.80	86.50	117.80	159.90	
04097540	0725	19630725	20150725	53	60.85	35.81	14.00	200.00		19.10	25.40	31.10	33.80	36.00	38.40	42.70	46.40	49.60	52.00	57.40	60.40	65.10	72.60	74.50	78.20	89.60	109.20	145.60	
04097540	0726	19630726	20150726	53	59.89	35.94	14.00	213.00		18.10	26.20	30.20	32.80	34.50	40.00	42.80	44.80	47.30	52.00	53.70	57.40	61.00	70.00	79.00	82.80	93.50	100.60	131.80	
04097540	0727	19630727	20150727	53	59.09	35.60	13.00	204.00		17.50	27.40	29.10	32.80	35.50	38.20	41.80	44.00	47.00	50.00	52.00	54.40	57.60	66.80	77.00	83.20	93.90	110.60	130.20	
04097540	0728	19630728	20150728	53	59.19	37.03	10.00	189.00		17.10	25.80	29.10	32.40	37.00	39.00	40.00	43.60	45.00	50.00	52.70	54.80	62.10	64.00	73.50	79.40	91.80	112.80	157.80	
04097540	0729	19630729	20150729	53	60.59	48.31	9.30	316.00		18.70	22.60	30.20	32.00	34.50	38.00	40.00	41.00	43.90	50.00	52.00	56.80	61.00	63.00	70.00	77.40	87.70	105.60	168.00	
04097540	0730	19630730	20150730	53	61.47	59.55	8.90	425.00		17.00	21.00	27.10	30.60	37.50	38.00	39.90	40.60	42.60	50.00	54.50	60.40	63.00	64.80	66.50	74.40	80.90	98.20	162.60	
04097540	0731	19630731	20150731	53	61.12	64.53	9.20	468.00		15.70	18.80	24.10	29.40	36.00	37.00	38.90	41.20	42.30	48.00	54.40	58.40	60.10	68.40	71.50	73.60	77.00	92.60	155.00	
04097540	0801	19630801	20150801	53	59.55	63.71	9.30	464.00		12.70	18.40	25.10	28.00	34.50	35.00	37.80	39.60	41.60	45.00	51.70	55.80	58.30	65.40	72.00	75.00	80.70	88.80	141.10	
04097540	0802	19630802	20150802	53	58.05	55.69	9.80	403.00		10.70	18.80	26.10	28.00	34.00	36.20	38.00	39.60	44.00	48.00	52.40	54.40	57.10	65.40	71.00	72.60	76.90	89.00	127.50	
04097540	0803	19630803	20150803	53	56.85	47.34	7.80	331.00		10.00	18.40	25.10	30.40	34.50	35.40	38.00	40.60	44.00	47.00	53.00	56.00	58.10	64.80	71.00	74.20	76.90	94.60	122.20	
04097540	0804	19630804	20150804	53	55.25	39.77	6.20	266.00		10.46	18.40	26.10	32.40	34.00	36.00	37.00	38.60	43.60	48.00	52.70	56.00	60.30	65.40	68.50	73.00	82.10	91.00	117.00	
04097540	0805	19630805	20150805	53	53.69	33.44	5.70	216.00		12.40	23.60	26.40	31.80	32.00	35.40	37.00	40.00	43.10	49.00	53.00	54.00	59.20	62.00	67.50	70.00	79.90	88.60	107.70	
04097540	0806	19630806	20150806	53	52.43	29.93	7.60	192.00		12.10	24.40	27.30	31.00	33.50	36.00	37.80	38.60	47.60	50.00	51.00	55.40	57.10	60.00	66.50	68.60	78.20	82.20	100.50	
04097540	0807	19630807	20150807	53	52.35	27.86	9.40	176.00		12.10	24.40	28.10	30.00	32.00	35.20	36.90	43.40	49.60	51.00	54.70	56.40	59.10	60.00	67.50	72.20	75.00	80.60	93.60	
04097540	0808	19630808	20150808	53	52.35	27.01	9.30	161.00		11.70	24.00	29.00	30.60	33.00	34.40	36.90	43.40	49.30	53.00	54.70	56.40	59.00	61.00	68.00	70.80	75.00	78.40	103.50	
04097540	0809	19630809	20150809	53	51.75	26.36	11.00	150.00		11.70	22.80	28.10	32.20	34.00	35.20	36.90	44.60	48.00	51.00	52.00	54.00	58.00	60.80	66.50	69.00	70.90	81.20	111.80	
04097540	0810	19630810	20150810	53	50.94	25.33	10.00	140.00		15.20	21.60	25.40	31.60	33.00	35.40	38.90	43.80	48.00	48.00	51.00	52.80	56.10	61.60	63.50	68.20	69.90	78.60	110.20	
04097540	0811	19630811	20150811	53	50.36	24.06	11.00	133.00		18.20	22.40	26.20	31.80	33.50	36.00	39.80	41.60	46.00	47.00	48.70	52.80	55.20	60.00	64.00	66.00	70.00	74.60	105.40	
04097540	0812	19630812	20150812	53	49.68	22.33	13.00	126.00		19.10	25.40	27.20	31.80	33.50	36.40	39.80	44.00	45.00	47.00	48.70	50.40	55.00	56.80	62.50	65.00	69.60	71.00	100.40	
04097540	0813	19630813	20150813	53	49.09	20.52	14.00	121.00		20.10	26.20	29.00	30.80	37.00	38.20	39.00	43.00	43.30	46.00	48.40	52.00	54.10	57.80	60.50	65.00	66.00	71.40	93.70	
04097540	0814	19630814	20150814	53	48.40	19.05	15.00	115.00		20.10	26.00	29.10	33.60	36.00	38.00	38.90	42.00	43.00	45.00	48.00	49.00	52.30	57.60	61.00	62.20	64.90	73.20	87.30	
04097540	0815	19630815	20150815	53	47.85	18.27	17.00	114.00		21.00	27.00	28.10	34.60	36.50	38.00	38.00	41.00	42.30	44.00	47.10	50.00	53.20	56.80	58.00	62.40	64.90	73.80	79.80	
04097540	0816	19630816	20150816	53	47.91	17.92	16.00	113.00		22.40	26.80	32.10	33.80	36.00	37.20	38.00	40.60	42.30	43.00	48.00	50.20	53.00	55.80	57.50	62.20	68.80	72.60	76.90	
04097540	0817	19630817	20150817	53	50.08	25.17	15.00	178.00		22.10	26.20	30.20	33.80	37.00	38.00	40.00	41.00	42.00	43.00	46.70	49.40	52.00	56.40	59.00	65.00	66.90	73.60	90.10	
04097540	0818	19630818	20150818	53	51.42	30.31	14.00	217.00		21.40	25.20	30.10	31.80	35.50	36.00	39.80	41.00	44.00	46.00	47.40	48.40	55.10	57.80	59.00	62.40	69.90	82.20	98.70	
04097540	0819	19630819	20150819	53	52.09	29.31	14.00	198.00		22.70	24.40	28.10	31.80	35.00	37.20	39.90	42.00	44.30	45.00	47.40	51.00	55.00	58.60	60.50	64.40	69.80	88.60	105.90	
04097540	0820	19630820	20150820	53	52.96	28.74	14.00	169.00		20.70	25.20	28.00	31.00	33.50	37.00	39.90	42.60	43.30	47.00	48.70	51.40	53.30	57.80	64.00	66.60	70.80	100.40	113.20	
04097540	0821	19630821	20150821	53	52.87	29.20	17.00	155.00		19.40	24.40	27.00	29.00	32.00	36.40	38.90	41.60	45.30	47.00	49.40	52.00	55.10	56.00	64.00	68.20	72.80	96.00	121.50	
04097540	0822	19630822	20150822	53	53.30	29.72	19.00	178.00		21.10	24.40	26.00	27.80	31.50	36.40	39.00	42.00	43.60	48.00	50.00	53.40	56.00	57.80	64.50	72.40	80.40	93.20	115.40	
04097540	0823	19630823	20150823	53	54.02	33.29	18.00	206.00		22.10	24.00	25.00	27.60	32.00	35.20	38.90	41.20	44.30	47.00	49.70	51.60	55.30	58.00	63.00	74.40	83.20	89.00	122.80	
04097540	0824	19630824	20150824	53	56.26	41.56	18.00	238.00		19.70	22.40	24.10	27.60	34.00	37.40	39.00	42.00	44.30	47.00	49.00	52.40	55.20	58.00	64.50	73.60	77.80	91.80	151.40	
04097540	0825	19630825	20150825	53	57.43	47.81	14.00	292.00		19.40	22.40	24.10	28.20	34.00	38.20	39.90	42.00	46.00	48.00	49.00	52.00	54.00	59.40	68.50	72.40	75.80	85.80	164.60	
04097540	0826	19630826	20150826	53	57.70	51.34	15.00	315.00		18.40	21.80	25.20	30.60	33.00	38.20	39.90	40.60	45.00	47.00	48.00	51.40	53.10	57.40	64.00	69.40	73.80	86.60	170.40	
04097540	0827	19630827	20150827	53	57.26	49.45	17.00	302.00		19.40	22.20	27.00	29.60	34.00	39.00	39.90	41.80	45.00	47.00	48.70	49.40	50.20	56.80	65.00	69.00	75.40	81.00	163.30	
04097540	0828	19630828	20150828	53	56.94	45.04	18.00	264.00		20.10	24.80	27.00	29.00	34.00	38.00	38.00	40.60	45.30	47.00	48.70	51.00	52.20	55.60	63.00	70.20	73.90	101.60	152.20	
04097540	0829	19630829	20150829	53	56.36	41.23	18.00	230.00		21.50	23.80	25.40	29.80	33.50	37.20	38.00	39.80	43.30	45.00	47.70	52.60	55.40	59.80	60.50	67.20	76.40	98.80	161.00	
04097540	0830	19630830	20150830	53	54.91	38.00	17.00	212.00		20.80	24.00	29.10	30.00	32.00	36.20	37.00	38.60	41.30	44.00	45.70	50.80	57.20	59.00	62.50	63.60	80.90	95.40	156.50	
04097540	0831	19630831	20150831	53	54.13	35.53	17.00	197.00		20.80	24.00	29.10	30.80	33.50	35.20	36.90	38.60	42.00	42.00	45.10	48.80	56.00	58.40	62.50	69.00	80.10	95.60	142.80	
04097540	0901	19630901	20150901	53	53.98	34.32	16.00	186.00		20.10	25.60	28.10	30.00	33.50	35.20	37.00	39.00	40.00	41.00	46.70	49.80	54.00	58.60	63.50	67.80	74.80	109.60	138.70	
04097540	0902	19630902	20150902	53	54.91	36.91	15.00	188.00		19.70	24.60	28.10	30.00	33.00	35.00	36.80	38.00	40.00	44.00	48.40	52.40	55.10	57.00	62.50	68.60	77.90	102.00	153.70	
04097540	0903	19630903	20150903	53	55.60	40.25	14.00	214.00		20.70	23.80	28.00	30.80	32.50	34.20	35.00	37.00	40.30	43.00	47.00	51.40	54.00	56.60	60.50	67.20	80.50	109.40	160.40	
04097540	0904	19630904	20150904	53	54.77	39.25	14.00	215.00		22.40	25.20	30.00	31.00	31.50	33.20	35.00	36.60	40.60	42.00	47.00	50.40	53.00	56.00	58.00	64.20	75.60	108.60	157.40	
04097540	0905	19630905	20150905	53	52.74	36.18	13.00	195.00		22.40	25.40	27.20	30.00	31.50	33.20	34.90	37.20	40.00	41.00	46.70	49.00	52.10	55.60	57.50	62.60	69.90	98.20	151.90	
04097540	0906	19630906	20150906	53	51.26	33.23	12.00	171.00		21.40	24.40	28.10	29.00	31.00	33.00	35.90	37.80	40.60	43.00	45.70	47.40	49.30	53.60	56.50	62.20	67.90	93.00	150.10	
04097540	0907	19630907	20150907	53	50.74	30.77	12.00	157.00		20.70	23.80	27.10	29.00	31.00	33.40	36.00	38.00	42.30	45.00	46.00	47.40	50.00	51.60	56.00	62.00	71.40	91.20	144.90	
04097540	0908	19630908	20150908	53	50.21	29.03	12.00	144.00		21.00	24.00	28.00	29.00	31.00	34.00	36.00	38.60	42.30	45.00	46.00	48.00	50.00	53.80	55.50	59.60	75.00	91.80	135.30	
04097540	0909	19630909	20150909	53	50.79	29.70	12.00	146.00		21.00	24.00	27.10	29.80	31.50	33.20	35.90	39.00	41.30	44.00	45.70	47.00	52.00	53.00	56.00	63.20	81.30	93.00	134.00	
04097540	0910	19630910	20150910	53	52.23	31.68	11.00	157.00		20.00	23.40	28.00	30.00	31.50	33.20	35.90	40.00	41.90	44.00	45.00	47.80	51.00	52.00	57.50	67.20	81.90	111.60	127.00	
04097540	0911	19630911	20150911	53	52.98	33.62	13.00	170.00		20.00	23.00	28.00	29.00	33.00	34.20	36.00	39.00	41.60	43.00	44.70	48.80	51.00	52.00	58.50	74.80	79.00	110.00	138.00	
04097540	0912	19630912	20150912	53	53.66	34.66	13.00	169.00		21.00	23.60	28.10	29.00	34.00	36.00	37.90	39.20	42.00	42.00	47.00	48.40	51.00	52.00	59.00	70.60	79.00	102.80	161.90	
04097540	0913	19630913	20150913	53	54.25	33.96	12.00	170.00		21.00	23.80	28.00	32.20	34.00	35.40	39.70	40.00	41.00	46.00	48.00	49.00	52.00	54.40	62.50	71.00	82.30	100.80	155.30	
04097540	0914	19630914	20150914	53	55.89	35.42	12.00	178.00		20.70	23.80	28.10	31.80	34.00	36.00	40.00	40.60	45.00	48.00	50.00	50.40	51.00	57.20	60.00	71.00	89.60	105.40	149.90	
04097540	0915	19630915	20150915	53	58.11	45.78	12.00	312.00		20.70	24.20	27.30	31.80	34.00	35.60	39.00	45.00	46.00	47.00	49.00	51.20	54.10	56.80	59.50	72.00	93.20	106.40	134.10	
04097540	0916	19630916	20150916	53	58.91	51.70	12.00	372.00		20.00	25.40	30.30	33.00	35.00	35.60	38.90	45.00	46.30	47.00	48.00	51.40	54.10	56.80	60.00	73.60	89.00	106.20	127.20	
04097540	0917	19630917	20150917	53	57.55	47.25	12.00	336.00		20.00	26.00	29.40	33.00	35.00	37.20	39.00	43.60	46.00	46.00	48.70	50.40	52.00	54.80	61.50	69.40	85.80	109.40	122.50	
04097540	0918	19630918	20150918	53	56.34	39.60	13.00	269.00		19.70	25.40	30.30	33.80	35.50	38.20	41.00	43.80	46.00	47.00	48.00	50.40	54.00	55.00	61.50	68.00	82.70	111.00	123.60	
04097540	0919	19630919	20150919	53	55.53	34.25	14.00	218.00		19.70	27.20	32.10	34.60	36.50	39.00	41.80	43.00	44.60	47.00	47.70	49.80	53.10	57.80	61.50	67.00	81.60	106.00	125.60	
04097540	0920	19630920	20150920	53	56.06	33.88	14.00	190.00		22.80	28.00	33.10	36.60	38.50	40.20	41.90	42.00	45.30	47.00	47.70	50.40	54.10	57.60	61.00	65.20	80.80	103.20	138.60	
04097540	0921	19630921	20150921	53	56.40	34.09	15.00	217.00		25.20	30.80	34.20	37.00	38.50	40.00	41.00	44.00	44.30	47.00	48.00	52.20	55.10	56.80	61.00	64.20	78.90	101.20	128.90	
04097540	0922	19630922	20150922	53	56.91	35.74	15.00	244.00		26.60	30.80	33.20	38.00	38.50	40.00	42.00	43.00	47.00	48.00	50.40	52.40	55.10	56.00	62.00	67.00	77.90	96.40	131.40	
04097540	0923	19630923	20150923	53	56.77	33.40	16.00	228.00		26.30	31.00	33.10	37.00	39.00	41.00	42.90	43.60	47.00	50.00	50.70	52.40	56.10	58.00	63.00	70.40	77.00	91.80	128.60	
04097540	0924	19630924	20150924	53	55.77	30.47	16.00	202.00		25.60	30.40	32.10	37.00	38.00	39.20	41.90	43.60	47.30	48.00	50.00	51.00	56.20	58.80	65.50	72.40	75.90	91.00	120.90	
04097540	0925	19630925	20150925	53	54.75	28.10	15.00	180.00		25.30	30.00	32.10	35.00	37.50	41.20	42.00	43.60	45.30	46.00	48.70	49.40	56.00	59.60	66.00	73.20	82.30	90.80	113.60	
04097540	0926	19630926	20150926	53	55.02	27.03	15.00	161.00		25.00	30.00	33.00	33.00	37.00	40.20	42.00	44.60	46.00	47.00	48.70	52.00	55.20	57.80	65.50	74.60	89.90	94.20	109.00	
04097540	0927	19630927	20150927	53	55.60	26.93	18.00	144.00		25.30	29.40	32.00	35.40	38.00	40.20	42.90	44.00	45.30	47.00	48.70	52.60	57.00	58.00	62.50	75.40	90.50	103.00	111.60	
04097540	0928	19630928	20150928	53	55.47	26.71	17.00	133.00		25.30	30.00	31.10	34.80	38.00	39.60	43.00	43.00	45.30	47.00	47.00	54.40	56.20	59.00	62.50	75.20	92.40	102.40	113.90	
04097540	0929	19630929	20150929	53	55.74	26.58	17.00	134.00		25.70	30.40	32.10	36.00	39.00	42.00	42.00	44.00	45.00	46.00	47.00	52.40	56.20	61.00	67.00	74.60	89.40	100.20	114.70	
04097540	0930	19630930	20150930	53	56.28	27.62	17.00	139.00		24.70	30.40	34.00	37.80	39.50	41.40	43.90	44.00	45.00	46.00	46.70	51.80	54.50	63.40	70.00	73.60	85.60	98.20	127.90	
04097540	1001	19621001	20151001	54	55.78	28.56	17.00	148.00		22.25	29.00	33.00	37.00	39.50	40.50	43.25	44.00	45.75	46.00	47.00	50.00	52.00	60.50	65.50	74.00	85.25	97.50	125.75	
04097540	1002	19621002	20151002	54	55.76	28.98	17.00	155.00		22.25	29.00	34.25	37.00	40.00	41.50	42.25	44.00	44.00	46.00	47.25	49.00	51.75	59.00	64.50	78.00	86.50	95.00	125.50	
04097540	1003	19621003	20151003	54	56.19	30.44	14.00	176.00		22.25	29.00	33.25	39.00	41.00	42.00	42.25	43.00	46.00	47.00	48.00	51.00	54.25	57.50	61.50	73.00	86.50	95.00	124.25	
04097540	1004	19621004	20151004	54	57.20	33.28	14.00	220.00		22.75	29.50	32.25	39.00	40.00	41.00	42.25	43.00	46.75	47.50	48.75	53.00	54.00	60.50	68.50	74.00	83.25	93.50	120.25	
04097540	1005	19621005	20151005	54	57.46	34.78	13.00	242.00		23.25	31.00	31.75	38.00	40.00	41.00	42.25	44.00	45.75	47.00	51.25	53.00	55.75	62.00	70.75	77.00	81.75	87.50	117.25	
04097540	1006	19621006	20151006	54	57.59	35.36	14.00	251.00		23.25	31.00	35.25	38.00	39.00	41.50	42.25	44.00	45.00	48.00	51.00	52.00	54.75	58.00	71.25	81.00	82.00	89.00	114.25	
04097540	1007	19621007	20151007	54	57.48	34.87	15.00	250.00		24.00	30.00	36.00	37.00	37.75	41.50	43.00	44.00	46.00	48.50	51.25	53.00	54.75	61.50	73.25	77.00	81.00	87.50	111.25	
04097540	1008	19621008	20151008	54	57.02	32.74	15.00	231.00		24.50	29.50	35.25	37.00	37.75	41.00	42.25	45.00	47.00	49.50	51.25	52.00	55.50	61.50	72.00	78.00	81.75	88.50	109.25	
04097540	1009	19621009	20151009	54	57.56	31.24	15.00	209.00		25.50	29.50	35.00	35.00	39.00	42.00	44.00	45.00	47.00	49.00	49.25	51.00	55.00	66.00	72.25	83.00	86.50	93.00	109.50	
04097540	1010	19621010	20151010	54	57.94	31.42	15.00	188.00		25.50	30.00	34.25	35.00	38.75	42.00	44.00	45.00	46.75	48.00	49.00	51.00	55.25	67.00	69.50	78.00	93.00	99.00	120.50	
04097540	1011	19621011	20151011	54	58.19	33.95	16.00	200.00		24.50	30.50	34.00	35.00	39.00	41.50	43.00	45.00	46.00	47.50	48.00	49.00	55.75	64.50	69.00	74.00	93.25	97.50	127.50	
04097540	1012	19621012	20151012	54	58.65	36.71	16.00	238.00		25.25	30.50	34.00	34.00	37.50	40.50	42.00	45.00	46.00	47.00	47.50	52.00	57.50	62.00	68.25	72.00	92.75	101.50	124.50	
04097540	1013	19621013	20151013	54	58.59	36.54	16.00	238.00		24.25	30.50	32.50	35.00	39.00	41.00	42.00	45.00	45.00	46.00	48.50	55.00	58.75	63.00	68.25	69.00	88.50	100.50	135.75	
04097540	1014	19621014	20151014	54	59.26	35.85	16.00	219.00		24.25	30.00	33.25	36.00	38.75	40.00	42.50	45.00	45.00	47.00	50.25	58.00	61.75	63.00	67.00	79.00	85.25	101.50	149.00	
04097540	1015	19621015	20151015	54	60.56	36.02	16.00	193.00		24.50	29.00	32.75	38.00	39.75	40.50	43.25	45.00	45.75	48.00	52.00	58.00	62.50	65.50	68.25	77.00	88.50	105.00	151.75	
04097540	1016	19621016	20151016	54	62.46	38.15	16.00	203.00		24.50	30.50	32.75	38.00	39.75	41.00	44.00	45.00	46.50	50.50	53.75	60.00	62.75	67.00	70.25	79.00	95.50	111.00	171.25	
04097540	1017	19621017	20151017	54	64.83	40.91	16.00	224.00		24.00	31.50	35.75	39.00	40.75	43.00	44.00	44.00	45.75	51.50	57.25	60.00	61.75	68.50	73.50	79.00	98.00	124.50	162.25	
04097540	1018	19621018	20151018	54	67.07	43.98	16.00	246.00		24.25	32.00	35.25	39.00	41.75	42.00	44.00	45.00	46.75	54.00	58.00	62.00	64.75	70.00	78.50	84.00	108.25	122.00	179.25	
04097540	1019	19621019	20151019	54	68.81	45.21	16.00	256.00		23.75	32.00	35.75	40.00	41.75	42.00	43.00	46.00	50.00	53.00	59.00	62.00	65.00	69.50	89.25	102.00	108.00	125.50	175.25	
04097540	1020	19621020	20151020	54	69.83	43.57	17.00	237.00		24.00	32.50	35.50	39.00	41.00	42.50	45.25	47.00	51.00	57.00	60.50	64.00	65.75	78.00	89.50	99.00	109.25	137.50	168.50	
04097540	1021	19621021	20141021	53	70.77	42.54	17.00	213.00		23.80	33.40	36.00	38.00	40.00	43.20	46.80	50.20	52.00	57.00	63.40	65.00	69.20	83.00	88.50	101.40	112.90	136.20	166.40	
04097540	1022	19621022	20141022	53	70.51	40.14	18.00	194.00		28.00	33.20	36.00	39.00	41.00	45.40	47.00	50.20	53.20	62.00	64.00	65.40	72.00	84.40	86.50	100.20	110.00	134.40	162.00	
04097540	1023	19621023	20141023	53	70.62	37.63	18.00	186.00		28.00	35.00	36.10	39.00	41.00	45.20	49.80	56.40	59.30	61.00	63.00	67.80	72.10	83.00	84.00	99.60	108.80	127.80	155.70	
04097540	1024	19621024	20141024	53	70.68	35.80	19.00	182.00		27.30	35.20	38.10	39.80	41.50	46.20	50.80	57.20	60.30	63.00	65.00	68.00	79.20	83.00	91.50	99.00	104.60	122.60	150.20	
04097540	1025	19621025	20141025	53	71.15	34.72	20.00	183.00		28.30	35.80	38.20	40.00	45.00	45.20	52.40	56.60	60.60	64.00	67.00	73.20	81.00	82.80	94.00	97.60	104.90	117.60	145.40	
04097540	1026	19621026	20141026	53	71.23	34.37	20.00	181.00		29.40	36.80	39.00	40.00	44.50	45.20	51.90	55.20	59.60	64.00	65.70	72.80	78.20	85.20	94.00	102.20	112.40	119.80	141.20	
04097540	1027	19621027	20141027	53	72.32	36.14	20.00	184.00		29.40	36.80	39.10	40.80	44.50	48.20	52.90	54.00	59.30	63.00	65.00	72.80	75.80	85.80	97.50	104.40	110.00	120.20	151.60	
04097540	1028	19621028	20141028	53	72.30	36.74	19.00	183.00		27.70	36.20	39.00	41.40	44.50	49.00	52.00	54.20	58.30	62.00	64.70	72.40	75.80	84.80	99.50	105.20	110.60	123.20	150.70	
04097540	1029	19621029	20141029	53	71.45	35.34	20.00	175.00		27.00	36.40	39.00	41.40	44.00	49.40	51.90	53.60	57.60	60.00	65.40	71.20	80.30	86.60	96.00	104.60	108.00	121.40	144.20	
04097540	1030	19621030	20141030	53	70.68	33.89	19.00	166.00		27.30	35.80	38.00	42.00	45.00	47.40	51.70	56.00	57.30	60.00	64.00	71.40	77.50	86.60	98.00	103.20	108.60	120.60	138.40	
04097540	1031	19621031	20141031	53	70.13	32.63	20.00	158.00		27.70	35.20	38.30	43.00	47.00	48.20	51.70	55.00	56.30	61.00	62.70	71.40	74.50	82.40	96.00	101.60	107.90	120.40	133.60	
04097540	1101	19621101	20141101	53	70.30	30.84	20.00	150.00		29.60	36.40	38.20	44.60	48.50	51.20	54.90	57.20	59.00	62.00	65.10	70.40	75.30	81.40	92.50	99.60	108.60	120.60	129.10	
04097540	1102	19621102	20141102	53	72.08	31.68	22.00	155.00		30.90	36.60	39.20	44.60	48.00	52.40	56.80	58.60	61.20	67.00	70.70	72.00	76.20	84.80	90.00	99.20	115.80	121.20	142.90	
04097540	1103	19621103	20141103	53	73.30	33.55	21.00	185.00		30.90	37.20	40.20	44.80	47.50	53.20	55.80	59.60	61.90	67.00	70.40	75.00	78.00	88.20	91.50	99.20	112.00	122.60	137.90	
04097540	1104	19621104	20141104	53	74.06	35.39	21.00	208.00		29.60	37.60	40.20	45.00	49.00	53.20	55.90	59.00	63.00	65.00	69.70	76.00	78.50	86.40	91.00	99.40	113.50	123.60	141.60	
04097540	1105	19621105	20141105	53	74.36	35.77	20.00	217.00		28.90	38.20	40.30	46.40	49.50	53.60	57.90	59.60	62.30	64.00	67.40	76.40	84.00	85.00	91.50	101.00	114.40	120.60	137.60	
04097540	1106	19621106	20141106	53	74.36	35.83	20.00	212.00		28.50	38.40	42.10	46.40	49.50	52.80	58.90	59.00	61.30	64.00	70.80	76.40	82.10	84.80	90.50	98.80	107.60	125.00	144.70	
04097540	1107	19621107	20141107	53	74.21	35.28	20.00	202.00		27.80	38.40	43.10	46.00	47.00	54.60	59.00	61.00	62.00	68.00	75.20	79.00	80.10	82.80	88.50	97.60	102.70	121.20	149.50	
04097540	1108	19621108	20141108	53	73.62	34.44	21.00	189.00		26.80	37.80	43.10	45.00	47.50	54.60	58.00	60.80	65.00	70.00	74.20	76.00	82.10	84.00	89.50	96.20	98.90	117.40	148.40	
04097540	1109	19621109	20141109	53	73.34	33.39	22.00	183.00		26.80	37.20	43.00	44.80	48.00	57.00	57.90	61.00	66.00	70.00	71.70	75.80	80.00	85.60	90.00	94.00	94.90	115.80	146.80	
04097540	1110	19621110	20141110	53	74.53	32.94	20.00	174.00		27.50	39.40	42.00	44.60	47.50	55.20	58.00	65.20	67.30	70.00	73.70	80.80	86.00	87.80	92.00	93.00	107.00	118.20	145.20	
04097540	1111	19621111	20141111	53	76.74	34.60	19.00	174.00		28.20	39.40	42.00	44.60	48.50	54.40	57.90	63.00	67.30	71.00	78.80	83.40	90.00	90.00	97.00	105.60	110.90	118.20	159.80	
04097540	1112	19621112	20141112	53	78.17	38.02	19.00	195.00		28.20	39.00	41.10	43.60	48.50	54.40	58.70	62.60	67.00	71.00	76.00	84.80	89.00	92.40	97.50	104.60	114.40	127.00	162.20	
04097540	1113	19621113	20141113	53	78.77	41.43	19.00	232.00		28.80	39.00	41.00	43.60	49.00	54.40	57.80	61.60	66.30	72.00	74.00	85.80	87.10	89.80	98.00	102.00	109.60	131.60	174.40	
04097540	1114	19621114	20141114	53	79.04	44.02	19.00	265.00		29.10	38.40	40.20	45.40	48.50	55.00	57.80	60.00	67.00	72.00	76.10	82.40	86.20	89.00	99.00	100.40	108.90	124.60	174.10	
04097540	1115	19621115	20141115	53	79.30	45.20	20.00	287.00		29.10	37.20	43.10	45.80	49.50	53.20	55.90	58.60	67.90	75.00	77.10	79.40	85.40	92.80	96.50	108.00	110.80	120.20	167.20	
04097540	1116	19621116	20141116	53	79.68	44.14	22.00	277.00		28.80	36.40	43.10	47.80	51.50	53.40	57.90	60.20	66.30	72.00	76.00	83.20	91.00	93.00	96.50	107.40	110.90	118.00	161.80	
04097540	1117	19621117	20141117	53	79.81	42.49	22.00	255.00		28.80	36.00	43.00	47.80	53.00	57.00	57.90	61.20	64.30	68.00	75.40	83.60	88.20	95.80	103.50	109.00	115.80	118.20	158.70	
04097540	1118	19621118	20141118	53	80.17	41.75	22.00	237.00		28.50	37.20	42.10	47.00	54.50	58.20	60.00	61.00	65.30	71.00	74.40	83.20	87.20	94.00	102.00	108.40	116.80	128.20	164.50	
04097540	1119	19621119	20141119	53	81.49	43.11	23.00	242.00		29.90	38.20	42.20	46.00	53.50	58.40	60.00	63.60	65.60	69.00	79.90	83.80	88.40	94.60	101.50	107.20	113.80	129.80	174.70	
04097540	1120	19621120	20141120	53	83.42	45.59	24.00	271.00		30.20	37.40	43.10	46.00	52.50	56.80	61.00	62.00	66.00	68.00	83.50	90.20	95.10	98.40	100.50	110.20	123.30	130.80	177.10	
04097540	1121	19621121	20141121	53	84.89	46.75	26.00	277.00		31.50	37.40	43.20	46.00	52.00	57.40	59.90	62.80	65.30	68.00	84.70	89.60	93.30	98.60	107.50	113.40	123.90	144.40	179.60	
04097540	1122	19621122	20141122	53	85.77	46.88	24.00	274.00		31.80	37.80	43.20	48.60	53.50	58.00	58.90	63.60	66.30	68.00	85.40	91.40	95.20	103.80	109.50	116.20	125.00	139.40	181.40	
04097540	1123	19621123	20141123	53	86.68	47.38	24.00	268.00		32.10	37.80	43.20	47.60	55.50	56.60	61.80	65.20	68.00	75.00	82.70	88.40	95.20	107.00	113.50	119.60	124.90	133.80	187.80	
04097540	1124	19621124	20141124	53	87.70	48.09	24.00	260.00		31.80	38.00	43.10	47.00	54.50	59.80	64.00	66.60	68.50	81.00	85.40	87.80	94.80	104.80	112.00	120.00	129.50	139.20	191.80	
04097540	1125	19621125	20141125	53	88.30	49.07	24.00	294.00		31.50	39.20	44.20	49.00	54.00	62.20	63.90	65.60	70.30	80.00	84.00	91.80	99.60	105.00	110.00	117.00	123.80	142.40	181.10	
04097540	1126	19621126	20141126	53	88.72	47.98	24.00	293.00		30.50	39.60	45.10	51.80	57.00	62.20	65.80	66.60	71.30	79.00	86.00	94.00	105.30	109.80	111.50	115.00	120.90	135.80	175.10	
04097540	1127	19621127	20141127	53	89.64	45.28	26.00	273.00		31.90	39.60	50.10	54.40	60.50	65.20	66.90	69.20	77.60	82.00	87.10	92.20	108.10	110.80	113.50	115.60	126.50	137.60	170.90	
04097540	1128	19621128	20141128	53	92.94	44.63	26.00	253.00		33.10	39.20	50.60	58.80	61.00	68.40	72.80	76.00	78.60	85.00	91.80	101.00	108.10	111.60	114.50	123.00	129.90	146.20	189.20	
04097540	1129	19621129	20141129	53	96.06	45.74	25.00	235.00		33.70	38.80	49.80	59.80	65.50	72.20	74.90	80.60	84.00	88.00	93.00	96.60	107.40	113.80	119.00	130.00	139.10	151.20	207.00	
04097540	1130	19621130	20141130	53	99.13	47.53	25.00	221.00		33.70	38.80	49.80	60.00	68.50	75.20	78.80	82.60	85.60	92.00	94.70	100.60	108.40	112.80	126.50	136.40	140.70	161.40	219.30	
04097540	1201	19621201	20141201	53	101.17	50.15	25.00	256.00		33.70	39.40	49.40	59.20	74.00	76.20	78.90	82.60	87.00	89.00	93.00	102.20	111.00	119.20	134.50	142.20	145.80	175.80	214.10	
04097540	1202	19621202	20141202	53	102.11	52.29	25.00	280.00		33.00	38.40	50.20	58.20	72.00	76.20	77.90	82.40	84.00	90.00	95.80	102.40	109.40	114.00	136.00	146.80	158.20	168.40	209.40	
04097540	1203	19621203	20141203	53	101.89	51.70	24.00	275.00		33.00	38.80	50.10	56.60	68.00	76.00	76.90	79.80	87.30	91.00	96.50	103.40	109.40	123.60	136.50	142.00	161.60	166.60	203.30	
04097540	1204	19621204	20141204	53	101.19	50.52	24.00	270.00		33.00	39.40	50.10	55.80	69.50	74.20	75.90	78.60	87.00	91.00	97.00	103.00	106.00	121.60	131.50	141.60	158.50	169.60	197.40	
04097540	1205	19621205	20141205	53	100.81	50.44	24.00	275.00		33.00	42.20	50.10	56.60	69.50	73.40	76.80	81.60	84.60	93.00	99.10	102.40	104.80	121.40	128.00	137.00	146.80	174.20	205.80	
04097540	1206	19621206	20141206	53	100.75	50.63	24.00	285.00		33.40	42.60	50.40	57.60	68.50	72.20	75.80	82.20	85.80	98.00	100.70	103.00	108.20	117.60	125.00	131.40	144.70	169.80	208.30	
04097540	1207	19621207	20141207	53	101.08	49.95	24.00	279.00		34.50	43.20	50.20	58.00	67.50	70.20	74.00	84.00	92.30	98.00	102.70	105.00	112.10	119.80	128.00	131.20	141.60	163.60	206.40	
04097540	1208	19621208	20141208	53	101.32	48.95	26.00	259.00		34.50	45.20	51.00	56.80	66.50	69.00	77.50	84.20	93.90	100.00	102.70	104.00	108.20	116.60	130.50	134.20	153.40	164.60	208.10	
04097540	1209	19621209	20141209	53	102.13	50.34	27.00	272.00		34.80	45.20	50.20	54.60	64.00	68.20	77.70	88.60	93.60	99.00	102.70	105.60	110.50	121.00	126.50	139.40	149.40	163.60	211.40	
04097540	1210	19621210	20141210	53	102.53	51.40	28.00	306.00		34.80	48.40	49.10	54.80	62.00	68.40	79.40	88.40	95.30	100.00	102.70	106.80	115.20	118.60	129.00	139.20	143.80	166.60	197.80	
04097540	1211	19621211	20141211	53	102.40	50.47	28.00	303.00		36.00	47.40	50.10	55.80	61.50	71.40	76.60	89.20	95.00	99.00	103.40	107.80	114.10	124.40	129.50	136.40	149.90	168.00	187.60	
04097540	1212	19621212	20141212	53	102.98	48.31	23.00	279.00		37.80	46.80	50.00	56.60	64.50	72.00	84.00	90.00	98.00	99.00	104.10	106.20	116.20	123.80	133.00	137.20	143.90	167.00	185.90	
04097540	1213	19621213	20141213	53	103.40	46.07	28.00	250.00		37.10	46.80	49.60	58.00	63.50	73.20	83.10	92.00	98.30	101.00	107.40	110.80	114.50	125.20	130.00	142.60	154.20	163.60	186.00	
04097540	1214	19621214	20141214	53	103.34	44.86	27.00	229.00		37.10	46.80	52.70	59.80	63.50	71.40	81.30	95.60	96.30	100.00	110.70	112.80	117.40	123.60	128.00	140.80	154.90	166.20	187.10	
04097540	1215	19621215	20141215	53	104.77	45.21	25.00	225.00		37.80	45.80	58.10	62.40	66.00	70.20	80.50	93.60	96.50	109.00	112.70	117.00	119.10	125.60	133.00	141.00	149.90	167.20	192.50	
04097540	1216	19621216	20141216	53	105.36	46.17	25.00	258.00		37.80	46.00	55.30	63.40	68.50	72.80	79.70	92.60	96.10	109.00	111.40	115.00	120.40	128.00	135.00	143.00	151.70	161.20	181.90	
04097540	1217	19621217	20141217	53	105.64	49.31	25.00	306.00		37.50	46.00	52.50	61.60	68.00	77.20	79.90	89.60	99.90	107.00	110.80	113.80	120.40	128.80	131.00	137.60	150.60	165.80	182.90	
04097540	1218	19621218	20141218	53	104.60	49.26	25.00	306.00		40.20	45.40	49.70	60.80	66.00	74.20	80.00	88.00	98.50	106.00	109.40	112.60	117.30	124.60	129.50	141.00	149.80	163.00	182.00	
04097540	1219	19621219	20141219	53	102.43	46.49	25.00	278.00		42.30	46.40	52.30	58.40	64.00	73.20	80.00	86.60	95.00	102.00	106.00	114.00	116.20	120.60	127.50	137.80	151.60	159.00	180.00	
04097540	1220	19621220	20141220	53	101.30	44.30	25.00	252.00		40.50	49.20	55.00	59.60	64.50	71.60	81.00	87.80	92.00	100.00	105.00	114.00	114.10	116.60	123.00	134.40	152.60	162.80	176.70	
04097540	1221	19621221	20141221	53	101.13	44.43	25.00	234.00		37.10	50.20	56.20	60.80	68.50	70.60	80.90	84.80	91.30	95.00	104.80	111.00	112.20	116.60	121.00	131.00	145.90	168.60	192.80	
04097540	1222	19621222	20141222	53	101.85	44.72	25.00	245.00		36.40	50.40	56.30	60.00	70.50	78.60	83.80	87.20	91.30	95.00	105.20	110.40	111.40	117.60	123.00	129.60	139.80	165.00	200.10	
04097540	1223	19621223	20141223	53	103.53	46.06	25.00	275.00		36.80	49.40	55.20	60.00	70.00	78.40	81.90	91.20	98.00	103.00	107.00	110.80	117.20	121.00	126.50	132.20	143.90	161.20	195.20	
04097540	1224	19621224	20141224	53	104.87	46.46	25.00	286.00		38.50	49.00	54.10	59.40	70.00	76.80	81.80	90.80	98.80	110.00	113.10	116.20	122.20	125.00	128.00	131.60	147.10	160.60	187.20	
04097540	1225	19621225	20141225	53	107.53	47.91	25.00	277.00		41.30	50.80	53.10	59.00	74.00	79.20	84.70	90.00	101.30	109.00	115.70	119.00	120.10	124.00	134.50	144.20	145.90	176.80	186.60	
04097540	1226	19621226	20141226	53	108.49	50.08	25.00	270.00		40.70	49.20	53.10	59.60	73.50	79.60	83.80	91.60	101.00	105.00	114.00	119.40	120.00	127.60	134.00	140.20	158.10	170.80	208.00	
04097540	1227	19621227	20141227	53	109.70	52.94	25.00	320.00		41.30	48.80	53.10	60.80	72.00	79.20	84.50	88.60	102.30	109.00	113.10	120.00	123.20	129.00	134.00	143.60	161.00	169.60	206.00	
04097540	1228	19621228	20141228	53	111.06	56.28	25.00	332.00		39.90	48.40	52.40	63.40	69.50	78.00	83.50	86.60	100.30	109.00	112.80	117.40	120.30	129.80	133.00	158.00	163.80	179.80	218.00	
04097540	1229	19621229	20141229	53	113.58	61.03	25.00	321.00		38.50	48.00	51.40	64.80	69.00	77.00	81.70	84.60	100.30	107.00	110.70	119.60	128.20	131.60	141.00	158.60	169.10	180.60	254.60	
04097540	1230	19621230	20141230	53	116.75	66.61	25.00	340.00		38.50	47.80	55.90	67.60	73.00	76.20	80.70	84.80	97.90	105.00	109.50	117.00	125.70	144.80	150.00	158.40	168.50	176.00	305.20	
04097540	1231	19621231	20141231	53	121.30	75.76	25.00	460.00		37.10	49.80	65.00	70.40	75.50	77.40	80.00	90.00	97.00	101.00	110.70	115.80	124.40	141.00	152.50	167.60	173.90	206.00	288.90	
