site_no	monthday	begin_dt	end_dt	count_nu	mean	std	min	max	p01	p05	p10	p15	p20	p25	p30	p35	p40	p45	p50	p55	p60	p65	p70	p75	p80	p85	p90	p95	p99
04097500	ALL	19530509	20151117	19550	1219.69	831.51	78.00	7810.00	200.00	331.00	415.00	480.00	531.00	592.00	662.00	740.00	824.00	911.95	1000.00	1100.00	1210.00	1320.00	1450.00	1600.00	1800.00	2030.00	2360.00	2870.00	3880.00
04097500	0101	19540101	20150101	53	1301.55	781.41	174.00	3610.00		382.50	461.60	564.40	588.00	657.00	774.80	857.80	958.40	1088.00	1150.00	1209.00	1362.00	1421.00	1614.00	1790.00	1940.00	2063.00	2282.00	3144.00	
04097500	0102	19540102	20150102	53	1334.58	796.97	348.00	3570.00		408.70	498.80	572.00	635.20	697.50	813.20	938.00	1058.00	1103.00	1160.00	1287.00	1322.00	1433.00	1494.00	1665.00	2004.00	2039.00	2362.00	3553.00	
04097500	0103	19540103	20150103	53	1310.43	754.38	354.00	3670.00		403.40	500.60	608.20	644.80	717.00	814.40	968.80	1056.00	1109.00	1170.00	1261.00	1342.00	1400.00	1548.00	1690.00	1842.00	1950.00	2164.00	3228.00	
04097500	0104	19540104	20150104	53	1309.30	764.08	243.00	3820.00		404.50	517.20	586.40	659.20	746.50	797.60	946.90	1012.00	1106.00	1190.00	1298.00	1348.00	1453.00	1572.00	1700.00	1814.00	1895.00	2122.00	3146.00	
04097500	0105	19540105	20150105	53	1297.09	797.40	165.00	4300.00		404.50	494.00	522.20	649.40	728.00	811.80	857.40	973.80	1096.00	1150.00	1221.00	1286.00	1351.00	1516.00	1680.00	1846.00	1936.00	2384.00	2975.00	
04097500	0106	19540106	20150106	53	1301.53	848.97	297.00	4970.00		414.40	480.40	506.60	591.20	705.00	786.00	894.10	988.00	1042.00	1110.00	1213.00	1314.00	1404.00	1508.00	1630.00	1902.00	2019.00	2258.00	3153.00	
04097500	0107	19540107	20150107	53	1315.91	872.70	311.00	5140.00		450.10	488.00	543.50	623.20	700.00	793.00	865.00	938.80	1030.00	1100.00	1224.00	1330.00	1372.00	1440.00	1570.00	1922.00	2190.00	2390.00	3174.00	
04097500	0108	19540108	20150108	53	1343.00	922.95	357.00	5110.00		436.80	473.20	560.00	627.20	706.00	786.40	878.50	959.60	1043.00	1070.00	1197.00	1230.00	1357.00	1468.00	1605.00	1918.00	2201.00	2720.00	3387.00	
04097500	0109	19540109	20150109	53	1360.32	971.28	375.00	4900.00		401.70	479.20	555.90	629.40	696.00	775.40	921.80	994.40	1072.00	1170.00	1197.00	1244.00	1294.00	1396.00	1630.00	1852.00	1989.00	2662.00	3858.00	
04097500	0110	19540110	20150110	53	1342.28	1054.83	356.00	5870.00		370.00	436.00	563.40	609.00	675.50	772.00	879.20	944.20	1072.00	1110.00	1167.00	1224.00	1291.00	1358.00	1460.00	1862.00	1954.00	2416.00	4174.00	
04097500	0111	19540111	20150111	53	1331.00	1049.05	278.00	6230.00		418.10	447.00	558.20	582.20	682.50	777.60	832.70	1006.80	1089.00	1130.00	1150.00	1228.00	1340.00	1382.00	1545.00	1666.00	1898.00	2176.00	4060.00	
04097500	0112	19540112	20150112	53	1349.15	1032.16	276.00	6310.00		364.70	459.20	557.50	671.40	764.50	815.20	896.80	1018.00	1096.00	1130.00	1180.00	1258.00	1403.00	1484.00	1520.00	1716.00	1992.00	2100.00	3907.00	
04097500	0113	19540113	20150113	53	1364.28	1006.20	350.00	6200.00		436.00	502.20	536.50	647.20	719.00	804.20	966.50	992.00	1126.00	1150.00	1228.00	1294.00	1373.00	1434.00	1550.00	1868.00	2020.00	2506.00	3730.00	
04097500	0114	19540114	20150114	53	1357.00	1004.98	338.00	5840.00		419.60	477.60	492.80	600.80	685.00	779.80	906.30	1000.00	1059.00	1130.00	1150.00	1286.00	1442.00	1476.00	1565.00	1772.00	1974.00	2934.00	3473.00	
04097500	0115	19540115	20150115	53	1359.66	1018.10	296.00	5500.00		367.50	472.80	512.20	589.20	665.50	731.00	881.40	1000.00	1093.00	1150.00	1204.00	1236.00	1391.00	1480.00	1520.00	1804.00	1934.00	3028.00	3755.00	
04097500	0116	19540116	20150116	53	1342.74	1003.88	154.00	4920.00		350.80	436.20	501.50	636.80	710.00	796.00	824.10	1006.00	1086.00	1150.00	1190.00	1266.00	1364.00	1420.00	1475.00	1704.00	1829.00	2948.00	4059.00	
04097500	0117	19540117	20150117	53	1323.26	960.18	182.00	4590.00		338.90	427.40	467.60	607.40	691.00	862.00	901.60	955.00	1000.00	1060.00	1188.00	1276.00	1351.00	1408.00	1520.00	1772.00	1980.00	2756.00	4021.00	
04097500	0118	19540118	20150118	53	1304.58	867.43	168.00	4010.00		379.00	447.60	493.20	610.40	671.50	811.40	929.50	974.00	1035.00	1180.00	1232.00	1318.00	1360.00	1416.00	1485.00	1726.00	2082.00	2756.00	3644.00	
04097500	0119	19540119	20150119	53	1292.62	837.95	167.00	3730.00		301.30	431.60	505.90	548.40	765.50	850.00	935.10	976.00	1019.00	1160.00	1207.00	1272.00	1341.00	1384.00	1435.00	1740.00	2201.00	2604.00	3489.00	
04097500	0120	19540120	20150120	53	1277.60	794.65	300.00	3670.00		349.20	480.80	500.60	539.80	660.50	819.40	887.70	912.40	1009.00	1130.00	1197.00	1270.00	1382.00	1448.00	1535.00	1680.00	2289.00	2598.00	3097.00	
04097500	0121	19540121	20150121	53	1279.45	780.40	320.00	3400.00		390.90	439.20	478.40	521.40	649.00	819.20	905.40	1000.00	1036.00	1120.00	1160.00	1256.00	1331.00	1448.00	1570.00	1882.00	2280.00	2662.00	2994.00	
04097500	0122	19540122	20150122	53	1288.40	775.16	324.00	3240.00		379.70	486.00	513.20	557.20	608.00	811.20	920.50	999.60	1029.00	1140.00	1214.00	1278.00	1300.00	1408.00	1565.00	1950.00	2446.00	2616.00	2886.00	
04097500	0123	19540123	20150123	53	1308.30	788.24	231.00	3160.00		386.80	477.00	529.30	579.80	645.00	773.20	880.00	1018.00	1096.00	1170.00	1190.00	1288.00	1355.00	1458.00	1625.00	1974.00	2459.00	2696.00	2976.00	
04097500	0124	19540124	20150124	53	1324.60	823.15	160.00	3480.00		348.30	432.00	504.10	593.80	665.00	842.40	871.70	993.60	1096.00	1170.00	1238.00	1294.00	1350.00	1432.00	1745.00	2104.00	2348.00	2644.00	3144.00	
04097500	0125	19540125	20150125	53	1333.42	841.83	160.00	3820.00		378.60	439.40	505.30	602.40	708.50	844.80	888.00	936.40	1101.00	1160.00	1257.00	1294.00	1310.00	1368.00	1815.00	2080.00	2299.00	2702.00	3278.00	
04097500	0126	19540126	20150126	53	1327.75	820.46	160.00	3720.00		362.70	458.60	550.10	628.40	718.50	852.00	895.20	1010.80	1053.00	1120.00	1221.00	1294.00	1391.00	1518.00	1785.00	2004.00	2207.00	2508.00	3258.00	
04097500	0127	19540127	20150127	53	1322.34	815.59	160.00	3630.00		419.40	491.60	557.90	649.20	737.00	808.00	923.50	974.40	1056.00	1080.00	1120.00	1196.00	1330.00	1548.00	1750.00	1954.00	2199.00	2546.00	3276.00	
04097500	0128	19540128	20150128	53	1318.42	814.11	160.00	3680.00		431.00	470.00	506.40	639.20	766.00	848.20	939.60	999.60	1050.00	1070.00	1087.00	1254.00	1342.00	1540.00	1650.00	1920.00	2196.00	2722.00	3289.00	
04097500	0129	19540129	20150129	53	1313.91	824.18	180.00	3710.00		366.20	472.40	511.40	617.80	700.00	812.40	891.50	969.80	1026.00	1040.00	1172.00	1292.00	1467.00	1588.00	1735.00	1790.00	2147.00	2688.00	3258.00	
04097500	0130	19540130	20150130	53	1340.64	832.54	280.00	3630.00		398.20	478.00	550.00	635.20	691.50	800.80	948.30	991.60	1016.00	1050.00	1241.00	1328.00	1463.00	1632.00	1755.00	1906.00	2218.00	2642.00	3377.00	
04097500	0131	19540131	20150131	53	1356.49	839.00	280.00	4030.00		392.20	492.20	593.30	644.80	709.00	812.00	903.90	981.20	1043.00	1100.00	1220.00	1370.00	1481.00	1622.00	1835.00	1946.00	2137.00	2606.00	3248.00	
04097500	0201	19540201	20150201	53	1362.25	868.78	212.00	4320.00		357.00	457.80	510.10	624.00	792.00	847.20	910.80	1003.20	1036.00	1090.00	1230.00	1428.00	1453.00	1566.00	1740.00	1964.00	2280.00	2820.00	3149.00	
04097500	0202	19540202	20150202	53	1357.15	876.75	200.00	4310.00		342.00	459.60	557.70	621.60	720.00	808.00	862.00	961.20	1019.00	1060.00	1301.00	1372.00	1459.00	1616.00	1760.00	2012.00	2230.00	2738.00	3229.00	
04097500	0203	19540203	20150203	53	1390.53	915.35	190.00	4340.00		448.80	522.20	552.00	642.40	775.00	842.00	888.00	978.00	1040.00	1090.00	1292.00	1374.00	1413.00	1590.00	1780.00	1964.00	2150.00	2812.00	3571.00	
04097500	0204	19540204	20150204	53	1367.09	907.95	300.00	4730.00		412.40	479.60	556.10	666.80	737.00	824.60	891.60	923.40	988.10	1060.00	1265.00	1348.00	1387.00	1580.00	1815.00	2050.00	2086.00	2610.00	3384.00	
04097500	0205	19540205	20150205	53	1342.13	884.26	210.00	4860.00		382.30	434.00	547.30	677.40	748.00	841.20	875.90	927.80	988.20	1000.00	1254.00	1282.00	1503.00	1666.00	1790.00	2044.00	2179.00	2434.00	3049.00	
04097500	0206	19540206	20150206	53	1330.60	878.40	300.00	4790.00		384.60	476.00	580.40	635.60	699.50	755.60	849.10	944.00	997.90	1020.00	1197.00	1258.00	1423.00	1630.00	1870.00	2094.00	2165.00	2246.00	3297.00	
04097500	0207	19540207	20150207	53	1303.43	846.23	330.00	4500.00		373.50	448.80	517.80	623.80	751.00	804.00	862.70	978.80	1045.00	1100.00	1128.00	1192.00	1382.00	1596.00	1815.00	1892.00	2027.00	2134.00	3467.00	
04097500	0208	19540208	20150208	53	1296.36	844.48	200.00	4340.00		347.60	466.80	558.60	604.00	741.50	852.00	944.40	969.40	1000.00	1060.00	1107.00	1252.00	1370.00	1656.00	1760.00	1836.00	1962.00	2148.00	3442.00	
04097500	0209	19540209	20150209	53	1327.38	845.94	192.00	4720.00		353.60	494.60	572.00	658.20	790.00	903.80	943.80	948.80	1015.90	1100.00	1107.00	1250.00	1505.00	1718.00	1830.00	1880.00	2008.00	2218.00	3124.00	
04097500	0210	19540210	20150210	53	1340.70	815.66	352.00	4540.00		388.90	501.40	649.00	686.80	763.00	810.00	907.30	945.20	1030.00	1150.00	1226.00	1320.00	1521.00	1644.00	1800.00	1956.00	2009.00	2376.00	3143.00	
04097500	0211	19540211	20150211	53	1368.68	873.99	358.00	4380.00		368.90	479.20	543.00	720.60	784.00	803.20	893.90	940.80	1008.00	1070.00	1217.00	1394.00	1594.00	1698.00	1785.00	1930.00	2027.00	2596.00	3389.00	
04097500	0212	19540212	20150212	53	1393.15	928.93	341.00	4830.00		373.20	485.40	584.20	727.40	800.00	893.20	904.00	950.60	1043.00	1080.00	1255.00	1354.00	1495.00	1620.00	1830.00	1902.00	2142.00	2676.00	3605.00	
04097500	0213	19540213	20150213	53	1402.96	935.52	324.00	4950.00		408.30	471.80	605.10	767.40	804.00	890.00	917.40	972.00	1015.00	1090.00	1208.00	1334.00	1494.00	1644.00	1885.00	1962.00	2102.00	2630.00	3794.00	
04097500	0214	19540214	20150214	53	1420.43	928.36	348.00	4950.00		427.80	477.40	664.60	760.00	866.50	889.40	907.20	988.80	1073.00	1090.00	1179.00	1406.00	1554.00	1618.00	1900.00	1952.00	2129.00	2534.00	3857.00	
04097500	0215	19540215	20150215	53	1399.17	922.87	182.00	4780.00		426.40	501.00	610.90	729.60	778.50	868.60	898.70	976.40	1006.00	1160.00	1270.00	1366.00	1482.00	1634.00	1820.00	1898.00	2107.00	2742.00	3773.00	
04097500	0216	19540216	20150216	53	1395.62	894.87	184.00	4560.00		431.70	507.00	696.70	754.20	831.00	862.00	883.80	1002.40	1092.00	1150.00	1257.00	1360.00	1476.00	1596.00	1765.00	1822.00	2049.00	2584.00	3615.00	
04097500	0217	19540217	20150217	53	1416.38	887.82	338.00	4180.00		442.70	550.20	645.60	787.80	803.00	836.40	921.30	1032.00	1065.00	1200.00	1265.00	1400.00	1607.00	1698.00	1715.00	1870.00	2027.00	2660.00	3850.00	
04097500	0218	19540218	20150218	53	1458.17	884.89	320.00	4250.00		442.10	612.60	762.90	793.20	817.00	919.20	943.80	999.20	1083.00	1250.00	1377.00	1520.00	1554.00	1656.00	1825.00	1970.00	2149.00	2776.00	3840.00	
04097500	0219	19540219	20150219	53	1483.49	864.03	300.00	4070.00		442.80	599.00	791.30	843.00	874.50	916.00	1016.20	1092.00	1180.00	1270.00	1397.00	1472.00	1572.00	1710.00	1840.00	1962.00	2246.00	2692.00	3781.00	
04097500	0220	19540220	20150220	53	1517.94	889.68	324.00	4260.00		440.50	575.00	779.20	810.60	872.00	908.00	1029.00	1138.00	1207.00	1350.00	1410.00	1480.00	1641.00	1808.00	1905.00	2000.00	2340.00	3056.00	3535.00	
04097500	0221	19540221	20150221	53	1581.25	934.65	383.00	4270.00		473.70	540.20	722.40	760.20	832.00	912.00	983.90	1178.00	1372.00	1450.00	1537.00	1564.00	1725.00	1938.00	2060.00	2222.00	2599.00	2932.00	3742.00	
04097500	0222	19540222	20150222	53	1621.94	977.28	177.00	4160.00		473.50	549.80	678.90	815.80	854.00	946.80	1042.40	1196.00	1326.00	1460.00	1540.00	1634.00	1686.00	1960.00	2090.00	2406.00	2786.00	3246.00	3871.00	
04097500	0223	19540223	20150223	53	1620.13	974.75	163.00	4310.00		466.20	606.60	670.60	764.40	794.00	1002.40	1099.00	1220.00	1309.00	1400.00	1516.00	1680.00	1751.00	1842.00	2005.00	2492.00	2715.00	3306.00	3813.00	
04097500	0224	19540224	20150224	53	1659.81	968.22	327.00	4310.00		450.00	706.60	781.80	817.40	950.50	976.80	1108.00	1176.00	1312.00	1400.00	1605.00	1668.00	1832.00	1928.00	2025.00	2454.00	2826.00	3290.00	3846.00	
04097500	0225	19540225	20150225	53	1677.98	924.18	313.00	4140.00		467.30	782.40	824.40	879.00	962.00	1086.00	1167.00	1252.00	1362.00	1410.00	1497.00	1684.00	1793.00	1948.00	2175.00	2416.00	2973.00	3158.00	3736.00	
04097500	0226	19540226	20150226	53	1685.43	906.84	360.00	3920.00		578.50	753.60	833.50	848.60	926.00	1122.00	1227.00	1346.00	1366.00	1420.00	1597.00	1640.00	1734.00	2012.00	2200.00	2346.00	2848.00	3084.00	3805.00	
04097500	0227	19540227	20150227	53	1689.91	913.92	411.00	4420.00		489.00	666.80	806.40	898.80	1040.00	1200.00	1292.00	1356.00	1383.00	1460.00	1528.00	1622.00	1773.00	2028.00	2180.00	2354.00	2749.00	3094.00	3663.00	
04097500	0228	19540228	20150228	53	1711.79	904.75	334.00	4430.00		435.80	744.80	887.60	1028.00	1080.00	1180.00	1247.00	1336.00	1460.00	1470.00	1510.00	1642.00	1810.00	1932.00	2225.00	2452.00	2796.00	3110.00	3612.00	
04097500	0229	19560229	20120229	12	1661.25	798.04	323.00	3250.00			487.70	844.55	1008.80	1147.50	1271.00	1345.00	1402.00	1441.00	1540.00	1648.00	1726.00	1826.50	1956.00	2190.00	2440.00	2708.50	3079.00		
04097500	0301	19540301	20150301	53	1731.06	906.92	327.00	4330.00		420.40	741.80	933.50	1080.00	1145.00	1224.00	1317.00	1368.00	1403.00	1430.00	1481.00	1632.00	2041.00	2106.00	2280.00	2474.00	2631.00	3106.00	3725.00	
04097500	0302	19540302	20150302	53	1728.04	907.20	334.00	4240.00		420.60	701.40	855.40	1005.20	1145.00	1174.00	1218.00	1322.00	1410.00	1500.00	1537.00	1654.00	2140.00	2168.00	2280.00	2498.00	2781.00	3032.00	3595.00	
04097500	0303	19540303	20150303	53	1751.17	899.69	249.00	4170.00		400.30	783.20	887.30	1052.00	1125.00	1202.00	1246.00	1302.00	1388.00	1570.00	1590.00	1642.00	2044.00	2182.00	2330.00	2684.00	2843.00	3092.00	3563.00	
04097500	0304	19540304	20150304	53	1798.92	883.79	201.00	4090.00		423.20	815.60	970.20	1124.00	1215.00	1292.00	1366.00	1456.00	1503.00	1550.00	1637.00	1732.00	2096.00	2188.00	2450.00	2668.00	2923.00	3064.00	3514.00	
04097500	0305	19540305	20150305	53	1841.79	941.72	191.00	4880.00		427.40	810.80	905.20	1094.00	1210.00	1302.00	1330.00	1440.00	1536.00	1600.00	1742.00	1928.00	2066.00	2318.00	2505.00	2596.00	2988.00	3228.00	3447.00	
04097500	0306	19540306	20150306	53	1890.21	1009.75	364.00	5470.00		453.00	786.20	912.50	1078.00	1185.00	1268.00	1337.00	1408.00	1488.00	1630.00	1804.00	1974.00	2132.00	2378.00	2480.00	2812.00	2967.00	3266.00	3772.00	
04097500	0307	19540307	20150307	53	1917.89	1051.05	225.00	5780.00		467.20	801.60	924.40	1094.00	1275.00	1300.00	1348.00	1450.00	1529.00	1640.00	1852.00	1994.00	2141.00	2456.00	2535.00	2768.00	2932.00	3172.00	4113.00	
04097500	0308	19540308	20150308	53	1925.70	1061.88	249.00	5740.00		479.60	729.20	887.60	1132.00	1230.00	1298.00	1384.00	1442.00	1515.00	1620.00	1817.00	1966.00	2342.00	2370.00	2580.00	2788.00	3016.00	3142.00	4155.00	
04097500	0309	19540309	20150309	53	1960.19	1104.74	485.00	5530.00		505.50	736.40	843.00	1048.00	1235.00	1280.00	1358.00	1464.00	1525.00	1660.00	1939.00	2000.00	2227.00	2476.00	2625.00	2904.00	2938.00	3082.00	4454.00	
04097500	0310	19540310	20150310	53	2001.28	1120.18	449.00	5520.00		616.50	798.80	925.20	1216.00	1285.00	1328.00	1389.00	1448.00	1583.00	1610.00	1929.00	2052.00	2247.00	2472.00	2580.00	2728.00	2858.00	3176.00	5088.00	
04097500	0311	19540311	20150311	53	2008.23	1105.92	455.00	5650.00		672.80	827.20	1001.30	1176.00	1330.00	1406.00	1480.00	1546.00	1649.00	1720.00	1890.00	2052.00	2156.00	2354.00	2565.00	2676.00	2777.00	3212.00	5054.00	
04097500	0312	19540312	20150312	53	2029.40	1104.73	500.00	6220.00		616.20	847.20	961.70	1254.00	1340.00	1456.00	1518.00	1624.00	1718.00	1840.00	2004.00	2180.00	2213.00	2328.00	2415.00	2500.00	2704.00	3338.00	4785.00	
04097500	0313	19540313	20150313	53	2055.08	1048.90	487.00	6080.00		544.90	877.20	1225.00	1286.00	1410.00	1484.00	1598.00	1652.00	1829.00	2030.00	2081.00	2150.00	2216.00	2350.00	2455.00	2530.00	2661.00	3322.00	4569.00	
04097500	0314	19540314	20150314	53	2080.17	1010.18	314.00	5950.00		642.60	979.40	1201.00	1330.00	1415.00	1468.00	1603.00	1798.00	1881.00	2030.00	2080.00	2194.00	2246.00	2376.00	2545.00	2680.00	2910.00	3170.00	4320.00	
04097500	0315	19540315	20150315	53	2113.64	967.70	322.00	5600.00		773.40	1027.20	1211.00	1354.00	1385.00	1484.00	1697.00	1796.00	1973.00	1980.00	2152.00	2238.00	2256.00	2574.00	2675.00	2814.00	2957.00	3156.00	4076.00	
04097500	0316	19540316	20150316	53	2135.02	983.25	743.00	5380.00		830.00	1044.00	1167.00	1250.00	1365.00	1440.00	1691.00	1856.00	1963.00	1990.00	2060.00	2234.00	2337.00	2614.00	2720.00	2788.00	2959.00	3098.00	4388.00	
04097500	0317	19540317	20150317	53	2135.60	1002.83	695.00	6110.00		771.40	999.80	1284.00	1346.00	1385.00	1412.00	1676.00	1856.00	1899.00	1950.00	2101.00	2292.00	2411.00	2548.00	2670.00	2822.00	2942.00	3024.00	4127.00	
04097500	0318	19540318	20150318	53	2132.64	1012.13	486.00	6850.00		782.80	1196.00	1306.00	1388.00	1455.00	1612.00	1659.00	1736.00	1804.00	1870.00	2062.00	2234.00	2512.00	2564.00	2645.00	2686.00	2875.00	2952.00	3889.00	
04097500	0319	19540319	20150319	53	2132.92	1038.23	466.00	7250.00		731.70	1198.00	1304.00	1400.00	1565.00	1584.00	1630.00	1672.00	1806.00	2000.00	2134.00	2318.00	2500.00	2564.00	2660.00	2790.00	2867.00	2954.00	3662.00	
04097500	0320	19540320	20150320	53	2130.17	1055.07	454.00	7610.00		874.90	1212.00	1240.00	1348.00	1450.00	1572.00	1668.00	1696.00	1773.00	2060.00	2087.00	2278.00	2451.00	2504.00	2655.00	2822.00	2938.00	3032.00	3445.00	
04097500	0321	19540321	20150321	53	2120.19	1080.91	280.00	7810.00		911.40	1124.00	1271.00	1396.00	1450.00	1564.00	1660.00	1716.00	1778.00	2000.00	2157.00	2214.00	2281.00	2420.00	2485.00	2712.00	3001.00	3140.00	3599.00	
04097500	0322	19540322	20150322	53	2120.04	1082.96	289.00	7640.00		932.10	1114.00	1213.00	1388.00	1450.00	1528.00	1695.00	1742.00	1835.00	1930.00	2077.00	2210.00	2331.00	2390.00	2480.00	2598.00	3000.00	3188.00	3840.00	
04097500	0323	19540323	20150323	53	2151.98	1063.79	724.00	7430.00		955.70	1190.00	1314.00	1386.00	1470.00	1542.00	1645.00	1766.00	1877.00	1960.00	2018.00	2076.00	2342.00	2392.00	2560.00	2778.00	2965.00	3230.00	4104.00	
04097500	0324	19540324	20150324	53	2143.94	1030.30	512.00	7010.00		961.10	1168.00	1289.00	1404.00	1500.00	1560.00	1661.00	1752.00	1863.00	1970.00	2018.00	2126.00	2300.00	2426.00	2605.00	2800.00	2900.00	3174.00	4123.00	
04097500	0325	19540325	20150325	53	2130.38	1013.44	613.00	6670.00		1010.10	1138.00	1274.00	1354.00	1510.00	1562.00	1618.00	1714.00	1836.00	1890.00	1977.00	2148.00	2240.00	2386.00	2695.00	2810.00	2931.00	3282.00	4030.00	
04097500	0326	19540326	20150326	53	2089.02	978.27	533.00	6260.00		819.10	1080.00	1300.00	1380.00	1465.00	1508.00	1587.00	1822.00	1859.00	1910.00	1951.00	2120.00	2173.00	2250.00	2585.00	2700.00	2919.00	3382.00	3962.00	
04097500	0327	19540327	20150327	53	2073.55	963.70	560.00	5910.00		758.00	1118.00	1234.00	1332.00	1375.00	1450.00	1508.00	1760.00	1853.00	1900.00	2025.00	2134.00	2213.00	2260.00	2600.00	2836.00	2907.00	3352.00	3895.00	
04097500	0328	19540328	20150328	53	2052.17	879.56	463.00	5010.00		851.20	1116.00	1234.00	1310.00	1385.00	1554.00	1628.00	1752.00	1780.00	1870.00	1971.00	2056.00	2215.00	2388.00	2590.00	2776.00	2893.00	3242.00	3880.00	
04097500	0329	19540329	20150329	53	2062.92	867.25	680.00	4860.00		809.30	1074.00	1270.00	1296.00	1390.00	1460.00	1647.00	1700.00	1853.00	1930.00	2004.00	2104.00	2302.00	2418.00	2620.00	2776.00	3067.00	3154.00	3823.00	
04097500	0330	19540330	20150330	53	2095.68	852.52	676.00	4540.00		922.90	1058.00	1287.00	1374.00	1415.00	1478.00	1636.00	1700.00	1808.00	1910.00	2097.00	2206.00	2401.00	2486.00	2700.00	2902.00	3074.00	3274.00	3754.00	
04097500	0331	19540331	20150331	53	2094.70	865.73	732.00	4420.00		838.40	1068.00	1233.00	1320.00	1435.00	1484.00	1608.00	1620.00	1803.00	1900.00	2017.00	2324.00	2465.00	2520.00	2705.00	2960.00	3058.00	3354.00	3661.00	
04097500	0401	19540401	20150401	53	2089.38	893.34	698.00	4490.00		839.30	1035.60	1202.00	1228.00	1450.00	1532.00	1609.00	1626.00	1775.00	1920.00	1957.00	2250.00	2443.00	2514.00	2785.00	2976.00	3092.00	3456.00	3725.00	
04097500	0402	19540402	20150402	53	2094.79	900.85	674.00	4550.00		852.10	1050.00	1191.00	1230.00	1425.00	1548.00	1600.00	1732.00	1792.00	1880.00	1917.00	2106.00	2482.00	2548.00	2785.00	2964.00	3134.00	3490.00	3815.00	
04097500	0403	19540403	20150403	53	2088.55	904.83	698.00	4500.00		882.10	1003.20	1162.00	1254.00	1450.00	1502.00	1574.00	1706.00	1750.00	1770.00	1969.00	2210.00	2341.00	2632.00	2865.00	3030.00	3080.00	3446.00	3733.00	
04097500	0404	19540404	20150404	53	2092.58	904.95	538.00	4460.00		842.70	1060.00	1142.00	1256.00	1430.00	1466.00	1559.00	1708.00	1750.00	1920.00	1967.00	2228.00	2422.00	2560.00	2920.00	3050.00	3168.00	3364.00	3667.00	
04097500	0405	19540405	20150405	53	2098.58	913.26	723.00	4370.00		797.40	920.80	1124.00	1294.00	1465.00	1520.00	1530.00	1646.00	1733.00	1890.00	2048.00	2220.00	2419.00	2668.00	2810.00	3034.00	3257.00	3480.00	3607.00	
04097500	0406	19540406	20150406	53	2099.77	897.13	401.00	4070.00		966.20	1015.40	1147.00	1302.00	1390.00	1508.00	1588.00	1652.00	1715.00	1850.00	2024.00	2350.00	2473.00	2688.00	2780.00	2920.00	3354.00	3556.00	3632.00	
04097500	0407	19540407	20150407	53	2121.77	866.86	631.00	3960.00		1032.90	1110.00	1124.00	1340.00	1450.00	1538.00	1589.00	1632.00	1705.00	1970.00	2195.00	2320.00	2395.00	2550.00	2705.00	2976.00	3243.00	3572.00	3722.00	
04097500	0408	19540408	20150408	53	2106.64	862.20	793.00	3980.00		978.70	1098.00	1181.00	1294.00	1435.00	1510.00	1596.00	1650.00	1736.00	1870.00	2140.00	2304.00	2348.00	2568.00	2655.00	2964.00	3172.00	3544.00	3785.00	
04097500	0409	19540409	20150409	53	2070.23	852.98	883.00	4010.00		961.70	1080.00	1177.00	1296.00	1385.00	1462.00	1479.00	1636.00	1716.00	1850.00	2068.00	2200.00	2300.00	2532.00	2720.00	2960.00	3090.00	3360.00	3747.00	
04097500	0410	19540410	20150410	53	2070.58	822.31	866.00	3950.00		949.40	1140.00	1243.00	1344.00	1405.00	1498.00	1548.00	1684.00	1782.00	1890.00	1978.00	2078.00	2323.00	2542.00	2785.00	2974.00	3067.00	3204.00	3689.00	
04097500	0411	19540411	20150411	53	2049.38	789.03	858.00	3880.00		899.70	1106.00	1292.00	1394.00	1455.00	1494.00	1556.00	1696.00	1842.00	1950.00	1974.00	2024.00	2257.00	2456.00	2620.00	2854.00	3126.00	3188.00	3668.00	
04097500	0412	19540412	20150412	53	2020.42	808.52	573.00	3810.00		894.40	1092.00	1256.00	1320.00	1415.00	1470.00	1518.00	1660.00	1775.00	1820.00	1927.00	2062.00	2211.00	2330.00	2625.00	2872.00	3107.00	3298.00	3605.00	
04097500	0413	19540413	20150413	53	2020.89	762.59	844.00	3580.00		955.10	1184.00	1235.00	1306.00	1390.00	1450.00	1557.00	1674.00	1791.00	1890.00	1991.00	2104.00	2260.00	2312.00	2560.00	2852.00	3080.00	3240.00	3506.00	
04097500	0414	19540414	20150414	53	1994.28	753.08	839.00	3620.00		881.80	1134.00	1204.00	1334.00	1390.00	1426.00	1540.00	1678.00	1833.00	1880.00	2008.00	2148.00	2214.00	2300.00	2475.00	2652.00	2967.00	3286.00	3416.00	
04097500	0415	19540415	20150415	53	1970.85	742.03	631.00	3720.00		876.80	1160.00	1210.00	1268.00	1330.00	1420.00	1527.00	1726.00	1764.00	1980.00	2037.00	2082.00	2170.00	2336.00	2430.00	2578.00	2810.00	3106.00	3441.00	
04097500	0416	19540416	20150416	53	1942.89	753.22	625.00	3930.00		780.60	1116.00	1180.00	1198.00	1315.00	1404.00	1589.00	1736.00	1823.00	1940.00	1997.00	2040.00	2165.00	2264.00	2385.00	2600.00	2820.00	2964.00	3408.00	
04097500	0417	19540417	20150417	53	1942.89	737.71	704.00	3830.00		785.00	1050.00	1135.00	1236.00	1310.00	1360.00	1582.00	1752.00	1861.00	1980.00	2025.00	2178.00	2260.00	2314.00	2355.00	2552.00	2732.00	2846.00	3360.00	
04097500	0418	19540418	20150418	53	1919.09	716.96	681.00	3750.00		718.10	1098.00	1144.00	1238.00	1290.00	1328.00	1560.00	1674.00	1860.00	1940.00	1971.00	2100.00	2167.00	2270.00	2480.00	2606.00	2713.00	2818.00	3241.00	
04097500	0419	19540419	20150419	53	1890.30	726.07	322.00	3680.00		889.60	1007.60	1124.00	1176.00	1250.00	1358.00	1577.00	1714.00	1813.00	1860.00	1947.00	2032.00	2161.00	2216.00	2455.00	2486.00	2613.00	2934.00	3258.00	
04097500	0420	19540420	20150420	53	1903.92	727.26	656.00	3880.00		938.40	1030.00	1062.00	1128.00	1280.00	1436.00	1552.00	1654.00	1819.00	1850.00	1993.00	2078.00	2184.00	2272.00	2405.00	2454.00	2633.00	2912.00	3277.00	
04097500	0421	19540421	20150421	53	1915.85	757.05	851.00	4570.00		980.10	1000.00	1052.00	1118.00	1405.00	1462.00	1500.00	1566.00	1677.00	1750.00	1999.00	2030.00	2113.00	2310.00	2380.00	2452.00	2738.00	2920.00	3213.00	
04097500	0422	19540422	20150422	53	1916.43	798.48	525.00	4810.00		939.40	977.20	1035.00	1172.00	1245.00	1406.00	1546.00	1612.00	1715.00	1860.00	1969.00	2042.00	2240.00	2288.00	2455.00	2494.00	2715.00	2900.00	3271.00	
04097500	0423	19540423	20150423	53	1952.36	786.11	756.00	4870.00		920.90	1008.00	1071.00	1190.00	1275.00	1454.00	1618.00	1656.00	1676.00	1840.00	2115.00	2202.00	2228.00	2318.00	2500.00	2564.00	2720.00	2792.00	3242.00	
04097500	0424	19540424	20150424	53	1974.28	786.33	665.00	4780.00		937.20	1024.00	1064.00	1204.00	1400.00	1516.00	1569.00	1620.00	1819.00	1930.00	1994.00	2162.00	2270.00	2378.00	2560.00	2594.00	2680.00	2888.00	3371.00	
04097500	0425	19540425	20150425	53	1991.09	811.33	731.00	4690.00		956.50	1010.00	1070.00	1202.00	1385.00	1492.00	1568.00	1612.00	1793.00	1900.00	2050.00	2142.00	2351.00	2430.00	2525.00	2592.00	2778.00	2968.00	3478.00	
04097500	0426	19540426	20150426	53	1973.43	807.61	378.00	4600.00		834.80	991.40	1052.00	1328.00	1385.00	1484.00	1530.00	1692.00	1820.00	2020.00	2068.00	2128.00	2296.00	2390.00	2430.00	2566.00	2657.00	3052.00	3437.00	
04097500	0427	19540427	20150427	53	1964.42	789.40	684.00	4310.00		787.60	924.40	1055.00	1322.00	1405.00	1456.00	1598.00	1734.00	1845.00	1920.00	2003.00	2092.00	2227.00	2344.00	2415.00	2542.00	2665.00	2958.00	3749.00	
04097500	0428	19540428	20150428	53	1968.72	774.63	799.00	4190.00		871.30	960.40	1111.00	1234.00	1380.00	1488.00	1628.00	1772.00	1906.00	1950.00	1987.00	2074.00	2184.00	2250.00	2290.00	2494.00	2691.00	3088.00	3649.00	
04097500	0429	19540429	20150429	53	1986.53	735.76	794.00	3820.00		865.40	951.60	1140.00	1404.00	1465.00	1572.00	1610.00	1824.00	1876.00	1900.00	1971.00	2148.00	2231.00	2278.00	2355.00	2514.00	2709.00	3026.00	3649.00	
04097500	0430	19540430	20150430	53	1959.77	753.92	754.00	3820.00		838.90	896.00	1037.00	1332.00	1420.00	1488.00	1676.00	1782.00	1840.00	1870.00	1976.00	2120.00	2254.00	2330.00	2375.00	2530.00	2764.00	2952.00	3709.00	
04097500	0501	19540501	20150501	53	1941.79	734.68	708.00	3930.00		828.50	937.20	1050.00	1340.00	1440.00	1518.00	1676.00	1760.00	1803.00	1820.00	1897.00	2112.00	2245.00	2308.00	2435.00	2484.00	2573.00	3074.00	3426.00	
04097500	0502	19540502	20150502	53	1901.60	722.95	678.00	3690.00		866.70	940.60	1016.00	1292.00	1410.00	1476.00	1560.00	1616.00	1699.00	1760.00	1867.00	2100.00	2245.00	2318.00	2380.00	2422.00	2486.00	3076.00	3305.00	
04097500	0503	19540503	20150503	53	1860.00	723.54	486.00	3700.00		870.80	1012.00	1103.00	1214.00	1325.00	1456.00	1508.00	1558.00	1609.00	1670.00	1780.00	2054.00	2200.00	2230.00	2295.00	2402.00	2488.00	3110.00	3284.00	
04097500	0504	19540504	20150504	53	1828.42	695.69	770.00	3920.00		881.30	962.20	1023.00	1202.00	1270.00	1404.00	1515.00	1602.00	1620.00	1770.00	1798.00	1954.00	2011.00	2122.00	2195.00	2340.00	2614.00	2902.00	3192.00	
04097500	0505	19540505	20150505	53	1796.87	678.08	662.00	4020.00		878.00	1012.00	1116.00	1198.00	1305.00	1390.00	1457.00	1536.00	1662.00	1740.00	1798.00	1898.00	1951.00	2010.00	2070.00	2284.00	2490.00	2866.00	3100.00	
04097500	0506	19540506	20150506	53	1749.91	633.57	740.00	4030.00		901.20	1082.00	1101.00	1178.00	1325.00	1346.00	1400.00	1462.00	1592.00	1660.00	1728.00	1794.00	1893.00	2040.00	2130.00	2330.00	2388.00	2662.00	2832.00	
04097500	0507	19540507	20150507	53	1706.57	603.74	746.00	3850.00		903.80	1015.40	1080.00	1138.00	1320.00	1330.00	1390.00	1426.00	1589.00	1650.00	1717.00	1732.00	1791.00	1868.00	2060.00	2248.00	2486.00	2536.00	2720.00	
04097500	0508	19540508	20150508	53	1663.06	608.02	699.00	3730.00		811.70	976.80	1024.00	1108.00	1205.00	1342.00	1369.00	1402.00	1549.00	1610.00	1683.00	1760.00	1773.00	1808.00	1920.00	2184.00	2342.00	2518.00	2797.00	
04097500	0509	19530509	20150509	54	1636.94	599.60	670.00	3540.00		851.00	919.50	975.50	1080.00	1212.50	1320.00	1352.50	1470.00	1537.50	1570.00	1642.50	1680.00	1755.00	1805.00	1925.00	2110.00	2207.50	2355.00	2892.50	
04097500	0510	19530510	20150510	54	1628.87	642.27	581.00	3880.00		850.50	882.50	952.75	1030.00	1147.50	1300.00	1355.00	1450.00	1500.00	1530.00	1575.00	1700.00	1815.00	1855.00	1930.00	2040.00	2225.00	2395.00	2917.50	
04097500	0511	19530511	20150511	54	1657.85	633.46	722.00	3690.00		823.00	890.50	971.50	1060.00	1290.00	1330.00	1382.50	1440.00	1480.00	1535.00	1575.00	1780.00	1872.50	1930.00	2017.50	2100.00	2140.00	2315.00	3305.00	
04097500	0512	19530512	20150512	54	1674.81	634.75	645.00	3660.00		821.50	894.00	953.25	1240.00	1287.50	1330.00	1387.50	1450.00	1480.00	1555.00	1760.00	1820.00	1895.00	1925.00	2005.00	2110.00	2177.50	2325.00	3270.00	
04097500	0513	19530513	20150513	54	1700.11	657.04	648.00	3660.00		846.25	918.50	987.00	1160.00	1225.00	1325.00	1385.00	1410.00	1482.50	1555.00	1740.00	1770.00	1807.50	1940.00	2107.50	2160.00	2317.50	2770.00	3022.50	
04097500	0514	19530514	20150514	54	1721.83	692.56	758.00	3660.00		851.00	905.00	989.00	1170.00	1245.00	1305.00	1345.00	1420.00	1462.50	1625.00	1672.50	1720.00	1797.50	1950.00	2140.00	2270.00	2547.50	2815.00	3125.00	
04097500	0515	19530515	20150515	54	1717.91	741.20	728.00	3840.00		833.00	897.50	971.00	1150.00	1187.50	1220.00	1292.50	1340.00	1387.50	1560.00	1647.50	1720.00	1855.00	2020.00	2155.00	2370.00	2577.50	2785.00	3340.00	
04097500	0516	19530516	20150516	54	1719.69	760.84	570.00	3810.00		650.50	860.50	953.00	1040.00	1190.00	1220.00	1272.50	1430.00	1485.00	1545.00	1640.00	1700.00	1892.50	2100.00	2250.00	2520.00	2630.00	2730.00	3267.50	
04097500	0517	19530517	20150517	54	1714.13	777.28	484.00	3810.00		654.75	857.00	988.50	1020.00	1160.00	1200.00	1275.00	1320.00	1450.00	1530.00	1592.50	1690.00	1882.50	2045.00	2300.00	2470.00	2692.50	2965.00	3180.00	
04097500	0518	19530518	20150518	54	1711.87	786.84	668.00	3800.00		747.50	844.00	944.00	988.00	1122.50	1240.00	1272.50	1340.00	1392.50	1440.00	1570.00	1640.00	1882.50	2130.00	2267.50	2430.00	2560.00	2985.00	3437.50	
04097500	0519	19530519	20150519	54	1687.70	786.57	627.00	4110.00		752.25	851.50	909.00	952.00	1052.50	1165.00	1252.50	1300.00	1380.00	1450.00	1552.50	1730.00	1857.50	2205.00	2247.50	2340.00	2467.50	2750.00	3385.00	
04097500	0520	19530520	20150520	54	1649.93	787.59	568.00	4150.00		733.25	794.00	934.50	1020.00	1087.50	1140.00	1217.50	1280.00	1300.00	1445.00	1515.00	1600.00	1822.50	2085.00	2125.00	2250.00	2402.50	2620.00	3447.50	
04097500	0521	19530521	20150521	54	1602.07	743.62	552.00	3900.00		623.75	722.50	819.25	1010.00	1030.00	1150.00	1290.00	1310.00	1375.00	1410.00	1487.50	1630.00	1702.50	1985.00	2095.00	2280.00	2367.50	2595.00	3170.00	
04097500	0522	19530522	20150522	54	1581.26	711.93	592.00	3590.00		617.25	718.00	890.75	994.00	1017.50	1090.00	1192.50	1280.00	1350.00	1480.00	1545.00	1670.00	1797.50	1905.00	2035.00	2220.00	2327.50	2565.00	3000.00	
04097500	0523	19530523	20150523	54	1534.48	665.13	552.00	3280.00		590.25	704.50	809.00	899.00	1057.50	1085.00	1162.50	1240.00	1367.50	1425.00	1487.50	1700.00	1812.50	1915.00	2005.00	2120.00	2255.00	2375.00	2845.00	
04097500	0524	19530524	20150524	54	1519.54	649.26	465.00	3010.00		602.50	685.50	800.00	875.00	1060.00	1120.00	1205.00	1240.00	1300.00	1365.00	1467.50	1550.00	1692.50	1885.00	2032.50	2210.00	2285.00	2485.00	2735.00	
04097500	0525	19530525	20150525	54	1485.48	660.59	450.00	3310.00		590.50	709.50	795.50	878.00	958.25	1065.00	1122.50	1220.00	1307.50	1340.00	1380.00	1480.00	1657.50	1860.00	2005.00	2130.00	2197.50	2460.00	2777.50	
04097500	0526	19530526	20150526	54	1454.46	641.41	308.00	3300.00		558.00	688.50	748.00	864.00	996.50	1085.00	1162.50	1180.00	1207.50	1350.00	1430.00	1520.00	1665.00	1840.00	1910.00	1980.00	2247.50	2405.00	2522.50	
04097500	0527	19530527	20150527	54	1438.43	652.40	322.00	3100.00		549.75	669.00	720.75	910.00	979.25	1075.00	1110.00	1140.00	1167.50	1305.00	1372.50	1480.00	1627.50	1800.00	1850.00	1900.00	2297.50	2475.00	2675.00	
04097500	0528	19530528	20150528	54	1413.26	668.35	383.00	3030.00		508.00	620.50	760.75	804.00	964.50	1040.00	1090.00	1100.00	1120.00	1155.00	1292.50	1450.00	1635.00	1770.00	1840.00	1970.00	2265.00	2520.00	2682.50	
04097500	0529	19530529	20150529	54	1390.72	690.62	424.00	3410.00		536.75	579.00	741.00	775.00	853.00	928.00	1037.50	1070.00	1117.50	1245.00	1330.00	1440.00	1570.00	1640.00	1722.50	2080.00	2250.00	2515.00	2742.50	
04097500	0530	19530530	20150530	54	1383.22	717.91	307.00	3520.00		471.50	568.50	714.75	750.00	859.00	967.50	999.25	1060.00	1110.00	1210.00	1275.00	1480.00	1515.00	1655.00	1735.00	1950.00	2315.00	2440.00	2842.50	
04097500	0531	19530531	20150531	54	1375.93	732.85	180.00	3780.00		440.75	535.00	676.25	736.00	911.00	960.50	1007.50	1050.00	1155.00	1220.00	1317.50	1420.00	1520.00	1630.00	1805.00	1940.00	2132.50	2375.00	2905.00	
04097500	0601	19530601	20150601	54	1413.17	757.65	457.00	3790.00		495.00	651.50	694.75	746.00	792.50	914.00	1012.50	1100.00	1152.50	1225.00	1327.50	1420.00	1500.00	1695.00	1832.50	2000.00	2275.00	2585.00	2932.50	
04097500	0602	19530602	20150602	54	1417.15	768.04	368.00	3770.00		451.25	585.50	727.25	754.00	850.50	949.00	1010.00	1060.00	1147.50	1215.00	1345.00	1390.00	1512.50	1665.00	1905.00	2030.00	2270.00	2460.00	3045.00	
04097500	0603	19530603	20150603	54	1396.00	758.63	210.00	3570.00		452.75	584.50	664.25	761.00	833.50	867.50	962.50	1120.00	1157.50	1200.00	1287.50	1330.00	1510.00	1685.00	1867.50	2130.00	2255.00	2420.00	3145.00	
04097500	0604	19530604	20150604	54	1346.69	707.41	242.00	3270.00		480.75	555.50	661.50	714.00	784.00	864.00	982.25	1070.00	1135.00	1210.00	1275.00	1350.00	1450.00	1665.00	1792.50	1900.00	2167.50	2450.00	2950.00	
04097500	0605	19530605	20150605	54	1320.44	709.53	297.00	3110.00		414.75	479.50	544.25	637.00	741.75	843.00	980.75	1060.00	1170.00	1200.00	1315.00	1380.00	1470.00	1575.00	1690.00	1880.00	2102.50	2570.00	2802.50	
04097500	0606	19530606	20150606	54	1312.89	696.36	216.00	3020.00		443.50	524.50	637.50	664.00	714.75	843.50	986.50	1040.00	1155.00	1190.00	1240.00	1350.00	1467.50	1665.00	1715.00	1760.00	2012.50	2535.00	2857.50	
04097500	0607	19530607	20150607	54	1285.24	696.46	147.00	3490.00		444.50	582.50	697.75	730.00	769.25	843.50	892.75	956.00	992.75	1130.00	1155.00	1320.00	1417.50	1540.00	1652.50	1780.00	1942.50	2470.00	2665.00	
04097500	0608	19530608	20150608	54	1258.93	704.79	379.00	4060.00		490.75	584.00	641.50	688.00	745.25	778.00	818.50	926.00	978.00	1090.00	1217.50	1320.00	1337.50	1520.00	1592.50	1670.00	1870.00	2290.00	2707.50	
04097500	0609	19530609	20150609	54	1269.54	737.22	401.00	4480.00		489.00	569.00	630.25	688.00	738.75	828.00	869.25	941.00	1000.00	1125.00	1175.00	1270.00	1377.50	1485.00	1592.50	1690.00	1847.50	2160.00	2817.50	
04097500	0610	19530610	20150610	54	1290.30	771.82	379.00	4740.00		553.75	619.50	682.25	718.00	784.25	827.50	867.50	902.00	964.00	1080.00	1135.00	1290.00	1327.50	1395.00	1640.00	1780.00	1997.50	2150.00	2842.50	
04097500	0611	19530611	20150611	54	1270.48	767.77	313.00	4560.00		512.75	584.50	654.50	687.00	755.00	791.00	881.50	902.00	956.75	1025.00	1112.50	1240.00	1305.00	1450.00	1670.00	1780.00	1947.50	2205.00	2760.00	
04097500	0612	19530612	20150612	54	1261.98	746.90	203.00	4360.00		442.50	515.00	657.25	690.00	797.75	841.00	880.75	946.00	998.25	1030.00	1100.00	1230.00	1302.50	1460.00	1570.00	1830.00	2042.50	2210.00	2605.00	
04097500	0613	19530613	20150613	54	1264.83	691.69	287.00	3860.00		449.25	546.50	690.50	739.00	769.50	861.50	925.00	971.00	1010.00	1095.00	1192.50	1240.00	1282.50	1480.00	1550.00	1740.00	2017.50	2130.00	2792.50	
04097500	0614	19530614	20150614	54	1252.63	707.96	213.00	3570.00		437.25	554.50	643.50	712.00	783.25	855.00	889.25	916.00	963.25	1034.50	1120.00	1170.00	1282.50	1490.00	1577.50	1820.00	1977.50	2190.00	3070.00	
04097500	0615	19530615	20150615	54	1231.85	731.84	345.00	3310.00		466.50	538.50	589.75	662.00	709.25	766.00	779.50	808.00	896.00	974.50	1030.00	1130.00	1252.50	1485.00	1620.00	1820.00	2097.50	2395.00	2947.50	
04097500	0616	19530616	20150616	54	1238.20	769.36	339.00	3340.00		430.25	524.50	587.50	634.00	711.25	729.50	756.75	830.00	919.75	961.00	979.50	1140.00	1210.00	1445.00	1702.50	1790.00	2040.00	2565.00	3192.50	
04097500	0617	19530617	20150617	54	1222.96	796.25	317.00	3710.00		479.00	523.50	575.50	639.00	687.00	735.00	769.75	778.00	819.75	938.00	1005.75	1100.00	1197.50	1430.00	1570.00	1720.00	1882.50	2620.00	3252.50	
04097500	0618	19530618	20150618	54	1206.11	834.88	223.00	4140.00		409.75	494.00	529.75	580.00	626.25	665.50	782.00	810.00	850.50	889.00	940.00	1070.00	1212.50	1425.00	1515.00	1750.00	1822.50	2535.00	3182.50	
04097500	0619	19530619	20150619	54	1204.81	799.14	234.00	4030.00		404.50	496.00	571.00	608.00	649.25	711.50	758.25	821.00	865.75	911.00	1011.00	1100.00	1190.00	1415.00	1560.00	1680.00	1895.00	2515.00	3087.50	
04097500	0620	19530620	20150620	54	1192.20	757.96	327.00	3830.00		394.75	492.50	558.75	627.00	650.00	676.00	760.50	815.00	874.50	968.00	1018.50	1120.00	1272.50	1345.00	1502.50	1630.00	2030.00	2510.00	2892.50	
04097500	0621	19530621	20150621	54	1158.48	740.11	248.00	3440.00		356.00	458.50	546.00	558.00	617.75	631.50	731.00	762.00	818.75	925.00	982.25	1120.00	1260.00	1410.00	1525.00	1620.00	1982.50	2505.00	2830.00	
04097500	0622	19530622	20150622	54	1142.50	737.09	307.00	3000.00		362.50	433.00	474.50	513.00	603.75	630.50	659.75	699.00	827.00	920.50	1022.50	1100.00	1222.50	1395.00	1577.50	1690.00	1930.00	2530.00	2862.50	
04097500	0623	19530623	20150623	54	1121.24	734.06	313.00	2910.00		333.25	410.00	473.50	514.00	534.75	603.00	629.00	655.00	719.50	809.50	940.50	1020.00	1252.50	1540.00	1655.00	1760.00	2017.50	2355.00	2820.00	
04097500	0624	19530624	20150624	54	1135.26	718.86	313.00	2850.00		355.25	420.50	449.50	518.00	546.00	564.00	606.50	660.00	790.50	953.50	1027.50	1090.00	1270.00	1500.00	1645.00	1860.00	2050.00	2350.00	2582.50	
04097500	0625	19530625	20150625	54	1136.11	718.94	250.00	2820.00		325.50	413.00	439.25	468.00	521.00	582.50	626.75	690.00	728.25	955.00	1115.00	1180.00	1267.50	1420.00	1612.50	1780.00	2037.50	2420.00	2592.50	
04097500	0626	19530626	20150626	54	1147.69	689.79	267.00	2810.00		339.25	383.00	445.50	512.00	556.50	634.50	673.75	730.00	793.25	961.00	1110.00	1290.00	1365.00	1545.00	1652.50	1810.00	2010.00	2295.00	2415.00	
04097500	0627	19530627	20150627	54	1178.07	720.27	157.00	3000.00		315.00	398.50	451.25	509.00	580.25	632.00	725.25	806.00	853.50	952.50	1135.00	1250.00	1437.50	1545.00	1640.00	1840.00	2112.50	2360.00	2550.00	
04097500	0628	19530628	20150628	54	1207.63	809.18	127.00	3560.00		230.00	408.50	475.25	505.00	550.50	653.50	692.25	848.00	933.00	1035.00	1165.00	1200.00	1335.00	1465.00	1577.50	1960.00	2050.00	2370.00	3232.50	
04097500	0629	19530629	20150629	54	1209.74	852.63	229.00	4460.00		296.00	405.00	504.25	535.00	580.75	639.00	738.25	840.00	904.25	1025.00	1090.00	1160.00	1360.00	1440.00	1510.00	1830.00	1895.00	2400.00	3187.50	
04097500	0630	19530630	20150630	54	1198.76	859.49	253.00	4720.00		292.75	453.50	466.50	514.00	538.75	640.00	729.50	888.00	977.50	1014.00	1087.50	1150.00	1290.00	1415.00	1557.50	1680.00	1750.00	2340.00	3105.00	
04097500	0701	19530701	20150701	54	1155.76	852.71	250.00	4710.00		308.00	395.00	454.50	506.00	549.50	652.50	706.75	759.00	918.25	976.00	1057.50	1140.00	1215.00	1320.00	1530.00	1580.00	1617.50	2260.00	2957.50	
04097500	0702	19530702	20150702	54	1111.06	792.30	188.00	4410.00		296.75	397.50	462.50	503.00	520.75	606.50	657.25	679.00	916.00	950.50	1016.00	1130.00	1182.50	1360.00	1450.00	1520.00	1575.00	2185.00	2755.00	
04097500	0703	19530703	20150703	54	1084.56	732.03	127.00	4090.00		268.00	409.50	461.25	475.00	542.50	599.50	652.00	682.00	887.25	953.00	1040.00	1120.00	1272.50	1335.00	1415.00	1520.00	1637.50	1990.00	2475.00	
04097500	0704	19530704	20150704	54	1031.76	712.50	125.00	3760.00		206.25	261.50	397.50	439.00	497.00	533.50	579.50	647.00	828.25	932.00	1030.00	1160.00	1247.50	1285.00	1382.50	1450.00	1712.50	1910.00	2405.00	
04097500	0705	19530705	20150705	54	1055.83	646.05	138.00	3150.00		218.00	331.00	402.50	450.00	562.00	595.00	694.25	792.00	865.75	1005.00	1062.50	1170.00	1237.50	1275.00	1395.00	1500.00	1747.50	1950.00	2322.50	
04097500	0706	19530706	20150706	54	1035.33	588.13	218.00	2980.00		339.50	400.50	478.50	525.00	558.75	613.00	657.50	721.00	869.00	982.00	1077.50	1120.00	1207.50	1255.00	1272.50	1330.00	1637.50	1980.00	2302.50	
04097500	0707	19530707	20150707	54	992.44	572.69	200.00	2710.00		219.75	380.00	419.25	481.00	533.50	567.50	653.50	685.00	811.50	932.00	1007.50	1100.00	1180.00	1205.00	1250.00	1370.00	1602.50	1920.00	2222.50	
04097500	0708	19530708	20150708	54	946.70	546.31	206.00	2470.00		314.50	362.50	395.00	471.00	514.25	563.00	620.25	695.00	782.75	888.00	946.00	1010.00	1042.50	1110.00	1175.00	1300.00	1510.00	1890.00	2182.50	
04097500	0709	19530709	20150709	54	932.41	517.32	214.00	2240.00		298.50	350.50	397.25	457.00	534.25	550.50	630.50	708.00	810.25	881.50	914.00	965.00	1016.75	1070.00	1190.00	1240.00	1637.50	1825.00	2012.50	
04097500	0710	19530710	20150710	54	899.39	502.71	240.00	2070.00		273.50	383.00	403.75	427.00	549.25	572.50	609.75	698.00	747.75	816.00	840.75	906.00	948.50	995.50	1105.00	1280.00	1515.00	1840.00	2035.00	
04097500	0711	19530711	20150711	54	859.54	468.67	190.00	1930.00		225.50	236.50	342.25	428.00	526.25	547.00	576.75	672.00	761.25	830.00	896.75	914.00	939.75	1006.00	1142.50	1260.00	1475.00	1635.00	1777.50	
04097500	0712	19530712	20150712	54	845.02	440.66	138.00	1750.00		203.00	311.50	382.50	419.00	469.75	604.50	644.75	727.00	739.00	774.00	844.75	882.00	931.75	955.00	1110.00	1320.00	1507.50	1580.00	1670.00	
04097500	0713	19530713	20150713	54	809.37	426.03	200.00	1900.00		219.75	304.50	391.50	440.00	485.00	537.00	564.00	589.00	710.00	725.00	753.00	843.00	916.00	958.50	1027.50	1140.00	1360.00	1500.00	1682.50	
04097500	0714	19530714	20150714	54	773.59	422.96	210.00	2210.00		220.00	317.00	351.00	397.00	457.50	492.50	553.25	590.00	635.25	686.50	772.75	812.00	848.75	896.00	976.75	1070.00	1292.50	1450.00	1590.00	
04097500	0715	19530715	20150715	54	752.13	414.01	228.00	2360.00		250.25	318.00	347.50	383.00	440.75	457.00	498.50	548.00	652.00	688.50	745.75	811.00	845.00	886.50	935.00	1030.00	1137.50	1390.00	1537.50	
04097500	0716	19530716	20150716	54	722.15	388.52	230.00	2300.00		238.75	305.00	369.75	424.00	460.25	477.00	499.25	523.00	588.00	675.00	723.50	767.00	793.75	867.50	916.75	1010.00	1057.50	1220.00	1510.00	
04097500	0717	19530717	20150717	54	718.24	388.42	222.00	2460.00		253.00	298.00	368.00	414.00	454.00	507.50	552.50	584.00	623.25	664.50	720.50	730.00	754.75	814.00	851.00	939.00	1054.25	1140.00	1482.50	
04097500	0718	19530718	20150718	54	700.17	387.42	190.00	2460.00		216.00	279.00	335.25	379.00	402.00	475.50	567.75	597.00	630.75	650.50	689.00	705.00	725.75	768.50	918.50	958.00	1039.50	1165.00	1337.50	
04097500	0719	19530719	20150719	54	694.83	380.37	122.00	2530.00		247.00	320.50	378.75	416.00	445.75	492.00	542.75	579.00	591.50	615.00	641.25	701.00	732.75	770.00	862.50	900.00	994.50	1170.00	1332.50	
04097500	0720	19530720	20150720	54	712.54	390.72	227.00	2620.00		272.25	322.50	389.75	457.00	475.50	496.50	525.50	550.00	596.25	621.00	653.50	722.00	753.00	824.00	840.25	931.00	1007.50	1180.00	1387.50	
04097500	0721	19530721	20150721	54	722.24	412.20	256.00	2710.00		272.00	300.50	347.75	443.00	453.25	485.00	549.25	593.00	613.25	622.00	638.75	714.00	766.25	798.50	858.25	956.00	1087.50	1275.00	1397.50	
04097500	0722	19530722	20150722	54	715.17	384.92	281.00	2420.00		298.75	320.50	371.25	433.00	467.50	500.00	524.00	569.00	604.25	616.00	634.00	696.00	725.25	769.50	916.50	988.00	1020.00	1310.00	1412.50	
04097500	0723	19530723	20150723	54	729.72	385.41	224.00	2330.00		269.75	285.00	360.50	440.00	495.25	534.50	558.25	585.00	606.75	650.00	682.00	699.00	762.75	817.00	930.00	987.00	1130.00	1285.00	1452.50	
04097500	0724	19530724	20150724	54	745.30	351.93	175.00	1910.00		249.00	327.00	407.00	470.00	483.25	569.00	595.50	603.00	652.00	694.00	737.00	754.00	784.50	845.00	946.25	1010.00	1112.50	1310.00	1420.00	
04097500	0725	19530725	20150725	54	725.50	341.32	111.00	1740.00		261.75	295.50	379.00	440.00	489.25	525.50	564.50	597.00	609.50	657.50	715.00	758.00	803.75	868.50	946.00	1020.00	1157.50	1220.00	1367.50	
04097500	0726	19530726	20150726	54	695.04	355.44	111.00	1720.00		189.00	263.00	280.75	374.00	453.75	492.50	520.00	560.00	607.75	653.50	693.25	705.00	791.50	885.00	946.25	973.00	1057.50	1230.00	1402.50	
04097500	0727	19530727	20150727	54	693.19	360.25	167.00	1760.00		224.75	260.00	294.00	385.00	429.25	483.00	516.50	536.00	587.50	636.00	685.75	720.00	771.50	841.50	907.25	940.00	1003.50	1285.00	1430.00	
04097500	0728	19530728	20150728	54	692.07	367.16	183.00	1850.00		236.50	264.50	307.00	405.00	464.25	504.00	536.00	538.00	578.50	606.00	638.75	677.00	733.75	836.00	857.00	886.00	1045.00	1330.00	1517.50	
04097500	0729	19530729	20150729	54	699.24	392.39	240.00	2080.00		251.00	290.50	364.00	397.00	442.50	497.00	517.25	561.00	573.50	607.50	629.25	693.00	754.50	813.00	859.75	886.00	981.75	1105.00	1677.50	
04097500	0730	19530730	20150730	54	719.67	455.94	143.00	2780.00		198.75	250.50	306.75	406.00	468.50	507.50	519.25	566.00	572.00	619.50	652.50	717.00	776.50	832.50	905.75	919.00	961.25	1175.00	1665.00	
04097500	0731	19530731	20150731	54	730.37	483.02	134.00	3110.00		229.75	256.00	351.25	461.00	480.75	509.00	514.50	531.00	557.25	563.00	625.50	700.00	759.75	845.00	918.50	953.00	1027.50	1325.00	1600.00	
04097500	0801	19530801	20150801	54	716.11	528.18	105.00	3370.00		210.50	245.00	314.00	377.00	407.50	466.00	485.00	503.00	520.50	573.50	652.50	675.00	710.00	776.00	879.25	970.00	1060.00	1350.00	1715.00	
04097500	0802	19530802	20150802	54	700.69	504.61	109.00	3180.00		193.25	232.00	322.75	362.00	386.50	416.50	488.75	532.00	548.00	591.00	639.25	677.00	703.00	740.00	869.00	951.00	1019.00	1205.00	1780.00	
04097500	0803	19530803	20150803	54	699.22	474.21	131.00	3000.00		200.25	282.00	351.00	382.00	427.00	452.50	465.25	471.00	542.25	560.50	627.25	716.00	734.25	758.50	837.25	964.00	1067.50	1200.00	1690.00	
04097500	0804	19530804	20150804	54	706.78	450.27	143.00	2860.00		221.75	278.50	391.00	404.00	431.25	470.00	502.50	523.00	554.25	596.50	644.50	682.00	706.00	757.00	890.50	935.00	992.00	1280.00	1602.50	
04097500	0805	19530805	20150805	54	696.94	398.90	232.00	2540.00		299.75	341.00	372.25	409.00	436.25	467.00	502.25	520.00	552.75	597.50	659.75	695.00	722.75	745.00	783.50	913.00	1081.50	1250.00	1410.00	
04097500	0806	19530806	20150806	54	689.22	388.43	111.00	2490.00		220.00	349.00	377.00	436.00	480.50	493.00	506.00	531.00	568.25	614.00	647.25	682.00	704.75	723.50	774.75	958.00	976.50	1215.00	1385.00	
04097500	0807	19530807	20150807	54	673.94	370.24	95.00	2350.00		195.00	269.00	356.50	422.00	474.75	495.50	512.50	526.00	550.00	575.50	597.00	680.00	736.75	830.00	841.00	924.00	962.50	1190.00	1257.50	
04097500	0808	19530808	20150808	54	638.72	346.31	153.00	2230.00		193.75	256.00	309.25	411.00	440.75	461.00	494.25	518.00	524.75	549.00	573.00	628.00	708.75	765.00	861.25	870.00	949.50	1025.00	1200.00	
04097500	0809	19530809	20150809	54	638.09	329.01	93.00	2130.00		237.00	271.50	350.50	394.00	405.25	455.50	499.75	532.00	541.00	558.00	593.75	662.00	764.25	785.50	834.25	856.00	883.25	1030.00	1130.00	
04097500	0810	19530810	20150810	54	629.98	303.62	122.00	1980.00		240.50	316.50	362.50	398.00	438.00	466.50	488.25	501.00	539.25	577.00	603.50	649.00	726.75	752.50	766.50	804.00	871.25	1003.00	1120.00	
04097500	0811	19530811	20150811	54	618.65	271.73	150.00	1820.00		245.50	323.50	380.25	423.00	441.75	480.50	488.00	492.00	532.25	591.50	616.75	625.00	696.50	728.00	788.25	822.00	838.75	903.50	1050.00	
04097500	0812	19530812	20150812	54	627.33	270.58	258.00	1680.00		286.00	335.50	371.75	409.00	423.00	440.00	472.50	500.00	536.75	574.50	647.50	665.00	694.25	768.00	783.75	805.00	828.75	983.00	1180.00	
04097500	0813	19530813	20150813	54	590.52	242.38	240.00	1380.00		269.00	327.00	356.00	391.00	400.50	425.50	454.25	467.00	518.50	544.50	566.75	607.00	665.25	713.00	730.50	749.00	821.00	948.00	1085.00	
04097500	0814	19530814	20150814	54	601.07	251.97	125.00	1360.00		257.50	327.00	363.25	406.00	410.75	447.50	465.25	482.00	517.25	568.00	606.25	636.00	657.00	706.00	730.75	774.00	908.00	997.50	1085.00	
04097500	0815	19530815	20150815	54	573.24	274.94	98.00	1370.00		204.25	297.50	350.75	377.00	391.50	404.00	439.25	452.00	494.00	520.50	553.00	585.00	590.75	648.50	682.25	708.00	786.00	1051.50	1232.50	
04097500	0816	19530816	20150816	54	590.33	253.58	152.00	1340.00		237.75	356.50	381.25	399.00	403.75	418.00	450.50	488.00	519.50	555.50	575.75	620.00	654.50	674.00	684.50	700.00	792.25	918.50	1282.50	
04097500	0817	19530817	20150817	54	616.44	304.49	101.00	1630.00		206.00	342.00	385.25	413.00	423.50	440.50	462.25	486.00	509.50	569.00	597.50	623.00	665.50	681.50	694.75	705.00	884.00	1105.00	1345.00	
04097500	0818	19530818	20150818	54	596.80	317.80	100.00	1690.00		182.25	327.00	352.50	369.00	406.75	445.00	449.00	476.00	489.50	511.50	554.25	569.00	599.75	680.50	695.00	728.00	793.50	1155.00	1337.50	
04097500	0819	19530819	20150819	54	601.33	314.39	82.00	1710.00		246.00	291.50	328.75	360.00	376.75	426.50	463.25	468.00	510.25	552.00	586.00	613.00	626.75	656.50	694.50	780.00	827.75	1020.00	1312.50	
04097500	0820	19530820	20150820	54	625.37	360.67	196.00	1970.00		254.00	286.00	327.75	359.00	404.75	436.00	466.50	482.00	509.75	527.50	549.25	576.00	624.50	662.50	731.25	769.00	1001.50	1100.00	1490.00	
04097500	0821	19530821	20150821	54	635.54	380.71	204.00	1930.00		212.75	242.00	330.75	371.00	403.25	417.00	449.25	510.00	526.75	540.50	552.75	606.00	641.75	670.00	716.75	821.00	1017.50	1175.00	1677.50	
04097500	0822	19530822	20150822	54	632.59	372.18	201.00	1930.00		204.50	284.50	337.50	355.00	374.25	379.50	441.25	479.00	501.25	524.00	564.00	612.00	637.00	687.50	797.50	872.00	1001.00	1155.00	1587.50	
04097500	0823	19530823	20150823	54	670.19	416.11	124.00	2100.00		226.25	332.00	368.25	382.00	396.75	425.00	440.50	486.00	509.25	531.00	585.75	613.00	665.50	708.50	760.25	946.00	1065.00	1265.00	1662.50	
04097500	0824	19530824	20150824	54	648.98	385.80	100.00	2070.00		247.75	340.00	355.25	390.00	417.25	444.00	484.00	487.00	495.25	513.50	545.00	615.00	688.50	707.00	766.00	830.00	875.25	1080.00	1755.00	
04097500	0825	19530825	20150825	54	640.44	400.33	120.00	2130.00		265.00	289.00	320.50	364.00	387.00	407.00	437.50	460.00	522.50	550.50	567.75	652.00	673.25	702.00	747.75	766.00	863.00	1155.00	1837.50	
04097500	0826	19530826	20150826	54	651.63	425.94	127.00	2260.00		222.50	266.50	305.25	363.00	383.50	407.00	459.00	491.00	507.00	546.50	588.25	618.00	668.75	697.00	728.75	860.00	950.00	1170.00	1847.50	
04097500	0827	19530827	20150827	54	654.85	406.37	214.00	2270.00		239.00	310.00	336.75	375.00	406.25	443.00	482.00	520.00	534.00	556.50	578.25	591.00	618.50	666.50	708.25	801.00	1045.00	1075.00	1730.00	
04097500	0828	19530828	20150828	54	657.37	382.57	207.00	2300.00		278.25	329.50	365.75	385.00	425.50	466.50	482.50	503.00	539.75	562.50	578.50	597.00	642.25	718.50	771.75	865.00	927.00	1070.00	1505.00	
04097500	0829	19530829	20150829	54	654.89	390.81	107.00	2370.00		189.50	311.00	344.25	365.00	392.25	447.50	500.75	508.00	537.25	554.50	568.75	656.00	714.75	755.00	806.50	869.00	912.25	1065.00	1517.50	
04097500	0830	19530830	20150830	54	646.46	384.02	96.00	2340.00		204.25	307.50	343.50	379.00	424.25	467.50	512.75	531.00	537.50	562.00	573.50	580.00	656.00	671.50	754.00	845.00	965.50	1110.00	1422.50	
04097500	0831	19530831	20150831	54	638.63	391.72	200.00	2130.00		236.25	246.00	342.00	378.00	412.50	436.00	446.50	478.00	518.75	534.50	554.25	579.00	601.25	644.50	795.50	892.00	954.50	1090.00	1750.00	
04097500	0901	19530901	20150901	54	648.35	389.06	170.00	1990.00		238.00	291.00	327.25	404.00	425.50	447.00	461.50	522.00	529.00	564.50	572.25	596.00	633.75	650.50	795.25	851.00	899.50	1110.00	1805.00	
04097500	0902	19530902	20150902	54	630.80	427.76	170.00	2230.00		205.75	240.00	303.50	324.00	393.75	421.00	442.50	500.00	522.25	534.00	555.75	579.00	615.50	663.00	692.25	778.00	833.50	1133.00	1785.00	
04097500	0903	19530903	20150903	54	637.22	451.01	115.00	2320.00		235.25	279.50	309.50	335.00	364.75	431.50	466.00	481.00	502.25	518.00	528.25	555.00	597.50	650.00	700.75	762.00	804.75	1297.50	1930.00	
04097500	0904	19530904	20150904	54	645.02	492.30	102.00	2640.00		243.25	278.50	299.25	324.00	348.00	428.00	463.25	492.00	501.50	526.50	543.25	569.00	621.75	658.50	683.75	771.00	781.25	1197.00	1960.00	
04097500	0905	19530905	20150905	54	638.57	470.42	80.00	2470.00		246.75	290.00	326.00	377.00	410.75	430.00	446.50	481.00	506.00	517.00	530.25	556.00	611.75	655.50	678.50	739.00	770.50	1065.00	1975.00	
04097500	0906	19530906	20150906	54	624.15	461.47	87.00	2410.00		182.25	297.00	369.25	388.00	404.50	427.50	445.50	466.00	472.75	498.50	521.25	545.00	583.25	615.00	660.75	710.00	787.00	1057.00	1995.00	
04097500	0907	19530907	20150907	54	604.81	434.23	88.00	2260.00		124.50	280.50	323.25	362.00	387.50	408.50	445.00	465.00	469.25	477.50	512.75	554.00	595.75	623.00	650.00	676.00	739.00	1050.50	1785.00	
04097500	0908	19530908	20150908	54	600.70	384.32	140.00	2110.00		227.75	303.50	328.00	355.00	370.75	417.00	430.75	461.00	494.75	514.50	546.25	571.00	580.50	613.50	647.75	724.00	750.75	1073.50	1737.50	
04097500	0909	19530909	20150909	54	616.17	407.06	254.00	2140.00		269.00	290.50	318.75	334.00	379.75	402.00	419.75	431.00	498.00	563.50	582.25	600.00	605.00	616.50	652.50	706.00	766.25	1007.50	1847.50	
04097500	0910	19530910	20150910	54	609.43	416.44	192.00	2430.00		264.25	284.00	304.00	324.00	342.00	390.00	427.25	456.00	523.00	533.00	541.25	557.00	588.75	617.50	645.50	692.00	790.00	1052.00	1745.00	
04097500	0911	19530911	20150911	54	628.04	419.86	158.00	2410.00		250.50	281.00	305.00	322.00	339.25	421.00	432.50	481.00	517.75	549.00	566.50	571.00	601.50	622.50	664.50	787.00	887.50	1290.00	1637.50	
04097500	0912	19530912	20150912	54	614.02	420.18	78.00	2480.00		227.25	274.50	282.75	328.00	375.75	409.00	449.75	469.00	475.75	484.50	533.75	579.00	601.50	617.50	652.50	751.00	934.00	1250.00	1522.50	
04097500	0913	19530913	20150913	54	623.65	406.61	87.00	2260.00		185.75	248.50	309.75	337.00	390.25	430.00	454.00	469.00	481.25	526.00	552.00	573.00	598.75	641.00	702.00	750.00	1019.25	1340.00	1507.50	
04097500	0914	19530914	20150914	54	655.33	496.72	150.00	2960.00		194.75	268.50	305.25	347.00	355.25	397.00	415.50	457.00	489.25	533.50	551.25	570.00	642.25	658.50	724.50	791.00	991.50	1305.00	1672.50	
04097500	0915	19530915	20150915	54	702.39	637.51	150.00	4410.00		223.00	274.00	294.75	353.00	365.25	391.00	445.75	480.00	516.25	535.50	582.50	623.00	652.25	699.00	787.00	847.00	1152.50	1345.00	1670.00	
04097500	0916	19530916	20150916	54	719.57	758.63	160.00	5620.00		240.75	297.00	324.00	342.00	378.50	414.50	465.50	496.00	508.25	548.00	597.75	617.00	686.00	714.00	787.00	825.00	1100.00	1235.00	1565.00	
04097500	0917	19530917	20150917	54	719.85	813.65	167.00	6080.00		244.00	294.50	315.25	358.00	374.00	418.50	449.50	468.00	522.25	544.50	571.50	616.00	652.50	700.50	755.75	878.00	1096.25	1285.00	1490.00	
04097500	0918	19530918	20150918	54	728.20	815.66	179.00	6040.00		246.75	281.50	325.75	350.00	383.50	411.50	425.75	451.00	509.00	549.00	575.50	600.00	633.00	685.50	733.75	894.00	1187.50	1400.00	1495.00	
04097500	0919	19530919	20150919	54	719.50	764.04	130.00	5600.00		193.50	255.00	306.25	364.00	388.75	417.00	430.50	468.00	485.25	526.00	565.75	650.00	682.00	695.50	743.50	886.00	1167.50	1320.00	1497.50	
04097500	0920	19530920	20150920	54	705.37	689.18	145.00	4960.00		226.75	286.50	331.25	352.00	381.00	396.00	427.50	483.00	510.25	549.00	587.25	626.00	650.50	667.00	693.50	773.00	1195.00	1295.00	1600.00	
04097500	0921	19530921	20150921	54	689.65	595.85	135.00	4190.00		239.50	295.50	342.75	352.00	396.25	424.50	473.50	478.00	525.25	553.00	588.50	602.00	629.25	661.00	678.25	813.00	1147.50	1200.00	1652.50	
04097500	0922	19530922	20150922	54	699.76	564.01	140.00	3830.00		187.75	296.50	368.50	406.00	439.00	443.00	456.50	486.00	543.75	568.00	593.00	618.00	666.25	690.00	718.75	835.00	1062.50	1185.00	1705.00	
04097500	0923	19530923	20150923	54	700.07	510.90	173.00	3220.00		245.00	294.50	351.75	382.00	440.25	452.00	463.25	487.00	535.25	557.00	574.75	586.00	646.00	688.00	921.50	942.00	1035.00	1190.00	1727.50	
04097500	0924	19530924	20150924	54	678.96	466.76	187.00	2760.00		243.50	299.00	331.25	346.00	381.75	447.00	472.25	497.00	509.50	526.50	550.00	584.00	631.00	806.00	942.25	961.00	1007.50	1055.00	1737.50	
04097500	0925	19530925	20150925	54	674.20	442.71	195.00	2480.00		228.75	283.50	335.50	381.00	400.00	411.50	453.00	484.00	520.50	558.00	597.00	632.00	672.25	690.00	840.25	983.00	1021.75	1085.00	1660.00	
04097500	0926	19530926	20150926	54	677.33	425.30	113.00	2300.00		204.75	266.00	357.75	367.00	415.00	420.50	458.00	470.00	513.75	537.00	633.75	676.00	703.75	751.50	876.00	934.00	1022.50	1215.00	1582.50	
04097500	0927	19530927	20150927	54	669.80	378.03	126.00	1940.00		225.50	288.00	363.50	368.00	414.00	447.50	467.00	497.00	529.50	607.50	631.75	664.00	701.25	723.50	860.75	900.00	980.25	1215.00	1547.50	
04097500	0928	19530928	20150928	54	659.52	360.50	167.00	1900.00		298.50	342.00	377.00	414.00	431.50	458.00	477.75	496.00	511.25	558.00	600.75	618.00	652.00	666.50	710.50	810.00	1050.25	1265.00	1495.00	
04097500	0929	19530929	20150929	54	677.83	354.73	146.00	1800.00		268.25	357.00	390.25	424.00	440.50	468.50	495.50	522.00	565.00	591.00	624.75	671.00	702.50	743.50	792.25	804.00	1030.75	1335.00	1475.00	
04097500	0930	19530930	20150930	54	681.72	360.09	215.00	1750.00		286.00	325.00	380.50	410.00	454.75	479.50	509.75	536.00	570.25	586.50	622.50	645.00	674.75	704.00	767.00	815.00	1092.50	1335.00	1570.00	
04097500	1001	19531001	20151001	54	675.06	364.24	196.00	1710.00		254.75	301.00	371.25	405.00	434.00	459.00	467.25	491.00	516.00	553.00	597.25	648.00	705.50	739.00	839.00	904.00	1067.50	1360.00	1502.50	
04097500	1002	19531002	20151002	54	673.07	371.30	214.00	1950.00		242.75	291.50	309.00	346.00	404.00	463.00	492.00	498.00	512.00	558.00	604.00	640.00	700.00	812.50	904.25	990.00	1045.00	1315.00	1402.50	
04097500	1003	19531003	20151003	54	663.02	401.18	118.00	2500.00		215.75	254.00	342.75	354.00	408.50	451.00	469.50	492.00	528.50	541.00	585.75	669.00	697.50	789.50	867.75	936.00	1013.75	1205.00	1325.00	
04097500	1004	19531004	20151004	54	672.83	383.03	124.00	2520.00		213.50	328.50	370.25	451.00	463.00	478.00	499.50	507.00	536.00	555.50	575.00	601.00	709.75	763.00	893.75	921.00	1036.75	1085.00	1307.50	
04097500	1005	19531005	20151005	54	682.15	358.87	135.00	2350.00		275.50	346.50	403.75	430.00	447.00	482.50	494.00	520.00	529.00	570.50	633.25	666.00	717.50	773.50	845.00	1020.00	1070.00	1140.00	1225.00	
04097500	1006	19531006	20151006	54	690.30	343.08	132.00	2250.00		313.75	363.50	407.50	423.00	462.50	481.00	505.00	529.00	550.00	576.50	600.50	692.00	772.75	870.00	908.25	999.00	1025.00	1080.00	1197.50	
04097500	1007	19531007	20151007	54	713.24	360.41	225.00	2150.00		290.50	350.50	389.00	407.00	434.75	469.00	510.75	536.00	563.00	608.50	647.75	684.00	803.25	910.00	973.25	1010.00	1130.00	1185.00	1277.50	
04097500	1008	19531008	20151008	54	700.11	337.39	206.00	1800.00		243.25	297.50	364.25	394.00	444.75	478.50	523.75	552.00	588.50	616.50	662.75	770.00	818.25	874.00	951.50	990.00	1037.50	1150.00	1315.00	
04097500	1009	19531009	20151009	54	700.30	330.51	203.00	1890.00		247.75	327.00	368.50	415.00	470.25	512.00	533.00	576.00	595.00	636.00	661.50	711.00	803.75	851.00	917.25	960.00	1005.50	1160.00	1325.00	
04097500	1010	19531010	20151010	54	695.63	321.75	122.00	1760.00		206.50	333.50	389.75	435.00	472.50	501.50	552.25	564.00	591.50	642.50	695.50	727.00	777.25	841.00	867.75	950.00	1017.50	1220.00	1275.00	
04097500	1011	19531011	20151011	54	687.69	313.79	114.00	1650.00		187.00	358.00	388.75	410.00	463.50	483.50	496.25	507.00	544.75	634.00	702.50	759.00	823.75	877.00	895.00	1000.00	1045.00	1100.00	1245.00	
04097500	1012	19531012	20151012	54	679.94	299.43	110.00	1420.00		297.25	365.00	399.00	411.00	455.75	466.50	507.50	527.00	558.75	592.50	675.25	742.00	760.50	823.50	859.00	958.00	1017.75	1150.00	1292.50	
04097500	1013	19531013	20151013	54	684.89	300.08	134.00	1530.00		302.00	368.00	404.50	433.00	454.25	515.50	519.50	541.00	570.50	592.50	652.00	730.00	763.75	831.00	864.50	930.00	985.75	1140.00	1300.00	
04097500	1014	19531014	20151014	54	702.93	336.75	219.00	1990.00		281.25	344.00	364.25	423.00	460.25	494.50	520.75	544.00	577.50	638.50	685.50	724.00	795.00	843.00	884.25	915.00	1060.00	1145.00	1345.00	
04097500	1015	19531015	20151015	54	695.94	390.47	182.00	2110.00		202.00	304.50	350.25	380.00	412.25	468.00	510.25	519.00	541.25	581.00	633.75	717.00	781.75	816.50	915.25	956.00	1057.50	1240.00	1520.00	
04097500	1016	19531016	20151016	54	698.41	419.49	141.00	2570.00		208.25	284.50	364.00	386.00	435.50	473.00	498.00	508.00	534.50	596.50	633.00	724.00	758.75	849.00	866.00	928.00	970.00	1275.00	1527.50	
04097500	1017	19531017	20151017	54	740.65	486.08	128.00	2980.00		154.25	251.00	376.25	418.00	458.50	472.50	493.75	528.00	571.25	601.50	717.50	750.00	820.75	863.50	900.00	968.00	1070.00	1420.00	1652.50	
04097500	1018	19531018	20151018	54	787.15	523.55	115.00	3190.00		198.75	385.00	399.50	498.00	501.75	521.00	549.00	560.00	604.50	635.50	697.50	720.00	775.25	816.00	865.50	1040.00	1115.00	1540.00	1945.00	
04097500	1019	19531019	20151019	54	815.78	599.93	142.00	3540.00		263.25	368.50	419.50	491.00	511.75	528.00	537.00	544.00	579.50	644.50	711.75	742.00	757.75	808.00	848.25	1040.00	1100.00	1635.00	2307.50	
04097500	1020	19531020	20151020	54	846.30	604.34	156.00	3420.00		270.50	383.00	424.75	491.00	501.00	533.00	556.75	585.00	654.75	692.00	702.75	761.00	807.00	848.50	934.25	1110.00	1230.00	1620.00	2312.50	
04097500	1021	19531021	20151021	54	825.65	613.48	148.00	3330.00		312.00	372.00	414.75	434.00	485.50	496.50	514.50	535.00	565.50	646.00	664.00	705.00	721.75	909.00	965.00	1050.00	1305.00	1610.00	2270.00	
04097500	1022	19531022	20151022	54	802.91	594.20	220.00	3190.00		261.00	298.50	410.25	468.00	482.25	492.50	516.50	529.00	561.00	612.50	636.00	672.00	733.75	860.50	942.00	1040.00	1287.50	1545.00	2177.50	
04097500	1023	19531023	20151023	54	811.24	576.46	223.00	3110.00		254.25	279.50	418.75	462.00	476.75	502.00	562.50	598.00	623.00	641.00	666.25	702.00	763.25	857.50	988.00	1080.00	1237.50	1555.00	2137.50	
04097500	1024	19531024	20151024	54	810.54	557.35	123.00	3000.00		203.00	285.50	365.75	475.00	511.50	541.50	580.00	600.00	613.25	667.50	701.75	723.00	815.00	896.00	998.75	1050.00	1165.00	1515.00	2065.00	
04097500	1025	19531025	20151025	54	815.72	503.21	116.00	2660.00		144.75	377.00	460.50	501.00	518.00	556.00	577.50	600.00	649.50	700.00	740.50	771.00	810.50	867.00	1020.00	1120.00	1167.50	1490.00	1935.00	
04097500	1026	19531026	20151026	54	824.48	492.45	128.00	2740.00		280.75	405.50	479.25	514.00	543.00	570.50	594.50	617.00	636.25	664.00	717.00	774.00	815.75	888.00	1025.00	1090.00	1192.50	1490.00	1882.50	
04097500	1027	19531027	20151027	54	820.04	493.00	166.00	2810.00		298.00	396.50	446.25	474.00	524.25	557.00	573.50	598.00	610.25	651.50	713.75	800.00	834.00	957.00	1052.50	1140.00	1235.00	1360.00	1777.50	
04097500	1028	19531028	20151028	54	818.87	467.65	266.00	2730.00		308.25	385.00	440.50	484.00	521.25	546.00	577.25	650.00	659.00	678.00	706.25	765.00	797.00	971.00	1060.00	1140.00	1212.50	1385.00	1745.00	
04097500	1029	19531029	20151029	54	805.20	457.27	261.00	2700.00		289.75	365.00	406.75	494.00	517.50	533.00	567.00	614.00	645.75	686.50	738.75	772.00	862.75	934.50	1042.50	1090.00	1125.00	1365.00	1745.00	
04097500	1030	19531030	20151030	54	814.19	442.13	211.00	2600.00		270.25	348.50	457.00	520.00	525.00	544.50	560.50	605.00	642.75	724.50	769.00	820.00	894.25	963.00	1060.00	1120.00	1240.00	1285.00	1590.00	
04097500	1031	19531031	20151031	54	810.06	423.18	143.00	2470.00		243.75	383.50	435.75	492.00	560.25	571.50	606.00	679.00	701.00	728.00	758.75	787.00	876.75	891.00	1052.50	1100.00	1227.50	1320.00	1607.50	
04097500	1101	19531101	20151101	54	818.93	415.39	134.00	2380.00		251.25	388.50	467.50	494.00	550.75	586.00	621.50	669.00	695.50	751.50	774.25	799.00	841.00	954.00	1065.00	1150.00	1230.00	1365.00	1580.00	
04097500	1102	19531102	20151102	54	832.85	427.73	187.00	2320.00		289.50	359.00	456.50	489.00	538.75	584.50	605.00	655.00	677.50	711.00	758.00	854.00	915.00	1020.00	1072.50	1190.00	1250.00	1390.00	1780.00	
04097500	1103	19531103	20151103	54	855.28	426.21	233.00	2460.00		287.00	370.50	447.00	519.00	546.25	570.50	611.75	655.00	733.50	779.50	840.75	910.00	985.75	1025.00	1140.00	1240.00	1265.00	1410.00	1655.00	
04097500	1104	19531104	20151104	54	860.37	425.12	300.00	2490.00		354.00	409.00	425.00	468.00	512.50	605.00	652.00	709.00	751.75	772.00	868.50	876.00	905.00	960.50	1142.50	1210.00	1277.50	1370.00	1697.50	
04097500	1105	19531105	20151105	54	888.85	466.22	256.00	2500.00		296.75	362.00	442.00	475.00	498.75	565.00	646.00	731.00	828.75	879.00	901.00	942.00	971.75	1090.00	1165.00	1240.00	1297.50	1395.00	1792.50	
04097500	1106	19531106	20151106	54	894.35	470.03	210.00	2400.00		283.75	355.50	393.75	474.00	517.75	593.50	626.25	748.00	825.25	874.50	911.00	946.00	1012.25	1085.00	1200.00	1320.00	1330.00	1450.00	1735.00	
04097500	1107	19531107	20151107	54	883.85	455.13	169.00	2350.00		337.25	369.50	413.50	501.00	545.75	573.00	615.75	681.00	763.75	811.50	915.50	981.00	999.25	1075.00	1140.00	1240.00	1320.00	1480.00	1707.50	
04097500	1108	19531108	20151108	54	884.48	404.96	185.00	2300.00		348.00	400.00	481.50	520.00	585.75	600.00	642.50	752.00	785.00	827.00	910.50	977.00	1047.50	1080.00	1142.50	1190.00	1277.50	1380.00	1580.00	
04097500	1109	19531109	20151109	54	901.46	392.19	348.00	2200.00		390.25	402.00	512.00	537.00	576.75	616.50	675.75	775.00	805.75	865.00	948.25	1000.00	1027.50	1080.00	1182.50	1190.00	1247.50	1360.00	1607.50	
04097500	1110	19531110	20151110	54	890.39	401.49	179.00	2100.00		345.25	391.00	447.75	546.00	587.50	665.00	682.50	722.00	796.25	843.50	901.25	924.00	1013.00	1065.00	1195.00	1230.00	1305.00	1400.00	1607.50	
04097500	1111	19531111	20151111	54	886.78	399.08	242.00	2000.00		290.25	402.00	446.75	510.00	597.50	638.50	674.25	705.00	816.75	855.00	901.00	965.00	987.25	1085.00	1192.50	1230.00	1345.00	1390.00	1627.50	
04097500	1112	19531112	20151112	54	873.52	402.04	181.00	2100.00		234.50	397.50	427.25	496.00	595.50	614.50	683.00	769.00	781.50	824.00	884.00	942.00	966.25	1090.00	1157.50	1190.00	1257.50	1400.00	1632.50	
04097500	1113	19531113	20151113	54	895.26	435.14	231.00	2420.00		338.25	400.50	442.25	505.00	570.50	642.50	696.00	736.00	753.75	853.50	905.25	946.00	965.00	1085.00	1140.00	1170.00	1250.00	1530.00	1755.00	
04097500	1114	19531114	20151114	54	914.04	494.37	123.00	2970.00		229.75	394.00	468.25	493.00	542.75	576.00	704.25	756.00	828.25	880.50	928.50	986.00	1057.50	1105.00	1145.00	1200.00	1295.00	1530.00	1760.00	
04097500	1115	19531115	20151115	54	925.72	517.20	123.00	3210.00		172.75	376.00	483.25	501.00	579.00	642.00	718.50	760.00	821.75	873.50	906.25	973.00	1052.50	1090.00	1155.00	1240.00	1310.00	1540.00	1787.50	
04097500	1116	19531116	20151116	54	931.70	503.83	198.00	3280.00		365.50	427.50	519.25	537.00	584.50	643.00	680.25	753.00	762.75	812.50	905.00	961.00	1025.00	1080.00	1132.50	1250.00	1355.00	1455.00	1897.50	
04097500	1117	19531117	20151117	54	934.26	498.57	256.00	3280.00		356.50	421.50	482.25	541.00	556.50	737.50	747.25	769.00	781.00	801.50	893.50	922.00	972.25	1045.00	1150.00	1380.00	1417.50	1475.00	1772.50	
04097500	1118	19531118	20141118	53	945.02	483.35	251.00	3150.00		371.10	437.00	498.30	520.80	582.00	734.60	739.00	778.00	802.40	824.00	868.60	975.20	1032.00	1096.00	1225.00	1340.00	1431.00	1516.00	1666.00	
04097500	1119	19531119	20141119	53	947.53	479.61	211.00	2980.00		283.90	421.00	502.50	535.60	637.50	707.40	740.90	770.60	794.50	815.00	892.10	970.40	1052.00	1154.00	1215.00	1322.00	1477.00	1542.00	1666.00	
04097500	1120	19531120	20141120	53	966.02	471.46	242.00	2730.00		350.60	426.60	471.80	517.40	570.50	694.60	754.60	780.60	846.50	864.00	934.60	997.20	1140.00	1204.00	1255.00	1432.00	1478.00	1566.00	1723.00	
04097500	1121	19531121	20141121	53	978.72	474.66	175.00	2660.00		331.20	426.40	489.30	508.00	612.00	748.20	787.60	797.40	849.90	910.00	974.60	1054.00	1136.00	1208.00	1250.00	1392.00	1485.00	1574.00	1768.00	
04097500	1122	19531122	20141122	53	985.91	461.97	141.00	2590.00		324.50	470.60	502.90	529.60	607.50	684.40	826.60	839.20	851.60	936.00	1057.00	1086.00	1123.00	1204.00	1245.00	1366.00	1494.00	1578.00	1719.00	
04097500	1123	19531123	20141123	53	984.28	464.46	188.00	2680.00		345.30	473.20	498.30	514.80	636.50	709.40	768.80	789.80	814.90	867.00	1006.10	1100.00	1140.00	1216.00	1320.00	1402.00	1491.00	1558.00	1694.00	
04097500	1124	19531124	20141124	53	1000.77	482.13	209.00	2680.00		367.90	501.00	505.10	520.00	587.00	700.80	759.00	815.20	839.00	882.00	974.10	1082.00	1142.00	1308.00	1365.00	1466.00	1500.00	1616.00	1781.00	
04097500	1125	19531125	20141125	53	1035.34	506.88	338.00	3070.00		416.20	461.60	502.50	532.00	640.00	701.20	803.60	869.80	899.30	990.00	1055.00	1108.00	1160.00	1226.00	1390.00	1430.00	1459.00	1674.00	1885.00	
04097500	1126	19531126	20141126	53	1025.09	551.35	174.00	3220.00		357.20	470.00	500.10	516.80	573.50	632.00	747.90	818.60	909.30	958.00	1014.00	1060.00	1110.00	1324.00	1375.00	1404.00	1457.00	1730.00	2074.00	
04097500	1127	19531127	20141127	53	1050.75	535.44	282.00	3210.00		358.40	439.40	488.10	580.80	679.50	709.40	796.40	873.20	915.60	955.00	1010.00	1130.00	1206.00	1336.00	1375.00	1428.00	1517.00	1710.00	1983.00	
04097500	1128	19531128	20141128	53	1079.60	539.01	219.00	3160.00		335.00	408.60	446.60	600.80	660.00	830.80	881.50	934.60	969.50	1010.00	1057.00	1134.00	1322.00	1374.00	1400.00	1468.00	1547.00	1722.00	1961.00	
04097500	1129	19531129	20141129	53	1077.66	532.83	199.00	3010.00		311.20	417.40	471.90	605.60	672.50	777.80	865.00	916.40	964.00	1040.00	1097.00	1160.00	1253.00	1332.00	1420.00	1524.00	1605.00	1738.00	1931.00	
04097500	1130	19531130	20141130	53	1082.79	539.80	176.00	2860.00		367.90	456.60	525.90	546.00	677.00	703.20	843.50	911.60	984.60	1000.00	1020.00	1120.00	1264.00	1366.00	1430.00	1522.00	1595.00	1780.00	2099.00	
04097500	1201	19531201	20141201	53	1101.38	530.21	203.00	2630.00		365.40	454.00	494.20	614.40	704.50	805.20	867.10	934.80	968.40	1000.00	1157.00	1230.00	1314.00	1386.00	1445.00	1520.00	1566.00	1700.00	2156.00	
04097500	1202	19531202	20141202	53	1133.53	588.79	310.00	3010.00		358.90	449.40	485.70	598.20	631.50	757.60	919.00	935.60	966.30	1030.00	1071.00	1186.00	1344.00	1422.00	1475.00	1530.00	1782.00	1956.00	2349.00	
04097500	1203	19531203	20141203	53	1134.91	598.46	345.00	3080.00		368.90	462.80	482.80	572.80	645.50	735.20	847.90	953.80	990.40	1070.00	1127.00	1154.00	1291.00	1360.00	1425.00	1526.00	1773.00	1990.00	2342.00	
04097500	1204	19531204	20141204	53	1131.19	609.39	336.00	3140.00		375.00	441.00	500.10	571.40	610.50	672.00	850.90	929.20	972.40	1030.00	1117.00	1202.00	1241.00	1328.00	1455.00	1558.00	1843.00	2022.00	2366.00	
04097500	1205	19531205	20141205	53	1145.09	615.17	241.00	3240.00		325.20	406.20	489.90	603.00	649.00	778.80	836.90	907.20	1076.00	1110.00	1157.00	1202.00	1245.00	1314.00	1435.00	1580.00	1809.00	2072.00	2318.00	
04097500	1206	19531206	20141206	53	1143.68	623.97	194.00	3410.00		306.60	469.20	500.50	546.80	624.00	717.40	848.40	960.00	1069.00	1150.00	1204.00	1240.00	1250.00	1280.00	1435.00	1626.00	1770.00	2006.00	2258.00	
04097500	1207	19531207	20141207	53	1145.68	610.86	168.00	3460.00		417.90	515.20	570.10	610.40	655.00	688.80	859.70	944.40	1029.00	1100.00	1175.00	1210.00	1232.00	1306.00	1340.00	1622.00	1769.00	1922.00	2376.00	
04097500	1208	19531208	20141208	53	1151.49	598.60	179.00	3550.00		405.10	477.00	579.20	652.20	682.50	735.20	835.70	1006.40	1093.00	1150.00	1187.00	1220.00	1242.00	1320.00	1355.00	1586.00	1790.00	1872.00	2221.00	
04097500	1209	19531209	20141209	53	1146.26	592.56	297.00	3430.00		392.50	493.40	540.80	617.00	639.00	737.20	892.90	972.20	1052.00	1120.00	1174.00	1196.00	1231.00	1308.00	1420.00	1538.00	1781.00	1946.00	2181.00	
04097500	1210	19531210	20141210	53	1135.11	600.03	304.00	3230.00		401.70	515.40	534.50	591.80	641.00	678.60	828.50	960.60	986.40	1040.00	1098.00	1178.00	1250.00	1358.00	1435.00	1598.00	1736.00	1956.00	2450.00	
04097500	1211	19531211	20141211	53	1113.38	590.67	366.00	3050.00		395.80	435.80	531.00	548.20	610.50	678.20	805.90	870.20	930.20	974.00	1095.00	1200.00	1261.00	1378.00	1500.00	1612.00	1752.00	1918.00	2288.00	
04097500	1212	19531212	20141212	53	1126.87	576.91	329.00	2890.00		400.20	466.60	503.60	530.40	693.00	778.20	791.60	854.00	933.90	1030.00	1087.00	1216.00	1292.00	1394.00	1515.00	1618.00	1764.00	1892.00	2268.00	
04097500	1213	19531213	20141213	53	1135.45	559.33	332.00	2510.00		360.30	444.00	495.70	562.40	681.00	783.80	867.60	912.60	967.80	1060.00	1107.00	1244.00	1325.00	1390.00	1480.00	1632.00	1831.00	2006.00	2189.00	
04097500	1214	19531214	20141214	53	1162.83	566.12	152.00	2470.00		436.50	495.60	568.90	583.00	645.50	736.40	852.90	943.80	1076.00	1130.00	1147.00	1196.00	1346.00	1484.00	1540.00	1678.00	1843.00	2030.00	2285.00	
04097500	1215	19531215	20141215	53	1170.75	578.53	191.00	2720.00		419.60	509.20	558.50	597.60	678.50	767.80	864.10	997.60	1023.00	1100.00	1137.00	1230.00	1273.00	1384.00	1585.00	1732.00	1882.00	2016.00	2303.00	
04097500	1216	19531216	20141216	53	1177.60	603.81	339.00	3250.00		414.40	468.00	537.50	591.40	666.50	733.20	961.20	997.60	1046.00	1070.00	1154.00	1198.00	1290.00	1436.00	1560.00	1670.00	1819.00	2058.00	2285.00	
04097500	1217	19531217	20141217	53	1187.32	610.99	309.00	3290.00		418.60	452.00	564.60	608.20	702.50	769.60	850.00	995.20	1053.00	1140.00	1182.00	1224.00	1273.00	1354.00	1505.00	1668.00	1931.00	2058.00	2288.00	
04097500	1218	19531218	20141218	53	1184.21	627.20	269.00	3290.00		407.00	451.40	528.70	598.40	692.50	798.40	877.80	955.20	984.30	1100.00	1165.00	1258.00	1304.00	1378.00	1510.00	1670.00	1887.00	2024.00	2414.00	
04097500	1219	19531219	20141219	53	1182.96	609.89	263.00	3260.00		397.60	501.00	515.00	602.00	752.50	838.00	866.40	975.60	1043.00	1100.00	1124.00	1232.00	1304.00	1452.00	1520.00	1624.00	1896.00	2068.00	2294.00	
04097500	1220	19531220	20141220	53	1166.36	601.95	256.00	3190.00		278.20	480.00	529.70	631.60	659.50	791.00	862.10	975.60	1061.00	1130.00	1150.00	1224.00	1261.00	1380.00	1555.00	1630.00	1849.00	2024.00	2239.00	
04097500	1221	19531221	20141221	53	1143.57	593.73	240.00	3080.00		416.20	452.20	542.10	610.00	705.50	746.40	853.10	925.00	969.40	996.00	1099.00	1138.00	1208.00	1348.00	1590.00	1724.00	1820.00	2034.00	2222.00	
04097500	1222	19531222	20141222	53	1139.57	578.77	278.00	2930.00		421.80	498.20	522.10	607.60	707.00	822.80	866.60	924.80	963.00	993.00	1057.00	1134.00	1163.00	1248.00	1570.00	1708.00	1780.00	1978.00	2246.00	
04097500	1223	19531223	20141223	53	1151.43	574.44	271.00	2900.00		414.60	478.20	536.50	619.60	697.00	825.40	910.50	954.40	964.40	1040.00	1139.00	1182.00	1201.00	1320.00	1525.00	1708.00	1759.00	1980.00	2219.00	
04097500	1224	19531224	20141224	53	1160.25	590.18	192.00	3070.00		412.50	476.60	525.70	619.80	683.00	747.80	870.90	975.60	1012.00	1060.00	1150.00	1214.00	1286.00	1418.00	1520.00	1592.00	1904.00	1944.00	2176.00	
04097500	1225	19531225	20141225	53	1184.42	622.18	164.00	3250.00		344.80	458.60	522.40	580.80	652.00	782.40	900.40	957.20	1076.00	1100.00	1197.00	1332.00	1394.00	1448.00	1590.00	1726.00	1855.00	1986.00	2275.00	
04097500	1226	19531226	20141226	53	1204.28	613.18	341.00	3070.00		400.60	471.60	517.60	608.60	714.00	793.60	877.70	932.60	960.60	1100.00	1271.00	1378.00	1421.00	1516.00	1565.00	1722.00	1928.00	2012.00	2352.00	
04097500	1227	19531227	20141227	53	1239.06	634.45	342.00	2770.00		392.50	474.00	523.10	624.00	724.00	826.40	891.20	931.60	996.50	1090.00	1292.00	1400.00	1483.00	1578.00	1625.00	1730.00	1949.00	2224.00	2506.00	
04097500	1228	19531228	20141228	53	1263.11	674.29	171.00	2790.00		434.00	502.20	543.90	558.40	652.00	802.00	855.30	916.20	1000.00	1180.00	1318.00	1384.00	1553.00	1606.00	1720.00	1850.00	1938.00	2374.00	2573.00	
04097500	1229	19531229	20141229	53	1265.60	711.40	165.00	3070.00		411.60	471.40	520.40	572.00	610.00	741.60	810.20	942.80	1029.00	1200.00	1299.00	1422.00	1523.00	1586.00	1680.00	1868.00	2079.00	2392.00	2717.00	
04097500	1230	19531230	20141230	53	1287.09	723.70	370.00	3670.00		427.60	497.20	525.10	582.60	648.50	733.80	847.70	940.60	1013.00	1220.00	1267.00	1392.00	1478.00	1650.00	1760.00	1922.00	2009.00	2280.00	2593.00	
04097500	1231	19531231	20141231	53	1309.21	758.52	283.00	3800.00		421.40	485.80	527.30	621.20	672.00	831.00	870.90	954.20	1006.00	1150.00	1237.00	1344.00	1479.00	1590.00	1770.00	1938.00	2175.00	2470.00	2691.00	
