site_no	monthday	begin_dt	end_dt	count_nu	mean	std	min	max	p01	p05	p10	p15	p20	p25	p30	p35	p40	p45	p50	p55	p60	p65	p70	p75	p80	p85	p90	p95	p99
04105500	ALL	19370727	20151018	28573	705.08	474.11	86.00	7130.00	193.00	263.00	308.00	345.00	379.00	409.00	436.00	464.00	497.00	531.00	568.00	610.00	658.00	712.00	775.80	848.00	940.00	1070.00	1260.00	1600.00	2540.00
04105500	0101	19380101	20150101	78	763.83	490.54	157.00	2820.00		279.65	346.60	368.65	405.80	456.00	503.30	537.55	577.60	600.00	635.50	713.35	772.00	791.75	841.60	862.00	934.80	1046.00	1205.00	1901.00	
04105500	0102	19380102	20150102	78	751.81	476.04	192.00	2450.00		279.45	336.70	389.95	433.00	455.00	480.90	511.10	551.60	597.65	640.00	686.90	714.20	749.10	794.50	816.75	982.00	1061.50	1261.00	2108.00	
04105500	0103	19380103	20150103	78	738.69	459.03	203.00	2560.00		300.35	336.80	382.45	405.00	443.00	460.20	540.65	560.60	566.40	610.00	634.45	662.60	743.70	785.50	879.25	1000.00	1073.00	1253.00	1914.50	
04105500	0104	19380104	20150104	78	740.28	454.57	207.00	2460.00		298.45	334.50	370.00	405.80	423.75	455.70	513.00	570.00	592.15	610.50	635.25	680.00	748.40	775.60	859.25	988.00	1098.00	1446.00	1824.50	
04105500	0105	19380105	20150105	78	756.15	474.49	219.00	2370.00		302.10	351.80	368.25	400.00	422.50	438.70	503.15	540.00	585.55	628.00	674.90	702.00	760.10	835.90	900.50	984.60	1124.00	1351.00	2104.50	
04105500	0106	19380106	20150106	78	754.77	504.27	244.00	2750.00		302.85	349.30	382.25	401.60	423.00	453.50	479.25	520.00	554.60	597.50	620.90	690.80	726.30	833.60	902.50	1005.60	1120.50	1365.00	1951.00	
04105500	0107	19380107	20150107	78	753.12	496.97	203.00	2810.00		311.85	341.20	387.20	401.40	413.75	453.20	486.50	544.80	563.30	604.00	632.25	685.20	751.35	803.90	879.50	986.40	1163.00	1482.00	1816.00	
04105500	0108	19380108	20150108	78	739.71	478.29	200.00	2540.00		288.55	323.90	349.40	403.20	421.50	447.60	485.35	534.80	570.00	583.00	630.15	655.80	684.20	742.20	865.00	1032.00	1206.00	1455.00	1956.00	
04105500	0109	19380109	20150109	78	719.74	466.45	275.00	2520.00		318.50	334.00	377.50	398.80	421.50	442.00	464.30	493.60	564.50	596.50	608.05	632.20	646.75	726.40	846.25	982.80	1110.00	1401.00	1964.50	
04105500	0110	19380110	20150110	78	709.09	471.93	230.00	3070.00		304.75	324.50	361.40	405.80	432.75	451.10	472.60	491.80	539.45	568.50	601.80	624.00	643.00	742.00	848.00	993.60	1074.50	1208.00	1685.00	
04105500	0111	19380111	20150111	78	700.73	454.76	214.00	3250.00		308.80	349.30	367.80	399.60	428.00	452.50	489.30	510.00	534.40	567.00	592.85	626.80	672.20	757.50	844.00	942.40	1074.50	1195.00	1446.50	
04105500	0112	19380112	20150112	78	693.24	424.72	253.00	3030.00		267.85	340.70	378.50	404.80	431.75	460.60	486.65	519.60	551.10	570.50	600.00	631.40	698.70	762.90	872.00	912.40	1051.50	1121.00	1408.00	
04105500	0113	19380113	20150113	78	694.95	408.59	190.00	2650.00		289.15	332.30	367.30	416.80	427.25	451.10	471.95	527.20	555.00	565.50	586.90	647.00	718.55	810.60	875.25	933.20	994.15	1233.00	1541.00	
04105500	0114	19380114	20150114	78	691.47	440.68	203.00	3020.00		313.00	344.20	383.40	400.80	410.00	449.70	462.65	483.60	512.15	534.50	595.60	639.60	692.10	783.00	863.00	904.60	996.60	1207.00	1421.00	
04105500	0115	19380115	20150115	78	701.58	512.30	207.00	3870.00		309.50	348.70	377.45	400.80	428.75	445.40	454.65	475.20	487.40	512.50	597.80	636.60	685.00	762.50	825.25	914.60	998.95	1248.00	1522.50	
04105500	0116	19380116	20150116	78	688.72	487.80	211.00	3550.00		302.85	338.50	368.50	388.80	418.25	430.00	447.30	452.00	505.85	556.50	589.55	644.40	698.50	742.90	778.50	840.20	999.40	1173.00	1650.00	
04105500	0117	19380117	20150117	78	690.05	446.27	186.00	3010.00		279.20	335.10	360.00	380.00	408.75	434.90	467.90	483.60	514.45	606.00	632.50	650.00	738.50	754.70	791.25	844.20	996.20	1177.00	1620.00	
04105500	0118	19380118	20150118	78	690.14	404.18	182.00	2380.00		292.80	300.00	351.60	369.60	394.25	439.60	486.50	501.60	584.90	602.00	661.45	693.00	740.25	760.10	789.50	910.40	981.95	1202.00	1510.50	
04105500	0119	19380119	20150119	78	694.72	396.36	192.00	2470.00		283.60	318.00	332.95	366.60	400.00	430.90	474.55	495.60	600.00	625.00	676.75	695.20	720.50	781.60	883.75	945.40	1035.00	1204.00	1463.00	
04105500	0120	19380120	20150120	78	680.72	366.21	222.00	2470.00		295.95	329.80	349.10	391.60	409.25	448.80	470.65	497.40	550.10	602.50	628.60	664.80	709.85	800.80	889.75	983.20	1033.00	1181.00	1322.50	
04105500	0121	19380121	20150121	78	679.10	364.79	215.00	2300.00		288.60	333.80	354.25	385.80	415.75	427.40	483.00	507.20	537.70	565.00	592.25	630.20	704.85	808.70	900.75	1022.00	1091.50	1195.00	1351.00	
04105500	0122	19380122	20150122	78	684.71	368.22	166.00	2220.00		312.20	336.50	350.00	379.20	416.00	445.30	458.60	506.00	543.95	581.50	610.65	630.20	730.10	795.70	926.25	1010.00	1123.00	1190.00	1232.00	
04105500	0123	19380123	20150123	78	686.97	397.30	162.00	2520.00		288.95	330.00	352.55	392.80	403.75	421.40	476.95	518.60	548.80	579.00	590.90	630.40	734.20	793.80	871.75	971.20	1043.50	1215.00	1327.00	
04105500	0124	19380124	20150124	78	703.41	414.56	264.00	2920.00		297.95	322.60	365.30	405.60	413.50	450.00	491.50	537.20	571.30	600.00	616.90	652.40	754.75	795.90	866.75	939.40	1040.00	1235.00	1414.00	
04105500	0125	19380125	20150125	78	699.01	413.02	264.00	2980.00		299.65	319.50	370.95	395.80	422.00	470.90	499.05	540.20	574.40	593.00	600.00	655.00	773.70	796.00	864.00	935.20	982.80	1113.00	1412.50	
04105500	0126	19380126	20150126	78	694.26	408.66	244.00	2740.00		269.70	333.80	353.50	413.60	437.00	460.00	484.70	543.80	565.00	591.00	620.00	704.00	730.35	758.00	808.75	878.80	1001.55	1128.00	1421.50	
04105500	0127	19380127	20150127	78	688.10	405.12	251.00	2590.00		298.50	311.10	372.95	409.60	454.25	472.10	497.65	528.00	559.10	599.00	623.40	671.20	714.15	752.40	789.00	865.60	941.35	1083.00	1514.50	
04105500	0128	19380128	20150128	78	680.01	402.68	225.00	2520.00		273.80	307.50	344.65	380.00	429.50	463.30	498.15	530.80	557.65	585.00	643.45	675.40	724.90	750.60	769.50	843.00	925.85	1117.00	1512.50	
04105500	0129	19380129	20150129	78	687.14	381.32	245.00	2460.00		274.75	337.90	363.40	395.40	436.25	447.70	509.10	536.00	549.20	588.50	670.60	695.40	753.50	797.50	827.00	843.20	891.35	1088.00	1541.00	
04105500	0130	19380130	20150130	78	683.99	378.18	169.00	2350.00		288.30	348.00	361.10	391.40	421.50	451.40	469.65	519.40	548.40	610.00	644.50	669.60	758.70	786.40	833.75	871.00	989.05	1116.00	1507.50	
04105500	0131	19380131	20150131	78	689.88	383.36	208.00	2170.00		274.65	330.40	350.00	393.60	425.50	446.40	483.10	504.20	545.50	605.00	654.05	700.60	754.70	796.90	848.50	879.60	974.75	1181.00	1544.50	
04105500	0201	19380201	20150201	78	693.01	399.38	244.00	2360.00		276.90	317.50	347.80	381.60	418.75	440.80	458.95	500.00	570.65	586.00	660.35	685.60	742.40	784.40	851.25	895.60	1047.50	1162.00	1632.50	
04105500	0202	19380202	20150202	78	699.85	428.59	268.00	2520.00		283.30	311.80	347.55	368.80	393.00	422.60	463.00	507.20	547.15	635.00	688.90	708.00	730.60	777.80	855.50	911.80	1013.00	1192.00	1588.00	
04105500	0203	19380203	20150203	78	694.83	435.38	249.00	2760.00		297.10	323.80	359.40	372.00	401.50	421.00	451.30	483.80	576.25	614.00	650.90	680.00	709.05	740.80	852.25	895.80	951.05	1210.00	1539.00	
04105500	0204	19380204	20150204	78	684.13	416.91	200.00	2980.00		302.95	324.80	351.95	399.00	417.50	441.20	464.30	478.60	545.00	594.00	653.05	690.00	712.20	745.60	823.75	881.60	953.80	1210.00	1444.00	
04105500	0205	19380205	20150205	78	681.44	400.19	211.00	2920.00		268.00	319.30	367.10	393.60	401.00	430.10	454.40	511.60	557.80	593.50	640.90	680.80	742.40	780.20	854.75	914.00	979.05	1110.00	1303.50	
04105500	0206	19380206	20150206	78	681.19	361.86	249.00	2470.00		308.70	338.30	372.40	398.20	415.25	434.30	483.10	533.20	554.10	598.50	624.95	680.80	732.40	761.80	844.75	904.80	1021.50	1151.00	1421.50	
04105500	0207	19380207	20150207	78	674.19	343.61	258.00	2150.00		295.65	315.70	376.80	397.20	407.50	446.70	482.30	534.80	563.85	601.00	640.95	664.80	740.25	785.30	821.75	867.80	960.00	1088.00	1377.00	
04105500	0208	19380208	20150208	78	666.78	336.12	235.00	1810.00		310.55	344.30	374.35	395.60	417.50	442.10	479.55	513.20	555.70	586.50	610.20	663.80	705.25	785.10	809.25	894.60	947.45	1091.00	1341.00	
04105500	0209	19380209	20150209	78	673.23	339.45	207.00	1900.00		299.75	325.60	387.25	414.00	438.50	473.50	507.60	536.00	545.50	569.50	614.70	630.40	705.60	772.50	811.00	883.00	1006.00	1156.00	1368.00	
04105500	0210	19380210	20150210	78	690.62	360.97	205.00	2090.00		310.95	359.50	381.85	404.40	427.75	459.10	505.40	531.20	547.55	598.00	624.90	656.40	718.15	763.90	869.00	927.20	1070.00	1240.00	1368.50	
04105500	0211	19380211	20150211	78	704.22	412.36	209.00	2670.00		334.65	351.80	370.55	397.20	413.75	455.60	498.25	524.20	565.30	605.50	632.70	673.40	724.80	796.60	807.75	953.00	1041.50	1105.00	1592.00	
04105500	0212	19380212	20150212	78	717.14	504.00	193.00	3510.00		297.95	342.80	369.35	400.00	417.75	435.60	480.20	530.00	562.00	602.50	641.90	667.60	741.90	819.80	845.50	906.20	1013.00	1080.00	1518.50	
04105500	0213	19380213	20150213	78	739.14	526.93	226.00	3620.00		315.80	352.70	381.05	416.00	430.75	450.60	498.25	541.80	550.00	569.50	624.90	657.60	758.20	841.30	884.25	1002.00	1083.00	1155.00	1525.50	
04105500	0214	19380214	20150214	78	745.51	496.37	244.00	3180.00		307.65	375.50	393.25	424.00	442.00	463.90	534.25	549.20	575.00	597.00	636.25	671.40	754.40	811.00	890.50	948.40	1111.50	1244.00	1482.00	
04105500	0215	19380215	20150215	78	756.17	507.53	190.00	2850.00		338.60	380.20	406.85	428.20	453.75	474.40	524.65	554.60	567.20	583.50	611.95	680.40	755.95	802.00	837.00	917.00	1170.50	1281.00	1821.50	
04105500	0216	19380216	20150216	78	784.15	525.71	207.00	3350.00		329.60	382.60	412.70	446.80	475.25	499.70	528.25	547.60	577.45	636.50	674.90	727.20	773.15	800.50	886.00	972.00	1133.00	1352.00	2177.00	
04105500	0217	19380217	20150217	78	791.72	520.78	208.00	3070.00		318.10	381.70	405.95	426.40	461.25	507.40	537.80	558.80	595.05	622.50	676.30	724.00	773.00	862.20	902.50	1024.00	1217.50	1560.00	1971.00	
04105500	0218	19380218	20150218	78	800.42	522.44	211.00	3070.00		309.40	367.60	417.00	433.80	473.00	493.80	543.25	586.80	607.45	647.50	697.80	725.60	755.60	815.90	911.50	992.00	1370.00	1480.00	1780.50	
04105500	0219	19380219	20150219	78	824.65	525.51	254.00	2750.00		321.65	376.90	422.85	428.60	448.50	504.00	539.95	578.60	605.75	661.00	722.80	765.80	802.40	838.20	927.75	1072.00	1420.00	1566.00	2021.50	
04105500	0220	19380220	20150220	78	873.77	573.06	200.00	3110.00		342.55	369.80	404.40	436.20	478.50	520.10	557.75	611.60	633.65	669.00	702.25	757.60	844.70	1019.00	1105.00	1222.00	1399.50	1810.00	2088.00	
04105500	0221	19380221	20150221	78	913.35	605.76	193.00	3330.00		341.35	392.00	417.60	453.40	504.00	531.40	593.35	607.60	642.80	665.50	709.90	798.80	978.15	1110.00	1150.00	1268.00	1561.50	1877.00	2149.50	
04105500	0222	19380222	20150222	78	941.15	638.26	193.00	3120.00		340.30	388.70	424.25	459.60	492.75	563.50	589.90	608.00	651.10	694.00	763.70	836.80	944.15	1119.00	1177.50	1410.00	1541.50	1840.00	2464.50	
04105500	0223	19380223	20150223	78	952.32	628.71	186.00	2840.00		336.50	405.50	436.85	467.80	501.50	536.90	589.95	614.20	684.65	696.50	760.65	826.20	999.05	1183.00	1252.50	1440.00	1641.50	1891.00	2548.50	
04105500	0224	19380224	20150224	78	954.71	600.75	220.00	2810.00		341.90	399.60	434.80	480.80	530.00	559.80	607.90	634.80	684.90	719.50	777.65	904.80	990.00	1103.00	1215.00	1408.00	1554.50	2051.00	2349.00	
04105500	0225	19380225	20150225	78	954.73	638.26	217.00	4210.00		328.50	388.70	458.50	527.20	572.50	596.40	616.55	630.80	687.55	725.50	783.05	870.00	969.10	1089.00	1240.00	1318.00	1506.00	1823.00	2110.00	
04105500	0226	19380226	20150226	78	954.06	720.56	186.00	5470.00		339.25	389.00	448.65	502.00	549.25	580.00	605.00	643.40	706.05	750.50	782.50	870.00	1000.00	1033.00	1182.50	1244.00	1487.00	1801.00	2146.50	
04105500	0227	19380227	20150227	78	965.54	724.41	189.00	5510.00		328.50	390.10	465.85	530.60	561.75	599.40	618.55	674.00	728.30	781.50	855.70	906.40	937.85	1040.00	1082.50	1270.00	1603.00	1804.00	2031.00	
04105500	0228	19380228	20150228	78	956.79	695.10	166.00	4840.00		336.75	397.10	430.75	528.00	559.00	597.40	623.90	663.80	716.40	787.50	802.25	908.20	960.60	1023.00	1082.50	1220.00	1569.50	1801.00	2155.00	
04105500	0229	19400229	20120229	19	970.68	662.01	208.00	2650.00		208.00	325.00	489.00	518.00	539.00	589.00	610.00	713.00	795.00	805.00	874.00	952.00	971.00	985.00	1070.00	1130.00	1660.00	2560.00	2650.00	
04105500	0301	19380301	20150301	78	955.73	638.12	233.00	4220.00		366.15	418.00	479.20	512.40	548.25	596.00	640.45	703.80	725.00	806.50	856.70	909.00	940.25	983.80	1107.50	1300.00	1473.50	1655.00	2396.50	
04105500	0302	19380302	20150302	78	945.71	560.37	230.00	3300.00		378.50	419.40	483.65	503.40	559.75	605.90	665.10	713.20	740.50	829.50	865.25	895.20	937.20	1046.00	1122.50	1300.00	1582.00	1691.00	1953.00	
04105500	0303	19380303	20150303	78	943.47	497.65	200.00	2620.00		337.10	424.30	507.80	554.80	573.75	634.00	678.20	703.60	767.00	817.50	876.45	882.40	989.70	1111.00	1227.50	1302.00	1412.50	1699.00	1985.50	
04105500	0304	19380304	20150304	78	963.71	494.65	215.00	2330.00		307.60	402.60	497.90	533.80	618.75	659.50	704.55	759.40	816.60	842.50	861.60	932.20	1047.50	1186.00	1245.00	1370.00	1433.00	1683.00	2066.50	
04105500	0305	19380305	20150305	78	1017.32	550.55	264.00	3040.00		339.25	425.70	495.55	547.40	627.50	667.00	725.25	762.60	814.70	887.50	984.05	1026.00	1107.00	1211.00	1300.00	1412.00	1591.50	1809.00	2148.00	
04105500	0306	19380306	20150306	78	1058.23	634.43	307.00	3410.00		361.40	438.00	491.55	547.40	609.25	677.70	735.30	802.40	875.35	909.50	941.25	994.00	1097.00	1225.00	1372.50	1404.00	1541.50	1919.00	2681.00	
04105500	0307	19380307	20150307	78	1073.78	646.62	264.00	3440.00		375.95	457.00	509.35	558.00	623.00	674.10	769.05	809.20	870.65	903.00	950.15	1012.00	1158.00	1263.00	1290.00	1422.00	1561.50	1975.00	2816.50	
04105500	0308	19380308	20150308	78	1084.28	643.15	324.00	3160.00		395.20	473.90	504.85	534.80	593.25	650.80	768.25	821.80	873.70	937.00	974.50	1018.00	1130.00	1193.00	1372.50	1500.00	1725.50	2000.00	2748.00	
04105500	0309	19380309	20150309	78	1084.33	641.63	357.00	2840.00		395.05	459.50	523.75	581.60	608.75	653.50	726.95	790.60	856.85	906.00	954.05	1001.00	1094.00	1153.00	1375.00	1494.00	1766.00	2222.00	2721.50	
04105500	0310	19380310	20150310	78	1108.85	677.84	350.00	3540.00		399.70	456.30	482.40	588.40	644.75	690.20	748.25	869.60	892.55	910.00	977.20	1048.00	1077.00	1161.00	1307.50	1478.00	1754.50	2270.00	2707.50	
04105500	0311	19380311	20150311	78	1126.32	700.26	336.00	3960.00		375.80	455.90	528.30	622.00	658.00	700.20	753.25	791.40	841.00	932.50	1014.50	1094.00	1190.00	1213.00	1315.00	1442.00	1870.50	2182.00	2726.50	
04105500	0312	19380312	20150312	78	1153.97	679.66	330.00	3910.00		429.85	535.00	606.05	634.00	692.25	741.60	797.55	831.00	888.85	959.00	994.50	1114.00	1193.50	1244.00	1410.00	1550.00	1852.00	2166.00	2725.00	
04105500	0313	19380313	20150313	78	1184.88	679.41	336.00	3570.00		458.35	574.50	617.60	675.00	714.50	740.00	781.25	865.60	914.30	997.50	1054.50	1118.00	1193.50	1320.00	1450.00	1668.00	1876.50	2098.00	2564.00	
04105500	0314	19380314	20150314	78	1210.56	661.78	336.00	3460.00		485.10	553.50	606.00	697.80	727.75	787.30	834.70	933.20	973.50	1000.00	1074.50	1178.00	1253.50	1433.00	1625.00	1750.00	1814.50	2076.00	2885.00	
04105500	0315	19380315	20150315	78	1213.74	643.93	324.00	3100.00		446.80	547.50	597.90	706.40	739.50	802.70	860.45	913.00	987.75	1035.00	1079.00	1292.00	1350.00	1408.00	1550.00	1610.00	1822.00	2177.00	2722.50	
04105500	0316	19380316	20150316	78	1235.15	659.60	357.00	4330.00		509.05	596.20	646.35	703.80	749.75	802.90	854.55	937.80	1011.00	1060.00	1227.00	1294.00	1370.00	1422.00	1550.00	1604.00	1796.00	2190.00	2394.00	
04105500	0317	19380317	20150317	78	1241.79	679.06	290.00	4820.00		507.35	577.40	649.55	698.20	759.00	842.50	889.80	981.40	1061.00	1100.00	1173.50	1302.00	1370.00	1453.00	1522.50	1612.00	1833.00	2000.00	2388.00	
04105500	0318	19380318	20150318	78	1249.49	699.87	319.00	4870.00		500.35	621.20	663.05	708.60	772.25	863.60	913.35	1006.00	1051.00	1105.00	1173.50	1230.00	1334.00	1473.00	1547.50	1636.00	1707.50	2020.00	2253.00	
04105500	0319	19380319	20150319	78	1230.45	680.77	295.00	4600.00		525.20	619.50	649.85	697.20	734.50	812.60	953.45	1016.00	1035.50	1105.00	1150.00	1212.00	1303.50	1380.00	1505.00	1634.00	1740.00	1825.00	2437.50	
04105500	0320	19380320	20150320	78	1212.86	639.63	290.00	4230.00		577.70	636.80	692.25	727.00	783.50	814.70	898.00	996.00	1040.00	1070.00	1110.00	1162.00	1230.00	1377.00	1482.50	1580.00	1709.00	1960.00	2753.00	
04105500	0321	19380321	20150321	78	1214.56	719.94	290.00	5200.00		568.05	604.50	695.10	738.00	800.25	831.30	933.25	957.60	995.50	1050.00	1080.00	1170.00	1190.00	1366.00	1447.50	1500.00	1548.00	1983.00	2330.50	
04105500	0322	19380322	20150322	78	1204.24	731.05	290.00	5650.00		595.90	623.90	685.15	745.00	802.50	854.60	899.30	941.40	984.40	1040.00	1100.00	1160.00	1254.00	1300.00	1400.00	1444.00	1604.50	1872.00	2327.00	
04105500	0323	19380323	20150323	78	1170.14	664.85	207.00	4910.00		588.90	608.10	674.30	739.40	789.00	847.10	874.75	896.80	917.55	988.50	1080.00	1176.00	1303.50	1320.00	1400.00	1460.00	1526.00	1681.00	2291.00	
04105500	0324	19380324	20150324	78	1149.24	603.45	278.00	4250.00		535.45	621.10	666.70	726.00	789.50	824.00	845.90	857.60	900.35	991.50	1123.50	1190.00	1270.50	1313.00	1402.50	1434.00	1546.00	1703.00	2111.50	
04105500	0325	19380325	20150325	78	1143.81	547.11	370.00	3510.00		547.95	622.10	670.70	720.00	768.00	794.10	830.55	869.60	1003.00	1085.00	1144.50	1194.00	1240.00	1293.00	1360.00	1442.00	1571.50	1725.00	2171.50	
04105500	0326	19380326	20150326	78	1125.85	512.40	405.00	2850.00		492.70	598.20	689.55	713.20	748.50	784.00	811.75	887.40	994.40	1075.00	1118.00	1158.00	1227.00	1270.00	1370.00	1424.00	1500.00	1732.00	2436.50	
04105500	0327	19380327	20150327	78	1119.06	517.84	428.00	3210.00		487.80	595.00	659.70	709.80	741.25	769.10	839.65	897.60	975.05	1045.00	1124.50	1164.00	1203.50	1290.00	1322.50	1364.00	1466.00	1804.00	2393.50	
04105500	0328	19380328	20150328	78	1131.31	566.96	391.00	4050.00		510.25	617.60	645.40	681.20	726.75	745.00	843.25	892.40	984.65	1095.00	1129.00	1194.00	1230.00	1243.00	1305.00	1350.00	1574.50	1850.00	2205.00	
04105500	0329	19380329	20150329	78	1154.63	629.80	478.00	4910.00		510.45	589.40	653.15	691.80	707.50	794.90	866.45	926.40	1006.50	1050.00	1104.50	1166.00	1227.00	1303.00	1342.50	1440.00	1626.00	1891.00	2142.50	
04105500	0330	19380330	20150330	78	1163.82	619.40	370.00	4690.00		498.90	579.10	639.90	666.80	775.00	800.00	881.15	956.60	1015.50	1030.00	1074.50	1144.00	1230.50	1328.00	1455.00	1538.00	1663.00	1874.00	2121.50	
04105500	0331	19380331	20150331	78	1179.99	590.11	290.00	3850.00		499.55	572.00	623.85	682.60	744.00	829.60	926.95	975.40	998.20	1020.00	1124.50	1190.00	1247.00	1345.00	1525.00	1600.00	1701.50	1915.00	2240.00	
04105500	0401	19380401	20150401	78	1180.85	580.51	400.00	3210.00		498.75	583.40	649.45	697.80	734.75	801.70	872.90	927.80	998.75	1035.00	1079.00	1140.00	1200.00	1429.00	1517.50	1616.00	1807.50	1976.00	2270.00	
04105500	0402	19380402	20150402	78	1171.87	553.05	425.00	2850.00		499.15	606.20	670.80	708.80	743.25	766.40	841.10	906.20	953.60	1045.00	1104.50	1150.00	1280.00	1423.00	1547.50	1604.00	1690.50	1998.00	2394.00	
04105500	0403	19380403	20150403	78	1172.31	546.22	435.00	2850.00		500.00	582.00	670.55	706.60	768.50	793.60	862.20	897.00	1001.00	1035.00	1093.50	1184.00	1227.00	1419.00	1500.00	1656.00	1713.00	1934.00	2344.00	
04105500	0404	19380404	20150404	78	1176.97	564.01	408.00	3210.00		522.80	614.40	695.00	707.40	735.25	799.00	889.15	939.40	972.75	1015.00	1073.50	1132.00	1234.00	1296.00	1462.50	1612.00	1720.50	2037.00	2431.50	
04105500	0405	19380405	20150405	78	1188.36	647.01	413.00	3990.00		515.35	637.50	675.50	719.40	738.75	786.80	854.20	907.40	955.35	1030.00	1070.00	1208.00	1243.50	1300.00	1470.00	1602.00	1683.00	2022.00	2319.00	
04105500	0406	19380406	20150406	78	1215.00	800.36	393.00	6070.00		512.10	623.30	660.70	685.00	753.00	797.00	867.60	911.80	946.60	1005.00	1074.50	1204.00	1243.50	1287.00	1450.00	1518.00	1694.50	1910.00	2334.50	
04105500	0407	19380407	20150407	78	1225.00	889.37	440.00	7130.00		529.30	627.70	654.35	699.60	759.50	835.00	870.65	906.40	931.15	975.00	1100.00	1158.00	1193.50	1306.00	1412.50	1476.00	1674.50	1864.00	2424.00	
04105500	0408	19380408	20150408	78	1202.27	862.74	461.00	6980.00		546.05	608.90	634.10	697.40	753.25	794.80	836.10	889.20	941.90	1005.00	1060.00	1130.00	1213.50	1286.00	1367.50	1492.00	1556.00	1894.00	2376.00	
04105500	0409	19380409	20150409	78	1188.15	762.96	431.00	5990.00		546.50	602.30	658.60	726.60	764.00	801.70	831.95	884.80	985.00	1020.00	1074.50	1110.00	1230.00	1303.00	1392.50	1450.00	1609.00	1848.00	2584.00	
04105500	0410	19380410	20150410	78	1153.42	637.25	458.00	4730.00		564.15	584.90	617.35	643.20	722.75	781.40	844.60	924.80	987.50	1035.00	1074.50	1144.00	1210.00	1260.00	1385.00	1478.00	1616.00	1777.00	2313.50	
04105500	0411	19380411	20150411	78	1129.53	536.79	453.00	3690.00		520.20	583.70	650.60	704.40	741.50	783.50	832.50	841.00	958.00	1015.00	1083.50	1130.00	1203.50	1286.00	1440.00	1550.00	1601.50	1894.00	2094.50	
04105500	0412	19380412	20150412	78	1112.90	490.11	428.00	3130.00		518.70	555.70	642.00	719.80	749.50	789.60	822.05	871.00	972.15	994.50	1064.50	1184.00	1237.00	1292.00	1395.00	1542.00	1640.00	1767.00	2040.50	
04105500	0413	19380413	20150413	78	1089.81	475.40	396.00	2860.00		487.25	537.20	624.25	687.40	728.25	796.00	841.00	863.80	939.60	983.00	1078.00	1150.00	1224.00	1270.00	1327.50	1466.00	1659.00	1747.00	2021.50	
04105500	0414	19380414	20150414	78	1077.21	482.40	330.00	2600.00		491.40	529.50	639.55	677.80	720.25	744.40	790.85	842.80	893.25	960.00	1078.00	1128.00	1174.00	1243.00	1285.00	1424.00	1660.00	1755.00	2140.00	
04105500	0415	19380415	20150415	78	1060.97	466.82	364.00	2300.00		433.85	518.40	628.50	662.60	732.75	764.00	800.65	838.60	890.05	948.00	1044.50	1074.00	1164.00	1270.00	1310.00	1402.00	1609.00	1754.00	2038.50	
04105500	0416	19380416	20150416	78	1042.83	436.02	350.00	2470.00		451.90	514.10	608.95	644.00	738.50	789.20	820.10	881.40	909.20	964.50	992.15	1094.00	1177.00	1210.00	1252.50	1350.00	1561.50	1654.00	1781.50	
04105500	0417	19380417	20150417	78	1014.79	407.38	350.00	2470.00		441.35	533.60	624.45	647.40	739.00	798.70	828.95	876.00	906.65	939.00	974.40	1042.00	1133.50	1156.00	1202.50	1312.00	1464.50	1571.00	1752.50	
04105500	0418	19380418	20150418	78	998.46	384.08	370.00	2140.00		449.75	527.10	618.50	638.60	699.50	772.80	825.65	861.20	884.55	932.50	954.50	1048.00	1103.50	1123.00	1202.50	1312.00	1427.50	1593.00	1722.50	
04105500	0419	19380419	20150419	78	999.97	411.24	336.00	2320.00		471.40	515.70	610.20	633.60	691.25	761.70	812.15	864.60	887.75	925.50	978.05	1012.00	1033.50	1072.00	1200.00	1330.00	1463.00	1639.00	1818.00	
04105500	0420	19380420	20150420	78	1043.13	537.48	330.00	3710.00		477.65	544.50	618.05	684.60	728.25	769.20	816.95	835.40	867.65	922.50	947.80	1010.00	1064.00	1113.00	1172.50	1310.00	1439.50	1666.00	1938.00	
04105500	0421	19380421	20150421	78	1067.50	636.40	307.00	4590.00		457.60	549.50	598.20	677.80	721.25	760.00	787.55	840.60	858.20	932.00	955.80	1008.00	1077.00	1112.00	1237.50	1320.00	1378.00	1743.00	2393.00	
04105500	0422	19380422	20150422	78	1070.69	624.88	382.00	4110.00		452.95	544.50	572.95	647.20	694.75	735.70	787.85	827.40	859.10	908.50	965.45	1030.00	1073.50	1141.00	1250.00	1324.00	1468.00	1730.00	2390.50	
04105500	0423	19380423	20150423	78	1052.09	572.17	376.00	3350.00		441.00	529.50	557.65	611.20	681.50	725.40	751.30	786.40	862.75	879.50	920.60	982.00	1050.00	1180.00	1262.50	1430.00	1537.50	1883.00	2389.50	
04105500	0424	19380424	20150424	78	1046.13	531.05	428.00	2730.00		452.65	499.20	554.80	619.00	673.75	708.50	738.95	782.40	825.00	881.00	939.60	1008.00	1123.50	1163.00	1275.00	1466.00	1733.00	1841.00	2310.00	
04105500	0425	19380425	20150425	78	1045.94	533.41	370.00	2810.00		460.90	500.00	550.95	640.60	694.25	726.40	758.00	796.20	820.95	874.00	925.40	992.00	1060.50	1166.00	1315.00	1392.00	1620.00	1918.00	2198.50	
04105500	0426	19380426	20150426	78	1037.76	541.96	330.00	3350.00		486.30	509.60	548.35	588.00	655.25	694.40	743.40	808.60	864.10	908.00	965.70	1008.00	1103.50	1193.00	1252.50	1366.00	1631.50	1772.00	2042.00	
04105500	0427	19380427	20150427	78	1027.59	557.78	350.00	4050.00		447.80	495.30	570.50	607.20	664.00	719.90	762.40	803.80	876.00	917.50	955.85	1030.00	1070.00	1133.00	1190.00	1328.00	1563.00	1675.00	1952.00	
04105500	0428	19380428	20150428	78	1015.08	536.79	339.00	3850.00		447.70	513.20	566.90	623.00	662.25	702.00	774.15	838.60	885.20	927.00	950.00	968.60	1037.00	1078.00	1147.50	1344.00	1433.00	1604.00	2062.50	
04105500	0429	19380429	20150429	78	993.03	499.37	373.00	3210.00		434.75	499.40	537.60	576.00	667.50	695.50	755.45	799.40	840.55	900.00	912.25	960.00	1000.50	1093.00	1227.50	1372.00	1456.00	1614.00	2222.50	
04105500	0430	19380430	20150430	78	986.82	491.35	325.00	2750.00		429.90	479.80	547.95	560.00	584.25	689.50	737.60	803.40	842.05	869.50	903.65	982.00	1040.50	1166.00	1280.00	1342.00	1433.00	1551.00	2313.00	
04105500	0501	19380501	20150501	78	969.79	507.12	344.00	3350.00		454.20	501.80	545.75	575.40	611.00	669.20	694.55	734.80	804.40	834.50	895.15	946.00	1000.00	1140.00	1182.50	1322.00	1360.00	1522.00	2265.00	
04105500	0502	19380502	20150502	78	963.85	486.98	396.00	3350.00		478.35	519.80	546.80	589.40	624.50	687.80	730.25	760.80	796.05	838.50	876.20	922.80	1030.00	1058.00	1162.50	1230.00	1369.00	1600.00	1984.50	
04105500	0503	19380503	20150503	78	932.49	464.74	335.00	2950.00		426.65	497.20	519.70	585.00	610.50	662.10	702.90	758.60	789.65	825.00	871.40	912.40	947.80	990.60	1095.00	1194.00	1344.50	1644.00	1810.00	
04105500	0504	19380504	20150504	78	901.88	434.45	330.00	2560.00		449.60	496.10	554.35	580.60	611.25	645.40	682.95	749.60	768.20	803.00	830.45	846.40	887.80	942.80	1055.00	1144.00	1254.50	1457.00	1982.50	
04105500	0505	19380505	20150505	78	868.17	391.16	330.00	2390.00		474.00	512.60	550.00	588.40	616.25	629.60	680.45	711.60	745.15	792.50	802.70	826.40	849.90	923.60	967.75	1062.00	1223.50	1351.00	1762.00	
04105500	0506	19380506	20150506	78	831.24	357.46	336.00	2140.00		446.40	496.80	536.10	557.00	582.75	599.40	653.25	683.00	705.65	761.50	780.00	802.60	848.30	911.00	953.75	1016.00	1117.50	1339.00	1724.00	
04105500	0507	19380507	20150507	78	806.50	333.80	317.00	1930.00		404.50	463.60	515.05	565.60	590.50	610.50	639.30	663.00	691.00	744.50	761.15	784.60	844.05	874.80	945.25	1024.00	1114.50	1283.00	1650.00	
04105500	0508	19380508	20150508	78	797.58	326.31	357.00	2040.00		411.70	493.40	504.70	519.00	556.75	588.50	605.20	628.40	700.75	733.00	763.40	835.20	867.00	890.80	942.75	1004.00	1111.50	1162.00	1460.00	
04105500	0509	19380509	20150509	78	791.79	319.99	345.00	2120.00		422.25	481.20	504.25	540.00	559.00	566.40	589.55	629.20	701.30	728.00	767.15	828.80	859.70	889.80	966.50	1028.00	1123.00	1172.00	1303.50	
04105500	0510	19380510	20150510	78	811.64	334.46	342.00	2160.00		382.30	459.40	503.85	542.40	549.50	588.30	625.65	670.60	712.50	796.50	816.90	843.20	867.40	910.30	1012.50	1062.00	1094.50	1162.00	1474.00	
04105500	0511	19380511	20150511	78	837.82	378.17	307.00	2470.00		411.65	437.50	508.50	549.60	567.75	603.70	628.25	703.00	759.95	790.00	820.00	849.20	886.75	926.00	992.50	1054.00	1114.50	1267.00	1652.00	
04105500	0512	19380512	20150512	78	876.99	492.16	334.00	3670.00		402.20	440.70	503.40	545.40	573.00	594.10	649.85	717.60	742.75	776.00	793.65	836.00	906.40	942.10	999.00	1070.00	1231.50	1455.00	1775.50	
04105500	0513	19380513	20150513	78	912.40	560.00	313.00	4050.00		387.05	433.70	502.45	561.00	594.25	638.60	673.25	702.80	737.30	770.00	836.60	863.40	919.20	967.20	1022.50	1092.00	1312.00	1433.00	1795.50	
04105500	0514	19380514	20150514	78	920.58	562.02	334.00	3670.00		386.90	463.00	495.95	541.00	589.25	640.80	680.25	697.20	719.55	785.50	827.25	854.00	906.40	963.60	1052.50	1138.00	1320.00	1486.00	2004.00	
04105500	0515	19380515	20150515	78	932.28	532.06	323.00	3070.00		410.70	478.90	497.85	549.00	578.00	610.50	647.35	692.60	699.10	772.00	878.80	900.00	950.70	1050.00	1180.00	1252.00	1293.00	1468.00	2175.00	
04105500	0516	19380516	20150516	78	935.31	520.62	303.00	2750.00		405.85	469.90	497.90	546.80	579.50	605.90	638.70	673.20	716.45	768.50	796.25	842.80	930.50	1030.00	1205.00	1332.00	1427.50	1686.00	2145.00	
04105500	0517	19380517	20150517	78	941.18	553.38	323.00	2840.00		412.40	463.60	494.10	544.00	564.25	595.70	627.80	669.20	702.75	736.00	781.85	834.00	903.50	1003.00	1197.50	1268.00	1583.00	1814.00	2313.50	
04105500	0518	19380518	20150518	78	947.50	597.77	345.00	3320.00		422.65	439.30	504.55	528.40	548.75	574.30	622.80	677.00	696.65	747.50	774.95	822.80	877.55	1000.00	1155.00	1338.00	1544.50	1832.00	2075.00	
04105500	0519	19380519	20150519	78	926.41	581.01	334.00	3150.00		383.90	443.60	487.05	518.80	564.00	589.00	636.05	669.00	688.55	700.50	716.70	790.80	878.65	1003.00	1092.50	1290.00	1478.50	1672.00	2202.50	
04105500	0520	19380520	20150520	78	911.00	544.12	313.00	2940.00		382.75	439.90	483.45	511.00	543.25	594.00	628.30	654.00	692.95	711.00	749.45	858.00	914.90	1006.00	1117.50	1232.00	1414.50	1573.00	2199.00	
04105500	0521	19380521	20150521	78	891.01	526.85	275.00	2840.00		379.80	421.80	461.05	498.00	524.25	556.00	632.00	651.80	693.75	715.00	753.95	840.40	900.10	983.80	1055.00	1208.00	1324.50	1572.00	2240.00	
04105500	0522	19380522	20150522	78	888.13	517.34	290.00	3150.00		358.90	419.00	461.65	500.00	519.75	567.50	621.95	645.60	672.20	720.00	792.05	857.20	890.70	904.40	1125.00	1220.00	1367.50	1714.00	1919.50	
04105500	0523	19380523	20150523	78	881.17	559.95	284.00	3310.00		367.80	410.90	439.20	491.60	501.50	547.00	578.60	619.20	643.10	745.00	788.55	827.20	865.30	1035.00	1100.00	1150.00	1393.00	1554.00	1745.50	
04105500	0524	19380524	20150524	78	873.63	574.80	273.00	3960.00		386.35	406.80	439.95	478.60	512.75	547.90	561.65	601.80	676.95	710.00	757.20	819.00	928.70	1006.00	1087.50	1214.00	1303.00	1441.00	1582.00	
04105500	0525	19380525	20150525	78	867.05	568.31	240.00	3650.00		343.00	392.10	427.95	472.40	499.25	543.10	571.10	610.80	671.10	702.50	794.05	840.40	890.00	972.50	1045.00	1160.00	1283.00	1493.00	1844.50	
04105500	0526	19380526	20150526	78	852.73	544.80	230.00	3120.00		347.80	388.40	425.85	468.40	483.50	519.70	581.20	620.60	653.30	674.50	796.60	848.40	895.90	926.20	973.75	1084.00	1283.00	1451.00	2025.00	
04105500	0527	19380527	20150527	78	848.82	554.08	222.00	2940.00		331.75	403.00	433.40	455.60	497.50	515.50	550.00	595.80	640.55	653.00	765.80	830.00	879.35	922.30	970.00	1072.00	1240.00	1470.00	2240.50	
04105500	0528	19380528	20150528	78	843.71	574.27	219.00	3390.00		294.80	393.90	434.80	473.20	492.50	500.70	533.65	572.60	612.35	681.00	731.95	776.00	837.95	917.00	981.25	1082.00	1133.00	1613.00	2220.50	
04105500	0529	19380529	20150529	78	823.42	547.69	226.00	3350.00		302.10	398.80	427.55	457.20	475.00	500.00	523.55	551.00	599.05	672.50	729.10	767.00	829.55	871.60	915.25	1044.00	1141.50	1674.00	2057.50	
04105500	0530	19380530	20150530	78	800.95	526.99	206.00	3230.00		290.20	384.50	411.70	445.60	478.50	499.70	522.55	546.00	578.75	642.50	725.00	764.40	793.05	823.60	919.75	1022.00	1150.50	1555.00	2181.00	
04105500	0531	19380531	20150531	78	821.14	525.57	222.00	2970.00		292.60	389.90	415.25	446.40	475.50	516.90	560.30	588.40	653.80	698.00	719.50	754.80	792.30	852.70	970.50	1048.00	1237.50	1645.00	2202.00	
04105500	0601	19380601	20150601	78	843.14	563.04	211.00	3040.00		321.85	363.90	429.35	454.00	489.00	512.10	568.95	612.40	658.05	698.00	731.30	766.40	788.70	843.10	960.50	1118.00	1181.50	1582.00	2317.50	
04105500	0602	19380602	20150602	78	858.33	606.87	189.00	3760.00		347.10	385.80	424.55	450.00	490.50	535.80	584.30	631.40	668.10	690.00	734.50	765.40	835.55	878.90	956.25	1048.00	1181.50	1461.00	2203.00	
04105500	0603	19380603	20150603	78	857.74	643.49	179.00	4130.00		329.75	377.20	404.25	439.60	501.00	550.00	587.95	608.40	646.65	677.50	754.00	786.80	853.70	887.60	980.00	1070.00	1239.50	1425.00	2010.00	
04105500	0604	19380604	20150604	78	838.82	642.08	186.00	4020.00		334.30	388.00	410.20	453.80	477.50	502.80	552.25	580.60	639.70	663.50	702.25	788.80	808.40	880.30	932.75	996.00	1220.50	1382.00	2107.00	
04105500	0605	19380605	20150605	78	805.47	570.39	186.00	3500.00		353.95	391.70	410.85	439.40	458.00	506.20	535.80	578.20	638.10	655.00	712.50	746.00	769.80	817.80	907.75	1002.00	1230.00	1340.00	1920.50	
04105500	0606	19380606	20150606	78	780.65	499.60	219.00	2940.00		340.55	403.60	424.55	430.60	448.75	483.00	555.90	594.40	621.85	642.00	664.15	729.60	779.35	804.40	876.25	985.20	1141.50	1320.00	1818.50	
04105500	0607	19380607	20150607	78	744.65	450.61	303.00	2560.00		359.80	383.50	398.00	429.60	450.50	479.70	500.65	543.00	561.10	600.50	665.15	704.60	735.00	766.10	844.00	984.60	1042.00	1255.00	1971.50	
04105500	0608	19380608	20150608	78	741.41	445.30	268.00	2550.00		359.40	396.50	401.70	418.40	428.25	459.40	470.00	537.20	589.85	615.00	657.70	689.60	705.50	745.30	888.00	970.00	1156.00	1240.00	1877.00	
04105500	0609	19380609	20150609	78	731.46	445.95	222.00	2790.00		356.35	399.50	402.85	421.00	439.00	453.10	481.85	518.00	560.85	591.50	621.70	648.80	677.45	770.00	827.25	1000.00	1120.50	1335.00	1706.50	
04105500	0610	19380610	20150610	78	714.82	415.42	196.00	2510.00		349.20	375.20	403.10	419.20	429.75	450.70	480.65	525.00	549.05	597.50	624.45	652.80	679.25	715.40	802.25	978.00	1116.00	1256.00	1688.00	
04105500	0611	19380611	20150611	78	691.81	382.41	213.00	2130.00		319.55	367.60	381.40	400.80	422.00	441.20	467.20	519.60	540.00	575.50	623.40	655.80	698.55	740.40	877.50	920.40	1061.50	1173.00	1651.50	
04105500	0612	19380612	20150612	78	674.64	338.62	268.00	1760.00		323.85	344.80	382.10	412.40	431.50	451.50	476.30	502.40	548.20	571.50	609.80	634.40	697.70	771.50	827.25	904.00	1041.50	1190.00	1540.50	
04105500	0613	19380613	20150613	78	670.55	302.73	264.00	1520.00		323.85	361.20	381.70	404.60	434.75	461.00	485.60	537.20	555.15	577.00	629.70	705.00	731.70	783.80	847.75	885.20	962.05	1103.00	1411.00	
04105500	0614	19380614	20150614	78	684.03	321.28	222.00	1750.00		318.60	367.70	391.70	434.60	450.00	479.20	518.60	549.00	570.65	585.50	614.90	661.20	709.00	748.30	809.50	943.40	1063.00	1182.00	1341.00	
04105500	0615	19380615	20150615	78	679.29	334.12	278.00	1920.00		309.90	350.00	377.85	416.80	437.50	473.60	504.60	544.60	565.50	598.00	637.15	675.40	704.15	731.50	775.75	829.60	1091.50	1176.00	1372.00	
04105500	0616	19380616	20150616	78	673.40	334.85	240.00	1980.00		299.10	346.30	380.10	409.40	425.75	468.70	506.30	526.80	549.10	568.00	637.35	668.40	687.85	733.80	782.75	893.80	1010.50	1154.00	1421.00	
04105500	0617	19380617	20150617	78	670.73	345.22	254.00	2060.00		289.50	323.20	373.85	405.80	443.00	463.50	494.75	537.20	560.00	570.00	611.35	672.60	689.55	746.50	806.00	883.80	975.20	1063.00	1463.00	
04105500	0618	19380618	20150618	78	671.17	363.21	245.00	2190.00		306.40	329.90	355.00	378.80	431.00	447.00	476.00	524.00	547.10	565.00	619.45	661.00	719.40	770.10	836.00	901.00	946.25	1043.00	1273.00	
04105500	0619	19380619	20150619	78	667.95	362.40	244.00	2160.00		269.40	298.60	353.50	409.80	430.00	483.50	501.30	538.80	552.75	576.50	631.25	656.40	683.05	714.30	832.00	881.00	953.90	1065.00	1352.00	
04105500	0620	19380620	20150620	78	664.49	356.75	226.00	2010.00		289.95	312.70	360.25	386.40	426.25	461.10	480.65	511.00	542.05	564.50	604.25	637.20	707.65	787.30	861.50	900.00	929.50	1005.00	1283.50	
04105500	0621	19380621	20150621	78	654.03	350.23	219.00	2200.00		283.55	314.30	349.00	377.20	411.50	424.80	460.10	502.40	546.55	571.00	590.35	684.40	706.95	751.80	798.00	863.20	927.50	1023.00	1363.50	
04105500	0622	19380622	20150622	78	656.47	360.57	218.00	2490.00		268.95	303.50	368.50	394.00	406.50	435.40	467.85	487.20	507.20	553.50	604.55	662.00	708.40	780.50	853.25	882.40	951.00	1041.00	1422.00	
04105500	0623	19380623	20150623	78	658.00	373.49	200.00	2440.00		249.25	303.70	365.25	380.40	408.25	426.60	473.95	503.00	537.10	554.50	596.60	636.80	719.65	755.60	842.75	912.00	956.15	1034.00	1302.00	
04105500	0624	19380624	20150624	78	682.13	386.52	249.00	2470.00		259.90	320.70	372.70	383.80	407.25	439.00	462.70	512.20	541.10	592.50	635.20	675.80	745.35	812.20	844.75	907.20	1011.50	1204.00	1281.00	
04105500	0625	19380625	20150625	78	683.04	425.99	249.00	3190.00		279.40	309.80	337.65	360.00	390.00	427.40	452.15	487.40	527.60	595.00	632.90	659.20	767.40	820.00	870.00	946.00	1050.00	1131.00	1299.00	
04105500	0626	19380626	20150626	78	694.45	445.24	178.00	3280.00		254.50	288.70	332.60	373.80	397.25	432.50	458.25	497.20	544.60	590.00	678.05	715.00	783.50	820.60	860.50	961.60	1033.00	1107.00	1422.00	
04105500	0627	19380627	20150627	78	679.86	456.38	157.00	3240.00		221.85	284.30	326.55	365.00	383.00	436.30	477.65	515.80	555.00	591.00	616.05	672.80	701.75	767.80	831.00	889.80	955.25	1114.00	1517.00	
04105500	0628	19380628	20150628	78	673.46	437.23	176.00	3170.00		271.25	310.00	352.15	369.60	400.75	423.40	455.65	495.20	553.25	591.00	648.90	684.00	714.90	778.60	800.00	830.40	931.65	1032.00	1532.00	
04105500	0629	19380629	20150629	78	652.19	423.25	198.00	2950.00		248.75	307.90	328.65	355.40	391.50	416.50	438.90	482.00	531.55	563.00	599.45	645.80	681.35	718.00	791.25	851.40	940.15	1022.00	1468.50	
04105500	0630	19380630	20150630	78	631.09	399.44	170.00	2730.00		258.30	301.60	337.40	373.40	389.75	424.10	448.30	506.60	520.95	550.00	572.90	596.60	634.55	669.90	743.00	831.60	922.15	962.50	1285.00	
04105500	0701	19380701	20150701	78	628.78	368.34	166.00	2490.00		270.00	304.00	358.90	390.00	425.00	443.10	459.00	491.40	516.00	542.50	569.15	608.00	632.45	675.90	751.00	812.60	877.65	990.50	1151.00	
04105500	0702	19380702	20150702	78	606.58	329.90	250.00	2200.00		265.65	310.50	344.20	366.80	387.00	428.20	451.60	476.20	491.05	524.50	555.20	616.40	634.75	676.20	734.00	771.20	812.55	930.60	1171.50	
04105500	0703	19380703	20150703	78	592.12	348.81	201.00	2160.00		258.30	293.60	323.60	345.00	386.00	404.80	422.70	443.20	476.15	510.50	532.65	571.80	600.00	664.40	731.25	744.40	779.20	913.60	1246.50	
04105500	0704	19380704	20150704	78	581.55	309.45	178.00	1970.00		246.65	294.90	341.85	347.80	384.75	395.40	424.10	451.00	502.80	532.00	546.35	569.20	600.00	646.20	694.50	754.40	783.00	906.50	1195.00	
04105500	0705	19380705	20150705	78	551.14	286.75	178.00	1830.00		229.45	287.30	320.85	344.00	355.50	371.50	397.55	438.20	464.00	485.50	523.35	549.40	582.50	608.80	642.50	709.20	793.30	892.40	1138.00	
04105500	0706	19380706	20150706	78	551.15	266.71	193.00	1730.00		243.80	291.80	314.70	355.80	386.25	424.10	433.25	443.40	452.55	482.00	510.35	540.00	563.50	581.90	660.50	684.00	761.20	938.20	1132.00	
04105500	0707	19380707	20150707	78	537.38	250.55	197.00	1600.00		270.70	290.50	316.00	340.00	373.25	401.60	413.65	432.80	473.75	490.00	501.90	522.80	552.35	588.30	628.00	696.00	730.45	860.20	1084.00	
04105500	0708	19380708	20150708	78	541.78	248.07	204.00	1360.00		257.95	291.90	320.45	352.60	389.75	407.00	419.95	439.40	482.20	504.00	508.00	525.00	550.95	578.40	620.50	675.20	720.65	877.60	1230.50	
04105500	0709	19380709	20150709	78	537.37	256.31	182.00	1550.00		251.65	269.90	290.75	342.80	399.00	403.70	415.20	444.80	471.20	484.50	514.40	550.00	558.05	578.50	612.25	668.60	722.90	805.10	1210.00	
04105500	0710	19380710	20150710	78	517.38	250.25	197.00	1760.00		218.40	277.10	294.40	345.20	378.25	399.20	420.00	444.60	449.55	465.50	483.70	508.80	528.25	546.50	600.00	646.60	670.15	782.90	1084.00	
04105500	0711	19380711	20150711	78	507.78	240.14	166.00	1810.00		243.60	292.50	303.85	350.00	363.00	379.00	400.00	428.00	439.10	455.00	473.35	498.20	526.75	554.40	605.25	637.40	665.35	742.60	962.55	
04105500	0712	19380712	20150712	78	507.72	230.40	162.00	1670.00		249.25	300.60	319.85	370.00	387.75	400.00	416.00	420.60	439.10	454.00	486.80	496.40	523.70	545.60	558.25	592.60	655.00	765.10	1102.50	
04105500	0713	19380713	20150713	78	496.46	217.18	166.00	1470.00		234.80	278.00	324.85	341.00	379.50	398.50	406.00	413.80	425.75	451.00	470.60	489.80	513.95	538.50	570.00	611.00	651.60	750.60	1034.00	
04105500	0714	19380714	20150714	78	486.68	222.52	198.00	1510.00		238.55	279.00	303.80	319.40	362.50	375.50	391.50	406.60	434.10	444.00	454.50	479.00	511.85	523.90	539.50	553.40	617.20	718.20	1063.00	
04105500	0715	19380715	20150715	78	481.10	203.82	203.00	1390.00		225.65	278.40	298.80	323.80	352.25	370.00	397.00	413.80	423.00	429.50	470.05	490.40	502.40	520.00	542.00	590.80	643.00	708.20	958.25	
04105500	0716	19380716	20150716	78	487.23	224.66	219.00	1510.00		239.30	280.40	293.40	314.60	333.25	370.00	398.25	411.80	419.20	447.00	460.00	477.40	498.70	511.30	531.00	595.60	660.55	748.00	965.70	
04105500	0717	19380717	20150717	78	489.08	246.75	181.00	1520.00		225.90	259.70	288.80	322.40	337.00	355.10	381.55	394.40	416.55	433.00	455.90	485.40	509.80	526.00	547.00	572.60	707.90	721.80	1051.50	
04105500	0718	19380718	20150718	78	493.17	242.91	152.00	1540.00		224.85	263.80	305.25	332.00	348.00	372.40	394.90	404.00	422.55	444.00	469.80	495.40	506.45	537.50	570.50	603.40	662.45	747.20	945.60	
04105500	0719	19380719	20150719	78	486.94	232.90	141.00	1540.00		254.80	272.90	296.85	314.60	341.00	348.10	374.90	387.20	416.05	431.50	449.45	477.00	511.35	534.00	563.50	664.20	687.45	735.50	887.20	
04105500	0720	19380720	20150720	78	503.00	240.36	196.00	1420.00		248.40	281.80	309.10	323.20	338.75	359.10	375.95	401.20	428.15	453.50	460.90	477.80	509.40	530.30	583.75	673.40	723.85	779.70	1072.00	
04105500	0721	19380721	20150721	78	506.77	223.93	170.00	1300.00		219.05	287.80	306.95	322.80	339.50	359.10	384.05	412.20	441.40	460.00	492.25	509.60	530.40	589.00	635.25	687.40	718.60	801.90	922.75	
04105500	0722	19380722	20150722	78	510.60	231.40	131.00	1110.00		210.80	264.30	289.35	308.80	334.75	355.50	367.95	396.80	429.40	453.00	499.45	517.00	548.75	599.70	658.75	750.80	797.45	839.50	1031.00	
04105500	0723	19380723	20150723	78	519.69	261.26	138.00	1820.00		229.45	249.90	291.70	312.20	348.50	358.50	394.75	413.00	431.30	475.50	502.15	540.40	564.25	612.60	644.75	687.40	723.90	801.30	954.95	
04105500	0724	19380724	20150724	78	513.62	302.82	119.00	2390.00		200.55	266.00	299.10	323.60	329.00	348.50	383.85	396.00	417.40	438.50	476.00	516.40	560.05	601.10	618.25	664.40	722.90	807.50	996.00	
04105500	0725	19380725	20150725	78	499.24	329.43	122.00	2830.00		209.90	249.40	288.50	306.60	326.75	359.10	383.60	395.80	412.50	429.50	441.70	491.20	514.40	566.60	594.00	626.60	678.85	726.70	934.00	
04105500	0726	19380726	20150726	78	485.46	333.13	112.00	2930.00		234.75	257.20	285.70	297.20	329.25	340.70	358.55	381.00	396.00	420.00	438.60	464.80	486.10	538.30	561.00	628.20	658.90	708.10	865.60	
04105500	0727	19370727	20150727	79	482.56	288.94	110.00	2510.00		201.00	280.00	299.00	329.00	333.00	344.00	355.00	384.00	404.00	410.00	451.00	478.00	508.00	541.00	583.00	603.00	655.00	727.00	840.00	
04105500	0728	19370728	20150728	79	478.82	260.68	126.00	2150.00		215.00	268.00	300.00	305.00	317.00	336.00	354.00	382.00	394.00	420.00	467.00	486.00	516.00	531.00	583.00	604.00	644.00	724.00	840.00	
04105500	0729	19370729	20150729	79	471.72	246.26	138.00	1900.00		200.00	254.00	280.00	301.00	315.00	329.00	355.00	373.00	391.00	421.00	450.00	488.00	497.00	545.00	572.00	610.00	663.00	716.00	840.00	
04105500	0730	19370730	20150730	79	474.80	239.01	115.00	1630.00		223.00	261.00	281.00	305.00	333.00	342.00	350.00	377.00	404.00	430.00	448.00	469.00	480.00	527.00	547.00	577.00	663.00	760.00	936.00	
04105500	0731	19370731	20150731	79	470.68	247.05	117.00	1560.00		208.00	246.00	275.00	297.00	312.00	337.00	350.00	384.00	402.00	419.00	451.00	464.00	474.00	500.00	530.00	578.00	630.00	829.00	932.00	
04105500	0801	19370801	20150801	79	462.22	253.82	112.00	1770.00		224.00	251.00	284.00	298.00	304.00	321.00	343.00	370.00	383.00	408.00	430.00	450.00	460.00	476.00	507.00	549.00	645.00	739.00	946.00	
04105500	0802	19370802	20150802	79	453.61	232.88	119.00	1590.00		215.00	253.00	272.00	288.00	300.00	327.00	339.00	361.00	385.00	403.00	418.00	439.00	456.00	478.00	492.00	548.00	629.00	780.00	913.00	
04105500	0803	19370803	20150803	79	448.65	219.95	122.00	1460.00		227.00	254.00	267.00	280.00	291.00	327.00	335.00	356.00	373.00	397.00	422.00	430.00	447.00	484.00	526.00	589.00	652.00	699.00	880.00	
04105500	0804	19370804	20150804	79	448.68	202.95	112.00	1270.00		200.00	248.00	277.00	290.00	322.00	329.00	350.00	372.00	379.00	408.00	429.00	452.00	472.00	493.00	527.00	560.00	628.00	717.00	825.00	
04105500	0805	19370805	20150805	79	446.37	184.19	86.00	1090.00		224.00	254.00	272.00	290.00	314.00	334.00	358.00	370.00	396.00	430.00	448.00	457.00	475.00	494.00	521.00	560.00	630.00	692.00	857.00	
04105500	0806	19370806	20150806	79	437.76	175.33	104.00	953.00		230.00	263.00	272.00	282.00	297.00	310.00	324.00	357.00	396.00	419.00	433.00	454.00	492.00	501.00	530.00	553.00	600.00	681.00	838.00	
04105500	0807	19370807	20150807	79	428.38	170.29	108.00	940.00		179.00	219.00	263.00	300.00	320.00	328.00	340.00	369.00	388.00	416.00	428.00	450.00	468.00	488.00	506.00	553.00	610.00	703.00	730.00	
04105500	0808	19370808	20150808	79	431.49	163.82	112.00	868.00		201.00	244.00	280.00	297.00	324.00	334.00	340.00	350.00	389.00	415.00	434.00	443.00	457.00	464.00	518.00	587.00	638.00	679.00	797.00	
04105500	0809	19370809	20150809	79	431.61	171.59	119.00	1030.00		219.00	250.00	280.00	287.00	300.00	318.00	340.00	350.00	388.00	393.00	421.00	440.00	460.00	470.00	520.00	577.00	622.00	667.00	791.00	
04105500	0810	19370810	20150810	79	433.01	165.30	98.00	1030.00		222.00	253.00	282.00	310.00	322.00	334.00	346.00	366.00	380.00	416.00	430.00	436.00	450.00	475.00	520.00	547.00	614.00	659.00	803.00	
04105500	0811	19370811	20150811	79	440.35	163.06	200.00	898.00		245.00	270.00	287.00	310.00	323.00	340.00	351.00	365.00	381.00	407.00	417.00	428.00	475.00	507.00	530.00	550.00	586.00	640.00	862.00	
04105500	0812	19370812	20150812	79	443.57	174.65	186.00	1000.00		230.00	250.00	260.00	284.00	314.00	330.00	358.00	384.00	409.00	420.00	430.00	479.00	489.00	500.00	521.00	543.00	590.00	684.00	850.00	
04105500	0813	19370813	20150813	79	430.20	177.86	155.00	1200.00		235.00	249.00	255.00	280.00	300.00	329.00	350.00	369.00	389.00	400.00	421.00	443.00	475.00	489.00	495.00	507.00	548.00	651.00	856.00	
04105500	0814	19370814	20150814	79	422.08	192.40	152.00	1500.00		219.00	250.00	265.00	275.00	295.00	314.00	344.00	360.00	377.00	384.00	407.00	421.00	458.00	470.00	483.00	492.00	556.00	606.00	784.00	
04105500	0815	19370815	20150815	79	414.95	199.84	163.00	1700.00		186.00	250.00	270.00	277.00	290.00	304.00	326.00	345.00	361.00	398.00	416.00	429.00	450.00	460.00	479.00	508.00	539.00	574.00	708.00	
04105500	0816	19370816	20150816	79	416.94	200.11	155.00	1800.00		230.00	250.00	260.00	292.00	305.00	321.00	337.00	349.00	371.00	392.00	421.00	450.00	451.00	459.00	477.00	491.00	538.00	578.00	659.00	
04105500	0817	19370817	20150817	79	417.76	196.94	112.00	1800.00		225.00	260.00	277.00	299.00	314.00	324.00	333.00	340.00	367.00	402.00	425.00	441.00	450.00	465.00	474.00	509.00	539.00	572.00	630.00	
04105500	0818	19370818	20150818	79	410.44	201.81	124.00	1750.00		203.00	260.00	266.00	278.00	285.00	306.00	316.00	329.00	369.00	380.00	400.00	428.00	446.00	460.00	481.00	510.00	527.00	580.00	638.00	
04105500	0819	19370819	20150819	79	419.95	193.99	152.00	1700.00		187.00	240.00	276.00	296.00	313.00	322.00	338.00	363.00	384.00	406.00	428.00	451.00	460.00	470.00	490.00	510.00	536.00	569.00	650.00	
04105500	0820	19370820	20150820	79	440.11	203.59	131.00	1500.00		215.00	250.00	261.00	289.00	307.00	321.00	331.00	354.00	392.00	413.00	437.00	459.00	474.00	483.00	512.00	544.00	595.00	692.00	849.00	
04105500	0821	19370821	20150821	79	432.91	178.67	143.00	1250.00		222.00	240.00	267.00	300.00	314.00	330.00	360.00	383.00	395.00	406.00	435.00	450.00	469.00	476.00	485.00	528.00	574.00	628.00	759.00	
04105500	0822	19370822	20150822	79	446.56	209.03	162.00	1390.00		214.00	240.00	275.00	290.00	308.00	316.00	347.00	377.00	388.00	412.00	427.00	446.00	456.00	483.00	516.00	543.00	595.00	738.00	811.00	
04105500	0823	19370823	20150823	79	437.48	188.08	166.00	1220.00		229.00	244.00	266.00	290.00	312.00	326.00	337.00	369.00	388.00	414.00	427.00	431.00	450.00	490.00	507.00	542.00	576.00	699.00	801.00	
04105500	0824	19370824	20150824	79	432.29	182.88	192.00	1260.00		218.00	233.00	264.00	290.00	301.00	324.00	332.00	357.00	376.00	399.00	420.00	445.00	465.00	497.00	506.00	538.00	601.00	667.00	804.00	
04105500	0825	19370825	20150825	79	430.42	163.98	200.00	1160.00		235.00	248.00	273.00	292.00	315.00	332.00	345.00	354.00	382.00	411.00	416.00	461.00	475.00	489.00	500.00	541.00	597.00	646.00	793.00	
04105500	0826	19370826	20150826	79	427.47	156.46	149.00	986.00		226.00	242.00	268.00	286.00	301.00	332.00	345.00	365.00	400.00	412.00	428.00	450.00	469.00	483.00	509.00	545.00	604.00	650.00	728.00	
04105500	0827	19370827	20150827	79	437.86	181.66	176.00	1080.00		210.00	230.00	260.00	292.00	305.00	320.00	339.00	353.00	378.00	401.00	420.00	444.00	458.00	480.00	529.00	582.00	648.00	683.00	827.00	
04105500	0828	19370828	20150828	79	430.09	168.61	200.00	1060.00		222.00	242.00	267.00	284.00	292.00	301.00	326.00	364.00	397.00	415.00	428.00	433.00	450.00	495.00	531.00	572.00	599.00	651.00	712.00	
04105500	0829	19370829	20150829	79	432.97	176.22	185.00	1010.00		203.00	249.00	261.00	276.00	299.00	310.00	326.00	371.00	385.00	398.00	403.00	433.00	473.00	508.00	532.00	554.00	612.00	690.00	819.00	
04105500	0830	19370830	20150830	79	445.20	218.72	186.00	1470.00		224.00	239.00	257.00	274.00	300.00	307.00	343.00	365.00	383.00	400.00	420.00	445.00	464.00	478.00	508.00	551.00	581.00	734.00	875.00	
04105500	0831	19370831	20150831	79	445.24	250.49	164.00	1810.00		236.00	256.00	264.00	282.00	295.00	315.00	343.00	360.00	380.00	393.00	400.00	425.00	445.00	457.00	488.00	505.00	568.00	675.00	1000.00	
04105500	0901	19370901	20150901	79	445.91	265.94	165.00	1910.00		201.00	235.00	261.00	280.00	294.00	320.00	330.00	359.00	376.00	388.00	405.00	430.00	444.00	461.00	483.00	528.00	599.00	657.00	1060.00	
04105500	0902	19370902	20150902	79	441.67	249.04	175.00	1810.00		188.00	245.00	270.00	286.00	297.00	331.00	341.00	352.00	374.00	385.00	407.00	419.00	429.00	452.00	490.00	523.00	567.00	668.00	943.00	
04105500	0903	19370903	20150903	79	422.81	227.97	154.00	1670.00		200.00	225.00	275.00	284.00	297.00	311.00	323.00	348.00	353.00	367.00	395.00	411.00	421.00	440.00	450.00	494.00	547.00	729.00	846.00	
04105500	0904	19370904	20150904	79	411.51	210.68	151.00	1550.00		209.00	223.00	240.00	250.00	274.00	302.00	326.00	350.00	356.00	377.00	392.00	400.00	411.00	434.00	473.00	489.00	532.00	695.00	841.00	
04105500	0905	19370905	20150905	79	415.78	220.61	173.00	1460.00		208.00	235.00	251.00	270.00	282.00	302.00	327.00	338.00	351.00	374.00	385.00	400.00	420.00	439.00	455.00	480.00	513.00	672.00	839.00	
04105500	0906	19370906	20150906	79	410.25	203.47	182.00	1350.00		219.00	225.00	253.00	265.00	282.00	314.00	328.00	345.00	362.00	375.00	381.00	400.00	432.00	450.00	460.00	476.00	493.00	666.00	764.00	
04105500	0907	19370907	20150907	79	406.68	184.61	171.00	1300.00		221.00	235.00	260.00	270.00	300.00	313.00	329.00	339.00	350.00	367.00	384.00	406.00	437.00	447.00	460.00	473.00	501.00	560.00	750.00	
04105500	0908	19370908	20150908	79	397.68	183.70	164.00	1260.00		182.00	220.00	229.00	257.00	270.00	290.00	308.00	338.00	352.00	366.00	374.00	418.00	445.00	451.00	462.00	480.00	508.00	553.00	750.00	
04105500	0909	19370909	20150909	79	410.01	178.25	154.00	1220.00		180.00	222.00	258.00	275.00	277.00	305.00	320.00	361.00	371.00	393.00	420.00	431.00	440.00	452.00	475.00	499.00	519.00	616.00	720.00	
04105500	0910	19370910	20150910	79	424.91	183.39	187.00	1120.00		214.00	220.00	258.00	267.00	282.00	300.00	333.00	370.00	379.00	391.00	416.00	426.00	455.00	474.00	510.00	529.00	578.00	689.00	844.00	
04105500	0911	19370911	20150911	79	427.53	183.52	191.00	945.00		200.00	236.00	253.00	263.00	276.00	290.00	322.00	354.00	382.00	395.00	403.00	434.00	450.00	479.00	525.00	550.00	629.00	773.00	836.00	
04105500	0912	19370912	20150912	79	427.16	193.20	170.00	1050.00		192.00	225.00	235.00	257.00	286.00	301.00	318.00	334.00	382.00	400.00	421.00	440.00	453.00	480.00	498.00	527.00	607.00	751.00	865.00	
04105500	0913	19370913	20150913	79	447.94	222.87	157.00	1470.00		200.00	241.00	250.00	274.00	290.00	318.00	340.00	372.00	376.00	394.00	427.00	442.00	463.00	480.00	496.00	570.00	664.00	814.00	875.00	
04105500	0914	19370914	20150914	79	465.71	346.65	155.00	3040.00		210.00	234.00	255.00	282.00	295.00	322.00	360.00	375.00	387.00	412.00	425.00	439.00	458.00	475.00	493.00	540.00	632.00	744.00	846.00	
04105500	0915	19370915	20150915	79	473.76	475.13	153.00	4300.00		200.00	212.00	248.00	251.00	298.00	304.00	342.00	363.00	385.00	400.00	425.00	447.00	452.00	484.00	512.00	537.00	586.00	686.00	845.00	
04105500	0916	19370916	20150916	79	475.16	530.03	137.00	4800.00		166.00	241.00	250.00	256.00	282.00	309.00	330.00	367.00	398.00	402.00	414.00	420.00	444.00	463.00	498.00	553.00	616.00	655.00	825.00	
04105500	0917	19370917	20150917	79	488.20	565.00	162.00	5130.00		220.00	240.00	254.00	273.00	281.00	305.00	343.00	355.00	378.00	386.00	398.00	420.00	463.00	480.00	500.00	580.00	612.00	670.00	918.00	
04105500	0918	19370918	20150918	79	481.28	503.63	166.00	4540.00		213.00	230.00	245.00	259.00	300.00	313.00	328.00	337.00	389.00	400.00	412.00	428.00	446.00	490.00	507.00	554.00	585.00	688.00	987.00	
04105500	0919	19370919	20150919	79	482.16	431.59	146.00	3840.00		221.00	231.00	251.00	272.00	297.00	321.00	343.00	364.00	386.00	406.00	427.00	433.00	483.00	508.00	545.00	562.00	602.00	689.00	954.00	
04105500	0920	19370920	20150920	79	475.47	373.86	153.00	3270.00		226.00	235.00	264.00	275.00	300.00	325.00	348.00	367.00	382.00	388.00	416.00	436.00	482.00	510.00	548.00	560.00	642.00	705.00	990.00	
04105500	0921	19370921	20150921	79	472.80	330.07	140.00	2830.00		222.00	244.00	271.00	285.00	316.00	338.00	353.00	367.00	378.00	394.00	423.00	436.00	465.00	515.00	547.00	581.00	632.00	715.00	1030.00	
04105500	0922	19370922	20150922	79	460.34	289.43	137.00	2360.00		211.00	235.00	267.00	293.00	303.00	324.00	355.00	362.00	370.00	379.00	408.00	430.00	452.00	496.00	546.00	582.00	635.00	749.00	978.00	
04105500	0923	19370923	20150923	79	471.01	265.99	140.00	1960.00		230.00	256.00	263.00	278.00	320.00	349.00	360.00	375.00	383.00	404.00	413.00	443.00	476.00	504.00	552.00	590.00	631.00	741.00	1010.00	
04105500	0924	19370924	20150924	79	459.30	235.91	140.00	1640.00		211.00	230.00	277.00	302.00	327.00	338.00	347.00	365.00	395.00	407.00	440.00	450.00	471.00	496.00	526.00	568.00	629.00	705.00	929.00	
04105500	0925	19370925	20150925	79	456.03	219.68	146.00	1430.00		229.00	245.00	260.00	288.00	320.00	333.00	355.00	378.00	408.00	425.00	440.00	460.00	465.00	476.00	520.00	550.00	612.00	741.00	909.00	
04105500	0926	19370926	20150926	79	465.29	216.19	153.00	1430.00		225.00	248.00	265.00	293.00	320.00	339.00	371.00	398.00	410.00	423.00	441.00	455.00	488.00	512.00	529.00	580.00	681.00	735.00	883.00	
04105500	0927	19370927	20150927	79	460.76	211.16	146.00	1580.00		230.00	254.00	268.00	301.00	321.00	349.00	367.00	396.00	410.00	421.00	434.00	446.00	477.00	522.00	556.00	595.00	655.00	685.00	811.00	
04105500	0928	19370928	20150928	79	457.38	218.57	148.00	1720.00		213.00	236.00	268.00	292.00	310.00	340.00	376.00	388.00	402.00	410.00	440.00	454.00	481.00	520.00	550.00	590.00	614.00	667.00	830.00	
04105500	0929	19370929	20150929	79	465.67	249.03	150.00	1870.00		202.00	248.00	261.00	295.00	316.00	349.00	376.00	387.00	394.00	406.00	430.00	471.00	486.00	518.00	564.00	583.00	630.00	674.00	869.00	
04105500	0930	19370930	20150930	79	462.15	260.46	150.00	2000.00		200.00	252.00	285.00	297.00	324.00	342.00	355.00	368.00	391.00	409.00	421.00	450.00	476.00	496.00	514.00	551.00	586.00	677.00	997.00	
04105500	1001	19371001	20151001	79	460.72	273.31	149.00	2090.00		219.00	258.00	294.00	306.00	329.00	337.00	351.00	359.00	370.00	389.00	403.00	422.00	466.00	481.00	525.00	536.00	594.00	693.00	1140.00	
04105500	1002	19371002	20151002	79	466.94	288.15	149.00	2280.00		210.00	270.00	294.00	314.00	320.00	332.00	350.00	370.00	386.00	405.00	417.00	430.00	464.00	474.00	498.00	540.00	578.00	735.00	1110.00	
04105500	1003	19371003	20151003	79	466.10	309.42	155.00	2550.00		215.00	257.00	288.00	304.00	324.00	333.00	348.00	364.00	380.00	390.00	407.00	432.00	461.00	476.00	505.00	522.00	582.00	750.00	1010.00	
04105500	1004	19371004	20151004	79	481.29	334.86	155.00	2810.00		215.00	245.00	294.00	308.00	320.00	338.00	350.00	360.00	387.00	396.00	407.00	440.00	465.00	486.00	553.00	594.00	672.00	763.00	937.00	
04105500	1005	19371005	20151005	79	491.47	345.40	157.00	2940.00		222.00	245.00	289.00	310.00	330.00	345.00	360.00	383.00	400.00	406.00	439.00	447.00	470.00	498.00	547.00	582.00	708.00	780.00	900.00	
04105500	1006	19371006	20151006	79	497.71	348.45	176.00	2940.00		211.00	250.00	274.00	304.00	318.00	342.00	359.00	372.00	385.00	433.00	444.00	465.00	482.00	534.00	547.00	644.00	718.00	772.00	901.00	
04105500	1007	19371007	20151007	79	498.61	329.05	173.00	2740.00		216.00	244.00	270.00	296.00	311.00	340.00	366.00	384.00	420.00	437.00	451.00	469.00	494.00	531.00	567.00	660.00	731.00	760.00	940.00	
04105500	1008	19371008	20151008	79	489.51	297.21	136.00	2440.00		203.00	254.00	292.00	302.00	318.00	331.00	350.00	380.00	420.00	430.00	442.00	457.00	495.00	533.00	597.00	640.00	668.00	783.00	891.00	
04105500	1009	19371009	20151009	79	485.67	259.36	146.00	2120.00		203.00	272.00	294.00	316.00	333.00	350.00	359.00	397.00	415.00	444.00	451.00	475.00	489.00	516.00	589.00	648.00	671.00	766.00	850.00	
04105500	1010	19371010	20151010	79	490.10	247.69	155.00	1820.00		211.00	284.00	294.00	313.00	330.00	353.00	386.00	406.00	418.00	457.00	478.00	481.00	494.00	543.00	582.00	602.00	642.00	740.00	848.00	
04105500	1011	19371011	20151011	79	473.27	248.55	152.00	1590.00		196.00	277.00	288.00	305.00	328.00	334.00	359.00	370.00	406.00	428.00	448.00	470.00	505.00	529.00	540.00	567.00	632.00	731.00	793.00	
04105500	1012	19371012	20151012	79	473.52	251.51	152.00	1680.00		215.00	266.00	280.00	305.00	326.00	340.00	358.00	369.00	403.00	431.00	448.00	470.00	505.00	525.00	546.00	559.00	613.00	707.00	842.00	
04105500	1013	19371013	20151013	79	470.52	255.81	166.00	1810.00		196.00	259.00	295.00	316.00	334.00	345.00	360.00	378.00	406.00	413.00	438.00	461.00	487.00	512.00	539.00	546.00	620.00	685.00	925.00	
04105500	1014	19371014	20151014	79	476.42	261.31	166.00	1810.00		226.00	268.00	281.00	316.00	334.00	347.00	360.00	378.00	405.00	433.00	464.00	475.00	484.00	502.00	530.00	560.00	616.00	678.00	1070.00	
04105500	1015	19371015	20151015	79	486.91	250.08	173.00	1650.00		249.00	272.00	302.00	327.00	334.00	356.00	371.00	401.00	418.00	457.00	460.00	474.00	488.00	514.00	557.00	595.00	610.00	659.00	1150.00	
04105500	1016	19371016	20151016	79	486.58	249.18	163.00	1460.00		208.00	269.00	307.00	315.00	334.00	360.00	379.00	400.00	419.00	440.00	453.00	472.00	485.00	508.00	548.00	584.00	597.00	724.00	1060.00	
04105500	1017	19371017	20151017	79	492.20	261.76	170.00	1710.00		230.00	252.00	280.00	301.00	355.00	385.00	394.00	407.00	420.00	437.00	455.00	467.00	480.00	508.00	543.00	568.00	582.00	800.00	1090.00	
04105500	1018	19371018	20151018	79	505.87	273.06	160.00	1780.00		225.00	266.00	298.00	326.00	344.00	370.00	385.00	412.00	431.00	447.00	463.00	474.00	511.00	540.00	548.00	580.00	701.00	815.00	1120.00	
04105500	1019	19371019	20141019	78	518.51	294.97	192.00	1820.00		237.80	257.90	309.85	321.60	335.25	363.50	377.90	401.20	436.10	441.50	457.45	472.40	498.40	547.60	566.00	643.40	787.25	932.70	1142.00	
04105500	1020	19371020	20141020	78	530.05	301.65	182.00	1930.00		249.50	281.90	309.25	321.80	353.25	380.10	398.25	415.00	428.20	436.00	441.70	478.60	549.00	554.60	586.25	662.00	799.30	904.70	1152.00	
04105500	1021	19371021	20141021	78	522.15	296.75	182.00	2000.00		224.75	269.90	291.10	308.20	336.50	373.00	399.75	427.60	434.00	449.00	467.50	493.60	523.05	533.90	575.75	646.20	737.55	902.70	1066.00	
04105500	1022	19371022	20141022	78	515.71	279.33	176.00	1920.00		247.80	272.90	314.85	324.60	356.75	380.90	390.00	420.00	434.00	444.00	470.70	499.80	513.10	522.30	542.50	605.60	756.85	846.80	1070.50	
04105500	1023	19371023	20141023	78	522.99	260.07	170.00	1720.00		241.80	273.10	315.75	337.80	369.50	395.30	420.65	434.60	445.00	453.50	491.90	522.60	530.70	543.20	592.50	641.80	752.20	805.40	1137.00	
04105500	1024	19371024	20141024	78	531.26	260.45	179.00	1590.00		250.90	282.00	309.30	334.80	358.75	390.80	417.70	433.80	451.20	479.50	489.45	512.20	530.05	557.30	657.50	701.00	745.80	791.50	1191.50	
04105500	1025	19371025	20141025	78	532.42	257.64	173.00	1460.00		246.75	267.10	291.25	348.40	373.75	398.40	419.65	441.20	457.95	478.00	493.45	507.60	557.50	587.50	639.00	699.60	755.90	813.40	1120.50	
04105500	1026	19371026	20141026	78	530.56	252.10	176.00	1460.00		237.05	297.20	327.65	359.80	380.50	393.50	406.65	433.60	438.65	478.00	486.70	509.40	523.70	564.70	614.00	664.20	756.65	874.30	1213.50	
04105500	1027	19371027	20141027	78	532.32	254.14	182.00	1540.00		266.15	287.80	323.40	369.60	381.25	402.80	417.55	427.60	445.10	471.50	491.90	505.60	533.35	581.50	588.25	653.40	744.20	838.50	1147.00	
04105500	1028	19371028	20141028	78	528.15	248.32	179.00	1560.00		254.15	283.60	341.85	363.80	371.50	388.40	396.00	424.00	455.05	485.00	501.05	515.60	550.10	568.20	595.25	637.00	743.00	827.60	1071.00	
04105500	1029	19371029	20141029	78	522.62	228.41	196.00	1500.00		229.50	305.60	344.10	370.80	389.00	397.70	412.00	426.60	453.70	472.50	497.00	518.00	538.00	566.50	598.00	640.20	741.00	795.70	1064.50	
04105500	1030	19371030	20141030	78	512.28	217.72	186.00	1400.00		230.50	281.70	309.00	340.40	370.75	393.70	406.65	419.80	457.10	482.50	490.00	508.40	530.25	580.80	620.50	655.60	730.10	776.40	946.20	
04105500	1031	19371031	20141031	78	517.06	208.65	182.00	1250.00		248.60	283.90	310.30	340.20	368.50	389.20	406.30	434.80	477.80	511.50	516.35	534.20	553.55	590.40	611.25	647.00	721.90	787.40	849.00	
04105500	1101	19371101	20141101	78	526.31	208.48	179.00	1190.00		242.15	302.00	331.35	349.00	368.25	402.90	425.25	457.20	472.30	510.00	520.90	545.80	563.75	594.50	617.75	662.00	728.80	792.60	955.40	
04105500	1102	19371102	20141102	78	531.77	210.77	182.00	1300.00		242.30	302.60	334.00	348.40	380.75	406.70	423.95	450.40	468.75	497.00	514.60	566.00	587.00	618.40	656.75	684.20	714.40	820.10	936.85	
04105500	1103	19371103	20141103	78	543.42	216.35	200.00	1340.00		248.05	301.50	326.40	361.20	385.75	410.60	431.50	447.40	482.80	506.50	539.90	578.00	599.55	632.90	658.25	692.80	756.60	849.20	989.55	
04105500	1104	19371104	20141104	78	544.45	214.72	192.00	1290.00		248.55	302.00	329.25	349.80	382.00	417.30	429.00	456.20	481.10	523.50	555.05	565.60	614.45	643.60	668.00	704.60	754.35	811.60	966.80	
04105500	1105	19371105	20141105	78	555.71	229.84	189.00	1300.00		249.30	290.20	328.35	353.60	368.75	396.40	431.25	452.00	489.95	509.50	542.45	597.00	625.40	675.20	699.25	739.60	811.50	876.80	987.20	
04105500	1106	19371106	20141106	78	562.76	247.42	186.00	1380.00		271.85	281.80	323.00	358.20	384.75	403.20	429.25	447.20	490.70	516.00	550.10	582.20	605.00	651.40	700.75	739.60	803.70	827.70	1173.50	
04105500	1107	19371107	20141107	78	561.46	247.56	208.00	1560.00		253.80	305.70	317.10	343.80	383.00	412.80	429.30	460.00	489.10	533.50	557.25	578.40	605.00	640.80	667.50	718.80	759.50	835.20	1170.00	
04105500	1108	19371108	20141108	78	563.73	264.26	185.00	1850.00		256.65	299.70	323.55	360.80	405.75	413.40	433.80	460.80	486.35	531.50	557.35	592.00	606.05	630.20	662.25	682.00	729.65	889.70	1114.00	
04105500	1109	19371109	20141109	78	562.72	273.95	170.00	1850.00		248.55	319.30	338.95	360.80	388.75	411.10	430.85	454.40	490.55	511.00	526.35	571.20	605.75	632.00	655.75	672.20	719.45	957.70	1053.50	
04105500	1110	19371110	20141110	78	574.32	279.07	141.00	1660.00		287.25	305.90	334.00	379.00	398.75	414.00	434.35	449.00	505.00	525.00	569.15	584.00	607.05	645.30	656.00	665.80	728.20	913.30	1266.00	
04105500	1111	19371111	20141111	78	581.35	275.40	173.00	1570.00		276.10	306.50	329.70	364.80	405.00	418.20	446.30	492.60	515.30	535.00	576.35	605.00	635.50	645.30	665.25	680.60	745.25	914.70	1184.50	
04105500	1112	19371112	20141112	78	578.42	277.14	186.00	1610.00		239.90	304.40	323.55	334.20	394.00	416.80	454.90	474.00	489.20	508.50	548.90	587.80	620.35	640.00	660.50	689.00	900.45	1030.00	1109.50	
04105500	1113	19371113	20141113	78	581.54	289.41	200.00	1700.00		228.90	288.50	315.85	353.20	412.25	433.80	449.00	467.80	501.10	520.50	532.70	553.20	602.10	626.20	664.50	720.20	887.25	1042.00	1122.00	
04105500	1114	19371114	20141114	78	585.81	296.62	190.00	1660.00		243.50	303.80	331.20	357.80	405.00	428.30	448.00	463.40	498.10	510.50	549.35	558.20	608.70	622.70	659.75	712.40	862.85	1022.00	1246.50	
04105500	1115	19371115	20141115	78	598.63	298.44	186.00	1850.00		266.85	320.00	344.85	393.00	414.25	426.40	446.55	470.60	494.65	514.00	542.80	576.60	611.70	677.10	719.25	774.00	871.15	942.10	1184.50	
04105500	1116	19371116	20141116	78	601.31	301.26	189.00	1870.00		281.50	318.60	357.60	398.80	408.75	421.40	460.25	473.20	497.55	512.00	536.95	580.20	635.90	683.10	747.75	780.80	840.60	955.40	1212.00	
04105500	1117	19371117	20141117	78	594.82	287.36	200.00	1720.00		269.20	326.20	364.50	400.00	413.00	441.40	453.60	464.60	479.20	505.50	528.40	571.40	640.45	671.90	723.50	775.60	816.90	889.80	1241.00	
04105500	1118	19371118	20141118	78	597.62	276.75	200.00	1560.00		277.55	330.80	362.55	397.20	413.75	439.30	462.95	480.40	511.55	534.00	559.50	582.20	635.90	686.20	718.75	745.60	796.45	925.80	1260.50	
04105500	1119	19371119	20141119	78	608.47	271.27	182.00	1460.00		279.90	346.60	367.85	398.80	428.25	441.80	466.60	491.20	519.00	553.00	582.50	616.80	673.30	705.90	728.50	766.60	807.05	948.20	1274.50	
04105500	1120	19371120	20141120	78	615.59	277.81	186.00	1530.00		283.90	327.00	355.85	409.40	421.75	438.30	460.10	498.20	545.50	561.00	578.90	609.60	676.85	726.30	752.75	800.20	835.45	987.50	1272.50	
04105500	1121	19371121	20141121	78	613.06	281.91	180.00	1690.00		267.95	318.20	355.25	386.80	424.50	444.40	459.95	476.20	531.50	554.50	585.00	617.40	678.10	703.70	748.50	777.40	891.60	1007.00	1171.00	
04105500	1122	19371122	20141122	78	620.23	281.83	192.00	1820.00		267.85	331.90	368.95	402.60	423.00	451.40	474.60	515.40	542.60	580.50	610.00	622.80	656.25	691.00	739.75	811.40	882.05	1012.00	1142.00	
04105500	1123	19371123	20141123	78	623.32	275.47	200.00	1770.00		295.90	338.20	385.95	406.80	414.00	447.40	473.70	517.60	556.25	579.50	616.80	628.00	646.05	717.10	749.25	821.00	878.30	950.10	1141.50	
04105500	1124	19371124	20141124	78	626.17	282.66	200.00	1600.00		273.95	319.50	341.65	374.20	413.75	438.40	469.65	501.40	537.55	590.50	620.00	652.00	725.05	738.00	760.50	826.60	858.50	996.00	1168.50	
04105500	1125	19371125	20141125	78	620.27	276.01	186.00	1550.00		285.40	305.60	353.80	376.60	415.50	430.30	482.60	515.00	539.10	588.00	616.15	643.60	694.30	736.20	764.25	805.20	851.30	1020.00	1202.50	
04105500	1126	19371126	20141126	78	628.88	281.22	180.00	1610.00		296.40	320.50	366.20	386.20	423.25	452.30	479.30	522.40	532.20	567.50	600.45	655.80	697.70	729.30	808.50	830.00	899.25	965.50	1192.50	
04105500	1127	19371127	20141127	78	636.99	287.53	180.00	1720.00		249.75	326.60	366.55	401.20	418.25	450.40	473.90	488.40	532.10	620.00	664.25	685.80	720.90	769.50	806.75	845.40	896.50	946.00	1162.50	
04105500	1128	19371128	20141128	78	653.59	299.44	220.00	1690.00		276.10	342.10	358.55	397.60	434.75	467.30	477.90	500.60	534.10	608.00	645.80	705.00	759.30	799.30	836.75	874.00	921.30	976.30	1391.00	
04105500	1129	19371129	20141129	78	667.76	328.99	226.00	2200.00		287.35	322.70	359.20	389.80	426.25	446.20	481.20	529.20	585.55	614.00	639.95	689.00	754.15	789.60	835.75	883.80	949.05	1103.00	1261.50	
04105500	1130	19371130	20141130	78	688.97	376.35	196.00	2800.00		303.80	342.80	366.85	404.00	455.50	482.20	499.30	528.40	567.60	594.50	637.25	707.20	745.50	781.80	827.25	922.60	975.40	1150.00	1412.50	
04105500	1201	19371201	20141201	78	690.86	385.47	192.00	2640.00		290.90	323.90	356.25	385.20	434.25	474.90	502.65	509.20	533.70	603.00	634.70	696.20	715.05	800.30	866.25	936.00	1041.50	1152.00	1427.00	
04105500	1202	19371202	20141202	78	693.24	375.76	200.00	2220.00		290.80	322.10	373.00	383.00	442.50	473.00	500.10	540.00	570.10	598.00	643.35	681.20	711.45	771.50	850.75	918.40	986.45	1247.00	1463.50	
04105500	1203	19371203	20141203	78	689.00	369.44	200.00	1900.00		294.30	334.70	356.00	377.80	436.00	468.20	496.30	546.40	566.40	598.00	618.00	683.60	739.45	758.00	799.00	920.40	990.45	1265.00	1742.00	
04105500	1204	19371204	20141204	78	691.72	366.61	210.00	1930.00		285.95	324.50	371.20	388.80	431.00	474.20	527.80	541.80	567.30	581.00	622.15	663.80	732.85	774.60	817.25	929.40	1064.50	1243.00	1577.50	
04105500	1205	19371205	20141205	78	683.94	343.50	170.00	1940.00		286.50	331.10	375.85	414.80	461.75	492.10	528.90	554.20	570.55	582.00	602.30	665.40	701.05	767.40	804.00	905.60	1081.50	1201.00	1295.00	
04105500	1206	19371206	20141206	78	685.01	328.72	196.00	2000.00		305.80	366.20	394.20	447.80	499.25	502.70	528.75	559.40	575.00	578.00	598.60	650.80	697.75	726.50	802.25	886.40	1086.00	1190.00	1421.50	
04105500	1207	19371207	20141207	78	678.92	328.71	230.00	2060.00		331.75	358.50	381.70	424.60	479.75	500.00	533.75	559.60	568.65	586.00	602.45	607.40	660.15	727.20	796.25	955.60	1050.00	1131.00	1332.50	
04105500	1208	19371208	20141208	78	677.21	320.33	211.00	1890.00		302.60	333.80	397.45	424.00	458.00	488.40	512.75	549.20	563.65	579.00	603.75	650.00	701.90	752.90	810.50	970.20	1069.00	1172.00	1304.00	
04105500	1209	19371209	20141209	78	662.55	310.88	179.00	1660.00		302.70	333.90	386.00	407.60	428.75	467.50	497.60	515.60	547.75	572.00	595.35	641.00	708.50	743.00	793.75	907.00	1016.50	1182.00	1341.00	
04105500	1210	19371210	20141210	78	661.47	308.11	211.00	1470.00		289.95	338.80	365.35	405.60	447.25	485.70	504.55	531.60	546.65	579.00	595.95	636.20	685.15	766.60	819.25	887.40	1044.50	1151.00	1401.00	
04105500	1211	19371211	20141211	78	652.59	296.39	215.00	1620.00		311.00	349.00	374.25	408.80	443.25	482.10	498.25	526.20	548.00	573.00	602.25	626.40	658.70	722.00	828.75	863.00	973.30	1066.00	1370.00	
04105500	1212	19371212	20141212	78	658.53	283.02	245.00	1530.00		294.75	369.30	393.45	410.80	421.00	467.70	508.30	539.00	560.00	585.50	606.15	668.80	750.05	786.20	838.75	871.60	950.15	1039.00	1282.50	
04105500	1213	19371213	20141213	78	660.53	270.54	232.00	1490.00		321.20	364.80	382.95	395.00	448.75	468.90	526.15	546.80	571.10	594.50	621.95	663.40	780.55	816.30	832.25	880.80	923.25	1043.00	1193.50	
04105500	1214	19371214	20141214	78	653.13	255.95	183.00	1410.00		317.25	369.30	385.95	427.00	466.00	485.70	505.20	538.80	551.85	591.00	634.30	691.60	738.45	793.10	821.25	863.40	931.80	1043.00	1105.00	
04105500	1215	19371215	20141215	78	658.12	269.10	207.00	1550.00		296.65	344.70	392.85	428.00	479.00	493.40	522.10	550.60	560.55	584.00	635.90	657.40	719.75	765.80	812.00	878.80	965.75	1012.00	1158.00	
04105500	1216	19371216	20141216	78	657.58	279.81	207.00	1740.00		321.65	368.60	400.25	430.60	444.75	468.10	512.90	552.40	565.10	596.00	622.75	650.00	687.80	732.00	846.25	911.20	934.05	1022.00	1213.00	
04105500	1217	19371217	20141217	78	651.91	293.85	194.00	1960.00		314.50	335.70	359.40	404.80	452.25	490.40	540.00	555.40	574.40	599.50	624.40	647.20	675.35	743.30	790.75	850.40	925.95	1044.00	1163.00	
04105500	1218	19371218	20141218	78	652.32	299.07	200.00	1910.00		260.85	363.70	380.70	412.40	448.25	485.40	498.65	519.60	573.75	594.00	615.45	657.00	685.45	717.10	806.00	872.40	978.45	1024.00	1116.00	
04105500	1219	19371219	20141219	78	641.54	283.15	192.00	1580.00		283.70	354.80	387.35	427.40	449.00	474.80	491.95	514.40	549.55	561.00	590.50	638.20	681.65	721.50	773.25	841.80	919.60	1060.00	1263.50	
04105500	1220	19371220	20141220	78	635.49	276.72	226.00	1480.00		294.85	340.90	394.50	423.80	455.25	481.50	490.00	504.60	538.65	560.50	573.25	644.80	664.80	710.20	761.00	782.80	934.00	1063.00	1283.50	
04105500	1221	19371221	20141221	78	641.65	270.81	219.00	1400.00		295.30	351.90	382.70	425.80	455.25	469.70	478.65	497.00	539.15	579.00	636.35	656.20	690.45	729.00	770.50	858.20	949.20	1029.00	1240.50	
04105500	1222	19371222	20141222	78	633.12	269.02	219.00	1380.00		300.25	358.30	382.85	419.00	431.50	449.40	476.00	490.20	529.50	578.50	623.35	657.60	682.40	712.30	762.25	881.20	907.45	1093.00	1155.00	
04105500	1223	19371223	20141223	78	642.92	284.70	192.00	1700.00		278.65	367.00	386.00	417.00	447.50	450.00	470.65	506.40	541.35	585.50	600.90	649.20	675.90	721.20	816.75	878.00	991.05	1052.00	1262.00	
04105500	1224	19371224	20141224	78	658.22	307.81	189.00	2070.00		298.85	329.30	398.50	423.40	445.25	464.90	497.55	536.00	580.00	601.00	631.90	659.40	671.10	746.30	814.75	932.60	983.45	1010.00	1255.00	
04105500	1225	19371225	20141225	78	658.73	308.60	200.00	2140.00		299.75	310.00	399.70	420.20	444.75	450.00	471.30	524.00	562.75	589.00	646.80	679.40	725.25	780.90	888.50	917.60	946.95	974.60	1110.00	
04105500	1226	19371226	20141226	78	646.76	284.75	222.00	1930.00		284.75	321.00	400.85	437.60	448.50	452.70	477.05	511.00	543.15	592.00	617.35	662.00	703.50	775.60	866.50	888.00	926.05	968.20	1201.00	
04105500	1227	19371227	20141227	78	655.37	296.80	222.00	1810.00		300.00	325.90	388.80	422.00	445.75	455.00	470.00	498.20	540.20	574.00	643.20	671.60	705.70	780.30	858.25	919.80	945.55	1035.00	1253.00	
04105500	1228	19371228	20141228	78	694.45	350.47	196.00	2010.00		302.85	329.60	379.50	418.00	439.75	456.70	481.95	514.80	552.80	604.00	654.95	711.60	789.75	862.20	924.00	950.80	981.35	1082.00	1426.50	
04105500	1229	19371229	20141229	78	723.12	438.36	225.00	2730.00		289.50	320.80	388.75	422.80	448.25	458.10	485.30	511.00	578.20	613.00	644.65	750.40	772.95	827.10	878.50	937.40	1034.50	1255.00	1464.50	
04105500	1230	19371230	20141230	78	744.72	519.36	178.00	3260.00		280.00	318.40	388.35	437.00	458.50	482.60	493.60	522.00	566.70	615.00	642.45	755.20	790.85	815.80	875.50	915.00	1063.00	1163.00	1751.00	
04105500	1231	19371231	20141231	78	754.77	509.60	209.00	3140.00		297.70	323.50	381.05	423.60	455.25	485.70	507.55	546.00	596.40	634.00	695.10	734.00	774.55	821.50	871.00	908.40	1015.00	1255.00	1697.50	
