site_no	monthday	begin_dt	end_dt	count_nu	mean	std	min	max	p01	p05	p10	p15	p20	p25	p30	p35	p40	p45	p50	p55	p60	p65	p70	p75	p80	p85	p90	p95	p99
04112500	ALL	19020831	20160221	31527	219.67	315.12	3.00	5720.00	13.00	23.00	31.00	38.00	44.00	52.00	60.00	70.00	82.00	96.00	112.00	131.00	153.00	178.00	210.00	250.00	307.00	392.00	519.00	786.00	1590.00
04112500	0101	19030101	20160101	86	261.42	348.07	17.00	2400.00		24.75	41.70	48.15	54.40	66.00	89.30	115.35	119.60	131.45	150.00	159.85	184.40	212.30	269.00	306.50	361.00	458.80	520.00	1078.00	
04112500	0102	19030102	20160102	86	255.03	327.20	14.00	2210.00		18.75	30.10	47.10	55.40	70.50	89.30	106.35	117.80	137.45	154.50	183.25	197.80	223.00	246.30	276.75	311.80	430.40	658.60	1000.40	
04112500	0103	19030103	20160103	86	253.64	309.17	17.00	1790.00		22.35	37.30	45.10	54.00	75.25	89.00	98.70	110.40	124.60	142.00	170.50	191.60	209.55	243.60	275.75	343.20	418.40	695.80	991.30	
04112500	0104	19030104	20160104	86	259.58	337.56	21.00	1920.00		31.00	43.80	55.05	58.00	66.50	76.50	100.00	119.60	128.00	152.00	165.85	184.80	205.40	237.90	288.25	332.20	407.05	709.20	997.75	
04112500	0105	19030105	20160105	86	262.27	345.53	19.00	2000.00		34.75	41.00	53.05	58.20	69.75	78.30	100.90	114.20	135.50	153.00	164.55	175.40	195.55	231.90	316.75	360.80	447.60	634.60	1066.75	
04112500	0106	19030106	20160106	86	261.43	326.61	14.00	1750.00		32.35	44.10	50.15	58.40	62.50	79.10	98.80	107.80	129.65	154.00	168.00	172.20	200.55	257.60	299.50	360.60	451.00	689.50	1020.00	
04112500	0107	19030107	20160107	86	249.95	295.24	12.00	1590.00		29.05	42.40	50.05	56.40	65.25	87.00	100.90	109.40	126.35	158.00	165.85	176.20	218.30	235.00	281.25	344.80	456.00	626.50	1042.00	
04112500	0108	19030108	20160108	86	230.38	270.37	12.00	1310.00		28.85	40.00	44.05	51.00	60.50	88.10	100.00	105.00	127.15	146.00	159.00	168.20	190.40	213.80	245.00	308.20	413.90	601.00	937.45	
04112500	0109	19030109	20160109	86	229.71	294.19	14.00	1930.00		36.40	40.00	45.45	57.60	70.25	95.20	102.90	120.80	140.15	152.00	158.55	172.00	191.65	204.90	233.75	296.40	347.15	519.70	812.30	
04112500	0110	19030110	20160110	86	226.41	317.02	15.00	2240.00		33.00	40.70	44.05	60.80	74.75	87.00	98.80	119.40	131.30	143.50	158.55	164.20	179.55	201.20	250.00	287.20	387.00	469.60	790.85	
04112500	0111	19030111	20160111	86	215.98	287.24	19.00	2000.00		36.00	40.70	44.05	60.80	78.75	87.10	101.15	116.40	120.30	131.00	151.85	163.00	179.20	193.60	210.00	271.40	401.00	442.00	649.25	
04112500	0112	19030112	20160112	86	198.71	232.59	19.00	1610.00		36.70	40.70	45.10	56.80	71.75	84.30	99.60	115.60	124.30	130.50	145.40	163.00	182.30	198.50	220.75	263.20	335.50	403.10	650.85	
04112500	0113	19030113	20160113	86	201.64	224.82	27.00	1250.00		36.70	40.70	45.00	55.00	70.75	79.50	93.80	115.20	120.00	138.50	152.55	165.20	178.65	202.30	237.00	264.20	292.75	483.50	735.95	
04112500	0114	19030114	20160114	86	209.00	278.18	24.00	1910.00		36.00	40.00	43.10	50.40	63.50	79.20	90.90	110.20	116.30	126.00	140.85	160.00	166.85	212.60	236.75	253.60	269.00	442.90	842.30	
04112500	0115	19030115	20160115	86	214.07	282.52	22.00	1980.00		36.00	40.70	47.15	55.00	69.75	81.10	102.45	108.00	116.60	126.00	147.25	156.00	178.65	199.10	233.00	252.20	330.95	513.90	800.55	
04112500	0116	19030116	20160116	86	213.51	276.62	22.00	1680.00		36.00	38.70	43.20	59.00	71.75	77.20	92.80	105.00	117.20	130.50	139.70	150.60	185.10	196.30	228.50	259.60	341.05	481.50	833.85	
04112500	0117	19030117	20160117	86	206.15	246.50	17.00	1480.00		27.75	38.10	42.05	55.00	70.75	79.10	92.90	105.00	122.00	132.50	142.85	178.60	189.65	199.60	242.75	281.20	315.55	427.90	722.85	
04112500	0118	19030118	20160118	86	207.43	219.89	17.00	1350.00		30.35	36.80	42.05	60.40	73.25	87.30	98.35	104.80	120.15	134.50	157.10	183.00	200.65	246.70	276.00	298.00	350.70	422.40	681.75	
04112500	0119	19030119	20160119	86	212.10	211.28	22.00	1140.00		31.00	38.70	43.05	57.40	74.00	82.30	96.80	103.20	119.15	136.00	155.80	174.40	195.65	235.70	266.75	353.60	438.05	504.50	686.05	
04112500	0120	19030120	20160120	86	204.05	202.05	21.00	990.00		31.00	36.40	43.05	54.00	74.00	82.00	89.00	104.00	112.45	127.50	142.55	150.80	191.30	209.80	256.75	333.00	438.00	520.40	679.10	
04112500	0121	19030121	20160121	86	206.55	212.85	17.00	1020.00		30.35	34.40	41.20	52.80	68.75	77.20	87.90	104.00	113.20	132.50	144.95	152.80	183.20	193.90	235.50	362.80	468.50	533.30	723.70	
04112500	0122	19030122	20160122	86	212.84	237.27	23.00	1470.00		30.35	40.10	42.25	52.80	68.50	79.50	95.15	107.00	123.60	135.00	144.70	156.00	177.50	218.10	246.25	307.60	447.05	514.20	708.80	
04112500	0123	19030123	20160123	86	222.49	269.70	25.00	1950.00		30.00	35.80	43.00	52.00	68.50	85.20	98.45	107.80	123.15	131.00	154.55	168.80	197.50	235.80	262.00	363.00	405.60	509.10	666.25	
04112500	0124	19030124	20160124	86	229.07	287.85	14.00	1930.00		26.70	30.70	45.10	57.40	74.25	82.20	95.45	104.00	124.15	132.00	149.40	171.00	201.10	242.70	280.75	335.60	367.15	548.40	774.50	
04112500	0125	19030125	20160125	86	230.99	278.53	13.00	1690.00		28.70	34.80	43.15	60.40	71.25	82.20	95.00	109.00	122.45	143.00	159.00	179.20	195.30	235.20	292.00	326.40	431.60	495.80	704.55	
04112500	0126	19030126	20160126	86	219.65	254.55	13.00	1430.00		25.45	41.00	46.30	60.20	68.00	80.40	91.35	108.80	114.20	145.50	151.70	168.00	201.30	220.30	240.50	286.40	407.85	468.10	857.40	
04112500	0127	19030127	20160127	86	207.44	244.18	21.00	1390.00		27.40	40.00	47.30	63.20	74.50	80.10	94.80	100.00	111.75	129.50	151.55	170.00	185.40	203.00	217.75	258.60	352.30	477.00	700.10	
04112500	0128	19030128	20160128	86	199.72	225.82	23.00	1530.00		30.00	40.10	49.00	62.00	78.50	87.20	95.45	109.60	116.00	138.50	156.00	168.80	192.30	202.90	214.75	266.80	307.75	492.60	597.20	
04112500	0129	19030129	20160129	86	204.15	224.33	17.00	1430.00		28.05	38.80	43.20	65.00	75.75	84.60	92.00	105.00	118.45	150.00	160.55	181.60	194.20	207.80	225.25	248.60	371.15	428.60	663.95	
04112500	0130	19030130	20160130	86	224.88	287.11	24.00	1910.00		30.00	37.10	43.20	65.00	75.25	85.60	97.00	104.60	114.95	139.50	155.55	168.60	178.10	206.80	222.25	258.60	412.25	530.80	854.70	
04112500	0131	19030131	20160131	86	237.21	317.03	14.00	1990.00		28.35	36.50	46.15	62.60	71.00	86.10	95.45	105.00	124.00	133.50	158.95	166.20	185.75	215.90	267.75	334.20	401.05	526.80	942.60	
04112500	0201	19030201	20160201	86	230.07	280.02	16.00	1550.00		28.40	36.10	47.10	57.80	66.75	79.10	89.45	99.80	116.45	135.00	158.95	172.20	202.75	211.80	266.25	335.20	417.45	532.40	867.25	
04112500	0202	19030202	20160202	86	225.73	296.07	18.00	2090.00		31.35	37.80	47.10	57.80	68.00	79.30	89.00	95.80	114.60	145.50	156.00	170.00	201.85	232.90	282.25	302.60	358.40	543.90	619.30	
04112500	0203	19030203	20160203	86	216.40	301.69	24.00	2400.00		32.00	43.80	47.00	55.00	65.25	78.10	84.90	91.60	107.05	135.50	160.70	166.20	196.40	219.70	252.25	313.00	387.35	414.10	584.70	
04112500	0204	19030204	20160204	86	201.13	247.48	25.00	1890.00		31.35	42.50	49.00	56.40	65.00	78.10	87.35	93.60	104.50	119.50	154.55	160.00	188.10	227.30	243.25	290.00	342.85	448.90	555.50	
04112500	0205	19030205	20160205	86	195.08	220.88	19.00	1570.00		30.00	36.10	51.00	54.40	67.00	80.60	91.70	101.60	103.75	122.00	145.00	158.80	178.15	213.00	228.25	295.00	348.70	411.80	557.05	
04112500	0206	19030206	20160206	86	204.77	213.29	16.00	1260.00		34.35	44.70	52.05	56.00	67.00	80.10	90.80	101.80	117.30	121.00	148.40	161.20	190.85	221.80	255.75	316.60	385.45	475.10	729.75	
04112500	0207	19030207	20160207	86	208.90	222.21	14.00	1240.00		29.70	44.70	52.00	56.80	71.50	78.10	93.00	98.60	112.45	134.00	149.85	160.80	201.55	227.70	262.50	307.80	362.80	461.10	715.75	
04112500	0208	19030208	20160208	86	204.92	210.31	14.00	1180.00		32.75	43.70	49.10	58.40	73.50	83.20	88.90	94.60	104.30	124.00	134.70	163.00	195.75	216.80	283.25	320.80	375.00	470.80	723.35	
04112500	0209	19030209	20160209	86	208.64	204.03	27.00	1010.00		34.10	40.00	47.00	66.40	73.50	78.10	88.45	94.80	109.00	127.00	140.00	160.20	197.10	242.90	278.75	342.60	398.95	547.20	653.65	
04112500	0210	19030210	20160210	86	227.31	293.48	27.00	2120.00		36.00	42.40	51.15	67.00	74.25	83.20	87.90	103.40	115.15	120.00	141.55	185.20	212.70	241.10	261.75	326.20	397.80	512.90	626.65	
04112500	0211	19030211	20160211	86	252.84	421.76	25.00	3110.00		33.70	40.00	49.10	65.00	74.00	85.40	94.45	103.20	109.05	126.00	171.15	193.20	207.30	222.70	271.75	309.00	380.55	472.20	832.75	
04112500	0212	19030212	20160212	86	266.03	443.81	20.00	3200.00		30.35	42.80	50.15	63.20	72.75	87.20	95.00	101.40	110.15	125.00	177.40	192.80	207.85	229.60	260.25	319.00	363.90	483.30	1130.00	
04112500	0213	19030213	20160213	86	288.02	450.39	18.00	2620.00		34.35	47.00	51.20	63.20	73.75	82.60	94.80	104.80	114.05	130.50	151.85	182.40	211.65	231.80	279.50	341.60	421.80	721.90	1052.00	
04112500	0214	19030214	20160214	86	308.17	529.63	27.00	3840.00		35.35	46.00	55.10	70.40	80.75	87.50	95.90	103.20	116.00	124.50	156.80	181.20	208.20	231.90	267.75	354.40	497.95	831.50	1475.00	
04112500	0215	19030215	20160215	86	295.53	455.28	20.00	2960.00		32.40	46.40	65.15	73.40	82.00	92.30	100.60	115.60	123.30	142.00	159.10	171.00	197.30	205.80	240.25	311.00	616.25	826.10	1244.00	
04112500	0216	19030216	20160216	86	289.29	418.65	17.00	2320.00		35.70	44.40	67.05	77.60	84.75	87.10	102.90	117.20	133.15	146.00	151.55	170.20	212.50	234.50	271.00	298.80	494.75	872.90	1222.00	
04112500	0217	19030217	20160217	86	298.09	422.81	17.00	2240.00		34.05	46.70	65.10	72.20	83.00	94.40	105.35	119.80	130.30	145.50	156.00	185.40	211.85	249.60	301.25	348.80	463.10	780.70	1603.50	
04112500	0218	19030218	20160218	86	308.65	410.45	31.00	1920.00		37.70	48.40	65.10	76.40	81.50	94.70	111.35	129.00	132.00	136.00	160.25	186.20	227.25	253.60	311.25	348.00	720.35	831.10	1392.00	
04112500	0219	19030219	20160219	86	335.90	439.42	19.00	2100.00		35.70	47.00	67.15	77.40	87.25	101.40	108.90	129.60	144.00	171.00	186.95	230.60	259.40	283.80	325.50	444.00	670.00	1039.00	1417.50	
04112500	0220	19030220	20160220	86	368.01	468.64	33.00	2480.00		37.70	48.40	70.00	80.00	94.25	107.10	117.35	132.20	143.10	169.50	188.85	204.40	248.65	360.90	443.00	559.80	779.50	1089.00	1436.00	
04112500	0221	19030221	20160221	86	384.10	481.08	28.00	2080.00		41.70	46.40	67.15	75.00	100.25	113.10	119.90	139.00	153.45	168.50	180.85	214.20	273.60	328.10	501.50	646.40	831.90	1056.00	1646.50	
04112500	0222	19030222	20150222	85	384.93	473.22	27.00	2010.00		41.00	56.80	70.00	78.40	93.00	110.80	120.80	138.60	157.00	177.00	193.30	227.20	270.60	337.60	519.50	603.20	866.30	1182.00	1582.00	
04112500	0223	19030223	20150223	85	376.52	428.33	19.00	2040.00		34.80	61.60	75.70	88.80	103.50	112.80	134.40	143.80	160.30	184.00	208.70	260.40	308.50	418.00	556.00	630.00	735.80	1062.00	1426.00	
04112500	0224	19030224	20150224	85	370.08	409.85	20.00	1780.00		34.80	66.40	81.50	99.20	103.00	122.80	135.30	147.00	159.10	177.00	230.30	274.00	348.60	391.60	481.00	538.00	831.20	1062.00	1395.00	
04112500	0225	19030225	20150225	85	375.32	467.55	25.00	3310.00		40.30	67.60	82.00	100.00	117.50	129.40	142.00	155.20	170.00	211.00	240.90	282.00	305.70	359.80	430.00	580.20	724.10	923.60	1281.00	
04112500	0226	19030226	20150226	85	376.68	499.41	20.00	3790.00		39.90	72.20	87.90	99.40	109.50	128.80	145.40	164.00	180.80	212.00	252.30	269.40	309.20	350.60	447.00	516.80	773.50	919.20	1179.00	
04112500	0227	19030227	20150227	85	389.40	511.45	24.00	3490.00		39.20	70.40	86.90	99.20	112.00	126.60	154.30	172.00	193.70	230.00	242.70	266.60	287.50	350.20	421.50	621.60	749.00	982.40	1277.00	
04112500	0228	19030228	20150228	85	392.95	466.12	28.00	2630.00		41.80	68.20	84.70	100.20	115.00	142.80	156.40	173.40	192.70	219.00	240.90	259.80	275.70	334.60	476.00	649.20	828.10	965.00	1450.00	
04112500	0229	19320229	20120229	21	429.00	618.00	27.00	2830.00		27.00	37.40	84.40	105.00	120.00	134.40	170.00	187.60	225.90	236.00	248.30	264.60	321.10	327.60	429.50	670.60	846.90	1040.40	2655.00	
04112500	0301	19030301	20150301	86	377.50	417.81	28.00	1990.00		36.35	70.10	89.10	106.60	127.00	135.40	158.45	171.60	191.60	209.50	241.25	260.00	294.70	389.80	479.00	665.60	718.75	938.50	1376.50	
04112500	0302	19030302	20150302	86	382.65	359.32	22.00	1670.00		33.10	73.10	90.35	112.80	129.25	148.20	166.45	189.20	210.05	260.00	283.25	329.20	373.35	444.50	582.50	681.20	764.75	877.10	1183.25	
04112500	0303	19030303	20150303	86	405.29	386.94	28.00	1740.00		39.35	76.20	88.10	122.00	139.25	151.60	162.45	184.60	228.50	249.00	281.10	396.60	470.10	503.70	600.00	652.40	691.90	912.00	1321.50	
04112500	0304	19030304	20150304	86	452.69	432.69	31.00	2080.00		51.40	72.70	102.10	127.00	136.50	161.50	183.00	239.00	250.15	269.00	335.35	416.80	475.30	526.70	629.75	736.60	899.75	1036.00	1470.50	
04112500	0305	19030305	20150305	86	490.90	464.14	34.00	2020.00		54.70	72.50	107.60	132.20	154.25	176.40	223.00	238.40	271.75	289.00	347.90	437.80	488.80	558.30	722.00	834.60	1150.10	1262.00	1537.00	
04112500	0306	19030306	20150306	86	512.53	515.94	33.00	2230.00		58.70	67.70	111.00	130.80	146.00	165.50	212.95	247.80	282.30	318.00	388.40	449.20	512.55	593.80	668.00	745.60	1074.10	1275.00	1862.50	
04112500	0307	19030307	20150307	86	510.29	549.79	33.00	2860.00		56.10	81.50	108.30	123.80	133.75	161.20	209.80	238.20	271.10	323.50	375.85	446.40	486.10	529.80	596.00	747.60	1013.50	1306.00	1884.50	
04112500	0308	19030308	20150308	86	503.38	535.19	36.00	2680.00		52.70	79.00	111.25	128.20	154.50	163.40	200.30	235.00	261.05	296.00	386.20	426.40	463.40	504.10	575.25	738.80	991.10	1480.00	1716.00	
04112500	0309	19030309	20150309	86	499.84	502.38	38.00	2070.00		53.10	91.20	114.30	133.20	151.00	173.00	203.35	229.40	263.10	322.00	373.75	399.80	442.65	475.80	631.75	787.40	1030.00	1376.00	1760.00	
04112500	0310	19030310	20150310	86	493.23	470.74	35.00	2090.00		58.85	88.80	109.05	127.20	156.25	179.00	204.95	236.60	307.90	326.00	365.05	400.80	467.65	580.90	697.75	796.00	1009.30	1218.00	1550.00	
04112500	0311	19030311	20150311	86	525.70	484.78	34.00	2010.00		62.95	87.80	116.30	137.40	162.75	180.60	211.00	255.40	305.55	337.00	388.55	462.60	552.00	643.60	810.75	900.80	1010.00	1338.00	1619.00	
04112500	0312	19030312	20150312	86	548.84	501.67	32.00	2160.00		64.85	85.30	130.15	142.60	173.00	206.10	226.70	282.00	310.30	345.50	406.70	472.80	540.95	702.40	798.25	992.40	1138.50	1398.00	1603.00	
04112500	0313	19030313	20150313	86	559.42	492.95	40.00	2200.00		69.35	86.10	118.50	165.80	199.50	229.20	273.35	310.60	357.00	384.50	418.95	465.80	554.75	693.00	778.75	1045.60	1140.00	1278.00	1662.00	
04112500	0314	19030314	20150314	86	559.95	484.55	42.00	2160.00		65.70	89.90	126.05	165.20	232.50	287.10	322.45	343.00	357.75	400.00	419.40	482.20	577.30	602.60	832.75	949.60	1067.50	1274.00	1649.00	
04112500	0315	19030315	20150315	86	573.77	505.32	36.00	2880.00		66.35	90.70	126.05	154.60	247.25	283.10	311.05	334.00	366.65	431.50	470.55	520.00	584.75	719.70	787.75	873.00	1017.20	1287.00	1638.50	
04112500	0316	19030316	20150316	86	594.47	541.38	46.00	3480.00		73.05	99.00	147.05	190.00	246.25	266.00	306.60	328.00	396.35	427.00	475.85	542.00	643.20	688.90	799.25	935.60	1130.00	1335.00	1688.50	
04112500	0317	19030317	20150317	86	592.55	551.03	60.00	3340.00		70.70	110.70	171.40	224.20	229.75	250.50	291.95	345.60	388.20	416.00	511.75	536.00	608.95	651.60	743.25	908.60	973.55	1222.00	1633.00	
04112500	0318	19030318	20150318	86	552.47	483.23	62.00	2800.00		81.45	132.40	191.55	218.20	230.00	247.70	314.25	340.80	368.45	396.00	441.00	515.60	573.65	656.40	727.00	804.00	939.10	1183.00	1289.50	
04112500	0319	19030319	20150319	86	515.41	419.70	57.00	2320.00		87.85	139.00	192.20	206.20	225.25	274.00	295.60	336.80	350.25	369.50	444.40	501.60	516.55	529.60	643.75	752.40	897.50	1047.00	1498.00	
04112500	0320	19030320	20150320	86	528.57	569.40	57.00	4530.00		86.45	138.60	179.60	208.00	243.00	267.10	315.60	322.80	367.00	386.00	428.50	462.20	479.85	515.70	589.75	667.00	890.10	1128.00	1389.00	
04112500	0321	19030321	20150321	86	518.88	536.12	59.00	4280.00		81.65	150.40	176.50	205.60	235.00	295.10	309.60	328.40	352.35	388.00	417.00	469.80	504.20	534.20	583.50	650.40	794.00	1035.00	1406.00	
04112500	0322	19030322	20150322	86	496.13	425.20	52.00	3080.00		83.40	153.10	170.30	211.60	243.50	275.30	292.25	304.80	347.30	361.00	430.65	460.80	498.80	554.00	665.00	726.00	798.90	957.00	1192.50	
04112500	0323	19030323	20150323	86	485.38	370.42	57.00	2080.00		79.55	154.80	178.40	209.80	230.75	248.30	271.35	283.00	315.30	345.50	383.80	479.40	536.50	627.50	668.75	734.00	849.50	976.50	1231.00	
04112500	0324	19030324	20150324	86	477.69	361.49	55.00	1630.00		85.30	152.40	188.10	206.20	215.25	240.40	261.30	288.40	301.30	332.00	363.25	454.40	511.95	574.00	668.50	776.00	819.30	1040.00	1230.00	
04112500	0325	19030325	20150325	86	459.12	331.41	61.00	1590.00		95.35	150.30	186.15	194.60	219.75	259.00	272.00	283.00	308.20	323.50	376.95	428.40	477.60	577.00	620.25	672.60	761.65	1042.00	1159.50	
04112500	0326	19030326	20150326	86	450.06	317.18	62.00	1550.00		112.30	167.00	176.05	199.20	222.00	248.20	271.45	289.40	337.65	360.50	389.70	444.40	474.45	529.40	557.00	614.80	694.50	993.00	1181.50	
04112500	0327	19030327	20150327	86	442.72	317.89	52.00	1730.00		109.20	157.70	170.05	212.20	227.75	251.20	276.85	307.60	328.30	350.00	378.70	415.20	452.05	508.00	560.50	592.60	727.95	862.40	1185.50	
04112500	0328	19030328	20150328	86	466.27	381.57	50.00	2920.00		108.95	147.10	169.25	208.80	231.50	259.30	278.20	310.80	346.60	372.50	398.40	440.80	491.55	534.50	622.75	683.00	763.95	842.50	1078.50	
04112500	0329	19030329	20150329	86	488.41	420.16	52.00	2920.00		112.75	146.80	186.75	215.20	235.25	248.60	274.70	323.00	337.65	389.50	410.55	459.00	500.00	567.60	621.25	668.40	850.85	934.40	1140.00	
04112500	0330	19030330	20150330	86	503.31	450.64	66.00	3140.00		104.30	152.80	199.05	208.20	227.25	248.00	286.65	342.20	367.15	389.00	424.10	452.00	491.00	526.30	626.50	696.40	772.75	971.10	1206.00	
04112500	0331	19030331	20150331	86	495.65	452.18	79.00	3530.00		109.95	144.10	190.50	211.00	229.00	246.50	288.65	314.60	346.40	386.00	425.00	471.20	500.05	575.70	618.50	668.00	714.25	1026.00	1135.50	
04112500	0401	19030401	20150401	86	503.62	437.74	75.00	3240.00		111.90	160.20	196.00	216.40	236.00	271.40	296.80	310.80	342.05	373.50	427.55	468.00	511.45	551.00	582.50	674.40	931.00	1083.00	1209.50	
04112500	0402	19030402	20150402	86	526.79	442.28	73.00	2430.00		108.75	158.10	199.00	226.80	249.75	274.40	301.45	327.00	347.60	371.00	417.35	435.00	485.55	529.60	664.75	772.20	990.10	1133.00	1476.50	
04112500	0403	19030403	20150403	86	535.22	462.52	73.00	2580.00		121.45	157.10	187.10	223.00	263.75	270.90	302.15	312.60	336.00	361.00	383.00	449.00	549.55	565.00	643.25	803.20	938.85	1079.00	1635.50	
04112500	0404	19030404	20150404	86	527.74	451.65	73.00	2700.00		113.10	158.00	190.50	225.80	256.00	266.20	289.10	321.80	339.60	360.50	402.80	448.60	527.00	569.80	703.75	776.00	879.90	987.40	1501.50	
04112500	0405	19030405	20150405	86	537.72	525.76	73.00	3340.00		129.95	148.00	203.15	228.20	235.75	262.00	297.35	310.00	324.05	349.50	406.55	458.40	534.90	624.10	696.75	774.60	805.95	1003.20	1293.50	
04112500	0406	19030406	20150406	86	567.05	680.37	70.00	5490.00		136.00	158.40	220.10	227.60	239.50	266.20	287.00	306.40	334.75	391.00	435.00	465.80	542.30	630.00	689.00	731.60	827.85	924.50	1576.00	
04112500	0407	19030407	20150407	86	566.93	681.97	64.00	5510.00		128.35	179.80	208.10	225.60	248.75	265.40	282.90	313.60	354.75	400.50	425.95	463.20	531.95	625.40	650.50	722.00	824.00	1045.00	1621.50	
04112500	0408	19030408	20150408	86	525.00	542.32	66.00	4120.00		122.80	168.00	193.25	211.80	250.75	275.00	288.35	323.20	362.90	379.00	405.80	453.00	520.50	565.90	618.50	687.00	783.35	900.60	1305.50	
04112500	0409	19030409	20150409	86	484.45	404.97	60.00	2860.00		120.20	166.90	197.00	223.60	240.00	268.00	285.35	313.00	346.15	393.50	421.50	465.20	498.35	530.90	575.00	628.00	723.80	947.30	1215.50	
04112500	0410	19030410	20150410	86	456.38	308.25	58.00	1780.00		115.85	158.90	185.90	224.80	253.00	270.40	287.40	322.20	373.05	392.00	423.80	437.20	479.10	539.70	571.50	642.20	728.70	854.40	1105.00	
04112500	0411	19030411	20150411	86	447.58	272.65	58.00	1360.00		105.95	163.50	177.40	210.80	245.00	258.60	270.80	303.80	368.95	418.00	441.70	496.40	527.00	551.20	596.25	642.00	724.65	780.50	937.25	
04112500	0412	19030412	20150412	86	454.60	286.82	56.00	1390.00		109.00	158.20	178.25	212.80	229.25	247.00	267.30	312.60	352.65	412.00	450.85	495.00	523.10	567.00	589.00	636.40	734.00	905.10	1066.00	
04112500	0413	19030413	20150413	86	450.22	315.78	56.00	1690.00		107.85	151.40	185.10	205.80	222.75	245.00	266.90	294.60	367.75	391.50	429.05	445.20	471.55	514.80	571.75	630.60	728.00	809.50	1056.50	
04112500	0414	19030414	20150414	86	440.53	376.37	54.00	2320.00		105.90	152.70	176.20	193.00	215.50	229.20	258.45	294.20	334.00	366.50	381.95	404.60	440.20	466.90	528.50	606.40	695.40	794.50	1000.00	
04112500	0415	19030415	20150415	86	433.21	410.66	50.00	2700.00		101.95	148.80	168.45	196.40	218.00	234.40	251.35	287.80	309.10	345.00	361.80	389.60	430.05	459.90	513.50	566.80	663.20	721.20	1073.00	
04112500	0416	19030416	20150416	86	427.15	366.97	49.00	2650.00		98.95	142.80	172.10	183.40	216.25	251.00	269.90	296.60	327.00	339.00	363.55	400.20	430.75	490.00	509.25	583.00	669.00	738.00	966.95	
04112500	0417	19030417	20150417	86	421.92	331.20	49.00	2240.00		100.90	137.40	168.10	176.80	206.50	240.10	283.45	296.80	314.60	334.00	380.95	400.20	429.15	467.90	518.75	567.40	714.45	797.70	1041.35	
04112500	0418	19030418	20150418	86	425.45	362.67	47.00	2260.00		103.35	137.10	165.05	183.40	196.50	224.20	263.25	278.20	293.05	319.00	346.70	394.20	440.00	474.30	504.25	565.80	624.25	825.10	1267.00	
04112500	0419	19030419	20150419	86	443.21	498.69	47.00	3580.00		100.00	136.00	157.10	179.20	191.75	208.20	246.45	260.40	283.45	292.00	345.40	355.20	393.60	433.80	457.75	502.40	693.80	853.10	1559.00	
04112500	0420	19030420	20150420	86	471.86	687.52	45.00	5720.00		99.10	143.00	159.20	175.40	187.50	223.00	228.90	249.20	267.15	281.00	333.55	353.20	383.80	399.00	437.00	601.80	701.65	862.60	1580.00	
04112500	0421	19030421	20150421	86	471.80	677.52	50.00	5500.00		96.75	144.40	156.20	167.40	183.00	216.30	228.60	244.80	258.50	286.50	325.20	340.00	359.40	424.20	473.00	577.40	663.25	990.60	1346.50	
04112500	0422	19030422	20150422	86	450.98	563.83	60.00	4380.00		101.40	137.70	148.00	165.40	178.75	207.30	221.45	228.80	258.15	283.00	314.95	350.00	390.10	448.60	482.00	523.20	743.90	886.30	1473.00	
04112500	0423	19030423	20150423	86	424.81	437.82	62.00	3060.00		100.60	132.40	146.35	162.00	172.75	207.10	216.95	230.00	253.00	270.00	300.10	335.60	349.15	410.40	521.75	603.40	759.20	873.90	1440.50	
04112500	0424	19030424	20150424	86	405.02	380.28	62.00	2180.00		95.15	115.70	146.45	162.40	178.25	190.50	211.45	225.00	245.90	279.00	293.70	316.60	357.30	430.70	512.50	589.20	688.75	808.30	1256.00	
04112500	0425	19030425	20150425	86	403.79	367.38	62.00	2150.00		93.95	115.50	148.05	161.60	178.00	205.30	216.60	222.80	234.20	268.50	278.70	324.80	391.55	444.00	525.75	576.00	649.05	840.40	1230.00	
04112500	0426	19030426	20150426	86	414.97	381.49	66.00	1830.00		92.60	122.90	139.10	155.20	170.00	199.30	214.25	233.20	244.30	265.00	307.85	339.00	397.30	444.10	487.50	516.60	718.80	1020.00	1296.50	
04112500	0427	19030427	20150427	86	401.64	345.88	66.00	1520.00		86.55	121.40	134.40	154.40	169.50	194.00	207.90	222.40	233.60	259.00	327.30	368.60	408.50	422.30	452.25	600.40	755.00	1023.00	1326.00	
04112500	0428	19030428	20150428	86	390.91	319.34	60.00	1350.00		85.35	115.20	129.35	149.00	172.00	190.10	201.80	221.00	237.45	269.00	294.25	344.00	375.80	421.80	513.75	609.40	760.65	937.30	1174.00	
04112500	0429	19030429	20150429	86	385.78	335.04	56.00	1800.00		89.20	113.40	133.15	147.20	164.50	171.40	187.45	214.80	244.00	247.00	275.75	311.80	371.25	450.30	513.50	620.60	745.20	869.90	1092.50	
04112500	0430	19030430	20150430	86	375.66	381.43	56.00	2770.00		100.85	118.90	131.25	147.80	155.00	163.00	180.25	205.80	220.90	237.50	261.85	305.40	382.55	441.50	513.25	551.80	648.80	737.60	921.05	
04112500	0501	19030501	20150501	86	361.65	360.28	60.00	2770.00		99.90	120.20	139.05	147.40	158.50	165.70	188.00	200.80	214.15	228.00	269.95	312.60	388.60	432.30	482.50	546.00	574.75	681.60	773.60	
04112500	0502	19030502	20150502	86	352.97	311.22	54.00	2040.00		106.35	119.70	136.10	148.40	158.75	172.10	192.35	202.80	231.35	247.50	262.70	307.00	364.10	403.60	431.00	494.40	552.00	764.80	1058.00	
04112500	0503	19030503	20150503	86	338.50	290.60	50.00	1500.00		102.70	122.40	132.30	142.60	158.00	170.40	179.45	204.80	231.50	254.50	287.25	299.80	328.10	338.60	422.75	462.80	490.70	662.10	1193.50	
04112500	0504	19030504	20150504	86	309.95	253.50	58.00	1610.00		102.00	113.70	129.00	138.40	152.50	168.00	188.80	206.80	230.75	256.00	266.55	272.00	298.10	322.60	369.25	407.40	466.95	544.10	853.60	
04112500	0505	19030505	20150505	86	285.69	228.35	44.00	1550.00		96.00	110.70	123.15	132.40	148.75	165.90	187.75	205.00	222.15	230.00	235.85	250.20	269.65	298.90	338.50	359.60	412.75	511.80	728.75	
04112500	0506	19030506	20150506	86	267.66	198.28	35.00	1210.00		86.45	106.40	122.05	133.00	145.75	158.50	177.80	194.00	208.00	220.00	236.85	244.40	264.30	300.00	310.00	324.80	377.20	480.30	737.10	
04112500	0507	19030507	20150507	86	261.16	199.10	40.00	1290.00		82.00	102.70	117.30	133.20	144.50	159.10	167.70	187.20	195.50	213.00	228.55	252.00	262.65	286.00	299.25	322.40	349.85	417.40	735.80	
04112500	0508	19030508	20150508	86	257.43	190.96	45.00	1110.00		80.95	104.10	114.60	134.80	141.75	153.10	164.35	174.00	190.15	211.00	229.25	244.80	269.10	284.90	296.00	325.00	358.55	447.30	684.90	
04112500	0509	19030509	20150509	86	258.76	184.08	50.00	1000.00		75.35	97.40	116.05	131.40	142.50	157.20	163.00	174.80	188.45	201.50	229.50	238.20	248.65	266.50	315.50	339.80	429.70	507.80	578.35	
04112500	0510	19030510	20150510	86	299.15	328.60	56.00	2120.00		73.35	91.40	117.05	137.20	149.75	153.30	160.45	176.80	196.15	215.50	230.85	245.60	271.85	286.20	301.50	352.00	455.70	497.20	866.55	
04112500	0511	19030511	20150511	86	352.80	556.69	58.00	4280.00		75.70	89.70	107.20	127.40	145.25	152.10	159.70	172.40	199.45	217.00	238.50	254.80	272.00	310.60	341.75	424.80	502.45	651.50	880.85	
04112500	0512	19030512	20150512	86	367.12	556.87	58.00	4280.00		77.35	91.40	105.20	116.00	140.00	152.00	162.70	179.40	199.50	214.00	226.00	260.80	295.95	326.60	339.25	405.80	568.05	693.50	1073.00	
04112500	0513	19030513	20150513	86	357.07	505.95	45.00	3600.00		76.75	87.40	96.15	118.40	139.75	156.00	169.70	181.60	198.00	213.50	224.25	269.40	283.65	320.10	342.75	444.40	490.35	716.00	960.00	
04112500	0514	19030514	20150514	86	355.40	462.70	68.00	3130.00		74.35	84.10	88.95	117.20	135.25	157.50	175.45	187.60	199.20	219.50	241.70	262.20	295.75	318.40	383.25	405.80	561.00	771.50	1062.40	
04112500	0515	19030515	20150515	86	345.79	398.84	66.00	2680.00		73.05	80.70	102.00	114.00	131.50	144.60	171.80	181.00	201.50	230.00	245.95	267.20	294.90	329.40	368.75	433.40	540.65	719.50	1194.50	
04112500	0516	19030516	20150516	86	354.95	413.46	54.00	2200.00		72.05	89.70	102.30	118.00	137.00	151.20	165.00	173.80	190.75	207.50	231.35	249.80	286.00	322.50	419.00	468.60	550.90	851.50	1303.00	
04112500	0517	19030517	20150517	86	355.97	421.70	50.00	2160.00		73.00	86.80	96.40	116.80	133.75	149.00	158.25	169.60	191.15	205.50	224.55	242.00	276.15	309.90	403.75	489.20	579.70	899.60	1419.50	
04112500	0518	19030518	20150518	86	353.69	434.79	45.00	2840.00		68.70	84.00	101.00	117.60	130.00	143.20	154.90	175.00	185.35	204.00	224.70	241.00	292.50	328.60	382.00	460.80	597.60	767.30	1449.50	
04112500	0519	19030519	20150519	86	348.17	411.96	42.00	2840.00		68.70	86.10	98.05	119.40	124.75	139.60	152.25	162.80	172.65	206.50	219.25	265.00	288.75	323.00	376.00	494.20	664.50	806.70	1136.50	
04112500	0520	19030520	20150520	86	333.67	362.78	42.00	2240.00		62.10	88.00	92.25	114.40	127.50	136.00	142.25	151.60	171.45	200.50	220.20	269.20	304.10	314.60	398.00	459.60	583.30	884.60	1136.00	
04112500	0521	19030521	20150521	86	319.50	342.62	45.00	1740.00		66.00	83.10	91.05	100.20	118.50	128.00	139.45	144.60	163.50	183.00	196.85	258.20	272.00	299.80	403.00	445.40	569.45	747.80	1202.50	
04112500	0522	19030522	20150522	86	309.24	322.80	45.00	1760.00		66.00	79.00	88.20	98.80	109.00	125.00	133.45	142.80	151.30	178.50	202.90	217.20	248.60	294.90	378.75	483.80	605.95	747.60	1111.00	
04112500	0523	19030523	20150523	86	297.56	311.05	26.00	1640.00		59.05	74.10	80.05	92.40	101.75	121.10	128.45	139.80	160.75	179.00	207.55	219.40	257.70	318.90	338.25	468.20	619.80	713.00	921.00	
04112500	0524	19030524	20150524	86	283.58	311.85	20.00	2220.00		55.80	73.00	77.05	87.20	98.00	114.50	125.45	142.80	154.45	181.50	193.55	234.40	273.50	290.00	335.00	438.60	543.00	637.90	785.80	
04112500	0525	19030525	20150525	86	269.86	299.90	42.00	2090.00		57.05	68.30	74.05	88.80	97.00	114.10	127.80	147.00	162.15	176.50	206.50	226.00	242.05	271.80	330.25	398.60	462.25	550.90	810.00	
04112500	0526	19030526	20150526	86	267.81	321.37	41.00	2160.00		50.75	64.00	71.05	92.60	102.00	117.00	128.45	144.60	163.45	178.00	205.20	219.80	235.10	264.00	295.25	359.40	417.70	508.90	818.45	
04112500	0527	19030527	20150527	86	263.51	283.75	36.00	1690.00		48.40	63.10	69.20	90.60	103.75	116.30	123.25	140.60	152.30	165.00	205.65	221.80	248.10	288.40	314.00	350.20	411.85	477.90	838.90	
04112500	0528	19030528	20150528	86	257.45	263.72	36.00	1380.00		48.15	61.70	73.00	88.40	100.75	108.00	119.45	134.20	147.30	170.50	187.55	208.80	231.65	260.40	309.00	386.20	424.25	609.40	907.25	
04112500	0529	19030529	20150529	86	249.37	242.39	38.00	1360.00		46.15	56.70	74.05	85.00	95.00	107.10	115.35	121.80	142.20	171.00	184.25	195.40	233.00	248.70	288.75	344.20	503.75	645.10	804.75	
04112500	0530	19030530	20150530	86	230.58	224.31	31.00	1380.00		44.10	54.00	68.05	82.00	91.50	100.00	106.45	116.40	138.75	151.00	164.25	188.20	218.00	226.70	259.25	364.00	454.20	580.00	698.95	
04112500	0531	19030531	20150531	86	230.21	246.55	16.00	1420.00		52.00	55.00	72.00	81.40	91.25	95.20	106.60	127.80	137.30	153.00	157.85	180.80	198.85	210.00	292.50	334.20	374.45	517.30	638.25	
04112500	0601	19030601	20150601	86	230.86	273.86	16.00	1690.00		50.05	61.10	77.05	87.40	92.50	96.80	125.15	133.80	144.15	163.00	175.70	182.20	198.20	211.70	251.00	282.20	326.15	438.60	681.70	
04112500	0602	19030602	20150602	86	229.24	268.04	32.00	1690.00		52.05	67.60	80.00	84.40	89.50	113.10	124.25	135.20	146.65	161.50	166.85	174.00	204.00	223.80	244.75	271.60	329.05	453.40	643.65	
04112500	0603	19030603	20150603	86	228.58	258.38	33.00	1760.00		48.70	62.00	76.15	82.20	91.00	104.10	123.15	135.00	140.35	165.00	176.40	198.60	207.10	229.60	243.25	302.20	377.60	431.60	601.00	
04112500	0604	19030604	20150604	86	222.42	234.18	24.00	1420.00		51.35	61.70	73.05	77.40	84.00	105.30	111.45	125.80	134.15	161.50	169.25	178.40	198.55	211.40	241.75	303.00	355.00	485.10	707.80	
04112500	0605	19030605	20150605	86	217.88	231.62	31.00	1320.00		53.00	65.70	69.05	75.40	81.75	91.60	109.35	125.40	142.00	153.00	163.55	173.00	183.30	199.80	233.00	287.80	349.25	461.10	734.30	
04112500	0606	19030606	20150606	86	204.59	213.35	22.00	1440.00		57.75	65.70	69.05	73.40	79.75	91.00	99.25	112.60	126.60	147.00	154.85	162.20	176.55	193.70	241.00	299.80	337.80	435.30	601.50	
04112500	0607	19030607	20150607	86	192.79	196.84	27.00	1320.00		47.40	62.00	68.05	72.40	78.75	85.10	90.70	110.40	125.15	135.50	147.10	154.20	164.20	195.20	223.50	267.20	324.90	413.70	550.15	
04112500	0608	19030608	20150608	86	192.43	190.85	29.00	1110.00		45.00	60.70	66.15	75.80	80.25	86.10	95.60	112.60	117.30	129.00	138.70	146.40	162.10	190.80	213.75	245.00	346.90	415.90	646.90	
04112500	0609	19030609	20150609	86	190.15	193.01	31.00	1050.00		52.70	60.70	69.05	72.00	77.00	87.10	100.90	105.60	117.00	125.50	129.85	140.60	160.55	174.90	201.75	226.20	328.30	428.40	674.40	
04112500	0610	19030610	20150610	86	185.53	177.43	31.00	906.00		48.75	59.80	66.05	71.40	73.75	84.10	102.45	107.00	114.30	118.50	127.55	135.20	158.20	189.30	211.75	264.60	314.10	446.30	626.75	
04112500	0611	19030611	20150611	86	181.06	166.79	15.00	799.00		42.40	57.00	65.10	72.00	78.75	90.10	98.90	104.20	108.15	115.50	125.00	132.00	165.55	184.80	220.50	247.20	339.15	389.70	635.85	
04112500	0612	19030612	20150612	86	176.87	183.98	8.50	1330.00		41.50	54.10	62.00	67.40	73.50	84.10	94.45	103.60	110.15	116.50	128.80	142.60	154.10	169.30	196.50	238.80	298.75	394.00	540.30	
04112500	0613	19030613	20150613	86	181.92	212.20	16.00	1510.00		41.85	61.10	66.05	70.20	75.75	87.00	92.45	102.60	112.75	122.00	135.10	146.00	158.10	165.90	199.25	225.80	297.50	352.60	534.95	
04112500	0614	19030614	20150614	86	193.85	226.28	22.00	1210.00		43.35	63.10	69.00	73.00	78.50	90.00	92.00	97.80	119.00	126.50	130.00	136.00	155.50	170.00	204.00	249.40	307.90	376.70	624.55	
04112500	0615	19030615	20150615	86	198.62	233.50	22.00	1290.00		44.35	52.10	65.10	70.40	78.50	84.10	86.80	105.00	109.30	115.50	126.25	136.40	159.10	180.00	205.75	258.40	302.70	441.60	808.25	
04112500	0616	19030616	20150616	86	189.64	212.18	18.00	1030.00		32.80	49.50	60.00	66.40	72.75	80.00	90.00	96.20	107.15	111.00	126.35	145.20	158.65	183.60	203.50	231.20	323.30	444.20	756.60	
04112500	0617	19030617	20150617	86	181.33	192.21	16.00	918.00		31.75	49.00	54.10	62.00	66.75	76.20	82.00	90.80	98.45	108.50	118.85	136.60	151.10	185.70	207.25	243.60	297.95	449.30	701.50	
04112500	0618	19030618	20150618	86	182.71	197.78	13.00	934.00		30.70	44.00	59.10	63.80	70.75	77.20	85.00	94.40	99.00	107.00	113.55	130.20	147.55	176.40	194.75	221.20	295.75	553.30	683.10	
04112500	0619	19030619	20150619	86	181.35	230.68	20.00	1760.00		30.35	41.40	49.30	60.20	68.00	76.00	81.45	88.80	97.15	104.50	115.55	135.60	145.10	171.80	206.75	251.60	298.95	415.80	610.80	
04112500	0620	19030620	20150620	86	189.98	265.71	15.00	1940.00		28.35	41.70	51.15	62.00	66.00	74.10	78.45	87.00	94.15	106.50	125.85	133.20	150.10	162.80	195.25	256.60	327.85	443.00	636.25	
04112500	0621	19030621	20150621	86	199.33	300.48	12.00	1910.00		27.75	43.80	49.25	58.80	63.00	69.00	76.25	87.00	97.15	105.00	116.55	135.60	152.00	159.00	167.00	214.60	326.75	424.50	898.25	
04112500	0622	19030622	20150622	86	199.60	300.24	13.00	1820.00		25.75	43.10	52.05	57.40	63.00	68.10	81.90	87.00	96.30	104.50	113.55	133.80	143.10	165.10	184.50	215.20	264.95	408.40	1060.00	
04112500	0623	19030623	20150623	86	200.84	281.79	13.00	1450.00		23.35	40.70	47.20	57.20	61.75	67.00	70.45	78.80	100.00	104.50	113.55	125.20	136.05	151.90	213.50	277.60	314.80	393.40	1056.00	
04112500	0624	19030624	20150624	86	198.01	261.54	13.00	1390.00		26.45	37.40	49.05	53.20	58.00	62.00	68.45	81.60	89.15	102.50	109.70	119.60	128.55	197.30	230.25	274.40	342.75	490.10	983.45	
04112500	0625	19030625	20150625	86	195.94	261.71	12.00	1340.00		21.35	35.70	44.00	49.00	53.75	60.60	69.00	74.00	85.30	93.50	104.40	120.20	138.50	188.90	206.25	246.00	339.65	490.10	870.45	
04112500	0626	19030626	20150626	86	201.83	340.26	9.00	1890.00		20.70	35.70	40.20	47.00	53.75	65.10	67.45	78.80	85.30	89.50	95.85	109.20	124.55	162.00	181.75	208.40	287.05	431.50	976.95	
04112500	0627	19030627	20150627	86	195.21	381.60	10.00	2800.00		20.80	33.70	42.05	45.40	53.00	59.40	69.45	74.80	79.15	86.50	99.55	108.40	126.65	141.60	158.25	194.60	237.20	379.40	811.90	
04112500	0628	19030628	20150628	86	190.08	366.94	11.00	2940.00		21.45	33.10	39.05	44.40	50.25	57.10	63.90	69.80	77.00	89.50	103.85	111.40	126.85	136.90	182.00	217.40	234.95	407.30	761.65	
04112500	0629	19030629	20150629	86	179.86	334.03	10.00	2770.00		23.35	32.70	40.05	45.40	50.75	61.10	65.00	70.60	82.15	96.00	107.70	119.80	128.75	146.00	167.25	190.60	242.05	344.60	730.90	
04112500	0630	19030630	20150630	86	167.94	294.74	9.50	2540.00		22.35	34.70	40.00	43.80	52.75	61.10	65.00	71.80	88.30	97.00	112.25	126.00	135.10	149.90	161.25	191.00	252.20	339.80	555.85	
04112500	0701	19030701	20150701	86	152.83	260.69	8.00	2280.00		25.45	38.00	42.25	50.00	54.00	58.20	63.45	72.60	85.00	88.00	102.55	116.00	119.55	128.60	138.25	186.40	219.95	345.60	465.25	
04112500	0702	19030702	20150702	86	139.07	220.42	7.00	1910.00		28.15	37.00	46.10	50.00	52.00	56.10	62.00	68.60	73.60	86.00	92.00	103.20	108.00	119.20	133.75	169.80	215.90	290.90	397.70	
04112500	0703	19030703	20150703	86	131.58	185.04	6.00	1550.00		29.75	35.00	44.00	46.40	50.00	52.20	61.45	65.80	78.30	84.50	88.85	95.00	100.00	105.00	135.25	186.80	245.65	277.30	345.95	
04112500	0704	19030704	20150704	86	126.14	155.24	5.00	1230.00		24.35	32.00	40.05	44.00	51.50	54.50	61.45	68.40	80.00	85.00	92.70	99.20	104.55	109.90	157.75	180.80	213.25	259.40	326.05	
04112500	0705	19030705	20150705	86	127.89	146.29	4.70	975.00		17.70	30.80	38.05	42.80	54.00	59.00	64.35	67.80	75.30	79.00	84.85	91.00	106.40	117.70	148.25	167.20	199.10	290.70	447.60	
04112500	0706	19030706	20150706	86	119.53	136.12	5.20	800.00		22.70	32.70	38.00	45.00	53.75	60.20	65.00	71.40	75.45	80.00	83.70	86.20	94.10	104.90	127.00	144.40	166.00	243.00	489.15	
04112500	0707	19030707	20150707	86	109.35	117.06	16.00	710.00		22.00	31.40	36.10	46.40	51.00	54.50	62.45	69.80	74.00	74.50	79.00	84.60	90.65	102.70	120.00	143.40	160.85	207.60	358.90	
04112500	0708	19030708	20150708	86	113.00	163.96	15.00	1320.00		24.40	30.70	34.05	43.40	50.00	54.10	58.45	62.00	65.00	68.50	75.85	80.00	87.00	97.80	105.00	134.80	153.70	184.90	387.55	
04112500	0709	19030709	20150709	86	119.80	229.73	10.00	1960.00		23.00	30.00	31.05	39.40	48.25	52.10	56.90	59.80	64.15	69.50	73.85	77.20	82.55	91.80	100.50	130.60	139.95	166.20	469.65	
04112500	0710	19030710	20150710	86	111.22	219.25	5.50	1910.00		15.70	24.10	33.05	35.00	44.00	50.10	54.00	56.00	60.15	63.00	69.85	74.00	79.10	85.90	107.75	122.80	132.85	170.10	388.15	
04112500	0711	19030711	20150711	86	102.15	176.51	4.30	1480.00		15.70	22.70	31.05	35.40	43.25	49.10	51.90	57.80	60.00	62.00	68.00	73.80	79.10	84.90	91.25	113.60	128.85	163.70	303.45	
04112500	0712	19030712	20150712	86	107.42	232.80	3.80	1940.00		17.35	27.10	32.00	38.00	41.75	47.00	49.45	54.00	56.00	57.50	67.85	70.20	74.55	77.90	93.50	111.00	122.00	148.60	233.65	
04112500	0713	19030713	20150713	86	104.02	254.00	3.90	2290.00		16.35	25.70	30.05	34.00	40.50	46.10	49.45	53.80	55.00	57.50	63.70	67.40	72.00	79.90	86.75	105.60	116.00	143.10	192.95	
04112500	0714	19030714	20150714	86	93.62	192.87	4.00	1740.00		17.45	28.80	30.05	34.00	36.75	44.10	47.00	51.80	55.15	57.00	61.85	65.00	67.00	75.00	82.25	97.60	110.80	148.60	235.25	
04112500	0715	19030715	20150715	86	87.49	148.16	4.10	1290.00		13.00	21.20	30.00	32.40	37.50	43.00	45.90	49.60	55.00	58.00	62.85	67.00	70.65	74.90	83.75	97.00	99.95	148.30	214.10	
04112500	0716	19030716	20150716	86	82.94	122.61	4.00	1020.00		16.05	23.80	29.00	31.40	34.50	40.00	43.00	47.80	51.15	56.50	60.00	62.40	67.55	74.00	81.00	92.40	124.70	142.60	198.70	
04112500	0717	19030717	20150717	86	76.43	91.65	3.90	728.00		14.35	25.70	28.00	30.40	35.50	39.20	42.45	48.80	51.30	55.50	59.70	65.00	68.55	74.80	81.75	92.60	102.00	127.30	194.40	
04112500	0718	19030718	20150718	86	71.66	70.18	3.90	536.00		17.00	23.40	28.05	32.80	35.75	40.00	45.45	48.80	53.00	54.50	59.55	65.00	69.65	74.90	80.00	88.40	102.60	120.80	187.70	
04112500	0719	19030719	20150719	86	73.83	69.26	3.80	400.00		15.40	26.00	30.10	32.00	36.25	40.10	44.00	46.60	53.15	55.50	59.85	66.40	71.55	73.00	77.00	89.80	105.95	129.40	228.55	
04112500	0720	19030720	20150720	86	76.29	78.80	3.80	505.00		15.05	23.00	27.05	31.60	36.75	39.00	42.45	45.00	52.30	59.50	60.00	65.00	68.55	73.90	85.25	92.60	106.65	145.50	235.05	
04112500	0721	19030721	20150721	86	76.62	88.64	3.80	610.00		13.00	21.40	26.00	31.60	36.00	38.00	41.35	46.80	52.15	57.00	59.85	63.60	67.55	76.30	81.25	89.40	113.65	132.20	225.95	
04112500	0722	19030722	20150722	86	72.07	87.35	4.10	682.00		13.00	19.10	24.05	28.20	33.75	36.00	41.00	43.00	50.15	52.00	58.00	61.20	63.55	69.60	72.50	82.00	103.55	134.70	224.75	
04112500	0723	19030723	20150723	86	71.60	77.88	4.20	516.00		12.00	19.40	23.05	30.40	34.00	36.00	38.45	41.00	45.15	50.00	56.85	60.00	62.55	66.90	75.50	84.60	113.80	132.20	247.90	
04112500	0724	19030724	20150724	86	71.72	75.72	4.10	425.00		12.00	20.40	24.10	30.00	31.00	34.00	39.45	41.00	43.75	53.50	56.00	57.00	60.55	64.90	71.50	83.00	113.85	155.00	252.35	
04112500	0725	19030725	20150725	86	66.32	62.98	4.40	350.00		11.35	20.40	24.10	29.40	30.75	36.00	38.45	40.60	44.15	51.00	52.85	53.60	58.00	65.70	69.00	75.00	101.80	150.40	214.85	
04112500	0726	19030726	20150726	86	64.07	65.58	4.50	452.00		8.92	16.00	26.00	28.40	31.50	34.00	36.00	39.80	46.15	48.50	50.70	53.20	58.55	63.80	69.25	75.20	98.60	124.10	178.25	
04112500	0727	19030727	20150727	86	61.54	50.93	4.70	310.00		12.00	18.00	25.05	26.80	32.00	36.00	39.25	43.80	45.30	51.00	54.00	56.20	58.55	61.00	67.50	80.00	94.50	131.30	159.95	
04112500	0728	19030728	20150728	86	64.53	51.40	5.00	263.00		12.35	21.10	24.00	26.00	29.75	36.00	39.00	41.80	44.75	51.00	54.85	56.20	59.00	75.40	78.25	88.20	108.90	139.50	191.60	
04112500	0729	19030729	20150729	86	72.70	103.11	6.00	916.00		11.05	21.70	24.00	26.80	30.00	36.00	40.00	41.80	47.15	50.00	54.70	58.20	60.55	70.70	79.00	93.80	112.90	140.80	178.40	
04112500	0730	19030730	20150730	86	77.97	140.03	6.00	1270.00		11.75	20.70	24.00	25.40	30.25	36.00	38.90	43.80	49.15	51.00	54.85	57.20	59.55	65.00	75.25	100.60	107.95	130.10	199.20	
04112500	0731	19030731	20150731	86	78.29	143.08	3.00	1260.00		10.00	20.70	23.00	24.40	28.75	34.00	38.45	44.20	47.15	51.00	52.85	55.20	58.10	66.00	78.75	90.00	107.65	125.40	208.35	
04112500	0801	19030801	20150801	86	75.64	133.17	3.80	928.00		16.05	20.00	22.05	24.40	29.00	31.10	34.00	38.80	45.15	47.50	50.85	53.20	57.00	61.90	67.75	76.80	99.85	125.60	201.90	
04112500	0802	19030802	20150802	86	69.99	123.46	8.00	1040.00		11.35	22.00	24.00	25.40	28.75	32.20	37.45	40.00	42.00	45.00	47.85	51.20	58.65	62.90	66.25	81.20	89.90	117.90	147.85	
04112500	0803	19030803	20150803	86	70.65	124.33	8.00	1090.00		11.05	20.00	23.05	26.00	28.00	35.10	38.00	39.80	42.00	44.00	47.70	53.20	59.65	65.00	71.00	86.00	94.85	112.00	130.25	
04112500	0804	19030804	20150804	86	70.39	114.77	5.90	994.00		10.70	15.40	20.00	24.00	26.00	30.10	34.90	39.00	41.15	43.50	49.00	55.20	58.55	66.90	72.25	86.00	96.90	125.70	182.80	
04112500	0805	19030805	20150805	86	71.53	100.84	5.50	838.00		9.75	14.70	20.00	24.00	26.00	32.00	36.00	38.00	41.15	44.00	48.70	54.20	57.55	67.80	72.75	86.00	112.45	180.50	208.25	
04112500	0806	19030806	20150806	86	69.65	86.65	5.50	678.00		11.35	17.70	22.05	24.00	30.00	33.20	36.45	39.00	43.00	46.50	49.00	53.00	58.10	63.00	67.00	85.20	98.80	167.20	226.65	
04112500	0807	19030807	20150807	86	64.67	70.66	6.30	532.00		10.35	17.70	21.05	23.00	30.00	32.00	36.00	40.00	45.30	50.00	51.00	54.00	57.55	60.90	64.25	73.00	94.90	136.50	188.95	
04112500	0808	19030808	20150808	86	64.29	65.88	7.60	489.00		11.00	16.00	18.10	22.00	28.00	31.10	38.90	43.60	47.00	50.00	52.85	55.20	56.55	61.90	71.50	89.00	101.75	142.00	162.65	
04112500	0809	19030809	20150809	86	66.17	69.10	8.00	471.00		14.05	18.40	25.00	26.80	29.00	32.00	38.00	40.80	44.45	48.00	49.00	52.00	54.00	56.90	69.00	84.00	107.55	140.40	215.35	
04112500	0810	19030810	20150810	86	72.02	82.77	7.70	428.00		11.40	21.40	24.10	28.00	31.75	35.10	38.00	40.00	44.15	47.00	51.85	53.00	55.10	59.70	75.25	82.60	95.95	157.60	325.55	
04112500	0811	19030811	20150811	86	71.16	80.77	5.50	395.00		14.00	20.80	24.05	26.40	29.00	31.00	34.45	40.80	42.15	46.00	49.85	55.40	60.55	66.60	72.00	87.40	94.95	135.50	313.80	
04112500	0812	19030812	20150812	86	64.19	65.31	9.00	355.00		11.70	17.40	23.05	25.40	28.75	32.00	36.00	38.00	41.00	44.00	49.00	52.40	60.20	63.00	69.50	83.60	88.95	121.30	241.00	
04112500	0813	19030813	20150813	86	60.57	59.27	8.40	355.00		11.00	17.40	20.10	24.00	27.75	30.20	36.00	38.00	40.30	46.00	48.00	52.20	55.55	62.50	68.50	81.20	85.95	111.80	188.30	
04112500	0814	19030814	20150814	86	58.97	63.02	9.00	404.00		14.35	19.00	22.10	26.00	27.50	30.30	34.45	36.00	39.00	40.50	45.85	49.20	54.00	55.90	64.00	72.60	78.90	114.80	176.60	
04112500	0815	19030815	20150815	86	57.47	67.33	6.30	514.00		12.35	17.70	21.10	24.40	26.75	31.10	34.90	37.00	39.30	42.00	44.70	49.20	52.00	54.00	58.00	66.60	75.80	101.90	175.10	
04112500	0816	19030816	20150816	86	56.55	62.88	5.90	483.00		11.35	18.00	23.00	26.00	31.00	32.10	34.45	36.00	38.30	41.50	43.00	46.20	49.55	53.90	61.75	68.60	73.00	95.60	167.10	
04112500	0817	19030817	20150817	86	57.39	61.56	5.50	376.00		12.70	17.70	20.00	23.00	27.50	31.00	34.00	36.80	40.00	41.00	44.00	47.00	50.00	52.90	58.00	60.20	84.40	100.50	235.80	
04112500	0818	19030818	20150818	86	57.00	62.41	8.00	432.00		12.70	16.70	20.10	23.40	29.00	31.00	32.45	34.00	37.15	40.50	42.85	47.00	50.00	52.00	58.50	65.00	82.90	104.10	190.45	
04112500	0819	19030819	20150819	86	54.56	51.64	8.00	360.00		14.00	15.70	18.05	20.40	23.50	31.00	32.90	36.00	40.15	42.00	43.85	48.40	50.00	54.00	61.25	65.00	87.00	115.30	144.30	
04112500	0820	19030820	20150820	86	60.93	59.08	7.00	297.00		14.00	16.00	20.00	25.00	28.50	31.10	34.45	36.80	39.15	41.00	44.85	47.40	52.10	61.80	69.00	78.60	107.35	125.70	238.40	
04112500	0821	19030821	20150821	86	59.28	59.51	7.00	343.00		15.00	16.70	20.10	23.40	27.00	32.20	35.90	38.80	41.15	43.00	44.85	48.00	51.10	58.60	64.75	77.80	89.85	110.20	176.55	
04112500	0822	19030822	20150822	86	60.57	64.40	7.00	423.00		15.00	16.70	21.05	25.40	29.50	34.00	36.00	38.00	40.00	41.50	46.00	50.00	55.10	60.70	65.00	70.80	90.20	113.90	184.65	
04112500	0823	19030823	20150823	86	58.34	57.41	8.00	359.00		15.35	18.40	22.00	25.40	31.00	36.00	37.00	38.00	41.00	42.50	44.00	48.40	52.55	57.00	59.25	72.60	94.85	105.20	145.45	
04112500	0824	19030824	20150824	86	56.24	45.91	8.00	261.00		14.70	19.40	21.05	24.00	29.00	33.10	34.45	37.80	40.15	45.00	48.00	53.20	55.00	57.00	67.50	73.60	84.75	103.80	156.55	
04112500	0825	19030825	20150825	86	53.48	42.69	8.00	254.00		13.35	17.00	20.05	21.00	25.00	31.10	34.45	38.00	41.00	43.00	44.00	47.20	49.55	54.00	66.00	70.60	87.65	103.60	156.95	
04112500	0826	19030826	20150826	86	55.65	41.91	8.00	226.00		13.05	18.00	21.00	23.40	26.75	32.10	34.00	38.00	39.15	41.00	43.85	46.20	51.55	58.90	70.25	79.60	102.75	128.30	147.30	
04112500	0827	19030827	20150827	86	59.63	53.05	7.00	342.00		14.40	19.70	22.00	28.00	31.50	34.00	35.00	37.00	39.00	41.50	43.00	46.40	51.65	61.80	75.75	84.60	105.95	123.50	162.80	
04112500	0828	19030828	20150828	86	64.13	70.91	5.00	474.00		13.35	20.00	23.05	26.00	31.25	34.00	34.00	36.00	38.00	39.50	42.85	46.80	55.65	63.90	75.50	88.00	97.85	135.20	182.90	
04112500	0829	19030829	20150829	86	70.87	88.54	6.40	602.00		15.70	18.70	22.05	25.40	31.00	32.00	34.00	35.80	37.00	38.50	41.85	46.40	61.10	67.90	79.00	96.60	125.85	146.90	218.00	
04112500	0830	19030830	20150830	86	75.46	103.45	7.00	771.00		15.35	19.40	22.00	24.40	29.00	32.00	33.45	35.80	36.00	39.50	41.85	49.40	60.65	65.00	74.75	107.60	132.80	174.20	251.90	
04112500	0831	19020831	20150831	87	72.53	108.17	6.30	856.00		13.80	19.40	21.20	24.00	28.00	31.40	33.00	34.40	36.60	39.00	43.00	48.60	59.00	63.80	67.00	86.20	110.80	151.40	214.00	
04112500	0901	19020901	20150901	87	72.20	121.43	9.00	856.00		15.00	16.80	20.00	25.00	29.00	30.40	31.80	34.00	34.60	38.00	43.40	46.80	55.00	63.20	72.00	84.00	95.80	137.40	178.00	
04112500	0902	19020902	20150902	87	70.53	116.84	10.00	771.00		15.40	17.00	20.00	23.60	26.00	29.00	30.80	32.00	34.40	41.00	43.00	48.20	54.00	60.20	65.00	72.80	100.60	148.60	166.60	
04112500	0903	19020903	20150903	87	65.71	96.56	9.90	624.00		15.40	18.00	18.00	24.00	28.00	29.00	30.80	32.00	34.00	37.00	40.40	44.00	49.40	58.00	61.00	72.20	82.40	145.20	193.80	
04112500	0904	19020904	20150904	87	72.17	131.57	7.20	1030.00		13.80	17.80	21.20	24.00	26.00	28.00	28.80	30.00	33.60	41.00	42.80	45.00	47.40	52.40	61.00	71.80	94.00	144.20	201.40	
04112500	0905	19020905	20150905	87	69.76	135.14	7.20	1140.00		13.40	17.00	18.40	23.00	25.00	26.00	28.00	30.00	33.00	37.00	40.80	43.80	48.20	54.60	63.00	68.40	86.60	142.20	195.40	
04112500	0906	19020906	20150906	87	62.54	95.28	6.00	700.00		12.00	14.00	17.40	22.00	25.00	26.00	30.00	32.00	32.00	36.00	39.40	43.60	48.00	51.60	61.00	68.20	92.60	121.80	194.00	
04112500	0907	19020907	20150907	87	63.06	83.21	6.00	545.00		12.80	15.80	18.40	21.00	24.00	26.40	30.80	32.00	36.00	38.00	40.40	43.00	47.00	51.00	65.00	79.00	100.20	127.00	223.60	
04112500	0908	19020908	20150908	87	65.12	86.57	7.20	466.00		13.00	16.80	18.20	21.00	24.00	26.40	30.80	34.00	34.60	36.00	37.40	42.80	46.00	54.20	67.00	79.60	95.00	136.40	299.40	
04112500	0909	19020909	20150909	87	67.23	94.60	8.40	611.00		12.40	15.00	20.00	22.00	23.00	26.00	28.00	32.00	34.00	37.00	38.80	42.80	47.00	59.80	74.00	86.00	95.40	137.20	219.00	
04112500	0910	19020910	20150910	87	70.43	101.13	12.00	645.00		14.00	15.80	19.20	21.00	25.00	26.00	30.40	32.20	34.00	36.00	38.40	47.40	53.40	66.80	78.00	94.00	110.40	146.40	223.60	
04112500	0911	19020911	20150911	87	72.92	98.45	13.00	666.00		14.40	17.00	20.00	22.60	25.00	26.80	29.80	31.00	34.60	39.00	45.00	50.80	62.20	68.00	92.00	108.80	116.40	155.60	224.80	
04112500	0912	19020912	20150912	87	74.95	109.65	8.40	651.00		16.00	18.00	21.20	23.00	25.00	26.80	29.00	31.20	35.60	39.00	43.40	49.80	59.40	64.00	78.00	95.80	107.40	142.00	328.00	
04112500	0913	19020913	20150913	87	70.98	97.66	7.30	587.00		15.40	17.00	21.00	23.60	25.00	26.00	30.00	34.20	37.20	38.00	43.40	47.00	56.40	62.80	69.00	91.00	107.80	133.20	270.80	
04112500	0914	19020914	20150914	87	73.92	111.91	7.30	790.00		14.40	16.80	21.00	24.00	25.00	26.80	30.00	32.40	36.00	39.00	41.40	46.00	56.20	61.20	69.00	88.80	107.80	137.40	313.80	
04112500	0915	19020915	20150915	87	84.74	185.57	8.60	1650.00		14.20	19.40	21.20	24.60	28.00	31.00	33.60	36.40	39.00	42.00	45.80	51.40	54.20	60.00	69.00	90.20	110.00	154.80	294.60	
04112500	0916	19020916	20150916	87	91.94	227.41	8.60	2020.00		14.40	20.00	21.40	26.00	28.00	30.40	34.00	37.20	38.60	42.00	45.40	52.00	57.00	62.00	69.00	89.60	101.80	149.60	297.60	
04112500	0917	19020917	20150917	87	93.09	240.50	8.60	2090.00		14.80	19.00	21.40	25.60	28.00	32.80	34.00	35.20	39.00	41.00	42.80	46.60	50.20	59.60	70.00	87.20	120.20	170.00	247.00	
04112500	0918	19020918	20150918	87	96.34	236.58	9.90	1850.00		14.80	18.00	24.00	25.60	28.00	31.00	34.80	38.00	40.00	42.00	43.00	50.40	55.00	61.20	65.00	80.00	121.40	157.60	294.20	
04112500	0919	19020919	20150919	87	91.07	202.24	12.00	1560.00		16.00	19.60	23.20	26.60	28.00	31.40	34.00	36.00	39.00	41.00	48.00	50.80	57.40	65.80	78.00	91.20	117.40	133.00	249.60	
04112500	0920	19020920	20150920	87	80.84	157.79	7.30	1240.00		14.40	20.00	23.20	26.00	28.00	30.00	33.40	36.00	36.00	41.00	47.40	52.80	58.40	68.60	72.00	88.40	103.80	142.00	214.80	
04112500	0921	19020921	20150921	87	76.79	127.43	5.10	969.00		15.00	19.60	22.00	25.60	28.00	30.00	32.00	34.00	38.00	40.00	46.80	51.60	55.40	66.60	72.00	84.80	112.80	144.00	258.80	
04112500	0922	19020922	20150922	87	79.13	111.87	5.10	770.00		15.00	18.80	22.00	25.00	30.00	31.00	32.00	35.20	39.60	43.00	49.20	53.80	59.20	61.60	72.00	97.80	121.20	162.40	305.40	
04112500	0923	19020923	20150923	87	86.03	112.56	9.50	627.00		14.40	18.00	23.20	26.00	28.00	30.40	31.80	34.40	39.00	44.00	50.00	53.00	60.20	66.00	76.00	105.40	147.60	233.80	381.60	
04112500	0924	19020924	20150924	87	89.55	121.00	14.00	769.00		18.00	21.60	26.00	27.20	30.00	31.00	34.80	37.00	41.60	46.00	50.60	57.60	60.40	70.00	87.00	114.40	153.60	219.80	385.20	
04112500	0925	19020925	20150925	87	86.52	111.94	11.00	704.00		18.00	19.80	24.40	27.60	30.00	31.00	33.60	36.00	42.00	45.00	51.40	57.00	62.00	69.20	87.00	115.80	145.40	214.00	366.60	
04112500	0926	19020926	20150926	87	85.15	101.47	9.90	504.00		17.00	21.40	27.20	28.00	30.00	31.00	35.60	37.20	40.60	44.00	48.40	54.00	62.20	80.60	99.00	114.00	132.80	220.80	339.80	
04112500	0927	19020927	20150927	87	84.55	99.84	9.90	463.00		16.40	22.00	26.00	28.00	30.00	32.80	35.00	39.00	41.60	44.00	50.40	52.80	62.20	81.20	96.00	111.00	129.60	222.40	387.60	
04112500	0928	19020928	20150928	87	86.46	112.77	11.00	682.00		18.00	22.00	26.00	29.20	31.00	34.00	36.00	39.20	42.20	47.00	49.80	52.80	58.00	75.00	95.00	115.00	129.80	198.80	349.40	
04112500	0929	19020929	20150929	87	90.39	131.74	9.90	771.00		18.80	22.80	26.00	30.00	31.00	35.00	37.60	41.40	47.00	49.00	52.00	55.60	60.40	72.80	86.00	101.60	128.60	186.40	352.40	
04112500	0930	19020930	20150930	87	92.26	153.48	11.00	963.00		16.20	22.80	26.00	28.60	30.00	34.00	36.00	38.00	41.00	45.00	49.00	50.80	53.60	67.60	80.00	96.40	143.60	175.40	420.40	
04112500	1001	19021001	20151001	87	105.49	199.16	8.00	1250.00		16.40	20.00	25.00	28.00	32.00	34.40	36.00	38.00	40.00	44.00	50.40	52.00	56.60	66.60	75.00	96.60	132.60	197.40	537.20	
04112500	1002	19021002	20151002	87	119.76	286.54	12.00	2180.00		15.80	20.80	26.00	29.00	32.00	34.00	35.00	36.00	39.00	42.00	46.00	49.80	56.20	67.80	74.00	99.00	120.40	173.00	666.40	
04112500	1003	19021003	20151003	87	117.33	278.34	12.00	2060.00		17.40	21.00	25.60	29.00	32.00	34.00	35.80	37.00	38.60	40.00	45.00	51.00	59.20	65.60	74.00	97.20	118.60	165.00	610.60	
04112500	1004	19021004	20151004	87	111.18	239.63	12.00	1640.00		15.80	21.80	25.00	28.60	32.00	34.40	36.00	38.00	39.60	42.00	48.40	53.80	58.40	68.20	78.00	97.80	143.00	188.00	504.60	
04112500	1005	19021005	20151005	87	108.67	208.06	12.00	1280.00		16.80	23.80	26.40	30.60	33.00	34.00	36.80	39.00	41.60	48.00	53.40	55.80	66.00	75.40	90.00	108.40	155.40	196.80	413.40	
04112500	1006	19021006	20151006	87	107.46	187.68	12.00	1190.00		15.00	23.80	26.00	30.60	34.00	35.00	37.60	40.00	45.20	49.00	53.80	61.00	64.00	72.00	79.00	135.40	154.80	208.60	482.80	
04112500	1007	19021007	20151007	87	119.61	234.04	12.00	1640.00		14.40	23.00	26.60	32.00	34.00	36.80	40.00	41.60	47.60	52.00	55.00	61.60	66.20	72.00	85.00	132.00	167.80	204.80	584.40	
04112500	1008	19021008	20151008	87	119.92	268.67	12.00	2210.00		14.00	23.00	26.20	31.20	34.00	38.40	41.00	44.00	48.60	51.00	56.40	60.00	67.20	70.60	78.00	111.80	154.80	227.80	524.00	
04112500	1009	19021009	20151009	87	107.64	205.75	14.00	1630.00		18.40	21.80	26.00	29.60	32.00	36.80	42.80	45.20	49.00	57.00	59.00	60.00	66.20	71.00	79.00	106.40	141.80	199.40	433.20	
04112500	1010	19021010	20151010	87	100.21	160.48	14.00	1210.00		19.40	24.00	26.00	29.60	32.00	36.40	40.80	44.00	48.20	52.00	55.00	60.80	72.00	76.20	87.00	101.40	150.00	276.40	341.20	
04112500	1011	19021011	20151011	87	95.01	136.56	13.00	960.00		20.00	23.80	28.00	29.00	30.00	34.40	39.80	44.00	46.60	51.00	53.00	62.00	71.00	75.00	78.00	102.00	143.60	264.00	394.80	
04112500	1012	19021012	20151012	87	91.40	118.28	13.00	812.00		18.80	25.00	28.40	31.00	33.00	37.40	39.80	42.00	46.20	51.00	54.00	64.00	69.00	72.00	89.00	105.80	139.80	235.60	341.40	
04112500	1013	19021013	20151013	87	86.79	99.87	13.00	655.00		18.00	23.60	27.20	30.60	32.00	40.40	42.00	45.20	50.00	53.00	55.80	62.00	69.00	74.40	90.00	102.60	167.80	213.60	294.20	
04112500	1014	19021014	20151014	87	84.07	85.90	14.00	525.00		18.40	23.60	26.60	30.60	34.00	40.00	43.80	46.00	49.60	53.00	57.40	66.80	72.00	77.60	84.00	113.80	160.20	214.40	256.00	
04112500	1015	19021015	20151015	87	85.79	84.85	14.00	422.00		18.80	22.00	27.20	30.60	37.00	39.40	42.80	47.00	51.00	53.00	58.00	65.40	69.00	76.20	103.00	117.00	159.80	211.60	302.00	
04112500	1016	19021016	20151016	87	88.62	98.33	14.00	596.00		18.00	21.00	26.40	33.20	36.00	38.80	43.80	47.00	50.20	55.00	61.00	63.00	68.20	74.00	103.00	123.00	162.40	202.00	315.60	
04112500	1017	19021017	20151017	87	95.94	129.07	14.00	820.00		18.80	25.00	30.20	35.00	37.00	40.00	42.60	47.00	48.60	56.00	61.00	66.60	71.20	78.00	95.00	120.40	164.00	185.20	298.40	
04112500	1018	19021018	20151018	87	104.82	164.54	17.00	1020.00		19.40	23.80	30.40	34.00	38.00	39.40	43.60	48.20	53.60	59.00	61.40	69.80	75.00	81.80	102.00	120.40	156.20	207.40	280.80	
04112500	1019	19021019	20151019	87	110.69	161.04	14.00	1030.00		17.40	24.00	26.00	34.60	38.00	42.00	47.00	51.00	54.20	61.00	65.40	70.40	78.40	96.60	110.00	142.80	197.20	228.60	339.60	
04112500	1020	19021020	20151020	87	110.63	149.05	12.00	889.00		18.80	24.80	33.20	35.00	36.00	42.80	46.60	52.20	57.60	60.00	63.80	68.80	77.40	90.60	117.00	150.00	183.80	220.60	530.80	
04112500	1021	19021021	20151021	87	106.43	133.53	11.00	691.00		20.00	26.00	32.20	34.00	36.00	42.00	46.60	51.00	57.00	62.00	68.00	72.60	80.00	87.00	119.00	136.20	170.60	210.80	504.00	
04112500	1022	19021022	20151022	87	106.09	127.88	13.00	786.00		20.80	30.80	33.20	35.00	39.00	42.40	47.00	51.00	56.20	60.00	71.00	73.00	78.60	99.60	120.00	139.00	166.80	217.20	450.00	
04112500	1023	19021023	20151023	87	104.25	115.65	17.00	732.00		20.40	27.00	32.00	35.60	40.00	41.40	46.40	52.20	58.80	63.00	69.00	72.80	88.40	108.60	120.00	131.00	192.80	245.20	373.80	
04112500	1024	19021024	20151024	87	103.49	105.34	15.00	573.00		18.80	25.80	29.40	35.60	38.00	42.40	45.80	50.20	56.20	62.00	71.40	76.60	84.60	109.80	125.00	154.00	187.80	242.20	353.20	
04112500	1025	19021025	20151025	87	102.31	102.89	12.00	545.00		21.20	27.80	33.00	36.00	39.00	42.80	49.00	51.20	54.60	61.00	64.40	72.60	86.20	105.20	123.00	155.40	195.20	230.40	348.00	
04112500	1026	19021026	20151026	87	99.00	97.06	12.00	617.00		21.40	28.00	32.20	35.00	38.00	44.00	49.80	51.20	55.20	59.00	63.00	79.60	93.00	102.20	125.00	174.80	183.20	219.60	309.80	
04112500	1027	19021027	20151027	87	97.26	90.46	13.00	595.00		25.40	29.00	31.20	34.60	38.00	42.80	47.00	52.20	54.60	57.00	71.40	78.80	95.20	106.20	129.00	170.40	183.80	210.40	282.20	
04112500	1028	19021028	20151028	87	96.76	82.60	13.00	516.00		24.80	30.40	35.60	39.00	41.00	45.80	49.00	51.00	53.60	56.00	75.20	87.00	100.00	109.00	129.00	162.40	169.80	221.60	263.20	
04112500	1029	19021029	20151029	87	95.09	77.36	14.00	435.00		26.00	28.00	31.00	34.60	38.00	42.80	48.60	51.40	56.00	64.00	75.20	94.80	100.00	109.40	128.00	149.40	158.60	219.20	257.60	
04112500	1030	19021030	20151030	87	94.38	75.62	14.00	376.00		18.00	28.00	31.00	35.60	41.00	42.80	47.80	51.00	56.60	61.00	82.80	94.40	99.40	113.20	123.00	145.80	173.20	205.80	264.00	
04112500	1031	19021031	20151031	87	96.30	79.40	13.00	476.00		20.40	30.00	31.20	37.20	42.00	44.40	47.00	51.20	57.20	81.00	85.80	92.00	99.40	109.00	122.00	138.20	181.60	213.40	242.80	
04112500	1101	19021101	20151101	87	102.10	82.77	14.00	423.00		22.20	33.00	35.20	40.00	46.00	49.40	51.00	54.40	61.60	87.00	90.80	98.00	103.00	111.80	122.00	141.80	187.40	218.00	284.40	
04112500	1102	19021102	20151102	87	109.49	105.68	14.00	777.00		22.20	32.20	39.00	42.00	49.00	50.00	52.80	61.20	82.00	88.00	93.00	97.00	102.60	111.80	125.00	146.40	186.40	225.60	318.40	
04112500	1103	19021103	20151103	87	117.67	120.89	14.00	853.00		26.40	35.00	39.20	44.00	48.00	51.80	57.60	68.80	81.20	91.00	95.20	102.00	107.00	121.60	135.00	162.20	195.60	214.60	328.60	
04112500	1104	19021104	20151104	87	119.87	121.60	20.00	746.00		30.80	35.00	39.00	46.20	48.00	51.00	58.60	77.20	83.60	85.00	96.20	103.80	110.40	120.60	142.00	172.20	189.20	233.80	335.80	
04112500	1105	19021105	20151105	87	123.06	125.99	14.00	702.00		27.40	36.80	39.20	44.60	49.00	53.00	64.60	74.60	80.40	89.00	95.00	100.80	105.80	135.60	140.00	160.40	200.00	225.60	394.20	
04112500	1106	19021106	20151106	87	129.09	143.16	14.00	780.00		21.40	32.60	39.40	45.60	52.00	59.00	62.00	74.00	81.20	88.00	98.00	101.60	112.20	124.20	142.00	174.60	196.00	248.00	504.00	
04112500	1107	19021107	20151107	87	131.47	150.86	15.00	907.00		26.00	37.80	41.40	46.20	52.00	56.00	65.00	73.80	81.20	88.00	97.40	100.80	109.40	135.00	140.00	165.60	187.60	267.00	459.60	
04112500	1108	19021108	20151108	87	131.10	141.31	15.00	850.00		28.40	37.60	40.60	51.00	53.00	54.40	68.40	72.00	77.00	85.00	90.80	104.20	115.40	134.20	147.00	161.00	218.20	255.20	423.40	
04112500	1109	19021109	20151109	87	129.54	129.53	15.00	757.00		30.80	40.80	44.20	51.20	54.00	56.00	63.80	70.80	79.00	83.00	95.80	108.80	119.80	134.60	149.00	167.00	210.00	269.00	421.20	
04112500	1110	19021110	20151110	87	130.86	124.71	15.00	746.00		28.00	38.80	43.40	53.00	55.00	63.40	67.40	73.20	78.20	84.00	100.40	113.00	128.40	137.60	156.00	186.00	215.80	252.20	454.20	
04112500	1111	19021111	20151111	87	133.11	125.34	16.00	691.00		29.40	37.80	42.00	49.40	54.00	60.00	64.00	69.60	73.60	97.00	107.00	115.80	133.60	150.60	191.00	204.00	218.80	244.60	408.20	
04112500	1112	19021112	20151112	87	136.09	127.17	16.00	732.00		20.60	32.60	42.20	51.00	56.00	60.00	62.80	68.80	77.60	100.00	105.60	126.60	144.40	161.00	176.00	205.00	233.20	271.40	388.20	
04112500	1113	19021113	20151113	87	141.85	149.25	15.00	1000.00		22.40	35.40	42.80	51.20	54.00	62.00	63.80	68.80	80.00	98.00	107.40	119.60	141.80	154.60	181.00	204.00	230.80	304.00	411.40	
04112500	1114	19021114	20151114	87	145.82	173.40	14.00	1240.00		24.60	35.80	42.20	46.20	52.00	60.40	66.60	72.40	79.60	94.00	106.20	123.20	137.20	149.00	171.00	189.20	218.00	283.00	541.00	
04112500	1115	19021115	20151115	87	150.24	185.17	17.00	1240.00		31.00	36.80	42.20	46.60	53.00	60.00	65.40	77.00	86.80	92.00	106.20	118.60	133.00	155.00	168.00	194.20	227.60	308.60	477.20	
04112500	1116	19021116	20151116	87	149.71	171.82	17.00	1120.00		24.20	35.80	42.40	50.00	57.00	64.40	69.40	77.60	86.60	97.00	105.60	119.80	129.40	148.80	172.00	197.20	230.80	366.20	482.20	
04112500	1117	19021117	20151117	87	150.85	164.28	17.00	992.00		20.80	39.00	44.00	50.60	60.00	64.80	70.00	78.20	89.00	100.00	111.60	120.80	127.80	148.20	162.00	193.40	248.40	333.40	584.40	
04112500	1118	19021118	20151118	87	152.05	160.26	15.00	871.00		23.40	39.00	42.40	50.20	58.00	68.40	72.00	85.00	94.20	100.00	115.40	118.80	129.40	154.80	173.00	203.80	254.80	311.20	596.20	
04112500	1119	19021119	20151119	87	150.18	151.33	18.00	789.00		28.80	38.40	41.60	51.40	61.00	67.40	77.40	80.00	98.60	110.00	113.00	122.80	143.60	153.60	170.00	206.80	240.60	298.40	541.80	
04112500	1120	19021120	20151120	87	150.99	146.02	18.00	752.00		32.20	40.60	44.20	48.60	63.00	67.60	76.60	86.00	99.20	113.00	124.00	131.40	148.00	161.20	183.00	200.00	229.80	280.60	534.20	
04112500	1121	19021121	20151121	87	152.39	142.21	17.00	779.00		29.00	39.80	47.00	51.60	62.00	72.40	77.00	88.00	96.60	114.00	119.40	137.00	159.80	179.00	191.00	214.00	233.00	275.60	513.40	
04112500	1122	19021122	20151122	87	148.32	132.18	19.00	696.00		25.20	38.60	43.60	52.60	64.00	70.40	80.20	90.00	98.00	114.00	124.80	136.80	153.20	168.60	183.00	214.80	236.00	300.20	504.20	
04112500	1123	19021123	20151123	87	148.46	138.42	19.00	946.00		28.80	40.60	45.40	53.00	67.00	72.00	84.80	90.40	105.20	118.00	132.40	140.40	162.00	168.00	177.00	203.80	217.20	262.80	446.20	
04112500	1124	19021124	20151124	87	150.43	150.93	14.00	1190.00		27.40	37.40	45.00	50.60	67.00	76.40	80.80	86.20	104.20	111.00	136.20	151.80	163.80	171.60	185.00	206.00	228.60	264.60	388.20	
04112500	1125	19021125	20151125	87	150.61	150.18	14.00	1140.00		26.80	39.80	45.20	51.00	61.00	69.00	84.00	92.00	99.60	120.00	129.40	141.40	157.00	168.00	179.00	197.20	223.80	294.80	433.00	
04112500	1126	19021126	20151126	87	147.70	135.50	22.00	981.00		31.60	38.40	45.40	54.60	58.00	67.40	86.40	97.00	108.60	117.00	126.60	142.60	158.20	168.00	191.00	202.00	212.80	270.20	426.00	
04112500	1127	19021127	20151127	87	147.86	126.04	20.00	840.00		25.40	35.60	45.60	53.60	62.00	73.40	88.00	96.40	111.00	121.00	130.80	145.40	158.60	173.80	188.00	208.40	227.20	277.40	392.80	
04112500	1128	19021128	20151128	87	163.82	150.97	17.00	854.00		24.80	40.20	44.60	54.00	66.00	74.40	85.20	92.00	103.60	121.00	132.60	148.00	163.60	182.40	208.00	215.80	327.80	353.60	462.40	
04112500	1129	19021129	20151129	87	176.69	176.47	12.00	1120.00		24.80	39.80	47.40	56.00	62.00	75.40	81.60	94.60	103.60	119.00	130.40	156.40	169.00	200.40	220.00	256.00	330.00	415.80	532.40	
04112500	1130	19021130	20151130	87	182.14	175.08	14.00	1050.00		32.80	41.80	47.00	55.40	62.00	73.40	86.60	95.40	107.60	115.00	131.80	162.60	181.20	213.60	247.00	287.00	332.60	438.40	533.60	
04112500	1201	19021201	20151201	87	181.54	173.25	15.00	849.00		29.40	36.80	43.80	56.20	62.00	69.60	87.40	97.00	106.80	112.00	130.40	158.40	175.80	201.80	222.00	265.00	339.00	465.40	574.80	
04112500	1202	19021202	20151202	87	179.68	179.79	19.00	937.00		27.00	35.00	43.00	49.60	56.00	73.00	82.00	91.60	103.20	120.00	144.00	161.80	170.80	186.20	219.00	249.80	304.60	464.00	605.20	
04112500	1203	19021203	20151203	87	182.23	183.64	14.00	1040.00		24.80	32.80	39.80	52.60	56.00	69.80	82.00	88.20	97.00	112.00	136.80	153.80	186.20	219.20	240.00	268.00	311.60	448.00	568.40	
04112500	1204	19021204	20151204	87	187.18	190.19	18.00	1020.00		25.40	33.40	45.00	50.60	56.00	76.40	85.20	93.20	98.80	118.00	141.20	154.00	179.20	219.20	264.00	299.00	365.40	437.20	490.20	
04112500	1205	19021205	20151205	87	187.72	185.97	20.00	995.00		24.80	33.40	45.00	50.60	56.00	77.80	87.00	94.60	106.80	123.00	143.80	155.00	170.40	214.00	264.00	313.60	359.00	419.40	566.00	
04112500	1206	19021206	20151206	87	184.69	179.77	21.00	1030.00		28.80	39.80	45.40	52.60	60.00	77.00	86.60	103.60	112.20	130.00	135.00	145.40	165.60	188.20	233.00	315.40	353.40	429.40	602.60	
04112500	1207	19021207	20151207	87	183.76	174.55	14.00	897.00		23.00	40.60	47.40	56.40	62.00	73.80	86.20	94.40	115.60	122.00	130.60	147.60	168.20	191.60	264.00	308.00	344.20	435.40	578.80	
04112500	1208	19021208	20151208	87	190.72	190.13	18.00	962.00		25.40	43.40	49.40	56.60	62.00	74.80	88.60	98.40	110.40	121.00	131.20	146.40	168.40	196.40	259.00	309.40	375.00	439.60	686.00	
04112500	1209	19021209	20151209	87	188.72	188.18	22.00	878.00		30.20	43.00	50.00	56.40	68.00	72.20	88.60	100.20	108.00	119.00	130.00	144.60	155.60	192.40	264.00	296.80	322.80	487.40	642.20	
04112500	1210	19021210	20151210	87	179.16	167.06	20.00	770.00		29.20	43.20	48.20	55.60	62.00	75.80	84.00	98.00	110.60	120.00	128.80	146.60	170.40	180.20	244.00	281.40	318.20	457.80	582.40	
04112500	1211	19021211	20151211	87	167.60	146.75	18.00	595.00		25.40	35.00	44.20	57.20	65.00	76.60	83.60	88.00	103.20	111.00	119.40	133.40	157.40	186.80	250.00	265.60	339.20	417.40	516.40	
04112500	1212	19021212	20151212	87	167.11	143.21	16.00	645.00		25.60	38.60	50.20	53.60	68.00	76.40	82.80	89.00	104.20	112.00	122.00	145.80	162.00	186.00	225.00	288.40	347.40	381.20	485.60	
04112500	1213	19021213	20151213	87	172.62	151.38	13.00	775.00		33.00	42.80	49.40	54.00	70.00	76.40	82.80	92.60	107.20	116.00	125.40	146.00	175.20	193.00	262.00	295.60	318.00	398.20	459.20	
04112500	1214	19021214	20151214	87	170.32	149.87	14.00	650.00		30.60	42.80	52.20	57.60	69.00	74.60	83.40	92.60	105.60	116.00	132.40	146.00	177.60	207.60	228.00	255.00	295.60	383.20	568.40	
04112500	1215	19021215	20151215	87	168.93	162.74	17.00	1050.00		27.40	39.80	51.20	58.00	68.00	72.00	79.60	89.00	107.00	119.00	133.60	138.00	148.40	188.40	204.00	263.40	299.60	403.00	518.00	
04112500	1216	19021216	20151216	87	177.40	182.64	15.00	1290.00		26.00	41.80	52.80	59.20	65.00	72.80	81.20	92.20	112.00	117.00	133.80	145.20	168.40	185.20	220.00	271.80	351.00	414.20	493.40	
04112500	1217	19021217	20151217	87	178.25	180.42	17.00	1160.00		28.00	41.60	49.60	55.20	65.00	72.00	87.60	100.40	111.20	123.00	139.60	151.60	174.60	197.60	205.00	252.00	314.80	409.80	576.40	
04112500	1218	19021218	20151218	87	172.38	168.59	16.00	890.00		24.40	41.80	46.00	53.20	65.00	73.20	83.60	90.60	111.60	122.00	136.60	153.00	175.20	192.80	207.00	226.80	295.80	386.80	562.20	
04112500	1219	19021219	20151219	87	164.08	154.66	11.00	976.00		26.20	41.00	47.00	55.20	61.00	65.40	74.80	91.00	104.00	115.00	140.20	145.80	172.40	189.00	199.00	225.80	308.60	364.60	475.40	
04112500	1220	19021220	20151220	87	161.53	151.34	11.00	877.00		21.60	41.00	51.60	58.60	62.00	72.80	77.80	89.20	98.20	111.00	122.40	139.80	163.00	180.40	206.00	232.00	286.20	387.80	475.80	
04112500	1221	19021221	20151221	87	170.85	164.70	15.00	878.00		31.80	37.60	49.20	55.60	57.00	61.80	81.20	90.40	101.80	110.00	126.20	141.40	165.20	200.20	219.00	265.60	343.80	395.00	470.40	
04112500	1222	19021222	20151222	87	180.37	189.42	17.00	982.00		26.00	36.00	45.40	53.20	57.00	69.80	79.40	100.40	110.60	125.00	133.40	147.20	172.60	197.80	211.00	250.00	328.80	360.20	689.40	
04112500	1223	19021223	20151223	87	185.75	200.54	16.00	1140.00		24.00	36.80	43.20	51.60	60.00	70.00	78.60	104.20	113.00	129.00	146.60	159.80	181.80	188.00	205.00	283.80	322.40	363.20	616.60	
04112500	1224	19021224	20151224	87	189.24	178.26	18.00	990.00		24.80	44.40	47.40	54.00	57.00	75.00	92.80	103.20	123.20	150.00	159.40	163.00	180.20	192.80	240.00	301.00	335.20	468.00	551.00	
04112500	1225	19021225	20151225	87	196.00	185.36	17.00	1020.00		23.20	42.20	47.00	50.00	60.00	77.00	92.20	108.60	127.80	146.00	150.20	179.60	191.40	219.60	255.00	281.20	379.80	471.60	582.00	
04112500	1226	19021226	20151226	87	195.09	182.56	15.00	968.00		20.80	36.60	44.40	51.60	59.00	76.00	92.40	102.00	114.80	136.00	150.60	167.60	181.00	228.40	253.00	330.20	426.20	470.80	583.20	
04112500	1227	19021227	20151227	87	195.87	175.98	17.00	776.00		22.00	40.00	47.00	51.20	59.00	73.20	96.20	106.60	124.40	140.00	151.00	172.80	193.40	223.00	288.00	339.60	368.80	464.40	561.20	
04112500	1228	19021228	20151228	87	223.71	271.70	14.00	1660.00		24.80	39.80	44.80	51.20	55.00	72.80	83.20	101.00	115.40	139.00	159.00	180.40	238.40	254.60	306.00	343.40	396.60	437.60	634.80	
04112500	1229	19021229	20151229	87	245.47	353.44	12.00	2400.00		22.60	39.60	45.00	53.20	60.00	74.40	91.40	108.00	121.40	133.00	158.00	178.60	222.80	262.80	285.00	347.00	415.80	528.60	659.20	
04112500	1230	19021230	20151230	87	248.46	336.08	11.00	2000.00		24.00	40.60	46.60	52.00	60.00	76.60	94.80	116.20	123.80	138.00	162.00	187.20	203.60	251.80	288.00	330.20	426.20	557.00	909.60	
04112500	1231	19021231	20151231	87	256.40	321.84	20.00	1620.00		29.80	41.00	47.00	56.60	66.00	85.80	101.60	114.00	125.60	148.00	167.60	185.40	220.60	255.80	284.00	366.60	401.60	684.00	1006.00	
