site_no	monthday	begin_dt	end_dt	count_nu	mean	std	min	max	p01	p05	p10	p15	p20	p25	p30	p35	p40	p45	p50	p55	p60	p65	p70	p75	p80	p85	p90	p95	p99
04125460	ALL	19520701	20151021	18009	288.11	115.63	170.00	2640.00	193.00	205.50	214.00	219.00	225.00	230.00	234.00	239.00	244.00	250.00	255.00	261.00	268.00	276.00	287.00	300.00	319.00	347.00	391.00	486.00	781.00
04125460	0101	19530101	20150101	49	270.20	77.96	205.00	538.00		210.00	216.00	221.00	223.00	228.00	230.00	238.50	240.00	245.50	248.00	250.50	252.00	260.00	264.00	271.50	279.00	299.50	347.00	525.00	
04125460	0102	19530102	20150102	49	266.16	64.80	202.00	550.00		216.00	220.00	222.00	226.00	227.00	234.00	238.50	242.00	246.50	250.00	251.00	252.00	256.50	264.00	268.00	282.00	297.50	356.00	435.00	
04125460	0103	19530103	20150103	49	269.16	77.88	200.00	722.00		217.00	220.00	224.00	227.00	230.50	235.00	240.50	244.00	246.00	250.00	254.00	260.00	263.50	270.00	279.50	285.00	307.00	336.00	393.00	
04125460	0104	19530104	20150104	49	266.29	57.16	200.00	548.00		217.00	218.00	225.00	228.00	230.50	235.00	240.00	241.00	245.50	252.00	256.00	260.00	266.00	273.00	283.50	290.00	310.00	343.00	367.00	
04125460	0105	19530105	20150105	49	262.16	52.56	200.00	461.00		212.00	218.00	218.00	220.00	224.00	230.00	233.00	240.00	242.50	251.00	254.50	260.00	264.00	270.00	276.50	292.00	307.50	332.00	388.00	
04125460	0106	19530106	20150106	49	261.41	52.72	199.00	499.00		213.00	216.00	220.00	224.00	231.50	235.00	238.00	239.00	241.00	246.00	250.50	255.00	263.00	268.00	269.50	281.00	310.00	336.00	370.00	
04125460	0107	19530107	20150107	49	259.33	44.48	198.00	420.00		211.00	218.00	222.00	225.00	230.00	232.00	237.50	241.00	245.00	247.00	250.00	254.00	259.50	268.00	279.00	291.00	304.50	318.00	362.50	
04125460	0108	19530108	20150108	49	258.33	49.30	193.00	458.00		198.50	216.00	222.00	224.00	226.50	228.00	238.50	239.00	240.00	245.00	253.00	258.00	260.00	264.00	271.00	288.00	292.50	319.00	378.50	
04125460	0109	19530109	20150109	49	259.00	52.07	195.00	519.00		206.00	218.00	220.00	222.00	225.00	229.00	233.50	239.00	241.50	250.00	251.50	259.00	260.00	268.00	277.00	286.00	303.00	314.00	344.00	
04125460	0110	19530110	20150110	49	256.67	41.03	200.00	446.00		206.00	218.00	223.00	225.00	228.50	235.00	238.50	239.00	243.00	248.00	250.00	254.00	261.50	268.00	277.50	292.00	297.00	304.00	312.00	
04125460	0111	19530111	20150111	49	260.04	50.36	198.00	522.00		204.50	210.00	217.50	225.00	232.00	238.00	241.00	244.00	250.50	253.00	254.50	259.00	264.00	268.00	283.50	293.00	294.50	300.00	331.50	
04125460	0112	19530112	20150112	49	263.43	59.06	190.00	565.00		202.50	212.00	216.50	227.00	231.50	235.00	239.50	245.00	249.00	250.00	251.50	258.00	264.50	271.00	287.00	293.00	306.50	315.00	368.50	
04125460	0113	19530113	20150113	49	271.90	84.72	200.00	743.00		203.00	216.00	220.00	223.00	230.50	235.00	238.50	242.00	248.00	254.00	259.50	263.00	267.00	273.00	288.00	293.00	301.00	329.00	440.00	
04125460	0114	19530114	20150114	49	270.16	107.42	194.00	943.00		198.50	206.00	218.00	220.00	227.00	233.00	236.50	243.00	246.50	250.00	251.50	256.00	263.50	268.00	283.00	287.00	306.00	313.00	398.00	
04125460	0115	19530115	20150115	49	257.16	61.33	185.00	602.00		191.50	208.00	216.50	220.00	220.50	232.00	238.00	242.00	244.00	250.00	252.50	260.00	260.50	266.00	269.50	277.00	294.50	303.00	339.00	
04125460	0116	19530116	20150116	49	257.10	48.45	189.00	485.00		197.00	208.00	218.00	228.00	231.00	235.00	239.50	240.00	246.00	250.00	255.00	259.00	260.00	263.00	274.00	285.00	287.00	295.00	355.50	
04125460	0117	19530117	20150117	49	252.39	39.59	200.00	421.00		202.00	210.00	214.50	216.00	229.00	235.00	240.00	240.00	243.50	252.00	255.00	256.00	257.50	264.00	266.50	275.00	280.00	284.00	340.00	
04125460	0118	19530118	20150118	49	254.47	39.00	200.00	384.00		207.00	212.00	216.50	223.00	227.50	234.00	235.00	240.00	242.50	251.00	253.50	256.00	260.50	268.00	269.00	273.00	289.00	304.00	358.00	
04125460	0119	19530119	20150119	49	260.41	64.75	200.00	648.00		204.50	215.00	219.00	230.00	230.50	232.00	239.00	243.00	247.50	249.00	252.00	256.00	260.50	265.00	268.50	289.00	292.00	295.00	343.00	
04125460	0120	19530120	20150120	49	259.45	71.32	192.00	706.00		204.00	215.00	220.00	223.00	227.50	231.00	236.00	244.00	249.50	251.00	254.00	256.00	260.00	263.00	268.00	273.00	289.00	291.00	326.00	
04125460	0121	19530121	20150121	49	255.10	45.92	185.00	506.00		200.00	214.00	222.00	227.00	230.00	234.00	241.00	244.00	246.00	251.00	255.50	259.00	260.00	263.00	267.50	272.00	286.00	290.00	310.00	
04125460	0122	19530122	20150122	49	257.47	43.60	180.00	443.00		200.00	216.00	222.50	225.00	232.50	239.00	240.50	245.00	246.50	255.00	258.00	261.00	262.00	264.00	268.50	285.00	293.00	300.00	346.50	
04125460	0123	19530123	20150123	49	265.86	67.78	175.00	594.00		195.00	212.00	218.00	230.00	232.50	239.00	241.00	250.00	253.50	256.00	258.50	263.00	264.50	280.00	282.00	289.00	290.50	295.00	436.00	
04125460	0124	19530124	20150124	49	269.71	63.47	180.00	495.00		200.50	214.00	218.00	229.00	231.00	234.00	238.50	249.00	251.50	254.00	258.50	264.00	273.00	281.00	286.00	290.00	308.50	382.00	429.50	
04125460	0125	19530125	20150125	49	274.41	72.02	175.00	571.00		202.50	216.00	222.00	230.00	230.50	235.00	239.50	240.00	250.00	254.00	256.00	266.00	272.00	280.00	284.50	291.00	359.50	393.00	421.50	
04125460	0126	19530126	20150126	49	269.04	69.90	180.00	613.00		198.50	216.00	220.50	227.00	231.50	235.00	239.00	245.00	247.50	252.00	255.00	260.00	261.50	270.00	277.50	299.00	330.00	360.00	393.50	
04125460	0127	19530127	20150127	49	264.31	53.36	185.00	478.00		201.50	216.00	226.00	230.00	231.00	233.00	237.00	245.00	250.00	251.00	252.00	257.00	263.00	278.00	282.50	301.00	308.50	339.00	380.50	
04125460	0128	19530128	20150128	49	262.04	51.09	185.00	481.00		206.00	210.00	220.00	225.00	230.00	231.00	237.00	245.00	250.50	253.00	254.50	262.00	267.50	275.00	284.50	292.00	298.50	312.00	371.00	
04125460	0129	19530129	20150129	49	260.53	44.63	185.00	400.00		195.50	208.00	218.50	229.00	231.00	235.00	239.50	248.00	254.50	256.00	259.50	268.00	272.50	280.00	280.50	284.00	291.00	309.00	375.00	
04125460	0130	19530130	20150130	49	272.43	80.55	185.00	634.00		192.50	210.00	218.50	227.00	230.50	237.00	245.00	252.00	255.50	258.00	264.00	270.00	272.50	280.00	281.00	285.00	298.00	340.00	476.00	
04125460	0131	19530131	20150131	49	274.84	96.09	185.00	799.00		196.50	216.00	220.00	222.00	228.50	239.00	243.00	250.00	253.00	257.00	260.50	265.00	270.50	278.00	280.00	284.00	303.50	329.00	474.00	
04125460	0201	19530201	20150201	49	269.88	69.21	185.00	571.00		195.50	210.00	220.00	224.00	229.50	232.00	244.00	249.00	253.00	256.00	262.50	268.00	271.00	278.00	281.50	290.00	301.00	320.00	448.00	
04125460	0202	19530202	20150202	49	268.08	77.50	185.00	682.00		196.50	215.00	220.50	222.00	225.00	231.00	243.00	248.00	251.00	255.00	259.50	264.00	268.00	273.00	278.00	280.00	296.00	319.00	435.00	
04125460	0203	19530203	20150203	49	264.41	65.91	185.00	589.00		202.00	210.00	218.00	225.00	230.00	235.00	238.50	242.00	247.00	250.00	257.50	263.00	266.50	269.00	272.50	280.00	291.00	319.00	411.00	
04125460	0204	19530204	20150204	49	257.69	44.53	190.00	400.00		201.50	205.00	215.50	225.00	228.50	233.00	242.00	246.00	249.00	252.00	257.50	260.00	263.50	270.00	270.50	276.00	287.00	310.00	374.00	
04125460	0205	19530205	20150205	49	254.94	36.39	199.00	370.00		202.50	215.00	218.50	227.00	233.50	236.00	238.50	240.00	249.00	252.00	254.50	257.00	260.00	263.00	268.00	272.00	284.00	302.00	344.50	
04125460	0206	19530206	20150206	49	254.82	33.54	197.00	360.00		205.00	218.00	221.00	230.00	231.00	235.00	240.00	240.00	247.50	253.00	255.00	258.00	259.50	264.00	269.00	276.00	291.50	297.00	330.50	
04125460	0207	19530207	20150207	49	254.82	34.77	195.00	355.00		209.50	216.00	220.50	225.00	230.00	240.00	241.00	245.00	249.00	250.00	251.00	255.00	257.50	260.00	268.50	279.00	288.00	304.00	338.50	
04125460	0208	19530208	20150208	49	256.90	40.86	196.00	428.00		205.00	215.00	218.50	225.00	228.50	240.00	241.00	247.00	248.50	250.00	251.50	253.00	258.00	272.00	278.50	283.00	297.00	301.00	334.00	
04125460	0209	19530209	20150209	49	255.90	39.86	194.00	389.00		198.00	212.00	220.00	224.00	229.50	233.00	240.00	244.00	249.00	250.00	251.00	254.00	259.50	264.00	271.50	280.00	297.50	305.00	348.00	
04125460	0210	19530210	20150210	49	264.86	70.91	190.00	633.00		200.50	214.00	221.00	226.00	228.50	240.00	241.00	246.00	250.00	251.00	254.00	256.00	259.50	262.00	273.50	280.00	286.00	313.00	419.50	
04125460	0211	19530211	20150211	49	273.37	106.90	192.00	900.00		205.00	215.00	220.00	223.00	226.50	235.00	240.00	245.00	249.00	251.00	255.50	259.00	260.00	262.00	273.00	278.00	301.50	323.00	478.50	
04125460	0212	19530212	20150212	49	276.55	105.72	190.00	712.00		202.50	216.00	221.00	225.00	230.00	231.00	240.00	241.00	248.50	250.00	252.50	255.00	258.00	265.00	268.50	278.00	310.50	330.00	624.50	
04125460	0213	19530213	20150213	49	272.59	90.44	190.00	666.00		207.50	220.00	222.00	228.00	232.50	235.00	238.00	240.00	248.50	251.00	252.00	254.00	255.50	261.00	265.00	278.00	309.00	324.00	561.50	
04125460	0214	19530214	20150214	49	262.55	60.52	200.00	526.00		205.00	215.00	223.00	225.00	231.50	237.00	238.50	242.00	246.00	247.00	249.50	252.00	258.00	260.00	264.50	274.00	302.50	321.00	429.50	
04125460	0215	19530215	20150215	49	258.39	50.31	187.00	451.00		200.00	216.00	220.00	221.00	228.50	233.00	236.50	241.00	246.00	250.00	252.00	256.00	257.00	260.00	264.00	277.00	295.00	335.00	385.00	
04125460	0216	19530216	20150216	49	261.12	50.66	194.00	429.00		198.00	214.00	219.00	227.00	233.50	238.00	241.00	244.00	247.50	250.00	251.00	255.00	260.50	264.00	267.50	275.00	301.00	346.00	393.00	
04125460	0217	19530217	20150217	49	261.49	46.35	199.00	446.00		207.50	218.00	227.00	230.00	233.00	239.00	242.00	246.00	250.50	252.00	255.00	258.00	260.00	263.00	269.00	280.00	294.50	322.00	374.50	
04125460	0218	19530218	20150218	49	265.14	47.06	200.00	430.00		210.50	215.00	226.00	230.00	238.00	240.00	244.50	251.00	252.00	253.00	254.50	260.00	263.50	268.00	271.00	300.00	308.50	341.00	372.00	
04125460	0219	19530219	20150219	49	270.08	60.66	195.00	475.00		200.50	218.00	222.50	231.00	238.50	240.00	244.00	246.00	249.50	252.00	256.50	262.00	267.50	269.00	278.00	300.00	315.50	367.00	435.50	
04125460	0220	19530220	20150220	49	273.53	68.62	185.00	600.00		202.00	215.00	220.00	225.00	237.50	240.00	244.00	247.00	257.00	260.00	263.00	263.00	267.50	270.00	295.00	324.00	335.00	347.00	399.50	
04125460	0221	19530221	20150221	49	288.53	96.99	192.00	592.00		198.50	212.00	222.50	232.00	239.00	240.00	244.00	247.00	249.50	254.00	260.00	263.00	266.50	271.00	299.50	325.00	358.00	474.00	567.00	
04125460	0222	19530222	20150222	49	288.29	105.33	194.00	713.00		200.50	212.00	222.50	232.00	232.50	237.00	240.50	245.00	250.50	255.00	258.00	263.00	267.50	271.00	293.00	319.00	349.50	456.00	566.00	
04125460	0223	19530223	20150223	49	279.04	78.24	200.00	575.00		203.00	212.00	220.50	234.00	239.00	242.00	243.50	245.00	250.50	257.00	264.50	267.00	268.00	274.00	290.00	309.00	339.50	365.00	504.00	
04125460	0224	19530224	20150224	49	278.18	74.27	198.00	597.00		202.50	214.00	223.00	229.00	233.50	240.00	244.00	247.00	252.00	258.00	261.00	265.00	270.50	284.00	294.00	326.00	351.00	364.00	450.00	
04125460	0225	19530225	20150225	49	277.53	69.94	195.00	528.00		200.00	217.00	226.50	230.00	234.00	239.00	243.00	250.00	251.50	258.00	262.50	268.00	269.50	285.00	301.00	316.00	337.50	380.00	451.50	
04125460	0226	19530226	20150226	49	279.84	75.34	198.00	613.00		204.50	222.00	226.00	231.00	232.00	234.00	245.00	249.00	250.00	255.00	261.50	266.00	268.50	291.00	303.50	330.00	350.00	365.00	447.00	
04125460	0227	19530227	20150227	49	284.02	86.04	192.00	692.00		206.50	214.00	226.50	234.00	241.00	245.00	248.50	250.00	250.00	256.00	264.00	270.00	270.50	286.00	300.00	321.00	344.00	396.00	475.00	
04125460	0228	19530228	20150228	49	282.04	81.33	204.00	638.00		210.00	212.00	229.00	232.00	239.50	242.00	246.00	250.00	252.00	258.00	265.50	268.00	276.00	285.00	291.00	300.00	321.50	413.00	480.00	
04125460	0229	19560229	20120229	11	282.82	99.56	208.00	483.00			210.00	216.00	222.40	229.00	230.80	232.40	233.60	240.40	250.00	251.80	253.40	254.60	261.00	270.00	395.40	479.80	482.20		
04125460	0301	19530301	20150301	49	273.45	60.83	200.00	481.00		203.00	208.00	222.50	238.00	242.00	244.00	248.50	250.00	250.00	255.00	267.00	270.00	277.00	284.00	286.00	297.00	313.50	350.00	447.00	
04125460	0302	19530302	20150302	49	272.86	54.04	200.00	441.00		205.00	215.00	221.50	235.00	240.50	249.00	250.00	251.00	257.00	260.00	265.50	270.00	274.50	282.00	287.50	305.00	327.00	340.00	410.50	
04125460	0303	19530303	20150303	49	276.76	53.71	194.00	432.00		209.50	218.00	231.50	239.00	247.50	251.00	253.00	261.00	261.50	266.00	270.00	272.00	276.50	282.00	291.00	309.00	317.50	368.00	421.00	
04125460	0304	19530304	20150304	49	285.27	67.77	204.00	570.00		212.50	218.00	233.50	239.00	246.50	250.00	250.00	253.00	262.50	267.00	269.50	271.00	289.00	292.00	309.00	319.00	348.00	389.00	424.00	
04125460	0305	19530305	20150305	49	305.08	109.80	205.00	683.00		212.50	220.00	231.50	239.00	244.50	246.00	249.00	255.00	263.50	267.00	268.50	276.00	293.50	304.00	331.00	359.00	373.50	451.00	650.50	
04125460	0306	19530306	20150306	49	315.86	150.68	199.00	1020.00		211.00	222.00	237.00	240.00	243.50	247.00	251.00	257.00	261.50	263.00	268.50	279.00	286.00	300.00	325.00	349.00	390.00	460.00	719.50	
04125460	0307	19530307	20150307	49	318.71	147.85	200.00	1010.00		214.00	224.00	232.00	236.00	239.50	249.00	251.50	256.00	256.50	267.00	270.50	275.00	291.50	321.00	328.50	340.00	422.00	525.00	671.50	
04125460	0308	19530308	20150308	49	316.88	133.20	202.00	739.00		216.50	225.00	232.50	235.00	237.50	244.00	248.50	253.00	255.00	263.00	267.00	281.00	289.50	300.00	319.00	382.00	453.00	577.00	665.50	
04125460	0309	19530309	20150309	49	321.02	143.63	195.00	1000.00		215.00	225.00	231.00	235.00	242.00	250.00	251.50	255.00	263.50	272.00	286.00	292.00	292.50	300.00	318.00	358.00	483.00	533.00	590.00	
04125460	0310	19530310	20150310	49	320.55	121.18	204.00	767.00		215.00	222.00	230.50	237.00	240.50	247.00	255.00	258.00	264.00	276.00	284.50	299.00	308.50	328.00	354.50	385.00	469.50	509.00	612.00	
04125460	0311	19530311	20150311	49	327.76	118.47	204.00	640.00		213.50	225.00	228.50	239.00	244.50	249.00	251.00	258.00	266.50	280.00	300.00	301.00	327.00	367.00	386.50	446.00	460.00	550.00	620.00	
04125460	0312	19530312	20150312	49	347.31	151.34	204.00	845.00		216.50	220.00	232.50	243.00	244.00	249.00	257.00	265.00	279.00	290.00	297.00	299.00	308.00	358.00	429.00	496.00	514.00	562.00	710.00	
04125460	0313	19530313	20150313	49	367.59	197.11	202.00	1050.00		217.50	225.00	239.50	243.00	246.50	250.00	253.50	271.00	277.50	292.00	294.50	302.00	334.00	385.00	427.00	477.00	517.50	638.00	909.00	
04125460	0314	19530314	20150314	49	376.92	219.56	202.00	1180.00		216.50	225.00	238.00	244.00	252.50	256.00	269.00	271.00	276.50	284.00	291.00	307.00	344.50	367.00	416.50	486.00	570.00	620.00	1015.00	
04125460	0315	19530315	20150315	49	367.08	171.12	206.00	943.00		216.50	230.00	240.00	244.00	253.50	258.00	267.50	271.00	282.00	287.00	301.00	335.00	366.00	380.00	429.50	492.00	551.00	674.00	776.00	
04125460	0316	19530316	20150316	49	356.20	140.86	218.00	840.00		220.00	232.00	241.00	250.00	257.00	262.00	267.00	271.00	278.50	298.00	318.00	346.00	361.50	380.00	426.50	468.00	536.50	589.00	638.00	
04125460	0317	19530317	20150317	49	341.24	105.93	225.00	647.00		236.00	240.00	243.50	252.00	261.50	265.00	267.50	274.00	284.50	301.00	310.50	336.00	357.50	379.00	413.50	454.00	480.00	493.00	560.50	
04125460	0318	19530318	20150318	49	339.96	95.61	225.00	572.00		234.50	246.00	250.50	260.00	265.50	270.00	272.50	282.00	288.50	297.00	322.50	350.00	366.00	381.00	415.00	430.00	455.50	506.00	546.00	
04125460	0319	19530319	20150319	49	348.37	107.53	225.00	710.00		236.00	246.00	253.50	262.00	268.50	275.00	285.00	297.00	312.00	325.00	333.00	341.00	355.00	370.00	388.50	397.00	454.50	514.00	606.00	
04125460	0320	19530320	20150320	49	350.14	107.56	225.00	826.00		234.00	250.00	256.50	270.00	276.50	280.00	296.00	304.00	316.50	337.00	349.50	359.00	367.50	373.00	383.00	406.00	427.50	474.00	578.50	
04125460	0321	19530321	20150321	49	365.39	136.78	222.00	916.00		234.50	249.00	260.50	273.00	277.00	291.00	301.50	312.00	320.50	343.00	360.50	370.00	376.00	384.00	391.00	400.00	428.50	502.00	726.00	
04125460	0322	19530322	20150322	49	378.53	153.51	225.00	917.00		232.50	244.00	264.00	275.00	280.00	301.00	311.00	315.00	326.00	340.00	347.00	354.00	373.50	390.00	404.50	432.00	465.50	542.00	807.50	
04125460	0323	19530323	20150323	49	391.31	213.41	218.00	1450.00		234.00	254.00	263.00	271.00	279.00	288.00	302.00	319.00	326.00	332.00	340.00	346.00	353.00	382.00	403.00	429.00	485.00	647.00	912.50	
04125460	0324	19530324	20150324	49	389.57	199.16	227.00	1140.00		239.50	256.00	267.50	270.00	279.50	295.00	301.50	312.00	319.00	320.00	326.50	347.00	361.50	377.00	402.50	430.00	500.50	593.00	1030.00	
04125460	0325	19530325	20150325	49	383.31	180.34	215.00	1220.00		237.50	254.00	262.50	276.00	287.00	296.00	307.50	310.00	314.50	323.00	328.00	338.00	377.00	404.00	419.50	432.00	463.00	620.00	794.00	
04125460	0326	19530326	20150326	49	385.61	153.10	225.00	855.00		231.50	258.00	266.50	276.00	281.50	290.00	298.00	308.00	314.50	330.00	337.50	388.00	393.00	412.00	438.00	476.00	508.50	636.00	794.50	
04125460	0327	19530327	20150327	49	398.00	196.05	230.00	1120.00		232.50	258.00	273.50	279.00	283.00	289.00	303.00	313.00	320.00	322.00	341.00	352.00	362.50	417.00	433.00	459.00	532.50	647.00	974.00	
04125460	0328	19530328	20150328	49	406.35	209.32	230.00	1300.00		255.50	273.00	276.00	280.00	289.00	298.00	306.50	314.00	324.00	326.00	339.00	344.00	364.00	387.00	410.50	506.00	563.00	676.00	967.00	
04125460	0329	19530329	20150329	49	414.61	190.21	235.00	1080.00		254.00	278.00	282.00	288.00	299.50	302.00	317.00	330.00	332.50	338.00	354.00	374.00	387.50	408.00	444.50	490.00	558.50	806.00	896.50	
04125460	0330	19530330	20150330	49	428.43	198.51	230.00	1000.00		249.50	278.00	283.00	293.00	299.00	308.00	318.50	324.00	328.50	350.00	367.00	380.00	384.00	427.00	457.50	529.00	712.50	814.00	891.00	
04125460	0331	19530331	20150331	49	450.88	231.27	230.00	1200.00		247.50	266.00	277.50	302.00	306.50	309.00	325.00	333.00	344.00	358.00	365.00	380.00	402.00	428.00	539.50	656.00	725.50	838.00	1039.00	
04125460	0401	19530401	20150401	49	481.35	256.14	228.00	1400.00		248.50	269.00	274.50	294.00	308.50	312.00	329.50	350.00	359.50	378.00	399.00	415.00	476.50	497.00	563.00	730.00	809.00	862.00	1025.00	
04125460	0402	19530402	20150402	49	477.10	232.98	233.00	1250.00		244.00	265.00	291.00	305.00	315.00	326.00	348.00	356.00	364.00	380.00	403.50	417.00	480.50	540.00	599.00	659.00	777.00	850.00	972.00	
04125460	0403	19530403	20150403	49	469.96	205.36	238.00	1020.00		250.00	261.00	289.00	301.00	310.00	324.00	333.50	350.00	378.00	405.00	428.00	461.00	522.50	550.00	576.00	620.00	711.50	806.00	971.00	
04125460	0404	19530404	20150404	49	476.65	237.64	238.00	1310.00		250.00	255.00	283.50	291.00	317.00	337.00	352.50	365.00	389.00	407.00	439.50	485.00	495.50	514.00	557.50	566.00	638.50	700.00	1145.00	
04125460	0405	19530405	20150405	49	459.65	200.30	238.00	1140.00		244.50	253.00	287.00	295.00	317.50	340.00	360.50	378.00	393.50	404.00	424.00	450.00	464.50	520.00	554.50	586.00	626.00	687.00	970.00	
04125460	0406	19530406	20150406	49	441.31	156.51	239.00	1080.00		251.00	287.00	303.00	317.00	339.50	349.00	367.00	380.00	394.00	398.00	409.50	424.00	448.00	469.00	536.50	554.00	597.50	662.00	726.00	
04125460	0407	19530407	20150407	49	454.49	170.52	240.00	1140.00		260.50	291.00	309.00	326.00	334.00	345.00	375.00	393.00	400.00	417.00	419.50	433.00	467.50	500.00	524.00	594.00	624.00	648.00	812.00	
04125460	0408	19530408	20150408	49	463.67	192.82	240.00	1280.00		256.00	303.00	309.50	318.00	350.50	359.00	372.50	389.00	404.00	411.00	419.00	449.00	460.00	499.00	526.50	560.00	619.00	737.00	891.50	
04125460	0409	19530409	20150409	49	461.69	175.66	251.00	1120.00		264.00	295.00	313.00	326.00	343.50	359.00	369.00	380.00	396.00	401.00	414.00	420.00	495.00	532.00	555.00	567.00	642.00	735.00	823.00	
04125460	0410	19530410	20150410	49	460.55	173.13	260.00	902.00		271.50	295.00	305.00	317.00	331.50	342.00	351.00	361.00	379.50	387.00	401.00	436.00	489.50	538.00	603.00	614.00	675.50	715.00	868.00	
04125460	0411	19530411	20150411	49	454.92	183.04	260.00	1070.00		269.50	288.00	295.00	319.00	324.50	340.00	356.50	364.00	371.00	396.00	417.50	420.00	448.00	480.00	512.00	596.00	701.00	714.00	875.00	
04125460	0412	19530412	20150412	49	462.39	211.24	260.00	1220.00		265.50	282.00	290.00	310.00	320.00	337.00	344.00	348.00	376.00	390.00	396.00	433.00	452.50	500.00	557.50	567.00	648.50	811.00	969.50	
04125460	0413	19530413	20150413	49	478.86	281.70	258.00	1420.00		262.50	278.00	287.00	306.00	313.50	324.00	340.00	349.00	351.50	355.00	393.50	400.00	450.00	480.00	527.00	542.00	671.00	789.00	1295.00	
04125460	0414	19530414	20150414	49	488.14	360.46	251.00	2250.00		256.00	266.00	285.00	295.00	309.00	321.00	325.00	335.00	353.00	371.00	384.50	416.00	425.00	500.00	521.00	560.00	726.50	852.00	1305.50	
04125460	0415	19530415	20150415	49	482.22	374.83	243.00	2640.00		251.50	270.00	285.50	296.00	302.50	312.00	318.50	321.00	349.00	373.00	387.00	417.00	442.50	470.00	510.00	574.00	648.00	849.00	1105.00	
04125460	0416	19530416	20150416	49	456.35	251.43	240.00	1570.00		248.00	277.00	294.00	298.00	312.50	317.00	339.00	350.00	357.50	362.00	394.00	415.00	435.50	457.00	471.50	510.00	688.50	798.00	1035.00	
04125460	0417	19530417	20150417	49	449.76	204.68	238.00	1200.00		244.50	274.00	291.00	296.00	325.50	331.00	340.00	358.00	367.00	391.00	399.50	422.00	442.50	475.00	497.50	608.00	651.50	738.00	948.00	
04125460	0418	19530418	20150418	49	451.22	233.25	236.00	1500.00		242.00	275.00	289.50	303.00	318.00	328.00	330.00	336.00	351.50	363.00	371.00	395.00	404.00	442.00	528.00	581.00	707.50	753.00	929.50	
04125460	0419	19530419	20150419	49	427.78	185.56	234.00	980.00		246.00	276.00	288.50	305.00	311.50	315.00	324.50	329.00	334.00	354.00	372.50	382.00	405.50	438.00	481.50	592.00	626.00	732.00	890.00	
04125460	0420	19530420	20150420	49	409.02	146.91	234.00	865.00		254.00	285.00	293.00	301.00	307.00	318.00	320.00	329.00	345.00	357.00	373.50	380.00	408.00	431.00	468.00	532.00	561.00	655.00	765.50	
04125460	0421	19530421	20150421	49	405.10	121.16	230.00	670.00		262.50	282.00	295.00	304.00	308.00	314.00	328.00	337.00	363.00	370.00	385.00	392.00	414.50	431.00	510.00	532.00	589.50	599.00	650.00	
04125460	0422	19530422	20150422	49	399.47	120.33	234.00	772.00		259.00	276.00	286.50	298.00	305.50	314.00	327.00	346.00	357.50	371.00	384.50	406.00	419.50	451.00	471.00	486.00	541.00	566.00	665.00	
04125460	0423	19530423	20150423	49	380.04	109.96	234.00	815.00		264.50	276.00	290.50	299.00	301.50	304.00	306.50	330.00	339.50	359.00	365.00	375.00	395.50	416.00	432.00	440.00	476.00	516.00	602.50	
04125460	0424	19530424	20150424	49	368.22	83.39	243.00	625.00		265.00	275.00	283.00	290.00	307.00	314.00	321.50	333.00	344.00	351.00	360.50	363.00	393.50	407.00	418.00	437.00	459.00	477.00	542.00	
04125460	0425	19530425	20150425	49	369.88	87.10	251.00	669.00		263.00	266.00	278.00	298.00	299.50	310.00	319.50	329.00	350.00	362.00	363.50	379.00	392.50	406.00	417.50	445.00	455.50	504.00	527.00	
04125460	0426	19530426	20150426	49	375.59	104.68	242.00	778.00		251.50	261.00	272.50	295.00	299.00	312.00	317.00	345.00	355.50	363.00	369.00	372.00	386.00	408.00	424.00	446.00	459.50	502.00	596.50	
04125460	0427	19530427	20150427	49	376.90	122.69	235.00	750.00		242.00	260.00	264.00	276.00	287.00	303.00	313.00	318.00	337.00	341.00	357.50	365.00	372.50	393.00	422.50	479.00	528.00	578.00	653.50	
04125460	0428	19530428	20150428	49	371.06	141.53	230.00	1090.00		235.50	255.00	266.00	275.00	283.50	303.00	306.50	315.00	324.50	341.00	356.50	372.00	379.00	391.00	414.00	421.00	480.00	514.00	621.00	
04125460	0429	19530429	20150429	49	372.84	147.39	227.00	1060.00		232.50	259.00	263.50	269.00	282.00	289.00	296.00	303.00	319.50	350.00	364.50	371.00	388.00	402.00	415.50	430.00	445.50	501.00	725.00	
04125460	0430	19530430	20150430	49	365.06	122.71	223.00	742.00		228.00	259.00	263.00	275.00	283.50	287.00	288.50	301.00	328.00	342.00	357.00	362.00	376.50	385.00	395.50	422.00	461.00	612.00	677.50	
04125460	0501	19530501	20150501	49	362.90	100.98	221.00	650.00		229.50	261.00	272.00	278.00	282.00	286.00	295.50	311.00	334.00	362.00	365.50	371.00	382.00	388.00	405.50	426.00	487.00	518.00	582.50	
04125460	0502	19530502	20150502	49	361.55	89.65	219.00	590.00		230.00	263.00	271.50	276.00	285.00	295.00	314.00	322.00	347.50	355.00	362.50	381.00	394.00	409.00	418.00	437.00	451.50	473.00	555.00	
04125460	0503	19530503	20150503	49	369.08	135.58	218.00	1000.00		229.50	256.00	265.00	274.00	277.00	299.00	312.50	322.00	336.00	343.00	360.00	371.00	380.50	394.00	404.50	419.00	442.00	494.00	682.50	
04125460	0504	19530504	20150504	49	367.00	195.11	217.00	1580.00		230.50	246.00	262.00	271.00	272.50	292.00	296.50	318.00	327.00	334.00	343.50	355.00	361.50	374.00	387.50	405.00	426.00	474.00	566.00	
04125460	0505	19530505	20150505	49	349.39	167.10	217.00	1390.00		228.50	245.00	259.00	267.00	271.50	281.00	288.00	305.00	314.50	327.00	330.00	338.00	347.50	360.00	362.50	378.00	427.00	450.00	495.00	
04125460	0506	19530506	20150506	49	331.37	90.58	220.00	738.00		226.00	248.00	259.00	263.00	270.50	283.00	287.50	295.00	301.50	313.00	322.00	328.00	341.00	352.00	363.00	382.00	402.00	438.00	500.00	
04125460	0507	19530507	20150507	49	329.35	88.68	219.00	700.00		226.00	252.00	258.00	271.00	273.00	276.00	286.50	290.00	299.50	307.00	319.00	326.00	329.00	347.00	364.00	376.00	408.00	455.00	519.00	
04125460	0508	19530508	20150508	49	322.86	69.14	223.00	508.00		225.00	246.00	255.50	268.00	279.00	280.00	287.00	298.00	305.50	312.00	317.00	326.00	329.50	338.00	345.00	379.00	401.00	433.00	485.50	
04125460	0509	19530509	20150509	49	329.61	85.11	223.00	687.00		228.50	248.00	257.00	267.00	274.50	278.00	281.50	287.00	307.00	318.00	321.50	325.00	330.50	343.00	365.50	395.00	406.50	423.00	492.50	
04125460	0510	19530510	20150510	49	333.78	94.11	223.00	665.00		230.50	244.00	265.50	270.00	275.00	276.00	285.50	297.00	301.00	307.00	313.00	320.00	327.50	350.00	369.00	394.00	418.00	453.00	581.50	
04125460	0511	19530511	20150511	49	334.98	80.58	220.00	590.00		231.50	255.00	266.00	272.00	277.50	282.00	292.00	297.00	304.00	315.00	320.00	343.00	355.00	370.00	374.00	391.00	397.00	437.00	543.00	
04125460	0512	19530512	20150512	49	346.00	104.14	219.00	726.00		231.50	252.00	266.50	275.00	282.50	286.00	289.50	304.00	312.50	320.00	326.50	343.00	351.00	364.00	379.50	392.00	436.50	480.00	603.50	
04125460	0513	19530513	20150513	49	348.63	123.01	217.00	932.00		241.50	249.00	261.50	268.00	277.00	282.00	287.00	294.00	305.00	316.00	321.00	330.00	343.00	360.00	383.50	395.00	449.00	497.00	608.00	
04125460	0514	19530514	20150514	49	338.39	104.70	217.00	712.00		240.50	250.00	263.00	266.00	270.00	273.00	281.00	290.00	298.00	302.00	305.50	327.00	329.50	346.00	353.00	379.00	481.00	497.00	587.50	
04125460	0515	19530515	20150515	49	334.18	101.70	219.00	654.00		237.50	256.00	259.50	262.00	270.50	280.00	282.00	288.00	294.50	300.00	306.00	309.00	329.00	337.00	348.00	380.00	443.00	490.00	627.00	
04125460	0516	19530516	20150516	49	332.16	94.39	217.00	637.00		232.00	251.00	255.00	260.00	269.00	279.00	280.50	284.00	290.50	299.00	305.50	317.00	318.00	341.00	381.00	409.00	452.00	474.00	553.00	
04125460	0517	19530517	20150517	49	332.82	114.29	217.00	829.00		235.50	247.00	249.00	250.00	269.00	275.00	281.00	285.00	286.50	296.00	304.50	321.00	325.50	332.00	368.00	395.00	403.00	456.00	615.00	
04125460	0518	19530518	20150518	49	332.78	117.73	221.00	723.00		238.00	241.00	247.00	250.00	260.50	275.00	277.00	278.00	283.50	295.00	300.50	308.00	319.50	341.00	352.00	370.00	400.00	531.00	666.50	
04125460	0519	19530519	20150519	49	319.73	101.83	221.00	773.00		233.00	241.00	248.00	250.00	255.50	269.00	271.00	273.00	280.00	285.00	291.00	295.00	311.50	335.00	344.50	363.00	390.00	453.00	537.00	
04125460	0520	19530520	20150520	49	306.96	81.51	217.00	599.00		230.50	238.00	242.00	247.00	250.50	261.00	269.00	272.00	275.00	278.00	286.50	297.00	312.50	323.00	325.00	348.00	388.00	413.00	521.00	
04125460	0521	19530521	20150521	49	298.24	74.89	216.00	627.00		224.00	235.00	238.00	244.00	246.50	260.00	262.50	268.00	270.50	274.00	281.00	291.00	308.00	310.00	319.00	333.00	364.50	390.00	449.50	
04125460	0522	19530522	20150522	49	300.57	73.30	217.00	529.00		220.00	230.00	235.50	242.00	250.50	256.00	267.00	270.00	274.00	280.00	286.00	290.00	295.50	307.00	324.00	356.00	381.50	412.00	491.00	
04125460	0523	19530523	20150523	49	301.82	81.66	218.00	584.00		220.50	225.00	231.00	239.00	254.50	262.00	265.00	268.00	272.00	276.00	279.00	283.00	289.00	299.00	332.50	354.00	373.00	437.00	497.50	
04125460	0524	19530524	20150524	49	302.92	101.01	218.00	856.00		222.50	230.00	233.00	241.00	255.50	260.00	261.00	266.00	269.50	271.00	275.50	286.00	290.00	309.00	324.00	351.00	364.00	401.00	462.50	
04125460	0525	19530525	20150525	49	305.41	107.78	220.00	885.00		224.50	229.00	235.00	244.00	248.50	257.00	260.50	265.00	268.50	270.00	277.50	287.00	304.50	313.00	331.00	340.00	361.50	389.00	525.50	
04125460	0526	19530526	20150526	49	301.63	87.75	218.00	629.00		223.50	226.00	232.00	244.00	249.50	252.00	254.50	261.00	267.00	272.00	288.50	293.00	299.50	313.00	320.00	335.00	355.00	432.00	526.50	
04125460	0527	19530527	20150527	49	296.02	67.81	215.00	501.00		221.50	223.00	228.50	244.00	248.00	252.00	258.50	267.00	273.00	285.00	293.50	298.00	299.50	323.00	325.00	328.00	353.50	387.00	481.50	
04125460	0528	19530528	20150528	49	296.00	68.60	213.00	507.00		219.00	221.00	233.00	241.00	248.50	256.00	259.00	263.00	269.50	275.00	280.50	299.00	304.00	312.00	325.50	339.00	379.50	411.00	449.00	
04125460	0529	19530529	20150529	49	293.61	65.16	210.00	477.00		216.00	222.00	227.50	238.00	248.00	252.00	258.50	262.00	267.50	274.00	283.50	297.00	304.50	312.00	327.00	349.00	362.50	412.00	426.00	
04125460	0530	19530530	20150530	49	288.67	55.43	210.00	418.00		215.50	218.00	225.50	237.00	247.00	254.00	258.50	264.00	270.50	280.00	290.50	296.00	304.00	310.00	322.50	350.00	360.50	381.00	392.50	
04125460	0531	19530531	20150531	49	296.98	73.50	210.00	527.00		215.50	221.00	226.50	238.00	244.50	252.00	254.50	259.00	283.50	288.00	293.00	298.00	303.50	311.00	317.00	328.00	360.50	406.00	489.50	
04125460	0601	19530601	20150601	49	304.49	82.36	212.00	590.00		217.50	222.00	235.00	242.00	245.00	250.00	261.00	276.00	285.50	289.00	292.50	295.00	299.50	307.00	317.50	356.00	390.00	448.00	499.50	
04125460	0602	19530602	20150602	49	305.84	80.51	212.00	578.00		214.00	226.00	234.00	240.00	247.00	254.00	268.00	273.00	279.50	283.00	292.00	300.00	303.50	311.00	324.00	380.00	411.50	430.00	479.00	
04125460	0603	19530603	20150603	49	301.96	98.02	210.00	767.00		211.50	226.00	233.50	238.00	243.50	250.00	259.50	268.00	271.00	279.00	283.50	286.00	288.00	295.00	307.00	329.00	389.00	434.00	487.50	
04125460	0604	19530604	20150604	49	291.24	85.43	205.00	675.00		211.00	220.00	229.00	231.00	237.50	250.00	253.50	260.00	268.50	275.00	276.50	280.00	281.50	284.00	303.00	339.00	359.00	379.00	495.00	
04125460	0605	19530605	20150605	49	286.27	76.86	205.00	592.00		213.00	218.00	225.50	230.00	236.50	247.00	253.00	258.00	262.50	268.00	272.00	277.00	282.00	290.00	307.50	324.00	345.50	362.00	497.00	
04125460	0606	19530606	20150606	49	281.06	61.54	205.00	470.00		211.50	216.00	224.00	230.00	238.00	249.00	251.00	255.00	260.50	267.00	271.00	275.00	279.50	286.00	299.00	338.00	350.50	380.00	424.00	
04125460	0607	19530607	20150607	49	275.47	57.78	205.00	523.00		209.00	213.00	222.00	227.00	233.00	246.00	248.00	252.00	260.00	269.00	272.00	273.00	276.00	290.00	299.00	323.00	334.50	344.00	373.50	
04125460	0608	19530608	20150608	49	283.10	71.68	208.00	552.00		209.00	212.00	224.00	230.00	243.00	247.00	250.00	253.00	259.50	267.00	268.00	270.00	286.50	304.00	306.50	312.00	321.50	353.00	469.50	
04125460	0609	19530609	20150609	49	296.02	111.01	205.00	758.00		209.00	212.00	221.50	235.00	239.50	252.00	255.50	260.00	261.00	265.00	266.50	273.00	283.00	286.00	294.50	307.00	327.50	418.00	604.00	
04125460	0610	19530610	20150610	49	295.08	131.19	204.00	909.00		211.00	220.00	224.00	232.00	237.50	245.00	248.50	251.00	257.50	260.00	265.50	268.00	271.50	278.00	285.00	305.00	307.00	415.00	652.00	
04125460	0611	19530611	20150611	49	294.12	138.11	207.00	1010.00		210.00	223.00	227.00	233.00	236.50	243.00	245.00	255.00	257.50	258.00	260.50	266.00	268.50	273.00	281.50	300.00	316.50	373.00	673.00	
04125460	0612	19530612	20150612	49	284.80	98.60	208.00	708.00		213.50	223.00	229.00	233.00	238.50	241.00	246.50	251.00	255.50	260.00	266.50	269.00	271.00	279.00	296.00	301.00	310.00	343.00	593.00	
04125460	0613	19530613	20150613	49	300.61	197.56	210.00	1560.00		214.00	225.00	230.50	232.00	237.50	240.00	246.00	249.00	251.00	257.00	260.00	262.00	269.00	272.00	276.00	289.00	317.00	342.00	554.50	
04125460	0614	19530614	20150614	49	306.53	280.40	205.00	2180.00		214.50	221.00	227.00	230.00	232.00	235.00	240.00	247.00	250.00	256.00	257.50	260.00	263.50	267.00	277.50	294.00	301.00	333.00	510.50	
04125460	0615	19530615	20150615	49	288.47	176.28	208.00	1420.00		213.50	218.00	220.00	225.00	229.00	232.00	236.00	242.00	247.00	250.00	256.00	258.00	261.00	271.00	287.50	292.00	299.00	332.00	510.00	
04125460	0616	19530616	20150616	49	272.84	90.15	208.00	770.00		210.00	213.00	218.50	225.00	229.00	231.00	233.50	240.00	248.00	254.00	257.00	261.00	265.50	271.00	274.00	291.00	309.50	353.00	453.50	
04125460	0617	19530617	20150617	49	271.06	72.15	205.00	560.00		207.00	212.00	220.00	227.00	233.50	235.00	240.00	242.00	248.50	251.00	255.50	263.00	270.00	271.00	279.00	288.00	295.00	369.00	474.00	
04125460	0618	19530618	20150618	49	271.06	64.74	201.00	483.00		205.50	212.00	213.00	224.00	229.00	235.00	245.00	248.00	251.00	254.00	262.00	265.00	269.50	276.00	285.50	304.00	314.00	344.00	465.50	
04125460	0619	19530619	20150619	49	275.76	71.39	200.00	603.00		210.00	212.00	216.50	224.00	226.50	230.00	239.50	246.00	251.00	258.00	271.00	275.00	281.50	295.00	299.50	305.00	324.00	378.00	415.00	
04125460	0620	19530620	20150620	49	274.86	71.79	197.00	605.00		208.50	210.00	215.00	225.00	227.00	232.00	239.00	244.00	249.50	257.00	267.00	280.00	284.50	296.00	300.00	311.00	325.50	344.00	430.00	
04125460	0621	19530621	20150621	49	275.41	73.49	194.00	570.00		203.00	211.00	218.00	224.00	228.50	233.00	236.00	242.00	243.50	248.00	259.00	264.00	278.00	290.00	301.00	323.00	343.00	371.00	451.00	
04125460	0622	19530622	20150622	49	276.29	89.37	192.00	710.00		200.50	210.00	216.50	220.00	227.50	232.00	233.00	242.00	247.50	254.00	256.00	259.00	272.50	279.00	283.00	310.00	335.50	364.00	487.50	
04125460	0623	19530623	20150623	49	273.78	83.32	191.00	685.00		200.50	208.00	215.50	218.00	225.00	232.00	234.00	239.00	251.00	255.00	264.00	270.00	275.00	279.00	297.50	309.00	317.00	331.00	470.00	
04125460	0624	19530624	20150624	49	267.73	64.70	191.00	510.00		200.50	210.00	216.00	218.00	225.00	234.00	234.00	245.00	248.00	255.00	262.00	266.00	272.00	278.00	285.00	297.00	309.00	336.00	448.00	
04125460	0625	19530625	20150625	49	260.88	47.93	189.00	408.00		198.50	208.00	216.50	222.00	226.50	230.00	235.00	244.00	249.00	251.00	253.50	263.00	271.50	281.00	288.00	301.00	305.00	310.00	377.50	
04125460	0626	19530626	20150626	49	266.96	73.31	189.00	630.00		200.50	208.00	217.00	220.00	223.00	230.00	237.50	242.00	246.50	250.00	253.00	258.00	261.50	275.00	281.00	294.00	318.00	337.00	427.50	
04125460	0627	19530627	20150627	49	272.65	114.08	191.00	947.00		198.00	208.00	212.00	218.00	224.50	235.00	238.50	243.00	246.00	248.00	249.00	252.00	255.00	270.00	283.50	291.00	298.50	307.00	484.00	
04125460	0628	19530628	20150628	49	271.06	113.07	194.00	931.00		197.00	208.00	214.00	222.00	224.00	227.00	231.50	234.00	240.00	243.00	249.50	259.00	270.50	280.00	283.00	289.00	292.50	300.00	475.50	
04125460	0629	19530629	20150629	49	263.67	77.08	194.00	634.00		198.00	207.00	214.50	218.00	218.50	222.00	227.00	234.00	238.50	249.00	251.00	259.00	262.00	267.00	282.00	291.00	300.00	313.00	445.50	
04125460	0630	19530630	20150630	49	262.55	94.16	192.00	838.00		201.00	205.00	212.00	214.00	216.50	218.00	224.50	231.00	237.00	243.00	249.50	256.00	259.00	267.00	281.00	289.00	298.50	310.00	372.50	
04125460	0701	19520701	20150701	50	263.84	113.57	190.00	998.00		197.75	207.10	208.00	210.00	213.00	219.20	228.70	234.20	239.85	244.00	249.25	254.00	260.45	266.40	271.50	274.60	295.60	327.50	356.40	
04125460	0702	19520702	20150702	50	256.92	79.86	192.00	748.00		198.20	205.30	208.65	210.20	214.50	219.20	228.70	236.00	242.70	248.50	249.05	251.60	254.00	258.90	271.00	280.00	294.15	305.80	341.45	
04125460	0703	19520703	20150703	50	250.14	53.57	191.00	539.00		196.55	205.30	208.00	212.20	217.25	224.30	228.00	233.80	237.95	241.00	245.05	248.60	251.00	259.10	263.00	278.40	288.35	301.70	327.50	
04125460	0704	19520704	20150704	50	247.22	49.43	190.00	494.00		199.65	205.00	205.00	213.00	217.50	222.30	224.85	235.40	238.00	239.50	242.05	247.40	249.75	257.10	260.25	266.40	274.80	296.20	338.60	
04125460	0705	19520705	20150705	50	247.16	61.38	191.00	582.00		197.10	202.10	205.95	210.40	219.25	222.60	226.70	235.40	237.95	239.50	243.00	243.60	245.45	250.40	252.75	258.60	268.40	274.70	362.80	
04125460	0706	19520706	20150706	50	243.68	55.84	192.00	556.00		196.95	202.00	207.30	213.20	216.50	219.60	222.85	229.00	234.00	236.00	240.00	240.60	243.00	243.70	249.25	255.40	262.45	277.00	346.90	
04125460	0707	19520707	20150707	50	238.86	38.93	194.00	442.00		199.65	204.10	207.95	210.60	217.50	220.20	226.85	228.80	230.00	231.00	232.25	239.00	241.15	242.70	246.50	257.20	262.35	273.90	305.75	
04125460	0708	19520708	20150708	50	239.06	31.09	200.00	382.00		200.55	208.00	208.00	212.00	217.75	221.90	226.70	228.80	235.70	237.00	238.05	240.00	241.60	246.00	251.00	260.40	266.35	271.00	289.40	
04125460	0709	19520709	20150709	50	247.72	55.61	198.00	564.00		200.00	203.10	209.30	213.20	219.75	225.00	227.85	231.20	233.95	235.50	237.05	240.20	245.45	252.20	259.25	267.40	283.35	289.60	331.70	
04125460	0710	19520710	20150710	50	244.56	47.32	194.00	489.00		198.20	201.10	214.65	217.00	218.75	222.60	225.00	227.40	231.80	236.50	238.00	239.60	244.30	249.40	257.00	266.40	273.40	282.40	341.65	
04125460	0711	19520711	20150711	50	238.94	29.70	190.00	341.00		196.75	202.60	210.65	218.00	218.00	220.60	222.00	227.00	231.95	235.50	237.05	240.60	248.30	251.00	254.00	260.40	269.05	277.50	298.25	
04125460	0712	19520712	20150712	50	239.54	40.72	194.00	458.00		197.65	203.30	212.25	218.00	220.00	220.30	221.85	224.40	226.90	230.50	234.20	239.60	241.30	244.70	248.50	258.00	265.40	272.70	305.90	
04125460	0713	19520713	20150713	50	238.74	33.91	196.00	365.00		200.55	207.10	213.65	216.00	217.00	218.00	220.85	222.00	226.90	229.50	234.05	238.80	241.15	250.40	255.00	256.00	262.40	277.00	326.85	
04125460	0714	19520714	20150714	50	239.34	30.77	200.00	337.00		203.65	210.10	212.00	213.40	215.00	219.30	222.00	227.00	229.90	231.00	235.05	238.00	244.30	248.70	254.25	260.80	267.85	287.80	308.35	
04125460	0715	19520715	20150715	50	238.00	27.49	198.00	308.00		202.20	208.00	210.30	215.00	216.75	220.00	221.85	226.40	228.00	232.50	234.05	239.20	244.00	248.80	254.00	259.60	270.00	285.10	298.65	
04125460	0716	19520716	20150716	50	234.14	25.30	190.00	297.00		199.30	206.10	209.30	214.20	215.75	218.00	218.00	223.20	227.85	231.50	234.00	235.60	237.45	240.70	251.25	257.80	265.40	273.40	287.60	
04125460	0717	19520717	20150717	50	232.94	25.32	186.00	294.00		194.20	203.30	209.00	210.00	211.50	214.30	220.95	225.40	227.00	230.50	234.05	236.60	240.00	242.00	249.50	257.40	263.40	269.70	283.40	
04125460	0718	19520718	20150718	50	239.54	33.23	185.00	357.00		188.75	201.50	206.65	211.00	215.00	222.00	225.00	227.80	231.85	233.00	244.00	244.60	247.00	250.10	257.25	267.60	272.35	281.40	301.60	
04125460	0719	19520719	20150719	50	246.00	41.70	183.00	371.00		187.10	202.20	207.30	210.40	216.00	222.90	227.70	230.40	231.95	237.50	241.10	246.60	248.45	256.00	263.00	285.60	291.45	297.00	345.95	
04125460	0720	19520720	20150720	50	243.30	41.70	181.00	393.00		192.60	200.10	205.90	210.80	220.00	224.00	226.70	230.00	231.90	233.00	234.20	240.20	243.45	249.70	259.00	267.80	276.80	313.20	334.25	
04125460	0721	19520721	20150721	50	241.38	40.08	184.00	412.00		193.05	203.20	208.95	213.60	223.50	225.00	227.85	229.40	230.00	231.50	233.05	234.00	239.15	241.70	250.25	268.00	274.05	283.60	332.55	
04125460	0722	19520722	20150722	50	242.22	43.68	182.00	429.00		199.10	205.20	210.30	216.60	220.75	222.30	223.85	227.00	227.95	228.50	232.20	237.20	244.60	250.40	259.25	263.60	268.70	278.80	341.05	
04125460	0723	19520723	20150723	50	260.74	128.67	184.00	993.00		193.05	203.20	210.60	214.20	216.75	218.60	220.85	225.00	225.95	231.00	233.05	238.20	242.00	246.40	252.50	259.80	263.40	287.20	563.20	
04125460	0724	19520724	20150724	50	263.76	142.51	183.00	970.00		191.50	202.00	207.30	214.00	215.00	218.30	220.85	222.40	223.95	227.00	227.05	232.00	238.00	241.40	248.75	254.60	263.55	291.40	698.25	
04125460	0725	19520725	20150725	50	247.00	89.69	181.00	725.00		187.65	201.10	202.65	211.20	214.00	215.00	218.00	219.00	220.00	223.50	226.05	230.00	235.15	236.70	243.50	250.80	258.15	290.90	470.25	
04125460	0726	19520726	20150726	50	239.88	46.25	181.00	436.00		190.40	200.20	202.65	210.00	210.00	214.60	218.85	220.00	223.95	229.00	232.05	236.20	238.75	248.00	254.25	262.00	268.70	300.20	343.50	
04125460	0727	19520727	20150727	50	245.52	56.80	179.00	488.00		192.50	199.20	202.00	208.00	213.75	217.30	218.00	222.40	227.85	230.00	234.10	240.00	243.15	252.80	258.75	267.80	283.80	307.40	392.85	
04125460	0728	19520728	20150728	50	248.04	80.37	185.00	750.00		193.20	198.30	202.00	206.00	215.00	216.60	220.85	227.40	230.85	234.00	236.30	244.60	246.30	252.10	257.25	259.60	266.10	284.70	341.10	
04125460	0729	19520729	20150729	50	244.48	70.80	188.00	687.00		194.30	200.10	203.95	211.60	216.75	219.30	221.70	230.00	232.00	234.50	235.00	237.20	241.15	243.40	249.00	251.60	262.60	282.90	327.45	
04125460	0730	19520730	20150730	50	239.88	62.73	186.00	636.00		192.85	198.20	202.65	211.00	215.50	219.30	220.00	223.80	228.90	231.50	234.05	235.60	240.30	243.70	245.25	252.80	260.35	262.90	299.85	
04125460	0731	19520731	20150731	50	235.60	41.37	184.00	463.00		188.65	196.20	201.65	211.00	215.75	218.30	220.85	228.00	232.00	233.00	235.00	236.60	238.45	241.70	245.25	248.60	250.70	269.50	297.30	
04125460	0801	19520801	20150801	50	232.52	30.35	190.00	377.00		193.55	196.40	206.25	208.40	213.50	216.00	221.40	228.80	230.95	232.00	234.00	234.00	235.00	238.40	241.25	251.60	256.00	259.70	282.10	
04125460	0802	19520802	20150802	50	232.88	26.96	191.00	341.00		194.55	198.40	205.65	211.00	216.50	220.60	223.70	225.00	229.00	231.50	234.05	235.60	238.15	244.70	247.50	250.60	252.00	254.90	287.50	
04125460	0803	19520803	20150803	50	239.48	37.21	190.00	392.00		193.55	198.40	204.30	212.20	214.75	223.20	227.85	228.80	234.85	235.50	238.00	239.60	247.30	251.70	252.00	253.80	257.00	266.70	332.90	
04125460	0804	19520804	20150804	50	250.24	77.61	191.00	738.00		197.10	201.30	206.00	210.40	215.25	226.30	227.85	229.40	230.00	234.50	237.15	240.00	248.15	252.70	254.50	267.20	283.80	306.90	320.80	
04125460	0805	19520805	20150805	50	271.12	228.16	189.00	1830.00		194.65	202.10	204.65	210.20	214.00	220.20	224.70	226.00	227.95	230.50	237.05	239.00	242.00	244.70	254.25	267.60	283.40	295.20	363.05	
04125460	0806	19520806	20150806	50	258.66	194.36	191.00	1590.00		194.65	201.10	204.00	205.60	211.75	215.30	219.70	221.00	221.00	224.00	229.15	233.00	236.15	239.70	243.00	256.20	271.40	281.60	314.25	
04125460	0807	19520807	20150807	50	239.28	76.19	193.00	740.00		193.55	196.00	201.65	205.80	210.00	216.60	219.85	220.40	224.85	225.00	228.20	233.00	238.30	242.40	247.50	253.60	256.70	269.20	288.70	
04125460	0808	19520808	20150808	50	239.26	50.94	190.00	520.00		193.55	196.40	201.30	207.60	213.50	216.30	218.85	220.00	222.95	229.50	232.15	238.60	240.30	244.70	249.50	256.00	265.25	289.60	314.70	
04125460	0809	19520809	20150809	50	242.60	54.94	189.00	461.00		191.75	202.20	205.00	208.80	212.75	215.30	217.70	221.80	223.00	229.00	231.15	236.80	240.30	247.20	251.25	256.80	273.75	281.80	418.65	
04125460	0810	19520810	20150810	50	248.36	84.11	188.00	760.00		192.85	202.30	207.30	210.20	212.00	213.00	215.85	221.40	225.80	228.50	232.25	237.60	241.45	251.70	255.25	261.80	270.75	297.90	372.80	
04125460	0811	19520811	20150811	50	245.26	76.53	188.00	710.00		195.95	202.30	205.65	208.00	210.00	214.30	219.40	220.80	225.95	229.50	230.10	234.60	242.00	244.10	253.00	259.40	265.40	290.00	364.35	
04125460	0812	19520812	20150812	50	238.54	48.00	187.00	494.00		194.30	202.20	204.00	210.40	214.50	215.00	216.00	218.40	223.80	225.50	230.10	236.60	239.00	244.00	247.00	260.60	268.75	287.30	322.05	
04125460	0813	19520813	20150813	50	237.02	37.00	184.00	373.00		191.40	200.20	203.65	208.60	212.00	215.00	215.85	223.40	224.95	229.50	232.10	235.60	239.30	253.80	261.00	264.60	272.15	280.90	315.40	
04125460	0814	19520814	20150814	50	237.18	35.92	184.00	364.00		190.50	198.30	206.65	208.00	210.75	213.00	214.85	224.00	225.95	229.50	236.10	239.20	247.30	251.10	256.75	264.00	268.45	278.40	314.45	
04125460	0815	19520815	20150815	50	231.96	26.46	184.00	293.00		190.50	199.40	204.65	210.00	210.75	212.60	215.70	222.60	225.95	229.00	233.00	234.60	242.00	249.10	252.50	255.60	258.00	271.80	283.40	
04125460	0816	19520816	20150816	50	230.82	24.22	182.00	294.00		190.50	202.10	205.95	210.40	212.00	214.30	217.85	221.40	226.90	228.00	233.10	237.80	244.00	245.70	248.25	251.80	255.40	259.80	276.50	
04125460	0817	19520817	20150817	50	232.56	26.66	184.00	296.00		188.20	202.20	206.95	210.20	213.75	217.00	219.55	224.80	227.00	229.50	231.05	233.80	239.30	247.80	251.50	254.00	254.35	275.90	291.25	
04125460	0818	19520818	20150818	50	233.24	29.83	184.00	315.00		187.75	200.30	206.60	210.20	212.00	217.20	221.00	222.40	224.95	226.50	228.00	233.00	239.45	244.00	249.50	252.80	257.70	283.10	303.05	
04125460	0819	19520819	20150819	50	232.40	27.62	183.00	318.00		187.30	201.10	205.30	211.60	215.75	220.00	222.00	223.80	225.00	226.50	230.00	234.60	243.00	245.00	247.50	251.80	255.35	271.60	289.90	
04125460	0820	19520820	20150820	50	233.56	28.30	181.00	308.00		192.20	204.10	207.30	211.20	214.25	217.60	220.00	222.40	224.95	229.00	230.25	235.60	239.15	244.00	246.00	252.80	257.35	271.90	304.70	
04125460	0821	19520821	20150821	50	234.40	32.37	188.00	379.00		192.20	204.00	208.25	211.20	215.00	218.60	220.00	221.40	222.95	227.50	230.15	234.20	241.15	243.40	245.50	251.80	260.40	271.30	295.10	
04125460	0822	19520822	20150822	50	234.72	35.98	188.00	379.00		195.10	200.20	208.00	211.00	211.75	218.00	218.00	222.00	226.90	228.00	229.15	232.60	236.00	238.00	241.75	244.00	258.35	271.10	324.35	
04125460	0823	19520823	20150823	50	233.90	32.10	183.00	331.00		193.55	198.00	206.60	210.20	212.00	216.60	218.85	223.40	226.00	228.50	230.10	234.00	237.15	239.00	240.50	248.60	268.75	285.60	309.75	
04125460	0824	19520824	20150824	50	237.56	45.35	184.00	429.00		194.65	200.40	207.30	210.00	212.50	216.20	220.00	222.00	223.95	227.00	228.00	230.00	236.30	239.70	245.50	250.20	257.35	296.80	361.00	
04125460	0825	19520825	20150825	50	242.68	69.91	187.00	642.00		195.30	204.00	209.25	212.00	213.00	214.60	218.00	218.80	220.00	223.50	225.10	233.00	239.15	240.70	243.25	250.60	264.55	280.20	389.95	
04125460	0826	19520826	20150826	50	240.42	62.29	191.00	610.00		196.65	202.20	207.30	210.40	213.50	215.60	218.00	218.00	220.00	222.00	225.00	227.20	233.60	240.40	242.75	258.20	274.40	297.20	326.15	
04125460	0827	19520827	20150827	50	240.28	47.82	190.00	436.00		195.10	203.10	206.65	210.40	213.50	216.00	218.00	218.80	220.00	222.00	225.15	234.00	238.30	245.50	250.75	256.00	272.90	304.80	361.20	
04125460	0828	19520828	20150828	50	238.30	44.91	188.00	395.00		196.50	206.00	206.00	208.00	212.75	214.30	216.00	216.80	218.95	221.00	223.10	228.00	233.30	240.10	247.25	259.60	277.45	311.80	359.35	
04125460	0829	19520829	20150829	50	237.30	50.66	188.00	521.00		198.75	204.00	205.65	210.00	212.00	214.00	216.00	217.40	218.95	225.00	227.05	229.20	231.45	234.70	246.25	251.60	272.70	290.40	314.90	
04125460	0830	19520830	20150830	50	236.26	59.08	187.00	612.00		197.55	200.00	204.65	210.40	213.75	214.30	216.00	219.00	222.85	225.00	226.05	228.80	233.15	242.00	244.25	249.60	257.70	268.80	286.55	
04125460	0831	19520831	20150831	50	236.32	76.41	184.00	746.00		191.10	198.20	204.95	212.20	213.75	217.30	218.85	220.40	221.95	222.00	224.05	227.00	231.00	232.70	242.50	245.00	250.70	259.40	276.05	
04125460	0901	19520901	20150901	50	242.42	132.53	184.00	1150.00		189.55	196.70	204.65	207.60	213.00	215.00	215.00	218.40	220.00	220.50	223.00	224.00	227.00	233.70	235.25	243.00	251.35	262.10	269.50	
04125460	0902	19520902	20150902	50	254.88	214.02	183.00	1730.00		194.20	199.30	204.65	206.40	211.75	214.00	215.00	216.00	217.95	220.00	221.00	225.00	230.15	234.10	237.75	244.00	255.40	263.60	280.45	
04125460	0903	19520903	20150903	50	244.00	132.42	183.00	1150.00		196.65	201.10	203.30	205.60	211.75	213.30	214.00	218.00	219.90	220.50	230.00	231.60	234.00	235.00	239.00	246.60	249.35	252.90	282.50	
04125460	0904	19520904	20150904	50	243.46	111.00	184.00	993.00		194.20	202.00	203.30	210.20	212.00	213.30	219.70	220.40	222.95	226.50	230.00	231.60	233.15	236.40	240.00	247.40	251.00	265.40	301.85	
04125460	0905	19520905	20150905	50	246.20	106.74	184.00	948.00		192.85	198.20	200.65	210.00	210.75	212.60	215.70	219.40	223.85	228.00	230.00	233.00	235.90	246.10	249.25	252.60	256.40	281.80	340.10	
04125460	0906	19520906	20150906	50	243.54	91.71	183.00	781.00		191.50	200.10	202.30	205.60	210.75	213.30	215.85	220.80	224.85	225.00	225.05	231.60	233.15	238.50	246.00	247.80	252.75	266.60	402.20	
04125460	0907	19520907	20150907	50	233.66	57.52	183.00	563.00		190.40	198.00	199.65	208.40	212.50	214.30	215.85	217.80	220.00	222.50	225.25	230.00	230.30	233.70	238.00	243.80	245.00	246.90	351.35	
04125460	0908	19520908	20150908	50	228.40	41.84	184.00	478.00		193.30	198.10	200.00	208.40	211.75	214.00	215.85	218.00	218.00	221.00	225.00	227.80	230.60	235.70	237.25	238.80	240.35	242.00	283.35	
04125460	0909	19520909	20150909	50	228.40	38.60	184.00	426.00		194.65	198.10	200.00	208.00	209.00	212.30	214.00	215.00	218.95	222.00	224.15	228.80	231.00	232.00	235.25	238.80	239.35	250.60	321.00	
04125460	0910	19520910	20150910	50	235.24	66.30	182.00	640.00		192.00	198.20	201.95	206.40	211.50	213.30	215.85	218.40	219.95	223.50	227.05	229.20	232.15	233.70	236.25	239.60	251.35	257.60	335.50	
04125460	0911	19520911	20150911	50	237.00	71.56	181.00	682.00		193.65	198.30	202.00	205.60	211.75	212.60	215.70	218.40	222.00	225.00	228.05	231.00	233.15	235.00	237.25	241.60	248.85	258.00	338.10	
04125460	0912	19520912	20150912	50	234.54	50.10	180.00	508.00		193.30	200.00	204.30	206.60	213.25	214.60	216.00	218.40	219.95	223.00	225.10	230.60	235.00	235.70	240.25	246.00	255.70	267.30	336.45	
04125460	0913	19520913	20150913	50	233.90	37.95	181.00	385.00		192.75	203.20	206.65	208.40	212.75	214.00	215.85	219.60	222.00	223.50	230.05	232.60	234.15	238.70	240.75	244.80	257.60	281.80	336.95	
04125460	0914	19520914	20150914	50	238.92	51.81	183.00	508.00		193.20	204.20	206.00	208.20	210.75	214.00	215.70	218.40	220.00	223.50	231.05	233.20	235.30	240.80	248.25	250.80	266.75	308.10	334.10	
04125460	0915	19520915	20150915	50	239.58	54.77	193.00	526.00		197.55	203.20	206.65	209.20	210.00	213.00	214.00	217.40	218.00	225.00	226.05	229.40	236.60	241.40	243.25	250.40	271.50	317.00	341.75	
04125460	0916	19520916	20150916	50	236.80	43.24	196.00	406.00		196.00	204.00	205.65	208.00	210.00	214.60	217.85	218.40	219.95	222.00	228.10	231.60	235.00	236.00	243.25	248.00	266.25	295.50	349.70	
04125460	0917	19520917	20150917	50	236.22	43.29	190.00	396.00		194.55	199.10	204.65	207.40	210.00	214.00	215.70	218.80	221.95	223.00	225.00	227.20	232.45	240.50	245.25	252.80	263.05	300.00	349.80	
04125460	0918	19520918	20150918	50	239.02	51.97	186.00	444.00		194.55	200.00	205.65	212.20	213.75	214.00	215.85	218.20	220.95	225.00	227.05	231.60	232.30	237.80	243.75	250.80	258.05	305.20	391.75	
04125460	0919	19520919	20150919	50	238.84	43.47	186.00	415.00		196.75	201.00	204.95	211.20	212.00	218.60	222.00	227.00	227.00	229.00	232.00	233.20	236.00	237.70	242.25	251.20	265.35	302.70	356.35	
04125460	0920	19520920	20150920	50	240.70	40.48	186.00	367.00		198.20	203.30	210.00	211.20	214.00	216.30	219.70	225.00	226.95	229.00	234.05	236.60	242.00	244.70	247.25	257.60	279.20	311.80	343.40	
04125460	0921	19520921	20150921	50	240.74	36.91	184.00	367.00		199.55	210.00	211.00	213.20	217.50	221.30	222.00	226.80	231.95	232.00	235.15	238.00	239.15	243.40	246.25	253.00	276.70	313.30	328.40	
04125460	0922	19520922	20150922	50	243.22	41.55	195.00	412.00		201.65	207.40	213.30	216.20	219.75	220.00	222.85	225.00	227.85	231.50	233.15	237.60	242.15	251.70	254.50	262.40	271.00	281.00	350.60	
04125460	0923	19520923	20150923	50	244.10	46.93	197.00	464.00		203.10	207.40	212.65	216.40	218.75	220.00	222.00	226.00	227.95	231.50	232.10	236.40	244.30	249.00	251.50	261.40	267.80	291.70	366.20	
04125460	0924	19520924	20150924	50	246.76	45.59	198.00	418.00		202.00	205.40	210.00	214.00	217.50	219.30	222.85	224.40	226.90	230.00	231.05	238.00	249.30	254.10	264.75	270.80	304.00	322.30	342.05	
04125460	0925	19520925	20150925	50	246.06	43.71	193.00	397.00		200.00	203.50	212.30	214.00	217.25	220.60	223.85	225.80	227.00	230.00	233.15	238.80	245.00	251.80	261.50	277.60	300.55	312.90	344.80	
04125460	0926	19520926	20150926	50	253.26	60.56	192.00	556.00		201.20	207.10	211.30	212.60	217.50	221.30	222.00	225.80	233.65	236.50	241.15	246.40	250.00	254.80	262.25	292.00	312.75	321.00	357.25	
04125460	0927	19520927	20150927	50	256.42	80.93	199.00	745.00		202.10	208.00	209.65	212.20	217.00	220.00	221.70	225.40	231.85	239.50	242.05	245.00	250.30	258.70	265.00	293.60	300.45	311.40	351.05	
04125460	0928	19520928	20150928	50	245.14	38.36	197.00	419.00		204.75	209.10	210.65	212.40	216.75	219.00	221.85	229.00	234.00	238.00	241.15	248.20	250.00	255.70	262.25	277.00	285.70	291.60	300.70	
04125460	0929	19520929	20150929	50	245.56	38.09	197.00	374.00		203.30	206.30	210.65	214.40	219.25	222.90	226.85	232.40	234.95	238.00	239.05	243.60	247.45	254.40	260.50	264.40	281.00	298.90	338.60	
04125460	0930	19520930	20150930	50	247.50	39.93	197.00	367.00		204.10	207.10	211.30	214.40	217.75	220.30	228.25	231.40	237.80	240.00	244.05	246.00	249.15	254.40	261.50	270.60	281.05	307.30	355.25	
04125460	1001	19521001	20151001	50	247.08	46.00	180.00	454.00		199.30	206.10	210.60	214.00	216.50	220.60	225.00	228.20	232.95	236.00	240.20	245.20	254.60	259.70	260.75	269.20	285.15	300.00	337.35	
04125460	1002	19521002	20151002	50	243.82	42.84	175.00	406.00		198.75	208.10	212.65	214.00	217.50	220.00	222.00	224.40	226.95	236.00	241.05	242.60	249.15	254.00	261.50	267.60	270.70	289.50	348.10	
04125460	1003	19521003	20151003	50	243.68	41.11	170.00	412.00		199.20	205.60	213.30	216.40	219.75	222.00	222.00	224.00	227.95	237.50	241.05	242.60	245.15	249.70	255.00	261.60	281.05	288.50	341.00	
04125460	1004	19521004	20151004	50	252.56	66.62	190.00	615.00		203.00	211.10	213.65	215.20	218.00	220.00	220.00	222.60	231.80	235.00	240.10	242.00	245.15	253.90	266.25	275.80	284.70	308.50	385.50	
04125460	1005	19521005	20151005	50	252.54	62.35	204.00	550.00		206.65	210.20	212.65	214.80	218.00	222.00	222.00	228.00	232.00	234.00	238.05	239.00	242.30	258.40	263.25	269.40	283.50	301.10	408.75	
04125460	1006	19521006	20151006	50	250.74	46.21	205.00	410.00		208.20	212.20	215.65	218.40	221.50	225.00	226.85	228.80	230.95	234.50	238.05	247.00	254.30	262.30	268.75	277.40	282.80	292.70	395.35	
04125460	1007	19521007	20151007	50	253.30	52.19	205.00	458.00		208.20	214.00	215.65	217.20	218.75	220.00	225.00	227.80	230.00	237.00	241.15	245.80	251.30	260.20	270.50	274.60	300.70	324.80	386.50	
04125460	1008	19521008	20151008	50	252.76	49.81	204.00	430.00		212.00	213.10	215.00	216.00	218.75	222.90	227.00	230.00	231.00	236.50	244.10	249.60	252.30	260.70	265.50	271.60	293.70	301.50	405.00	
04125460	1009	19521009	20151009	50	251.12	40.11	205.00	415.00		207.10	211.10	214.30	217.20	219.50	223.60	227.00	233.20	241.85	245.00	250.00	253.00	259.15	260.00	268.50	276.60	286.10	309.30	329.10	
04125460	1010	19521010	20151010	50	249.70	39.73	205.00	400.00		208.55	212.00	213.00	215.00	218.75	222.60	229.25	230.40	240.80	245.00	248.00	250.00	253.15	259.40	269.25	271.60	278.70	310.30	342.95	
04125460	1011	19521011	20151011	50	248.20	37.87	203.00	380.00		205.75	210.20	212.00	216.40	218.75	222.00	226.55	230.00	231.95	236.00	244.05	246.60	255.00	258.00	272.25	284.80	291.00	301.20	323.25	
04125460	1012	19521012	20151012	50	250.20	44.86	200.00	369.00		206.85	211.00	212.00	216.00	217.75	220.00	222.55	227.20	230.00	233.00	240.10	245.80	252.15	256.10	265.75	277.40	309.75	331.40	359.05	
04125460	1013	19521013	20151013	50	251.24	48.35	199.00	442.00		208.55	212.00	213.65	217.20	219.75	220.00	225.40	228.20	230.95	234.50	240.00	248.40	252.00	258.00	262.50	272.60	293.10	328.40	360.55	
04125460	1014	19521014	20151014	50	260.14	66.73	206.00	553.00		207.65	210.00	214.30	216.80	222.00	224.00	225.00	231.60	238.90	240.50	248.00	250.00	254.60	258.70	270.00	271.00	327.70	336.80	415.35	
04125460	1015	19521015	20151015	50	273.54	89.51	206.00	615.00		208.65	210.00	214.00	217.60	221.00	223.60	228.40	231.60	234.95	238.00	241.70	255.60	267.75	278.80	287.00	296.00	317.45	407.70	532.40	
04125460	1016	19521016	20151016	50	270.92	78.80	206.00	592.00		207.65	214.00	217.65	220.20	222.00	225.60	230.00	234.00	234.95	235.00	241.55	256.40	260.45	277.40	292.75	305.40	329.25	393.40	469.95	
04125460	1017	19521017	20151017	50	267.24	76.09	205.00	660.00		205.55	212.10	218.60	222.00	224.25	228.60	232.00	233.00	237.85	244.00	250.00	251.20	259.30	267.30	291.50	297.80	320.35	357.80	405.75	
04125460	1018	19521018	20151018	50	264.14	67.78	205.00	550.00		207.55	214.30	218.00	220.40	225.00	229.20	232.00	234.40	239.95	243.50	246.00	250.60	256.30	262.80	274.75	281.80	309.55	384.00	428.35	
04125460	1019	19521019	20151019	50	260.24	57.53	204.00	450.00		210.40	216.10	219.30	220.00	221.50	230.00	231.70	237.00	239.85	241.50	245.10	249.60	256.75	262.00	266.50	279.60	302.10	355.20	430.60	
04125460	1020	19521020	20151020	50	259.14	60.23	205.00	520.00		209.40	214.00	216.00	220.00	225.00	230.00	230.85	235.80	237.00	240.50	244.10	251.60	258.00	260.70	263.00	274.00	290.70	352.50	410.20	
04125460	1021	19521021	20151021	50	259.02	69.60	203.00	642.00		209.30	214.00	214.65	220.00	222.75	229.30	234.55	236.40	237.00	241.00	244.05	246.00	250.00	254.80	260.75	276.60	285.95	339.80	383.40	
04125460	1022	19521022	20141022	49	257.10	65.00	201.00	612.00		208.00	212.00	214.00	220.00	220.50	228.00	231.50	234.00	237.00	242.00	246.50	248.00	249.00	250.00	269.50	274.00	285.50	321.00	376.00	
04125460	1023	19521023	20141023	49	265.27	64.17	202.00	530.00		209.00	214.00	217.00	220.00	229.50	231.00	234.50	237.00	241.50	244.00	245.00	246.00	264.00	271.00	281.50	305.00	311.00	348.00	434.50	
04125460	1024	19521024	20141024	49	280.35	91.50	200.00	668.00		213.00	215.00	216.00	227.00	231.50	233.00	235.00	237.00	241.00	244.00	245.00	269.00	271.00	273.00	288.50	314.00	360.50	406.00	499.00	
04125460	1025	19521025	20141025	49	278.14	81.94	204.00	620.00		212.00	216.00	224.50	229.00	231.00	234.00	235.50	240.00	241.00	243.00	256.00	270.00	270.50	278.00	290.00	324.00	335.50	381.00	482.50	
04125460	1026	19521026	20141026	49	272.84	69.76	210.00	567.00		211.50	218.00	225.00	230.00	233.00	237.00	238.50	240.00	245.00	251.00	253.50	260.00	270.00	276.00	289.50	299.00	314.50	374.00	446.00	
04125460	1027	19521027	20141027	49	267.53	62.75	209.00	560.00		210.50	220.00	223.00	230.00	232.00	234.00	234.50	238.00	240.00	244.00	257.50	262.00	268.50	273.00	281.50	297.00	309.50	334.00	413.50	
04125460	1028	19521028	20141028	49	261.86	50.09	209.00	479.00		212.00	218.00	225.00	227.00	230.00	230.00	234.50	239.00	243.50	247.00	251.00	261.00	266.00	274.00	285.50	287.00	298.50	315.00	372.50	
04125460	1029	19521029	20141029	49	261.24	42.67	209.00	404.00		212.00	217.00	221.00	224.00	227.00	232.00	235.50	238.00	240.00	251.00	259.00	265.00	272.00	282.00	287.00	298.00	303.00	313.00	354.00	
04125460	1030	19521030	20141030	49	265.02	53.69	208.00	445.00		211.50	216.00	220.00	223.00	228.00	231.00	233.50	237.00	239.00	245.00	259.50	265.00	268.00	273.00	288.50	300.00	319.00	341.00	397.00	
04125460	1031	19521031	20141031	49	270.45	81.88	208.00	744.00		212.00	216.00	219.50	222.00	227.00	232.00	234.00	238.00	249.50	251.00	256.50	260.00	271.00	282.00	288.50	298.00	304.50	328.00	399.00	
04125460	1101	19521101	20141101	49	271.47	75.84	210.00	699.00		211.50	216.00	218.00	222.00	226.00	231.00	236.50	238.00	246.50	254.00	261.00	266.00	285.00	292.00	295.00	298.00	311.00	337.00	376.50	
04125460	1102	19521102	20141102	49	272.06	63.49	210.00	518.00		211.00	214.00	218.00	222.00	230.50	232.00	239.50	242.00	251.50	255.00	258.50	269.00	279.00	284.00	287.00	317.00	331.00	338.00	440.00	
04125460	1103	19521103	20141103	49	272.59	56.98	208.00	475.00		210.50	214.00	218.50	225.00	230.50	237.00	239.50	242.00	249.50	260.00	269.50	274.00	283.00	291.00	298.00	308.00	332.00	351.00	395.00	
04125460	1104	19521104	20141104	49	273.31	60.79	207.00	485.00		211.00	213.00	217.00	222.00	228.50	236.00	240.00	242.00	248.00	266.00	270.50	277.00	280.00	284.00	299.50	305.00	312.50	366.00	425.00	
04125460	1105	19521105	20141105	49	271.84	69.30	207.00	570.00		209.50	213.00	215.00	222.00	225.00	234.00	237.00	240.00	246.00	254.00	263.00	270.00	276.50	281.00	288.00	289.00	315.00	379.00	426.00	
04125460	1106	19521106	20141106	49	267.43	56.94	209.00	473.00		210.50	214.00	219.00	221.00	230.00	235.00	240.00	245.00	250.50	256.00	260.50	266.00	274.50	277.00	279.50	291.00	309.00	332.00	422.00	
04125460	1107	19521107	20141107	49	266.67	52.01	210.00	423.00		210.50	215.00	219.50	222.00	229.50	235.00	241.00	245.00	248.00	253.00	259.50	265.00	270.50	275.00	277.50	308.00	315.50	357.00	396.00	
04125460	1108	19521108	20141108	49	263.22	43.54	211.00	397.00		212.50	218.00	220.00	222.00	231.50	238.00	240.00	245.00	248.50	251.00	257.00	268.00	272.00	275.00	282.00	292.00	307.50	323.00	368.00	
04125460	1109	19521109	20141109	49	265.24	44.80	210.00	431.00		211.00	218.00	221.50	230.00	233.50	239.00	242.50	247.00	248.50	251.00	261.00	265.00	271.50	274.00	288.00	296.00	312.00	331.00	355.00	
04125460	1110	19521110	20141110	49	270.94	53.96	209.00	516.00		218.50	220.00	226.00	233.00	240.00	241.00	244.50	248.00	252.50	256.00	261.00	268.00	277.50	287.00	288.50	293.00	306.50	335.00	382.50	
04125460	1111	19521111	20141111	49	274.45	58.42	211.00	476.00		218.00	222.00	230.00	235.00	238.50	240.00	243.50	247.00	249.50	255.00	258.50	276.00	279.50	285.00	287.00	295.00	327.00	354.00	439.50	
04125460	1112	19521112	20141112	49	269.63	50.72	212.00	434.00		219.50	227.00	227.50	233.00	238.00	239.00	242.00	244.00	245.50	251.00	266.00	271.00	272.50	274.00	287.50	297.00	301.00	351.00	406.50	
04125460	1113	19521113	20141113	49	264.12	41.50	210.00	394.00		219.00	221.00	230.00	232.00	237.50	242.00	243.00	245.00	245.50	249.00	262.50	265.00	267.00	268.00	273.50	286.00	300.00	332.00	370.00	
04125460	1114	19521114	20141114	49	264.02	39.40	210.00	406.00		217.50	222.00	227.50	233.00	236.50	240.00	241.50	245.00	257.50	259.00	261.00	263.00	265.50	268.00	280.50	295.00	309.00	325.00	341.00	
04125460	1115	19521115	20141115	49	267.92	49.25	212.00	466.00		215.00	222.00	226.50	230.00	233.00	240.00	243.00	252.00	253.00	255.00	257.50	265.00	266.50	268.00	288.50	300.00	313.00	330.00	379.50	
04125460	1116	19521116	20141116	49	274.73	66.73	210.00	564.00		216.50	220.00	228.00	232.00	236.50	240.00	243.00	247.00	250.50	256.00	264.50	268.00	275.50	281.00	285.50	310.00	315.00	324.00	456.50	
04125460	1117	19521117	20141117	49	276.53	64.44	207.00	550.00		217.00	220.00	228.50	234.00	239.00	241.00	246.50	249.00	253.00	257.00	265.50	271.00	277.00	291.00	294.50	302.00	313.50	345.00	444.00	
04125460	1118	19521118	20141118	49	289.80	104.33	206.00	771.00		215.00	220.00	226.00	232.00	238.00	240.00	244.00	254.00	258.50	265.00	270.50	277.00	283.00	291.00	304.00	310.00	329.00	358.00	566.00	
04125460	1119	19521119	20141119	49	295.20	117.60	208.00	842.00		214.00	220.00	225.00	233.00	238.50	240.00	244.00	251.00	256.50	262.00	271.00	276.00	278.00	291.00	299.00	317.00	339.00	376.00	628.00	
04125460	1120	19521120	20141120	49	283.29	75.25	209.00	535.00		214.00	220.00	226.00	232.00	239.50	245.00	248.00	251.00	254.50	262.00	266.00	277.00	280.50	286.00	291.50	307.00	331.50	362.00	512.00	
04125460	1121	19521121	20141121	49	275.45	50.53	209.00	422.00		213.50	221.00	229.00	239.00	241.50	246.00	248.00	252.00	260.00	263.00	266.50	273.00	276.00	283.00	293.50	305.00	339.50	352.00	392.00	
04125460	1122	19521122	20141122	49	271.47	41.31	210.00	387.00		214.00	219.00	237.00	240.00	242.00	249.00	253.00	259.00	260.50	265.00	270.50	273.00	275.50	279.00	284.50	295.00	320.50	338.00	368.50	
04125460	1123	19521123	20141123	49	272.55	39.95	211.00	391.00		216.00	225.00	234.00	240.00	242.00	247.00	252.50	258.00	261.50	266.00	269.50	273.00	282.50	290.00	294.50	305.00	321.00	329.00	350.00	
04125460	1124	19521124	20141124	49	284.20	78.84	209.00	730.00		217.50	229.00	237.00	240.00	242.00	246.00	252.50	259.00	262.50	267.00	272.50	278.00	283.00	285.00	293.50	311.00	325.50	364.00	396.50	
04125460	1125	19521125	20141125	49	288.45	110.37	209.00	985.00		218.50	229.00	234.00	237.00	240.00	244.00	249.50	253.00	256.50	270.00	273.00	278.00	281.50	297.00	307.00	318.00	320.50	338.00	396.50	
04125460	1126	19521126	20141126	49	285.10	87.24	208.00	808.00		220.50	230.00	235.00	238.00	243.00	247.00	249.00	253.00	261.00	265.00	270.00	272.00	278.50	296.00	305.00	324.00	332.00	344.00	382.00	
04125460	1127	19521127	20141127	49	287.84	71.40	207.00	581.00		216.50	231.00	234.00	238.00	246.00	249.00	251.00	253.00	257.00	265.00	268.00	279.00	295.50	305.00	317.50	325.00	335.50	365.00	471.00	
04125460	1128	19521128	20141128	49	298.51	102.06	205.00	880.00		212.50	232.00	233.00	242.00	249.50	252.00	255.50	258.00	266.50	272.00	277.00	298.00	304.00	318.00	323.50	329.00	343.00	364.00	471.50	
04125460	1129	19521129	20141129	49	303.76	104.48	207.00	846.00		212.00	230.00	231.00	235.00	247.00	249.00	252.00	261.00	265.50	271.00	285.50	293.00	297.00	316.00	329.00	342.00	383.50	421.00	482.00	
04125460	1130	19521130	20141130	49	297.67	89.02	211.00	615.00		222.00	230.00	238.50	241.00	242.50	246.00	247.50	252.00	259.00	265.00	274.00	284.00	289.50	297.00	312.50	343.00	363.00	438.00	527.00	
04125460	1201	19521201	20141201	49	296.51	92.89	211.00	756.00		220.00	227.00	235.00	240.00	243.50	248.00	251.00	262.00	268.00	269.00	277.50	281.00	283.50	287.00	300.50	332.00	369.00	414.00	483.50	
04125460	1202	19521202	20141202	49	287.92	70.91	207.00	603.00		224.50	228.00	233.50	237.00	242.00	247.00	249.50	261.00	266.50	268.00	274.00	275.00	278.00	286.00	313.00	334.00	346.00	385.00	429.00	
04125460	1203	19521203	20141203	49	278.14	54.70	196.00	466.00		222.00	233.00	237.00	239.00	241.00	244.00	249.50	254.00	258.00	259.00	261.50	272.00	276.50	281.00	297.50	314.00	341.00	360.00	405.00	
04125460	1204	19521204	20141204	49	276.63	49.97	199.00	454.00		226.00	232.00	236.00	240.00	246.00	247.00	250.00	255.00	258.00	260.00	263.00	270.00	281.00	288.00	295.50	312.00	331.00	340.00	401.00	
04125460	1205	19521205	20141205	49	281.06	52.35	215.00	481.00		222.00	233.00	235.50	240.00	244.00	248.00	252.00	258.00	266.00	268.00	270.00	276.00	281.00	288.00	308.00	316.00	338.00	360.00	389.00	
04125460	1206	19521206	20141206	49	279.14	49.77	207.00	435.00		217.00	234.00	238.00	240.00	242.00	246.00	250.00	252.00	260.00	266.00	273.00	282.00	289.00	295.00	301.50	309.00	329.00	355.00	399.00	
04125460	1207	19521207	20141207	49	279.47	61.62	200.00	595.00		222.00	230.00	232.50	236.00	242.00	246.00	248.00	251.00	260.50	263.00	278.00	285.00	291.00	298.00	301.00	304.00	317.50	329.00	387.00	
04125460	1208	19521208	20141208	49	290.47	112.07	200.00	928.00		228.50	232.00	238.00	239.00	241.50	246.00	248.00	256.00	260.50	265.00	274.50	277.00	282.50	287.00	290.00	297.00	315.00	343.00	503.50	
04125460	1209	19521209	20141209	49	292.14	145.66	200.00	1200.00		224.50	232.00	233.50	239.00	241.50	245.00	250.00	253.00	256.00	261.00	264.00	272.00	275.50	282.00	284.00	291.00	307.00	337.00	515.50	
04125460	1210	19521210	20141210	49	283.31	118.34	200.00	1040.00		221.00	230.00	233.00	237.00	240.00	244.00	245.50	252.00	254.00	259.00	263.00	266.00	267.00	275.00	286.00	305.00	314.00	329.00	411.00	
04125460	1211	19521211	20141211	49	276.78	74.88	200.00	666.00		220.00	228.00	234.00	238.00	239.00	240.00	243.50	249.00	250.00	255.00	260.50	262.00	271.00	277.00	288.00	306.00	317.00	334.00	434.50	
04125460	1212	19521212	20141212	49	280.86	74.75	202.00	538.00		211.00	225.00	232.50	236.00	237.00	240.00	246.00	248.00	250.50	257.00	264.50	270.00	273.50	281.00	287.50	291.00	324.50	418.00	503.50	
04125460	1213	19521213	20141213	49	287.55	93.57	200.00	691.00		214.50	230.00	230.50	234.00	237.00	241.00	244.00	248.00	252.50	256.00	263.50	269.00	275.00	282.00	288.00	295.00	335.50	416.00	538.00	
04125460	1214	19521214	20141214	49	284.39	91.76	200.00	711.00		212.00	228.00	230.00	234.00	235.00	240.00	240.00	245.00	249.00	253.00	262.50	267.00	270.00	280.00	290.00	313.00	320.00	404.00	504.50	
04125460	1215	19521215	20141215	49	279.61	74.27	200.00	589.00		206.50	225.00	230.00	232.00	233.50	237.00	241.50	246.00	251.50	258.00	263.50	268.00	273.00	283.00	298.00	321.00	352.00	363.00	467.50	
04125460	1216	19521216	20141216	49	278.78	72.85	200.00	529.00		207.00	210.00	226.50	227.00	234.50	244.00	247.00	250.00	252.50	259.00	261.50	263.00	270.50	275.00	289.00	303.00	342.00	403.00	475.00	
04125460	1217	19521217	20141217	49	273.37	60.10	190.00	495.00		199.50	215.00	229.50	234.00	236.00	237.00	246.00	250.00	251.00	254.00	259.00	266.00	270.00	286.00	296.50	310.00	326.00	373.00	408.00	
04125460	1218	19521218	20141218	49	268.16	46.66	200.00	391.00		209.50	227.00	230.00	231.00	233.00	238.00	244.50	249.00	250.50	253.00	256.50	266.00	268.50	271.00	293.50	299.00	317.50	349.00	385.00	
04125460	1219	19521219	20141219	49	263.45	42.55	200.00	438.00		218.00	227.00	228.00	230.00	235.00	238.00	242.50	244.00	249.50	251.00	254.50	260.00	266.00	274.00	283.50	290.00	301.50	324.00	347.00	
04125460	1220	19521220	20141220	49	261.53	42.66	200.00	452.00		215.00	227.00	230.00	230.00	232.00	235.00	239.00	243.00	246.50	251.00	255.50	258.00	261.50	277.00	281.50	288.00	298.50	311.00	339.50	
04125460	1221	19521221	20141221	49	262.14	41.49	190.00	433.00		212.50	226.00	229.00	230.00	233.50	239.00	242.50	247.00	249.00	249.00	255.00	263.00	266.50	273.00	282.50	290.00	300.50	315.00	340.00	
04125460	1222	19521222	20141222	49	263.98	44.87	200.00	457.00		217.00	222.00	229.00	230.00	233.00	241.00	244.50	245.00	248.00	252.00	258.50	262.00	269.00	272.00	280.00	288.00	297.00	334.00	354.00	
04125460	1223	19521223	20141223	49	265.12	51.65	190.00	478.00		212.00	220.00	224.50	228.00	239.00	244.00	245.50	246.00	250.50	252.00	256.50	259.00	262.00	273.00	277.00	281.00	305.00	314.00	394.00	
04125460	1224	19521224	20141224	49	270.88	59.35	200.00	511.00		208.50	220.00	226.50	231.00	233.50	244.00	245.00	250.00	254.50	257.00	260.50	263.00	266.00	275.00	278.50	295.00	313.00	360.00	416.50	
04125460	1225	19521225	20141225	49	271.29	61.23	200.00	526.00		209.00	220.00	226.50	228.00	241.00	244.00	244.50	248.00	250.00	252.00	256.50	262.00	267.50	276.00	280.00	286.00	315.50	368.00	419.50	
04125460	1226	19521226	20141226	49	265.76	46.88	200.00	421.00		211.00	225.00	225.00	230.00	239.50	244.00	246.50	249.00	250.00	251.00	255.00	260.00	264.50	273.00	275.50	287.00	304.00	350.00	387.50	
04125460	1227	19521227	20141227	49	262.47	44.40	200.00	385.00		204.50	222.00	225.00	225.00	237.00	240.00	242.00	245.00	246.50	250.00	255.00	260.00	265.00	270.00	272.00	281.00	300.50	358.00	371.00	
04125460	1228	19521228	20141228	49	270.51	84.06	195.00	762.00		210.50	222.00	222.50	228.00	234.50	237.00	237.50	242.00	247.00	251.00	254.00	257.00	260.00	270.00	274.00	282.00	309.00	343.00	391.50	
04125460	1229	19521229	20141229	49	272.43	91.98	200.00	820.00		204.00	220.00	225.00	230.00	236.50	238.00	242.50	248.00	251.50	254.00	255.00	260.00	262.00	267.00	272.00	281.00	301.50	341.00	416.50	
04125460	1230	19521230	20141230	49	265.22	66.89	204.00	656.00		206.50	218.00	224.00	230.00	233.00	234.00	243.00	248.00	250.00	254.00	255.50	257.00	261.50	266.00	271.00	293.00	300.50	316.00	351.00	
04125460	1231	19521231	20141231	49	266.27	66.72	205.00	521.00		207.00	218.00	222.00	225.00	230.00	233.00	235.50	240.00	246.50	251.00	254.00	255.00	259.50	267.00	272.50	287.00	299.00	331.00	481.50	
