site_no	monthday	begin_dt	end_dt	count_nu	mean	std	min	max	p01	p05	p10	p15	p20	p25	p30	p35	p40	p45	p50	p55	p60	p65	p70	p75	p80	p85	p90	p95	p99
05426350	ALL	20130111	20151026	1019	2.81	0.64	1.70	4.90	1.70	1.80	1.90	2.00	2.10	2.30	2.50	2.50	2.60	2.70	2.80	3.00	3.10	3.10	3.20	3.30	3.40	3.60	3.70	3.80	4.00
05426350	0101	20140101	20150101	2	2.95	0.21	2.80	3.10								2.81	2.86	2.91	2.95	3.00	3.04	3.08							
05426350	0102	20140102	20150102	2	2.95	0.21	2.80	3.10								2.81	2.86	2.91	2.95	3.00	3.04	3.08							
05426350	0103	20140103	20150103	2	3.00	0.14	2.90	3.10								2.91	2.94	2.97	3.00	3.03	3.06	3.09							
05426350	0104	20140104	20150104	2	3.00	0.14	2.90	3.10								2.91	2.94	2.97	3.00	3.03	3.06	3.09							
05426350	0105	20140105	20150105	2	2.95	0.21	2.80	3.10								2.81	2.86	2.91	2.95	3.00	3.04	3.08							
05426350	0106	20140106	20150106	2	2.95	0.21	2.80	3.10								2.81	2.86	2.91	2.95	3.00	3.04	3.08							
05426350	0107	20140107	20150107	2	2.95	0.21	2.80	3.10								2.81	2.86	2.91	2.95	3.00	3.04	3.08							
05426350	0108	20140108	20150108	2	2.95	0.21	2.80	3.10								2.81	2.86	2.91	2.95	3.00	3.04	3.08							
05426350	0109	20140109	20150109	2	2.95	0.21	2.80	3.10								2.81	2.86	2.91	2.95	3.00	3.04	3.08							
05426350	0110	20140110	20150110	2	2.95	0.21	2.80	3.10								2.81	2.86	2.91	2.95	3.00	3.04	3.08							
05426350	0111	20130111	20150111	3	2.70	0.46	2.20	3.10						2.20	2.32	2.44	2.56	2.68	2.80	2.86	2.92	2.98	3.04	3.10					
05426350	0112	20130112	20150112	3	2.63	0.57	2.00	3.10						2.00	2.16	2.32	2.48	2.64	2.80	2.86	2.92	2.98	3.04	3.10					
05426350	0113	20130113	20150113	3	2.60	0.62	1.90	3.10						1.90	2.08	2.26	2.44	2.62	2.80	2.86	2.92	2.98	3.04	3.10					
05426350	0114	20130114	20150114	3	2.57	0.61	1.90	3.10						1.90	2.06	2.22	2.38	2.54	2.70	2.78	2.86	2.94	3.02	3.10					
05426350	0115	20130115	20150115	3	2.57	0.61	1.90	3.10						1.90	2.06	2.22	2.38	2.54	2.70	2.78	2.86	2.94	3.02	3.10					
05426350	0116	20130116	20150116	3	2.60	0.66	1.90	3.20						1.90	2.06	2.22	2.38	2.54	2.70	2.80	2.90	3.00	3.10	3.20					
05426350	0117	20130117	20150117	3	2.57	0.61	1.90	3.10						1.90	2.06	2.22	2.38	2.54	2.70	2.78	2.86	2.94	3.02	3.10					
05426350	0118	20130118	20150118	3	2.57	0.61	1.90	3.10						1.90	2.06	2.22	2.38	2.54	2.70	2.78	2.86	2.94	3.02	3.10					
05426350	0119	20130119	20150119	3	2.57	0.61	1.90	3.10						1.90	2.06	2.22	2.38	2.54	2.70	2.78	2.86	2.94	3.02	3.10					
05426350	0120	20130120	20150120	3	2.57	0.61	1.90	3.10						1.90	2.06	2.22	2.38	2.54	2.70	2.78	2.86	2.94	3.02	3.10					
05426350	0121	20130121	20150121	3	2.53	0.67	1.80	3.10						1.80	1.98	2.16	2.34	2.52	2.70	2.78	2.86	2.94	3.02	3.10					
05426350	0122	20130122	20150122	3	2.53	0.67	1.80	3.10						1.80	1.98	2.16	2.34	2.52	2.70	2.78	2.86	2.94	3.02	3.10					
05426350	0123	20130123	20150123	3	2.50	0.66	1.80	3.10						1.80	1.96	2.12	2.28	2.44	2.60	2.70	2.80	2.90	3.00	3.10					
05426350	0124	20130124	20150124	3	2.50	0.66	1.80	3.10						1.80	1.96	2.12	2.28	2.44	2.60	2.70	2.80	2.90	3.00	3.10					
05426350	0125	20130125	20150125	3	2.50	0.66	1.80	3.10						1.80	1.96	2.12	2.28	2.44	2.60	2.70	2.80	2.90	3.00	3.10					
05426350	0126	20130126	20150126	3	2.47	0.61	1.80	3.00						1.80	1.96	2.12	2.28	2.44	2.60	2.68	2.76	2.84	2.92	3.00					
05426350	0127	20130127	20150127	3	2.47	0.61	1.80	3.00						1.80	1.96	2.12	2.28	2.44	2.60	2.68	2.76	2.84	2.92	3.00					
05426350	0128	20130128	20150128	3	2.50	0.56	1.90	3.00						1.90	2.04	2.18	2.32	2.46	2.60	2.68	2.76	2.84	2.92	3.00					
05426350	0129	20130129	20150129	3	2.60	0.36	2.30	3.00						2.30	2.34	2.38	2.42	2.46	2.50	2.60	2.70	2.80	2.90	3.00					
05426350	0130	20130130	20150130	3	2.53	0.45	2.10	3.00						2.10	2.18	2.26	2.34	2.42	2.50	2.60	2.70	2.80	2.90	3.00					
05426350	0131	20130131	20150131	3	2.47	0.55	1.90	3.00						1.90	2.02	2.14	2.26	2.38	2.50	2.60	2.70	2.80	2.90	3.00					
05426350	0201	20130201	20150201	3	2.47	0.61	1.80	3.00						1.80	1.96	2.12	2.28	2.44	2.60	2.68	2.76	2.84	2.92	3.00					
05426350	0202	20130202	20150202	3	2.43	0.60	1.80	3.00						1.80	1.94	2.08	2.22	2.36	2.50	2.60	2.70	2.80	2.90	3.00					
05426350	0203	20130203	20150203	3	2.43	0.60	1.80	3.00						1.80	1.94	2.08	2.22	2.36	2.50	2.60	2.70	2.80	2.90	3.00					
05426350	0204	20130204	20150204	3	2.43	0.60	1.80	3.00						1.80	1.94	2.08	2.22	2.36	2.50	2.60	2.70	2.80	2.90	3.00					
05426350	0205	20130205	20150205	3	2.43	0.60	1.80	3.00						1.80	1.94	2.08	2.22	2.36	2.50	2.60	2.70	2.80	2.90	3.00					
05426350	0206	20130206	20150206	3	2.43	0.60	1.80	3.00						1.80	1.94	2.08	2.22	2.36	2.50	2.60	2.70	2.80	2.90	3.00					
05426350	0207	20130207	20150207	3	2.43	0.60	1.80	3.00						1.80	1.94	2.08	2.22	2.36	2.50	2.60	2.70	2.80	2.90	3.00					
05426350	0208	20130208	20150208	3	2.43	0.60	1.80	3.00						1.80	1.94	2.08	2.22	2.36	2.50	2.60	2.70	2.80	2.90	3.00					
05426350	0209	20130209	20150209	3	2.40	0.66	1.70	3.00						1.70	1.86	2.02	2.18	2.34	2.50	2.60	2.70	2.80	2.90	3.00					
05426350	0210	20130210	20150210	3	2.47	0.55	1.90	3.00						1.90	2.02	2.14	2.26	2.38	2.50	2.60	2.70	2.80	2.90	3.00					
05426350	0211	20130211	20150211	3	2.43	0.60	1.80	3.00						1.80	1.94	2.08	2.22	2.36	2.50	2.60	2.70	2.80	2.90	3.00					
05426350	0212	20130212	20150212	3	2.43	0.60	1.80	3.00						1.80	1.94	2.08	2.22	2.36	2.50	2.60	2.70	2.80	2.90	3.00					
05426350	0213	20130213	20150213	3	2.43	0.60	1.80	3.00						1.80	1.94	2.08	2.22	2.36	2.50	2.60	2.70	2.80	2.90	3.00					
05426350	0214	20130214	20150214	3	2.43	0.60	1.80	3.00						1.80	1.94	2.08	2.22	2.36	2.50	2.60	2.70	2.80	2.90	3.00					
05426350	0215	20130215	20150215	3	2.40	0.56	1.80	2.90						1.80	1.94	2.08	2.22	2.36	2.50	2.58	2.66	2.74	2.82	2.90					
05426350	0216	20130216	20150216	3	2.40	0.66	1.70	3.00						1.70	1.86	2.02	2.18	2.34	2.50	2.60	2.70	2.80	2.90	3.00					
05426350	0217	20130217	20150217	3	2.40	0.66	1.70	3.00						1.70	1.86	2.02	2.18	2.34	2.50	2.60	2.70	2.80	2.90	3.00					
05426350	0218	20130218	20150218	3	2.40	0.60	1.80	3.00						1.80	1.92	2.04	2.16	2.28	2.40	2.52	2.64	2.76	2.88	3.00					
05426350	0219	20130219	20150219	3	2.40	0.60	1.80	3.00						1.80	1.92	2.04	2.16	2.28	2.40	2.52	2.64	2.76	2.88	3.00					
05426350	0220	20130220	20150220	3	2.43	0.70	1.70	3.10						1.70	1.86	2.02	2.18	2.34	2.50	2.62	2.74	2.86	2.98	3.10					
05426350	0221	20130221	20150221	3	2.40	0.66	1.70	3.00						1.70	1.86	2.02	2.18	2.34	2.50	2.60	2.70	2.80	2.90	3.00					
05426350	0222	20130222	20150222	3	2.43	0.60	1.80	3.00						1.80	1.94	2.08	2.22	2.36	2.50	2.60	2.70	2.80	2.90	3.00					
05426350	0223	20130223	20150223	3	2.40	0.60	1.80	3.00						1.80	1.92	2.04	2.16	2.28	2.40	2.52	2.64	2.76	2.88	3.00					
05426350	0224	20130224	20150224	3	2.43	0.60	1.80	3.00						1.80	1.94	2.08	2.22	2.36	2.50	2.60	2.70	2.80	2.90	3.00					
05426350	0225	20130225	20150225	3	2.37	0.60	1.80	3.00						1.80	1.90	2.00	2.10	2.20	2.30	2.44	2.58	2.72	2.86	3.00					
05426350	0226	20130226	20150226	3	2.33	0.55	1.80	2.90						1.80	1.90	2.00	2.10	2.20	2.30	2.42	2.54	2.66	2.78	2.90					
05426350	0227	20130227	20150227	3	2.37	0.60	1.80	3.00						1.80	1.90	2.00	2.10	2.20	2.30	2.44	2.58	2.72	2.86	3.00					
05426350	0228	20130228	20150228	3	2.37	0.60	1.80	3.00						1.80	1.90	2.00	2.10	2.20	2.30	2.44	2.58	2.72	2.86	3.00					
05426350	0301	20130301	20150301	3	2.37	0.60	1.80	3.00						1.80	1.90	2.00	2.10	2.20	2.30	2.44	2.58	2.72	2.86	3.00					
05426350	0302	20130302	20150302	3	2.37	0.60	1.80	3.00						1.80	1.90	2.00	2.10	2.20	2.30	2.44	2.58	2.72	2.86	3.00					
05426350	0303	20130303	20150303	3	2.37	0.60	1.80	3.00						1.80	1.90	2.00	2.10	2.20	2.30	2.44	2.58	2.72	2.86	3.00					
05426350	0304	20130304	20150304	3	2.40	0.60	1.80	3.00						1.80	1.92	2.04	2.16	2.28	2.40	2.52	2.64	2.76	2.88	3.00					
05426350	0305	20130305	20150305	3	2.37	0.60	1.80	3.00						1.80	1.90	2.00	2.10	2.20	2.30	2.44	2.58	2.72	2.86	3.00					
05426350	0306	20130306	20150306	3	2.37	0.60	1.80	3.00						1.80	1.90	2.00	2.10	2.20	2.30	2.44	2.58	2.72	2.86	3.00					
05426350	0307	20130307	20150307	3	2.40	0.60	1.80	3.00						1.80	1.92	2.04	2.16	2.28	2.40	2.52	2.64	2.76	2.88	3.00					
05426350	0308	20130308	20150308	3	2.40	0.60	1.80	3.00						1.80	1.92	2.04	2.16	2.28	2.40	2.52	2.64	2.76	2.88	3.00					
05426350	0309	20130309	20150309	3	2.40	0.60	1.80	3.00						1.80	1.92	2.04	2.16	2.28	2.40	2.52	2.64	2.76	2.88	3.00					
05426350	0310	20130310	20150310	3	2.63	0.42	2.30	3.10						2.30	2.34	2.38	2.42	2.46	2.50	2.62	2.74	2.86	2.98	3.10					
05426350	0311	20130311	20150311	3	2.57	0.50	2.10	3.10						2.10	2.18	2.26	2.34	2.42	2.50	2.62	2.74	2.86	2.98	3.10					
05426350	0312	20130312	20150312	3	2.50	0.50	2.00	3.00						2.00	2.10	2.20	2.30	2.40	2.50	2.60	2.70	2.80	2.90	3.00					
05426350	0313	20130313	20150313	3	2.47	0.55	1.90	3.00						1.90	2.02	2.14	2.26	2.38	2.50	2.60	2.70	2.80	2.90	3.00					
05426350	0314	20130314	20150314	3	2.53	0.65	1.90	3.20						1.90	2.02	2.14	2.26	2.38	2.50	2.64	2.78	2.92	3.06	3.20					
05426350	0315	20130315	20150315	3	2.50	0.60	1.90	3.10						1.90	2.02	2.14	2.26	2.38	2.50	2.62	2.74	2.86	2.98	3.10					
05426350	0316	20130316	20150316	3	2.47	0.55	1.90	3.00						1.90	2.02	2.14	2.26	2.38	2.50	2.60	2.70	2.80	2.90	3.00					
05426350	0317	20130317	20150317	3	2.47	0.55	1.90	3.00						1.90	2.02	2.14	2.26	2.38	2.50	2.60	2.70	2.80	2.90	3.00					
05426350	0318	20130318	20150318	3	2.47	0.55	1.90	3.00						1.90	2.02	2.14	2.26	2.38	2.50	2.60	2.70	2.80	2.90	3.00					
05426350	0319	20130319	20150319	3	2.47	0.60	1.90	3.10						1.90	2.00	2.10	2.20	2.30	2.40	2.54	2.68	2.82	2.96	3.10					
05426350	0320	20130320	20150320	3	2.47	0.55	1.90	3.00						1.90	2.02	2.14	2.26	2.38	2.50	2.60	2.70	2.80	2.90	3.00					
05426350	0321	20130321	20150321	3	2.47	0.55	1.90	3.00						1.90	2.02	2.14	2.26	2.38	2.50	2.60	2.70	2.80	2.90	3.00					
05426350	0322	20130322	20150322	3	2.47	0.55	1.90	3.00						1.90	2.02	2.14	2.26	2.38	2.50	2.60	2.70	2.80	2.90	3.00					
05426350	0323	20130323	20150323	3	2.43	0.50	1.90	2.90						1.90	2.02	2.14	2.26	2.38	2.50	2.58	2.66	2.74	2.82	2.90					
05426350	0324	20130324	20150324	3	2.43	0.50	1.90	2.90						1.90	2.02	2.14	2.26	2.38	2.50	2.58	2.66	2.74	2.82	2.90					
05426350	0325	20130325	20150325	3	2.50	0.53	1.90	2.90						1.90	2.06	2.22	2.38	2.54	2.70	2.74	2.78	2.82	2.86	2.90					
05426350	0326	20130326	20150326	3	2.47	0.45	2.00	2.90						2.00	2.10	2.20	2.30	2.40	2.50	2.58	2.66	2.74	2.82	2.90					
05426350	0327	20130327	20150327	3	2.50	0.50	2.00	3.00						2.00	2.10	2.20	2.30	2.40	2.50	2.60	2.70	2.80	2.90	3.00					
05426350	0328	20130328	20150328	3	2.53	0.55	2.00	3.10						2.00	2.10	2.20	2.30	2.40	2.50	2.62	2.74	2.86	2.98	3.10					
05426350	0329	20130329	20150329	3	2.50	0.50	2.00	3.00						2.00	2.10	2.20	2.30	2.40	2.50	2.60	2.70	2.80	2.90	3.00					
05426350	0330	20130330	20150330	3	2.53	0.45	2.10	3.00						2.10	2.18	2.26	2.34	2.42	2.50	2.60	2.70	2.80	2.90	3.00					
05426350	0331	20130331	20150331	3	2.57	0.50	2.10	3.10						2.10	2.18	2.26	2.34	2.42	2.50	2.62	2.74	2.86	2.98	3.10					
05426350	0401	20130401	20150401	3	2.53	0.50	2.00	3.00						2.00	2.12	2.24	2.36	2.48	2.60	2.68	2.76	2.84	2.92	3.00					
05426350	0402	20130402	20150402	3	2.57	0.51	2.00	3.00						2.00	2.14	2.28	2.42	2.56	2.70	2.76	2.82	2.88	2.94	3.00					
05426350	0403	20130403	20150403	3	2.53	0.50	2.00	3.00						2.00	2.12	2.24	2.36	2.48	2.60	2.68	2.76	2.84	2.92	3.00					
05426350	0404	20130404	20150404	3	2.53	0.50	2.00	3.00						2.00	2.12	2.24	2.36	2.48	2.60	2.68	2.76	2.84	2.92	3.00					
05426350	0405	20130405	20150405	3	2.53	0.50	2.00	3.00						2.00	2.12	2.24	2.36	2.48	2.60	2.68	2.76	2.84	2.92	3.00					
05426350	0406	20130406	20150406	3	2.63	0.55	2.10	3.20						2.10	2.20	2.30	2.40	2.50	2.60	2.72	2.84	2.96	3.08	3.20					
05426350	0407	20130407	20150407	3	2.63	0.55	2.10	3.20						2.10	2.20	2.30	2.40	2.50	2.60	2.72	2.84	2.96	3.08	3.20					
05426350	0408	20130408	20150408	3	2.70	0.46	2.30	3.20						2.30	2.36	2.42	2.48	2.54	2.60	2.72	2.84	2.96	3.08	3.20					
05426350	0409	20130409	20150409	3	2.93	0.31	2.60	3.20						2.60	2.68	2.76	2.84	2.92	3.00	3.04	3.08	3.12	3.16	3.20					
05426350	0410	20130410	20150410	3	2.87	0.31	2.60	3.20						2.60	2.64	2.68	2.72	2.76	2.80	2.88	2.96	3.04	3.12	3.20					
05426350	0411	20130411	20150411	3	2.80	0.35	2.60	3.20						2.60	2.60	2.60	2.60	2.60	2.60	2.72	2.84	2.96	3.08	3.20					
05426350	0412	20130412	20150412	3	2.67	0.47	2.30	3.20						2.30	2.34	2.38	2.42	2.46	2.50	2.64	2.78	2.92	3.06	3.20					
05426350	0413	20130413	20150413	3	2.87	0.91	2.20	3.90						2.20	2.26	2.32	2.38	2.44	2.50	2.78	3.06	3.34	3.62	3.90					
05426350	0414	20130414	20150414	3	3.03	1.19	2.20	4.40						2.20	2.26	2.32	2.38	2.44	2.50	2.88	3.26	3.64	4.02	4.40					
05426350	0415	20130415	20150415	3	2.83	0.76	2.30	3.70						2.30	2.34	2.38	2.42	2.46	2.50	2.74	2.98	3.22	3.46	3.70					
05426350	0416	20130416	20150416	3	2.77	0.64	2.30	3.50						2.30	2.34	2.38	2.42	2.46	2.50	2.70	2.90	3.10	3.30	3.50					
05426350	0417	20130417	20150417	3	2.80	0.61	2.40	3.50						2.40	2.42	2.44	2.46	2.48	2.50	2.70	2.90	3.10	3.30	3.50					
05426350	0418	20130418	20150418	3	3.03	0.50	2.50	3.50						2.50	2.62	2.74	2.86	2.98	3.10	3.18	3.26	3.34	3.42	3.50					
05426350	0419	20130419	20150419	3	2.83	0.67	2.40	3.60						2.40	2.42	2.44	2.46	2.48	2.50	2.72	2.94	3.16	3.38	3.60					
05426350	0420	20130420	20150420	3	2.87	0.67	2.30	3.60						2.30	2.38	2.46	2.54	2.62	2.70	2.88	3.06	3.24	3.42	3.60					
05426350	0421	20130421	20150421	3	2.80	0.70	2.30	3.60						2.30	2.34	2.38	2.42	2.46	2.50	2.72	2.94	3.16	3.38	3.60					
05426350	0422	20130422	20150422	3	2.80	0.69	2.40	3.60						2.40	2.40	2.40	2.40	2.40	2.40	2.64	2.88	3.12	3.36	3.60					
05426350	0423	20130423	20150423	3	2.80	0.70	2.30	3.60						2.30	2.34	2.38	2.42	2.46	2.50	2.72	2.94	3.16	3.38	3.60					
05426350	0424	20130424	20150424	3	2.77	0.72	2.30	3.60						2.30	2.32	2.34	2.36	2.38	2.40	2.64	2.88	3.12	3.36	3.60					
05426350	0425	20130425	20150425	3	2.77	0.72	2.30	3.60						2.30	2.32	2.34	2.36	2.38	2.40	2.64	2.88	3.12	3.36	3.60					
05426350	0426	20130426	20150426	3	2.80	0.70	2.30	3.60						2.30	2.34	2.38	2.42	2.46	2.50	2.72	2.94	3.16	3.38	3.60					
05426350	0427	20130427	20150427	3	2.83	0.68	2.30	3.60						2.30	2.36	2.42	2.48	2.54	2.60	2.80	3.00	3.20	3.40	3.60					
05426350	0428	20130428	20150428	3	2.87	0.74	2.30	3.70						2.30	2.36	2.42	2.48	2.54	2.60	2.82	3.04	3.26	3.48	3.70					
05426350	0429	20130429	20150429	3	2.90	0.79	2.30	3.80						2.30	2.36	2.42	2.48	2.54	2.60	2.84	3.08	3.32	3.56	3.80					
05426350	0430	20130430	20150430	3	2.93	0.78	2.30	3.80						2.30	2.38	2.46	2.54	2.62	2.70	2.92	3.14	3.36	3.58	3.80					
05426350	0501	20130501	20150501	3	2.90	0.72	2.30	3.70						2.30	2.38	2.46	2.54	2.62	2.70	2.90	3.10	3.30	3.50	3.70					
05426350	0502	20130502	20150502	3	2.93	0.71	2.30	3.70						2.30	2.40	2.50	2.60	2.70	2.80	2.98	3.16	3.34	3.52	3.70					
05426350	0503	20130503	20150503	3	3.03	0.70	2.30	3.70						2.30	2.46	2.62	2.78	2.94	3.10	3.22	3.34	3.46	3.58	3.70					
05426350	0504	20130504	20150504	3	2.93	0.71	2.30	3.70						2.30	2.40	2.50	2.60	2.70	2.80	2.98	3.16	3.34	3.52	3.70					
05426350	0505	20130505	20150505	3	2.93	0.71	2.30	3.70						2.30	2.40	2.50	2.60	2.70	2.80	2.98	3.16	3.34	3.52	3.70					
05426350	0506	20130506	20150506	3	2.93	0.71	2.30	3.70						2.30	2.40	2.50	2.60	2.70	2.80	2.98	3.16	3.34	3.52	3.70					
05426350	0507	20130507	20150507	3	2.93	0.71	2.30	3.70						2.30	2.40	2.50	2.60	2.70	2.80	2.98	3.16	3.34	3.52	3.70					
05426350	0508	20130508	20150508	3	2.97	0.70	2.30	3.70						2.30	2.42	2.54	2.66	2.78	2.90	3.06	3.22	3.38	3.54	3.70					
05426350	0509	20130509	20150509	3	3.07	0.75	2.30	3.80						2.30	2.46	2.62	2.78	2.94	3.10	3.24	3.38	3.52	3.66	3.80					
05426350	0510	20130510	20150510	3	3.13	0.74	2.30	3.70						2.30	2.52	2.74	2.96	3.18	3.40	3.46	3.52	3.58	3.64	3.70					
05426350	0511	20130511	20150511	3	3.03	0.75	2.30	3.80						2.30	2.44	2.58	2.72	2.86	3.00	3.16	3.32	3.48	3.64	3.80					
05426350	0512	20130512	20150512	3	3.40	1.35	2.30	4.90						2.30	2.44	2.58	2.72	2.86	3.00	3.38	3.76	4.14	4.52	4.90					
05426350	0513	20130513	20150513	3	3.10	0.85	2.30	4.00						2.30	2.44	2.58	2.72	2.86	3.00	3.20	3.40	3.60	3.80	4.00					
05426350	0514	20130514	20150514	3	2.87	0.51	2.30	3.30						2.30	2.44	2.58	2.72	2.86	3.00	3.06	3.12	3.18	3.24	3.30					
05426350	0515	20130515	20150515	3	2.90	0.53	2.30	3.30						2.30	2.46	2.62	2.78	2.94	3.10	3.14	3.18	3.22	3.26	3.30					
05426350	0516	20130516	20150516	3	2.90	0.53	2.30	3.30						2.30	2.46	2.62	2.78	2.94	3.10	3.14	3.18	3.22	3.26	3.30					
05426350	0517	20130517	20150517	3	2.97	0.49	2.40	3.30						2.40	2.56	2.72	2.88	3.04	3.20	3.22	3.24	3.26	3.28	3.30					
05426350	0518	20130518	20150518	3	2.87	0.49	2.30	3.20						2.30	2.46	2.62	2.78	2.94	3.10	3.12	3.14	3.16	3.18	3.20					
05426350	0519	20130519	20150519	3	2.87	0.49	2.30	3.20						2.30	2.46	2.62	2.78	2.94	3.10	3.12	3.14	3.16	3.18	3.20					
05426350	0520	20130520	20150520	3	2.90	0.52	2.30	3.20						2.30	2.48	2.66	2.84	3.02	3.20	3.20	3.20	3.20	3.20	3.20					
05426350	0521	20130521	20150521	3	2.90	0.52	2.30	3.20						2.30	2.48	2.66	2.84	3.02	3.20	3.20	3.20	3.20	3.20	3.20					
05426350	0522	20130522	20150522	3	3.03	0.67	2.30	3.60						2.30	2.48	2.66	2.84	3.02	3.20	3.28	3.36	3.44	3.52	3.60					
05426350	0523	20130523	20150523	3	3.00	0.53	2.40	3.40						2.40	2.56	2.72	2.88	3.04	3.20	3.24	3.28	3.32	3.36	3.40					
05426350	0524	20130524	20150524	3	2.93	0.46	2.40	3.20						2.40	2.56	2.72	2.88	3.04	3.20	3.20	3.20	3.20	3.20	3.20					
05426350	0525	20130525	20150525	3	3.00	0.35	2.60	3.20						2.60	2.72	2.84	2.96	3.08	3.20	3.20	3.20	3.20	3.20	3.20					
05426350	0526	20130526	20150526	3	2.97	0.49	2.40	3.30						2.40	2.56	2.72	2.88	3.04	3.20	3.22	3.24	3.26	3.28	3.30					
05426350	0527	20130527	20150527	3	3.00	0.52	2.40	3.30						2.40	2.58	2.76	2.94	3.12	3.30	3.30	3.30	3.30	3.30	3.30					
05426350	0528	20130528	20150528	3	3.17	0.81	2.30	3.90						2.30	2.50	2.70	2.90	3.10	3.30	3.42	3.54	3.66	3.78	3.90					
05426350	0529	20130529	20150529	3	3.00	0.53	2.40	3.40						2.40	2.56	2.72	2.88	3.04	3.20	3.24	3.28	3.32	3.36	3.40					
05426350	0530	20130530	20150530	3	3.10	0.46	2.60	3.50						2.60	2.72	2.84	2.96	3.08	3.20	3.26	3.32	3.38	3.44	3.50					
05426350	0531	20130531	20150531	3	3.07	0.61	2.40	3.60						2.40	2.56	2.72	2.88	3.04	3.20	3.28	3.36	3.44	3.52	3.60					
05426350	0601	20130601	20150601	3	3.10	0.61	2.40	3.50						2.40	2.60	2.80	3.00	3.20	3.40	3.42	3.44	3.46	3.48	3.50					
05426350	0602	20130602	20150602	3	3.10	0.69	2.30	3.50						2.30	2.54	2.78	3.02	3.26	3.50	3.50	3.50	3.50	3.50	3.50					
05426350	0603	20130603	20150603	3	3.00	0.61	2.30	3.40						2.30	2.50	2.70	2.90	3.10	3.30	3.32	3.34	3.36	3.38	3.40					
05426350	0604	20130604	20150604	3	3.00	0.61	2.30	3.40						2.30	2.50	2.70	2.90	3.10	3.30	3.32	3.34	3.36	3.38	3.40					
05426350	0605	20130605	20150605	3	2.97	0.67	2.20	3.40						2.20	2.42	2.64	2.86	3.08	3.30	3.32	3.34	3.36	3.38	3.40					
05426350	0606	20130606	20150606	3	2.93	0.64	2.20	3.40						2.20	2.40	2.60	2.80	3.00	3.20	3.24	3.28	3.32	3.36	3.40					
05426350	0607	20130607	20150607	3	2.93	0.64	2.20	3.40						2.20	2.40	2.60	2.80	3.00	3.20	3.24	3.28	3.32	3.36	3.40					
05426350	0608	20130608	20150608	3	2.93	0.64	2.20	3.40						2.20	2.40	2.60	2.80	3.00	3.20	3.24	3.28	3.32	3.36	3.40					
05426350	0609	20130609	20150609	3	2.93	0.64	2.20	3.40						2.20	2.40	2.60	2.80	3.00	3.20	3.24	3.28	3.32	3.36	3.40					
05426350	0610	20130610	20150610	3	2.93	0.64	2.20	3.40						2.20	2.40	2.60	2.80	3.00	3.20	3.24	3.28	3.32	3.36	3.40					
05426350	0611	20130611	20150611	3	3.00	0.70	2.20	3.50						2.20	2.42	2.64	2.86	3.08	3.30	3.34	3.38	3.42	3.46	3.50					
05426350	0612	20130612	20150612	3	3.17	0.65	2.50	3.80						2.50	2.64	2.78	2.92	3.06	3.20	3.32	3.44	3.56	3.68	3.80					
05426350	0613	20130613	20150613	3	3.03	0.76	2.20	3.70						2.20	2.40	2.60	2.80	3.00	3.20	3.30	3.40	3.50	3.60	3.70					
05426350	0614	20130614	20150614	3	3.10	0.46	2.60	3.50						2.60	2.72	2.84	2.96	3.08	3.20	3.26	3.32	3.38	3.44	3.50					
05426350	0615	20130615	20150615	3	3.00	0.66	2.30	3.60						2.30	2.46	2.62	2.78	2.94	3.10	3.20	3.30	3.40	3.50	3.60					
05426350	0616	20130616	20150616	3	2.97	0.71	2.20	3.60						2.20	2.38	2.56	2.74	2.92	3.10	3.20	3.30	3.40	3.50	3.60					
05426350	0617	20130617	20150617	3	3.00	0.79	2.10	3.60						2.10	2.34	2.58	2.82	3.06	3.30	3.36	3.42	3.48	3.54	3.60					
05426350	0618	20130618	20150618	3	3.03	0.81	2.10	3.60						2.10	2.36	2.62	2.88	3.14	3.40	3.44	3.48	3.52	3.56	3.60					
05426350	0619	20130619	20150619	3	2.97	0.78	2.10	3.60						2.10	2.32	2.54	2.76	2.98	3.20	3.28	3.36	3.44	3.52	3.60					
05426350	0620	20130620	20150620	3	3.00	0.79	2.10	3.60						2.10	2.34	2.58	2.82	3.06	3.30	3.36	3.42	3.48	3.54	3.60					
05426350	0621	20130621	20150621	3	3.03	0.86	2.10	3.80						2.10	2.32	2.54	2.76	2.98	3.20	3.32	3.44	3.56	3.68	3.80					
05426350	0622	20130622	20150622	3	3.23	1.15	2.10	4.40						2.10	2.32	2.54	2.76	2.98	3.20	3.44	3.68	3.92	4.16	4.40					
05426350	0623	20130623	20150623	3	3.00	0.92	2.00	3.80						2.00	2.24	2.48	2.72	2.96	3.20	3.32	3.44	3.56	3.68	3.80					
05426350	0624	20130624	20150624	3	2.97	0.87	2.00	3.70						2.00	2.24	2.48	2.72	2.96	3.20	3.30	3.40	3.50	3.60	3.70					
05426350	0625	20130625	20150625	3	3.20	1.25	2.00	4.50						2.00	2.22	2.44	2.66	2.88	3.10	3.38	3.66	3.94	4.22	4.50					
05426350	0626	20130626	20150626	3	3.03	1.00	2.00	4.00						2.00	2.22	2.44	2.66	2.88	3.10	3.28	3.46	3.64	3.82	4.00					
05426350	0627	20130627	20150627	3	3.00	0.95	2.00	3.90						2.00	2.22	2.44	2.66	2.88	3.10	3.26	3.42	3.58	3.74	3.90					
05426350	0628	20130628	20150628	3	3.00	0.95	2.00	3.90						2.00	2.22	2.44	2.66	2.88	3.10	3.26	3.42	3.58	3.74	3.90					
05426350	0629	20130629	20150629	3	3.07	0.95	2.10	4.00						2.10	2.30	2.50	2.70	2.90	3.10	3.28	3.46	3.64	3.82	4.00					
05426350	0630	20130630	20150630	3	3.00	0.92	2.00	3.80						2.00	2.24	2.48	2.72	2.96	3.20	3.32	3.44	3.56	3.68	3.80					
05426350	0701	20130701	20150701	3	2.93	0.93	1.90	3.70						1.90	2.16	2.42	2.68	2.94	3.20	3.30	3.40	3.50	3.60	3.70					
05426350	0702	20130702	20150702	3	2.90	0.92	1.90	3.70						1.90	2.14	2.38	2.62	2.86	3.10	3.22	3.34	3.46	3.58	3.70					
05426350	0703	20130703	20150703	3	2.90	0.92	1.90	3.70						1.90	2.14	2.38	2.62	2.86	3.10	3.22	3.34	3.46	3.58	3.70					
05426350	0704	20130704	20150704	3	2.87	0.87	1.90	3.60						1.90	2.14	2.38	2.62	2.86	3.10	3.20	3.30	3.40	3.50	3.60					
05426350	0705	20130705	20150705	3	2.87	0.87	1.90	3.60						1.90	2.14	2.38	2.62	2.86	3.10	3.20	3.30	3.40	3.50	3.60					
05426350	0706	20130706	20150706	3	2.87	0.87	1.90	3.60						1.90	2.14	2.38	2.62	2.86	3.10	3.20	3.30	3.40	3.50	3.60					
05426350	0707	20130707	20150707	3	2.93	0.76	2.10	3.60						2.10	2.30	2.50	2.70	2.90	3.10	3.20	3.30	3.40	3.50	3.60					
05426350	0708	20130708	20150708	3	2.93	0.93	1.90	3.70						1.90	2.16	2.42	2.68	2.94	3.20	3.30	3.40	3.50	3.60	3.70					
05426350	0709	20130709	20150709	3	3.03	1.15	1.90	4.20						1.90	2.12	2.34	2.56	2.78	3.00	3.24	3.48	3.72	3.96	4.20					
05426350	0710	20130710	20150710	3	2.83	0.96	1.80	3.70						1.80	2.04	2.28	2.52	2.76	3.00	3.14	3.28	3.42	3.56	3.70					
05426350	0711	20130711	20150711	3	2.83	0.93	1.80	3.60						1.80	2.06	2.32	2.58	2.84	3.10	3.20	3.30	3.40	3.50	3.60					
05426350	0712	20130712	20150712	3	3.00	1.04	1.80	3.60						1.80	2.16	2.52	2.88	3.24	3.60	3.60	3.60	3.60	3.60	3.60					
05426350	0713	20130713	20150713	3	3.00	0.87	2.00	3.60						2.00	2.28	2.56	2.84	3.12	3.40	3.44	3.48	3.52	3.56	3.60					
05426350	0714	20130714	20150714	3	2.90	0.89	1.90	3.60						1.90	2.16	2.42	2.68	2.94	3.20	3.28	3.36	3.44	3.52	3.60					
05426350	0715	20130715	20150715	3	2.87	0.95	1.80	3.60						1.80	2.08	2.36	2.64	2.92	3.20	3.28	3.36	3.44	3.52	3.60					
05426350	0716	20130716	20150716	3	2.87	0.87	1.90	3.60						1.90	2.14	2.38	2.62	2.86	3.10	3.20	3.30	3.40	3.50	3.60					
05426350	0717	20130717	20150717	3	2.87	0.87	1.90	3.60						1.90	2.14	2.38	2.62	2.86	3.10	3.20	3.30	3.40	3.50	3.60					
05426350	0718	20130718	20150718	3	2.90	0.82	2.00	3.60						2.00	2.22	2.44	2.66	2.88	3.10	3.20	3.30	3.40	3.50	3.60					
05426350	0719	20130719	20150719	3	2.83	0.93	1.80	3.60						1.80	2.06	2.32	2.58	2.84	3.10	3.20	3.30	3.40	3.50	3.60					
05426350	0720	20130720	20150720	3	2.80	0.98	1.70	3.60						1.70	1.98	2.26	2.54	2.82	3.10	3.20	3.30	3.40	3.50	3.60					
05426350	0721	20130721	20150721	3	2.93	1.16	1.70	4.00						1.70	1.98	2.26	2.54	2.82	3.10	3.28	3.46	3.64	3.82	4.00					
05426350	0722	20130722	20150722	3	2.87	1.04	1.70	3.70						1.70	2.00	2.30	2.60	2.90	3.20	3.30	3.40	3.50	3.60	3.70					
05426350	0723	20130723	20150723	3	2.83	1.00	1.70	3.60						1.70	2.00	2.30	2.60	2.90	3.20	3.28	3.36	3.44	3.52	3.60					
05426350	0724	20130724	20150724	3	2.83	1.00	1.70	3.60						1.70	2.00	2.30	2.60	2.90	3.20	3.28	3.36	3.44	3.52	3.60					
05426350	0725	20130725	20150725	3	2.83	1.00	1.70	3.60						1.70	2.00	2.30	2.60	2.90	3.20	3.28	3.36	3.44	3.52	3.60					
05426350	0726	20130726	20150726	3	2.90	1.08	1.70	3.80						1.70	2.00	2.30	2.60	2.90	3.20	3.32	3.44	3.56	3.68	3.80					
05426350	0727	20130727	20150727	3	2.83	1.00	1.70	3.60						1.70	2.00	2.30	2.60	2.90	3.20	3.28	3.36	3.44	3.52	3.60					
05426350	0728	20130728	20150728	3	2.83	1.00	1.70	3.60						1.70	2.00	2.30	2.60	2.90	3.20	3.28	3.36	3.44	3.52	3.60					
05426350	0729	20130729	20150729	3	2.83	1.00	1.70	3.60						1.70	2.00	2.30	2.60	2.90	3.20	3.28	3.36	3.44	3.52	3.60					
05426350	0730	20130730	20150730	3	2.87	0.95	1.80	3.60						1.80	2.08	2.36	2.64	2.92	3.20	3.28	3.36	3.44	3.52	3.60					
05426350	0731	20130731	20150731	3	3.00	1.01	1.90	3.90						1.90	2.16	2.42	2.68	2.94	3.20	3.34	3.48	3.62	3.76	3.90					
05426350	0801	20130801	20150801	3	2.97	0.97	1.90	3.80						1.90	2.16	2.42	2.68	2.94	3.20	3.32	3.44	3.56	3.68	3.80					
05426350	0802	20130802	20150802	3	3.00	1.01	1.90	3.90						1.90	2.16	2.42	2.68	2.94	3.20	3.34	3.48	3.62	3.76	3.90					
05426350	0803	20130803	20150803	3	2.93	0.93	1.90	3.70						1.90	2.16	2.42	2.68	2.94	3.20	3.30	3.40	3.50	3.60	3.70					
05426350	0804	20130804	20150804	3	2.90	0.98	1.80	3.70						1.80	2.08	2.36	2.64	2.92	3.20	3.30	3.40	3.50	3.60	3.70					
05426350	0805	20130805	20150805	3	2.87	1.04	1.70	3.70						1.70	2.00	2.30	2.60	2.90	3.20	3.30	3.40	3.50	3.60	3.70					
05426350	0806	20130806	20150806	3	2.97	1.04	1.80	3.80						1.80	2.10	2.40	2.70	3.00	3.30	3.40	3.50	3.60	3.70	3.80					
05426350	0807	20130807	20150807	3	3.00	0.98	1.90	3.80						1.90	2.18	2.46	2.74	3.02	3.30	3.40	3.50	3.60	3.70	3.80					
05426350	0808	20130808	20150808	3	3.00	0.98	1.90	3.80						1.90	2.18	2.46	2.74	3.02	3.30	3.40	3.50	3.60	3.70	3.80					
05426350	0809	20130809	20150809	3	3.00	0.98	1.90	3.80						1.90	2.18	2.46	2.74	3.02	3.30	3.40	3.50	3.60	3.70	3.80					
05426350	0810	20130810	20150810	3	2.97	0.95	1.90	3.70						1.90	2.18	2.46	2.74	3.02	3.30	3.38	3.46	3.54	3.62	3.70					
05426350	0811	20130811	20150811	3	3.00	0.98	1.90	3.80						1.90	2.18	2.46	2.74	3.02	3.30	3.40	3.50	3.60	3.70	3.80					
05426350	0812	20130812	20150812	3	3.03	1.12	1.80	4.00						1.80	2.10	2.40	2.70	3.00	3.30	3.44	3.58	3.72	3.86	4.00					
05426350	0813	20130813	20150813	3	2.93	1.03	1.80	3.80						1.80	2.08	2.36	2.64	2.92	3.20	3.32	3.44	3.56	3.68	3.80					
05426350	0814	20130814	20150814	3	3.00	0.98	1.90	3.80						1.90	2.18	2.46	2.74	3.02	3.30	3.40	3.50	3.60	3.70	3.80					
05426350	0815	20130815	20150815	3	3.00	0.98	1.90	3.80						1.90	2.18	2.46	2.74	3.02	3.30	3.40	3.50	3.60	3.70	3.80					
05426350	0816	20130816	20150816	3	2.93	1.03	1.80	3.80						1.80	2.08	2.36	2.64	2.92	3.20	3.32	3.44	3.56	3.68	3.80					
05426350	0817	20130817	20150817	3	2.93	1.03	1.80	3.80						1.80	2.08	2.36	2.64	2.92	3.20	3.32	3.44	3.56	3.68	3.80					
05426350	0818	20130818	20150818	3	2.97	0.91	2.00	3.80						2.00	2.22	2.44	2.66	2.88	3.10	3.24	3.38	3.52	3.66	3.80					
05426350	0819	20130819	20150819	3	3.03	1.00	1.90	3.80						1.90	2.20	2.50	2.80	3.10	3.40	3.48	3.56	3.64	3.72	3.80					
05426350	0820	20130820	20150820	3	2.93	1.03	1.80	3.80						1.80	2.08	2.36	2.64	2.92	3.20	3.32	3.44	3.56	3.68	3.80					
05426350	0821	20130821	20150821	3	2.97	0.97	1.90	3.80						1.90	2.16	2.42	2.68	2.94	3.20	3.32	3.44	3.56	3.68	3.80					
05426350	0822	20130822	20150822	3	3.00	1.05	1.90	4.00						1.90	2.14	2.38	2.62	2.86	3.10	3.28	3.46	3.64	3.82	4.00					
05426350	0823	20130823	20150823	3	2.97	1.01	1.90	3.90						1.90	2.14	2.38	2.62	2.86	3.10	3.26	3.42	3.58	3.74	3.90					
05426350	0824	20130824	20150824	3	2.93	0.96	1.90	3.80						1.90	2.14	2.38	2.62	2.86	3.10	3.24	3.38	3.52	3.66	3.80					
05426350	0825	20130825	20150825	3	2.93	0.96	1.90	3.80						1.90	2.14	2.38	2.62	2.86	3.10	3.24	3.38	3.52	3.66	3.80					
05426350	0826	20130826	20150826	3	2.93	0.96	1.90	3.80						1.90	2.14	2.38	2.62	2.86	3.10	3.24	3.38	3.52	3.66	3.80					
05426350	0827	20130827	20150827	3	2.90	0.95	1.90	3.80						1.90	2.12	2.34	2.56	2.78	3.00	3.16	3.32	3.48	3.64	3.80					
05426350	0828	20130828	20150828	3	2.93	0.90	2.00	3.80						2.00	2.20	2.40	2.60	2.80	3.00	3.16	3.32	3.48	3.64	3.80					
05426350	0829	20130829	20150829	3	3.00	0.80	2.20	3.80						2.20	2.36	2.52	2.68	2.84	3.00	3.16	3.32	3.48	3.64	3.80					
05426350	0830	20130830	20150830	3	3.03	0.90	2.10	3.90						2.10	2.30	2.50	2.70	2.90	3.10	3.26	3.42	3.58	3.74	3.90					
05426350	0831	20130831	20150831	3	3.00	0.85	2.10	3.80						2.10	2.30	2.50	2.70	2.90	3.10	3.24	3.38	3.52	3.66	3.80					
05426350	0901	20130901	20150901	3	3.00	0.85	2.10	3.80						2.10	2.30	2.50	2.70	2.90	3.10	3.24	3.38	3.52	3.66	3.80					
05426350	0902	20130902	20150902	3	2.93	0.90	2.00	3.80						2.00	2.20	2.40	2.60	2.80	3.00	3.16	3.32	3.48	3.64	3.80					
05426350	0903	20130903	20150903	3	2.90	0.90	2.00	3.80						2.00	2.18	2.36	2.54	2.72	2.90	3.08	3.26	3.44	3.62	3.80					
05426350	0904	20130904	20150904	3	2.93	0.90	2.00	3.80						2.00	2.20	2.40	2.60	2.80	3.00	3.16	3.32	3.48	3.64	3.80					
05426350	0905	20130905	20150905	3	2.93	0.90	2.00	3.80						2.00	2.20	2.40	2.60	2.80	3.00	3.16	3.32	3.48	3.64	3.80					
05426350	0906	20130906	20150906	3	2.90	0.90	2.00	3.80						2.00	2.18	2.36	2.54	2.72	2.90	3.08	3.26	3.44	3.62	3.80					
05426350	0907	20130907	20150907	3	2.90	0.90	2.00	3.80						2.00	2.18	2.36	2.54	2.72	2.90	3.08	3.26	3.44	3.62	3.80					
05426350	0908	20130908	20150908	3	2.93	0.85	2.10	3.80						2.10	2.26	2.42	2.58	2.74	2.90	3.08	3.26	3.44	3.62	3.80					
05426350	0909	20130909	20150909	3	2.90	0.90	2.00	3.80						2.00	2.18	2.36	2.54	2.72	2.90	3.08	3.26	3.44	3.62	3.80					
05426350	0910	20130910	20150910	3	2.93	0.90	2.00	3.80						2.00	2.20	2.40	2.60	2.80	3.00	3.16	3.32	3.48	3.64	3.80					
05426350	0911	20130911	20150911	3	2.90	0.90	2.00	3.80						2.00	2.18	2.36	2.54	2.72	2.90	3.08	3.26	3.44	3.62	3.80					
05426350	0912	20130912	20150912	3	2.87	0.95	1.90	3.80						1.90	2.10	2.30	2.50	2.70	2.90	3.08	3.26	3.44	3.62	3.80					
05426350	0913	20130913	20150913	3	2.83	0.90	1.90	3.70						1.90	2.10	2.30	2.50	2.70	2.90	3.06	3.22	3.38	3.54	3.70					
05426350	0914	20130914	20150914	3	2.83	0.90	1.90	3.70						1.90	2.10	2.30	2.50	2.70	2.90	3.06	3.22	3.38	3.54	3.70					
05426350	0915	20130915	20150915	3	2.87	0.95	1.90	3.80						1.90	2.10	2.30	2.50	2.70	2.90	3.08	3.26	3.44	3.62	3.80					
05426350	0916	20130916	20150916	3	2.80	0.90	1.90	3.70						1.90	2.08	2.26	2.44	2.62	2.80	2.98	3.16	3.34	3.52	3.70					
05426350	0917	20130917	20150917	3	2.87	0.80	2.10	3.70						2.10	2.24	2.38	2.52	2.66	2.80	2.98	3.16	3.34	3.52	3.70					
05426350	0918	20130918	20150918	3	3.03	0.71	2.40	3.80						2.40	2.50	2.60	2.70	2.80	2.90	3.08	3.26	3.44	3.62	3.80					
05426350	0919	20130919	20150919	3	2.97	0.80	2.20	3.80						2.20	2.34	2.48	2.62	2.76	2.90	3.08	3.26	3.44	3.62	3.80					
05426350	0920	20130920	20150920	3	2.90	0.90	2.00	3.80						2.00	2.18	2.36	2.54	2.72	2.90	3.08	3.26	3.44	3.62	3.80					
05426350	0921	20130921	20150921	3	2.80	0.90	1.90	3.70						1.90	2.08	2.26	2.44	2.62	2.80	2.98	3.16	3.34	3.52	3.70					
05426350	0922	20130922	20150922	3	2.80	0.85	2.00	3.70						2.00	2.14	2.28	2.42	2.56	2.70	2.90	3.10	3.30	3.50	3.70					
05426350	0923	20130923	20150923	3	2.77	0.90	1.90	3.70						1.90	2.06	2.22	2.38	2.54	2.70	2.90	3.10	3.30	3.50	3.70					
05426350	0924	20130924	20150924	3	2.77	0.90	1.90	3.70						1.90	2.06	2.22	2.38	2.54	2.70	2.90	3.10	3.30	3.50	3.70					
05426350	0925	20130925	20150925	3	2.77	0.90	1.90	3.70						1.90	2.06	2.22	2.38	2.54	2.70	2.90	3.10	3.30	3.50	3.70					
05426350	0926	20130926	20150926	3	2.77	0.90	1.90	3.70						1.90	2.06	2.22	2.38	2.54	2.70	2.90	3.10	3.30	3.50	3.70					
05426350	0927	20130927	20150927	3	2.77	0.90	1.90	3.70						1.90	2.06	2.22	2.38	2.54	2.70	2.90	3.10	3.30	3.50	3.70					
05426350	0928	20130928	20150928	3	2.77	0.90	1.90	3.70						1.90	2.06	2.22	2.38	2.54	2.70	2.90	3.10	3.30	3.50	3.70					
05426350	0929	20130929	20150929	3	2.83	0.81	2.10	3.70						2.10	2.22	2.34	2.46	2.58	2.70	2.90	3.10	3.30	3.50	3.70					
05426350	0930	20130930	20150930	3	2.77	0.90	1.90	3.70						1.90	2.06	2.22	2.38	2.54	2.70	2.90	3.10	3.30	3.50	3.70					
05426350	1001	20131001	20151001	3	2.77	0.90	1.90	3.70						1.90	2.06	2.22	2.38	2.54	2.70	2.90	3.10	3.30	3.50	3.70					
05426350	1002	20131002	20151002	3	2.77	0.90	1.90	3.70						1.90	2.06	2.22	2.38	2.54	2.70	2.90	3.10	3.30	3.50	3.70					
05426350	1003	20131003	20151003	3	2.87	1.00	1.90	3.90						1.90	2.08	2.26	2.44	2.62	2.80	3.02	3.24	3.46	3.68	3.90					
05426350	1004	20131004	20151004	3	2.80	1.01	1.90	3.90						1.90	2.04	2.18	2.32	2.46	2.60	2.86	3.12	3.38	3.64	3.90					
05426350	1005	20131005	20151005	3	2.80	1.01	1.90	3.90						1.90	2.04	2.18	2.32	2.46	2.60	2.86	3.12	3.38	3.64	3.90					
05426350	1006	20131006	20151006	3	2.80	1.01	1.90	3.90						1.90	2.04	2.18	2.32	2.46	2.60	2.86	3.12	3.38	3.64	3.90					
05426350	1007	20131007	20151007	3	2.77	0.96	1.90	3.80						1.90	2.04	2.18	2.32	2.46	2.60	2.84	3.08	3.32	3.56	3.80					
05426350	1008	20131008	20151008	3	2.77	0.96	1.90	3.80						1.90	2.04	2.18	2.32	2.46	2.60	2.84	3.08	3.32	3.56	3.80					
05426350	1009	20131009	20151009	3	2.77	0.96	1.90	3.80						1.90	2.04	2.18	2.32	2.46	2.60	2.84	3.08	3.32	3.56	3.80					
05426350	1010	20131010	20151010	3	2.77	0.96	1.90	3.80						1.90	2.04	2.18	2.32	2.46	2.60	2.84	3.08	3.32	3.56	3.80					
05426350	1011	20131011	20151011	3	2.77	0.96	1.90	3.80						1.90	2.04	2.18	2.32	2.46	2.60	2.84	3.08	3.32	3.56	3.80					
05426350	1012	20131012	20151012	3	2.73	0.91	1.90	3.70						1.90	2.04	2.18	2.32	2.46	2.60	2.82	3.04	3.26	3.48	3.70					
05426350	1013	20131013	20151013	3	2.77	0.90	1.90	3.70						1.90	2.06	2.22	2.38	2.54	2.70	2.90	3.10	3.30	3.50	3.70					
05426350	1014	20131014	20151014	3	2.77	0.90	1.90	3.70						1.90	2.06	2.22	2.38	2.54	2.70	2.90	3.10	3.30	3.50	3.70					
05426350	1015	20131015	20151015	3	2.77	0.90	1.90	3.70						1.90	2.06	2.22	2.38	2.54	2.70	2.90	3.10	3.30	3.50	3.70					
05426350	1016	20131016	20151016	3	2.77	0.90	1.90	3.70						1.90	2.06	2.22	2.38	2.54	2.70	2.90	3.10	3.30	3.50	3.70					
05426350	1017	20131017	20151017	3	2.77	0.90	1.90	3.70						1.90	2.06	2.22	2.38	2.54	2.70	2.90	3.10	3.30	3.50	3.70					
05426350	1018	20131018	20151018	3	2.73	0.85	1.90	3.60						1.90	2.06	2.22	2.38	2.54	2.70	2.88	3.06	3.24	3.42	3.60					
05426350	1019	20131019	20151019	3	2.77	0.80	2.00	3.60						2.00	2.14	2.28	2.42	2.56	2.70	2.88	3.06	3.24	3.42	3.60					
05426350	1020	20131020	20151020	3	2.77	0.80	2.00	3.60						2.00	2.14	2.28	2.42	2.56	2.70	2.88	3.06	3.24	3.42	3.60					
05426350	1021	20131021	20151021	3	2.77	0.80	2.00	3.60						2.00	2.14	2.28	2.42	2.56	2.70	2.88	3.06	3.24	3.42	3.60					
05426350	1022	20131022	20151022	3	2.77	0.80	2.00	3.60						2.00	2.14	2.28	2.42	2.56	2.70	2.88	3.06	3.24	3.42	3.60					
05426350	1023	20131023	20151023	3	2.70	0.75	2.00	3.50						2.00	2.12	2.24	2.36	2.48	2.60	2.78	2.96	3.14	3.32	3.50					
05426350	1024	20131024	20151024	3	2.73	0.71	2.10	3.50						2.10	2.20	2.30	2.40	2.50	2.60	2.78	2.96	3.14	3.32	3.50					
05426350	1025	20131025	20151025	3	2.73	0.71	2.10	3.50						2.10	2.20	2.30	2.40	2.50	2.60	2.78	2.96	3.14	3.32	3.50					
05426350	1026	20131026	20151026	3	2.77	0.76	2.10	3.60						2.10	2.20	2.30	2.40	2.50	2.60	2.80	3.00	3.20	3.40	3.60					
05426350	1027	20131027	20141027	2	3.10	0.57	2.70	3.50								2.74	2.86	2.98	3.10	3.22	3.34	3.46							
05426350	1028	20131028	20141028	2	3.10	0.57	2.70	3.50								2.74	2.86	2.98	3.10	3.22	3.34	3.46							
05426350	1029	20131029	20141029	2	3.05	0.64	2.60	3.50								2.65	2.78	2.92	3.05	3.19	3.32	3.46							
05426350	1030	20131030	20141030	2	3.05	0.64	2.60	3.50								2.65	2.78	2.92	3.05	3.19	3.32	3.46							
05426350	1031	20131031	20141031	2	3.15	0.78	2.60	3.70								2.66	2.82	2.98	3.15	3.31	3.48	3.65							
05426350	1101	20131101	20141101	2	3.05	0.78	2.50	3.60								2.56	2.72	2.88	3.05	3.21	3.38	3.54							
05426350	1102	20131102	20141102	2	3.05	0.64	2.60	3.50								2.65	2.78	2.92	3.05	3.19	3.32	3.46							
05426350	1103	20131103	20141103	2	3.05	0.64	2.60	3.50								2.65	2.78	2.92	3.05	3.19	3.32	3.46							
05426350	1104	20131104	20141104	2	3.05	0.64	2.60	3.50								2.65	2.78	2.92	3.05	3.19	3.32	3.46							
05426350	1105	20131105	20141105	2	3.05	0.64	2.60	3.50								2.65	2.78	2.92	3.05	3.19	3.32	3.46							
05426350	1106	20131106	20141106	2	3.15	0.78	2.60	3.70								2.66	2.82	2.98	3.15	3.31	3.48	3.65							
05426350	1107	20131107	20141107	2	3.10	0.71	2.60	3.60								2.65	2.80	2.95	3.10	3.25	3.40	3.55							
05426350	1108	20131108	20141108	2	3.10	0.71	2.60	3.60								2.65	2.80	2.95	3.10	3.25	3.40	3.55							
05426350	1109	20131109	20141109	2	3.10	0.71	2.60	3.60								2.65	2.80	2.95	3.10	3.25	3.40	3.55							
05426350	1110	20131110	20141110	2	3.10	0.71	2.60	3.60								2.65	2.80	2.95	3.10	3.25	3.40	3.55							
05426350	1111	20131111	20141111	2	3.10	0.71	2.60	3.60								2.65	2.80	2.95	3.10	3.25	3.40	3.55							
05426350	1112	20131112	20141112	2	3.05	0.64	2.60	3.50								2.65	2.78	2.92	3.05	3.19	3.32	3.46							
05426350	1113	20131113	20141113	2	3.05	0.64	2.60	3.50								2.65	2.78	2.92	3.05	3.19	3.32	3.46							
05426350	1114	20131114	20141114	2	3.00	0.71	2.50	3.50								2.55	2.70	2.85	3.00	3.15	3.30	3.45							
05426350	1115	20131115	20141115	2	3.00	0.71	2.50	3.50								2.55	2.70	2.85	3.00	3.15	3.30	3.45							
05426350	1116	20131116	20141116	2	3.10	0.71	2.60	3.60								2.65	2.80	2.95	3.10	3.25	3.40	3.55							
05426350	1117	20131117	20141117	2	3.10	0.85	2.50	3.70								2.56	2.74	2.92	3.10	3.28	3.46	3.64							
05426350	1118	20131118	20141118	2	3.00	0.71	2.50	3.50								2.55	2.70	2.85	3.00	3.15	3.30	3.45							
05426350	1119	20131119	20141119	2	3.00	0.71	2.50	3.50								2.55	2.70	2.85	3.00	3.15	3.30	3.45							
05426350	1120	20131120	20141120	2	2.95	0.64	2.50	3.40								2.54	2.68	2.81	2.95	3.08	3.22	3.35							
05426350	1121	20131121	20141121	2	2.95	0.64	2.50	3.40								2.54	2.68	2.81	2.95	3.08	3.22	3.35							
05426350	1122	20131122	20141122	2	3.00	0.57	2.60	3.40								2.64	2.76	2.88	3.00	3.12	3.24	3.36							
05426350	1123	20131123	20141123	2	3.05	0.49	2.70	3.40								2.73	2.84	2.94	3.05	3.15	3.26	3.37							
05426350	1124	20131124	20141124	2	3.05	0.35	2.80	3.30								2.83	2.90	2.98	3.05	3.12	3.20	3.27							
05426350	1125	20131125	20141125	2	3.00	0.42	2.70	3.30								2.73	2.82	2.91	3.00	3.09	3.18	3.27							
05426350	1126	20131126	20141126	2	2.95	0.49	2.60	3.30								2.63	2.74	2.84	2.95	3.06	3.16	3.27							
05426350	1127	20131127	20141127	2	2.95	0.49	2.60	3.30								2.63	2.74	2.84	2.95	3.06	3.16	3.27							
05426350	1128	20131128	20141128	2	2.95	0.49	2.60	3.30								2.63	2.74	2.84	2.95	3.06	3.16	3.27							
05426350	1129	20131129	20141129	2	3.00	0.42	2.70	3.30								2.73	2.82	2.91	3.00	3.09	3.18	3.27							
05426350	1130	20131130	20141130	2	3.00	0.42	2.70	3.30								2.73	2.82	2.91	3.00	3.09	3.18	3.27							
05426350	1201	20131201	20141201	2	2.95	0.49	2.60	3.30								2.63	2.74	2.84	2.95	3.06	3.16	3.27							
05426350	1202	20131202	20141202	2	2.95	0.49	2.60	3.30								2.63	2.74	2.84	2.95	3.06	3.16	3.27							
05426350	1203	20131203	20141203	2	2.95	0.49	2.60	3.30								2.63	2.74	2.84	2.95	3.06	3.16	3.27							
05426350	1204	20131204	20141204	2	2.95	0.49	2.60	3.30								2.63	2.74	2.84	2.95	3.06	3.16	3.27							
05426350	1205	20131205	20141205	2	2.95	0.49	2.60	3.30								2.63	2.74	2.84	2.95	3.06	3.16	3.27							
05426350	1206	20131206	20141206	2	2.95	0.35	2.70	3.20								2.73	2.80	2.88	2.95	3.02	3.10	3.17							
05426350	1207	20131207	20141207	2	2.95	0.35	2.70	3.20								2.73	2.80	2.88	2.95	3.02	3.10	3.17							
05426350	1208	20131208	20141208	2	2.95	0.35	2.70	3.20								2.73	2.80	2.88	2.95	3.02	3.10	3.17							
05426350	1209	20131209	20141209	2	2.95	0.35	2.70	3.20								2.73	2.80	2.88	2.95	3.02	3.10	3.17							
05426350	1210	20131210	20141210	2	2.95	0.35	2.70	3.20								2.73	2.80	2.88	2.95	3.02	3.10	3.17							
05426350	1211	20131211	20141211	2	2.95	0.35	2.70	3.20								2.73	2.80	2.88	2.95	3.02	3.10	3.17							
05426350	1212	20131212	20141212	2	2.95	0.35	2.70	3.20								2.73	2.80	2.88	2.95	3.02	3.10	3.17							
05426350	1213	20131213	20141213	2	2.95	0.35	2.70	3.20								2.73	2.80	2.88	2.95	3.02	3.10	3.17							
05426350	1214	20131214	20141214	2	3.00	0.28	2.80	3.20								2.82	2.88	2.94	3.00	3.06	3.12	3.18							
05426350	1215	20131215	20141215	2	3.00	0.28	2.80	3.20								2.82	2.88	2.94	3.00	3.06	3.12	3.18							
05426350	1216	20131216	20141216	2	2.95	0.21	2.80	3.10								2.81	2.86	2.91	2.95	3.00	3.04	3.08							
05426350	1217	20131217	20141217	2	2.90	0.28	2.70	3.10								2.72	2.78	2.84	2.90	2.96	3.02	3.08							
05426350	1218	20131218	20141218	2	2.95	0.21	2.80	3.10								2.81	2.86	2.91	2.95	3.00	3.04	3.08							
05426350	1219	20131219	20141219	2	3.00	0.28	2.80	3.20								2.82	2.88	2.94	3.00	3.06	3.12	3.18							
05426350	1220	20131220	20141220	2	3.00	0.28	2.80	3.20								2.82	2.88	2.94	3.00	3.06	3.12	3.18							
05426350	1221	20131221	20141221	2	3.00	0.28	2.80	3.20								2.82	2.88	2.94	3.00	3.06	3.12	3.18							
05426350	1222	20131222	20141222	2	3.00	0.28	2.80	3.20								2.82	2.88	2.94	3.00	3.06	3.12	3.18							
05426350	1223	20131223	20141223	2	3.05	0.21	2.90	3.20								2.92	2.96	3.00	3.05	3.10	3.14	3.19							
05426350	1224	20131224	20141224	2	3.00	0.28	2.80	3.20								2.82	2.88	2.94	3.00	3.06	3.12	3.18							
05426350	1225	20131225	20141225	2	2.95	0.21	2.80	3.10								2.81	2.86	2.91	2.95	3.00	3.04	3.08							
05426350	1226	20131226	20141226	2	2.95	0.21	2.80	3.10								2.81	2.86	2.91	2.95	3.00	3.04	3.08							
05426350	1227	20131227	20141227	2	2.95	0.21	2.80	3.10								2.81	2.86	2.91	2.95	3.00	3.04	3.08							
05426350	1228	20131228	20141228	2	2.95	0.21	2.80	3.10								2.81	2.86	2.91	2.95	3.00	3.04	3.08							
05426350	1229	20131229	20141229	2	2.95	0.21	2.80	3.10								2.81	2.86	2.91	2.95	3.00	3.04	3.08							
05426350	1230	20131230	20141230	2	2.95	0.21	2.80	3.10								2.81	2.86	2.91	2.95	3.00	3.04	3.08							
05426350	1231	20131231	20141231	2	2.95	0.21	2.80	3.10								2.81	2.86	2.91	2.95	3.00	3.04	3.08							
