site_no	monthday	begin_dt	end_dt	count_nu	mean	std	min	max	p01	p05	p10	p15	p20	p25	p30	p35	p40	p45	p50	p55	p60	p65	p70	p75	p80	p85	p90	p95	p99
05454220	ALL	19941001	20151018	7688	51.62	130.09	0.06	4440.00	0.73	1.40	2.40	3.60	5.80	7.80	10.00	12.00	15.00	18.00	21.00	26.00	31.00	36.00	44.00	52.00	63.20	80.00	106.00	174.00	521.55
05454220	0101	19950101	20150101	21	24.54	26.56	1.30	89.00		1.47	3.02	3.61	4.84	5.70	6.80	8.96	9.96	11.80	14.00	17.10	19.00	23.60	25.00	29.50	49.00	68.10	76.00	87.80	
05454220	0102	19950102	20150102	21	23.95	21.51	0.86	68.00		1.04	2.86	4.10	5.58	7.30	9.14	9.44	9.90	12.70	15.00	20.40	24.20	25.90	29.60	41.00	51.80	54.40	62.20	67.60	
05454220	0103	19950103	20150103	21	23.28	19.18	1.10	64.00		1.26	2.80	3.56	5.16	7.25	9.28	11.40	12.00	15.60	21.00	21.00	21.40	26.00	35.40	39.50	41.20	46.20	58.40	63.70	
05454220	0104	19950104	20150104	21	21.99	17.34	2.10	61.00		2.18	3.08	3.80	5.24	7.55	11.48	14.00	14.00	14.90	17.00	20.10	22.00	26.00	27.60	31.50	36.60	43.90	55.60	60.70	
05454220	0105	19950105	20150105	21	20.87	18.67	1.90	70.00		1.96	2.64	3.38	4.56	6.45	9.48	12.40	13.80	15.80	16.00	16.30	19.40	21.60	23.00	26.00	31.40	47.00	56.20	68.70	
05454220	0106	19950106	20150106	21	25.03	28.96	1.10	108.00		1.22	2.38	2.94	3.70	5.50	10.60	13.00	13.80	14.00	15.00	16.40	20.20	21.30	23.60	26.50	39.00	51.20	87.40	106.80	
05454220	0107	19950107	20150107	21	31.11	58.66	0.84	273.00		0.99	2.32	2.49	2.94	5.65	8.42	11.01	12.80	13.90	14.00	16.20	18.40	20.00	20.80	24.50	37.80	47.80	75.40	253.90	
05454220	0108	19950108	20150108	21	28.18	48.29	0.48	225.00		0.68	2.52	2.78	3.40	6.45	9.68	11.40	12.00	12.90	13.00	14.20	16.40	18.90	23.40	28.00	38.00	44.00	66.40	209.70	
05454220	0109	19950109	20150109	21	23.75	34.94	0.48	161.00		0.67	2.60	3.40	3.56	5.75	7.76	8.50	9.76	10.90	14.00	16.00	16.20	17.60	21.00	28.00	36.80	40.00	56.80	151.00	
05454220	0110	19950110	20150110	21	20.92	26.29	2.30	119.00		2.32	2.56	2.89	3.38	4.20	4.90	7.97	11.44	13.80	14.00	15.00	15.00	16.50	20.40	26.50	35.00	43.30	46.00	111.70	
05454220	0111	19950111	20150111	21	20.98	22.16	2.30	97.00		2.35	3.04	4.03	4.70	5.70	5.86	10.17	12.80	13.90	15.00	15.30	18.20	19.30	22.00	28.00	35.20	38.70	51.00	92.70	
05454220	0112	19950112	20150112	21	20.95	19.40	2.30	80.00		2.32	2.64	3.86	6.24	7.50	7.56	7.88	10.40	14.60	16.00	16.40	20.20	21.00	25.00	33.00	36.20	40.50	49.20	77.10	
05454220	0113	19950113	20150113	21	19.47	17.85	2.40	71.00		2.44	2.80	2.95	4.02	5.75	7.24	7.94	8.96	12.62	15.00	18.10	19.20	20.00	23.60	30.50	33.20	38.90	47.40	68.80	
05454220	0114	19950114	20150114	21	17.88	15.62	2.60	63.00		2.60	2.62	2.85	3.56	5.10	7.06	7.84	9.26	13.56	14.00	18.10	19.60	22.30	23.40	24.50	25.00	32.70	44.00	61.30	
05454220	0115	19950115	20150115	21	16.64	14.04	2.60	51.00		2.60	2.66	2.93	4.04	5.95	6.96	8.52	10.60	11.90	12.00	13.40	17.20	18.00	18.80	21.50	28.40	37.60	42.40	50.20	
05454220	0116	19950116	20150116	21	17.86	16.31	3.00	69.00		3.02	3.26	3.53	4.56	6.70	7.52	9.14	10.76	11.90	14.00	14.00	14.20	16.80	22.20	25.50	27.60	36.40	41.60	66.30	
05454220	0117	19950117	20150117	21	18.42	13.64	2.30	45.00		2.37	3.04	3.29	4.02	6.25	8.06	9.49	11.60	16.50	17.00	17.10	18.60	21.60	23.40	29.00	35.80	37.70	40.40	44.60	
05454220	0118	19950118	20150118	21	18.31	12.68	2.40	43.00		2.49	3.32	3.79	5.30	6.60	7.24	8.66	13.04	14.00	16.00	20.10	21.20	24.10	29.00	29.50	30.00	32.80	38.00	42.60	
05454220	0119	19950119	20150119	21	16.57	11.17	2.30	38.00		2.43	3.62	4.18	5.42	5.70	6.94	9.31	11.60	13.80	15.00	16.20	18.80	22.00	22.40	25.50	28.60	29.70	35.60	37.90	
05454220	0120	19950120	20150120	21	15.72	10.88	0.18	36.00		0.50	3.52	4.03	4.42	5.95	7.36	9.98	11.00	11.90	13.00	14.40	18.00	19.50	23.40	25.00	26.60	31.20	33.00	35.70	
05454220	0121	19950121	20150121	21	16.62	11.87	0.06	40.00		0.37	3.46	4.50	4.74	5.50	7.64	10.34	11.00	11.90	13.00	16.10	17.80	22.20	25.00	25.50	27.80	32.50	36.40	39.70	
05454220	0122	19950122	20150122	21	18.70	15.41	0.19	60.00		0.49	3.32	4.16	5.20	6.75	9.20	10.70	11.80	13.80	16.00	16.20	18.20	19.90	22.40	25.50	30.40	35.50	46.60	58.90	
05454220	0123	19950123	20150123	21	22.29	25.30	0.08	95.00		0.32	2.62	3.37	4.32	5.15	5.68	8.32	13.08	14.90	15.00	16.20	18.20	20.80	25.80	27.00	30.60	40.00	77.40	94.10	
05454220	0124	19950124	20150124	21	36.61	88.45	0.59	414.00		0.73	2.22	3.25	3.76	4.25	5.40	7.47	12.02	13.90	16.00	16.10	17.20	19.20	22.80	24.50	31.60	36.70	75.40	381.10	
05454220	0125	19950125	20150125	21	26.83	51.03	1.30	241.00		1.36	2.10	3.32	4.42	5.25	6.02	6.31	10.08	12.80	14.00	16.20	18.20	19.30	20.40	22.00	32.60	39.70	52.00	222.40	
05454220	0126	19950126	20150126	21	21.41	24.87	1.80	115.00		1.86	2.42	2.98	4.18	4.95	8.24	10.70	12.60	13.90	16.00	16.30	19.20	20.00	22.00	26.50	32.80	38.10	45.40	108.20	
05454220	0127	19950127	20150127	21	20.37	21.33	1.20	93.00		1.25	1.96	3.36	4.32	4.85	8.68	11.70	12.00	12.90	17.00	17.10	18.00	18.00	19.60	23.50	34.00	42.10	47.80	88.60	
05454220	0128	19950128	20150128	21	21.01	19.66	1.10	79.00		1.17	2.28	4.35	5.26	6.20	8.52	10.70	13.40	15.80	17.00	19.10	20.00	20.00	21.20	23.50	34.20	45.90	53.60	76.60	
05454220	0129	19950129	20150129	21	26.85	34.95	0.95	161.00		1.04	2.34	4.13	5.16	7.05	8.82	12.01	13.80	14.90	21.00	21.10	22.20	23.00	24.20	29.50	39.00	44.40	64.20	151.80	
05454220	0130	19950130	20150130	21	25.47	25.60	0.57	95.00		0.72	2.42	3.94	5.42	7.00	8.28	11.10	12.00	13.80	17.00	20.00	20.80	24.60	28.00	35.00	51.60	62.80	66.40	92.20	
05454220	0131	19950131	20150131	21	21.56	18.35	0.75	62.00		0.86	2.20	3.79	5.50	7.35	8.84	11.92	13.80	14.00	16.00	17.10	18.40	21.50	29.00	35.00	39.20	47.60	55.60	61.50	
05454220	0201	19950201	20150201	21	21.08	16.16	0.57	61.00		0.70	2.22	3.89	6.48	9.50	10.00	11.40	13.60	15.80	17.00	18.00	20.00	28.00	30.00	33.50	35.20	40.90	44.60	59.40	
05454220	0202	19950202	20150202	21	23.44	24.34	0.32	102.00		0.49	2.32	3.87	6.26	9.45	10.00	10.70	11.80	12.90	17.00	17.20	19.20	21.20	24.40	31.50	38.60	51.60	58.60	97.70	
05454220	0203	19950203	20150203	21	23.39	25.37	0.15	109.00		0.35	2.46	3.68	5.70	8.20	8.78	9.52	9.94	11.80	16.00	18.30	21.00	21.60	25.00	32.00	39.60	49.70	56.20	103.80	
05454220	0204	19950204	20150204	21	28.73	41.87	0.15	173.00		0.40	2.76	3.73	5.54	7.10	8.00	9.30	9.60	9.69	10.00	14.40	18.20	19.90	26.00	34.00	43.80	53.20	101.40	167.00	
05454220	0205	19950205	20150205	21	26.35	36.14	0.48	151.00		0.68	2.76	4.40	5.88	6.30	7.26	7.98	9.14	10.84	11.00	12.20	14.40	19.60	28.00	31.00	40.00	60.10	83.00	144.60	
05454220	0206	19950206	20150206	21	25.91	27.87	0.41	115.00		0.62	2.88	4.97	6.90	7.85	8.20	8.47	9.54	12.68	14.00	16.00	25.20	26.90	30.20	38.50	48.60	55.90	63.60	110.00	
05454220	0207	19950207	20150207	21	42.56	61.29	0.25	234.00		0.48	3.24	6.04	6.68	7.75	9.48	10.00	10.80	11.90	13.00	22.20	25.60	33.50	39.80	49.00	58.20	108.60	161.80	227.60	
05454220	0208	19950208	20150208	21	47.05	76.61	0.39	310.00		0.63	3.52	6.79	7.86	8.35	10.04	11.70	12.00	12.90	17.00	23.00	33.00	37.90	40.80	47.50	57.80	68.00	191.00	301.10	
05454220	0209	19950209	20150209	21	53.99	89.86	0.77	350.00		1.03	3.90	5.93	6.44	7.90	9.48	12.80	14.80	15.00	18.00	30.20	32.60	36.80	41.40	48.00	63.00	94.90	238.00	342.10	
05454220	0210	19950210	20150210	21	60.48	94.13	1.40	362.00		1.64	3.94	4.83	6.16	7.40	9.72	12.40	17.00	18.90	20.00	26.80	34.80	39.80	44.80	53.50	84.40	184.00	226.40	348.60	
05454220	0211	19950211	20150211	21	54.57	85.03	1.30	377.00		1.52	3.52	4.14	6.12	8.60	10.60	11.70	13.60	17.60	23.00	29.50	34.80	42.50	55.40	59.50	94.80	125.70	137.80	353.30	
05454220	0212	19950212	20150212	21	37.35	38.43	0.90	116.00		1.09	2.92	3.88	5.92	8.65	10.00	10.70	11.80	15.60	19.00	27.00	36.80	40.90	43.80	64.50	87.60	92.80	109.20	115.70	
05454220	0213	19950213	20150213	21	36.45	41.35	0.97	181.00		1.11	2.64	4.35	6.54	8.20	10.28	11.70	15.20	18.70	24.00	30.50	35.00	35.00	42.60	61.00	68.00	72.20	74.00	170.30	
05454220	0214	19950214	20150214	21	33.85	40.47	1.10	186.00		1.20	2.48	5.05	7.74	9.05	10.60	11.70	17.60	22.60	23.00	24.50	29.60	33.20	36.00	47.50	60.80	62.00	63.60	173.80	
05454220	0215	19950215	20150215	21	29.56	28.97	0.97	114.00		1.11	2.68	4.85	7.46	8.65	9.84	11.40	13.60	14.90	20.00	21.40	25.60	30.70	42.20	51.00	54.40	57.40	73.20	110.30	
05454220	0216	19950216	20150216	21	37.48	60.87	1.10	286.00		1.34	3.52	4.47	6.74	8.20	9.72	10.70	11.80	14.70	20.00	23.40	28.80	36.60	38.80	42.50	49.80	55.10	78.40	265.80	
05454220	0217	19950217	20150217	21	47.51	112.32	1.60	530.00		1.76	3.54	4.93	5.84	8.55	10.00	10.70	11.00	11.90	13.00	18.60	26.40	36.60	38.80	44.00	48.00	55.70	66.20	483.80	
05454220	0218	19950218	20150218	21	31.94	43.27	1.10	196.00		1.31	3.22	3.45	5.64	9.20	10.00	11.40	12.00	12.00	14.00	15.20	20.80	36.30	39.80	44.50	52.20	57.70	72.40	184.00	
05454220	0219	19950219	20150219	21	28.18	20.71	2.60	80.00		2.64	3.02	5.17	10.80	13.00	14.00	15.40	16.00	16.00	27.00	30.40	34.00	34.60	36.80	40.50	48.40	52.00	57.60	77.90	
05454220	0220	19950220	20150220	21	58.85	71.40	2.20	269.00		2.25	4.96	14.90	17.00	17.00	18.80	20.70	26.60	34.30	36.00	40.00	40.80	44.30	47.00	51.00	80.80	157.40	199.60	262.50	
05454220	0221	19950221	20150221	21	153.69	394.57	2.30	1810.00		2.41	4.66	11.89	17.80	19.50	22.40	28.90	32.60	34.80	35.00	37.20	39.80	44.20	47.00	59.50	123.00	258.50	415.60	1673.40	
05454220	0222	19950222	20150222	21	75.05	107.77	4.50	441.00		4.60	7.40	15.60	17.00	18.50	21.80	24.40	29.00	31.80	36.00	37.10	38.20	39.90	43.20	58.00	144.20	197.90	236.00	421.40	
05454220	0223	19950223	20150223	21	43.30	35.75	5.30	134.00		5.77	10.20	12.80	17.00	18.50	22.40	25.40	26.80	30.60	32.00	37.20	39.20	40.00	42.00	48.50	75.40	91.00	114.20	132.60	
05454220	0224	19950224	20150224	21	39.80	26.70	7.90	100.00		8.41	13.40	15.30	16.00	17.50	19.60	24.20	26.80	28.80	35.00	37.20	40.20	45.00	45.80	51.50	63.20	76.40	92.00	99.50	
05454220	0225	19950225	20150225	21	99.67	292.16	7.30	1370.00		7.55	10.24	12.90	16.20	19.00	21.20	22.70	23.80	32.10	35.00	35.30	38.60	42.50	46.80	48.50	53.20	66.50	110.20	1245.00	
05454220	0226	19950226	20150226	21	56.05	75.42	6.70	316.00		6.87	8.92	11.30	12.80	16.00	18.00	20.80	24.40	27.70	34.00	35.10	37.40	43.30	46.40	51.50	53.60	131.70	180.20	302.80	
05454220	0227	19950227	20150227	21	51.04	57.67	4.10	226.00		4.36	7.36	10.60	12.80	15.50	18.80	21.40	26.00	27.00	29.00	32.40	36.20	40.60	51.80	63.00	83.20	100.40	165.60	221.50	
05454220	0228	19950228	20150228	21	36.35	29.97	7.80	117.00		7.87	9.20	12.00	12.40	13.00	13.60	16.10	25.00	27.90	29.00	32.10	33.00	33.60	39.00	46.50	55.20	77.50	92.20	114.70	
05454220	0229	19960229	20120229	5	31.26	20.43	8.30	58.00					9.84	12.15	14.46	17.30	21.20	25.10	29.00	33.80	38.60	43.40	47.60	51.50	55.40				
05454220	0301	19950301	20150301	21	56.22	90.32	8.30	422.00		8.41	9.52	10.00	10.40	11.50	13.80	15.70	28.00	31.90	32.00	34.00	34.80	41.30	49.80	51.50	67.00	84.70	136.80	394.70	
05454220	0302	19950302	20150302	21	45.03	57.71	6.50	272.00		6.61	7.74	8.60	9.58	11.00	12.60	13.00	17.00	24.30	32.00	35.30	39.80	47.30	49.60	59.00	69.00	77.30	81.60	253.00	
05454220	0303	19950303	20150303	21	64.90	149.58	3.80	705.00		4.05	6.46	7.52	8.74	10.05	11.60	15.50	18.60	21.70	29.00	33.20	35.40	38.20	43.00	48.00	60.80	74.30	116.20	647.10	
05454220	0304	19950304	20150304	21	53.55	98.21	4.10	453.00		4.32	6.48	7.32	7.88	8.65	9.60	10.70	12.60	23.80	27.00	31.00	40.40	42.00	42.80	45.50	57.80	68.50	144.40	424.00	
05454220	0305	19950305	20150305	21	71.50	147.71	1.80	661.00		2.25	6.34	7.55	10.00	10.50	11.60	12.70	14.60	15.90	28.00	28.10	31.20	41.80	46.40	53.50	64.20	104.80	242.60	622.20	
05454220	0306	19950306	20150306	21	44.55	56.34	2.30	215.00		2.63	5.72	6.86	9.04	10.50	11.60	12.00	15.20	18.70	24.00	28.20	32.20	41.30	42.80	51.00	73.60	87.50	160.20	211.30	
05454220	0307	19950307	20150307	21	55.68	64.14	2.80	253.00		3.05	5.66	7.67	9.00	10.50	12.60	13.70	16.40	22.40	29.00	39.00	40.20	48.00	68.60	101.50	119.40	127.20	139.40	241.90	
05454220	0308	19950308	20150308	21	177.30	474.30	5.20	2190.00		5.33	6.80	8.18	11.16	17.50	23.60	26.00	29.20	34.50	35.00	47.30	53.20	68.40	79.20	90.50	102.40	290.70	412.20	2013.30	
05454220	0309	19950309	20150309	21	201.23	227.39	5.00	701.00		5.12	6.48	7.72	14.80	36.50	52.80	59.50	63.40	78.40	82.00	97.20	163.20	215.10	283.40	363.00	389.20	525.50	668.20	699.90	
05454220	0310	19950310	20150310	21	295.63	536.14	5.00	2110.00		5.11	6.72	10.94	19.40	36.00	47.80	50.40	51.00	59.10	69.00	83.50	110.00	127.20	159.20	233.00	382.40	943.60	1182.00	2018.00	
05454220	0311	19950311	20150311	21	147.01	198.34	5.00	687.00		5.32	8.96	16.20	30.40	37.50	41.60	44.70	45.80	59.50	67.00	68.80	80.40	98.90	132.20	180.00	191.20	438.10	563.40	675.20	
05454220	0312	19950312	20150312	21	94.33	99.73	5.00	353.00		6.00	15.00	18.00	25.40	28.50	31.00	33.80	36.60	46.00	61.00	65.50	70.20	81.50	108.80	115.50	164.80	238.70	294.60	348.10	
05454220	0313	19950313	20150313	21	105.99	173.81	4.80	799.00		6.32	20.60	23.60	26.60	30.00	32.80	36.10	41.00	51.90	53.00	58.30	61.80	65.30	76.40	95.50	100.80	191.60	287.60	749.30	
05454220	0314	19950314	20150314	21	99.18	180.98	4.80	850.00		6.12	18.40	20.90	24.60	27.00	27.60	33.60	39.20	42.70	47.00	53.30	57.00	61.30	68.40	79.00	97.40	154.50	231.60	789.60	
05454220	0315	19950315	20150315	21	95.38	156.18	5.00	662.00		6.10	16.20	18.50	23.20	25.00	25.00	34.10	38.80	43.50	45.00	52.40	56.00	56.90	59.40	66.00	82.80	157.90	363.80	636.60	
05454220	0316	19950316	20150316	21	76.05	106.20	5.00	405.00		5.80	13.80	18.50	22.00	23.00	28.20	31.00	35.00	40.50	41.00	42.80	51.00	55.00	55.80	62.00	70.00	129.40	316.40	400.20	
05454220	0317	19950317	20150317	21	59.33	61.36	5.00	251.00		5.70	12.80	17.20	20.40	21.00	21.00	21.70	26.80	34.30	38.00	41.40	45.80	52.00	61.40	67.00	106.20	134.50	156.00	242.00	
05454220	0318	19950318	20150318	21	63.10	77.85	5.20	350.00		5.68	11.00	15.90	18.40	19.00	20.20	21.70	25.20	31.40	33.00	34.40	38.60	47.00	73.00	98.00	112.80	119.40	141.60	329.70	
05454220	0319	19950319	20150319	21	64.71	87.42	7.00	393.00		7.19	10.12	15.60	17.40	18.00	19.80	21.00	21.00	21.90	32.00	32.30	35.60	43.70	68.20	95.00	120.60	133.10	145.20	368.50	
05454220	0320	19950320	20150320	21	63.26	74.33	7.00	304.00		7.14	9.32	14.20	17.40	18.00	19.20	20.70	21.80	28.30	31.00	33.90	44.40	59.70	77.00	92.00	106.40	111.40	192.00	294.80	
05454220	0321	19950321	20150321	21	59.45	70.03	6.50	253.00		6.65	9.20	14.60	16.40	17.50	18.60	19.00	21.40	26.50	29.00	45.20	48.20	53.60	59.00	74.50	92.40	100.80	221.20	252.80	
05454220	0322	19950322	20150322	21	51.69	55.55	6.00	222.00		6.25	9.60	14.00	14.40	15.50	17.20	18.70	19.80	22.70	27.00	42.80	50.20	51.30	54.40	66.50	83.40	91.10	157.60	217.20	
05454220	0323	19950323	20150323	21	50.23	46.49	6.00	184.00		6.32	9.28	10.62	13.40	15.00	16.60	19.10	20.80	21.00	28.00	51.00	51.60	58.50	74.20	82.50	83.60	87.50	124.20	178.90	
05454220	0324	19950324	20150324	21	45.23	36.53	6.00	124.00		6.38	10.04	11.60	14.20	16.00	16.00	18.10	19.00	19.90	27.00	48.20	51.20	57.50	65.80	74.00	77.40	92.30	110.00	122.90	
05454220	0325	19950325	20150325	21	44.74	33.21	6.00	111.00		6.26	9.28	12.90	15.40	16.50	17.60	20.10	24.20	27.70	31.00	45.10	47.40	56.00	65.00	72.00	80.20	93.50	98.80	109.80	
05454220	0326	19950326	20150326	21	42.78	32.19	6.00	104.00		6.23	8.84	11.30	12.80	15.00	17.20	19.40	24.00	26.80	30.00	42.20	44.60	50.00	63.40	73.00	79.60	84.00	99.20	103.90	
05454220	0327	19950327	20150327	21	40.64	28.95	5.50	102.00		5.95	10.40	12.00	13.20	16.00	17.00	21.20	23.80	27.60	34.00	41.10	42.20	45.70	57.20	67.50	70.60	74.50	90.40	101.20	
05454220	0328	19950328	20150328	21	39.31	27.47	5.50	99.00		6.05	11.20	12.00	14.40	18.00	18.00	20.80	25.20	26.90	28.00	38.10	40.00	46.10	55.00	62.50	65.20	70.90	89.00	98.40	
05454220	0329	19950329	20150329	21	36.76	25.57	5.50	89.00		5.82	8.90	9.79	12.80	17.00	17.60	21.50	23.00	24.80	26.00	36.00	36.80	44.20	55.20	58.00	60.20	68.70	82.40	88.60	
05454220	0330	19950330	20150330	21	38.62	28.07	5.50	98.00		5.77	8.24	8.85	12.34	16.00	17.20	20.80	22.00	23.80	28.00	34.40	40.00	50.70	59.00	64.50	68.20	76.70	80.00	96.20	
05454220	0331	19950331	20150331	21	65.70	121.98	5.00	579.00		5.38	8.84	9.60	12.20	15.00	19.00	21.70	22.80	28.40	30.00	32.50	38.20	46.60	60.60	70.00	80.00	90.20	120.00	533.80	
05454220	0401	19950401	20150401	21	56.60	77.53	5.00	338.00		5.34	8.58	9.45	11.08	14.50	17.80	19.70	21.60	24.70	27.00	31.50	37.20	45.00	56.80	65.50	69.40	118.60	167.00	321.60	
05454220	0402	19950402	20150402	21	45.76	48.55	6.00	207.00		6.09	7.30	8.96	10.26	14.50	17.00	19.10	20.80	24.60	28.00	35.30	39.60	47.50	53.80	60.50	63.00	93.10	119.60	198.60	
05454220	0403	19950403	20150403	21	46.47	42.30	5.50	159.00		5.84	8.92	9.12	10.44	13.50	15.60	18.10	19.00	24.40	29.00	37.50	51.60	55.50	59.40	65.00	90.40	104.00	109.60	154.20	
05454220	0404	19950404	20150404	21	44.18	40.43	5.50	143.00		5.82	8.92	9.80	10.68	13.50	15.00	17.10	18.00	23.40	30.00	34.60	49.20	50.90	54.60	61.50	75.00	90.80	127.00	142.20	
05454220	0405	19950405	20150405	21	40.14	33.98	5.50	120.00		5.72	7.82	8.36	11.10	15.00	15.00	17.10	19.60	23.60	26.00	33.50	47.40	49.60	51.80	57.50	65.00	78.90	108.80	119.50	
05454220	0406	19950406	20150406	21	46.21	41.24	5.00	145.00		5.21	7.12	7.47	10.46	14.50	16.80	18.70	19.00	22.60	25.00	32.40	46.20	56.10	71.20	83.00	92.40	98.20	108.00	141.50	
05454220	0407	19950407	20150407	21	46.16	39.85	5.50	139.00		5.66	7.34	8.33	9.84	13.50	16.20	17.70	18.00	23.40	31.00	43.40	48.00	56.50	70.60	76.00	83.20	99.90	110.60	136.30	
05454220	0408	19950408	20150408	21	47.26	37.22	6.50	121.00		6.52	6.88	7.93	10.42	15.50	18.60	22.50	28.80	30.00	40.00	44.10	45.00	49.80	69.80	86.00	89.60	97.70	108.20	119.90	
05454220	0409	19950409	20150409	21	59.04	50.50	5.90	164.00		5.91	6.22	7.31	9.08	15.00	24.40	33.60	36.80	37.00	38.00	43.50	60.20	73.30	76.00	97.50	116.00	123.70	152.60	163.50	
05454220	0410	19950410	20150410	21	71.57	89.35	5.60	376.00		5.69	6.58	7.83	11.20	15.50	23.40	31.90	34.00	34.90	40.00	52.10	53.80	59.40	67.00	84.50	105.00	143.30	218.80	361.80	
05454220	0411	19950411	20150411	21	81.39	104.28	5.20	385.00		5.38	7.20	8.60	11.60	15.00	22.00	28.80	32.40	34.80	37.00	45.30	58.00	67.70	83.00	92.50	123.60	186.20	303.60	379.30	
05454220	0412	19950412	20150412	21	75.35	73.86	5.20	233.00		5.37	6.92	7.69	11.98	16.50	22.40	27.40	31.20	36.50	46.00	50.70	60.60	80.10	105.60	136.00	161.60	183.20	208.00	231.00	
05454220	0413	19950413	20150413	21	70.89	54.36	6.50	169.00		6.51	7.00	12.02	22.40	26.50	28.20	30.40	39.80	42.00	52.00	57.30	77.40	113.40	119.00	123.50	128.60	138.10	153.20	167.70	
05454220	0414	19950414	20150414	21	72.37	63.40	6.00	281.00		6.07	6.98	11.67	22.40	28.00	31.20	36.20	39.60	41.80	53.00	69.10	97.40	99.00	99.40	105.00	110.60	113.10	135.60	267.00	
05454220	0415	19950415	20150415	21	76.85	89.59	6.00	434.00		6.18	8.44	13.40	23.00	29.50	34.20	37.70	47.60	50.90	55.00	70.60	76.80	82.10	89.00	92.50	93.00	116.10	128.40	403.50	
05454220	0416	19950416	20150416	21	61.24	45.27	7.00	188.00		7.03	7.40	10.86	22.40	31.50	34.60	35.70	38.40	45.30	49.00	56.30	69.60	77.20	80.80	85.50	95.60	109.10	124.20	181.90	
05454220	0417	19950417	20150417	21	108.60	266.10	5.80	1260.00		5.96	7.42	10.35	21.40	29.50	31.00	31.70	32.00	33.80	47.00	50.00	61.00	69.90	72.40	75.50	96.60	112.50	122.80	1146.50	
05454220	0418	19950418	20150418	21	280.05	959.49	6.60	4440.00		6.64	7.08	10.28	19.80	25.50	27.60	29.40	34.00	35.00	44.00	47.80	64.20	65.00	67.00	82.50	98.60	133.20	451.00	4048.70	
05454220	0419	19950419	20150419	21	102.62	184.68	10.00	782.00		10.10	12.00	17.50	21.80	24.00	25.60	29.50	34.20	40.40	45.00	55.40	59.00	59.90	64.00	76.00	92.20	114.50	410.80	752.10	
05454220	0420	19950420	20150420	21	83.13	95.04	7.80	409.00		8.82	18.80	23.80	29.20	31.50	33.20	36.80	40.40	43.70	54.00	56.30	61.20	72.10	78.20	88.50	107.80	149.30	248.00	395.00	
05454220	0421	19950421	20150421	21	76.10	72.31	6.20	300.00		7.68	21.00	22.80	28.60	31.50	32.00	34.80	41.60	48.40	52.00	54.00	63.60	68.10	79.40	95.00	111.20	157.20	203.60	291.10	
05454220	0422	19950422	20150422	21	67.07	58.46	7.50	237.00		8.75	20.20	21.00	23.00	28.50	31.60	33.40	36.40	41.50	51.00	52.90	61.20	63.80	70.40	87.00	112.00	121.40	176.40	232.30	
05454220	0423	19950423	20150423	21	71.61	79.55	5.80	349.00		7.02	18.00	18.00	20.40	26.50	29.60	30.70	31.80	32.90	45.00	55.10	56.80	62.10	74.60	86.50	96.60	145.00	187.80	333.50	
05454220	0424	19950424	20150424	21	64.06	63.92	5.30	261.00		6.47	17.20	19.20	22.40	24.50	27.80	29.70	30.00	31.80	48.00	50.20	52.20	55.70	64.80	74.50	87.20	143.10	177.80	253.00	
05454220	0425	19950425	20150425	21	122.85	224.39	5.90	1030.00		6.81	15.60	18.30	22.60	28.00	29.20	32.10	45.00	48.00	52.00	53.50	58.80	65.30	79.00	112.50	141.20	231.50	326.60	961.10	
05454220	0426	19950426	20150426	21	126.28	168.08	4.80	668.00		5.72	14.40	16.30	20.60	27.50	30.20	31.70	44.80	48.90	63.00	67.00	88.00	103.90	119.40	151.50	182.40	304.20	427.60	645.80	
05454220	0427	19950427	20150427	21	110.39	120.93	4.10	453.00		5.09	14.20	15.30	20.40	28.00	32.00	40.30	46.20	50.60	61.00	63.20	81.60	113.80	122.80	145.50	232.40	284.90	297.40	437.70	
05454220	0428	19950428	20150428	21	88.60	68.86	4.60	233.00		5.54	14.00	14.30	19.40	27.50	35.00	42.50	44.80	67.50	88.00	98.70	105.00	106.50	113.20	122.00	154.80	188.70	205.40	230.50	
05454220	0429	19950429	20150429	21	74.24	51.93	13.00	190.00		13.00	13.20	15.80	22.80	27.50	34.00	40.10	42.60	64.60	74.00	82.30	86.40	92.30	94.20	99.00	117.60	142.00	161.60	187.50	
05454220	0430	19950430	20150430	21	74.24	52.80	13.00	199.00		13.10	15.40	22.20	25.40	31.00	36.60	39.10	41.60	56.40	68.00	72.20	83.40	86.80	92.60	98.00	122.00	148.60	162.00	195.50	
05454220	0501	19950501	20150501	21	68.33	40.60	13.00	145.00		13.10	15.60	23.20	28.80	33.50	39.40	43.00	48.60	61.70	70.00	73.20	75.60	79.20	82.40	91.50	109.60	125.80	139.60	144.70	
05454220	0502	19950502	20150502	21	63.00	38.53	12.00	160.00		12.00	13.20	20.10	27.80	32.50	37.20	41.40	43.60	53.90	59.00	65.20	68.20	74.80	80.60	91.50	100.60	105.20	114.20	155.60	
05454220	0503	19950503	20150503	21	59.62	35.37	11.00	128.00		11.10	12.80	18.40	26.80	31.50	33.80	37.10	40.40	50.00	61.00	61.20	64.00	69.80	80.80	91.00	97.00	103.10	116.00	127.10	
05454220	0504	19950504	20150504	21	82.38	125.29	11.00	611.00		11.70	19.20	24.30	27.00	30.00	34.80	38.70	42.20	46.60	49.00	58.20	61.20	66.60	72.40	85.00	94.00	110.00	128.00	563.00	
05454220	0505	19950505	20150505	21	145.48	306.83	10.00	1340.00		10.40	15.80	24.20	27.80	32.00	39.20	42.70	43.80	53.90	56.00	56.80	65.60	73.50	78.60	90.50	101.20	105.50	563.80	1273.80	
05454220	0506	19950506	20150506	21	81.33	89.48	10.00	351.00		10.20	14.00	22.90	26.60	31.00	34.80	36.70	41.00	51.90	60.00	66.30	70.00	74.60	81.20	90.00	96.40	109.10	278.60	347.90	
05454220	0507	19950507	20150507	21	81.24	77.41	11.00	259.00		11.10	13.60	20.90	23.40	26.00	29.80	35.90	39.60	49.00	62.00	64.20	66.60	69.30	76.80	99.50	145.00	204.80	245.80	258.30	
05454220	0508	19950508	20150508	21	92.71	105.71	12.00	464.00		12.20	15.40	21.00	22.20	26.00	29.20	34.90	45.00	56.90	60.00	61.40	67.20	81.70	95.40	108.50	157.00	198.50	225.20	440.60	
05454220	0509	19950509	20150509	21	119.90	164.55	18.00	766.00		18.10	19.20	22.40	30.00	39.50	51.40	55.00	56.60	59.70	61.00	71.10	82.40	92.20	116.00	139.00	165.60	182.00	290.00	721.10	
05454220	0510	19950510	20150510	21	206.52	522.58	16.00	2400.00		16.10	18.00	23.20	27.60	37.00	44.00	47.50	53.00	54.90	56.00	58.70	68.80	85.20	89.60	103.00	144.00	164.70	588.20	2229.40	
05454220	0511	19950511	20150511	21	130.00	160.49	14.00	706.00		14.40	18.60	22.80	32.60	43.00	47.40	51.80	54.60	60.40	69.00	84.60	101.60	113.50	127.80	159.50	180.40	248.40	360.00	673.50	
05454220	0512	19950512	20150512	21	97.76	77.10	13.00	316.00		13.70	21.40	30.90	40.00	40.50	47.60	53.40	54.80	55.90	78.00	79.70	86.60	100.10	131.20	147.50	174.60	192.60	202.20	304.80	
05454220	0513	19950513	20150513	21	120.81	108.66	12.00	473.00		12.90	22.60	31.40	37.80	43.50	51.00	64.90	71.60	78.30	108.00	111.30	115.60	123.50	132.60	145.00	186.20	219.40	283.00	455.50	
05454220	0514	19950514	20150514	21	97.86	67.16	11.00	248.00		12.00	22.20	29.40	38.20	43.50	48.20	60.80	65.00	72.20	80.00	92.60	108.60	115.90	118.80	143.50	167.00	178.20	215.80	245.60	
05454220	0515	19950515	20150515	21	98.33	109.14	10.00	535.00		10.90	20.40	27.20	34.00	44.50	50.20	52.40	57.80	69.80	73.00	80.00	89.80	95.10	104.80	119.00	130.80	138.20	168.80	499.10	
05454220	0516	19950516	20150516	21	83.00	71.95	10.00	350.00		10.80	19.20	25.50	31.80	39.50	43.00	45.10	53.20	65.80	74.00	82.40	86.00	86.30	92.20	109.00	119.80	123.10	140.00	329.40	
05454220	0517	19950517	20150517	21	71.71	44.95	11.00	179.00		11.80	20.00	25.50	30.60	34.50	38.40	42.80	57.60	63.70	65.00	68.20	79.20	80.30	85.80	99.50	111.40	121.30	149.60	176.70	
05454220	0518	19950518	20150518	21	65.38	38.56	12.00	156.00		13.00	23.60	30.30	31.00	32.00	36.60	41.80	52.60	57.70	58.00	61.10	63.60	72.10	78.60	91.00	103.40	106.40	134.20	154.50	
05454220	0519	19950519	20150519	21	59.10	30.32	17.00	118.00		17.40	22.00	26.90	29.00	33.00	38.20	39.70	48.80	52.80	56.00	57.00	58.40	66.70	74.20	84.00	93.20	95.40	112.00	117.80	
05454220	0520	19950520	20150520	21	56.76	29.40	13.00	100.00		13.70	20.80	24.60	26.40	27.00	32.40	37.40	46.80	49.00	52.00	56.20	60.80	75.00	84.40	88.00	88.60	96.00	99.00	99.90	
05454220	0521	19950521	20150521	21	55.67	30.23	11.00	126.00		11.80	19.80	23.00	23.80	25.00	31.60	36.70	44.20	49.60	54.00	56.50	70.40	72.90	76.20	79.00	82.40	86.10	91.80	122.70	
05454220	0522	19950522	20150522	21	62.57	40.16	10.00	163.00		10.80	18.60	21.30	22.80	29.50	41.00	46.40	51.80	54.80	59.00	64.20	66.80	71.20	74.40	76.00	77.60	94.80	145.20	162.30	
05454220	0523	19950523	20150523	21	78.48	67.32	10.00	245.00		10.80	18.40	20.30	22.20	29.00	38.20	44.50	49.20	50.90	55.00	60.20	71.00	72.20	79.40	101.00	135.20	178.80	210.40	242.00	
05454220	0524	19950524	20150524	21	84.33	112.65	9.00	548.00		9.90	18.00	18.90	21.80	28.00	35.40	43.30	46.80	52.40	65.00	66.30	69.60	73.50	77.80	89.00	112.80	129.70	135.40	506.80	
05454220	0525	19950525	20150525	21	95.90	119.68	8.00	472.00		9.00	18.20	19.30	20.80	27.50	34.20	42.00	49.80	59.10	62.00	63.70	73.20	86.60	88.00	92.00	97.20	158.90	353.00	464.30	
05454220	0526	19950526	20150526	21	116.50	121.42	9.50	471.00		10.25	17.20	18.60	24.80	33.50	40.40	51.70	60.60	66.50	79.00	80.60	91.40	116.60	127.40	131.50	194.40	272.40	334.40	458.50	
05454220	0527	19950527	20150527	21	135.38	191.38	13.00	705.00		13.10	14.40	16.90	23.00	31.50	39.40	48.60	56.60	65.20	72.00	75.30	101.00	121.00	134.20	155.00	157.20	166.40	573.20	701.90	
05454220	0528	19950528	20150528	21	125.38	207.74	12.00	936.00		12.10	13.40	16.20	22.60	30.50	37.20	45.60	52.00	57.50	68.00	69.80	78.20	86.60	100.60	111.00	116.60	181.30	391.20	886.10	
05454220	0529	19950529	20150529	21	110.19	135.70	11.00	494.00		11.10	12.40	14.90	20.60	29.00	36.20	49.50	59.60	63.70	67.00	70.20	74.80	87.20	92.40	107.50	127.40	263.90	413.60	488.30	
05454220	0530	19950530	20150530	21	112.52	135.22	10.00	577.00		10.30	13.00	14.20	20.20	29.00	36.00	47.10	52.60	59.30	61.00	78.10	80.00	85.80	97.20	151.50	206.40	258.10	285.00	548.00	
05454220	0531	19950531	20150531	21	106.33	96.44	12.00	340.00		12.40	16.00	20.20	30.40	39.50	48.00	50.80	57.60	69.80	72.00	75.20	80.60	100.70	132.00	159.50	171.40	249.00	295.80	336.00	
05454220	0601	19950601	20150601	21	92.24	77.22	11.00	322.00		11.20	13.40	19.20	29.40	37.00	45.20	48.10	55.40	62.40	65.00	73.50	98.20	108.50	112.40	128.00	152.00	174.80	205.20	310.90	
05454220	0602	19950602	20150602	21	85.81	60.90	12.00	207.00		12.40	16.20	19.70	27.20	35.50	45.60	53.60	59.20	60.00	62.00	66.70	79.80	108.80	123.80	147.50	158.00	167.70	179.80	204.50	
05454220	0603	19950603	20150603	21	112.52	194.61	11.00	938.00		11.20	14.00	20.10	26.60	35.00	44.60	47.70	52.00	56.60	58.00	63.20	69.80	96.80	117.40	130.00	140.20	142.40	147.80	859.10	
05454220	0604	19950604	20150604	21	99.95	158.65	11.00	766.00		11.60	17.20	19.80	25.60	33.00	39.80	43.80	49.80	53.70	55.00	64.70	72.40	82.80	95.20	107.50	119.20	127.70	168.60	707.20	
05454220	0605	19950605	20150605	21	121.43	221.59	10.00	1050.00		10.60	16.00	18.40	28.80	40.00	48.20	51.00	51.00	59.10	61.00	71.10	74.40	87.60	100.00	109.00	112.60	120.70	266.40	975.20	
05454220	0606	19950606	20150606	21	91.95	109.06	15.00	476.00		15.50	20.00	20.90	27.80	38.50	43.20	46.10	47.00	47.00	49.00	57.10	59.40	68.90	82.80	104.50	119.00	169.40	269.40	457.30	
05454220	0607	19950607	20150607	21	78.24	64.35	18.00	226.00		18.10	19.60	22.00	26.40	34.00	36.80	42.20	44.80	45.00	52.00	54.40	60.40	74.20	95.20	114.50	144.60	171.40	203.80	224.50	
05454220	0608	19950608	20150608	21	77.62	78.25	14.00	378.00		14.60	20.20	24.00	31.00	33.50	40.20	43.70	47.20	48.90	52.00	59.40	63.40	71.60	91.00	97.50	106.40	127.40	145.20	355.00	
05454220	0609	19950609	20150609	21	102.10	173.35	14.00	839.00		14.60	20.20	22.80	27.00	31.00	40.40	44.70	45.80	47.80	55.00	68.10	79.00	84.50	88.80	102.50	116.80	130.60	145.60	769.90	
05454220	0610	19950610	20150610	21	106.29	172.85	14.00	697.00		14.50	19.40	22.20	25.00	28.00	35.20	40.80	42.80	53.80	56.00	61.00	62.40	69.20	74.80	81.50	95.40	105.80	446.20	680.40	
05454220	0611	19950611	20150611	21	76.95	73.24	14.00	278.00		14.50	19.20	21.20	24.00	27.00	32.40	38.90	41.80	55.50	57.00	60.10	70.80	77.60	88.40	92.50	96.00	119.70	245.80	277.70	
05454220	0612	19950612	20150612	21	160.81	318.06	14.00	1310.00		14.40	18.20	20.50	24.40	26.50	28.60	36.00	40.60	46.40	52.00	65.30	71.60	86.00	90.00	112.00	145.40	181.50	720.80	1264.30	
05454220	0613	19950613	20150613	21	132.00	220.90	12.00	1040.00		12.60	18.20	20.20	23.80	26.00	36.60	46.50	56.80	59.90	76.00	81.70	88.80	96.50	107.00	124.00	160.20	211.50	289.60	966.50	
05454220	0614	19950614	20150614	21	131.33	214.15	12.00	1000.00		12.60	18.20	19.30	20.80	25.00	38.20	45.00	51.40	55.70	69.00	69.90	78.60	90.90	119.20	135.00	194.60	230.40	285.40	929.90	
05454220	0615	19950615	20150615	21	120.00	119.55	13.00	327.00		13.40	17.00	17.60	19.80	24.00	34.80	42.10	50.20	58.30	60.00	62.00	62.60	111.20	224.20	250.00	289.60	305.40	306.80	325.00	
05454220	0616	19950616	20150616	21	84.43	74.49	12.00	262.00		12.40	16.40	18.00	18.40	22.00	32.20	39.10	46.40	51.60	53.00	56.20	64.40	101.10	128.20	135.00	149.00	176.70	222.00	258.90	
05454220	0617	19950617	20150617	21	73.71	53.15	10.00	178.00		10.50	15.20	16.30	19.80	30.00	37.80	43.20	45.80	46.90	53.00	58.10	87.40	95.70	106.00	118.00	127.60	149.60	161.20	176.40	
05454220	0618	19950618	20150618	21	71.29	55.81	10.00	212.00		10.50	15.00	15.00	19.80	30.00	36.00	39.40	43.20	44.00	48.00	55.90	73.60	80.20	93.20	109.00	132.00	147.70	153.40	206.20	
05454220	0619	19950619	20150619	21	89.46	107.93	9.60	415.00		10.04	14.00	14.90	19.80	28.00	35.00	38.40	40.60	41.90	46.00	50.40	66.60	83.40	98.60	119.50	127.80	130.40	319.80	410.20	
05454220	0620	19950620	20150620	21	159.71	381.74	9.00	1780.00		9.40	13.20	14.30	18.20	26.50	31.80	34.40	37.40	39.80	43.00	46.60	63.80	82.80	105.80	118.00	156.60	187.40	352.60	1641.30	
05454220	0621	19950621	20150621	21	98.90	122.67	11.00	468.00		11.30	14.20	17.10	26.00	32.00	33.20	34.70	35.80	40.50	51.00	55.80	76.80	97.80	107.60	117.00	140.20	157.10	363.60	462.70	
05454220	0622	19950622	20150622	21	116.29	176.38	11.00	782.00		11.20	13.20	15.80	24.00	31.50	33.00	33.70	39.60	42.80	46.00	56.30	71.20	86.10	91.40	134.50	177.00	210.60	343.40	741.10	
05454220	0623	19950623	20150623	21	201.24	409.29	10.00	1800.00		10.30	13.00	14.50	21.60	29.00	31.00	31.70	37.60	39.90	45.00	48.60	65.80	79.40	85.40	118.50	300.40	546.30	609.00	1680.90	
05454220	0624	19950624	20150624	21	114.04	131.60	9.90	451.00		10.21	13.00	14.20	20.60	27.50	30.80	33.40	39.60	44.60	51.00	59.20	71.20	76.90	120.60	201.50	256.60	292.90	354.00	442.70	
05454220	0625	19950625	20150625	21	91.50	90.82	9.60	300.00		9.84	12.80	16.30	20.60	27.00	31.60	35.40	36.80	38.80	55.00	64.70	71.20	74.10	105.40	164.50	196.60	213.40	263.40	297.50	
05454220	0626	19950626	20150626	21	105.13	127.00	9.80	521.00		9.92	12.80	21.20	26.40	30.50	31.60	34.10	35.00	41.30	52.00	54.40	60.00	81.50	124.20	157.00	180.80	244.10	296.20	499.20	
05454220	0627	19950627	20150627	21	75.37	68.59	9.80	268.00		9.92	12.20	17.30	20.00	25.00	30.00	34.10	35.80	45.00	49.00	51.10	56.00	79.50	101.40	126.50	151.00	159.90	167.60	258.10	
05454220	0628	19950628	20150628	21	64.31	52.10	8.90	201.00		8.98	11.16	17.60	20.60	24.00	26.20	29.10	35.60	42.40	46.00	52.00	54.00	69.50	97.40	116.00	119.60	121.40	134.00	194.60	
05454220	0629	19950629	20150629	21	68.02	61.94	8.50	229.00		8.55	10.60	17.00	18.60	22.00	24.20	27.10	32.00	38.40	40.00	45.40	61.20	81.20	98.80	103.50	117.20	137.30	181.40	225.20	
05454220	0630	19950630	20150630	21	107.23	192.33	8.80	721.00		8.92	11.00	15.30	17.60	21.50	25.40	27.00	30.20	34.60	36.00	42.40	56.80	70.00	85.20	91.00	104.00	114.20	527.20	711.90	
05454220	0701	19950701	20150701	21	194.74	664.72	8.90	3090.00		8.98	10.56	14.30	16.60	20.00	21.00	24.50	29.20	31.80	34.00	40.30	52.80	60.80	74.80	83.50	94.60	101.10	166.00	2799.20	
05454220	0702	19950702	20150702	21	67.22	113.08	7.60	541.00		7.74	9.80	13.30	15.60	18.50	19.60	22.80	27.20	31.60	32.00	38.10	48.20	53.80	68.60	77.50	85.80	90.40	114.20	498.90	
05454220	0703	19950703	20150703	21	57.88	65.58	8.40	311.00		8.76	12.20	13.00	14.60	18.00	20.80	25.50	28.60	31.70	39.00	45.20	50.60	66.50	72.00	78.50	82.60	95.60	104.20	290.40	
05454220	0704	19950704	20150704	21	55.34	54.86	7.80	239.00		7.95	10.04	13.60	15.40	17.00	20.40	24.10	30.60	34.70	36.00	40.60	47.80	57.40	67.80	78.00	88.20	96.50	134.00	229.40	
05454220	0705	19950705	20150705	21	70.75	97.12	7.10	421.00		7.15	8.48	12.90	15.00	16.00	18.80	22.10	23.80	31.20	35.00	43.70	52.00	61.80	67.60	81.50	100.80	120.70	219.00	403.10	
05454220	0706	19950706	20150706	21	77.23	118.55	6.60	499.00		6.67	8.24	12.60	14.00	16.50	19.60	21.40	23.60	29.40	31.00	42.30	47.40	59.10	73.60	90.00	95.60	111.30	279.40	481.10	
05454220	0707	19950707	20150707	21	55.11	62.02	6.10	228.00		6.21	8.16	12.30	13.80	16.50	18.60	20.40	21.80	27.40	30.00	41.10	44.00	52.00	57.60	75.00	86.40	92.20	194.00	227.10	
05454220	0708	19950708	20150708	21	80.79	125.75	5.50	520.00		5.76	8.68	11.60	14.60	17.00	18.20	20.40	24.20	32.20	36.00	37.30	40.60	43.30	52.80	74.00	128.80	172.60	292.40	500.10	
05454220	0709	19950709	20150709	21	54.69	52.84	5.00	182.00		5.34	8.92	11.30	13.60	16.00	18.40	21.40	31.60	34.90	37.00	39.20	41.60	48.80	61.20	68.00	106.60	141.60	152.60	179.20	
05454220	0710	19950710	20150710	21	95.32	195.97	4.70	900.00		5.07	8.66	10.09	12.60	16.00	17.60	19.40	26.40	34.30	36.00	37.20	41.00	50.20	60.60	91.00	111.80	122.10	265.20	840.00	
05454220	0711	19950711	20150711	21	91.18	216.63	4.20	1020.00		4.63	9.00	11.30	13.20	16.00	17.60	23.60	29.20	30.00	32.00	33.30	36.40	42.80	58.00	79.50	96.80	107.10	151.80	934.20	
05454220	0712	19950712	20150712	21	93.35	127.69	4.00	468.00		4.44	8.92	12.50	16.40	18.00	20.20	23.10	24.00	28.50	30.00	34.80	43.60	53.00	76.80	147.50	196.00	242.80	330.80	456.00	
05454220	0713	19950713	20150713	21	106.14	263.77	4.00	1230.00		4.39	8.72	12.90	15.40	16.00	16.60	19.80	21.80	25.60	27.00	29.80	46.20	47.60	51.40	68.00	90.60	167.00	211.40	1128.50	
05454220	0714	19950714	20150714	21	55.92	86.92	4.00	396.00		4.33	8.24	12.30	13.80	15.00	15.00	17.10	20.40	21.00	27.00	27.60	33.80	38.20	44.20	58.50	74.00	108.10	149.00	372.00	
05454220	0715	19950715	20150715	21	44.62	58.96	3.90	261.00		4.18	7.06	9.55	12.40	13.50	14.00	15.40	18.40	19.90	23.00	26.00	27.60	34.90	41.00	53.00	65.00	89.30	123.60	247.90	
05454220	0716	19950716	20150716	21	39.84	45.42	3.30	198.00		3.62	6.76	9.36	13.00	13.00	14.20	16.40	18.60	20.80	21.00	24.10	26.60	36.30	47.60	53.00	58.40	78.10	105.00	189.20	
05454220	0717	19950717	20150717	21	39.42	37.88	2.90	159.00		3.22	6.26	8.43	12.40	13.50	14.60	17.10	19.60	20.00	24.00	31.50	37.00	43.10	49.20	56.00	68.80	76.80	93.20	152.80	
05454220	0718	19950718	20150718	21	59.50	112.35	2.60	526.00		2.89	5.68	7.78	11.80	13.00	13.60	16.10	17.80	18.00	24.00	29.60	36.00	40.30	41.80	57.00	80.00	98.60	126.40	486.60	
05454220	0719	19950719	20150719	21	53.09	83.25	2.20	369.00		2.47	5.28	8.06	11.40	12.00	13.20	14.00	16.40	23.30	25.00	27.20	30.40	36.30	39.00	55.00	74.00	103.20	160.40	349.30	
05454220	0720	19950720	20150720	21	73.03	199.72	2.00	938.00		2.26	5.68	10.30	11.00	12.00	13.00	14.40	18.20	22.60	24.00	24.20	27.40	33.60	36.60	48.00	62.40	70.20	92.80	854.00	
05454220	0721	19950721	20150721	21	71.99	198.71	2.00	932.00		2.29	5.70	8.93	9.80	11.50	12.60	13.70	17.20	21.60	24.00	26.40	30.40	32.00	33.20	36.50	51.20	77.50	99.40	849.10	
05454220	0722	19950722	20150722	21	46.37	78.34	2.00	367.00		2.28	5.24	7.90	10.80	12.50	13.60	14.70	17.40	20.70	23.00	29.00	29.40	31.30	32.00	44.50	65.40	73.10	104.40	341.50	
05454220	0723	19950723	20150723	21	34.76	41.56	1.80	190.00		2.06	5.02	8.04	9.98	11.00	12.80	14.00	14.00	14.90	20.00	28.20	30.00	30.30	34.20	47.50	60.20	63.70	74.40	178.70	
05454220	0724	19950724	20150724	21	30.29	34.41	1.60	153.00		1.81	4.28	7.23	8.98	9.70	10.60	11.70	12.80	13.90	19.00	26.10	27.00	27.00	27.40	38.00	52.80	61.60	69.60	144.80	
05454220	0725	19950725	20150725	21	32.05	36.14	1.50	133.00		1.70	3.96	6.40	8.20	9.20	10.44	11.70	12.00	14.70	18.00	24.00	24.60	27.30	30.40	44.50	55.60	64.40	108.80	131.60	
05454220	0726	19950726	20150726	21	30.95	28.45	1.50	115.00		1.82	4.86	6.07	7.88	8.80	9.18	11.19	16.80	20.70	22.00	27.10	28.40	31.80	41.60	51.00	58.60	63.00	66.20	110.20	
05454220	0727	19950727	20150727	21	54.46	87.77	1.40	396.00		1.75	5.26	7.12	8.66	10.25	11.60	15.50	19.40	20.00	23.00	25.90	36.80	48.30	49.40	54.50	71.60	94.00	155.20	373.30	
05454220	0728	19950728	20150728	21	33.31	29.36	1.40	95.00		1.59	4.00	7.76	10.40	12.00	14.20	15.00	15.80	17.80	21.00	24.60	32.20	41.60	44.20	49.00	53.80	80.20	91.80	94.70	
05454220	0729	19950729	20150729	21	33.47	34.72	1.80	137.00		1.91	3.00	4.69	8.62	10.50	12.20	13.00	13.00	15.70	18.00	20.00	30.80	39.50	44.20	48.50	54.60	74.50	89.20	132.40	
05454220	0730	19950730	20150730	21	25.68	21.38	1.80	75.00		1.91	2.96	4.16	7.84	11.00	12.00	12.00	12.80	13.90	15.00	17.70	25.80	33.30	37.60	45.50	48.00	53.60	58.40	73.40	
05454220	0731	19950731	20150731	21	24.07	22.31	1.50	87.00		1.62	2.74	3.98	7.46	9.95	11.00	12.40	13.00	13.00	14.00	16.50	22.00	26.60	29.20	36.50	43.20	44.70	63.40	85.10	
05454220	0801	19950801	20150801	21	20.42	17.20	1.40	64.00		1.52	2.66	3.86	6.82	8.60	9.54	10.61	11.80	12.90	14.00	14.50	19.20	21.80	27.20	32.00	35.60	40.90	51.00	62.90	
05454220	0802	19950802	20150802	21	18.57	15.46	1.30	58.00		1.42	2.54	3.42	6.10	7.80	9.08	10.64	11.80	12.00	13.00	14.20	16.20	19.10	24.80	28.50	31.00	37.30	46.40	57.00	
05454220	0803	19950803	20150803	21	25.17	41.54	1.20	195.00		1.32	2.90	5.32	6.58	7.05	8.06	10.31	11.80	12.90	13.00	13.10	14.40	17.50	22.60	26.00	27.00	34.70	60.40	182.10	
05454220	0804	19950804	20150804	21	21.51	21.76	2.10	97.00		2.36	4.74	5.29	6.52	7.70	9.06	11.95	13.00	13.90	15.00	16.10	17.40	20.50	24.40	25.00	31.60	37.40	53.20	93.00	
05454220	0805	19950805	20150805	21	23.27	22.32	2.10	81.00		2.15	2.88	4.30	5.40	7.05	8.10	8.59	11.36	18.30	19.00	21.20	23.00	23.30	25.20	29.50	32.60	47.70	71.60	80.50	
05454220	0806	19950806	20150806	21	23.56	27.92	1.40	123.00		1.46	2.08	2.76	4.24	5.80	7.18	9.31	11.60	12.00	17.00	17.10	18.80	22.30	26.20	33.00	35.00	44.80	59.40	116.90	
05454220	0807	19950807	20150807	21	22.56	23.65	0.91	91.00		1.02	2.08	3.06	4.64	5.40	7.96	9.34	9.48	13.55	18.00	18.30	21.00	21.60	23.00	24.50	38.60	56.10	62.40	88.20	
05454220	0808	19950808	20150808	21	19.50	17.69	0.80	55.00		0.90	1.86	2.55	3.72	4.70	5.68	7.34	8.88	11.71	17.00	17.10	18.40	20.30	23.40	33.00	42.00	46.80	50.40	54.60	
05454220	0809	19950809	20150809	21	37.58	63.28	0.86	277.00		0.93	1.66	2.38	3.50	3.55	5.46	8.03	10.52	13.70	14.00	14.50	19.80	24.80	32.20	42.50	60.00	75.70	116.60	261.90	
05454220	0810	19950810	20150810	21	26.12	30.17	0.73	103.00		0.80	1.50	2.32	3.38	3.50	5.00	7.05	7.66	10.67	13.00	13.40	17.20	24.30	41.40	46.50	50.40	61.80	83.60	101.50	
05454220	0811	19950811	20150811	21	37.75	94.11	0.56	442.00		0.72	2.34	2.96	3.86	6.10	7.38	8.76	9.86	10.90	12.00	12.00	12.80	19.90	29.00	29.50	36.00	46.30	60.20	404.10	
05454220	0812	19950812	20150812	21	23.67	38.13	0.63	180.00		0.86	2.90	3.35	5.08	6.50	7.20	7.89	8.66	10.78	12.00	12.30	16.40	22.30	23.80	25.00	29.80	40.70	46.40	166.70	
05454220	0813	19950813	20150813	21	22.30	42.60	2.70	201.00		2.72	3.08	3.86	4.04	5.05	6.18	6.51	6.60	7.05	7.30	10.10	11.40	15.10	20.00	22.00	28.20	37.30	40.80	185.00	
05454220	0814	19950814	20150814	21	22.32	48.79	2.10	230.00		2.12	2.36	2.78	3.28	3.85	4.36	5.03	5.78	6.80	7.40	10.00	10.40	13.80	18.00	20.00	25.60	32.90	37.40	210.80	
05454220	0815	19950815	20150815	21	16.72	28.40	0.96	133.00		1.11	2.52	2.75	3.18	3.50	3.82	4.74	5.18	6.01	6.30	8.79	10.08	13.20	16.40	18.50	23.60	29.50	34.20	123.20	
05454220	0816	19950816	20150816	21	18.86	30.04	1.50	110.00		1.58	2.34	2.65	3.04	3.15	3.32	4.52	5.24	6.74	7.80	9.20	11.20	12.60	14.80	17.00	24.00	31.50	87.40	109.10	
05454220	0817	19950817	20150817	21	21.31	35.56	1.70	150.00		1.74	2.22	2.73	2.88	3.10	4.76	6.78	7.36	7.94	8.60	9.10	10.40	13.20	16.40	21.00	28.60	32.40	80.20	144.20	
05454220	0818	19950818	20150818	21	17.43	24.21	0.80	96.00		0.89	1.86	2.53	2.92	3.40	4.60	5.54	5.60	6.77	8.10	9.19	10.40	12.60	14.80	21.00	27.80	35.30	63.60	93.40	
05454220	0819	19950819	20150819	21	15.36	18.91	0.85	78.00		0.91	1.58	2.33	2.40	3.00	3.96	6.16	7.56	8.33	9.30	11.00	11.60	14.30	15.00	18.00	24.60	27.00	48.60	75.60	
05454220	0820	19950820	20150820	21	41.24	94.12	1.20	354.00		1.27	1.98	2.39	2.60	3.15	3.82	4.67	5.88	6.64	7.10	7.38	8.20	10.52	15.80	20.00	24.80	66.60	240.80	346.60	
05454220	0821	19950821	20150821	21	29.21	60.71	0.90	256.00		0.98	1.76	2.06	2.24	2.85	3.40	3.61	4.90	5.47	6.00	7.04	8.64	10.90	14.20	18.00	24.80	79.10	114.60	242.20	
05454220	0822	19950822	20150822	21	19.39	31.10	0.68	114.00		0.74	1.40	1.86	2.08	2.60	3.06	3.31	4.36	4.87	5.90	6.91	10.36	13.00	13.40	16.50	25.00	59.10	81.60	111.00	
05454220	0823	19950823	20150823	21	32.24	61.16	0.62	219.00		0.67	1.32	2.20	2.44	2.80	2.80	3.22	3.72	4.43	5.50	6.96	12.20	14.80	21.40	25.50	45.80	67.40	170.20	216.60	
05454220	0824	19950824	20150824	21	29.19	69.62	0.54	323.00		0.59	1.18	1.99	2.32	2.55	3.08	3.96	4.20	5.28	6.00	11.00	11.40	14.20	18.60	22.00	36.80	49.50	60.60	297.00	
05454220	0825	19950825	20150825	21	21.95	46.27	0.49	213.00		0.54	1.12	1.78	2.24	2.35	2.94	3.72	4.62	5.07	5.80	10.20	12.00	12.60	14.80	19.00	23.80	39.70	55.60	197.50	
05454220	0826	19950826	20150826	21	20.48	36.41	0.99	130.00		1.01	1.24	1.64	2.20	2.20	2.44	2.81	3.62	4.79	7.30	8.13	9.64	11.90	14.40	17.00	19.60	43.80	105.20	128.80	
05454220	0827	19950827	20150827	21	117.74	365.18	0.94	1600.00		0.97	1.24	1.58	2.04	2.25	2.46	2.57	3.56	4.61	6.70	8.38	10.20	11.60	13.40	17.00	38.60	81.10	515.60	1502.10	
05454220	0828	19950828	20150828	21	220.68	584.42	0.92	2580.00		0.93	1.00	1.27	1.94	2.05	2.28	2.54	4.12	4.77	11.00	11.40	15.00	16.50	31.20	60.50	274.60	615.50	720.80	2394.50	
05454220	0829	19950829	20150829	21	59.84	109.67	0.72	376.00		0.74	0.92	1.18	1.78	1.90	2.02	2.24	3.66	4.45	9.70	10.80	18.80	22.30	32.20	53.00	105.00	192.40	298.60	370.30	
05454220	0830	19950830	20150830	21	32.23	54.29	0.55	234.00		0.58	0.84	1.11	1.64	1.75	1.80	3.06	5.52	8.16	9.70	11.50	16.60	20.50	32.00	48.50	61.40	69.80	95.00	220.70	
05454220	0831	19950831	20150831	21	24.46	39.78	0.44	173.00		0.47	0.82	1.10	1.48	1.60	1.72	2.85	6.34	7.46	7.60	9.65	11.40	13.60	27.40	46.00	49.00	52.40	60.20	161.90	
05454220	0901	19950901	20150901	21	36.44	77.11	0.40	341.00		0.43	0.74	1.12	1.44	1.50	1.68	2.57	2.98	4.98	6.30	6.91	9.84	21.50	40.20	43.50	45.60	54.40	122.80	320.80	
05454220	0902	19950902	20150902	21	22.55	36.46	0.37	132.00		0.39	0.63	1.11	1.40	1.40	1.58	2.61	4.20	4.59	5.60	6.62	9.48	17.20	29.00	34.50	37.60	38.00	100.40	130.40	
05454220	0903	19950903	20150903	21	23.21	33.12	0.36	100.00		0.40	0.78	1.03	1.30	1.35	1.52	2.09	2.70	5.14	6.20	8.50	13.60	19.30	28.60	32.50	41.20	76.80	96.40	99.80	
05454220	0904	19950904	20150904	21	21.47	27.26	0.37	87.00		0.42	0.84	1.00	1.30	1.35	1.76	2.35	4.26	6.23	7.70	9.75	14.60	25.30	28.00	32.50	47.80	60.50	74.80	86.10	
05454220	0905	19950905	20150905	21	17.16	23.98	0.75	77.00		0.76	0.94	1.23	1.34	1.45	1.74	2.18	3.90	4.84	5.70	7.58	11.60	14.90	18.60	22.00	26.00	55.30	68.60	76.20	
05454220	0906	19950906	20150906	21	15.11	20.80	0.85	70.00		0.85	0.94	1.23	1.30	1.35	1.52	1.74	2.28	3.84	4.70	7.20	10.12	11.90	16.00	22.50	28.40	41.20	59.60	69.30	
05454220	0907	19950907	20150907	21	16.05	22.30	0.86	73.00		0.86	0.87	0.98	1.24	1.60	2.56	3.07	3.58	4.24	4.90	7.20	9.40	11.30	14.40	20.00	32.80	49.80	62.80	72.20	
05454220	0908	19950908	20150908	21	16.96	19.99	0.70	59.00		0.72	0.91	1.43	2.64	3.55	3.80	4.71	6.62	7.72	7.90	9.73	10.20	12.20	15.80	26.50	39.00	50.80	58.20	59.00	
05454220	0909	19950909	20150909	21	15.24	17.35	0.82	55.00		0.82	0.88	1.11	1.64	2.05	2.76	3.48	4.80	6.63	7.20	10.31	14.40	16.60	18.40	22.50	27.80	39.50	52.80	55.00	
05454220	0910	19950910	20150910	21	45.28	151.09	0.77	701.00		0.77	0.79	0.86	1.23	1.70	2.48	3.21	3.54	5.58	6.20	7.02	9.10	10.55	13.40	22.00	33.00	46.90	52.00	636.10	
05454220	0911	19950911	20150911	21	31.77	69.51	0.60	280.00		0.61	0.74	0.84	1.12	1.50	1.60	2.37	2.70	3.51	6.40	6.76	8.22	9.41	12.40	22.50	42.20	53.20	155.00	270.00	
05454220	0912	19950912	20150912	21	27.48	59.73	0.53	254.00		0.54	0.73	1.00	1.12	1.50	1.88	2.35	2.58	2.87	5.80	6.52	8.28	11.30	12.40	19.50	38.00	48.10	113.80	241.60	
05454220	0913	19950913	20150913	21	79.57	301.15	0.57	1390.00		0.57	0.69	1.19	1.70	1.80	2.20	2.54	2.68	4.77	5.50	6.01	7.10	8.25	10.80	18.50	35.80	45.80	87.80	1260.80	
05454220	0914	19950914	20150914	21	37.78	97.73	0.60	448.00		0.61	0.73	1.03	1.38	1.60	2.06	2.44	2.82	4.34	4.50	6.67	8.04	11.60	17.00	32.00	43.40	66.70	94.40	413.10	
05454220	0915	19950915	20150915	21	28.44	62.80	0.56	278.00		0.58	0.80	0.95	1.28	1.40	1.82	2.45	2.60	3.50	4.10	4.47	6.16	8.36	15.60	30.00	42.00	57.30	94.20	260.40	
05454220	0916	19950916	20150916	21	21.00	41.78	0.55	186.00		0.58	0.93	1.19	1.40	1.50	1.66	1.98	2.42	2.68	3.70	4.78	5.64	7.64	15.40	29.50	40.60	50.00	53.00	172.70	
05454220	0917	19950917	20150917	21	18.45	33.35	0.55	147.00		0.59	0.96	1.03	1.18	1.30	1.30	1.86	2.66	3.07	4.20	5.23	6.40	10.90	16.20	28.00	39.20	42.00	46.00	137.00	
05454220	0918	19950918	20150918	21	17.04	27.97	0.54	121.00		0.56	0.79	0.97	1.10	1.20	1.30	1.86	2.26	3.20	4.70	5.31	6.26	12.79	21.20	28.50	35.80	39.80	41.80	113.10	
05454220	0919	19950919	20150919	21	19.67	27.93	0.51	103.00		0.54	0.81	1.06	1.24	1.35	1.94	2.44	3.30	4.85	6.10	7.65	10.60	19.10	27.20	32.00	34.40	43.00	74.00	100.80	
05454220	0920	19950920	20150920	21	16.16	23.42	0.44	89.00		0.47	0.79	0.98	1.22	1.85	2.30	2.86	3.42	4.76	4.90	5.64	7.20	11.58	19.80	26.00	32.80	34.00	58.80	86.60	
05454220	0921	19950921	20150921	21	15.99	24.56	0.37	87.00		0.41	0.76	0.86	1.22	1.70	1.92	2.07	2.58	3.51	4.10	6.15	6.92	10.24	17.00	25.50	31.00	31.70	68.80	86.10	
05454220	0922	19950922	20150922	21	21.76	35.05	0.38	128.00		0.42	0.81	0.92	1.12	1.30	1.36	1.68	2.20	3.74	3.90	6.29	9.00	14.80	22.20	27.00	37.20	62.90	90.20	124.70	
05454220	0923	19950923	20150923	21	17.57	24.58	0.37	94.00		0.41	0.83	0.90	0.93	0.97	1.42	1.91	3.52	5.25	7.50	8.94	12.60	15.90	20.80	25.00	31.00	42.00	61.80	91.20	
05454220	0924	19950924	20150924	21	36.69	116.02	0.40	539.00		0.45	0.87	0.89	1.02	1.45	1.94	2.38	3.62	4.44	7.20	7.53	8.44	13.10	18.80	22.00	24.00	29.60	55.20	491.20	
05454220	0925	19950925	20150925	21	21.97	47.80	0.42	215.00		0.45	0.75	0.91	1.05	1.40	1.60	2.09	3.34	3.69	3.90	4.61	7.86	11.59	16.80	20.50	23.00	46.80	65.00	200.20	
05454220	0926	19950926	20150926	21	20.62	45.80	0.43	209.00		0.46	0.75	0.93	0.94	1.07	1.38	2.62	3.50	3.60	4.90	6.02	7.52	10.34	15.40	20.00	21.60	42.30	53.40	193.50	
05454220	0927	19950927	20150927	21	17.52	34.46	0.42	156.00		0.45	0.77	0.87	0.97	1.20	2.12	2.81	3.14	3.65	5.40	7.09	9.44	12.00	14.40	18.50	19.60	34.70	49.00	145.50	
05454220	0928	19950928	20150928	21	15.05	28.67	0.37	128.00		0.41	0.78	0.94	1.04	1.20	2.08	2.81	2.98	3.36	4.10	4.69	6.88	9.46	13.00	17.00	18.60	29.50	46.00	120.10	
05454220	0929	19950929	20150929	21	17.25	32.25	0.42	113.00		0.45	0.78	1.02	1.10	1.40	2.00	2.55	2.86	3.35	4.00	4.20	7.00	11.00	13.00	17.00	19.80	28.70	93.60	112.60	
05454220	0930	19950930	20150930	21	14.50	24.25	0.44	94.00		0.47	0.79	1.00	1.04	1.10	1.40	1.81	2.54	3.24	3.40	6.58	10.00	10.30	13.00	17.00	18.60	27.40	63.00	91.70	
05454220	1001	19941001	20151001	22	16.15	26.99	0.45	95.00		0.49	0.76	0.94	1.12	1.50	1.60	2.63	3.20	3.23	3.35	6.13	8.40	9.93	13.30	16.50	19.20	41.90	76.50	93.35	
05454220	1002	19941002	20151002	22	30.76	59.78	0.45	241.00		0.48	0.74	0.90	1.26	1.50	1.59	1.74	2.60	3.17	5.60	7.96	9.30	16.63	19.10	26.25	48.60	66.65	135.10	228.85	
05454220	1003	19941003	20151003	22	27.08	42.87	0.40	139.00		0.44	0.73	1.05	1.36	1.48	1.68	2.50	2.56	3.08	5.60	7.79	8.62	9.18	23.30	39.00	59.00	85.85	118.30	137.20	
05454220	1004	19941004	20151004	22	20.89	27.71	0.36	77.00		0.42	0.79	1.09	1.36	1.62	2.87	3.31	3.66	4.96	6.70	7.53	7.86	12.74	20.00	47.00	54.20	66.10	74.00	77.00	
05454220	1005	19941005	20151005	22	41.39	115.74	0.40	550.00		0.45	0.79	1.04	1.26	1.60	2.51	2.83	4.08	6.97	7.60	8.42	8.78	10.89	19.80	46.50	51.80	58.50	65.10	477.40	
05454220	1006	19941006	20151006	22	27.39	56.42	0.49	257.00		0.53	0.83	1.04	1.46	1.70	2.33	2.54	3.20	3.69	5.75	7.09	7.68	9.89	18.40	40.75	43.40	52.80	79.60	231.65	
05454220	1007	19941007	20151007	22	21.20	35.35	0.47	145.00		0.52	0.83	1.14	1.64	2.02	2.19	2.40	2.50	3.00	4.90	6.99	7.60	9.22	16.80	34.75	40.80	50.25	75.20	135.70	
05454220	1008	19941008	20151008	22	18.72	28.43	0.46	107.00		0.51	0.80	1.11	1.58	1.77	2.07	2.12	2.56	3.27	5.25	7.29	8.52	9.28	14.60	31.00	39.40	49.05	69.40	102.35	
05454220	1009	19941009	20151009	22	17.24	25.43	0.48	89.00		0.51	0.75	1.10	1.40	1.70	1.98	2.12	2.64	2.91	4.90	6.89	7.80	9.23	15.10	27.25	36.40	46.60	68.10	86.90	
05454220	1010	19941010	20151010	22	15.77	22.48	0.62	77.00		0.63	0.74	1.10	1.40	1.70	2.16	2.33	2.94	3.27	4.90	6.66	7.30	9.49	13.80	23.50	33.80	44.60	61.20	75.35	
05454220	1011	19941011	20151011	22	14.97	20.52	0.57	67.00		0.59	0.77	1.11	1.40	1.77	2.08	2.35	3.32	3.61	5.30	6.92	7.18	9.29	13.70	22.50	32.80	43.05	57.80	66.25	
05454220	1012	19941012	20151012	22	14.44	19.23	0.55	61.00		0.59	0.85	1.03	1.50	1.70	2.06	3.30	3.42	4.46	5.95	6.72	7.86	9.14	13.50	20.50	30.80	41.60	56.10	60.85	
05454220	1013	19941013	20151013	22	16.18	18.52	0.87	56.00		0.88	1.00	1.33	1.62	1.70	2.15	3.02	3.86	6.21	7.60	9.12	9.86	16.65	28.00	29.00	33.20	41.60	53.30	56.00	
05454220	1014	19941014	20151014	22	29.48	68.90	0.88	327.00		0.93	1.23	1.52	2.04	2.58	3.42	3.88	5.50	6.04	6.35	8.41	9.66	10.94	18.90	38.00	44.40	49.40	54.40	286.20	
05454220	1015	19941015	20151015	22	29.42	64.39	0.84	302.00		0.92	1.40	1.58	1.92	2.30	3.30	3.63	4.28	5.16	6.30	7.44	8.88	11.86	19.30	41.00	47.20	53.65	65.50	267.20	
05454220	1016	19941016	20151016	22	21.77	37.40	0.82	168.00		0.89	1.33	1.49	2.02	2.75	3.26	3.53	4.10	4.66	5.85	6.13	8.28	10.89	17.40	40.00	45.00	49.65	51.70	150.60	
05454220	1017	19941017	20151017	22	41.57	108.25	0.83	506.00		0.89	1.26	1.45	1.50	2.55	2.90	3.23	4.02	5.29	6.00	6.58	8.26	10.88	17.10	37.25	43.80	66.15	111.80	448.85	
05454220	1018	19941018	20151018	22	87.87	241.63	0.85	961.00		0.87	1.07	1.34	1.46	2.10	2.84	3.02	3.48	4.36	5.70	6.13	7.72	11.80	17.90	36.25	42.80	75.60	502.90	918.25	
05454220	1019	19941019	20141019	21	38.61	79.39	0.76	269.00		0.78	1.01	1.33	1.48	1.85	2.28	2.89	3.18	3.74	4.20	5.97	9.52	14.60	23.20	36.50	43.20	73.30	232.20	269.00	
05454220	1020	19941020	20141020	21	29.21	52.70	0.77	180.00		0.78	0.94	1.19	1.60	1.95	2.18	2.79	3.16	3.83	3.90	5.73	9.76	14.30	22.20	35.50	41.60	67.80	154.00	179.30	
05454220	1021	19941021	20141021	21	25.14	42.12	0.81	141.00		0.81	0.86	1.08	1.70	2.05	2.22	2.58	3.26	3.76	5.30	5.91	9.76	14.30	21.40	34.00	40.60	59.80	125.40	140.90	
05454220	1022	19941022	20141022	21	28.65	45.16	0.82	158.00		0.82	0.95	1.40	1.60	1.95	2.36	3.44	5.24	6.50	8.60	10.10	11.60	14.60	22.00	33.50	51.00	97.40	115.40	153.80	
05454220	1023	19941023	20141023	21	54.27	134.90	0.82	625.00		0.82	1.00	1.63	1.86	2.40	2.88	3.63	5.10	8.19	12.00	13.50	18.60	25.20	36.60	49.00	73.40	94.90	103.20	572.90	
05454220	1024	19941024	20141024	21	35.20	69.50	0.84	314.00		0.92	1.62	1.70	1.90	2.25	3.20	4.78	5.36	6.93	8.30	12.30	15.20	19.60	32.40	39.00	49.20	77.00	92.40	292.00	
05454220	1025	19941025	20141025	21	29.49	48.99	0.82	214.00		0.86	1.28	1.66	1.84	2.50	3.10	3.66	4.78	6.71	10.00	17.10	18.20	20.50	28.80	36.00	46.20	70.50	83.60	201.10	
05454220	1026	19941026	20141026	21	27.71	42.56	0.82	184.00		0.85	1.18	1.50	1.54	1.65	2.24	3.51	4.70	8.86	12.00	15.80	23.20	24.30	28.20	35.50	44.00	65.50	77.00	173.40	
05454220	1027	19941027	20141027	21	27.91	39.45	0.89	162.00		0.90	1.09	1.50	1.54	1.90	2.38	3.34	4.82	8.79	12.00	21.00	22.60	29.30	31.60	36.50	45.00	60.20	89.00	155.30	
05454220	1028	19941028	20141028	21	25.74	36.08	0.78	140.00		0.79	0.88	1.05	1.52	1.95	2.32	3.17	4.86	8.26	12.00	16.60	22.00	24.40	30.40	34.00	40.60	53.50	93.20	136.20	
05454220	1029	19941029	20141029	21	40.90	89.65	0.82	414.00		0.82	0.86	1.04	1.56	1.95	3.00	4.72	7.68	10.73	14.00	23.00	24.60	31.00	32.20	36.50	40.20	52.20	104.20	384.20	
05454220	1030	19941030	20141030	21	72.17	228.09	0.81	1060.00		0.81	0.86	1.08	1.62	2.45	3.46	4.61	7.40	10.70	13.00	21.50	26.60	29.00	30.20	35.50	48.00	54.70	107.80	966.10	
05454220	1031	19941031	20141031	21	34.86	70.41	0.81	322.00		0.81	0.86	1.06	1.80	3.00	3.96	4.69	7.38	8.90	11.00	12.80	21.00	26.20	29.40	33.00	45.60	54.80	93.60	300.10	
05454220	1101	19941101	20141101	21	29.67	50.39	0.82	228.00		0.82	0.84	1.01	2.12	3.30	5.02	6.17	7.80	9.82	11.00	22.20	24.40	26.60	28.40	31.00	38.40	45.50	83.00	214.40	
05454220	1102	19941102	20141102	21	27.96	42.47	0.87	188.00		0.87	0.96	1.54	3.22	5.15	5.58	5.98	7.94	9.48	10.00	23.50	28.00	28.30	29.00	31.00	34.20	43.40	83.00	178.40	
05454220	1103	19941103	20141103	21	26.94	37.08	0.83	162.00		0.84	1.00	1.48	3.02	5.05	6.00	7.52	8.72	9.26	23.00	26.10	27.00	27.00	27.80	29.00	32.60	41.30	80.00	154.70	
05454220	1104	19941104	20141104	21	24.68	33.29	0.83	144.00		0.83	0.94	1.52	2.76	4.65	6.60	7.67	8.82	9.64	10.00	22.10	23.80	27.30	28.00	29.00	32.40	40.30	73.40	137.70	
05454220	1105	19941105	20141105	21	22.87	29.65	0.95	127.00		0.99	1.54	2.10	3.02	5.20	6.90	8.13	8.64	9.60	10.00	19.10	20.40	23.20	26.40	28.50	30.60	38.00	69.00	121.90	
05454220	1106	19941106	20141106	21	22.58	27.73	1.00	118.00		1.05	1.90	3.53	4.08	5.30	6.40	7.99	8.90	9.63	10.00	16.50	21.00	22.80	27.80	29.50	34.80	38.00	65.20	113.40	
05454220	1107	19941107	20141107	21	21.71	25.85	1.00	108.00		1.05	1.68	2.49	2.94	3.70	5.30	6.59	7.60	8.43	9.70	20.00	21.20	26.30	27.40	30.00	35.00	37.00	61.00	103.90	
05454220	1108	19941108	20141108	21	20.62	24.46	0.95	99.00		0.98	1.36	1.87	2.58	3.20	5.08	6.42	6.68	8.14	9.70	19.10	20.80	24.00	25.20	28.00	32.60	37.10	62.00	95.90	
05454220	1109	19941109	20141109	21	21.41	23.57	0.92	90.00		0.93	1.16	1.92	2.52	3.10	5.00	6.27	7.50	8.97	18.00	20.30	23.20	24.90	27.00	29.50	33.80	37.80	66.20	88.30	
05454220	1110	19941110	20141110	21	26.77	43.98	0.95	200.00		0.95	1.14	1.86	2.36	3.05	4.58	6.76	8.34	11.66	17.00	19.30	22.20	23.90	26.40	28.50	32.40	34.70	74.20	188.40	
05454220	1111	19941111	20141111	21	22.80	30.94	0.98	134.00		1.04	1.66	2.11	3.24	4.90	6.14	6.57	7.56	15.18	16.00	18.10	19.20	20.90	23.80	25.00	28.60	33.10	70.80	128.60	
05454220	1112	19941112	20141112	21	21.39	26.40	0.94	108.00		1.02	1.72	2.07	3.54	5.30	5.86	7.02	11.10	14.70	15.00	16.10	17.20	18.60	20.40	23.00	29.20	38.30	70.60	105.00	
05454220	1113	19941113	20141113	21	20.00	24.24	1.30	95.00		1.34	1.74	2.23	3.24	3.80	4.84	6.03	8.38	11.69	13.00	15.20	17.20	18.30	19.40	25.00	30.00	37.00	68.00	93.00	
05454220	1114	19941114	20141114	21	19.63	23.48	1.40	88.00		1.43	1.74	2.44	3.78	4.00	4.64	5.91	8.62	10.82	12.00	14.00	14.60	17.30	18.80	23.00	28.40	47.50	67.00	86.20	
05454220	1115	19941115	20141115	21	18.53	21.35	1.90	78.00		1.92	2.20	2.69	3.22	3.85	4.24	6.43	8.10	9.83	11.00	12.40	16.00	16.30	18.60	23.00	26.80	45.50	62.60	76.70	
05454220	1116	19941116	20141116	21	17.79	20.87	1.90	74.00		1.92	2.20	2.81	3.62	4.10	4.88	5.47	6.14	7.65	9.50	11.20	13.60	16.30	18.60	23.00	26.80	42.70	63.40	73.30	
05454220	1117	19941117	20141117	21	21.11	31.39	1.90	139.00		1.93	2.30	2.82	3.42	4.20	4.98	5.51	7.04	8.66	10.00	11.50	16.00	17.50	21.00	22.50	26.40	39.90	62.60	131.80	
05454220	1118	19941118	20141118	21	18.60	24.93	2.00	104.00		2.01	2.14	2.57	3.44	3.95	4.94	5.57	6.96	9.01	9.50	10.11	12.60	15.30	18.40	22.50	24.80	37.20	61.20	100.20	
05454220	1119	19941119	20141119	21	18.89	23.09	1.90	91.00		1.90	1.92	2.21	2.78	3.25	4.68	5.54	7.20	8.86	9.00	10.40	14.40	16.60	20.00	25.00	35.40	41.70	58.80	88.20	
05454220	1120	19941120	20141120	21	17.96	21.24	1.70	83.00		1.71	1.82	2.17	2.88	3.25	4.10	6.18	8.10	8.58	10.00	10.40	14.20	15.00	18.20	24.50	33.20	40.10	55.40	80.60	
05454220	1121	19941121	20141121	21	18.01	19.94	1.40	78.00		1.45	1.90	2.08	2.86	3.60	4.10	6.40	7.94	8.82	9.80	13.00	13.40	17.40	23.80	28.50	33.80	35.00	51.80	75.80	
05454220	1122	19941122	20141122	21	17.79	19.09	1.40	74.00		1.44	1.84	2.36	3.32	3.50	3.80	6.38	7.96	8.46	9.10	13.10	15.40	21.90	24.00	27.00	30.00	33.50	51.80	72.20	
05454220	1123	19941123	20141123	21	19.60	18.16	1.50	70.00		1.51	1.90	3.19	3.44	5.35	7.56	7.94	8.40	12.55	14.00	14.90	23.00	23.60	26.60	30.50	33.80	35.00	50.20	68.40	
05454220	1124	19941124	20141124	21	19.96	19.32	1.40	70.00		1.50	2.48	2.83	3.14	5.00	7.34	8.32	8.50	9.58	14.00	14.90	23.00	23.60	25.80	27.00	31.20	45.20	56.40	68.80	
05454220	1125	19941125	20141125	21	20.18	25.78	1.10	117.00		1.18	2.00	2.46	2.64	3.45	6.42	7.90	8.30	8.67	13.00	15.20	18.00	22.30	23.80	25.50	29.60	34.10	47.80	110.40	
05454220	1126	19941126	20141126	21	18.82	21.42	1.30	93.00		1.36	2.00	2.43	2.58	3.20	5.68	8.05	8.50	8.77	11.00	14.00	15.40	21.60	23.80	28.00	32.80	34.70	44.60	88.40	
05454220	1127	19941127	20141127	21	18.12	20.32	1.40	85.00		1.46	2.04	2.23	2.34	2.85	5.58	7.10	7.98	8.47	12.00	12.00	13.20	18.90	23.00	28.00	31.80	39.30	44.40	81.00	
05454220	1128	19941128	20141128	21	20.61	21.54	2.00	80.00		2.00	2.00	2.00	2.60	4.10	6.26	7.51	7.68	9.77	11.00	12.00	21.60	24.90	27.80	30.50	38.60	43.70	58.40	78.20	
05454220	1129	19941129	20141129	21	19.76	20.20	1.70	73.00		1.71	1.80	1.86	2.76	4.00	5.84	7.21	7.38	10.64	12.00	14.70	21.40	23.30	25.60	28.50	33.20	41.60	59.20	72.00	
05454220	1130	19941130	20141130	21	18.28	18.31	1.40	68.00		1.46	2.04	2.38	2.84	4.45	6.72	7.34	10.28	11.00	11.00	11.10	13.20	19.50	23.40	27.50	35.20	40.80	50.00	66.40	
05454220	1201	19941201	20141201	21	17.65	16.70	1.70	66.00		1.71	1.92	2.43	3.14	4.75	6.54	7.37	7.88	8.99	10.00	15.20	18.00	22.30	25.00	28.50	29.60	35.60	42.00	63.70	
05454220	1202	19941202	20141202	21	16.22	15.20	1.60	62.00		1.65	2.16	2.43	3.46	5.00	6.18	6.97	7.72	8.08	8.20	13.70	20.20	21.30	22.40	23.50	25.20	32.30	37.40	59.60	
05454220	1203	19941203	20141203	21	15.58	13.81	1.70	59.00		1.73	2.12	2.72	3.56	5.70	7.24	7.40	7.64	11.57	12.00	15.10	16.60	19.30	20.00	21.00	22.60	26.50	36.00	56.90	
05454220	1204	19941204	20141204	21	18.16	18.74	1.60	77.00		1.60	1.82	2.94	3.74	4.30	5.88	7.08	8.08	12.53	14.00	16.30	19.00	19.90	22.00	22.50	24.20	32.70	51.20	74.80	
05454220	1205	19941205	20141205	21	15.82	14.13	1.20	55.00		1.22	1.64	2.84	3.56	3.95	5.24	7.26	8.28	9.48	13.00	16.10	17.40	19.60	21.00	21.50	23.20	32.40	39.20	53.50	
05454220	1206	19941206	20141206	21	17.41	16.39	1.10	59.00		1.14	1.58	1.96	2.98	5.25	6.92	7.68	8.20	8.93	12.00	13.60	19.20	20.30	23.00	26.50	28.80	34.20	49.60	58.40	
05454220	1207	19941207	20141207	21	16.43	16.99	1.10	65.00		1.13	1.42	1.68	2.34	3.80	6.16	7.56	8.76	9.09	9.50	12.20	15.00	19.30	20.80	22.50	24.20	33.40	49.00	63.70	
05454220	1208	19941208	20141208	21	16.62	16.69	1.20	63.00		1.23	1.54	1.76	2.02	3.90	6.26	7.96	9.62	9.90	10.00	12.20	14.80	19.20	22.40	23.50	25.80	31.90	49.20	62.00	
05454220	1209	19941209	20141209	21	16.26	15.63	1.20	56.00		1.22	1.42	1.56	1.98	4.10	6.10	8.26	9.82	10.00	11.00	11.60	17.00	17.60	19.80	22.00	28.40	33.40	47.60	55.50	
05454220	1210	19941210	20141210	21	16.68	14.74	0.90	49.00		0.95	1.46	1.76	2.02	3.80	6.12	8.49	9.70	10.88	12.00	16.00	16.80	20.30	22.20	25.00	30.20	33.70	46.00	49.00	
05454220	1211	19941211	20141211	21	18.10	18.25	0.74	72.00		0.83	1.66	1.90	1.98	3.50	5.86	7.69	8.68	9.34	11.00	19.00	19.20	20.60	22.40	24.00	29.80	39.30	46.80	69.60	
05454220	1212	19941212	20141212	21	19.81	25.78	1.40	117.00		1.43	1.72	1.83	2.06	3.30	6.22	7.78	8.22	8.93	14.00	17.20	19.00	19.30	20.00	21.50	28.40	38.30	46.60	110.10	
05454220	1213	19941213	20141213	21	16.98	16.82	1.50	67.00		1.54	1.92	2.06	2.20	3.00	5.42	7.20	9.50	11.80	13.00	14.10	15.40	17.90	21.20	23.50	28.20	34.50	44.80	65.00	
05454220	1214	19941214	20141214	21	17.21	15.37	1.90	49.00		1.90	1.92	2.21	2.86	3.60	6.44	8.07	9.30	10.86	13.00	14.10	15.40	18.50	22.40	26.50	33.00	42.00	45.80	48.70	
05454220	1215	19941215	20141215	21	17.79	15.94	1.90	65.00		1.94	2.30	2.36	2.66	3.90	7.24	8.87	10.58	11.90	15.00	16.10	17.00	18.80	24.60	28.00	29.60	34.90	39.40	62.50	
05454220	1216	19941216	20141216	21	16.35	12.19	1.30	44.00		1.39	2.22	2.42	2.70	4.40	7.90	9.73	11.60	12.90	15.00	15.20	17.60	20.90	24.20	27.50	29.00	29.00	33.80	43.10	
05454220	1217	19941217	20141217	21	14.90	11.02	1.40	38.00		1.46	2.04	2.26	2.64	4.25	7.48	9.29	9.90	12.70	15.00	15.10	16.20	17.60	19.80	22.50	24.60	27.10	35.20	37.90	
05454220	1218	19941218	20141218	21	15.40	11.67	1.60	38.00		1.61	1.76	2.24	2.88	3.95	7.06	9.20	9.50	10.85	13.00	14.10	15.80	20.20	24.20	26.50	28.20	31.10	32.80	37.50	
05454220	1219	19941219	20141219	21	13.73	10.74	1.60	36.00		1.60	1.64	2.04	2.68	3.35	6.54	8.65	8.96	9.00	10.00	11.20	13.20	16.70	23.00	24.50	26.00	26.70	29.40	35.40	
05454220	1220	19941220	20141220	21	13.99	10.39	2.00	35.00		2.02	2.24	2.46	2.84	4.65	6.82	7.79	8.80	9.90	11.00	12.30	15.20	17.20	21.60	24.00	24.60	26.40	31.00	34.70	
05454220	1221	19941221	20141221	21	20.59	32.05	1.80	154.00		1.82	2.10	2.62	2.90	4.20	7.30	8.50	8.74	11.68	14.00	14.40	18.40	20.00	22.00	25.50	26.00	26.70	31.80	141.90	
05454220	1222	19941222	20141222	21	24.90	45.24	1.40	209.00		1.47	2.22	2.73	3.08	3.50	6.08	8.08	8.84	10.80	13.00	13.30	16.80	20.30	21.40	22.50	23.00	32.10	67.20	195.60	
05454220	1223	19941223	20141223	21	27.58	53.45	1.20	249.00		1.36	2.82	2.90	2.94	3.15	4.02	7.72	9.34	10.84	11.00	12.50	17.20	18.90	21.00	22.50	35.40	45.80	62.20	230.70	
05454220	1224	19941224	20141224	21	24.42	34.62	1.50	145.00		1.61	2.60	2.75	3.18	3.65	5.02	7.24	8.46	9.41	12.00	15.00	15.60	18.60	20.40	23.50	38.60	63.80	73.40	137.90	
05454220	1225	19941225	20141225	21	42.18	106.62	1.90	495.00		2.01	3.02	3.16	3.46	3.95	6.36	8.08	9.32	9.96	10.00	15.30	18.00	18.30	20.60	25.00	34.80	51.90	98.60	456.40	
05454220	1226	19941226	20141226	21	30.36	58.09	2.60	269.00		2.62	2.88	3.29	3.50	4.30	6.42	8.49	9.40	10.85	13.00	16.20	18.20	19.90	22.80	26.50	33.80	43.30	78.80	250.80	
05454220	1227	19941227	20141227	21	38.06	70.98	2.40	302.00		2.47	3.16	3.46	3.60	4.80	7.20	8.07	8.82	9.00	16.00	17.00	17.40	20.20	25.00	32.00	39.60	64.40	150.00	288.70	
05454220	1228	19941228	20141228	21	47.88	109.19	2.00	506.00		2.08	2.92	3.55	3.98	5.15	7.58	9.27	9.92	11.80	17.00	18.20	20.80	24.60	28.40	36.50	55.40	65.00	116.20	468.30	
05454220	1229	19941229	20141229	21	32.96	56.38	2.30	255.00		2.36	2.92	3.39	4.30	5.45	6.84	8.26	11.36	12.90	18.00	18.10	19.20	20.30	24.60	34.00	42.20	54.10	96.40	240.10	
05454220	1230	19941230	20141230	21	26.28	29.39	2.70	105.00		2.71	2.86	3.34	4.02	5.35	7.28	7.87	12.78	14.00	15.00	18.20	20.40	23.80	30.00	35.00	47.80	55.00	88.60	104.20	
05454220	1231	19941231	20141231	21	32.84	50.13	1.80	221.00		1.94	3.28	3.69	3.90	4.70	6.34	9.00	10.78	11.90	14.00	18.00	19.20	25.20	28.40	32.50	60.00	78.10	83.80	207.40	
