site_no	monthday	begin_dt	end_dt	count_nu	mean	std	min	max	p01	p05	p10	p15	p20	p25	p30	p35	p40	p45	p50	p55	p60	p65	p70	p75	p80	p85	p90	p95	p99
05535500	ALL	19520808	20160224	23211	14.63	27.87	0.00	753.00	0.30	1.30	2.30	3.10	3.60	4.00	4.40	4.80	5.30	5.80	6.50	7.30	8.40	9.70	11.00	14.00	17.00	22.00	31.00	54.00	136.00
05535500	0101	19530101	20160101	64	9.82	11.27	0.20	67.00		0.70	1.25	2.17	3.10	3.70	4.10	4.58	5.00	5.60	6.05	6.40	7.00	7.83	9.70	13.00	15.00	18.50	22.50	30.75	
05535500	0102	19530102	20160102	64	10.10	13.46	0.00	93.00		0.88	1.40	2.33	3.60	4.03	4.40	4.97	5.50	5.62	5.95	6.35	6.80	8.55	11.00	13.00	16.00	17.00	18.00	30.50	
05535500	0103	19530103	20160103	64	9.72	10.17	0.00	57.00		0.85	1.40	2.17	3.50	3.85	4.40	5.00	5.60	5.80	6.40	6.90	7.70	8.65	10.50	12.00	14.00	16.25	23.50	29.75	
05535500	0104	19530104	20160104	64	13.85	23.37	0.20	132.00		0.65	1.35	2.42	3.50	3.95	4.50	4.92	5.60	5.97	6.30	6.78	7.60	8.40	10.00	10.75	14.00	20.00	29.00	81.25	
05535500	0105	19530105	20160105	64	11.35	19.01	0.20	125.00		0.65	1.65	2.90	3.30	4.03	4.45	4.78	5.40	5.80	6.30	6.75	7.50	8.38	9.20	10.00	12.00	14.75	21.50	56.00	
05535500	0106	19530106	20160106	64	10.15	17.41	0.20	125.00		0.62	1.50	2.67	3.70	4.12	4.65	5.08	5.60	5.80	6.00	6.50	7.10	8.00	8.20	8.68	9.90	12.50	17.00	35.00	
05535500	0107	19530107	20160107	64	8.53	10.96	0.20	73.00		0.55	1.50	2.35	3.60	4.00	4.45	4.85	5.40	5.60	5.90	6.45	7.00	7.22	7.60	8.00	9.10	11.00	14.50	29.75	
05535500	0108	19530108	20160108	64	8.78	10.83	0.20	59.00		0.60	1.30	2.35	3.30	3.83	4.00	4.53	4.90	5.10	5.40	5.55	6.60	6.85	7.80	8.40	9.20	14.25	23.00	32.50	
05535500	0109	19530109	20160109	64	8.44	13.00	0.20	79.00		0.62	1.30	2.62	3.20	3.80	4.20	4.55	4.70	5.03	5.35	5.60	6.20	6.55	7.25	7.40	8.20	10.25	15.50	28.75	
05535500	0110	19530110	20160110	64	9.52	19.89	0.20	155.00		0.55	1.40	2.38	3.20	4.10	4.30	4.47	4.60	5.08	5.45	5.95	6.20	6.67	7.45	8.07	8.70	11.25	13.50	31.50	
05535500	0111	19530111	20160111	64	9.26	15.41	0.20	105.00		0.57	1.60	2.15	3.50	3.92	4.30	4.58	4.70	5.12	5.70	5.97	6.30	6.85	7.50	7.95	9.00	10.12	19.00	42.50	
05535500	0112	19530112	20160112	64	9.96	20.34	0.10	138.00		0.57	1.50	2.27	3.00	3.65	4.05	4.60	5.00	5.10	5.20	5.58	6.20	6.75	7.10	7.58	8.90	12.25	15.50	29.25	
05535500	0113	19530113	20160113	64	11.23	26.06	0.10	183.00		0.57	1.60	2.48	3.00	3.48	3.95	4.58	4.80	4.90	5.10	5.40	5.70	6.08	6.65	7.15	10.00	11.00	20.50	35.25	
05535500	0114	19530114	20160114	64	10.70	24.62	0.10	184.00		0.55	1.95	2.60	3.00	3.42	3.80	4.33	4.70	4.83	4.90	5.15	5.50	6.03	6.35	7.62	9.50	11.25	18.50	45.75	
05535500	0115	19530115	20160115	64	9.22	14.60	0.10	80.00		0.65	2.00	2.38	2.90	3.33	3.75	4.17	4.50	4.60	4.75	5.00	5.40	5.95	6.20	7.53	9.00	11.50	19.00	39.75	
05535500	0116	19530116	20160116	64	7.80	8.87	0.10	48.00		0.62	1.30	2.15	2.70	3.33	3.70	4.00	4.50	4.62	4.95	5.20	5.80	6.38	7.35	8.00	8.80	13.00	17.50	30.25	
05535500	0117	19530117	20160117	64	8.07	7.86	0.10	43.00		0.55	1.15	2.23	2.60	3.20	3.45	3.80	4.30	5.00	5.10	5.58	6.60	7.65	9.40	11.50	12.00	16.00	20.00	24.25	
05535500	0118	19530118	20160118	64	9.09	15.65	0.10	117.00		0.55	1.45	2.05	2.50	2.95	3.45	3.70	4.20	4.60	4.70	4.95	6.30	8.15	9.65	9.97	11.00	14.25	18.00	21.00	
05535500	0119	19530119	20160119	64	7.52	8.57	0.10	44.00		0.62	1.45	2.33	2.50	3.05	3.45	4.00	4.30	4.42	4.55	4.97	5.60	7.30	8.45	9.20	9.90	11.00	15.00	32.25	
05535500	0120	19530120	20160120	64	8.55	17.65	0.20	136.00		0.70	1.40	2.27	2.60	3.23	3.45	3.90	4.10	4.28	4.75	4.80	5.80	6.70	7.35	8.57	8.70	9.62	13.00	27.00	
05535500	0121	19530121	20160121	64	9.32	18.97	0.30	132.00		0.62	1.25	2.27	2.70	3.20	3.30	3.77	4.00	4.15	4.60	4.70	6.10	6.62	7.85	8.40	8.70	12.00	13.50	29.75	
05535500	0122	19530122	20160122	64	13.73	28.57	0.40	190.00		0.65	1.55	2.35	3.10	3.23	3.55	3.80	4.20	4.35	4.95	6.20	6.80	7.42	8.00	8.50	9.90	12.25	47.00	72.75	
05535500	0123	19530123	20160123	64	16.32	37.68	0.40	214.00		0.60	1.70	2.35	3.10	3.20	3.35	3.95	4.50	4.72	5.10	5.95	6.70	7.03	8.00	9.00	10.00	16.00	40.00	80.75	
05535500	0124	19530124	20160124	64	14.31	25.88	0.30	130.00		0.62	1.55	2.48	3.00	3.20	3.40	4.05	4.40	5.25	5.80	5.95	6.70	7.25	8.50	9.82	12.00	16.75	46.50	90.50	
05535500	0125	19530125	20160125	64	11.35	16.66	0.30	76.00		0.60	1.60	2.40	2.90	3.33	3.45	4.33	4.60	4.90	5.35	5.88	6.50	7.75	8.10	9.38	11.00	23.50	30.50	62.75	
05535500	0126	19530126	20160126	64	10.65	20.73	0.30	151.00		0.60	1.55	1.95	2.80	3.30	3.95	4.35	4.50	5.05	5.45	6.15	6.70	7.85	8.50	9.22	10.00	13.25	21.50	32.25	
05535500	0127	19530127	20160127	64	12.05	33.23	0.30	262.00		0.60	1.45	1.77	2.80	3.35	4.10	4.38	4.80	5.22	5.60	6.38	6.60	7.17	8.15	10.00	10.00	12.50	22.50	25.75	
05535500	0128	19530128	20160128	64	9.50	12.46	0.30	59.00		0.60	1.40	1.68	2.70	3.20	3.70	4.17	4.60	4.90	5.65	6.08	6.40	6.75	7.85	9.90	12.00	15.00	22.50	49.50	
05535500	0129	19530129	20160129	64	12.38	18.52	0.30	88.00		0.62	1.20	1.85	2.70	3.02	3.45	3.75	4.20	4.58	5.35	6.10	6.70	8.47	11.00	12.75	15.00	20.00	34.50	66.50	
05535500	0130	19530130	20160130	64	12.58	22.01	0.30	122.00		0.53	1.15	1.80	2.70	3.00	3.30	3.77	3.90	4.92	5.40	5.78	7.00	7.85	9.05	9.97	12.00	18.00	30.00	75.00	
05535500	0131	19530131	20160131	64	10.40	16.03	0.30	103.00		0.60	1.25	1.77	2.50	3.02	3.30	3.73	4.20	5.08	5.60	6.22	7.00	8.35	8.95	10.00	12.00	15.50	25.50	44.75	
05535500	0201	19530201	20160201	64	10.19	14.34	0.30	96.00		0.60	1.15	1.77	2.30	3.00	3.25	4.28	5.00	5.25	5.85	6.08	7.90	9.22	10.50	11.75	12.00	18.25	23.50	38.00	
05535500	0202	19530202	20160202	64	12.51	20.44	0.30	107.00		0.60	1.00	1.60	2.30	3.02	3.60	4.67	4.90	5.40	5.80	6.88	7.40	8.10	9.95	13.00	14.00	19.50	26.50	78.00	
05535500	0203	19530203	20160203	64	10.02	13.39	0.10	78.00		0.65	0.95	1.57	2.30	3.02	3.50	4.40	5.00	5.40	6.00	6.88	7.20	8.28	9.70	10.75	13.00	17.25	20.00	42.50	
05535500	0204	19530204	20160204	64	10.81	17.21	0.10	130.00		0.65	1.00	1.65	2.60	3.20	3.80	4.38	5.10	5.62	6.55	7.35	9.00	9.55	11.00	12.00	14.00	17.50	24.00	33.75	
05535500	0205	19530205	20160205	64	10.20	11.17	0.40	57.00		0.62	1.35	1.77	2.80	3.02	3.95	4.08	4.80	5.30	6.20	8.07	9.10	9.82	11.00	11.75	14.00	18.25	27.50	39.25	
05535500	0206	19530206	20160206	64	10.29	13.71	0.40	86.00		0.75	1.60	2.23	2.90	3.40	3.90	4.47	4.80	5.50	6.45	8.00	8.30	9.43	9.95	11.75	13.00	16.25	25.00	29.25	
05535500	0207	19530207	20160207	64	11.93	22.02	0.40	158.00		0.88	1.50	2.27	2.90	3.08	4.00	4.17	4.90	5.50	6.80	7.65	8.10	8.62	9.75	11.75	12.00	14.50	23.00	55.25	
05535500	0208	19530208	20160208	64	10.98	14.74	0.30	84.00		1.02	2.00	2.62	2.90	3.50	4.00	4.58	5.10	5.47	6.60	7.00	7.50	9.20	10.00	11.00	13.00	18.25	20.00	45.50	
05535500	0209	19530209	20160209	64	13.70	31.71	0.50	207.00		1.35	2.25	2.88	3.10	3.55	4.45	4.70	5.00	5.60	6.55	7.55	8.30	8.85	9.65	11.00	12.00	15.25	22.50	34.00	
05535500	0210	19530210	20160210	64	14.40	31.84	0.50	234.00		1.32	2.55	2.98	3.50	4.00	4.05	4.60	5.00	5.47	6.50	6.92	7.60	8.25	9.00	9.47	10.00	18.00	38.50	59.75	
05535500	0211	19530211	20160211	64	12.60	20.49	0.50	106.00		1.18	2.15	2.90	3.20	3.62	4.05	4.38	4.60	5.80	6.30	6.67	7.40	7.65	8.20	9.00	12.00	20.00	30.00	68.00	
05535500	0212	19530212	20160212	64	12.77	22.07	0.40	118.00		0.80	2.05	2.90	3.20	3.58	3.95	4.50	4.60	5.08	5.85	5.97	7.10	7.45	7.80	8.88	13.00	21.50	29.50	61.25	
05535500	0213	19530213	20160213	64	12.26	28.74	0.50	227.00		0.80	2.00	2.88	3.10	3.52	4.05	4.38	4.70	5.42	5.85	6.70	7.10	7.40	7.80	8.60	12.00	18.75	28.00	34.75	
05535500	0214	19530214	20160214	64	9.58	11.48	0.70	58.00		1.25	2.00	2.75	3.30	3.40	4.10	4.65	5.00	5.38	5.95	6.47	7.00	7.50	9.15	11.00	13.00	16.00	20.50	43.00	
05535500	0215	19530215	20160215	64	9.12	8.87	0.70	44.00		1.12	1.95	2.67	3.10	3.80	4.40	4.50	4.80	5.17	6.55	6.90	7.50	8.00	8.35	11.75	15.00	16.00	19.50	31.00	
05535500	0216	19530216	20160216	64	10.48	12.67	0.60	82.00		0.93	2.00	2.55	3.00	3.83	4.35	4.78	5.00	5.62	6.75	7.17	8.90	11.00	11.50	12.00	14.00	17.75	23.50	30.75	
05535500	0217	19530217	20160217	64	14.56	22.63	0.60	124.00		0.85	1.95	2.88	3.50	4.00	4.60	5.00	5.60	6.28	7.35	8.07	9.00	9.85	10.00	11.75	17.00	23.00	38.00	62.75	
05535500	0218	19530218	20160218	64	16.72	24.68	0.60	109.00		1.12	1.80	2.92	3.80	4.65	5.30	5.85	6.90	7.42	8.75	9.20	9.40	9.78	12.00	14.75	23.00	29.00	43.50	94.75	
05535500	0219	19530219	20160219	64	18.16	32.79	0.60	194.00		1.12	2.05	2.95	4.00	4.75	5.35	5.78	6.50	7.97	8.45	9.15	12.00	12.25	15.50	21.75	24.00	29.50	34.50	49.25	
05535500	0220	19530220	20160220	64	20.40	33.63	0.60	179.00		1.30	2.65	3.30	4.30	4.62	5.40	5.97	7.60	8.30	9.00	9.90	11.00	15.00	18.00	21.25	24.00	26.25	45.50	111.75	
05535500	0221	19530221	20160221	64	22.75	43.27	0.50	306.00		1.35	2.35	3.55	4.20	5.33	5.70	6.83	8.40	9.57	10.00	10.75	12.00	13.50	16.50	20.00	30.00	36.00	61.00	103.75	
05535500	0222	19530222	20160222	64	22.35	32.60	0.50	195.00		1.35	2.50	3.40	4.10	5.40	6.10	6.97	7.50	8.55	9.85	11.75	15.00	17.00	19.50	24.50	38.00	48.50	51.50	82.25	
05535500	0223	19530223	20160223	64	22.12	31.43	0.50	175.00		1.38	3.15	3.60	4.30	5.70	6.25	6.95	7.50	8.93	10.00	12.75	13.00	16.00	20.50	26.50	30.00	45.00	60.50	99.50	
05535500	0224	19530224	20160224	64	23.73	37.55	0.70	220.00		2.05	2.90	3.75	4.50	5.60	6.20	7.05	8.00	9.70	10.50	13.00	14.00	17.25	23.50	25.75	29.00	38.25	62.00	97.00	
05535500	0225	19530225	20150225	63	18.33	20.82	0.70	101.00		2.24	3.10	3.72	4.56	5.40	6.50	6.94	8.96	9.46	11.00	12.00	13.00	15.00	19.20	23.00	25.80	33.00	49.20	73.80	
05535500	0226	19530226	20150226	63	19.19	22.18	0.70	103.00		2.32	3.14	3.80	4.44	5.70	6.44	8.00	8.36	9.52	11.00	13.00	13.80	17.00	19.80	24.00	28.40	36.40	45.60	81.60	
05535500	0227	19530227	20150227	63	20.96	29.56	0.70	150.00		2.22	3.26	4.16	4.56	5.50	7.00	7.62	8.92	9.94	12.00	14.20	15.40	17.60	18.00	23.00	25.40	31.40	38.80	109.80	
05535500	0228	19530228	20150228	63	17.12	18.28	0.70	101.00		2.22	3.52	4.16	4.58	5.60	7.06	8.76	9.46	11.00	12.00	12.20	13.40	17.00	20.60	23.00	25.20	28.00	34.00	58.80	
05535500	0229	19560229	20120229	15	13.81	16.55	2.20	71.00			2.20	2.36	3.40	6.60	8.20	8.84	9.40	10.00	10.00	10.80	11.00	12.20	14.20	15.00	16.60	17.00	38.60		
05535500	0301	19530301	20150301	63	20.25	27.61	0.70	160.00		2.26	3.06	3.76	4.28	6.20	7.52	8.60	9.46	10.00	11.00	12.20	14.00	16.60	18.00	20.00	28.40	34.00	47.80	91.60	
05535500	0302	19530302	20150302	63	19.91	22.55	0.80	120.00		2.14	3.00	4.16	4.60	5.70	6.82	7.72	9.02	10.80	11.00	12.20	14.00	15.20	19.80	31.00	36.00	40.00	42.60	72.60	
05535500	0303	19530303	20150303	63	22.13	28.65	1.30	168.00		2.64	3.44	4.76	5.76	6.50	7.10	7.30	7.96	9.60	12.00	13.00	15.20	20.20	21.80	28.00	31.00	40.80	51.40	92.40	
05535500	0304	19530304	20150304	63	32.59	59.90	1.10	376.00		2.64	3.88	5.16	5.80	6.50	6.72	7.54	9.04	9.54	11.00	14.20	17.20	21.60	25.40	35.00	43.60	54.80	73.40	159.00	
05535500	0305	19530305	20150305	63	31.20	52.88	1.00	299.00		2.80	4.16	5.20	6.20	6.60	7.62	7.98	9.20	10.00	12.00	14.00	16.40	20.20	27.60	31.00	32.60	47.40	76.00	185.40	
05535500	0306	19530306	20150306	63	20.37	22.23	0.90	113.00		3.34	4.14	4.64	5.64	7.40	7.72	8.96	10.60	11.00	12.00	13.20	16.40	18.60	19.80	22.00	30.40	40.40	43.60	80.40	
05535500	0307	19530307	20150307	63	18.70	18.66	1.10	88.00		2.80	4.34	5.00	6.86	7.50	7.74	8.46	9.62	10.80	12.00	12.20	16.40	19.20	21.00	25.00	28.20	31.40	39.20	73.60	
05535500	0308	19530308	20150308	63	23.43	34.80	1.10	228.00		2.80	4.30	4.92	6.12	6.80	7.58	8.64	9.44	11.60	14.00	15.00	18.00	19.60	21.80	25.00	30.00	31.80	53.40	93.60	
05535500	0309	19530309	20150309	63	24.47	30.14	1.50	136.00		2.96	4.04	4.92	6.04	6.90	7.54	8.88	9.72	9.98	14.00	17.00	18.00	21.20	23.00	25.00	32.20	44.60	64.20	106.80	
05535500	0310	19530310	20150310	63	28.72	38.28	2.50	181.00		2.66	3.58	4.52	6.16	7.50	8.18	11.00	13.00	13.00	14.00	14.40	16.40	21.20	24.80	27.00	41.80	51.80	82.00	138.60	
05535500	0311	19530311	20150311	63	25.90	30.45	2.40	137.00		2.98	4.20	5.38	6.84	7.60	8.32	10.00	11.60	12.00	14.00	16.20	18.80	21.00	23.80	28.00	36.40	49.80	76.00	104.80	
05535500	0312	19530312	20150312	63	26.32	26.65	2.00	135.00		2.72	5.36	6.52	7.80	9.00	11.00	12.40	14.00	16.00	18.00	19.00	19.00	22.00	26.00	29.00	36.60	59.00	69.20	87.60	
05535500	0313	19530313	20150313	63	32.85	46.34	1.90	252.00		2.76	5.60	6.40	7.24	8.00	9.58	10.40	13.00	14.00	16.00	17.20	18.80	21.60	27.80	37.00	52.20	62.40	80.40	132.00	
05535500	0314	19530314	20150314	63	25.89	25.15	1.80	106.00		2.60	4.92	6.52	7.86	8.90	11.00	11.40	12.60	13.80	16.00	18.00	19.00	19.00	29.00	38.00	49.40	59.40	63.80	82.60	
05535500	0315	19530315	20150315	63	23.22	19.95	1.60	104.00		2.72	4.92	7.16	8.74	9.20	11.00	12.00	12.60	13.00	15.00	16.20	18.20	24.20	29.60	35.00	41.20	46.00	54.00	61.60	
05535500	0316	19530316	20150316	63	21.85	19.36	1.60	112.00		3.62	4.84	6.52	7.26	8.40	10.20	12.00	12.00	13.80	15.00	20.00	20.40	25.00	28.80	30.00	32.20	36.00	44.00	66.00	
05535500	0317	19530317	20150317	63	22.68	22.29	1.60	131.00		3.60	4.92	6.26	7.08	8.60	9.76	10.00	11.60	13.80	19.00	20.00	22.40	23.00	24.80	27.00	28.20	34.20	52.00	74.00	
05535500	0318	19530318	20150318	63	24.59	33.28	1.60	207.00		2.74	5.68	6.86	7.20	8.40	9.26	10.40	12.00	13.80	16.00	16.40	18.40	20.00	21.00	25.00	29.00	37.80	50.60	107.80	
05535500	0319	19530319	20150319	63	27.75	46.56	1.70	282.00		2.70	6.14	7.86	8.78	9.80	10.00	11.00	12.00	13.00	14.00	15.20	16.40	19.80	22.80	27.00	31.00	36.40	45.60	119.80	
05535500	0320	19530320	20150320	63	23.70	26.94	1.50	156.00		3.28	6.16	8.00	8.90	10.00	11.00	12.00	12.60	14.00	15.00	16.00	17.80	20.60	22.00	25.00	26.20	38.60	51.00	94.00	
05535500	0321	19530321	20150321	63	22.43	21.33	1.50	113.00		4.82	6.16	7.38	7.98	9.40	9.84	10.40	11.60	13.00	14.00	15.00	16.00	18.00	21.80	32.00	39.20	44.20	50.60	71.40	
05535500	0322	19530322	20150322	63	24.57	34.29	1.50	250.00		4.60	5.86	6.50	7.68	8.10	9.42	9.88	12.00	12.00	12.00	14.00	16.00	23.60	26.60	30.00	33.40	43.60	54.60	67.80	
05535500	0323	19530323	20150323	63	23.52	31.24	1.70	182.00		4.60	5.54	6.40	7.32	8.30	8.76	10.00	11.00	11.80	12.00	14.00	17.40	20.00	21.80	24.00	31.60	35.80	52.60	80.40	
05535500	0324	19530324	20150324	63	21.40	23.24	2.50	106.00		5.08	6.04	6.84	7.46	7.70	8.02	9.24	9.90	12.00	13.00	14.20	16.40	18.00	19.00	22.00	30.40	36.60	49.80	87.80	
05535500	0325	19530325	20150325	63	24.82	38.85	2.40	263.00		5.04	5.94	6.40	6.90	8.30	8.96	11.00	11.60	12.00	13.00	14.00	15.00	16.60	19.00	22.00	27.40	42.40	56.80	88.00	
05535500	0326	19530326	20150326	63	18.46	17.17	2.00	83.00		5.26	5.98	6.36	6.98	7.90	8.56	9.36	10.60	11.00	12.00	13.00	13.00	15.20	16.00	20.00	25.20	38.20	49.80	59.80	
05535500	0327	19530327	20150327	63	20.87	23.03	2.10	128.00		4.72	5.40	6.70	7.08	7.40	8.20	9.08	9.62	9.96	11.00	13.00	15.00	17.00	20.00	26.00	34.20	38.20	44.00	65.80	
05535500	0328	19530328	20150328	63	23.06	22.65	3.20	107.00		4.48	6.52	7.46	8.20	8.70	9.20	9.82	10.60	12.80	14.00	15.00	18.80	22.00	25.80	27.00	37.00	44.40	53.20	70.80	
05535500	0329	19530329	20150329	63	25.59	32.73	3.90	188.00		5.26	6.70	7.30	8.00	8.40	11.00	11.00	12.00	13.80	15.00	16.20	19.80	22.60	26.60	29.00	31.20	39.40	54.60	86.80	
05535500	0330	19530330	20150330	63	22.61	29.50	3.50	181.00		4.66	6.14	6.58	7.84	8.90	9.74	10.00	12.20	13.80	16.00	17.00	18.00	20.00	21.00	23.00	26.20	29.00	46.60	67.60	
05535500	0331	19530331	20150331	63	25.67	31.39	2.50	171.00		3.64	5.54	6.16	7.38	7.90	8.72	9.54	11.60	13.00	15.00	16.20	17.40	19.60	21.80	26.00	35.00	44.80	76.00	98.20	
05535500	0401	19530401	20150401	63	29.77	53.47	3.10	372.00		4.82	5.68	6.42	7.20	7.60	8.78	9.18	11.00	12.00	14.00	15.00	17.40	18.00	20.00	27.00	34.20	46.00	76.00	124.80	
05535500	0402	19530402	20150402	63	30.87	63.86	3.30	485.00		4.08	5.00	6.00	6.70	7.70	8.32	9.08	10.56	12.00	13.00	15.00	18.40	20.00	23.60	27.00	36.80	47.60	66.80	109.80	
05535500	0403	19530403	20150403	63	26.42	31.29	3.00	153.00		4.26	5.00	5.60	6.90	7.30	7.90	8.70	10.52	11.00	14.00	16.20	19.40	23.60	27.60	31.00	37.00	57.60	70.00	113.40	
05535500	0404	19530404	20150404	63	23.03	23.63	2.50	131.00		4.10	5.28	6.20	7.22	7.70	8.28	10.40	11.60	13.00	14.00	16.20	18.00	21.60	23.80	32.00	33.00	43.80	55.00	76.80	
05535500	0405	19530405	20150405	63	20.55	20.08	1.60	87.00		3.86	5.54	6.14	6.58	7.30	8.42	9.20	11.00	12.00	13.00	15.00	16.40	19.60	21.00	22.00	28.60	40.60	50.20	76.00	
05535500	0406	19530406	20150406	63	26.52	39.77	1.80	183.00		3.42	5.08	5.96	6.38	6.80	7.44	8.36	9.66	10.80	12.00	15.20	17.00	18.00	19.80	25.00	32.40	36.80	57.80	158.80	
05535500	0407	19530407	20150407	63	17.85	15.93	1.80	68.00		3.52	5.00	5.36	5.86	6.50	7.52	8.18	9.30	9.94	13.00	14.00	14.40	16.00	19.00	21.00	28.60	35.40	44.60	55.60	
05535500	0408	19530408	20150408	63	21.81	24.61	1.60	158.00		4.42	4.84	5.30	6.48	7.40	8.00	8.94	9.88	11.80	12.00	15.20	17.00	19.60	23.80	30.00	33.20	37.80	51.80	66.80	
05535500	0409	19530409	20150409	63	30.07	42.14	2.00	202.00		3.12	4.84	5.12	6.26	6.70	7.52	10.00	11.60	12.80	14.00	17.00	18.80	21.60	25.80	31.00	41.40	55.60	83.00	156.80	
05535500	0410	19530410	20150410	63	22.20	24.55	2.00	114.00		2.98	4.44	5.14	6.14	6.50	7.46	9.34	9.88	11.00	13.00	14.20	17.40	21.00	22.80	28.00	31.00	40.20	52.60	87.20	
05535500	0411	19530411	20150411	63	22.99	25.17	1.60	116.00		3.22	4.64	4.96	5.80	7.30	9.02	9.34	10.48	11.80	15.00	16.00	18.00	22.60	24.80	26.00	33.20	37.60	64.80	88.20	
05535500	0412	19530412	20150412	63	26.21	41.11	1.90	297.00		4.30	4.84	5.88	6.38	6.80	8.64	9.88	12.00	13.00	15.00	16.00	17.80	21.00	22.60	32.00	35.20	40.40	54.60	86.00	
05535500	0413	19530413	20150413	63	19.13	17.64	1.90	100.00		4.26	4.84	5.36	6.28	6.80	9.74	11.00	12.00	13.00	14.00	16.00	18.00	18.60	21.00	23.00	28.20	30.00	36.80	57.80	
05535500	0414	19530414	20150414	63	22.48	27.31	1.90	140.00		3.80	4.62	5.10	6.04	6.90	10.20	11.00	11.00	14.00	15.00	15.00	16.40	17.00	19.00	22.00	26.40	36.60	62.80	78.20	
05535500	0415	19530415	20150415	63	28.50	41.63	1.80	204.00		4.60	4.80	5.66	6.18	7.60	9.60	10.00	12.00	13.00	14.00	16.00	19.00	20.60	23.60	27.00	33.60	39.20	76.80	148.00	
05535500	0416	19530416	20150416	63	29.83	49.33	1.70	310.00		4.42	5.10	5.72	6.90	8.80	9.40	10.40	11.00	12.00	14.00	16.00	18.00	19.60	25.40	30.00	37.00	44.40	60.60	139.40	
05535500	0417	19530417	20150417	63	24.39	30.94	1.70	144.00		4.32	5.64	6.32	7.20	8.10	9.26	10.00	11.00	12.00	13.00	15.00	17.40	19.20	21.80	24.00	29.20	39.20	49.60	124.40	
05535500	0418	19530418	20150418	63	24.37	46.98	1.50	362.00		4.52	5.44	6.12	6.86	7.40	7.88	8.74	9.20	11.00	12.00	13.20	15.40	17.60	19.00	23.00	27.40	36.20	54.00	76.40	
05535500	0419	19530419	20150419	63	22.00	27.62	1.40	140.00		4.74	5.74	6.20	6.30	7.50	8.24	9.08	11.00	12.00	12.00	14.20	15.40	17.00	22.00	25.00	28.40	35.00	42.60	98.40	
05535500	0420	19530420	20150420	63	24.07	33.39	1.20	217.00		4.56	5.06	5.68	6.88	7.60	8.44	9.84	11.60	12.00	14.00	16.20	17.40	19.60	20.80	23.00	24.20	32.20	61.60	92.80	
05535500	0421	19530421	20150421	63	22.18	28.14	1.40	180.00		3.58	4.88	5.72	6.90	8.10	9.16	10.00	11.00	12.00	13.00	14.00	15.00	17.80	20.00	25.00	33.20	38.00	46.20	83.20	
05535500	0422	19530422	20150422	63	30.31	61.05	1.30	417.00		4.14	5.36	6.64	7.58	8.10	8.90	9.00	9.60	10.80	13.00	14.00	16.00	18.60	20.00	23.00	28.00	38.80	68.80	155.60	
05535500	0423	19530423	20150423	63	26.56	39.92	1.20	239.00		4.12	5.00	5.68	6.28	7.10	7.62	8.34	9.00	10.00	12.00	13.00	15.40	18.60	22.80	25.00	30.20	57.80	65.80	102.00	
05535500	0424	19530424	20150424	63	20.46	20.62	1.20	97.00		3.64	4.34	5.30	6.40	7.40	8.12	9.36	10.00	11.80	12.00	14.40	16.40	19.60	21.00	26.00	31.20	35.80	49.80	75.80	
05535500	0425	19530425	20150425	63	29.35	57.38	1.20	400.00		3.62	4.70	5.88	7.18	9.50	10.00	11.00	11.00	13.00	14.00	16.00	16.00	17.00	19.00	23.00	24.00	50.60	65.20	106.80	
05535500	0426	19530426	20150426	63	27.36	37.08	1.20	168.00		3.74	4.80	5.30	6.38	8.10	9.50	9.84	11.00	11.00	13.00	13.00	14.00	15.00	18.00	21.00	43.80	55.20	92.40	126.40	
05535500	0427	19530427	20150427	63	23.68	31.96	1.30	199.00		3.72	5.00	6.32	6.80	7.80	8.70	9.08	9.48	9.98	11.00	12.00	13.40	14.60	16.00	23.00	36.40	49.60	71.20	84.20	
05535500	0428	19530428	20150428	63	30.20	44.76	2.20	210.00		3.92	4.98	5.80	7.26	8.80	9.32	10.40	11.00	11.80	14.00	15.00	16.40	20.60	24.00	26.00	29.20	52.80	86.20	156.20	
05535500	0429	19530429	20150429	63	24.10	26.99	3.20	161.00		4.64	5.20	6.20	7.26	8.50	9.20	9.94	11.00	12.80	13.00	16.20	17.40	21.00	25.00	32.00	39.60	45.60	54.20	88.80	
05535500	0430	19530430	20150430	63	25.85	27.89	3.50	176.00		4.74	4.90	6.48	7.06	9.00	10.00	11.00	11.60	12.80	15.00	22.20	25.00	25.60	29.60	32.00	39.00	44.40	58.00	69.20	
05535500	0501	19530501	20150501	63	21.57	26.07	3.80	144.00		4.40	4.96	6.26	7.16	8.00	8.74	9.64	11.00	11.00	13.00	16.20	18.00	19.20	22.60	26.00	29.00	31.40	38.20	73.60	
05535500	0502	19530502	20150502	63	19.11	18.32	3.70	83.00		4.14	5.04	5.68	6.74	7.70	8.22	10.00	11.60	12.00	13.00	14.00	16.80	18.60	20.80	23.00	27.20	32.80	38.20	75.80	
05535500	0503	19530503	20150503	63	15.74	21.88	3.50	175.00		3.78	4.74	5.22	6.76	7.20	7.62	8.40	9.46	9.98	11.00	12.00	13.00	15.00	16.80	19.00	20.00	23.00	27.20	32.40	
05535500	0504	19530504	20150504	63	13.94	15.58	3.20	117.00		3.56	4.74	5.70	6.54	7.60	8.22	8.50	8.86	9.08	9.40	11.00	11.40	12.00	13.80	16.00	16.20	20.00	24.40	37.00	
05535500	0505	19530505	20150505	63	15.11	20.35	2.80	140.00		3.22	5.02	6.20	6.78	7.50	7.82	8.14	8.32	9.10	9.80	11.00	11.00	12.60	13.00	14.00	15.00	20.00	25.00	55.00	
05535500	0506	19530506	20150506	63	16.27	33.99	2.60	272.00		4.22	4.84	5.30	5.90	6.60	7.10	7.32	7.60	8.08	8.70	9.12	10.40	11.00	13.00	15.00	18.60	23.40	25.60	35.00	
05535500	0507	19530507	20150507	63	14.54	20.23	2.50	144.00		3.76	4.32	4.86	5.48	5.60	6.32	6.70	7.16	7.68	8.20	9.50	11.40	12.60	14.00	15.00	18.00	20.40	27.20	46.60	
05535500	0508	19530508	20150508	63	14.09	17.77	2.00	107.00		3.74	4.64	5.06	5.40	6.30	6.50	6.78	7.24	8.18	8.30	8.72	10.00	11.00	12.00	14.00	18.00	22.40	27.60	37.80	
05535500	0509	19530509	20150509	63	17.21	24.90	2.30	124.00		3.50	4.24	4.64	5.00	5.60	5.92	6.88	7.48	7.88	8.80	9.36	10.00	12.00	14.00	16.00	17.00	29.00	36.60	95.60	
05535500	0510	19530510	20150510	63	18.28	31.72	3.10	213.00		3.72	3.98	4.76	5.08	5.80	6.66	7.08	7.66	8.12	8.40	9.50	11.00	12.60	14.80	17.00	19.20	20.80	30.40	87.80	
05535500	0511	19530511	20150511	63	25.14	34.81	2.60	152.00		3.34	3.98	4.94	5.40	6.60	7.22	7.48	7.66	8.94	11.00	11.20	13.40	16.00	18.80	28.00	36.00	44.00	72.80	133.60	
05535500	0512	19530512	20150512	63	25.14	40.21	2.30	260.00		3.14	3.90	5.00	5.70	6.10	6.86	7.14	7.86	8.70	8.90	10.08	12.40	16.60	19.80	25.00	41.00	45.40	70.00	93.80	
05535500	0513	19530513	20150513	63	23.62	42.89	2.10	281.00		2.66	3.82	4.34	4.96	5.90	6.28	6.64	7.10	8.50	10.00	12.00	13.00	15.00	17.80	19.00	24.60	35.00	57.80	120.60	
05535500	0514	19530514	20150514	63	19.04	23.85	1.90	114.00		2.52	3.60	4.10	5.34	5.60	6.30	7.22	7.98	8.66	10.00	10.20	11.00	13.00	15.60	22.00	26.80	33.60	54.60	87.40	
05535500	0515	19530515	20150515	63	19.20	23.87	1.60	106.00		2.22	3.94	4.84	5.44	6.40	6.82	7.14	7.46	7.86	8.90	11.00	15.40	16.60	19.00	22.00	25.00	34.00	41.20	98.40	
05535500	0516	19530516	20150516	63	19.65	36.73	1.40	267.00		2.22	4.22	4.72	4.98	5.80	6.02	6.28	6.72	6.98	7.60	9.48	12.40	16.00	17.00	19.00	23.20	25.80	37.00	73.60	
05535500	0517	19530517	20150517	63	22.32	44.06	1.30	255.00		2.54	4.08	4.66	4.98	5.50	5.70	5.94	6.34	7.36	8.60	9.16	10.00	12.60	14.00	18.00	24.80	31.20	53.20	88.60	
05535500	0518	19530518	20150518	63	19.31	26.76	1.20	108.00		3.02	3.94	4.36	4.68	5.30	5.64	6.18	6.80	7.86	8.40	8.88	11.40	13.60	15.00	19.00	22.60	34.00	55.80	100.00	
05535500	0519	19530519	20150519	63	20.54	34.21	1.20	234.00		2.34	3.26	4.16	4.60	5.40	5.92	6.20	6.48	7.54	9.00	10.20	13.00	14.60	17.60	23.00	31.00	34.20	41.80	66.80	
05535500	0520	19530520	20150520	63	17.13	31.49	1.40	224.00		2.14	2.38	4.02	4.56	5.00	5.82	6.00	6.30	6.48	8.00	8.76	11.00	12.00	13.00	16.00	18.20	23.60	35.20	74.60	
05535500	0521	19530521	20150521	63	16.65	28.09	0.90	149.00		2.16	4.04	4.16	4.28	4.70	4.80	5.62	6.20	6.38	6.90	7.86	9.22	9.84	11.60	14.00	18.00	25.00	39.20	87.60	
05535500	0522	19530522	20150522	63	18.47	31.26	1.40	151.00		2.30	3.48	3.86	4.18	4.60	5.04	5.50	6.00	6.46	7.50	7.76	8.68	9.30	12.80	18.00	21.40	26.20	35.00	116.60	
05535500	0523	19530523	20150523	63	15.57	21.64	1.30	129.00		1.90	3.40	3.80	4.00	4.70	5.22	6.08	6.62	7.26	8.00	8.96	10.40	14.00	15.80	17.00	18.00	24.60	37.20	60.40	
05535500	0524	19530524	20150524	63	12.92	18.47	1.30	132.00		1.88	3.68	4.12	4.48	5.10	6.02	6.14	6.78	7.20	7.80	8.06	9.88	12.00	13.00	13.00	15.00	18.20	23.00	37.20	
05535500	0525	19530525	20150525	63	16.29	23.97	1.10	129.00		2.26	3.70	3.94	4.48	4.90	5.44	5.64	6.06	6.58	7.50	8.94	10.40	12.00	13.00	16.00	19.60	27.80	35.20	83.80	
05535500	0526	19530526	20150526	63	15.99	23.48	1.10	157.00		2.32	3.50	3.96	4.66	5.30	5.60	5.84	6.16	7.18	8.00	9.60	11.00	13.00	15.80	16.00	20.20	23.60	38.20	57.60	
05535500	0527	19530527	20150527	63	15.58	20.16	1.50	104.00		2.02	3.08	3.46	4.00	4.40	5.12	5.46	6.52	7.30	8.10	9.22	11.00	12.00	15.60	18.00	20.20	25.40	41.20	75.40	
05535500	0528	19530528	20150528	63	17.13	25.21	1.60	144.00		2.00	2.82	3.26	3.76	4.00	5.02	5.40	6.00	6.86	8.30	8.74	10.00	11.00	13.60	17.00	25.80	32.20	44.40	69.60	
05535500	0529	19530529	20150529	63	16.47	22.48	1.30	122.00		1.82	2.70	3.18	3.66	4.20	4.60	5.82	7.06	7.54	8.00	9.64	11.00	14.00	14.00	18.00	22.60	28.80	40.00	70.00	
05535500	0530	19530530	20150530	63	14.51	21.77	1.30	130.00		1.68	2.32	3.14	3.48	3.80	4.20	5.24	6.10	6.50	7.00	7.82	8.90	13.00	14.00	15.00	21.00	27.40	29.60	40.60	
05535500	0531	19530531	20150531	63	14.27	17.35	1.30	108.00		2.20	2.84	3.50	4.14	5.10	5.62	6.14	6.76	7.60	8.00	9.20	10.62	13.60	16.00	17.00	18.40	21.40	33.00	54.60	
05535500	0601	19530601	20150601	63	13.80	12.84	1.10	58.00		2.32	2.80	3.58	4.20	4.80	5.20	5.38	7.02	8.66	10.00	11.00	12.00	12.00	13.00	17.00	24.80	31.00	36.00	40.80	
05535500	0602	19530602	20150602	63	18.33	41.58	1.10	325.00		2.30	3.20	3.46	4.08	4.20	4.82	5.72	6.58	7.82	8.10	8.90	11.00	11.60	13.80	15.00	20.20	34.40	41.40	50.80	
05535500	0603	19530603	20150603	63	14.15	25.46	1.10	178.00		1.86	2.84	3.32	3.50	4.10	4.86	5.60	6.22	6.50	7.10	7.64	9.20	9.92	11.00	12.00	17.00	18.00	27.20	62.60	
05535500	0604	19530604	20150604	63	14.95	31.89	1.10	209.00		1.52	2.66	3.56	3.60	4.10	4.42	4.88	5.32	5.60	5.80	7.32	8.10	9.54	10.76	12.00	14.00	16.00	21.80	80.00	
05535500	0605	19530605	20150605	63	13.09	18.98	1.40	88.00		2.30	3.30	3.50	3.88	4.00	4.42	4.74	5.36	5.98	6.80	7.16	7.92	8.40	9.44	11.00	14.20	19.20	34.60	76.20	
05535500	0606	19530606	20150606	63	13.46	26.86	1.40	202.00		1.64	2.62	3.56	3.70	3.80	3.92	4.52	5.00	5.30	5.60	7.46	8.14	8.70	9.66	13.00	14.00	20.20	31.40	36.00	
05535500	0607	19530607	20150607	63	14.86	29.19	1.30	210.00		1.64	2.62	3.32	3.70	3.90	4.52	4.70	4.86	5.40	6.90	7.36	9.84	10.60	13.80	15.00	17.00	19.20	24.00	68.20	
05535500	0608	19530608	20150608	63	22.42	62.64	1.20	484.00		2.02	3.12	3.40	3.88	4.10	4.40	5.12	5.84	6.76	8.00	8.62	11.40	12.00	12.80	17.00	22.60	30.40	40.40	87.20	
05535500	0609	19530609	20150609	63	18.98	32.39	1.30	158.00		2.30	3.34	3.46	3.78	4.30	4.60	5.30	6.10	6.46	6.70	7.84	8.72	11.00	12.80	15.00	22.20	28.60	45.40	123.80	
05535500	0610	19530610	20150610	63	18.89	30.88	1.40	187.00		2.80	3.34	3.76	4.08	4.70	4.92	5.40	5.52	5.98	6.80	7.62	8.26	11.00	14.00	16.00	25.40	37.40	56.00	93.00	
05535500	0611	19530611	20150611	63	25.57	62.70	1.30	392.00		2.56	3.34	3.86	4.26	4.50	4.62	4.84	5.46	5.60	6.10	7.06	9.52	10.60	15.80	23.00	28.40	35.00	38.60	159.80	
05535500	0612	19530612	20150612	63	14.88	23.05	1.30	136.00		2.36	3.14	3.46	3.70	3.80	4.22	4.54	5.06	6.30	6.60	7.30	8.64	11.00	12.60	16.00	18.20	21.80	29.80	75.80	
05535500	0613	19530613	20150613	63	20.01	30.09	1.20	156.00		1.62	3.04	3.46	3.50	4.40	4.62	5.12	5.90	7.28	9.30	9.66	14.00	15.20	21.00	26.00	29.20	33.40	43.00	97.80	
05535500	0614	19530614	20150614	63	17.27	24.32	1.00	153.00		1.72	2.90	3.32	3.60	3.90	4.22	4.56	5.28	6.56	7.20	8.82	10.22	14.60	18.80	24.00	26.40	33.40	38.60	64.20	
05535500	0615	19530615	20150615	63	19.33	30.57	1.20	169.00		1.66	2.80	3.36	3.76	4.10	4.38	5.52	6.72	8.08	10.00	12.20	14.00	15.00	16.80	19.00	23.60	27.40	40.80	88.20	
05535500	0616	19530616	20150616	63	13.06	15.67	1.30	90.00		1.50	2.42	3.16	3.40	3.70	4.34	5.10	6.28	6.84	9.10	9.30	10.40	11.60	14.40	16.00	20.00	21.40	29.80	37.60	
05535500	0617	19530617	20150617	63	12.30	14.51	1.10	75.00		1.82	2.58	3.50	3.68	4.20	4.52	4.80	5.44	5.98	6.60	8.40	8.84	9.10	9.68	13.00	19.20	21.40	33.60	48.60	
05535500	0618	19530618	20150618	63	11.57	12.65	0.90	70.00		1.68	2.78	3.42	3.86	4.50	5.04	5.44	6.00	6.74	7.40	8.52	9.88	10.60	11.80	13.00	14.00	21.40	25.60	40.80	
05535500	0619	19530619	20150619	63	18.02	41.80	0.80	269.00		2.52	3.04	3.46	3.70	4.40	4.50	4.74	5.02	5.44	5.60	7.24	7.60	8.92	9.70	15.00	16.00	21.20	32.00	114.20	
05535500	0620	19530620	20150620	63	18.01	62.23	0.70	483.00		1.84	2.58	3.32	4.00	4.10	4.42	4.84	5.12	5.56	5.70	6.44	7.00	7.76	7.98	10.00	11.20	13.40	19.20	62.20	
05535500	0621	19530621	20150621	63	12.67	18.96	0.60	93.00		1.60	2.36	3.12	3.50	4.00	4.24	4.50	5.12	5.68	5.90	6.34	7.64	8.26	10.00	11.00	13.00	16.80	38.20	72.80	
05535500	0622	19530622	20150622	63	12.80	16.81	0.50	90.00		1.16	2.58	3.04	3.56	4.00	4.34	4.74	5.22	5.58	6.20	6.82	8.50	9.66	10.80	13.00	18.40	23.80	33.00	50.40	
05535500	0623	19530623	20150623	63	11.15	16.31	0.50	110.00		1.34	2.42	3.06	3.28	3.70	3.94	4.64	5.22	5.68	6.30	7.10	7.94	8.92	10.80	13.00	14.20	15.40	20.40	44.80	
05535500	0624	19530624	20150624	63	13.10	38.09	0.40	304.00		1.24	2.38	2.66	3.06	3.40	4.28	4.64	4.90	5.40	5.70	6.56	7.78	9.16	9.84	11.00	12.00	14.40	19.60	24.60	
05535500	0625	19530625	20150625	63	10.22	13.12	0.40	70.00		1.32	2.38	2.82	3.20	3.70	4.30	5.10	6.06	6.44	6.80	7.00	7.54	7.96	8.36	9.10	9.92	11.80	28.60	48.80	
05535500	0626	19530626	20150626	63	17.98	44.91	0.50	312.00		1.08	2.34	2.66	2.88	3.90	4.30	4.64	4.86	5.14	5.60	5.90	6.40	7.20	8.44	10.00	14.60	20.40	30.60	109.00	
05535500	0627	19530627	20150627	63	12.00	18.76	0.30	84.00		1.20	2.34	2.68	3.30	4.10	4.32	4.70	4.96	5.08	5.20	5.64	5.94	6.60	8.76	10.00	11.20	17.40	31.00	73.40	
05535500	0628	19530628	20150628	63	10.38	12.81	0.30	74.00		2.00	2.38	2.96	3.40	3.90	4.20	4.52	4.96	5.26	5.80	6.22	7.20	7.94	9.50	12.00	14.00	17.40	23.00	45.00	
05535500	0629	19530629	20150629	63	10.85	16.13	0.40	89.00		1.02	2.30	2.46	3.38	3.70	3.90	4.34	4.76	5.30	5.50	5.86	6.28	7.48	8.72	12.00	14.00	17.00	22.80	43.60	
05535500	0630	19530630	20150630	63	15.74	33.69	0.30	231.00		1.74	2.34	2.56	2.96	3.70	4.10	4.42	4.96	5.08	5.40	5.74	6.10	6.90	7.44	11.00	15.40	26.20	40.40	76.40	
05535500	0701	19530701	20150701	63	12.46	24.48	0.30	132.00		0.98	2.00	2.36	3.46	3.70	4.04	4.42	4.90	5.10	5.40	5.60	5.90	6.24	7.08	8.20	10.20	15.40	26.40	64.60	
05535500	0702	19530702	20150702	63	15.30	36.93	0.70	270.00		1.20	2.20	2.96	3.54	3.80	4.04	4.40	4.76	5.00	5.30	5.62	5.98	6.68	7.64	8.70	14.80	24.00	28.00	57.60	
05535500	0703	19530703	20150703	63	15.94	28.91	0.30	160.00		0.76	2.04	3.12	3.50	3.80	4.22	4.44	4.82	4.90	5.20	5.80	6.10	7.14	7.92	11.00	20.20	33.40	47.60	84.40	
05535500	0704	19530704	20150704	63	11.65	16.42	0.30	75.00		0.84	2.16	3.12	3.40	3.60	3.90	4.00	4.36	4.58	4.80	5.50	5.84	6.28	9.78	11.00	14.20	20.00	40.60	52.20	
05535500	0705	19530705	20150705	63	8.82	8.27	0.30	42.00		1.80	2.52	3.10	3.52	3.70	4.00	4.22	4.66	4.88	5.30	6.34	6.82	9.12	10.00	11.00	13.00	14.40	22.40	27.80	
05535500	0706	19530706	20150706	63	8.45	13.64	0.30	108.00		1.54	2.80	3.36	3.60	3.90	4.24	4.60	4.76	5.28	5.40	5.62	6.08	6.70	7.10	8.60	10.00	11.00	15.80	19.40	
05535500	0707	19530707	20150707	63	14.41	25.68	0.40	159.00		1.28	2.54	3.04	3.86	4.20	4.40	4.54	4.66	4.70	4.80	5.22	5.42	5.96	6.74	8.90	14.60	30.40	44.00	77.20	
05535500	0708	19530708	20150708	63	12.98	31.74	0.80	241.00		1.42	2.62	2.92	3.30	4.00	4.12	4.34	4.66	4.70	4.90	5.12	5.98	6.64	7.52	8.80	13.00	14.00	28.40	40.80	
05535500	0709	19530709	20150709	63	8.87	12.71	0.40	95.00		1.12	2.58	2.80	3.44	3.80	4.10	4.20	4.52	4.70	4.80	5.16	5.74	6.56	7.26	10.00	11.20	17.00	19.60	24.40	
05535500	0710	19530710	20150710	63	10.64	18.39	0.40	131.00		1.22	2.50	2.80	3.40	3.70	3.80	4.00	4.16	4.40	4.80	5.48	6.04	6.46	6.86	12.00	14.00	16.00	20.40	44.60	
05535500	0711	19530711	20150711	63	9.63	14.20	0.40	76.00		1.04	2.38	2.96	3.58	3.80	3.92	4.04	4.26	4.58	5.10	5.52	6.02	6.90	8.18	9.80	11.00	12.00	20.40	49.60	
05535500	0712	19530712	20150712	63	11.44	19.40	0.30	114.00		1.04	2.54	2.92	3.36	3.50	3.92	4.04	4.20	4.54	5.20	5.60	6.32	6.96	7.88	9.40	10.00	14.80	28.40	52.00	
05535500	0713	19530713	20150713	63	17.33	61.51	0.50	486.00		1.84	2.74	3.10	3.44	3.60	3.82	4.00	4.46	4.68	5.10	5.32	5.58	6.36	7.40	11.00	14.20	20.40	25.80	48.20	
05535500	0714	19530714	20150714	63	12.08	24.42	0.40	164.00		1.78	2.64	2.96	3.30	3.80	4.00	4.40	4.76	4.90	5.00	5.30	5.86	6.82	8.80	9.90	11.00	13.80	23.00	66.20	
05535500	0715	19530715	20150715	63	10.12	15.32	0.30	74.00		1.12	2.48	2.96	3.44	3.60	4.00	4.24	4.46	4.58	4.80	5.12	5.40	6.02	6.68	7.50	11.00	14.00	24.00	57.60	
05535500	0716	19530716	20150716	63	8.51	12.56	0.40	71.00		1.24	2.12	2.84	3.10	3.60	3.80	3.94	4.26	4.48	4.60	4.90	5.04	5.36	5.82	7.20	9.10	11.40	14.80	47.40	
05535500	0717	19530717	20150717	63	9.20	13.63	0.40	74.00		1.60	1.88	2.68	3.48	3.70	3.90	4.04	4.20	4.38	4.60	4.72	5.24	5.72	6.08	7.40	7.98	11.20	29.60	38.60	
05535500	0718	19530718	20150718	63	21.21	39.20	0.40	186.00		0.92	2.06	2.58	3.20	3.60	3.92	4.10	4.20	4.50	4.90	5.80	6.68	8.98	15.20	19.00	25.20	41.00	61.00	134.80	
05535500	0719	19530719	20150719	63	16.01	22.68	0.60	103.00		0.88	2.30	2.96	3.58	3.70	4.24	4.44	4.70	4.96	5.10	5.20	5.94	7.26	11.00	17.00	25.80	37.40	59.60	70.20	
05535500	0720	19530720	20150720	63	14.21	18.14	0.60	71.00		1.52	2.34	2.62	3.08	3.50	3.82	4.60	5.20	5.76	6.00	6.62	7.78	11.72	13.80	17.00	19.40	29.20	45.40	66.40	
05535500	0721	19530721	20150721	63	11.67	13.50	0.70	81.00		1.70	2.42	2.80	3.18	3.60	4.12	4.68	5.06	5.66	7.60	8.64	9.52	12.00	13.80	15.00	16.20	20.40	25.60	40.00	
05535500	0722	19530722	20150722	63	19.87	90.67	0.60	725.00		0.84	1.96	2.86	3.40	4.00	4.30	5.00	5.16	5.48	5.80	6.90	8.00	8.20	9.46	10.00	12.20	13.80	16.60	33.60	
05535500	0723	19530723	20150723	63	20.09	64.65	0.40	453.00		0.76	1.60	2.72	3.28	4.20	4.40	4.68	4.96	5.26	5.60	5.96	6.62	7.02	8.08	9.20	13.00	14.00	24.80	73.40	
05535500	0724	19530724	20150724	63	12.66	28.23	0.40	207.00		0.64	1.50	2.46	3.68	4.00	4.10	4.60	4.76	5.16	5.30	5.50	6.00	6.46	8.28	10.00	11.20	14.40	21.20	61.80	
05535500	0725	19530725	20150725	63	8.56	11.88	0.40	71.00		0.60	2.06	2.52	3.04	3.40	3.60	3.80	4.12	4.46	4.70	5.34	5.60	6.02	7.34	8.60	10.00	12.40	16.20	40.20	
05535500	0726	19530726	20150726	63	7.91	8.19	0.40	44.00		0.60	1.56	2.36	3.18	3.30	3.64	4.00	4.58	5.20	5.80	6.30	6.52	7.64	8.50	9.00	10.40	12.40	15.60	24.80	
05535500	0727	19530727	20150727	63	6.93	7.38	0.40	53.00		0.60	1.50	2.80	3.20	3.50	3.82	4.04	4.26	4.78	4.90	5.40	5.68	6.26	6.94	8.00	8.92	12.00	15.60	16.80	
05535500	0728	19530728	20150728	63	6.98	10.69	0.40	73.00		0.52	1.88	2.72	3.08	3.20	3.42	3.70	4.10	4.38	4.50	4.90	5.08	5.70	6.04	6.50	7.42	8.30	12.20	16.60	
05535500	0729	19530729	20150729	63	7.30	11.31	0.40	78.00		0.62	2.12	2.94	3.28	3.60	3.80	4.00	4.26	4.66	4.70	5.00	5.10	5.48	5.88	6.10	6.60	8.64	11.04	22.40	
05535500	0730	19530730	20150730	63	6.74	7.29	0.40	40.00		1.02	2.32	2.96	3.28	3.40	3.52	3.92	4.20	4.20	4.50	4.70	4.94	5.10	5.64	6.50	7.84	9.88	15.20	24.60	
05535500	0731	19530731	20150731	63	9.17	19.50	0.40	136.00		1.14	1.94	3.20	3.38	3.50	3.92	4.14	4.26	4.40	4.70	4.92	5.34	5.76	6.16	6.50	7.54	8.72	13.80	33.40	
05535500	0801	19530801	20150801	63	5.49	4.39	0.40	27.00		0.68	2.04	2.90	3.20	3.40	3.62	3.80	4.06	4.10	4.30	4.60	5.00	5.20	5.48	6.60	7.52	8.06	9.32	11.80	
05535500	0802	19530802	20150802	63	9.50	13.72	0.40	80.00		1.32	2.48	2.76	3.00	3.10	3.46	3.80	3.96	4.44	4.70	5.14	5.78	6.06	7.04	8.00	9.84	16.40	26.40	42.80	
05535500	0803	19530803	20150803	63	10.11	12.32	0.40	54.00		0.94	1.80	2.42	3.12	3.40	3.52	3.80	3.92	4.20	4.40	5.14	5.62	6.36	7.06	11.00	16.40	22.40	31.60	39.00	
05535500	0804	19530804	20150804	63	13.70	29.17	0.40	211.00		1.04	1.76	2.30	3.18	3.20	3.50	3.60	4.16	4.72	5.10	5.88	7.22	8.48	9.74	12.00	15.00	19.40	30.60	65.80	
05535500	0805	19530805	20150805	63	10.35	17.55	0.50	108.00		1.14	1.40	2.66	3.20	3.60	3.70	4.42	4.76	4.98	5.20	6.14	6.68	7.08	7.40	8.90	12.00	13.00	20.80	40.80	
05535500	0806	19530806	20150806	63	8.69	11.43	0.50	72.00		0.92	2.12	3.12	3.28	3.60	3.80	4.10	4.26	4.60	4.70	5.44	6.02	6.36	6.88	7.50	9.20	13.80	21.20	33.60	
05535500	0807	19530807	20150807	63	10.68	26.12	0.50	196.00		0.72	2.14	2.62	3.08	3.40	3.70	4.00	4.36	4.58	4.70	4.92	5.30	5.56	5.98	8.40	9.14	11.00	16.80	54.80	
05535500	0808	19520808	20150808	64	9.64	15.20	0.20	87.00		0.60	1.70	2.15	2.60	3.25	3.70	3.95	4.30	4.50	4.60	4.70	5.20	5.97	6.95	8.75	10.00	17.25	24.50	51.50	
05535500	0809	19520809	20150809	64	8.80	10.57	0.30	59.00		0.57	1.20	1.98	2.50	3.23	3.50	3.75	4.00	4.62	5.00	5.30	5.50	6.33	7.40	10.75	12.00	17.25	27.00	31.00	
05535500	0810	19520810	20150810	64	14.20	37.63	0.20	289.00		0.50	1.35	2.40	3.10	3.23	3.45	3.95	4.20	4.60	4.80	5.30	5.70	7.20	8.15	9.90	13.00	18.00	25.50	61.25	
05535500	0811	19520811	20150811	64	8.62	10.36	0.20	58.00		0.55	1.65	2.25	2.80	3.40	3.60	3.80	4.00	4.35	4.70	5.15	5.90	6.85	8.80	9.75	13.00	15.50	18.50	33.50	
05535500	0812	19520812	20150812	64	7.54	9.35	0.20	54.00		0.72	1.25	2.30	2.80	3.12	3.35	3.58	3.80	4.40	4.85	5.08	5.40	5.83	6.30	7.80	8.30	11.25	17.50	29.75	
05535500	0813	19520813	20150813	64	9.42	18.95	0.20	125.00		0.62	1.40	2.00	2.40	3.20	3.25	3.40	3.60	3.92	4.45	4.75	4.90	5.45	6.35	7.95	8.90	11.25	14.00	54.25	
05535500	0814	19520814	20150814	64	19.71	94.35	0.20	753.00		0.45	1.35	1.80	2.70	3.20	3.30	3.40	3.70	4.35	4.60	4.80	5.50	5.92	6.15	6.90	7.90	9.03	20.50	45.75	
05535500	0815	19520815	20150815	64	12.15	33.75	0.20	222.00		0.45	1.35	1.90	2.70	3.12	3.20	3.40	3.70	3.73	3.85	4.38	4.80	5.10	6.05	7.08	8.60	11.00	20.00	41.75	
05535500	0816	19520816	20150816	64	9.12	12.81	0.40	73.00		0.62	1.40	2.10	2.60	3.02	3.25	3.55	3.60	4.00	4.25	4.88	5.70	5.95	7.10	10.75	14.00	15.00	20.50	44.75	
05535500	0817	19520817	20150817	64	17.79	37.25	0.20	175.00		0.45	1.40	2.33	2.80	2.92	3.35	3.60	3.90	4.15	4.50	5.17	5.80	6.45	8.35	9.78	16.00	26.00	40.50	135.25	
05535500	0818	19520818	20150818	64	14.05	35.17	0.20	276.00		0.50	1.60	2.55	3.00	3.23	3.60	3.90	4.20	4.33	4.85	5.47	5.80	7.42	10.85	13.00	17.00	25.00	30.00	40.75	
05535500	0819	19520819	20150819	64	15.89	37.95	0.10	215.00		0.50	1.80	2.50	2.90	3.33	3.60	3.92	4.20	4.50	4.80	5.58	6.60	7.60	9.15	12.00	15.00	18.25	32.00	61.00	
05535500	0820	19520820	20150820	64	13.02	29.32	0.40	206.00		0.65	1.30	2.35	2.60	3.23	3.80	3.88	4.20	4.40	4.90	6.30	6.50	7.53	8.55	9.97	12.00	14.50	21.50	52.50	
05535500	0821	19520821	20150821	64	12.31	34.58	0.20	260.00		0.45	1.15	1.90	2.50	3.17	3.45	3.60	4.10	4.30	4.65	4.97	5.20	5.72	6.95	9.00	11.00	12.00	20.50	35.50	
05535500	0822	19520822	20150822	64	15.11	41.80	0.10	306.00		0.45	1.05	1.88	2.30	2.58	3.45	3.60	4.10	4.40	4.50	4.80	5.20	5.62	6.65	7.22	8.60	11.00	43.00	81.75	
05535500	0823	19520823	20150823	64	14.92	35.38	0.30	220.00		0.50	1.45	1.80	2.00	2.75	3.25	3.65	3.80	4.00	4.30	4.60	5.10	5.38	5.80	6.53	9.30	23.00	35.50	107.75	
05535500	0824	19520824	20150824	64	14.08	33.80	0.10	213.00		0.42	1.35	2.05	2.80	3.12	3.55	3.77	3.90	3.92	4.30	5.00	5.50	6.33	7.10	8.50	15.00	19.00	22.50	75.00	
05535500	0825	19520825	20150825	64	10.03	16.78	0.10	114.00		0.40	1.40	2.05	2.60	3.30	3.40	3.67	4.00	4.12	4.45	4.70	5.30	6.05	6.85	10.50	14.00	17.25	24.00	40.25	
05535500	0826	19520826	20150826	64	19.52	59.45	0.10	351.00		0.40	1.30	1.75	2.20	2.70	3.65	3.80	4.00	4.20	4.65	5.08	5.20	6.47	6.85	8.70	13.00	18.00	41.00	71.25	
05535500	0827	19520827	20150827	64	12.80	28.54	0.10	163.00		0.45	1.05	1.57	2.20	2.98	3.55	3.98	4.10	4.33	4.85	5.33	5.50	6.38	7.60	8.32	9.40	13.25	20.50	72.00	
05535500	0828	19520828	20150828	64	11.03	17.64	0.10	96.00		0.40	1.40	2.27	2.50	3.23	3.60	3.80	4.10	4.50	4.70	4.88	5.40	5.80	6.55	8.68	14.00	18.50	34.00	53.50	
05535500	0829	19520829	20150829	64	9.41	14.40	0.10	70.00		0.47	1.35	2.08	2.30	2.95	3.20	3.70	3.90	4.00	4.10	4.38	5.30	5.72	6.80	9.18	14.00	15.25	20.50	54.50	
05535500	0830	19520830	20150830	64	9.00	13.95	0.10	76.00		1.02	1.40	1.95	2.30	3.10	3.45	3.67	4.00	4.20	4.50	4.85	5.80	6.40	6.80	8.78	10.00	12.50	17.50	50.00	
05535500	0831	19520831	20150831	64	7.24	11.21	0.20	76.00		0.62	1.50	1.95	2.20	2.90	3.40	3.67	4.10	4.22	4.35	4.58	5.00	5.53	5.80	6.30	7.10	9.43	12.00	33.50	
05535500	0901	19520901	20150901	64	8.59	19.51	0.40	150.00		0.72	1.20	2.10	2.30	2.92	3.30	3.60	3.80	4.00	4.10	4.55	4.70	5.03	5.35	5.78	8.10	10.25	14.50	31.50	
05535500	0902	19520902	20150902	64	7.39	11.92	0.30	65.00		0.55	1.30	1.95	2.20	2.92	3.35	3.58	3.70	4.00	4.05	4.17	4.40	4.65	5.00	6.30	7.10	9.57	15.50	32.50	
05535500	0903	19520903	20150903	64	6.36	7.86	0.20	52.00		0.47	1.65	2.00	2.10	2.92	3.30	3.50	3.80	4.03	4.10	4.42	4.90	5.90	6.45	6.88	8.00	9.18	9.95	24.50	
05535500	0904	19520904	20150904	64	7.60	16.57	0.10	132.00		1.00	1.20	1.98	2.10	2.62	3.35	3.60	3.80	4.42	4.65	5.05	5.30	5.40	5.80	6.67	8.20	9.05	12.00	19.75	
05535500	0905	19520905	20150905	64	7.67	13.22	0.10	92.00		0.57	1.15	1.90	2.10	2.42	2.85	3.15	3.60	3.98	4.45	4.88	5.10	5.40	5.50	6.65	7.70	8.15	15.50	33.75	
05535500	0906	19520906	20150906	64	7.92	11.94	0.10	73.00		0.47	1.20	1.90	2.20	2.42	3.15	3.45	3.80	4.20	4.30	4.50	4.80	5.03	5.80	6.88	8.90	11.75	21.00	29.75	
05535500	0907	19520907	20150907	64	7.14	8.28	0.10	50.00		0.53	0.90	1.80	2.20	2.33	3.20	3.48	3.80	4.50	4.70	4.95	5.20	5.45	5.80	6.85	11.00	14.25	18.00	25.00	
05535500	0908	19520908	20150908	64	6.51	7.82	0.10	46.00		0.42	0.95	1.98	2.30	2.62	3.30	3.48	3.70	4.05	4.55	4.78	5.00	5.60	5.90	6.55	7.70	8.82	16.00	22.50	
05535500	0909	19520909	20150909	64	9.63	23.08	0.10	180.00		0.42	1.30	2.00	2.20	2.55	3.20	3.40	3.80	4.22	4.60	4.70	5.20	5.60	6.45	7.20	9.20	12.25	21.00	33.50	
05535500	0910	19520910	20150910	64	8.41	14.38	0.10	91.00		0.33	1.15	2.15	2.30	2.73	3.20	3.60	4.10	4.30	4.70	4.88	5.00	5.20	5.20	6.15	8.20	12.25	16.50	39.50	
05535500	0911	19520911	20150911	64	10.31	20.89	0.10	135.00		0.53	0.85	1.80	2.00	2.50	3.20	3.65	3.90	4.03	4.30	4.58	5.00	5.35	6.25	7.25	9.90	12.25	23.00	47.50	
05535500	0912	19520912	20150912	64	10.63	21.03	0.20	119.00		0.50	1.40	1.95	2.70	3.10	3.50	3.60	3.90	4.20	4.35	4.70	4.80	5.83	6.75	7.88	9.30	12.50	25.00	55.00	
05535500	0913	19520913	20150913	64	18.70	58.02	0.10	376.00		0.42	1.10	1.82	2.40	2.95	3.35	3.60	3.80	4.00	4.10	4.50	5.00	5.83	6.25	9.07	12.00	17.25	27.00	106.00	
05535500	0914	19520914	20150914	64	15.45	37.77	0.10	247.00		0.35	1.15	1.88	2.10	2.92	3.15	3.58	3.70	3.80	3.90	4.38	4.90	5.65	6.60	8.53	13.00	20.00	38.50	71.25	
05535500	0915	19520915	20150915	64	8.82	16.14	0.10	120.00		0.35	1.35	1.57	2.00	2.65	3.05	3.48	3.70	3.80	4.10	4.38	4.90	5.53	7.20	8.65	11.00	15.00	21.50	29.50	
05535500	0916	19520916	20150916	64	7.15	10.94	0.10	66.00		0.35	1.35	1.70	2.10	2.52	3.10	3.20	3.60	3.80	4.40	4.88	6.10	6.53	7.35	8.30	8.90	10.25	12.00	15.50	
05535500	0917	19520917	20150917	64	13.09	23.58	0.10	142.00		0.35	1.20	2.08	2.40	2.73	3.40	3.67	4.00	4.40	5.15	5.70	6.70	6.72	7.40	9.40	14.00	20.00	44.50	70.00	
05535500	0918	19520918	20150918	64	13.38	26.08	0.10	135.00		0.35	0.95	1.95	2.30	3.12	3.40	3.70	4.00	5.00	5.50	5.97	6.40	7.75	9.75	11.00	14.00	19.25	29.50	96.25	
05535500	0919	19520919	20150919	64	15.74	43.66	0.10	337.00		0.42	1.60	1.95	2.50	3.33	3.75	3.95	4.30	4.62	5.05	5.33	5.90	6.40	8.20	9.82	22.00	25.25	32.00	45.25	
05535500	0920	19520920	20150920	64	10.55	12.76	0.10	74.00		0.33	1.45	2.20	2.90	3.50	3.75	3.98	4.50	5.08	5.75	6.38	7.60	8.70	9.90	13.75	16.00	20.50	27.50	37.00	
05535500	0921	19520921	20150921	64	11.06	19.03	0.10	125.00		0.42	1.40	2.17	3.20	3.60	4.00	4.20	4.40	5.15	6.10	6.40	7.10	8.53	8.95	11.00	14.00	16.50	18.50	39.25	
05535500	0922	19520922	20150922	64	13.30	19.54	0.20	87.00		0.40	1.40	2.38	3.20	3.42	3.60	4.08	4.80	5.17	5.65	6.20	6.60	7.28	9.95	11.75	19.00	27.00	42.00	70.50	
05535500	0923	19520923	20150923	64	14.16	27.11	0.20	165.00		0.33	1.45	2.23	3.10	3.20	3.45	3.77	4.30	4.53	5.05	5.28	5.80	7.17	9.25	10.75	19.00	28.00	29.00	62.25	
05535500	0924	19520924	20150924	64	11.81	21.27	0.20	144.00		0.25	1.35	2.27	2.80	3.15	3.45	3.90	4.30	4.47	4.95	5.50	6.40	6.62	8.35	12.25	14.00	20.00	32.00	41.25	
05535500	0925	19520925	20150925	64	19.56	54.55	0.10	326.00		0.25	1.20	2.25	3.30	3.62	3.80	4.00	4.30	4.70	5.25	5.90	6.30	6.72	8.00	10.57	13.00	24.75	31.00	84.50	
05535500	0926	19520926	20150926	64	14.35	23.49	0.10	123.00		0.25	1.05	2.27	3.10	3.83	4.30	4.40	4.70	5.53	6.20	6.60	7.20	8.40	9.55	14.00	18.00	25.25	36.00	79.75	
05535500	0927	19520927	20150927	64	10.56	16.51	0.20	110.00		0.28	1.40	2.25	3.10	3.67	4.15	4.30	4.60	5.05	5.40	5.88	6.40	7.40	8.25	9.75	12.00	15.75	29.00	40.00	
05535500	0928	19520928	20150928	64	10.40	19.39	0.20	106.00		0.33	1.30	2.23	3.40	3.73	3.90	4.00	4.30	4.42	4.50	4.83	5.30	5.65	6.40	7.15	8.30	9.80	21.00	66.50	
05535500	0929	19520929	20150929	64	16.18	43.14	0.20	259.00		0.40	1.85	2.67	3.60	3.75	3.95	4.20	4.40	4.53	4.75	5.10	5.50	5.95	7.00	7.60	12.00	16.75	28.50	74.25	
05535500	0930	19520930	20150930	64	10.66	27.37	0.20	217.00		0.35	1.35	2.70	3.20	3.73	4.00	4.20	4.30	4.53	4.65	5.17	5.80	6.12	6.90	9.35	11.00	14.25	15.50	37.25	
05535500	1001	19521001	20151001	64	9.90	18.60	0.20	137.00		0.30	1.50	2.62	3.20	3.33	3.60	3.90	4.10	4.33	5.35	5.60	6.00	6.80	7.15	8.18	11.00	13.00	22.00	33.75	
05535500	1002	19521002	20151002	64	9.82	16.14	0.20	100.00		0.30	1.45	2.50	3.10	3.25	3.50	3.98	4.20	4.62	5.05	5.45	6.00	6.40	7.55	8.32	9.50	11.25	21.50	52.50	
05535500	1003	19521003	20151003	64	12.08	25.54	0.20	163.00		0.42	2.25	2.90	3.20	3.27	3.65	3.95	4.10	4.35	5.00	5.65	6.60	7.35	8.50	9.30	12.00	13.25	17.50	82.25	
05535500	1004	19521004	20151004	64	11.09	20.49	0.20	125.00		0.42	1.60	2.52	3.00	3.40	3.60	4.05	4.20	4.42	4.90	5.33	5.70	5.90	6.35	7.33	9.70	15.50	28.00	57.50	
05535500	1005	19521005	20151005	64	10.34	14.37	0.20	68.00		1.25	2.15	3.00	3.10	3.40	3.75	3.90	4.20	4.33	4.75	5.33	5.80	6.35	8.30	10.60	12.00	16.25	30.50	51.75	
05535500	1006	19521006	20151006	64	8.52	10.84	0.20	61.00		1.18	1.95	2.88	3.40	3.80	3.90	4.10	4.40	4.53	4.80	5.17	5.60	6.15	8.40	9.07	9.50	11.25	18.00	40.25	
05535500	1007	19521007	20151007	64	6.20	5.17	0.20	31.00		1.60	2.00	2.27	3.00	3.70	3.85	3.98	4.10	4.25	4.45	4.65	5.00	5.80	6.50	7.03	8.40	11.00	13.50	17.75	
05535500	1008	19521008	20151008	64	7.09	7.77	0.20	40.00		0.78	1.80	2.42	3.30	3.52	3.60	3.98	4.10	4.30	4.50	4.97	5.20	5.70	6.05	6.88	7.30	10.75	18.00	29.25	
05535500	1009	19521009	20151009	64	7.38	10.06	0.10	74.00		0.68	1.85	2.38	3.30	3.50	3.90	4.08	4.20	4.30	4.45	4.78	5.10	5.83	6.35	7.20	9.40	12.00	15.00	24.75	
05535500	1010	19521010	20151010	64	9.41	21.37	0.10	132.00		0.62	2.00	2.75	3.20	3.52	3.75	3.90	4.10	4.20	4.40	4.47	5.10	5.53	5.85	6.50	6.80	9.12	11.50	35.75	
05535500	1011	19521011	20151011	64	11.36	30.44	0.10	211.00		0.60	2.00	2.65	3.10	3.35	3.65	3.80	3.90	4.00	4.20	4.30	4.70	5.12	5.65	6.08	7.30	8.12	17.00	40.25	
05535500	1012	19521012	20151012	64	7.57	11.47	0.10	72.00		0.53	2.10	2.83	3.20	3.33	3.65	3.88	3.90	4.10	4.45	4.50	4.80	5.00	5.45	5.90	6.70	9.85	18.50	25.25	
05535500	1013	19521013	20151013	64	13.30	37.45	0.10	275.00		0.53	1.90	2.55	3.10	3.60	3.75	4.00	4.50	4.85	5.10	5.47	5.80	5.92	6.80	8.47	9.80	11.50	17.50	49.50	
05535500	1014	19521014	20151014	64	12.63	24.87	0.20	167.00		0.47	2.05	2.65	3.10	3.50	3.70	4.00	4.50	4.60	5.15	5.62	5.90	6.92	8.35	9.90	12.00	21.00	26.50	50.75	
05535500	1015	19521015	20151015	64	9.67	15.35	0.20	88.00		0.33	1.80	2.65	3.10	3.35	3.65	4.08	4.20	4.33	4.65	5.17	5.80	6.03	7.40	10.40	13.00	15.25	20.50	32.50	
05535500	1016	19521016	20151016	64	7.55	8.24	0.10	53.00		0.23	1.60	2.45	2.90	3.02	3.55	3.70	4.20	4.33	4.60	5.17	5.60	6.92	8.15	9.53	11.00	13.00	17.00	24.00	
05535500	1017	19521017	20151017	64	11.19	22.15	0.10	155.00		0.60	1.70	2.15	2.70	3.12	3.35	3.50	3.80	4.45	5.30	5.75	6.10	6.53	7.15	9.90	11.00	15.00	19.00	59.00	
05535500	1018	19521018	20151018	64	9.88	21.37	0.10	156.00		0.42	1.75	2.45	2.60	3.12	3.30	3.40	3.50	3.77	4.55	4.80	5.40	5.90	6.65	8.45	11.00	13.00	18.00	33.00	
05535500	1019	19521019	20151019	64	9.83	14.00	0.20	75.00		0.30	1.85	2.65	3.00	3.02	3.70	3.90	4.00	4.53	4.85	4.97	5.40	5.95	8.15	9.28	12.00	17.50	26.00	44.00	
05535500	1020	19521020	20151020	64	9.28	11.16	0.00	51.00		0.23	1.80	2.42	3.00	3.33	3.60	3.98	4.40	4.50	4.85	5.58	6.00	7.12	8.10	9.80	11.00	17.50	24.50	41.50	
05535500	1021	19521021	20151021	64	7.32	7.26	0.00	41.00		0.23	1.70	2.15	3.20	3.25	3.45	3.67	4.30	4.60	5.05	5.40	5.80	6.25	6.75	7.72	12.00	15.00	16.50	22.00	
05535500	1022	19521022	20151022	64	13.22	34.72	0.00	250.00		0.23	2.20	2.95	3.00	3.10	3.20	3.67	4.20	4.53	4.80	4.97	5.80	6.30	6.75	8.07	9.70	12.00	21.50	49.75	
05535500	1023	19521023	20151023	64	14.34	34.26	0.00	205.00		0.23	1.75	2.62	3.20	3.42	3.70	3.90	4.20	4.78	5.35	5.67	5.80	6.90	7.35	8.38	11.00	15.00	17.50	83.00	
05535500	1024	19521024	20151024	64	12.04	21.10	0.00	145.00		0.25	1.60	2.20	3.10	3.33	3.85	4.40	4.70	5.53	6.20	6.92	7.70	8.15	9.60	9.80	11.00	18.50	25.50	58.25	
05535500	1025	19521025	20151025	64	9.02	14.08	0.00	104.00		0.33	1.45	1.98	2.80	3.42	3.90	4.25	4.80	4.92	5.30	5.62	6.20	7.00	8.10	8.97	10.00	14.50	19.00	30.00	
05535500	1026	19521026	20151026	64	9.46	15.88	0.20	84.00		0.40	1.35	2.15	2.80	3.40	3.70	4.08	4.40	4.53	4.85	5.15	5.40	5.92	6.45	7.38	8.60	11.00	19.50	50.00	
05535500	1027	19521027	20151027	64	8.17	11.37	0.00	74.00		0.53	1.50	2.45	3.00	3.52	4.05	4.17	4.50	4.80	5.05	5.35	5.60	5.90	6.65	7.58	8.30	13.00	18.00	31.25	
05535500	1028	19521028	20151028	64	6.91	7.29	0.00	40.00		0.53	1.35	2.23	2.70	3.50	3.65	4.03	4.20	4.53	4.65	4.80	5.20	5.45	5.85	6.95	8.30	11.25	18.00	24.75	
05535500	1029	19521029	20151029	64	7.14	8.70	0.00	44.00		1.00	2.00	2.27	2.80	3.23	3.50	4.00	4.20	4.30	4.40	4.67	4.90	5.03	5.30	5.75	7.20	11.00	18.50	32.00	
05535500	1030	19521030	20151030	64	9.66	20.25	0.00	139.00		1.10	1.50	2.08	2.50	3.08	3.55	3.88	4.20	4.22	4.50	4.70	4.90	5.28	5.65	6.30	7.80	9.10	21.50	57.25	
05535500	1031	19521031	20151031	64	9.94	14.43	0.00	81.00		0.88	1.70	2.15	3.00	3.40	4.15	4.20	4.40	4.62	5.05	5.38	6.10	6.55	6.95	8.72	12.00	16.50	27.50	42.25	
05535500	1101	19521101	20151101	64	13.90	19.37	0.00	100.00		0.72	1.50	2.15	3.20	3.70	4.15	4.30	4.50	4.72	5.35	5.55	6.50	8.10	11.45	17.75	21.00	32.75	42.50	62.25	
05535500	1102	19521102	20151102	64	13.47	21.78	0.00	116.00		0.62	1.50	2.08	3.30	3.42	3.70	4.03	4.30	4.33	4.50	4.90	7.50	8.60	10.40	15.00	17.00	24.25	30.00	70.50	
05535500	1103	19521103	20151103	64	10.46	17.70	0.00	130.00		1.30	1.55	2.00	2.80	3.33	3.65	4.05	4.50	4.60	6.15	7.00	7.20	7.80	9.00	9.85	11.00	15.25	26.50	30.75	
05535500	1104	19521104	20151104	64	10.80	14.82	0.00	87.00		1.15	1.45	2.10	2.80	3.48	3.95	4.35	5.20	5.22	5.70	6.35	6.70	6.90	8.70	12.75	14.00	18.50	26.50	49.25	
05535500	1105	19521105	20151105	64	12.23	25.44	0.00	172.00		1.20	1.35	1.75	2.40	3.25	4.15	4.50	4.60	4.83	5.35	5.75	6.10	7.65	9.10	9.78	12.00	15.00	19.00	70.75	
05535500	1106	19521106	20151106	64	10.16	12.89	0.30	75.00		1.02	1.30	1.95	2.80	4.10	4.25	4.67	5.00	5.17	6.25	6.95	7.30	9.15	9.95	11.75	12.00	14.25	25.50	36.50	
05535500	1107	19521107	20151107	64	7.63	6.76	0.00	39.00		0.88	1.50	2.08	3.00	4.03	4.15	4.20	4.70	4.97	5.65	6.17	6.60	7.12	8.25	10.00	11.00	15.25	17.50	21.25	
05535500	1108	19521108	20151108	64	6.69	7.24	0.00	56.00		0.80	1.70	2.55	3.20	3.80	3.90	4.17	4.50	4.88	5.25	5.47	5.80	6.62	7.35	8.03	8.30	9.72	11.50	16.00	
05535500	1109	19521109	20151109	64	11.14	16.85	0.00	84.00		0.72	1.45	2.17	3.30	3.60	3.70	4.00	4.20	4.60	4.80	5.55	6.10	6.70	7.90	9.70	12.00	17.50	32.00	51.00	
05535500	1110	19521110	20151110	64	12.27	20.25	0.00	129.00		0.72	1.45	2.08	3.40	3.50	3.70	3.98	4.30	4.40	4.60	5.15	5.90	7.55	9.40	11.00	13.00	20.50	37.50	53.50	
05535500	1111	19521111	20151111	64	9.49	12.58	0.00	64.00		0.88	1.35	2.00	2.80	3.60	3.90	3.98	4.50	4.50	5.50	6.45	7.10	7.78	8.85	9.62	10.00	15.25	19.00	48.00	
05535500	1112	19521112	20151112	64	8.44	9.34	0.00	49.00		0.82	1.45	2.15	3.30	3.70	3.85	4.00	4.30	4.83	5.70	6.45	6.70	7.20	8.10	9.93	11.00	14.00	20.00	27.25	
05535500	1113	19521113	20151113	64	8.10	8.01	0.20	38.00		0.70	1.45	2.90	3.50	3.73	3.90	4.10	4.50	4.80	5.10	5.80	6.20	6.70	7.65	9.07	12.00	15.00	19.50	30.50	
05535500	1114	19521114	20151114	64	11.42	33.47	0.30	270.00		0.65	1.45	2.60	3.30	3.90	4.10	4.38	4.80	5.25	5.60	6.70	7.20	7.60	8.40	10.00	11.00	11.50	14.50	22.25	
05535500	1115	19521115	20151115	64	12.10	20.45	0.30	142.00		1.20	1.60	3.20	3.30	3.83	4.00	4.17	4.70	4.97	5.90	6.67	7.30	8.20	9.10	11.75	12.00	21.75	29.50	39.75	
05535500	1116	19521116	20151116	64	10.65	15.80	0.30	96.00		1.27	1.95	3.27	3.70	4.00	4.15	4.38	4.70	4.80	5.80	6.30	6.80	7.67	8.25	9.07	9.90	15.50	26.50	43.25	
05535500	1117	19521117	20151117	64	9.49	10.53	0.10	62.00		0.95	2.00	3.08	3.40	3.75	4.30	4.45	4.90	5.62	6.30	6.50	6.90	7.75	8.55	9.85	12.00	20.00	22.50	31.50	
05535500	1118	19521118	20151118	64	11.22	18.27	0.20	107.00		0.85	1.80	2.73	3.20	3.70	3.95	4.30	4.50	4.83	5.55	5.90	6.90	7.22	8.10	9.88	13.00	15.75	23.00	56.00	
05535500	1119	19521119	20151119	64	13.34	35.09	0.10	275.00		0.80	1.70	2.50	3.50	4.03	4.10	4.30	4.50	4.72	5.65	5.88	6.70	7.35	8.75	11.00	13.00	16.50	21.50	46.50	
05535500	1120	19521120	20151120	64	11.25	19.89	0.50	145.00		0.95	1.60	2.30	3.50	3.80	4.00	4.33	4.70	5.22	5.40	6.08	6.20	8.12	9.85	11.00	13.00	14.50	26.00	41.00	
05535500	1121	19521121	20151121	64	9.43	9.57	0.40	49.00		0.90	1.65	2.38	3.50	3.92	4.15	4.30	4.60	5.42	5.60	6.00	7.20	9.22	10.50	12.00	14.00	16.50	25.50	34.00	
05535500	1122	19521122	20151122	64	8.30	7.39	0.40	39.00		1.12	1.30	2.35	3.60	3.77	4.25	4.55	5.00	5.25	6.40	6.95	7.30	8.05	9.20	10.00	12.00	14.00	19.00	24.75	
05535500	1123	19521123	20151123	64	11.73	20.80	0.30	156.00		1.20	2.30	3.23	3.60	4.05	4.65	4.88	5.80	6.00	6.55	7.22	7.90	8.38	9.10	9.95	14.00	17.25	26.50	32.00	
05535500	1124	19521124	20151124	64	9.52	9.72	0.30	44.00		0.85	2.40	3.55	3.90	4.20	4.30	4.78	5.40	5.80	6.00	6.28	7.30	7.75	8.50	10.00	13.00	18.25	22.50	38.00	
05535500	1125	19521125	20151125	64	8.85	7.46	0.20	33.00		1.32	2.50	3.08	3.80	4.00	4.20	4.65	5.20	5.53	6.10	6.50	7.30	8.30	9.65	12.00	14.00	16.25	21.00	28.00	
05535500	1126	19521126	20151126	64	10.87	12.48	0.20	64.00		1.38	2.20	3.17	3.60	4.03	4.40	4.60	5.40	5.60	6.15	6.70	7.70	9.53	10.00	12.00	14.00	15.75	31.50	40.25	
05535500	1127	19521127	20151127	64	18.03	30.61	0.30	167.00		1.00	1.40	3.27	3.80	4.30	5.00	5.58	6.80	7.33	7.95	8.20	9.50	12.00	13.00	15.50	18.00	26.50	52.50	78.25	
05535500	1128	19521128	20151128	64	17.77	27.94	0.30	144.00		0.60	1.70	3.00	3.50	4.28	4.75	5.40	6.20	6.42	7.45	9.25	10.00	11.00	13.50	16.00	26.00	36.00	41.00	103.00	
05535500	1129	19521129	20151129	64	14.62	21.23	0.30	118.00		0.57	1.75	2.65	3.30	4.20	5.25	5.72	6.80	7.60	7.90	9.05	9.50	11.25	13.00	14.00	15.00	24.25	34.00	76.00	
05535500	1130	19521130	20151130	64	13.26	19.02	0.30	107.00		0.53	1.50	2.35	3.00	4.40	5.45	5.90	6.40	6.72	7.65	8.35	8.90	10.00	12.00	16.00	18.00	21.50	25.50	58.00	
05535500	1201	19521201	20151201	64	13.69	22.38	0.30	163.00		0.55	1.40	2.38	3.30	4.33	5.10	5.60	6.00	6.70	7.30	8.05	9.00	11.00	11.50	14.00	17.00	23.00	33.50	49.25	
05535500	1202	19521202	20151202	64	14.94	38.78	0.50	310.00		0.82	1.40	2.10	3.40	4.28	5.15	5.55	5.80	6.83	7.55	8.40	9.30	9.93	10.50	12.00	14.00	19.50	30.50	40.00	
05535500	1203	19521203	20151203	64	16.30	54.37	0.50	438.00		1.25	2.05	2.75	3.50	4.42	4.90	5.35	6.10	6.33	6.85	7.90	8.50	9.80	10.00	11.00	14.00	18.00	21.50	40.75	
05535500	1204	19521204	20151204	64	11.26	17.54	0.50	119.00		1.07	1.90	2.88	3.90	4.33	4.75	5.65	5.90	6.42	6.70	7.65	8.50	8.72	9.05	9.70	11.00	17.25	21.00	35.25	
05535500	1205	19521205	20151205	64	13.58	27.34	0.30	170.00		1.12	2.15	3.27	3.70	4.50	4.80	4.95	5.70	6.00	6.15	6.70	7.20	7.85	10.50	11.75	12.00	16.00	20.00	88.75	
05535500	1206	19521206	20151206	64	9.97	11.00	0.50	58.00		0.65	1.60	2.95	3.80	4.42	4.70	5.00	5.50	5.92	6.30	6.95	7.20	8.43	9.35	12.00	14.00	15.75	22.50	38.00	
05535500	1207	19521207	20151207	64	12.16	17.19	0.30	89.00		0.65	1.55	2.70	4.30	4.35	4.60	4.80	4.90	5.40	6.40	6.97	7.40	9.38	10.00	11.00	14.00	20.25	29.50	52.00	
05535500	1208	19521208	20151208	64	11.82	17.50	0.40	105.00		0.68	1.35	2.92	4.00	4.10	4.25	4.60	4.90	5.25	6.00	7.10	7.80	9.30	10.50	11.00	12.00	18.50	28.50	58.75	
05535500	1209	19521209	20151209	64	11.50	14.58	0.30	78.00		0.97	1.55	2.55	4.10	4.12	4.40	4.58	5.10	5.40	6.00	6.53	8.70	9.82	11.00	12.75	15.00	17.50	28.00	51.25	
05535500	1210	19521210	20151210	64	12.26	18.11	0.30	103.00		0.80	1.65	2.58	3.70	4.22	4.40	4.75	4.80	5.33	5.85	6.33	7.90	10.00	11.00	12.75	14.00	21.75	26.50	58.75	
05535500	1211	19521211	20151211	64	14.66	21.70	0.50	137.00		0.60	1.20	2.15	3.50	4.05	4.50	4.60	5.00	5.42	7.75	8.62	10.00	14.00	15.00	18.50	21.00	24.25	31.50	51.00	
05535500	1212	19521212	20151212	64	13.44	18.64	0.40	106.00		0.60	1.30	2.48	3.40	4.25	4.55	5.38	5.70	6.62	7.45	7.88	9.30	11.25	13.50	15.00	17.00	21.75	32.50	47.25	
05535500	1213	19521213	20151213	64	10.92	10.79	0.40	45.00		0.50	1.30	2.48	3.60	4.03	4.60	4.95	5.60	6.15	6.80	7.97	9.30	9.85	12.00	14.00	15.00	23.25	33.00	35.50	
05535500	1214	19521214	20151214	64	16.87	34.55	0.40	235.00		0.42	1.30	2.33	3.90	4.03	4.75	4.90	5.40	6.60	7.00	7.75	9.20	10.25	12.00	14.25	18.00	20.75	36.00	81.25	
05535500	1215	19521215	20151215	64	16.43	31.41	0.30	185.00		0.42	1.20	1.80	3.80	4.28	4.90	5.20	5.90	6.80	7.40	8.70	9.20	10.00	11.00	13.00	17.00	19.75	43.50	62.25	
05535500	1216	19521216	20151216	64	9.92	10.28	0.20	62.00		0.53	1.20	2.30	3.60	3.92	4.55	5.05	6.20	6.38	7.40	7.90	8.30	9.43	10.50	12.00	15.00	17.25	21.50	29.00	
05535500	1217	19521217	20151217	64	8.64	7.28	0.20	29.00		0.40	1.30	2.65	3.70	4.10	4.50	4.85	5.40	5.78	6.70	7.10	7.70	8.18	9.25	9.85	13.00	17.25	21.50	27.25	
05535500	1218	19521218	20151218	64	8.38	7.10	0.20	34.00		0.40	1.15	2.90	3.80	4.08	4.45	4.50	5.50	5.97	6.95	7.17	7.60	8.05	8.60	10.65	13.00	13.75	18.00	27.50	
05535500	1219	19521219	20151219	64	7.98	6.13	0.20	28.00		0.42	1.25	2.92	3.70	4.12	4.45	5.08	5.30	6.22	6.60	6.97	7.30	7.92	9.45	9.97	11.00	15.00	16.00	22.75	
05535500	1220	19521220	20151220	64	10.75	18.07	0.30	123.00		0.78	1.40	3.10	3.70	4.20	4.50	5.53	5.80	6.53	6.70	7.10	8.00	8.43	9.60	10.00	13.00	14.00	15.50	37.75	
05535500	1221	19521221	20151221	64	10.94	16.56	0.40	117.00		0.88	1.40	3.02	3.70	4.12	4.35	5.03	6.00	6.62	7.05	7.17	7.70	9.25	9.65	11.00	12.00	14.25	22.00	38.00	
05535500	1222	19521222	20151222	64	11.32	20.02	0.30	152.00		1.10	1.55	2.77	3.10	4.12	4.80	5.28	5.60	6.38	6.80	7.30	8.00	9.32	10.50	12.00	13.00	14.25	18.50	31.50	
05535500	1223	19521223	20151223	64	10.88	14.45	0.20	76.00		1.05	1.60	2.92	3.20	4.22	4.80	5.70	6.00	6.72	7.10	7.50	7.70	8.35	9.10	10.00	12.00	16.00	19.00	54.25	
05535500	1224	19521224	20151224	64	12.92	21.28	0.20	127.00		1.00	1.50	2.73	3.10	4.30	4.70	5.20	5.50	5.90	6.40	7.08	7.60	8.10	8.55	9.68	12.00	19.00	37.50	53.75	
05535500	1225	19521225	20151225	64	16.42	33.17	0.40	177.00		0.85	1.75	2.48	2.90	3.90	4.55	4.78	5.00	5.53	5.70	5.88	6.20	7.15	8.35	8.85	13.00	17.25	56.00	95.50	
05535500	1226	19521226	20151226	64	10.63	16.35	0.30	87.00		0.62	1.60	2.58	2.80	3.65	4.25	4.50	4.80	5.33	5.40	5.67	6.20	7.15	7.60	9.28	11.00	16.75	26.50	45.25	
05535500	1227	19521227	20151227	64	14.89	29.78	0.30	197.00		0.72	2.00	2.60	2.80	3.58	4.40	4.58	4.80	5.22	5.60	6.03	6.60	7.20	8.80	9.93	13.00	20.50	39.50	76.75	
05535500	1228	19521228	20151228	64	13.33	21.16	0.20	101.00		0.75	1.75	2.38	3.40	3.88	4.35	4.58	4.80	5.25	5.40	6.28	7.00	7.70	9.35	10.00	11.00	28.00	37.00	80.75	
05535500	1229	19521229	20151229	64	13.90	21.04	0.20	121.00		0.72	1.80	2.23	3.30	3.90	4.50	4.60	4.90	5.20	5.60	6.55	8.00	8.32	10.00	13.00	19.00	27.25	35.00	66.75	
05535500	1230	19521230	20151230	64	18.38	46.33	0.20	360.00		0.62	1.50	1.80	3.20	3.90	4.05	4.88	5.20	6.12	6.45	7.38	8.00	8.97	14.00	18.00	21.00	24.50	38.50	66.75	
05535500	1231	19521231	20151231	64	13.82	22.44	0.20	121.00		0.62	1.35	2.02	3.10	3.83	4.40	4.78	5.00	5.85	6.35	6.78	7.20	8.97	12.00	14.00	17.00	22.00	31.00	73.50	
