site_no	monthday	begin_dt	end_dt	count_nu	mean	std	min	max	p01	p05	p10	p15	p20	p25	p30	p35	p40	p45	p50	p55	p60	p65	p70	p75	p80	p85	p90	p95	p99
06824000	ALL	19401001	20151118	27442	12.31	5.05	0.63	111.00	4.30	5.70	6.80	7.80	8.60	9.40	10.00	11.00	11.00	12.00	12.00	13.00	13.00	14.00	14.00	14.00	15.00	16.00	16.00	18.00	33.00
06824000	0101	19410101	20150101	75	12.27	4.78	3.50	35.00		5.98	7.00	7.88	8.82	9.50	10.00	11.00	11.00	12.00	12.00	13.00	13.00	14.00	14.00	15.00	15.00	15.00	16.00	16.40	
06824000	0102	19410102	20150102	75	12.40	4.87	3.50	35.00		5.70	7.02	7.94	8.42	9.80	11.00	11.00	11.00	12.00	13.00	13.00	13.60	14.00	14.00	14.00	15.00	15.00	16.00	17.80	
06824000	0103	19410103	20150103	75	12.44	4.79	4.80	35.00		6.16	7.06	8.08	8.66	9.00	10.00	11.00	11.00	12.00	13.00	13.00	13.60	14.00	14.00	15.00	15.00	15.00	16.00	17.00	
06824000	0104	19410104	20150104	75	12.49	4.76	5.50	35.00		6.24	7.24	7.88	8.52	9.00	9.98	11.00	11.40	12.00	13.00	13.00	13.60	14.00	14.00	15.00	15.00	15.60	16.00	18.00	
06824000	0105	19410105	20150105	75	12.66	4.66	4.80	34.00		6.88	7.66	8.26	9.04	9.40	11.00	11.00	11.40	12.00	12.00	13.00	13.60	14.00	14.00	14.00	15.00	15.60	16.40	18.20	
06824000	0106	19410106	20150106	75	12.76	4.40	6.40	33.00		6.60	7.66	8.24	8.72	10.00	10.00	11.00	12.00	12.00	12.00	13.00	13.00	14.00	14.20	15.00	15.00	16.00	18.00	19.20	
06824000	0107	19410107	20150107	75	12.77	4.82	4.80	34.00		6.84	7.82	8.14	8.60	9.60	10.80	11.00	11.00	12.00	12.00	13.00	13.00	14.00	14.20	15.00	15.00	16.00	16.40	19.80	
06824000	0108	19410108	20150108	75	12.72	4.74	4.00	34.00		6.90	8.06	8.40	8.76	10.00	10.00	11.00	12.00	12.00	12.00	13.00	13.60	14.00	14.00	15.00	15.00	16.00	16.00	18.40	
06824000	0109	19410109	20150109	75	12.63	4.37	4.40	34.00		6.70	7.72	8.60	8.98	10.00	11.00	11.00	12.00	12.00	13.00	13.00	13.00	14.00	14.00	15.00	15.00	15.00	16.00	18.20	
06824000	0110	19410110	20150110	75	12.49	4.24	2.90	34.00		6.42	7.68	8.50	9.50	10.00	10.80	11.00	11.40	12.00	13.00	13.00	13.00	14.00	15.00	15.00	15.00	15.00	16.00	18.00	
06824000	0111	19410111	20150111	75	12.49	4.02	3.20	35.00		7.02	7.68	8.78	9.56	10.00	11.00	11.00	12.00	12.00	12.00	13.00	13.00	14.00	14.00	15.00	15.00	15.00	16.00	17.00	
06824000	0112	19410112	20150112	75	12.59	4.03	3.70	35.00		7.06	8.00	8.78	9.74	10.00	11.00	11.00	12.00	12.00	13.00	13.00	13.00	14.00	14.00	15.00	15.00	15.00	16.00	16.20	
06824000	0113	19410113	20150113	75	12.55	3.97	5.10	34.00		6.66	7.98	9.02	9.52	10.00	11.00	11.00	12.00	12.00	13.00	13.00	13.00	14.00	14.00	15.00	15.00	15.00	16.00	17.20	
06824000	0114	19410114	20150114	75	12.64	4.14	5.80	34.00		6.40	8.02	8.34	9.22	9.80	11.00	11.00	12.00	13.00	13.00	13.00	13.60	14.00	14.00	15.00	15.00	15.00	15.00	17.00	
06824000	0115	19410115	20150115	75	12.70	4.10	5.50	34.00		6.30	8.02	8.30	9.52	11.00	11.00	12.00	12.00	12.00	13.00	13.00	14.00	14.00	14.00	15.00	15.00	15.00	16.00	17.00	
06824000	0116	19410116	20150116	75	12.83	4.03	5.80	34.00		6.46	8.04	8.58	9.62	11.00	11.00	11.60	12.00	13.00	13.00	13.80	14.00	14.00	15.00	15.00	15.00	15.00	16.00	18.20	
06824000	0117	19410117	20150117	75	12.79	4.00	4.20	34.00		6.46	8.16	8.82	9.80	10.00	11.00	11.00	12.40	13.00	13.00	14.00	14.00	14.40	15.00	15.00	15.00	16.00	16.00	17.00	
06824000	0118	19410118	20150118	75	12.66	4.15	4.50	31.00		6.22	7.54	8.24	9.26	9.90	11.00	11.00	12.00	13.00	13.00	13.00	14.00	14.00	15.00	15.00	15.00	16.00	16.00	17.00	
06824000	0119	19410119	20150119	75	12.75	4.34	3.10	30.00		5.90	7.96	8.30	9.08	9.90	11.00	11.00	12.00	12.20	13.00	13.00	14.00	15.00	15.00	15.00	15.00	16.00	16.40	17.20	
06824000	0120	19410120	20150120	75	12.84	4.56	3.20	32.00		6.20	7.92	8.30	9.04	10.00	10.80	11.00	12.00	13.00	13.00	14.00	14.00	14.40	15.00	15.00	15.80	16.00	16.40	17.00	
06824000	0121	19410121	20150121	75	12.72	4.51	3.40	32.00		6.28	7.60	8.42	9.22	9.90	11.00	11.00	12.00	12.00	13.00	13.00	14.00	15.00	15.00	15.00	15.00	16.00	16.00	17.00	
06824000	0122	19410122	20150122	75	12.84	4.65	3.00	32.00		6.52	7.28	8.74	9.40	9.50	10.80	11.00	12.00	12.00	13.00	14.00	14.00	15.00	15.00	15.00	16.00	16.00	16.00	17.40	
06824000	0123	19410123	20150123	75	12.70	4.60	3.40	32.00		6.58	7.36	8.22	9.04	10.00	10.80	11.00	12.00	12.00	12.00	13.00	14.00	14.40	15.00	15.00	15.00	16.00	16.00	17.40	
06824000	0124	19410124	20150124	75	12.74	4.64	3.00	32.00		6.16	7.32	8.16	9.06	9.90	10.80	11.00	12.00	12.00	13.00	14.00	14.00	15.00	15.00	15.00	15.80	16.00	16.00	17.00	
06824000	0125	19410125	20150125	75	12.57	4.68	3.10	32.00		5.90	7.32	8.08	8.60	10.00	11.00	11.00	11.00	12.00	12.00	13.00	14.00	14.00	15.00	15.00	15.00	16.00	16.00	17.20	
06824000	0126	19410126	20150126	75	12.88	4.66	4.20	33.00		6.26	7.32	8.58	9.22	10.00	11.00	11.00	12.00	12.00	13.00	13.00	13.60	14.00	15.00	15.00	16.00	16.00	16.40	18.20	
06824000	0127	19410127	20150127	75	12.97	4.83	4.10	32.00		6.66	7.60	8.54	9.52	10.00	10.80	11.00	11.00	12.00	13.00	13.00	14.00	14.40	15.00	15.00	16.00	16.00	16.40	19.80	
06824000	0128	19410128	20150128	75	13.23	6.23	3.80	52.00		6.46	7.66	8.38	8.72	10.00	10.80	11.00	12.00	13.00	13.00	13.00	14.00	14.40	15.00	15.00	16.00	16.00	16.40	19.80	
06824000	0129	19410129	20150129	75	13.03	5.56	3.40	46.00		6.78	7.48	8.48	9.20	10.00	10.80	11.00	11.40	13.00	13.00	13.00	14.00	14.00	15.00	15.00	16.00	16.00	17.00	18.00	
06824000	0130	19410130	20150130	75	13.22	5.33	3.20	42.00		6.96	7.28	8.58	9.22	10.00	11.00	11.60	12.00	12.00	13.00	14.00	14.00	15.00	15.00	16.00	16.00	16.00	17.00	18.40	
06824000	0131	19410131	20150131	75	12.80	5.36	2.10	41.00		6.76	7.16	8.00	8.52	9.40	10.80	11.00	12.00	12.20	13.00	14.00	14.00	14.00	15.00	15.00	16.00	16.00	16.00	17.20	
06824000	0201	19410201	20150201	75	12.54	5.36	0.94	39.00		5.68	7.06	7.88	8.46	9.00	10.80	11.00	11.00	12.00	13.00	13.00	14.00	14.00	15.00	15.00	15.00	16.00	16.40	17.20	
06824000	0202	19410202	20150202	75	12.61	5.14	1.20	35.00		4.92	6.96	8.14	8.54	9.60	10.00	11.00	11.40	12.20	13.00	13.00	14.00	14.00	15.00	15.00	16.00	16.00	17.00	18.00	
06824000	0203	19410203	20150203	75	12.68	4.43	4.00	33.00		5.92	6.90	7.58	8.50	10.00	11.00	11.00	11.00	12.00	13.00	14.00	14.00	14.40	15.00	16.00	16.00	16.00	17.00	18.20	
06824000	0204	19410204	20150204	75	12.54	4.26	5.00	33.00		6.08	6.90	7.60	8.30	10.00	11.00	11.00	11.00	12.00	13.00	13.00	14.00	15.00	15.00	15.00	16.00	16.00	16.00	17.20	
06824000	0205	19410205	20150205	75	12.45	4.05	4.90	29.00		6.00	7.00	7.72	8.40	9.60	10.00	11.00	11.00	11.20	12.00	14.00	14.00	15.00	15.00	16.00	16.00	16.00	16.00	17.20	
06824000	0206	19410206	20150206	75	12.43	3.88	4.50	28.00		6.16	6.90	7.74	8.58	10.00	10.00	11.00	11.00	12.00	13.00	14.00	14.00	15.00	15.00	15.00	15.00	16.00	16.00	17.20	
06824000	0207	19410207	20150207	75	12.48	3.93	5.70	30.00		6.32	7.00	7.62	8.86	10.00	11.00	11.00	11.00	12.00	12.00	13.00	14.00	15.00	15.00	15.00	15.80	16.00	16.40	17.00	
06824000	0208	19410208	20150208	75	12.48	4.30	4.50	34.00		6.16	7.06	7.82	8.64	10.00	10.00	11.00	11.00	11.20	12.00	13.80	14.00	15.00	15.00	15.00	15.80	16.00	16.00	18.00	
06824000	0209	19410209	20150209	75	12.52	4.35	3.30	35.00		6.34	7.08	8.00	9.00	10.00	10.80	11.00	11.00	12.00	12.00	13.00	14.00	15.00	15.00	15.00	15.00	16.00	16.40	18.00	
06824000	0210	19410210	20150210	75	12.63	4.25	3.50	34.00		6.34	7.06	7.86	9.00	10.00	11.00	11.00	12.00	12.00	13.00	13.00	14.00	14.40	15.00	15.00	16.00	16.00	16.00	18.00	
06824000	0211	19410211	20150211	75	12.73	4.17	4.40	34.00		6.14	7.24	8.36	9.48	10.00	11.00	11.00	12.00	12.20	14.00	14.00	14.00	14.40	15.00	15.00	15.80	16.00	16.00	18.00	
06824000	0212	19410212	20150212	75	12.81	4.19	5.70	36.00		6.18	6.86	9.04	9.74	10.00	11.00	11.00	12.00	13.00	13.00	14.00	14.00	14.40	15.00	15.00	15.00	16.00	16.00	17.00	
06824000	0213	19410213	20150213	75	12.90	4.24	5.70	36.00		6.58	7.12	7.70	9.66	11.00	11.00	12.00	12.40	13.00	14.00	14.00	14.00	14.00	15.00	15.00	15.00	16.00	16.00	18.00	
06824000	0214	19410214	20150214	75	13.03	4.31	4.90	36.00		6.38	7.28	8.06	9.60	10.00	11.00	12.00	12.40	13.00	14.00	14.00	14.00	15.00	15.00	15.00	16.00	16.00	17.00	18.00	
06824000	0215	19410215	20150215	75	12.74	4.42	3.80	35.00		5.86	6.76	7.40	9.16	10.00	11.00	11.00	13.00	13.00	14.00	14.00	14.00	15.00	15.00	15.00	16.00	16.00	16.00	18.00	
06824000	0216	19410216	20150216	75	12.73	4.49	3.20	35.00		5.90	6.52	7.30	8.92	10.00	10.80	11.00	12.40	13.00	13.00	14.00	14.00	15.00	15.00	15.00	16.00	16.00	17.00	18.00	
06824000	0217	19410217	20150217	75	12.70	4.53	3.20	35.00		5.98	6.72	7.44	8.36	9.60	10.00	11.00	12.00	13.00	13.00	13.80	14.00	15.00	15.00	15.00	16.00	16.00	17.00	18.00	
06824000	0218	19410218	20150218	75	12.75	4.45	3.20	35.00		6.26	6.98	7.34	9.08	10.00	10.80	11.60	13.00	13.00	13.00	14.00	14.00	14.00	15.00	15.00	16.00	16.00	17.00	18.00	
06824000	0219	19410219	20150219	75	13.01	4.59	3.10	35.00		6.38	7.12	7.54	9.42	10.00	10.80	11.60	13.00	13.00	13.00	14.00	14.00	15.00	15.00	15.00	16.00	16.60	17.00	19.40	
06824000	0220	19410220	20150220	75	12.91	4.43	3.10	35.00		6.46	6.96	7.54	9.42	10.00	10.80	11.00	12.00	13.00	14.00	14.00	15.00	15.00	15.00	15.00	16.00	16.00	17.00	18.00	
06824000	0221	19410221	20150221	75	12.81	4.42	3.10	34.00		5.76	7.26	7.68	9.04	9.90	10.80	11.00	12.00	13.00	14.00	14.00	15.00	15.00	15.00	15.00	15.80	16.00	17.00	18.00	
06824000	0222	19410222	20150222	75	12.88	4.35	3.10	35.00		6.32	7.42	8.04	9.50	10.00	11.00	11.00	12.00	13.00	14.00	14.00	14.00	15.00	15.00	15.00	15.80	16.00	17.00	18.00	
06824000	0223	19410223	20150223	75	12.97	4.32	3.10	35.00		6.64	7.44	8.44	9.50	10.00	11.00	12.00	12.00	13.00	14.00	14.00	14.00	15.00	15.00	15.00	15.80	16.00	16.00	18.00	
06824000	0224	19410224	20150224	75	12.99	4.31	5.50	35.00		6.94	7.66	8.34	9.26	10.00	11.00	11.60	12.00	13.00	13.00	14.00	14.00	15.00	15.00	15.00	16.00	16.00	16.00	18.00	
06824000	0225	19410225	20150225	75	12.99	4.28	4.20	35.00		6.86	7.88	8.40	9.42	10.00	11.00	12.00	12.00	13.00	13.00	14.00	14.00	15.00	15.00	15.00	15.80	16.00	16.00	18.00	
06824000	0226	19410226	20150226	75	13.03	4.29	4.90	35.00		6.68	7.80	8.40	9.36	10.00	11.00	12.00	12.40	13.00	14.00	14.00	14.00	15.00	15.00	15.00	15.00	16.00	16.00	18.20	
06824000	0227	19410227	20150227	75	12.90	4.36	5.40	35.00		6.38	7.34	8.30	9.12	10.00	11.00	11.60	12.00	13.00	14.00	14.00	14.00	15.00	15.00	15.00	15.00	15.00	16.00	19.00	
06824000	0228	19410228	20150228	75	12.92	4.34	5.30	35.00		6.36	7.14	8.30	9.62	10.00	11.00	11.00	12.00	13.00	14.00	14.00	14.00	15.00	15.00	15.00	15.00	15.60	16.00	18.00	
06824000	0229	19440229	20120229	18	12.53	3.53	6.50	18.00			7.40	7.58	8.08	9.40	9.94	10.65	11.60	13.10	14.00	14.00	14.40	15.00	15.00	15.25	16.00	16.00	16.20		
06824000	0301	19410301	20150301	75	12.86	4.37	5.10	35.00		5.98	7.56	8.28	9.52	10.00	11.00	11.00	12.00	13.00	13.00	14.00	14.00	14.40	15.00	15.00	15.00	16.00	16.00	18.00	
06824000	0302	19410302	20150302	75	12.93	4.31	5.10	34.00		6.50	7.36	8.60	9.38	10.00	11.00	11.00	12.00	13.00	13.00	14.00	14.00	14.40	15.00	15.00	16.00	16.00	17.00	18.00	
06824000	0303	19410303	20150303	75	13.04	4.58	5.20	35.00		6.40	7.74	8.28	9.32	10.00	10.80	11.00	12.00	12.00	13.00	13.00	14.00	15.00	15.00	15.00	16.00	17.00	17.00	18.80	
06824000	0304	19410304	20150304	75	13.03	4.60	5.40	35.00		5.88	7.06	8.08	9.26	10.00	10.80	11.00	12.40	13.00	13.00	14.00	14.00	15.00	15.00	15.00	16.00	16.60	17.00	18.00	
06824000	0305	19410305	20150305	75	13.04	5.09	5.50	35.00		6.28	7.16	7.84	9.02	9.90	10.00	11.00	11.40	13.00	13.00	13.80	14.00	15.00	15.00	15.00	16.00	16.60	17.00	19.00	
06824000	0306	19410306	20150306	75	13.03	4.71	5.00	35.00		6.32	7.12	8.40	9.22	10.00	10.00	11.00	12.00	13.00	13.00	13.80	14.00	15.00	15.00	16.00	16.00	16.60	17.00	18.40	
06824000	0307	19410307	20150307	75	13.10	4.72	4.40	35.00		5.72	6.92	7.94	9.00	10.00	10.80	11.60	12.40	13.00	13.00	14.00	14.00	15.00	15.20	16.00	16.00	16.60	17.00	18.80	
06824000	0308	19410308	20150308	75	13.20	4.57	4.50	34.00		6.58	7.06	8.16	9.56	10.00	10.80	12.00	12.40	14.00	14.00	14.00	14.00	15.00	15.00	16.00	16.00	16.00	17.40	18.20	
06824000	0309	19410309	20150309	75	13.20	4.80	4.40	35.00		6.64	7.06	8.64	9.50	10.00	11.00	12.00	12.00	13.00	13.00	14.00	14.00	15.00	15.00	15.00	16.00	16.00	17.40	19.60	
06824000	0310	19410310	20150310	75	13.18	4.70	5.10	35.00		6.78	7.08	8.22	9.64	9.90	10.00	11.60	12.00	12.20	14.00	14.00	15.00	15.00	15.00	15.00	16.00	16.00	17.40	19.40	
06824000	0311	19410311	20150311	75	12.97	4.69	6.50	35.00		6.80	7.10	8.08	9.30	9.60	10.00	11.00	11.00	12.00	13.00	14.00	14.00	15.00	15.00	15.00	16.00	16.00	17.40	19.40	
06824000	0312	19410312	20150312	75	12.96	4.68	6.60	35.00		6.96	7.52	8.04	8.52	9.70	10.00	11.00	11.00	12.20	13.00	14.00	14.00	14.40	15.00	15.00	16.00	16.00	17.00	18.80	
06824000	0313	19410313	20150313	75	12.85	4.65	6.20	35.00		6.96	7.16	7.72	8.24	9.50	9.70	11.00	12.00	13.00	13.00	13.80	14.00	15.00	15.00	15.00	16.00	16.00	17.00	18.00	
06824000	0314	19410314	20150314	75	12.92	4.73	6.10	35.00		6.70	7.10	8.18	8.68	9.40	9.94	11.00	11.00	12.20	13.00	14.00	14.60	15.00	15.00	16.00	16.00	16.00	16.40	18.20	
06824000	0315	19410315	20150315	75	12.98	4.74	6.10	34.00		6.58	7.06	7.90	8.72	9.40	9.98	11.00	11.40	12.00	13.00	14.00	14.00	15.00	15.20	16.00	16.00	16.00	17.00	19.20	
06824000	0316	19410316	20150316	75	13.10	4.86	6.00	34.00		6.64	7.06	7.70	8.46	9.10	9.94	11.00	12.00	13.00	13.00	14.00	15.00	15.00	16.00	16.00	16.00	16.00	16.40	21.20	
06824000	0317	19410317	20150317	75	13.07	4.89	5.60	34.00		6.56	7.20	7.70	8.72	9.40	10.80	11.00	12.00	12.00	13.00	14.00	15.00	15.00	15.00	16.00	16.00	16.00	17.00	21.80	
06824000	0318	19410318	20150318	75	13.18	4.86	5.30	35.00		6.44	7.20	7.84	9.02	9.90	11.00	12.00	12.00	12.00	13.00	14.00	15.00	15.00	15.00	16.00	16.00	16.60	17.00	20.20	
06824000	0319	19410319	20150319	75	13.24	4.84	5.00	34.00		6.26	7.22	8.04	8.80	10.00	10.80	12.00	12.00	12.00	13.00	14.00	15.00	15.00	15.00	16.00	16.00	16.00	18.00	21.60	
06824000	0320	19410320	20150320	75	13.19	4.54	5.10	33.00		6.64	7.00	7.92	8.88	10.00	11.00	12.00	12.00	13.00	14.00	14.00	14.00	15.00	15.00	16.00	16.00	16.00	17.00	19.60	
06824000	0321	19410321	20150321	75	13.12	4.42	5.40	33.00		6.64	7.12	8.00	9.38	11.00	11.80	12.00	12.00	13.00	13.00	13.80	14.00	15.00	15.00	15.00	16.00	16.00	17.00	19.00	
06824000	0322	19410322	20150322	75	13.29	4.69	5.50	33.00		6.64	7.16	8.08	9.62	10.00	11.00	12.00	12.00	13.00	13.00	13.80	15.00	15.00	15.00	15.00	16.00	16.60	17.40	20.40	
06824000	0323	19410323	20150323	75	13.16	4.48	5.80	34.00		6.86	7.46	8.32	9.52	10.00	11.00	12.00	12.00	13.00	13.00	14.00	14.60	15.00	15.00	15.00	16.00	16.00	17.00	19.00	
06824000	0324	19410324	20150324	75	13.37	4.60	5.90	34.00		6.64	7.88	8.44	9.38	11.00	11.00	12.00	12.40	13.00	14.00	14.00	15.00	15.00	15.00	15.00	16.00	16.00	17.00	19.20	
06824000	0325	19410325	20150325	75	13.53	5.49	4.30	35.00		6.30	7.70	8.18	9.16	10.00	11.00	11.60	12.00	13.00	13.00	14.00	14.00	15.00	15.00	15.00	16.00	16.00	18.40	27.60	
06824000	0326	19410326	20150326	75	13.12	5.10	5.20	35.00		6.26	7.12	8.00	8.68	10.00	10.00	11.00	12.00	13.00	13.00	14.00	14.00	14.40	15.00	15.00	16.00	16.00	17.40	21.60	
06824000	0327	19410327	20150327	75	13.18	5.01	4.60	35.00		5.78	7.12	8.24	8.80	9.80	11.00	12.00	12.00	13.00	13.00	14.00	14.00	15.00	15.00	15.00	16.00	16.00	17.80	21.00	
06824000	0328	19410328	20150328	75	13.10	4.90	4.60	35.00		5.98	7.20	8.04	8.64	9.80	10.80	12.00	12.00	13.00	13.00	13.80	14.00	14.00	15.00	15.00	16.00	17.00	17.40	20.20	
06824000	0329	19410329	20150329	75	13.38	5.15	4.50	35.00		6.40	7.50	8.18	9.00	9.50	11.00	11.60	12.40	13.00	13.00	14.00	14.00	15.00	15.00	16.00	16.00	16.60	17.40	22.60	
06824000	0330	19410330	20150330	75	13.36	5.05	4.30	35.00		6.48	7.34	8.10	9.36	9.90	11.00	12.00	12.00	13.00	13.00	14.00	15.00	15.00	15.00	16.00	16.00	16.00	17.40	20.40	
06824000	0331	19410331	20150331	75	13.26	5.00	4.30	34.00		6.58	7.16	8.00	9.54	10.00	11.00	11.60	12.00	13.00	14.00	14.00	14.00	15.00	15.00	15.00	16.00	16.60	18.00	20.40	
06824000	0401	19410401	20150401	75	13.26	5.07	4.30	33.00		6.26	7.02	7.80	9.14	10.00	11.00	11.00	12.00	13.00	14.00	14.00	14.00	15.00	15.00	16.00	16.00	16.60	17.00	21.80	
06824000	0402	19410402	20150402	75	13.27	5.20	4.30	33.00		6.10	7.00	7.94	8.46	10.00	10.80	11.60	12.00	12.20	14.00	14.00	14.00	15.00	15.00	16.00	16.00	16.00	17.80	22.60	
06824000	0403	19410403	20150403	75	13.31	5.03	4.30	33.00		6.22	7.22	7.86	9.08	9.90	11.00	11.60	12.40	13.00	13.00	14.00	14.00	15.00	15.00	15.00	16.00	16.60	18.40	23.80	
06824000	0404	19410404	20150404	75	13.13	4.53	4.30	32.00		6.72	7.54	8.14	9.00	9.90	11.00	11.60	12.00	13.00	13.00	13.80	14.00	15.00	15.00	15.00	16.00	16.00	18.40	21.20	
06824000	0405	19410405	20150405	75	13.15	4.50	4.30	32.00		6.86	7.60	8.48	9.10	9.90	11.00	12.00	12.00	13.00	13.00	14.00	14.00	15.00	15.00	15.00	16.00	16.00	17.40	20.40	
06824000	0406	19410406	20150406	75	12.85	4.69	4.30	31.00		6.42	7.16	8.12	8.70	9.90	10.00	11.00	12.00	12.00	13.00	13.00	14.00	14.00	15.00	15.00	16.00	16.60	17.00	21.20	
06824000	0407	19410407	20150407	75	12.98	4.85	3.90	32.00		6.42	7.26	7.88	9.14	10.00	10.80	11.00	11.40	12.20	13.00	13.00	14.00	14.40	15.00	16.00	16.00	16.00	17.00	21.20	
06824000	0408	19410408	20150408	75	12.87	4.89	3.30	34.00		5.96	7.32	8.00	8.90	9.80	10.00	11.00	12.00	12.00	13.00	13.00	14.00	14.00	15.00	16.00	16.00	17.00	17.00	18.40	
06824000	0409	19410409	20150409	75	12.94	5.05	3.00	36.00		5.70	7.12	7.88	8.52	10.00	11.00	11.00	12.00	13.00	13.00	13.00	14.00	14.40	15.00	15.00	16.00	16.60	17.00	20.20	
06824000	0410	19410410	20150410	75	13.05	4.66	3.00	31.00		6.46	7.56	8.28	9.42	9.90	11.00	11.00	12.00	13.00	13.00	13.00	14.00	15.00	15.00	16.00	16.00	16.00	17.00	20.20	
06824000	0411	19410411	20150411	75	13.30	4.53	4.30	29.00		6.22	7.54	8.40	9.72	10.00	11.00	12.00	13.00	13.00	14.00	14.00	14.00	15.00	15.00	16.00	16.00	17.00	17.40	21.60	
06824000	0412	19410412	20150412	75	13.38	4.37	5.60	28.00		6.82	7.60	8.32	9.18	10.00	11.00	11.00	12.00	13.00	14.00	14.00	15.00	15.00	15.00	16.00	16.00	17.00	18.40	20.40	
06824000	0413	19410413	20150413	75	13.36	4.47	6.50	31.00		7.08	7.50	8.36	9.70	10.00	10.80	11.00	12.00	13.00	13.00	14.00	15.00	15.00	15.20	16.00	16.00	17.00	18.00	19.40	
06824000	0414	19410414	20150414	75	13.23	4.44	6.10	31.00		6.62	8.04	8.64	9.64	10.00	10.00	11.00	12.40	13.00	14.00	14.00	14.00	14.40	15.00	16.00	16.00	16.00	17.00	20.40	
06824000	0415	19410415	20150415	75	13.03	4.26	4.60	31.00		6.48	8.06	8.64	9.58	10.00	11.00	11.00	12.40	13.00	13.00	14.00	14.00	15.00	15.00	15.00	16.00	16.00	16.00	18.00	
06824000	0416	19410416	20150416	75	12.99	4.31	6.40	32.00		6.60	8.02	8.64	9.42	10.00	11.00	11.00	12.00	12.00	13.00	14.00	14.00	14.00	15.00	15.00	16.00	16.00	17.00	18.20	
06824000	0417	19410417	20150417	75	12.98	4.23	6.00	32.00		7.18	7.96	8.88	9.84	10.00	11.00	11.00	11.00	13.00	13.00	14.00	14.00	14.00	15.00	15.00	15.00	16.00	17.00	18.20	
06824000	0418	19410418	20150418	75	12.96	4.20	5.50	31.00		6.98	7.80	8.90	9.58	10.00	11.00	11.00	12.00	13.00	13.00	13.00	14.00	14.00	15.00	15.00	16.00	16.00	17.00	17.20	
06824000	0419	19410419	20150419	75	13.08	4.56	4.90	31.00		7.08	8.06	8.68	9.56	10.00	11.00	11.00	11.00	12.00	13.00	13.00	14.00	14.00	15.00	15.00	16.00	16.00	17.00	22.20	
06824000	0420	19410420	20150420	75	13.23	4.89	4.60	31.00		7.14	7.56	8.36	9.14	9.90	11.00	11.00	12.00	12.00	13.00	13.00	14.00	14.00	15.00	16.00	16.00	16.60	18.40	22.60	
06824000	0421	19410421	20150421	75	13.32	5.02	4.40	31.00		6.70	7.24	8.40	9.62	9.80	10.80	11.00	11.40	12.00	13.00	13.00	14.00	14.00	15.00	16.00	16.00	17.60	19.00	23.20	
06824000	0422	19410422	20150422	75	13.18	4.78	5.90	31.00		6.34	6.88	8.58	9.72	10.00	11.00	11.00	12.00	12.00	13.00	13.00	14.00	14.00	15.00	15.00	16.00	17.00	18.00	22.40	
06824000	0423	19410423	20150423	75	13.05	4.75	5.50	31.00		6.20	6.76	8.44	9.30	10.00	10.80	11.60	12.00	12.20	13.00	13.00	14.00	14.00	14.20	15.00	16.00	17.00	18.00	21.60	
06824000	0424	19410424	20150424	75	12.90	4.69	5.00	31.00		6.30	7.06	8.24	9.14	9.60	11.00	11.60	12.00	13.00	13.00	13.00	14.00	14.00	14.00	15.00	15.00	16.00	17.40	21.60	
06824000	0425	19410425	20150425	75	12.88	4.61	5.00	32.00		6.70	6.80	8.48	9.22	10.00	11.00	12.00	12.00	13.00	13.00	13.00	13.60	14.00	14.00	15.00	15.00	16.00	17.00	20.20	
06824000	0426	19410426	20150426	75	12.76	4.53	5.10	32.00		6.50	7.12	8.04	9.14	9.90	11.00	11.00	12.00	12.20	13.00	13.00	13.00	13.40	14.00	14.00	15.00	16.60	18.00	19.00	
06824000	0427	19410427	20150427	75	12.91	4.64	5.70	32.00		6.44	7.68	8.54	8.90	9.50	11.00	11.00	12.00	12.00	13.00	13.00	14.00	14.00	15.00	15.00	15.00	16.00	18.00	19.20	
06824000	0428	19410428	20150428	75	12.80	4.70	5.70	32.00		6.24	7.34	8.08	8.82	9.50	10.00	11.00	12.00	12.00	13.00	13.00	14.00	14.00	14.00	15.00	16.00	17.00	17.00	18.20	
06824000	0429	19410429	20150429	75	12.81	4.79	5.50	32.00		6.18	7.26	7.92	8.90	9.30	10.80	11.00	11.00	12.00	13.00	13.00	14.00	14.00	14.20	15.00	16.00	16.00	17.00	20.60	
06824000	0430	19410430	20150430	75	13.42	6.16	4.90	46.00		5.84	7.62	8.42	8.94	10.00	11.00	11.00	12.00	12.00	13.00	13.00	14.00	14.00	15.00	15.00	16.00	16.00	17.40	27.20	
06824000	0501	19410501	20150501	75	12.96	4.91	5.00	32.00		5.64	7.46	8.00	9.52	10.00	10.80	11.00	12.00	13.00	13.00	13.80	14.00	14.00	14.20	15.00	15.00	16.00	17.00	20.80	
06824000	0502	19410502	20150502	75	13.10	5.01	4.90	33.00		6.40	7.36	7.98	8.90	9.50	10.80	11.00	13.00	13.00	14.00	14.00	14.00	14.00	14.20	15.00	15.80	16.00	17.00	21.60	
06824000	0503	19410503	20150503	75	13.18	5.47	4.70	35.00		5.92	7.44	8.00	8.34	9.70	10.80	12.00	12.40	13.00	13.00	14.00	14.00	14.00	14.20	15.00	15.00	16.00	17.00	25.60	
06824000	0504	19410504	20150504	75	13.05	5.26	4.90	32.00		6.08	6.66	7.70	8.02	9.60	9.98	12.00	13.00	13.00	13.00	14.00	14.00	14.00	14.00	15.00	15.00	16.00	17.00	25.80	
06824000	0505	19410505	20150505	75	13.02	5.25	5.30	32.00		6.24	6.78	7.54	8.12	9.50	9.94	12.00	12.40	13.00	13.00	14.00	14.00	14.00	14.20	15.00	15.80	16.60	17.00	21.60	
06824000	0506	19410506	20150506	75	12.95	5.19	5.00	32.00		5.96	6.70	7.52	8.04	8.90	10.00	11.00	12.00	13.00	13.00	13.80	14.00	14.00	15.00	15.00	16.00	16.60	17.00	24.20	
06824000	0507	19410507	20150507	75	12.86	5.11	4.90	32.00		5.74	6.26	7.42	7.94	9.00	10.00	11.60	12.40	13.00	13.00	13.80	14.00	14.00	14.20	15.00	15.00	16.00	17.40	22.60	
06824000	0508	19410508	20150508	75	13.04	5.78	4.60	36.00		5.86	6.36	7.34	8.06	10.00	10.80	12.00	12.00	13.00	13.00	13.00	14.00	14.00	14.00	15.00	15.00	15.60	17.00	26.40	
06824000	0509	19410509	20150509	75	12.87	5.07	4.40	33.00		5.84	6.72	7.44	8.24	9.70	11.00	12.00	12.40	13.00	13.00	13.00	14.00	14.00	14.00	14.00	15.00	16.00	17.00	23.40	
06824000	0510	19410510	20150510	75	12.71	4.76	4.00	32.00		5.96	6.46	7.44	9.04	10.00	11.80	12.00	12.00	13.00	13.00	13.00	13.00	14.00	14.00	14.00	15.00	16.00	17.00	19.20	
06824000	0511	19410511	20150511	75	12.58	4.80	4.10	32.00		5.38	6.56	7.46	8.74	9.90	11.00	12.00	12.00	12.00	13.00	13.00	13.00	13.40	14.00	14.00	15.00	15.60	17.00	20.20	
06824000	0512	19410512	20150512	75	12.62	5.25	4.00	37.00		5.46	6.40	7.54	8.62	9.40	10.80	12.00	12.00	12.00	13.00	13.00	13.00	13.40	14.00	15.00	15.00	16.00	16.40	20.80	
06824000	0513	19410513	20150513	75	12.78	5.20	3.50	36.00		5.64	6.52	7.72	8.32	9.90	10.80	12.00	12.00	12.00	13.00	13.00	13.00	14.00	14.00	15.00	15.00	16.00	17.40	20.60	
06824000	0514	19410514	20150514	75	12.73	5.15	3.30	34.00		5.48	6.34	7.60	7.96	9.60	10.80	11.00	12.00	12.00	13.00	13.00	13.60	14.00	14.20	15.00	15.00	16.00	18.40	20.20	
06824000	0515	19410515	20150515	75	12.71	5.22	3.80	34.00		4.98	6.28	7.16	7.90	9.50	11.00	11.00	12.00	12.20	13.00	13.00	14.00	14.00	14.00	15.00	15.00	16.00	18.00	21.00	
06824000	0516	19410516	20150516	75	13.14	5.64	4.00	35.00		4.94	6.22	7.14	9.02	9.70	10.80	11.00	12.00	13.00	13.00	14.00	14.00	14.00	15.00	15.00	16.00	16.00	18.40	26.40	
06824000	0517	19410517	20150517	75	13.12	5.51	4.00	33.00		4.76	6.14	7.44	8.12	9.60	10.80	11.60	13.00	13.00	13.00	14.00	14.00	14.00	14.20	16.00	16.00	17.00	18.00	25.20	
06824000	0518	19410518	20150518	75	12.92	5.15	4.10	33.00		5.18	6.12	7.44	8.52	9.20	11.00	12.00	12.00	13.00	13.00	13.00	13.00	14.00	14.20	15.00	16.00	17.00	18.40	23.60	
06824000	0519	19410519	20150519	75	12.99	5.06	4.20	33.00		4.90	6.80	7.84	8.56	9.40	11.00	12.00	12.00	12.20	13.00	13.00	13.60	14.00	15.00	15.00	16.00	17.00	18.00	21.20	
06824000	0520	19410520	20150520	75	12.90	5.17	4.10	33.00		4.92	6.82	7.84	8.70	9.90	11.00	11.00	12.00	12.00	13.00	13.00	13.00	14.00	14.00	16.00	16.00	17.00	18.40	21.80	
06824000	0521	19410521	20150521	75	12.94	5.86	4.10	37.00		4.92	6.66	7.90	8.54	9.50	10.80	11.00	11.40	12.00	12.00	12.00	13.00	14.00	14.20	15.00	16.00	16.00	18.00	24.80	
06824000	0522	19410522	20150522	75	12.79	5.26	4.30	33.00		5.64	6.38	7.00	8.12	10.00	11.00	11.00	12.00	12.00	12.00	13.00	14.00	14.00	15.00	15.00	15.80	16.00	17.00	23.40	
06824000	0523	19410523	20150523	75	13.14	5.61	4.00	34.00		5.02	6.50	7.42	8.18	9.60	11.00	12.00	12.00	12.00	13.00	13.00	14.00	15.00	15.00	15.00	16.00	16.00	18.40	23.60	
06824000	0524	19410524	20150524	75	13.16	6.49	4.20	48.00		5.66	6.86	7.58	8.32	9.40	10.00	12.00	12.00	12.00	13.00	13.80	14.00	14.00	15.00	15.00	15.00	16.00	17.00	23.60	
06824000	0525	19410525	20150525	75	12.97	5.44	4.30	36.00		5.62	6.54	7.92	8.86	9.90	10.80	12.00	12.00	12.00	13.00	13.00	14.00	14.00	14.20	15.00	15.80	16.00	17.00	19.80	
06824000	0526	19410526	20150526	75	12.77	4.93	4.60	35.00		5.52	6.72	8.04	9.04	10.00	11.00	12.00	12.00	12.00	13.00	13.00	13.60	14.00	14.00	15.00	15.00	15.60	16.00	20.40	
06824000	0527	19410527	20150527	75	13.09	5.28	5.10	35.00		5.64	6.82	7.52	9.00	9.80	11.00	12.00	13.00	13.00	13.00	13.00	14.00	14.00	14.00	15.00	15.00	16.00	16.80	25.40	
06824000	0528	19410528	20150528	75	12.97	5.37	5.20	34.00		5.48	6.36	7.34	8.12	9.40	10.80	11.60	12.00	13.00	13.00	13.80	14.00	14.00	14.20	15.00	15.00	16.00	18.00	25.20	
06824000	0529	19410529	20150529	75	13.10	5.11	5.00	34.00		5.72	6.82	7.24	8.18	9.80	10.80	12.00	12.00	13.00	14.00	14.00	14.00	14.00	15.00	15.00	15.00	17.00	19.00	21.00	
06824000	0530	19410530	20150530	75	13.23	5.26	5.30	35.00		5.80	6.34	7.34	8.40	10.00	11.00	11.60	12.00	13.00	14.00	14.00	14.00	14.40	15.00	15.00	16.00	16.00	19.00	22.60	
06824000	0531	19410531	20150531	75	13.25	5.45	5.50	34.00		5.68	6.32	7.08	8.60	10.00	11.00	12.00	12.00	13.00	14.00	14.00	14.00	14.00	15.00	15.00	15.00	15.60	18.40	28.20	
06824000	0601	19410601	20150601	75	12.87	4.97	5.40	33.00		5.68	6.30	7.00	8.52	11.00	11.00	11.00	12.00	13.00	14.00	14.00	14.00	14.00	14.00	15.00	15.00	15.60	17.00	24.20	
06824000	0602	19410602	20150602	75	13.08	5.66	5.30	39.00		5.48	6.56	7.44	8.94	9.90	11.00	11.00	12.00	13.00	13.00	14.00	14.00	14.00	14.00	14.00	15.00	16.00	17.00	23.80	
06824000	0603	19410603	20150603	75	12.79	4.83	5.20	32.00		5.58	6.76	8.22	8.86	9.30	11.00	11.00	12.00	12.20	13.00	13.00	13.60	14.00	14.00	14.00	15.00	16.00	17.00	21.20	
06824000	0604	19410604	20150604	75	12.57	4.56	5.10	33.00		5.92	7.14	8.24	9.12	9.50	10.80	11.00	11.40	13.00	13.00	13.00	13.00	14.00	14.00	14.00	15.00	15.60	16.00	19.40	
06824000	0605	19410605	20150605	75	13.07	5.70	5.00	41.00		5.38	7.28	7.90	8.90	10.00	11.00	11.60	12.00	12.20	13.00	13.00	14.00	14.00	14.00	14.00	15.00	15.60	17.00	23.80	
06824000	0606	19410606	20150606	75	13.34	5.83	4.50	33.00		5.88	6.70	7.74	8.56	9.70	11.00	11.00	12.00	13.00	13.00	13.80	14.00	14.00	14.20	15.00	16.00	17.00	18.40	30.20	
06824000	0607	19410607	20150607	75	13.33	7.19	5.00	55.00		5.62	6.36	7.30	8.34	10.00	11.00	11.00	12.00	12.00	13.00	13.00	13.00	14.00	14.00	15.00	15.00	16.00	18.60	26.40	
06824000	0608	19410608	20150608	75	14.23	10.29	4.40	83.00		5.58	6.40	7.14	8.32	8.90	10.00	11.00	12.00	12.00	13.00	13.00	13.00	14.00	15.00	15.00	15.80	17.00	24.80	30.40	
06824000	0609	19410609	20150609	75	13.95	8.50	4.30	49.00		5.62	6.34	7.30	8.42	9.10	10.00	11.00	12.00	12.00	13.00	13.00	13.00	14.00	14.20	15.00	15.80	16.60	22.80	34.40	
06824000	0610	19410610	20150610	75	13.23	6.59	4.70	41.00		5.50	6.28	6.94	8.52	9.30	9.98	10.60	12.00	12.00	12.00	13.00	13.00	14.00	14.00	15.00	16.00	17.20	20.40	31.00	
06824000	0611	19410611	20150611	75	12.69	5.17	4.90	32.00		5.68	6.10	6.88	9.24	9.70	10.00	11.00	12.00	12.00	12.00	13.00	13.00	13.00	14.00	14.00	15.80	16.00	18.20	23.40	
06824000	0612	19410612	20150612	75	12.63	4.83	5.20	33.00		5.60	6.76	7.64	8.92	9.80	10.80	11.00	11.40	12.00	12.00	13.00	13.00	14.00	14.00	15.00	15.00	16.00	17.40	21.00	
06824000	0613	19410613	20150613	75	12.60	4.98	4.80	31.00		6.04	7.06	8.00	8.78	9.70	10.00	11.00	12.00	12.00	12.00	12.80	13.00	13.00	14.00	14.00	15.00	15.60	17.40	24.80	
06824000	0614	19410614	20150614	75	12.42	4.77	4.50	32.00		5.90	7.36	8.30	9.14	9.50	9.98	10.00	11.00	11.20	12.00	13.00	13.00	13.00	14.00	14.00	14.80	16.00	16.80	21.20	
06824000	0615	19410615	20150615	75	12.40	5.10	5.10	34.00		5.60	7.18	8.24	8.72	9.00	9.78	10.00	11.00	11.00	12.00	12.00	13.00	13.00	14.00	14.00	15.00	16.00	17.40	22.20	
06824000	0616	19410616	20150616	75	12.38	5.27	5.50	34.00		5.98	6.96	7.72	8.62	9.50	9.88	10.00	11.00	11.00	12.00	12.00	13.00	13.00	14.00	14.00	15.00	15.60	17.00	22.40	
06824000	0617	19410617	20150617	75	12.44	5.65	5.40	36.00		6.14	6.70	7.52	8.68	9.50	9.76	10.00	10.40	11.00	12.00	12.00	12.60	13.00	14.00	14.00	14.80	16.00	16.40	26.60	
06824000	0618	19410618	20150618	75	12.18	5.09	4.30	34.00		5.92	6.50	7.42	8.84	9.10	9.56	10.00	11.00	11.00	12.00	12.00	13.00	13.00	14.00	14.00	14.00	15.00	17.00	23.00	
06824000	0619	19410619	20150619	75	12.30	5.25	4.10	33.00		5.56	6.50	7.22	8.42	8.90	9.44	10.00	11.00	11.00	12.00	12.80	13.00	13.40	14.00	14.00	15.00	15.00	17.40	23.40	
06824000	0620	19410620	20150620	75	12.23	5.09	4.60	33.00		5.50	6.46	7.04	8.06	8.70	9.56	10.00	11.00	11.20	12.00	12.00	13.00	13.00	14.00	14.00	14.80	16.00	17.40	24.40	
06824000	0621	19410621	20150621	75	12.37	6.31	4.70	50.00		5.48	6.66	7.44	8.44	9.40	9.66	10.00	11.00	11.00	12.00	12.00	12.60	13.00	14.00	14.00	14.80	15.00	18.00	22.20	
06824000	0622	19410622	20150622	75	12.12	4.97	4.70	34.00		5.40	6.40	7.40	8.06	9.00	9.48	9.96	11.00	11.00	12.00	12.00	13.00	13.00	14.00	14.00	15.00	16.00	17.00	22.00	
06824000	0623	19410623	20150623	75	11.89	4.87	4.70	35.00		5.46	6.14	7.46	8.02	9.00	9.56	10.00	11.00	11.00	12.00	12.00	12.00	12.40	13.20	14.00	14.80	15.60	16.40	19.00	
06824000	0624	19410624	20150624	75	11.71	5.01	4.40	34.00		5.72	6.38	7.30	7.92	9.10	9.28	9.74	10.00	11.00	11.00	12.00	12.00	12.00	13.00	14.00	14.00	15.60	16.00	18.00	
06824000	0625	19410625	20150625	75	11.57	5.05	4.10	34.00		5.80	6.36	7.04	7.82	8.70	9.10	9.50	10.00	11.00	11.00	12.00	12.00	12.00	12.20	13.00	14.00	15.00	16.00	19.20	
06824000	0626	19410626	20150626	75	11.54	5.04	4.40	36.00		5.56	6.46	6.64	7.44	8.50	8.90	9.68	10.40	11.00	11.00	11.00	12.00	12.00	12.20	13.00	14.80	15.00	16.00	19.20	
06824000	0627	19410627	20150627	75	11.53	4.95	3.90	35.00		5.36	6.36	7.08	7.64	8.30	8.76	9.36	10.00	11.00	11.00	11.00	12.00	13.00	13.00	13.00	14.00	15.00	16.40	20.00	
06824000	0628	19410628	20150628	75	11.45	5.17	3.90	35.00		5.16	6.00	7.12	7.76	8.30	8.92	9.26	9.88	11.00	11.00	11.00	11.60	12.40	13.00	13.00	14.00	14.00	16.00	23.80	
06824000	0629	19410629	20150629	75	11.41	5.01	4.20	34.00		4.88	5.58	6.80	7.72	8.30	8.88	9.48	10.40	11.00	11.00	11.80	12.00	12.00	13.00	13.00	13.00	14.00	16.40	21.00	
06824000	0630	19410630	20150630	75	11.38	5.20	4.30	34.00		4.68	5.54	6.62	7.54	8.30	8.80	9.06	10.00	11.00	11.00	11.80	12.00	12.00	13.00	13.00	13.00	14.00	16.00	22.60	
06824000	0701	19410701	20150701	75	11.86	7.41	4.30	59.00		4.76	5.42	7.10	7.48	8.40	8.68	9.26	10.00	11.00	11.00	12.00	12.00	12.00	13.00	13.00	13.00	14.00	16.40	24.60	
06824000	0702	19410702	20150702	75	11.34	5.06	4.30	33.00		4.68	5.40	7.02	8.10	8.60	9.10	9.88	10.00	11.00	11.00	11.00	12.00	12.00	13.00	13.00	13.00	14.00	15.00	20.20	
06824000	0703	19410703	20150703	75	12.60	10.76	4.30	94.00		4.80	6.22	7.22	8.10	8.40	8.76	9.62	10.00	11.00	11.00	12.00	12.00	12.00	13.00	14.00	14.00	14.00	15.80	24.60	
06824000	0704	19410704	20150704	75	12.72	12.28	4.20	109.00		5.10	6.22	6.90	8.02	8.10	8.48	9.48	10.00	11.00	12.00	12.00	12.00	12.00	13.00	14.00	14.00	14.60	16.40	22.20	
06824000	0705	19410705	20150705	75	12.26	10.07	4.20	89.00		4.90	6.42	7.00	7.92	8.40	8.70	9.20	9.94	11.00	12.00	12.00	12.00	12.00	12.20	13.00	14.00	14.00	15.00	20.60	
06824000	0706	19410706	20150706	75	12.32	12.42	4.30	111.00		5.00	5.92	6.86	7.94	8.30	8.70	9.32	9.88	11.00	11.00	11.00	12.00	12.00	12.00	13.00	13.80	14.00	15.00	19.00	
06824000	0707	19410707	20150707	75	11.76	7.30	4.30	59.00		4.88	6.16	7.04	8.14	8.50	8.88	9.26	9.74	10.00	11.00	11.00	11.60	12.00	12.20	13.00	14.00	14.60	15.80	20.80	
06824000	0708	19410708	20150708	75	11.49	5.60	3.30	34.00		5.12	6.06	6.74	7.96	8.60	9.00	9.30	9.70	9.90	10.00	11.00	12.00	12.00	13.00	13.00	14.00	14.00	16.40	22.40	
06824000	0709	19410709	20150709	75	11.29	5.17	3.30	32.00		4.80	5.74	6.70	7.84	8.40	8.68	9.44	9.74	10.00	11.00	11.00	12.00	12.00	13.00	13.00	14.00	14.00	15.40	22.00	
06824000	0710	19410710	20150710	75	11.22	5.68	3.30	40.00		4.96	5.82	6.54	7.82	8.20	9.06	9.52	9.74	10.00	10.00	11.00	12.00	12.00	12.00	13.00	13.00	14.00	15.00	19.80	
06824000	0711	19410711	20150711	75	10.90	4.84	3.40	32.00		4.80	5.56	5.98	7.74	8.20	8.98	9.40	9.70	10.00	10.00	11.00	12.00	12.00	12.20	13.00	13.00	14.00	14.00	17.60	
06824000	0712	19410712	20150712	75	11.12	5.28	3.60	33.00		4.68	5.46	5.98	7.46	8.10	8.98	9.46	9.88	10.00	11.00	11.00	11.00	12.00	13.00	13.00	13.00	13.60	14.40	24.40	
06824000	0713	19410713	20150713	75	11.11	5.77	3.30	40.00		4.50	5.40	6.10	7.56	8.50	8.90	9.56	9.94	10.00	11.00	11.00	11.00	12.00	12.00	12.00	13.00	13.60	15.00	22.20	
06824000	0714	19410714	20150714	75	11.05	5.16	2.90	33.00		4.40	5.32	5.74	7.72	8.20	8.88	9.40	9.60	10.00	10.00	11.00	12.00	12.00	12.00	12.00	13.80	14.60	16.40	19.80	
06824000	0715	19410715	20150715	75	10.93	5.06	2.70	33.00		4.78	5.36	5.72	7.62	8.10	8.98	9.32	9.68	10.00	10.00	11.00	11.60	12.00	12.00	12.00	13.00	14.00	15.40	19.60	
06824000	0716	19410716	20150716	75	10.69	4.89	3.00	33.00		4.40	5.26	5.62	7.26	8.00	9.06	9.46	9.80	10.00	10.00	11.00	11.00	12.00	12.00	12.00	12.80	14.00	15.00	17.40	
06824000	0717	19410717	20150717	75	10.53	4.79	4.00	33.00		4.52	5.06	5.38	7.08	8.20	9.20	9.46	9.60	9.74	10.00	10.00	11.00	11.00	12.00	12.00	13.00	14.00	14.00	16.20	
06824000	0718	19410718	20150718	75	10.60	4.91	3.70	33.00		4.48	5.06	5.32	6.86	8.10	9.16	9.40	9.58	9.72	10.00	10.00	11.00	11.40	12.00	12.00	13.00	14.00	14.40	17.20	
06824000	0719	19410719	20150719	75	10.85	5.17	3.40	33.00		4.52	5.02	5.64	7.00	8.20	8.98	9.10	9.50	10.00	10.00	11.00	11.00	12.00	12.00	13.00	13.00	13.60	15.40	19.40	
06824000	0720	19410720	20150720	75	10.93	5.17	3.10	34.00		4.50	4.90	5.72	6.80	8.10	9.08	9.30	9.84	10.00	11.00	11.00	11.00	12.00	12.00	13.00	13.00	14.60	16.40	18.00	
06824000	0721	19410721	20150721	75	11.08	5.15	2.80	32.00		4.66	5.40	6.18	6.92	8.10	9.20	9.40	9.68	10.00	11.00	11.00	11.00	12.00	12.20	13.00	13.00	14.60	16.00	21.00	
06824000	0722	19410722	20150722	75	11.15	5.19	2.40	32.00		4.58	5.32	6.00	7.64	8.90	9.08	9.36	9.70	10.00	11.00	11.00	11.00	12.00	12.00	13.00	13.80	15.00	16.00	20.20	
06824000	0723	19410723	20150723	75	11.06	5.33	2.20	32.00		4.38	5.00	5.96	7.42	8.10	9.14	9.40	9.94	10.00	11.00	11.00	11.00	12.00	12.00	13.00	13.00	14.00	15.40	24.80	
06824000	0724	19410724	20150724	75	11.30	5.42	2.40	32.00		4.54	4.96	5.82	7.16	8.90	9.26	9.50	10.00	10.00	11.00	11.00	11.00	12.00	12.20	13.00	14.00	14.60	16.40	24.80	
06824000	0725	19410725	20150725	75	11.11	5.23	2.70	32.00		4.58	5.32	5.74	6.72	9.10	9.38	9.68	10.00	10.00	11.00	11.00	11.60	12.00	12.00	13.00	13.00	14.00	15.40	23.40	
06824000	0726	19410726	20150726	75	11.07	5.04	2.80	32.00		4.48	5.30	5.72	6.58	8.90	9.10	9.88	10.00	11.00	11.00	11.00	11.60	12.00	12.00	13.00	13.00	14.00	16.00	20.00	
06824000	0727	19410727	20150727	75	11.00	4.98	2.80	32.00		4.88	5.26	5.74	6.72	8.70	9.26	9.72	10.00	11.00	11.00	11.00	11.00	12.00	12.00	12.00	13.00	14.00	15.00	20.00	
06824000	0728	19410728	20150728	75	11.02	4.98	2.80	32.00		4.70	5.28	6.10	7.02	8.90	9.28	9.56	10.00	10.00	11.00	11.00	11.60	12.00	12.00	13.00	13.00	14.00	14.00	20.20	
06824000	0729	19410729	20150729	75	11.21	5.28	3.20	32.00		4.66	5.58	6.74	7.52	8.70	9.18	9.62	10.00	10.00	10.00	11.00	12.00	12.00	12.00	13.00	13.00	13.00	15.40	22.80	
06824000	0730	19410730	20150730	75	11.36	6.37	4.40	48.00		4.68	5.54	6.54	7.80	8.50	8.88	9.52	9.80	10.00	10.00	11.00	11.00	11.40	12.00	12.00	13.00	13.60	15.40	24.20	
06824000	0731	19410731	20150731	75	10.87	5.32	4.10	35.00		4.58	5.16	6.50	7.60	8.10	8.88	9.50	9.78	10.00	10.00	11.00	11.00	11.40	12.00	12.00	12.80	13.00	14.40	22.60	
06824000	0801	19410801	20150801	75	11.33	7.31	3.70	58.00		4.58	5.26	6.24	7.24	8.10	9.00	9.40	9.62	10.00	11.00	11.00	11.00	11.00	12.00	12.00	12.80	13.60	14.40	28.20	
06824000	0802	19410802	20150802	75	10.69	4.61	4.00	32.00		4.58	5.40	6.20	7.38	8.40	9.18	9.56	9.80	10.00	10.00	11.00	11.00	11.00	12.00	12.00	13.00	13.00	14.00	18.20	
06824000	0803	19410803	20150803	75	10.94	4.82	4.10	32.00		4.64	5.52	6.24	7.54	8.80	9.42	9.80	9.90	10.00	10.00	11.00	11.00	11.00	12.00	12.00	13.00	13.60	14.40	22.20	
06824000	0804	19410804	20150804	75	11.44	7.36	4.20	61.00		4.80	5.30	6.26	7.62	8.80	9.56	9.96	10.00	10.00	10.00	11.00	11.00	12.00	12.00	12.00	13.00	13.00	15.20	21.80	
06824000	0805	19410805	20150805	75	10.92	4.49	4.20	32.00		4.92	5.30	6.28	8.14	9.10	9.46	9.96	10.00	10.00	10.00	11.00	11.00	12.00	12.00	12.00	13.00	13.60	14.80	17.20	
06824000	0806	19410806	20150806	75	11.04	4.93	3.90	35.00		4.92	5.46	6.20	8.18	8.80	9.46	10.00	10.00	10.00	11.00	11.00	11.00	11.40	12.00	12.00	13.00	13.00	15.00	19.00	
06824000	0807	19410807	20150807	75	10.87	5.25	4.10	41.00		4.54	5.58	6.54	8.40	8.80	9.16	9.76	10.00	10.00	10.00	11.00	11.00	11.40	12.00	12.00	12.00	13.00	14.00	15.40	
06824000	0808	19410808	20150808	75	10.76	4.95	3.40	38.00		4.60	5.84	7.60	8.10	8.80	9.28	9.52	10.00	10.00	10.00	10.80	11.00	11.00	11.20	12.00	12.00	13.00	14.00	16.40	
06824000	0809	19410809	20150809	75	10.84	5.03	3.50	36.00		4.58	5.76	6.88	8.04	8.80	9.16	9.50	9.70	10.00	10.00	11.00	11.00	11.00	12.00	12.00	12.00	13.00	14.00	20.40	
06824000	0810	19410810	20150810	75	10.87	4.93	3.60	35.00		4.80	5.88	7.22	7.82	8.40	9.18	9.72	9.94	10.00	11.00	11.00	11.00	11.00	11.20	12.00	12.00	13.00	14.40	20.40	
06824000	0811	19410811	20150811	75	10.99	5.27	3.80	34.00		4.98	6.30	7.16	7.72	8.60	9.02	9.56	9.84	10.00	10.00	10.00	11.00	11.00	12.00	12.00	12.00	13.00	15.00	21.40	
06824000	0812	19410812	20150812	75	10.63	4.75	3.80	33.00		4.76	5.80	6.86	7.44	8.10	9.02	9.56	9.84	10.00	10.00	10.00	11.00	11.00	11.20	12.00	12.80	13.00	14.00	16.60	
06824000	0813	19410813	20150813	75	10.75	4.87	3.80	32.00		5.06	5.72	6.48	7.12	8.20	9.18	9.54	10.00	10.00	10.00	11.00	11.00	11.00	11.00	12.00	12.80	13.60	14.00	20.40	
06824000	0814	19410814	20150814	75	10.76	4.77	3.50	33.00		4.98	5.60	6.20	7.44	8.30	9.08	9.86	10.00	10.00	10.00	11.00	11.00	11.00	12.00	12.00	13.00	14.00	14.00	18.20	
06824000	0815	19410815	20150815	75	10.81	4.63	3.50	33.00		5.02	5.70	6.38	7.36	8.20	8.90	9.30	10.00	11.00	11.00	11.00	11.00	12.00	12.00	13.00	13.00	13.60	14.00	16.40	
06824000	0816	19410816	20150816	75	11.02	4.70	3.70	33.00		5.18	6.00	7.08	7.80	8.40	8.60	9.70	10.00	11.00	11.00	11.00	11.00	12.00	12.00	13.00	13.00	14.00	14.00	17.20	
06824000	0817	19410817	20150817	75	11.28	5.50	3.60	37.00		5.14	5.90	6.72	7.64	8.40	8.90	9.82	10.00	10.00	11.00	11.00	11.00	12.00	12.00	13.00	13.00	14.00	15.00	22.00	
06824000	0818	19410818	20150818	75	11.16	6.16	3.70	48.00		4.90	5.96	6.90	7.60	8.30	9.22	9.40	9.84	10.00	11.00	11.00	11.00	11.40	12.00	12.00	13.00	13.00	14.40	19.60	
06824000	0819	19410819	20150819	75	10.61	4.34	3.70	32.00		5.12	5.96	6.54	7.24	8.30	9.14	9.52	9.90	10.00	11.00	11.00	11.00	12.00	12.00	12.00	12.00	13.00	14.00	15.00	
06824000	0820	19410820	20150820	75	10.63	4.50	4.00	32.00		5.16	5.72	6.50	7.24	8.50	8.88	9.32	9.64	10.00	11.00	11.00	11.00	11.40	12.00	12.00	12.00	13.00	14.00	17.60	
06824000	0821	19410821	20150821	75	10.53	4.40	4.20	31.00		4.76	5.50	6.38	7.00	7.80	8.70	9.16	9.68	10.00	11.00	11.00	11.00	12.00	12.00	12.00	12.80	13.00	14.00	15.40	
06824000	0822	19410822	20150822	75	10.57	4.33	4.10	30.00		5.00	5.38	6.12	7.32	8.00	8.70	9.26	9.68	9.92	11.00	11.00	11.00	12.00	12.00	12.00	13.00	13.00	14.00	15.20	
06824000	0823	19410823	20150823	75	10.99	5.09	3.90	33.00		4.98	5.48	6.48	7.30	8.30	9.18	9.56	9.78	10.00	11.00	11.00	11.00	12.00	12.00	13.00	13.00	13.00	14.00	19.60	
06824000	0824	19410824	20150824	75	11.27	6.45	3.70	52.00		4.60	5.60	6.70	7.50	8.40	9.10	9.50	9.94	10.00	11.00	11.00	11.60	12.00	12.00	13.00	13.00	13.00	14.00	20.20	
06824000	0825	19410825	20150825	75	10.99	4.59	3.50	32.00		4.76	5.76	6.82	7.40	8.10	9.28	9.62	9.84	10.00	11.00	11.00	12.00	12.00	12.00	12.00	13.00	13.60	14.40	20.60	
06824000	0826	19410826	20150826	75	10.93	4.48	3.30	30.00		5.16	5.80	6.54	7.82	8.40	9.20	9.46	10.00	10.00	11.00	11.00	11.60	12.00	12.00	12.00	13.00	14.00	14.00	18.60	
06824000	0827	19410827	20150827	75	10.83	4.23	3.60	28.00		5.22	5.66	6.56	7.48	8.50	9.20	9.52	10.00	11.00	11.00	11.00	11.00	12.00	12.00	12.00	12.80	14.00	14.00	17.40	
06824000	0828	19410828	20150828	75	11.12	4.69	3.60	31.00		4.96	5.72	6.74	8.02	8.90	9.16	10.00	10.40	11.00	11.00	11.00	11.60	12.00	12.00	12.00	13.00	13.60	14.40	19.20	
06824000	0829	19410829	20150829	75	11.83	8.81	3.80	77.00		4.72	5.60	6.68	7.72	8.60	9.08	10.00	10.40	11.00	11.00	11.00	12.00	12.00	12.00	12.00	13.00	13.00	15.40	23.20	
06824000	0830	19410830	20150830	75	11.07	4.89	3.70	32.00		4.90	5.60	6.30	7.74	8.50	8.96	9.86	10.00	11.00	11.00	11.00	11.00	12.00	12.00	12.00	13.00	13.60	14.00	19.80	
06824000	0831	19410831	20150831	75	10.67	4.15	4.00	30.00		4.86	5.52	6.18	7.54	8.30	9.08	9.66	10.00	11.00	11.00	11.00	11.00	12.00	12.00	12.00	12.80	13.00	14.00	16.60	
06824000	0901	19410901	20150901	75	10.77	4.10	3.90	30.00		4.78	5.60	7.06	7.72	8.60	9.24	9.80	10.00	10.20	11.00	11.00	11.00	12.00	12.00	12.00	13.00	13.00	14.00	17.20	
06824000	0902	19410902	20150902	75	10.84	4.19	3.80	30.00		4.80	5.60	6.60	7.82	8.60	9.20	9.76	10.00	10.00	11.00	11.00	11.00	12.00	12.00	12.00	13.00	13.60	15.40	18.60	
06824000	0903	19410903	20150903	75	11.18	6.35	4.00	54.00		4.58	5.60	6.46	7.72	8.30	9.18	9.50	9.90	10.00	11.00	11.00	11.00	12.00	12.00	12.00	13.00	14.00	15.00	17.60	
06824000	0904	19410904	20150904	75	11.08	5.66	4.20	46.00		4.80	5.52	6.32	7.62	8.00	9.10	9.66	10.00	10.00	11.00	11.00	11.00	12.00	12.00	12.00	13.00	14.00	15.00	17.80	
06824000	0905	19410905	20150905	75	11.17	5.08	4.10	31.00		5.14	5.82	6.50	7.42	8.00	8.94	9.68	10.00	11.00	11.00	11.00	11.00	12.00	12.00	13.00	13.00	14.00	15.00	24.80	
06824000	0906	19410906	20150906	75	10.96	4.70	4.10	30.00		5.04	5.70	6.38	7.18	8.10	9.08	9.96	10.00	11.00	11.00	11.00	11.00	11.40	12.00	13.00	13.00	13.00	14.00	23.40	
06824000	0907	19410907	20150907	75	11.37	6.45	3.60	50.00		4.60	5.50	6.12	6.94	8.00	9.08	9.70	10.00	11.00	11.00	11.00	11.00	12.00	12.00	13.00	13.00	14.00	15.00	24.60	
06824000	0908	19410908	20150908	75	10.95	4.72	3.40	31.00		4.84	5.32	6.16	7.70	7.90	9.16	9.88	10.00	10.00	11.00	11.00	11.00	12.00	12.00	13.00	13.00	13.60	15.00	20.80	
06824000	0909	19410909	20150909	75	10.88	4.46	4.10	31.00		4.84	5.12	6.08	7.54	8.40	9.60	9.88	10.00	11.00	11.00	11.00	11.00	11.40	12.00	13.00	13.00	13.60	15.00	17.20	
06824000	0910	19410910	20150910	75	10.82	4.26	4.30	30.00		4.88	5.40	6.50	7.56	8.40	9.48	9.72	10.00	11.00	11.00	11.00	11.00	12.00	12.00	13.00	13.00	14.00	14.00	16.00	
06824000	0911	19410911	20150911	75	10.89	4.24	4.20	30.00		4.70	5.28	6.74	7.78	8.50	9.26	9.76	10.00	10.20	11.00	11.00	12.00	12.00	13.00	13.00	13.00	14.00	14.00	16.00	
06824000	0912	19410912	20150912	75	10.97	4.48	4.30	31.00		4.68	5.24	6.50	7.54	8.70	9.26	9.92	10.00	10.20	11.00	11.00	12.00	12.00	12.20	13.00	13.00	14.00	15.00	16.00	
06824000	0913	19410913	20150913	75	11.02	4.55	4.40	32.00		4.50	5.46	6.22	7.54	8.80	9.36	9.82	10.40	11.00	11.00	11.00	12.00	12.00	12.00	13.00	13.00	14.00	14.40	16.00	
06824000	0914	19410914	20150914	75	10.98	4.57	4.40	32.00		4.56	5.60	6.08	7.68	8.40	9.46	9.82	10.00	11.00	11.00	12.00	12.00	12.00	12.20	13.00	13.00	13.00	14.00	15.20	
06824000	0915	19410915	20150915	75	11.22	4.68	4.30	33.00		4.66	5.80	6.76	7.80	8.90	9.66	9.96	11.00	11.00	11.00	11.80	12.00	12.00	12.20	13.00	13.00	13.00	14.00	17.40	
06824000	0916	19410916	20150916	75	11.22	4.59	4.20	33.00		4.80	5.70	7.22	8.32	8.90	9.58	10.00	11.00	11.00	11.00	11.80	12.00	12.00	12.20	13.00	13.00	13.60	14.00	16.20	
06824000	0917	19410917	20150917	75	11.18	4.49	4.20	32.00		5.04	5.82	7.12	8.44	8.90	9.20	9.96	10.00	11.00	11.00	11.00	12.00	12.00	12.20	13.00	13.00	14.00	15.00	15.60	
06824000	0918	19410918	20150918	75	11.19	4.50	4.20	32.00		5.04	5.80	7.16	8.30	8.70	9.06	10.00	10.40	11.00	11.00	11.00	12.00	12.00	12.00	13.00	13.00	14.00	15.00	17.00	
06824000	0919	19410919	20150919	75	11.17	4.49	4.10	31.00		5.00	5.88	7.02	8.20	8.30	9.00	10.00	10.40	11.00	11.00	11.80	12.00	12.00	12.00	13.00	13.00	14.00	15.00	16.20	
06824000	0920	19410920	20150920	75	11.31	4.51	4.10	31.00		5.10	5.96	7.30	8.22	8.70	8.98	10.00	11.00	11.00	11.00	11.80	12.00	12.00	13.00	13.00	13.00	14.00	15.00	17.00	
06824000	0921	19410921	20150921	75	11.49	4.50	4.10	31.00		5.28	6.00	7.64	8.12	8.80	9.66	10.00	11.00	11.00	11.00	12.00	12.00	13.00	13.00	13.00	14.00	14.00	15.00	19.00	
06824000	0922	19410922	20150922	75	11.54	4.45	4.10	31.00		5.30	6.08	7.60	8.36	8.70	9.88	10.00	10.00	11.00	12.00	12.00	12.00	12.40	13.00	14.00	14.00	14.00	15.00	18.20	
06824000	0923	19410923	20150923	75	11.47	4.41	4.10	32.00		5.58	6.44	7.72	8.32	8.70	9.70	10.00	10.00	11.00	11.00	11.80	12.00	12.40	13.00	13.00	14.00	14.00	15.00	17.40	
06824000	0924	19410924	20150924	75	11.49	4.23	4.10	31.00		5.64	6.28	7.84	8.32	8.70	9.78	9.90	10.00	11.00	11.00	12.00	12.00	12.40	13.00	14.00	14.00	14.60	15.00	17.20	
06824000	0925	19410925	20150925	75	11.37	4.21	4.10	31.00		5.78	6.10	7.94	8.22	8.70	9.70	10.00	10.00	11.00	11.00	12.00	12.00	12.00	13.00	13.00	14.00	14.00	15.00	16.20	
06824000	0926	19410926	20150926	75	11.22	4.41	4.10	31.00		5.08	5.96	7.42	8.02	8.20	9.20	9.66	10.00	11.00	11.00	12.00	12.00	13.00	13.00	13.00	13.80	14.00	15.00	16.00	
06824000	0927	19410927	20150927	75	11.38	5.00	3.50	33.00		5.08	6.04	6.98	8.00	8.30	9.44	9.86	10.00	10.00	11.00	12.00	12.60	13.00	13.00	13.00	13.00	14.00	14.00	18.80	
06824000	0928	19410928	20150928	75	11.38	4.72	3.20	32.00		4.96	6.02	6.62	8.10	8.50	9.38	9.90	10.00	10.00	11.00	12.00	12.60	13.00	13.00	13.00	14.00	14.00	15.00	18.20	
06824000	0929	19410929	20150929	75	11.40	4.65	3.50	32.00		5.00	6.08	6.74	7.94	8.50	9.32	9.78	10.00	11.00	12.00	12.00	12.60	13.00	13.00	13.00	14.00	14.00	15.00	17.20	
06824000	0930	19410930	20150930	75	11.39	4.63	3.60	32.00		5.00	6.20	6.58	8.10	8.50	9.00	9.78	10.40	11.00	12.00	12.00	12.00	13.00	13.00	13.00	13.80	14.00	15.00	17.20	
06824000	1001	19401001	20151001	76	11.44	4.63	4.20	32.00		4.88	6.11	6.96	7.82	8.60	8.90	9.68	11.00	11.00	12.00	12.00	13.00	13.00	13.00	13.00	14.00	14.00	15.00	16.30	
06824000	1002	19401002	20151002	76	11.29	4.25	3.80	31.00		5.00	5.98	6.67	7.92	8.62	9.11	9.70	10.80	11.00	12.00	12.00	12.00	13.00	13.00	13.00	14.00	14.45	15.00	16.00	
06824000	1003	19401003	20151003	76	11.20	3.87	3.10	31.00		5.00	6.10	6.56	7.86	8.93	9.43	9.99	10.80	11.00	12.00	12.00	12.00	13.00	13.00	13.00	14.00	14.00	15.00	15.15	
06824000	1004	19401004	20151004	76	11.19	3.80	4.70	30.00		5.71	6.10	6.56	7.30	9.00	9.50	9.70	10.00	11.00	12.00	12.00	13.00	13.00	13.00	13.00	14.00	14.00	15.00	15.15	
06824000	1005	19401005	20151005	76	11.56	4.14	4.80	30.00		5.44	6.00	7.10	7.76	9.00	9.60	10.00	11.00	11.65	12.00	12.00	12.20	13.00	13.00	14.00	14.00	15.00	15.30	16.15	
06824000	1006	19401006	20151006	76	11.60	4.24	4.60	30.00		5.81	6.00	7.21	8.04	8.85	9.54	11.00	11.00	11.00	12.00	12.00	12.00	13.00	13.00	14.00	14.00	15.00	15.00	16.15	
06824000	1007	19401007	20151007	76	11.54	3.97	4.70	30.00		5.80	6.00	7.60	8.22	9.20	9.64	10.00	11.00	11.00	12.00	12.00	12.00	13.00	13.00	14.00	14.00	14.45	15.00	16.60	
06824000	1008	19401008	20151008	76	11.54	3.73	5.10	30.00		5.86	6.07	7.55	8.48	9.10	9.60	10.95	11.00	11.00	12.00	12.00	13.00	13.00	13.00	14.00	14.00	14.00	15.00	16.15	
06824000	1009	19401009	20151009	76	11.64	4.07	5.10	29.00		5.90	6.40	7.60	8.30	8.90	9.41	9.98	11.00	11.00	12.00	12.00	12.20	13.00	13.00	14.00	14.00	14.00	15.00	16.75	
06824000	1010	19401010	20151010	76	11.81	4.28	5.00	30.00		5.67	6.75	7.62	8.64	9.00	9.61	9.99	11.00	11.00	12.00	12.00	13.00	13.00	13.00	14.00	14.60	15.00	15.30	17.30	
06824000	1011	19401011	20151011	76	11.90	4.49	5.10	31.00		5.50	6.75	7.61	8.46	9.00	9.45	10.00	11.00	11.65	12.00	12.00	13.00	13.00	14.00	14.00	14.00	15.00	15.30	18.00	
06824000	1012	19401012	20151012	76	11.91	4.25	5.50	31.00		5.69	7.19	8.28	8.70	8.93	9.91	10.00	11.00	12.00	12.00	12.00	13.00	13.00	13.00	14.00	14.00	14.45	15.00	16.15	
06824000	1013	19401013	20151013	76	11.81	4.33	3.70	31.00		5.50	6.77	7.96	8.60	8.90	9.73	10.95	11.00	12.00	12.00	12.00	13.00	13.00	13.00	13.00	14.00	14.45	15.30	16.15	
06824000	1014	19401014	20151014	76	11.93	4.36	5.40	31.00		6.52	7.44	7.90	8.60	8.90	9.61	10.00	11.00	11.65	12.00	12.00	13.00	13.00	13.00	14.00	14.00	15.00	15.00	18.30	
06824000	1015	19401015	20151015	76	11.86	4.33	2.70	31.00		6.26	7.37	7.66	8.46	9.05	9.63	10.00	11.00	11.65	12.00	12.00	13.00	13.00	13.00	14.00	14.00	15.00	15.30	17.00	
06824000	1016	19401016	20151016	76	11.83	4.06	1.40	31.00		6.18	7.24	7.81	8.54	8.88	9.82	11.00	11.00	12.00	12.00	12.35	13.00	13.00	13.00	14.00	14.00	15.00	15.00	16.30	
06824000	1017	19401017	20151017	76	12.02	4.29	1.00	30.00		6.03	6.90	7.81	8.64	9.22	10.00	11.00	12.00	12.00	12.00	12.35	13.00	13.00	13.90	14.00	14.60	15.00	15.00	17.45	
06824000	1018	19401018	20151018	76	12.18	4.69	0.85	31.00		5.88	6.90	7.67	8.58	9.07	9.91	11.00	11.00	12.00	12.00	13.00	13.00	13.00	13.90	14.00	15.00	15.00	16.00	21.00	
06824000	1019	19401019	20151019	76	12.17	4.83	0.82	32.00		6.14	6.57	7.24	8.22	8.70	10.00	11.00	11.00	12.00	12.00	13.00	13.00	13.00	14.00	14.00	15.00	15.00	16.30	20.30	
06824000	1020	19401020	20151020	76	12.16	5.07	0.76	33.00		5.77	6.47	7.25	8.22	9.10	9.91	11.00	11.00	11.65	12.00	12.35	13.00	13.00	13.90	14.00	15.00	15.00	16.30	20.75	
06824000	1021	19401021	20151021	76	12.12	4.88	0.74	33.00		5.70	6.50	7.71	8.44	9.57	10.00	11.00	11.00	11.65	12.00	12.00	13.00	13.00	14.00	14.00	15.00	15.45	16.00	17.90	
06824000	1022	19401022	20151022	76	12.02	4.61	0.67	33.00		6.16	6.95	7.81	8.46	9.22	10.00	10.00	11.00	12.00	12.00	12.35	13.00	13.00	13.90	14.00	15.00	15.00	16.00	17.00	
06824000	1023	19401023	20151023	76	12.04	4.41	0.64	32.00		5.97	7.04	8.05	8.82	9.72	10.00	11.00	11.80	12.00	12.00	13.00	13.00	13.00	13.00	14.00	14.00	15.00	15.00	16.15	
06824000	1024	19401024	20151024	76	11.95	4.40	0.65	31.00		5.88	6.70	8.05	8.54	9.57	10.00	11.00	11.00	12.00	12.00	12.35	13.00	13.00	13.00	14.00	14.00	15.00	15.00	16.60	
06824000	1025	19401025	20151025	76	11.89	4.42	0.64	31.00		5.77	6.57	7.84	8.78	9.72	9.91	10.00	11.00	11.65	12.00	12.00	13.00	13.00	13.90	14.00	14.60	15.00	15.00	17.15	
06824000	1026	19401026	20151026	76	11.88	4.33	0.63	31.00		5.97	7.05	7.83	8.82	9.40	9.63	10.00	10.80	12.00	12.00	13.00	13.00	13.00	14.00	14.00	14.00	15.00	15.00	17.00	
06824000	1027	19401027	20151027	76	12.11	4.58	0.63	32.00		5.97	7.18	8.00	8.56	9.35	9.90	10.00	11.00	12.00	12.00	13.00	13.00	13.05	14.00	14.00	15.00	15.00	16.00	17.75	
06824000	1028	19401028	20151028	76	12.12	4.50	0.65	31.00		6.05	7.05	7.97	8.64	9.53	10.00	10.00	11.00	12.00	12.50	13.00	13.00	14.00	14.00	14.00	14.00	15.00	16.00	18.30	
06824000	1029	19401029	20151029	76	12.22	4.57	0.66	31.00		6.27	6.57	8.16	8.94	9.45	10.00	10.95	11.00	12.00	13.00	13.00	13.00	14.00	14.00	14.00	15.00	15.45	16.00	16.60	
06824000	1030	19401030	20151030	76	12.30	4.57	0.73	32.00		6.44	6.67	8.30	8.72	9.75	10.00	11.00	11.00	11.65	13.00	13.00	14.00	14.00	14.00	14.00	15.00	16.00	16.00	17.00	
06824000	1031	19401031	20151031	76	12.26	4.55	0.72	32.00		6.00	6.67	8.51	9.24	10.00	11.00	11.00	11.00	11.65	12.00	13.00	13.00	14.00	14.00	14.00	15.00	15.00	16.00	16.15	
06824000	1101	19401101	20151101	76	12.24	4.55	0.72	33.00		6.04	6.67	8.10	9.16	9.85	11.00	11.00	11.00	12.00	13.00	13.00	13.20	14.00	14.00	14.00	14.60	15.00	16.00	16.00	
06824000	1102	19401102	20151102	76	12.51	4.87	0.75	34.00		6.03	6.57	7.58	9.20	10.00	11.00	11.00	11.00	12.00	13.00	13.00	14.00	14.00	14.00	15.00	15.00	15.45	16.00	20.00	
06824000	1103	19401103	20151103	76	12.57	5.18	0.85	33.00		5.94	6.47	7.60	9.50	10.00	10.00	11.00	11.00	11.65	12.50	13.00	13.20	14.00	14.00	15.00	15.00	15.45	16.00	21.50	
06824000	1104	19401104	20151104	76	12.37	4.78	0.83	33.00		5.88	6.47	7.52	9.38	9.93	10.10	11.00	11.00	12.00	13.00	13.00	13.20	14.00	14.00	15.00	15.00	15.00	16.00	17.45	
06824000	1105	19401105	20151105	76	12.31	4.74	0.82	32.00		5.83	6.54	7.30	9.04	9.43	10.00	11.00	11.00	11.65	13.00	13.35	14.00	14.00	14.00	15.00	15.00	16.00	16.00	17.00	
06824000	1106	19401106	20151106	76	12.60	5.24	0.85	34.00		6.15	6.77	7.36	8.70	9.45	10.10	11.00	11.00	12.00	13.00	13.00	14.00	14.00	14.90	15.00	15.00	16.00	16.30	20.35	
06824000	1107	19401107	20151107	76	12.74	5.40	0.85	33.00		6.24	6.70	7.46	8.28	9.60	10.10	11.00	11.00	12.00	13.00	13.00	14.00	14.00	14.00	15.00	15.00	16.00	16.30	25.60	
06824000	1108	19401108	20151108	76	12.80	5.31	0.85	33.00		5.98	6.87	7.46	8.24	9.72	10.10	11.00	11.00	12.65	13.00	13.00	14.00	14.00	15.00	15.00	15.60	16.00	17.00	23.05	
06824000	1109	19401109	20151109	76	12.69	5.28	0.89	33.00		6.05	6.88	7.36	8.54	9.70	10.00	11.00	11.80	12.00	13.00	13.00	14.00	14.00	14.00	15.00	15.00	16.00	16.00	24.75	
06824000	1110	19401110	20151110	76	12.70	4.92	0.88	33.00		5.96	7.11	7.87	9.18	9.80	10.10	11.00	12.00	12.00	13.00	13.35	14.00	14.00	14.90	15.00	15.00	16.00	16.00	18.90	
06824000	1111	19401111	20151111	76	12.59	4.65	0.88	32.00		5.75	7.27	8.00	9.34	9.70	11.00	11.00	12.00	12.00	13.00	13.00	14.00	14.00	14.00	15.00	15.00	16.00	16.00	17.60	
06824000	1112	19401112	20151112	76	12.48	4.42	0.90	32.00		6.01	6.87	7.66	9.10	9.70	11.00	11.95	12.00	12.00	13.00	13.00	13.20	14.00	14.00	15.00	15.00	15.00	16.00	20.30	
06824000	1113	19401113	20151113	76	12.40	4.41	0.90	32.00		6.03	6.84	8.00	8.84	9.62	11.00	11.00	12.00	12.00	13.00	13.00	13.20	14.00	14.00	14.00	15.00	15.45	16.00	18.45	
06824000	1114	19401114	20151114	76	12.61	4.36	0.91	32.00		5.88	6.84	8.15	8.88	10.00	11.00	12.00	12.00	13.00	13.00	13.00	13.20	14.00	14.90	15.00	15.00	16.00	16.00	18.45	
06824000	1115	19401115	20151115	76	12.62	4.50	0.95	32.00		5.88	6.81	8.43	9.08	9.85	10.10	12.00	12.00	12.65	13.00	13.00	14.00	14.00	14.00	15.00	15.00	16.00	16.00	19.05	
06824000	1116	19401116	20151116	76	12.97	4.83	0.95	34.00		5.96	6.78	8.53	9.20	10.00	11.10	12.00	12.00	13.00	13.00	13.35	14.00	14.00	15.00	15.00	15.60	16.00	17.00	22.30	
06824000	1117	19401117	20151117	76	12.87	4.66	1.00	33.00		6.17	6.84	8.62	9.30	9.68	11.00	12.00	12.00	12.00	13.00	14.00	14.00	14.00	15.00	15.00	16.00	16.00	17.00	19.45	
06824000	1118	19401118	20151118	76	12.85	4.95	0.99	33.00		6.10	6.71	8.11	9.14	9.85	10.10	12.00	12.00	12.00	13.00	13.00	14.00	14.05	15.00	15.00	16.00	16.00	16.00	19.65	
06824000	1119	19401119	20141119	75	12.73	4.70	0.95	32.00		5.90	6.90	8.36	9.22	9.70	11.00	11.00	12.00	12.00	13.00	14.00	14.00	15.00	15.00	15.00	15.00	16.00	16.00	18.20	
06824000	1120	19401120	20141120	75	12.81	4.66	0.95	32.00		5.88	6.88	8.42	9.18	9.90	11.00	11.60	12.00	13.00	13.00	14.00	14.00	15.00	15.00	15.00	15.00	16.00	16.40	17.60	
06824000	1121	19401121	20141121	75	12.98	4.24	2.60	32.00		6.30	7.12	8.90	9.32	10.00	11.00	12.00	13.00	13.00	13.00	14.00	14.60	15.00	15.00	15.00	15.00	16.00	16.00	20.20	
06824000	1122	19401122	20141122	75	12.96	4.22	5.90	32.00		6.56	7.58	8.78	9.26	10.00	11.00	11.00	12.00	13.00	13.00	14.00	14.00	14.00	15.00	15.00	15.00	16.00	17.00	18.40	
06824000	1123	19401123	20141123	75	13.06	4.47	5.80	32.00		6.52	7.52	8.78	9.50	10.00	11.00	11.00	12.00	13.00	13.00	13.80	14.00	15.00	15.00	15.00	15.00	16.00	17.00	18.60	
06824000	1124	19401124	20141124	75	13.15	4.57	5.80	32.00		6.68	7.40	8.78	9.38	10.00	11.00	12.00	12.00	13.00	14.00	14.00	14.00	14.00	15.00	15.00	15.00	16.00	17.00	18.60	
06824000	1125	19401125	20141125	75	12.94	4.60	4.40	32.00		6.78	7.28	8.64	9.14	10.00	11.00	11.60	12.00	13.00	13.00	14.00	14.00	14.00	15.00	15.00	15.00	15.60	16.40	18.40	
06824000	1126	19401126	20141126	75	12.86	4.57	5.50	33.00		6.46	7.32	8.60	8.92	9.70	11.00	12.00	12.00	12.00	13.00	13.80	14.00	14.00	15.00	15.00	15.00	15.60	16.00	17.40	
06824000	1127	19401127	20141127	75	12.79	4.57	5.00	33.00		6.30	7.16	8.44	9.00	10.00	11.00	12.00	12.00	12.20	13.00	13.00	14.00	14.00	14.20	15.00	15.00	16.00	16.00	17.20	
06824000	1128	19401128	20141128	75	12.73	4.56	4.30	33.00		6.56	7.24	8.40	9.12	9.70	11.00	11.60	12.00	12.20	13.00	13.80	14.00	14.00	14.00	15.00	15.00	15.00	16.00	17.00	
06824000	1129	19401129	20141129	75	12.63	4.60	4.90	34.00		6.44	6.98	8.20	8.94	10.00	11.00	11.00	12.00	12.00	13.00	13.00	14.00	14.00	14.00	15.00	15.00	15.00	16.00	17.20	
06824000	1130	19401130	20141130	75	12.65	4.57	4.50	34.00		6.32	6.92	8.02	8.98	10.00	11.00	11.00	12.00	12.20	13.00	13.80	14.00	14.00	14.00	15.00	15.00	15.00	16.00	17.00	
06824000	1201	19401201	20141201	75	12.93	4.95	5.40	34.00		6.28	7.32	7.92	9.02	9.90	10.80	11.00	11.40	12.20	13.00	14.00	14.00	14.00	15.00	15.00	15.80	16.00	16.00	20.00	
06824000	1202	19401202	20141202	75	12.82	4.80	4.90	34.00		6.58	7.62	8.26	9.10	9.40	10.00	10.00	11.00	12.20	14.00	14.00	14.00	14.00	15.00	15.00	15.80	16.00	16.00	19.20	
06824000	1203	19401203	20141203	75	12.90	5.02	5.00	34.00		6.74	7.56	8.28	8.86	10.00	10.00	11.00	11.40	12.00	13.00	14.00	14.00	14.00	14.00	15.00	15.00	16.00	16.40	21.20	
06824000	1204	19401204	20141204	75	12.82	4.81	1.80	34.00		6.52	7.22	8.48	8.92	9.40	10.00	11.00	12.00	13.00	13.00	14.00	14.00	14.00	15.00	15.00	15.00	16.00	16.40	18.60	
06824000	1205	19401205	20141205	75	12.69	4.73	1.10	32.00		5.70	7.16	8.38	9.08	10.00	10.00	11.00	12.00	12.00	13.00	14.00	14.00	14.00	15.00	15.00	15.00	16.00	16.40	17.20	
06824000	1206	19401206	20141206	75	12.56	4.75	1.30	33.00		5.62	6.90	8.04	8.92	10.00	10.00	11.00	11.40	12.00	13.00	14.00	14.00	14.00	15.00	15.00	15.00	16.00	16.00	17.20	
06824000	1207	19401207	20141207	75	12.59	4.60	2.10	33.00		5.50	7.22	8.74	9.24	10.00	10.80	11.00	11.40	12.00	13.00	13.80	14.00	14.00	15.00	15.00	15.00	15.60	16.00	17.00	
06824000	1208	19401208	20141208	75	12.62	4.34	3.40	33.00		5.76	7.46	8.94	9.24	10.00	11.00	11.00	12.00	12.00	13.00	13.00	14.00	14.00	15.00	15.00	15.00	15.00	16.00	17.00	
06824000	1209	19401209	20141209	75	12.58	4.35	3.20	33.00		6.20	6.82	8.94	9.30	10.00	10.00	11.00	11.40	12.00	13.00	13.00	14.00	15.00	15.00	15.00	15.00	16.00	16.00	17.00	
06824000	1210	19401210	20141210	75	12.65	4.43	3.00	33.00		5.84	7.42	8.78	9.06	10.00	10.00	11.00	11.40	12.00	13.00	14.00	14.00	15.00	15.00	15.00	15.00	16.00	16.00	17.00	
06824000	1211	19401211	20141211	75	12.72	4.25	3.50	30.00		6.14	6.76	8.60	9.26	10.00	11.00	11.00	12.00	12.00	13.00	14.00	14.00	15.00	15.00	15.00	15.00	16.00	16.00	18.00	
06824000	1212	19401212	20141212	75	12.54	3.89	4.10	27.00		5.90	7.10	8.94	9.16	10.00	10.80	11.00	12.00	12.20	13.00	13.80	14.00	14.00	15.00	15.00	15.00	15.60	16.00	17.00	
06824000	1213	19401213	20141213	75	12.56	4.05	4.40	32.00		6.56	7.32	8.76	9.12	10.00	10.00	11.00	12.00	12.00	13.00	13.00	14.00	14.00	15.00	15.00	15.00	16.00	16.00	16.40	
06824000	1214	19401214	20141214	75	12.53	4.24	4.40	34.00		6.06	7.74	8.58	9.20	10.00	10.00	11.00	11.00	12.00	13.00	13.00	14.00	14.00	14.20	15.00	15.00	16.00	16.00	17.20	
06824000	1215	19401215	20141215	75	12.69	4.26	5.00	35.00		5.96	8.08	8.76	9.12	10.00	10.80	11.00	11.40	12.20	13.00	13.80	14.00	14.00	14.20	15.00	15.80	16.00	16.00	17.00	
06824000	1216	19401216	20141216	75	12.69	4.18	5.90	35.00		6.66	7.90	8.64	9.22	9.70	10.80	11.00	11.40	13.00	13.00	13.00	14.00	14.00	15.00	15.00	15.00	15.60	16.00	17.00	
06824000	1217	19401217	20141217	75	12.80	4.29	6.00	35.00		6.94	7.86	8.56	9.22	9.70	10.80	11.00	12.00	12.20	13.00	14.00	14.00	14.00	15.00	15.00	15.00	16.00	16.00	17.20	
06824000	1218	19401218	20141218	75	12.87	4.50	6.00	35.00		7.00	7.86	8.46	9.50	9.80	10.80	11.00	12.00	13.00	13.00	14.00	14.00	14.00	15.00	15.00	15.00	16.00	16.00	17.20	
06824000	1219	19401219	20141219	75	12.79	4.72	4.40	35.00		6.44	7.52	8.40	9.14	9.70	10.00	11.00	12.00	12.00	13.00	14.00	14.00	14.00	15.00	15.00	15.00	16.00	16.00	17.40	
06824000	1220	19401220	20141220	75	12.71	4.86	4.40	35.00		6.32	7.24	8.34	9.10	9.80	10.00	11.00	11.40	12.00	13.00	13.80	14.00	14.00	15.00	15.00	15.00	15.00	16.40	19.00	
06824000	1221	19401221	20141221	75	12.79	4.85	4.60	35.00		6.32	7.24	8.34	9.00	9.80	10.00	11.00	12.00	12.00	13.00	13.80	14.00	14.40	15.00	15.00	15.00	16.00	16.00	19.00	
06824000	1222	19401222	20141222	75	12.83	5.01	4.20	35.00		5.94	7.12	8.14	9.40	10.00	10.00	11.00	12.00	12.00	13.00	13.00	14.00	14.40	15.00	15.00	15.00	16.00	17.00	20.00	
06824000	1223	19401223	20141223	75	12.92	5.00	4.70	36.00		5.80	7.40	8.24	9.20	9.50	10.00	11.00	12.00	13.00	13.00	14.00	14.00	14.00	15.00	15.00	16.00	16.00	17.00	19.20	
06824000	1224	19401224	20141224	75	12.76	5.04	4.70	36.00		6.30	7.04	8.02	9.00	9.50	10.00	11.00	11.00	12.00	13.00	13.80	14.00	14.00	15.00	15.00	15.80	16.00	17.00	18.40	
06824000	1225	19401225	20141225	75	12.71	5.02	4.90	36.00		6.58	7.20	7.88	8.26	9.40	9.96	11.00	11.00	12.00	13.00	13.00	14.00	14.00	14.20	15.00	16.00	16.00	17.00	18.40	
06824000	1226	19401226	20141226	75	12.78	5.07	4.20	36.00		5.96	7.12	8.24	9.08	9.60	10.00	10.60	12.00	12.00	13.00	14.00	14.00	14.00	14.20	15.00	15.80	16.00	17.00	17.60	
06824000	1227	19401227	20141227	75	12.64	4.90	3.90	35.00		6.12	7.40	8.28	9.02	9.40	10.00	10.60	11.40	12.00	13.00	13.80	14.00	14.00	14.00	15.00	15.00	16.00	16.00	17.40	
06824000	1228	19401228	20141228	75	12.83	4.88	3.80	35.00		6.46	7.98	8.42	9.16	9.80	10.00	11.00	11.40	12.20	13.00	13.80	14.00	14.00	15.00	15.00	15.00	16.00	16.00	17.20	
06824000	1229	19401229	20141229	75	12.73	4.82	3.00	34.00		6.66	7.82	8.24	9.00	9.60	10.00	11.00	11.00	12.00	13.00	13.80	14.00	14.00	15.00	15.00	15.00	16.00	16.00	18.00	
06824000	1230	19401230	20141230	75	12.55	4.72	4.30	35.00		6.84	7.16	7.98	8.84	9.70	10.00	11.00	11.00	12.00	13.00	13.00	14.00	14.00	14.00	15.00	15.00	16.00	16.00	18.00	
06824000	1231	19401231	20141231	75	12.25	4.63	4.60	35.00		5.74	7.00	7.94	8.92	9.50	10.00	11.00	11.00	12.00	12.00	13.00	13.00	14.00	14.00	14.00	15.00	15.00	16.00	16.20	
