site_no	monthday	begin_dt	end_dt	count_nu	mean	std	min	max	p01	p05	p10	p15	p20	p25	p30	p35	p40	p45	p50	p55	p60	p65	p70	p75	p80	p85	p90	p95	p99
07050700	ALL	19551001	20160328	22095	239.65	719.51	0.30	24500.00	3.70	8.20	12.00	15.00	20.00	24.00	31.00	39.00	49.00	60.00	74.00	90.00	110.00	135.00	167.00	212.00	274.00	357.60	496.00	824.00	2870.40
07050700	0101	19560101	20160101	61	336.09	818.30	6.80	5080.00		10.00	12.60	21.60	31.60	40.00	50.80	64.40	70.00	85.10	104.00	121.20	147.80	167.50	210.80	303.50	358.40	451.10	776.40	1082.90	
07050700	0102	19560102	20160102	61	236.83	494.71	6.80	3600.00		10.10	14.00	22.30	34.00	39.00	51.40	61.80	67.80	80.00	101.00	110.40	135.60	165.60	194.60	254.50	285.80	394.10	527.80	669.90	
07050700	0103	19560103	20160103	61	180.86	237.89	6.80	1380.00		9.01	12.20	22.60	30.40	42.50	51.60	62.70	79.60	87.70	96.00	114.40	130.20	155.20	175.80	239.00	263.60	321.00	471.60	645.20	
07050700	0104	19560104	20160104	61	271.24	525.39	7.50	3670.00		9.16	13.00	21.60	34.20	44.50	50.00	66.40	88.60	90.00	106.00	126.20	144.60	177.00	220.60	265.50	364.80	451.90	678.20	1162.00	
07050700	0105	19560105	20160105	61	368.47	1259.55	7.20	9780.00		9.13	13.00	20.90	32.60	45.50	49.60	74.60	82.80	87.80	102.00	129.00	143.80	172.50	194.80	283.00	361.60	400.70	675.20	1060.90	
07050700	0106	19560106	20160106	61	229.03	468.56	6.80	3520.00		8.83	12.20	20.60	33.40	43.50	53.80	77.30	82.80	86.90	99.00	119.90	142.80	170.90	179.60	244.50	343.00	352.90	538.60	674.50	
07050700	0107	19560107	20160107	61	173.26	214.01	6.80	1340.00		8.83	12.20	20.60	31.40	40.50	54.80	69.10	77.80	84.60	99.00	118.50	133.20	158.20	194.80	240.00	305.00	338.80	439.60	524.20	
07050700	0108	19560108	20160108	61	276.92	979.02	6.30	7700.00		8.82	12.60	21.00	32.80	41.50	60.40	72.40	76.40	83.70	98.00	115.30	128.80	155.00	181.60	244.00	293.60	323.80	384.00	502.10	
07050700	0109	19560109	20160109	61	169.00	254.22	5.60	1820.00		9.32	13.40	21.30	30.80	42.00	58.80	71.10	78.80	81.90	107.00	113.20	119.80	146.70	166.20	216.00	265.00	302.70	347.20	529.20	
07050700	0110	19560110	20160110	61	164.81	200.23	6.00	1110.00		9.19	15.60	22.30	29.20	41.50	58.40	69.10	74.80	80.90	96.00	107.30	123.80	141.90	162.00	197.50	256.80	310.30	457.60	589.30	
07050700	0111	19560111	20160111	61	183.46	287.07	6.00	1460.00		9.13	17.60	25.00	28.60	41.00	55.60	65.70	73.40	76.90	85.00	102.30	119.80	135.80	153.60	190.00	235.20	318.80	391.40	1001.90	
07050700	0112	19560112	20160112	61	149.78	188.61	5.00	959.00		8.65	16.00	21.90	29.20	40.00	51.20	61.00	72.60	79.70	88.00	97.80	116.00	124.30	145.60	169.50	217.60	290.60	343.60	603.00	
07050700	0113	19560113	20160113	61	348.94	993.00	4.20	5940.00		9.01	16.60	21.60	32.40	39.50	53.00	65.60	70.80	80.50	95.00	110.30	128.20	133.20	154.60	202.50	250.60	301.70	578.00	2714.10	
07050700	0114	19560114	20160114	61	266.67	780.82	3.80	5810.00		6.17	14.40	21.60	31.20	41.50	57.20	67.70	73.80	82.60	91.00	106.00	121.60	129.90	145.00	177.50	221.00	271.10	441.00	1498.80	
07050700	0115	19560115	20160115	61	221.58	451.25	3.80	2660.00		8.42	14.00	25.00	29.80	42.50	55.80	66.00	73.80	82.30	94.00	103.70	124.40	149.70	167.80	186.50	211.00	279.40	351.60	1414.90	
07050700	0116	19560116	20160116	61	182.70	334.15	3.50	2310.00		8.33	13.20	24.30	30.20	44.00	55.20	64.00	72.20	80.80	88.00	94.20	116.80	151.90	167.00	188.50	225.20	259.10	310.80	888.80	
07050700	0117	19560117	20160117	61	164.03	221.40	5.30	1340.00		8.84	14.40	24.20	30.20	50.00	57.40	63.70	71.80	73.90	84.00	101.90	115.60	139.50	160.60	202.00	219.20	259.50	480.00	660.20	
07050700	0118	19560118	20160118	61	200.93	299.96	6.00	1340.00		8.63	13.40	22.90	37.80	52.50	60.00	62.40	70.80	81.50	104.00	115.10	125.20	135.80	169.40	200.50	222.80	379.90	554.60	1178.00	
07050700	0119	19560119	20160119	61	198.18	326.36	2.70	1890.00		8.86	13.40	25.30	37.60	52.00	60.00	62.80	69.80	79.80	96.00	107.10	115.00	130.00	177.40	196.00	206.60	370.80	538.80	704.80	
07050700	0120	19560120	20160120	61	196.16	326.59	2.90	1720.00		9.12	17.20	23.90	41.20	49.00	58.20	65.10	68.80	77.80	91.00	100.10	112.80	141.40	175.40	187.50	206.00	338.40	468.80	962.80	
07050700	0121	19560121	20160121	61	177.12	262.38	3.30	1440.00		9.12	14.80	22.00	37.00	54.50	60.40	64.70	69.20	74.70	81.00	100.50	111.20	151.50	164.00	169.50	198.20	318.80	443.80	826.90	
07050700	0122	19560122	20160122	61	178.19	276.11	3.30	1900.00		9.12	18.20	27.50	42.40	54.50	60.60	63.00	70.40	83.90	94.00	111.40	139.60	147.60	154.60	158.00	277.60	311.10	440.20	610.10	
07050700	0123	19560123	20160123	61	167.91	208.51	3.30	1250.00		9.12	17.00	24.80	40.00	54.00	59.60	64.10	81.00	87.70	98.00	113.50	135.20	142.60	155.00	212.00	257.60	294.90	421.60	642.30	
07050700	0124	19560124	20160124	61	223.90	587.94	6.70	4560.00		9.39	13.40	24.70	40.80	53.00	56.80	65.40	83.20	88.90	103.00	109.90	128.60	137.90	158.20	224.00	242.20	309.20	417.80	544.60	
07050700	0125	19560125	20160125	61	166.97	237.07	6.80	1660.00		8.71	13.60	24.40	40.60	53.50	61.60	76.40	87.40	98.40	103.00	113.00	121.20	128.60	162.20	215.50	258.40	272.00	370.20	472.20	
07050700	0126	19560126	20160126	61	161.03	171.51	3.50	952.00		8.94	13.40	23.40	37.00	56.50	60.00	80.40	92.80	97.80	105.00	111.10	124.60	140.10	185.80	226.00	272.80	312.00	370.80	568.70	
07050700	0127	19560127	20160127	61	178.05	199.49	2.70	973.00		9.67	14.80	21.90	34.80	54.00	59.60	76.70	95.00	99.80	105.00	113.40	122.80	150.10	183.00	228.50	293.80	359.40	521.00	642.20	
07050700	0128	19560128	20160128	61	226.52	479.31	2.20	3380.00		9.29	14.60	21.20	31.40	53.00	59.20	74.00	86.60	95.50	99.00	103.30	117.20	156.90	175.20	214.00	272.80	378.10	467.40	600.30	
07050700	0129	19560129	20160129	61	284.05	739.92	2.00	5310.00		9.57	13.20	20.90	46.00	54.00	57.60	72.00	85.40	92.90	98.00	105.10	117.60	147.90	167.00	217.50	256.80	361.30	429.60	1155.10	
07050700	0130	19560130	20160130	61	395.76	973.33	2.00	5680.00		9.65	15.40	25.60	45.80	54.00	56.60	73.50	86.80	94.70	99.00	104.20	130.80	161.00	179.20	225.50	302.40	385.90	673.20	2943.00	
07050700	0131	19560131	20160131	61	388.97	991.16	3.10	7010.00		10.10	17.20	26.40	43.00	53.50	59.80	72.20	83.00	92.20	98.00	105.10	138.00	161.60	198.40	283.00	348.00	521.80	1062.80	1734.00	
07050700	0201	19560201	20160201	61	325.13	740.47	4.20	4470.00		10.10	18.00	32.50	43.60	51.00	58.20	71.50	82.80	89.70	98.00	100.30	135.20	143.00	181.00	219.50	318.60	443.00	686.60	1568.00	
07050700	0202	19560202	20160202	61	266.50	570.66	3.70	4210.00		11.60	19.00	29.90	41.00	51.50	61.20	74.10	84.00	89.60	100.00	120.00	126.40	143.70	167.60	228.50	378.80	466.40	710.40	972.00	
07050700	0203	19560203	20160203	61	199.55	264.46	4.00	1590.00		11.20	18.20	25.90	40.40	51.00	57.00	69.30	82.00	88.00	100.00	122.10	127.60	151.00	174.20	210.50	349.80	466.50	565.80	683.60	
07050700	0204	19560204	20160204	61	179.19	203.42	4.00	1140.00		12.00	18.20	29.50	39.80	51.00	55.60	69.00	82.40	94.50	101.00	110.80	133.00	167.70	181.20	238.50	282.40	404.40	480.00	580.60	
07050700	0205	19560205	20160205	61	176.73	175.96	3.70	855.00		11.30	18.20	26.00	38.80	48.50	55.00	79.70	84.40	91.90	102.00	127.10	144.60	170.60	225.20	268.50	354.00	401.10	442.80	504.90	
07050700	0206	19560206	20160206	61	184.75	209.25	3.70	1080.00		13.20	17.40	21.20	36.80	47.00	60.80	78.00	80.60	92.70	98.00	124.50	144.60	166.90	199.20	259.00	322.20	368.50	429.80	660.60	
07050700	0207	19560207	20160207	61	198.86	319.35	3.70	2350.00		13.00	15.80	21.90	37.60	45.50	58.60	74.00	77.00	87.00	107.00	129.20	157.40	182.10	220.80	247.50	317.00	366.80	423.20	577.40	
07050700	0208	19560208	20160208	61	172.18	196.57	3.70	1200.00		12.00	15.80	22.10	39.80	44.00	55.60	72.40	74.80	80.90	103.00	129.10	152.20	174.70	193.00	244.00	282.00	326.80	436.00	517.00	
07050700	0209	19560209	20160209	61	283.39	1035.71	3.50	8160.00		12.30	17.40	21.80	42.20	45.50	56.80	70.00	75.00	82.40	95.00	127.10	146.00	157.30	178.80	235.50	271.60	323.20	434.00	568.00	
07050700	0210	19560210	20160210	61	215.07	541.08	4.20	4220.00		15.30	19.00	26.80	39.80	48.00	68.60	71.00	78.80	89.90	101.00	135.10	140.20	152.90	176.20	200.00	252.00	306.40	377.20	463.60	
07050700	0211	19560211	20160211	61	223.59	410.09	6.20	2460.00		16.20	19.00	36.90	43.40	51.00	68.60	80.00	84.40	91.60	119.00	134.30	141.40	160.80	192.20	223.50	239.40	287.00	361.40	1467.30	
07050700	0212	19560212	20160212	61	236.56	433.06	5.30	2410.00		12.60	18.20	32.80	42.80	57.00	68.80	80.00	83.00	105.00	123.00	130.10	147.60	158.00	184.40	214.00	242.20	322.30	393.20	1181.00	
07050700	0213	19560213	20160213	61	238.41	360.23	6.20	2150.00		12.00	18.40	37.80	50.40	61.50	71.20	79.70	82.80	118.10	132.00	146.70	163.20	181.30	202.80	220.50	296.00	323.40	617.80	1066.20	
07050700	0214	19560214	20160214	61	244.66	366.78	6.20	2310.00		13.10	20.00	43.10	58.20	67.50	83.20	94.90	103.80	118.80	141.00	154.10	170.80	185.00	210.80	229.50	275.20	374.60	687.60	1129.60	
07050700	0215	19560215	20160215	61	323.22	568.38	7.30	3940.00		15.20	19.80	48.50	58.80	72.00	85.00	98.20	110.60	130.40	152.00	163.30	191.40	218.90	252.40	302.00	493.20	533.80	711.40	1343.00	
07050700	0216	19560216	20160216	61	300.20	430.65	12.00	2450.00		14.10	20.60	45.20	56.60	65.00	80.20	92.90	112.00	123.60	155.00	176.80	190.80	214.30	252.40	351.50	425.40	557.10	821.00	1297.00	
07050700	0217	19560217	20160217	61	386.95	1217.10	9.70	9540.00		13.30	27.60	42.80	54.40	61.50	79.40	94.60	99.60	128.60	158.00	186.10	189.20	204.60	255.80	324.50	386.00	490.70	741.60	950.30	
07050700	0218	19560218	20160218	61	240.69	321.68	11.00	2210.00		16.00	27.20	46.30	51.20	67.50	80.00	89.80	101.80	130.10	166.00	178.50	190.40	210.10	238.00	282.50	334.00	470.00	628.00	689.10	
07050700	0219	19560219	20160219	61	237.26	307.15	12.00	2070.00		16.00	27.00	42.20	54.80	66.00	76.00	83.00	111.20	140.60	162.00	178.60	191.80	224.20	254.00	279.50	359.20	475.70	534.40	581.60	
07050700	0220	19560220	20160220	61	215.85	236.33	9.00	1370.00		16.10	23.20	39.50	53.00	67.00	73.60	95.50	114.80	135.50	146.00	170.80	190.00	212.10	219.60	232.00	352.80	408.40	498.00	723.80	
07050700	0221	19560221	20160221	61	270.26	476.16	11.00	2680.00		13.30	32.00	43.20	56.00	63.00	75.00	105.50	114.60	132.40	143.00	170.10	178.80	189.30	201.20	239.00	317.60	429.30	551.80	873.70	
07050700	0222	19560222	20160222	61	320.87	504.65	11.00	3000.00		16.10	30.00	43.50	53.40	58.00	72.80	99.10	108.60	124.00	144.00	165.80	179.40	243.60	280.40	341.50	398.00	597.70	722.60	1497.00	
07050700	0223	19560223	20160223	61	517.19	1528.66	6.50	10900.00		11.30	34.80	44.20	51.40	60.00	69.60	94.60	99.60	111.80	132.00	152.20	170.40	225.90	306.20	378.00	438.40	533.30	624.40	2897.00	
07050700	0224	19560224	20160224	61	409.05	1068.70	8.20	7220.00		10.20	37.20	46.00	53.80	59.00	74.60	91.10	101.60	108.80	128.00	143.00	165.00	206.60	286.80	349.50	380.60	467.30	598.00	1460.00	
07050700	0225	19560225	20160225	61	322.86	676.25	8.20	4860.00		10.50	37.20	45.90	55.60	59.00	67.60	90.30	102.40	111.70	136.00	157.50	173.40	227.10	279.40	309.00	396.40	421.90	716.40	1577.00	
07050700	0226	19560226	20160226	61	314.92	447.42	7.30	2480.00		10.42	38.40	44.30	52.60	63.00	75.20	88.20	100.20	107.00	147.00	159.20	199.60	241.90	275.00	354.00	422.80	664.60	961.40	1318.00	
07050700	0227	19560227	20160227	61	333.74	598.86	5.90	3440.00		10.15	39.60	47.30	53.00	62.50	79.40	89.70	103.00	132.30	152.00	173.50	205.20	227.90	248.80	308.00	360.40	520.60	879.40	1466.70	
07050700	0228	19560228	20160228	61	248.54	269.27	6.80	1170.00		10.60	38.60	51.90	63.00	73.50	84.60	93.20	119.40	127.80	143.00	188.10	206.80	235.00	266.00	298.50	389.00	509.20	612.60	1034.70	
07050700	0229	19560229	20160229	16	122.32	93.15	9.10	302.00			26.53	37.85	43.40	50.25	62.20	80.90	85.20	89.25	91.50	95.85	105.40	115.65	126.70	195.50	244.40	273.25	291.50		
07050700	0301	19560301	20160301	61	251.84	269.83	7.50	1380.00		10.70	40.40	50.60	61.20	79.00	83.20	96.50	106.40	134.00	150.00	174.70	201.40	223.80	262.40	342.50	430.20	535.00	646.60	858.70	
07050700	0302	19560302	20160302	61	254.91	250.42	7.00	1010.00		9.62	39.00	53.50	65.60	77.50	85.60	99.10	125.40	149.30	158.00	185.00	208.60	235.20	326.40	379.50	412.40	506.50	635.60	884.90	
07050700	0303	19560303	20160303	61	310.40	430.94	6.60	2450.00		9.34	38.00	53.00	62.60	78.00	92.20	103.60	126.00	148.00	157.00	183.50	199.20	280.70	333.00	363.00	489.20	619.40	691.40	925.10	
07050700	0304	19560304	20160304	61	419.58	837.93	9.50	4690.00		11.80	35.20	50.80	62.00	75.50	88.20	133.40	143.60	150.90	173.00	203.30	259.60	275.30	305.40	335.00	469.60	527.10	724.00	2693.00	
07050700	0305	19560305	20160305	61	317.48	498.54	10.00	3430.00		16.90	45.00	66.30	71.00	83.00	103.20	133.50	139.80	146.70	172.00	216.30	249.40	269.10	298.00	358.00	408.20	452.70	606.80	1036.00	
07050700	0306	19560306	20160306	61	284.80	277.05	5.90	1400.00		21.70	41.80	70.50	79.80	107.00	126.20	137.50	147.80	176.00	208.00	224.60	249.00	299.00	357.80	378.50	415.60	493.10	644.20	968.80	
07050700	0307	19560307	20160307	61	307.09	303.41	5.70	1560.00		18.90	39.40	69.20	79.00	102.50	118.40	130.50	148.20	182.50	208.00	242.90	294.80	328.80	351.20	443.50	494.80	539.40	720.60	892.60	
07050700	0308	19560308	20160308	61	337.70	384.17	5.90	1780.00		17.80	37.40	72.60	79.00	105.50	113.40	121.10	138.60	174.80	202.00	229.20	288.80	327.50	386.80	419.00	497.20	559.80	929.60	1291.00	
07050700	0309	19560309	20160309	61	333.72	403.60	16.00	2740.00		24.70	50.20	72.20	89.20	106.50	113.60	122.90	142.00	165.00	190.00	263.70	315.40	351.50	380.00	450.50	477.60	666.20	734.60	893.80	
07050700	0310	19560310	20160310	61	406.46	623.54	15.00	3780.00		22.50	51.00	78.10	98.20	109.50	116.60	136.70	152.80	167.20	195.00	309.20	328.00	360.00	438.00	467.00	497.20	627.70	780.20	1311.00	
07050700	0311	19560311	20160311	61	465.23	856.58	11.00	4400.00		17.30	50.20	78.40	96.00	107.50	124.00	133.60	149.40	164.90	225.00	253.00	300.40	347.00	373.20	407.50	488.80	599.00	768.40	3354.00	
07050700	0312	19560312	20160312	61	359.57	480.08	14.00	3160.00		17.20	75.40	91.40	102.40	117.50	128.20	137.10	150.00	199.70	227.00	262.80	280.60	311.50	337.40	408.00	474.00	568.60	903.20	1263.00	
07050700	0313	19560313	20160313	61	326.56	324.79	14.00	1550.00		20.60	73.40	87.40	100.40	114.00	125.40	134.20	141.80	182.60	200.00	250.20	288.60	325.40	367.60	400.50	474.40	598.80	928.20	1067.00	
07050700	0314	19560314	20160314	61	403.25	516.55	14.00	2160.00		21.30	82.20	92.60	98.40	113.00	120.40	128.00	137.60	167.80	204.00	241.10	254.80	306.90	353.40	425.00	494.60	757.40	1172.00	1908.00	
07050700	0315	19560315	20160315	61	452.62	1097.10	12.00	8490.00		19.50	79.00	87.20	100.80	110.00	116.20	119.40	130.40	156.10	202.00	229.70	267.00	302.10	334.40	397.50	533.80	728.90	948.80	1238.00	
07050700	0316	19560316	20160316	61	331.56	377.12	11.00	1770.00		20.20	74.40	82.90	92.00	106.50	110.20	120.00	130.80	149.60	190.00	196.50	244.80	277.90	343.20	447.50	478.40	694.80	808.40	1285.10	
07050700	0317	19560317	20160317	61	383.75	511.88	11.00	2650.00		21.00	69.60	77.90	92.40	105.00	120.40	134.00	141.20	175.40	191.00	220.00	236.40	322.00	382.00	474.00	582.00	625.80	1055.80	1556.00	
07050700	0318	19560318	20160318	61	693.36	2495.73	9.70	19500.00		19.10	59.60	73.30	91.80	110.50	128.60	143.00	152.80	177.60	200.00	222.80	287.40	341.50	395.00	470.50	525.60	763.60	954.60	2031.00	
07050700	0319	19560319	20160319	61	742.11	2382.32	7.60	17800.00		17.10	57.80	73.00	92.00	104.00	127.80	158.50	179.80	192.80	218.00	267.50	299.80	361.10	419.60	479.50	601.00	656.30	909.80	3423.00	
07050700	0320	19560320	20160320	61	505.30	869.64	12.00	5850.00		17.00	61.40	83.60	104.80	118.50	145.60	167.10	175.00	203.00	230.00	262.30	309.60	361.30	391.40	503.00	544.80	770.30	1400.00	2025.00	
07050700	0321	19560321	20160321	61	545.20	806.03	14.00	4980.00		17.80	61.60	85.40	98.40	130.00	151.40	160.50	200.40	245.40	308.00	338.80	373.20	421.20	500.00	627.00	769.20	902.60	1328.00	2094.00	
07050700	0322	19560322	20160322	61	419.56	448.36	13.00	2360.00		18.60	66.60	93.90	99.00	121.50	134.60	147.40	182.40	214.80	278.00	308.50	346.00	373.60	481.20	636.00	723.60	828.00	970.20	1521.00	
07050700	0323	19560323	20160323	61	463.05	664.92	11.00	4600.00		15.80	53.60	92.90	119.40	122.50	141.00	161.20	205.20	242.10	261.00	316.70	332.80	396.50	422.80	596.00	677.60	802.00	1046.40	1390.00	
07050700	0324	19560324	20160324	61	629.70	1084.79	13.00	6990.00		21.30	58.00	83.80	108.20	117.00	135.00	163.60	184.40	220.80	253.00	298.10	357.00	490.50	560.60	641.00	713.20	988.00	1614.00	2849.00	
07050700	0325	19560325	20160325	61	533.69	712.92	12.00	3750.00		28.40	57.00	77.00	99.60	110.50	134.00	164.10	191.00	223.70	264.00	299.90	384.80	431.00	562.60	649.50	822.40	996.50	1522.00	2008.00	
07050700	0326	19560326	20160326	61	441.23	474.21	12.00	2740.00		32.60	57.80	74.10	97.60	124.00	151.20	177.70	208.40	243.90	279.00	330.90	367.40	481.20	505.80	624.00	687.20	889.30	1064.00	1376.00	
07050700	0327	19560327	20160327	61	381.31	319.10	12.00	1420.00		31.10	58.40	86.70	103.00	121.00	139.20	166.80	200.40	235.60	277.00	366.10	438.40	470.80	509.80	575.50	619.80	684.90	838.00	1039.00	
07050700	0328	19560328	20160328	61	374.21	310.91	12.00	1650.00		27.50	56.20	91.20	109.20	128.00	166.20	188.20	222.60	273.20	302.00	328.90	404.40	467.20	504.80	523.50	574.40	629.60	814.60	943.20	
07050700	0329	19560329	20150329	60	459.50	623.01	15.00	4380.00		22.45	68.00	92.30	103.80	126.75	154.40	196.25	237.80	281.75	338.50	396.65	423.20	444.55	474.30	496.00	590.20	739.70	952.60	1376.50	
07050700	0330	19560330	20150330	60	566.78	1323.55	12.00	9540.00		18.65	63.90	93.05	110.40	119.00	155.40	205.60	222.40	283.90	333.50	352.55	378.40	400.00	407.40	506.50	555.80	578.65	746.90	2140.50	
07050700	0331	19560331	20150331	60	474.25	698.30	11.00	4370.00		19.55	67.40	88.75	107.00	122.00	140.00	195.25	226.80	245.95	295.00	333.95	350.80	362.80	450.20	482.25	552.60	811.20	1117.00	1589.00	
07050700	0401	19560401	20150401	60	454.13	680.22	9.70	3680.00		11.90	76.00	84.75	100.00	113.00	132.20	177.05	211.40	245.50	271.00	285.15	325.20	338.45	417.00	446.50	514.80	658.00	1143.90	1680.50	
07050700	0402	19560402	20150402	60	530.55	1249.02	11.00	7920.00		13.75	69.70	87.60	99.40	110.00	123.50	161.55	179.20	213.40	245.50	261.30	289.60	337.55	353.50	403.50	471.20	591.45	1002.80	1481.00	
07050700	0403	19560403	20150403	60	552.62	912.08	11.00	4560.00		12.80	65.90	88.05	100.20	106.00	128.30	157.15	170.60	204.90	234.00	261.45	300.60	327.35	388.10	527.50	732.40	986.95	1403.00	2921.00	
07050700	0404	19560404	20150404	60	515.22	961.16	11.00	6430.00		21.35	71.80	88.45	100.00	112.50	130.00	153.45	174.40	208.25	215.00	243.65	279.60	329.60	426.90	591.00	684.20	848.45	1095.00	1622.00	
07050700	0405	19560405	20150405	60	426.43	581.55	10.00	3200.00		16.55	67.40	85.45	94.40	106.25	126.20	148.95	172.00	190.90	227.50	272.70	324.80	406.50	435.20	510.50	680.00	773.55	907.00	1509.95	
07050700	0406	19560406	20150406	60	488.42	1239.57	7.20	9640.00		14.65	55.10	81.60	92.20	107.75	130.00	144.35	158.40	182.90	216.00	252.00	280.60	365.45	468.30	583.75	685.60	718.10	763.30	982.75	
07050700	0407	19560407	20150407	60	308.53	308.57	7.40	2000.00		18.40	62.20	78.45	83.00	101.75	118.30	132.70	160.20	179.45	219.00	240.40	282.40	339.70	413.90	489.50	515.20	587.05	637.00	744.60	
07050700	0408	19560408	20150408	60	299.39	311.33	9.20	2020.00		16.50	60.60	75.30	81.60	94.75	110.20	132.95	160.20	184.75	214.00	225.80	292.00	355.80	399.10	423.25	485.00	527.20	569.90	673.60	
07050700	0409	19560409	20150409	60	279.38	265.18	10.00	1440.00		13.60	59.30	71.30	76.00	89.25	105.20	126.50	147.00	181.60	191.50	207.10	275.60	320.30	384.90	403.00	417.80	459.25	585.30	846.55	
07050700	0410	19560410	20150410	60	513.08	1472.90	9.70	10500.00		12.65	55.10	62.50	77.00	91.75	106.10	130.20	147.40	168.30	191.50	221.15	273.20	312.30	357.10	395.00	416.20	547.45	643.70	999.85	
07050700	0411	19560411	20150411	60	483.82	927.30	8.00	5430.00		13.60	49.20	59.35	70.20	96.25	110.90	138.10	154.60	191.35	218.50	240.85	264.80	318.90	371.00	393.50	446.60	541.90	812.80	2974.50	
07050700	0412	19560412	20150412	60	448.06	969.40	9.40	5800.00		15.50	43.70	60.15	71.40	89.75	111.40	128.10	140.40	179.45	205.50	259.75	283.80	325.90	340.70	392.25	446.40	506.40	697.90	1449.50	
07050700	0413	19560413	20150413	60	289.80	309.19	8.80	1810.00		15.50	38.10	56.60	73.00	87.75	112.90	127.90	158.40	177.55	234.00	248.85	272.00	292.60	301.70	362.50	402.00	556.45	699.50	850.15	
07050700	0414	19560414	20150414	60	397.36	603.00	9.40	3970.00		16.55	34.50	53.75	72.00	92.00	112.90	125.05	157.40	193.35	236.50	267.45	281.60	314.20	382.30	497.00	521.20	693.40	873.40	1206.00	
07050700	0415	19560415	20150415	60	493.65	926.51	9.10	5070.00		30.05	46.00	60.35	74.20	90.00	111.70	127.85	143.20	179.75	220.50	245.20	262.60	292.70	391.00	463.00	531.60	608.50	941.20	2763.00	
07050700	0416	19560416	20150416	60	321.18	365.03	11.00	1920.00		26.15	46.00	66.15	76.40	96.50	111.30	133.20	153.40	175.70	203.00	230.85	264.20	291.95	380.10	416.75	455.60	502.55	702.20	1246.50	
07050700	0417	19560417	20150417	60	283.60	320.95	11.00	2010.00		23.30	43.10	62.45	74.60	89.75	104.90	120.95	144.40	170.70	186.00	207.70	239.80	299.65	324.10	350.25	408.80	462.75	673.80	890.50	
07050700	0418	19560418	20150418	60	340.82	731.88	11.00	5560.00		20.40	42.10	64.00	74.20	86.25	98.60	113.15	136.80	159.75	177.00	201.85	244.40	273.45	303.40	317.75	392.40	439.75	714.40	815.85	
07050700	0419	19560419	20150419	60	301.80	413.73	9.00	2090.00		17.60	42.30	70.75	80.20	88.25	106.30	119.05	136.40	158.90	161.00	200.00	215.60	235.55	282.80	357.75	373.00	431.45	652.60	1509.00	
07050700	0420	19560420	20150420	60	457.35	910.61	10.00	4800.00		15.60	42.00	77.00	79.20	92.75	112.40	130.80	146.20	165.95	194.00	202.75	257.40	288.80	318.70	350.00	455.00	536.75	1030.60	2881.00	
07050700	0421	19560421	20150421	60	412.40	654.19	12.00	3830.00		15.55	41.00	71.45	77.40	88.75	107.10	121.80	147.60	173.35	185.50	212.95	245.40	276.65	301.70	449.00	501.60	854.60	967.60	1776.00	
07050700	0422	19560422	20150422	60	434.80	645.05	8.90	3360.00		26.20	65.30	71.75	85.20	101.25	110.60	124.45	169.20	177.80	208.00	231.85	264.80	324.70	399.70	460.00	623.40	706.60	1283.70	1610.50	
07050700	0423	19560423	20150423	60	413.25	524.35	14.00	3000.00		24.15	62.20	67.30	85.60	102.25	111.90	148.70	167.20	193.60	200.00	228.50	295.60	343.65	395.70	487.50	622.20	871.25	1235.00	1329.50	
07050700	0424	19560424	20150424	60	506.32	964.96	14.00	6130.00		23.15	59.40	74.05	91.20	110.50	137.00	149.35	175.60	191.25	210.50	233.60	302.00	372.00	436.10	481.25	620.40	804.80	985.10	1931.00	
07050700	0425	19560425	20150425	60	684.02	2457.75	20.00	19100.00		24.25	55.90	71.90	87.20	118.75	135.10	149.85	174.80	191.80	235.00	280.95	317.80	347.55	379.70	493.75	561.00	706.95	1089.40	1422.50	
07050700	0426	19560426	20150426	60	568.17	1817.99	22.00	13800.00		25.10	52.30	74.90	87.80	108.00	128.60	148.15	167.20	198.60	232.50	260.75	286.00	291.95	350.20	462.25	490.80	568.70	757.00	930.45	
07050700	0427	19560427	20150427	60	397.82	643.94	16.00	3380.00		28.10	50.10	72.30	100.00	114.25	121.20	143.05	171.40	190.90	208.50	236.40	262.20	323.45	369.60	410.75	503.20	545.75	658.70	2603.40	
07050700	0428	19560428	20150428	60	354.92	410.12	10.00	2010.00		29.05	48.10	77.80	102.00	117.25	125.40	142.00	153.00	191.65	210.00	246.10	291.00	346.25	384.70	399.25	506.80	562.75	894.10	1438.00	
07050700	0429	19560429	20150429	60	467.62	817.42	26.00	5140.00		31.35	57.10	91.15	99.40	118.50	127.30	142.35	173.20	190.00	219.50	235.95	280.80	316.15	333.80	377.25	543.00	649.20	997.40	2456.50	
07050700	0430	19560430	20150430	60	661.47	1377.05	29.00	7170.00		42.05	65.10	89.00	95.40	114.00	126.00	145.95	162.80	180.85	223.50	265.30	285.20	304.75	354.00	490.50	644.60	947.30	1286.00	3678.50	
07050700	0501	19560501	20150501	60	889.63	1925.07	29.00	9250.00		42.05	67.40	84.00	92.80	121.25	129.30	140.80	152.40	207.05	231.50	240.00	282.20	351.10	405.00	512.25	628.40	835.20	2937.00	6337.50	
07050700	0502	19560502	20150502	60	443.28	637.01	27.00	3300.00		38.00	65.00	79.15	90.00	109.00	123.80	137.40	158.80	178.80	206.50	253.95	268.00	303.10	374.20	437.50	495.20	861.35	1243.00	1949.50	
07050700	0503	19560503	20150503	60	451.10	697.36	27.00	4430.00		36.50	60.20	71.60	83.40	97.75	115.90	129.50	162.20	188.90	192.00	219.75	283.40	354.60	381.40	523.50	640.60	866.60	1039.00	1912.00	
07050700	0504	19560504	20150504	60	464.07	656.85	33.00	3450.00		37.20	59.20	64.75	73.00	91.50	108.00	126.90	153.60	166.45	184.00	225.80	285.60	325.20	454.40	637.00	708.60	878.00	1191.10	1995.50	
07050700	0505	19560505	20150505	60	455.53	835.81	28.00	5200.00		34.10	54.30	61.30	72.40	92.00	107.10	128.45	145.00	153.45	181.50	226.95	268.20	292.30	393.90	522.50	609.40	759.60	1029.00	1351.00	
07050700	0506	19560506	20150506	60	378.63	597.46	24.00	3960.00		32.10	50.20	58.45	69.80	81.75	101.40	117.10	136.40	151.80	188.50	216.70	263.00	285.95	393.70	429.00	568.00	709.65	851.00	1165.40	
07050700	0507	19560507	20150507	60	573.82	1406.54	20.00	8360.00		29.20	50.00	55.00	66.40	79.00	99.30	113.00	136.00	153.45	180.00	237.65	251.00	325.85	354.70	459.25	572.20	635.50	792.10	4978.00	
07050700	0508	19560508	20150508	60	809.37	2164.29	16.00	13500.00		27.30	46.30	54.30	60.80	76.00	97.80	106.10	124.40	153.95	195.50	217.75	280.20	310.45	413.40	498.50	541.60	1025.05	1961.00	3689.00	
07050700	0509	19560509	20150509	60	470.25	968.64	18.00	5460.00		26.30	43.20	54.00	64.00	76.50	97.30	122.70	133.60	141.95	183.00	211.90	256.80	284.75	376.30	423.75	461.20	652.50	1134.00	1385.50	
07050700	0510	19560510	20150510	60	402.88	767.45	10.00	5450.00		37.20	44.10	55.20	70.60	78.50	101.20	125.75	131.00	156.05	182.00	214.15	259.60	298.15	333.20	364.25	468.20	658.10	850.70	1789.00	
07050700	0511	19560511	20150511	60	349.20	476.42	32.00	2920.00		39.15	52.00	60.30	69.20	87.00	111.10	124.00	154.00	167.10	187.50	209.35	251.60	270.20	302.80	363.50	518.80	612.15	1005.10	1402.50	
07050700	0512	19560512	20150512	60	281.68	296.11	29.00	1700.00		40.00	50.10	58.15	70.20	99.25	110.20	116.75	145.20	157.90	177.00	201.60	227.20	258.00	324.00	375.00	415.40	553.05	740.30	861.00	
07050700	0513	19560513	20150513	60	308.62	409.33	27.00	2650.00		36.05	48.10	64.20	77.60	105.75	119.40	136.00	140.80	167.45	182.00	197.05	214.00	298.65	337.40	365.50	407.20	489.95	618.10	1329.75	
07050700	0514	19560514	20150514	60	430.97	751.47	25.00	4000.00		34.00	49.30	71.15	76.80	99.00	113.20	123.05	134.40	165.00	181.50	240.35	265.00	309.20	331.30	343.00	443.20	547.85	932.30	2478.00	
07050700	0515	19560515	20150515	60	479.95	898.18	23.00	5300.00		32.00	48.20	69.00	94.00	103.00	106.50	118.80	141.40	162.70	190.50	233.20	247.20	282.60	362.30	446.75	512.00	713.40	1034.30	3084.00	
07050700	0516	19560516	20150516	60	404.75	857.97	24.00	5740.00		29.05	47.10	62.75	85.40	92.75	102.90	111.45	136.20	148.90	174.00	205.75	233.40	262.45	326.00	386.00	433.60	500.00	775.20	1150.00	
07050700	0517	19560517	20150517	60	406.17	897.86	24.00	6070.00		28.00	45.00	70.15	78.40	87.50	96.90	108.35	117.40	131.45	159.50	190.20	208.60	261.10	302.30	338.75	384.00	549.50	609.00	2566.00	
07050700	0518	19560518	20150518	60	298.32	497.99	23.00	3640.00		26.20	46.60	64.90	74.40	94.50	103.20	114.80	123.40	140.70	170.00	197.75	241.00	254.25	293.90	319.50	382.40	420.95	487.70	1037.90	
07050700	0519	19560519	20150519	60	240.22	254.38	22.00	1280.00		25.15	46.40	59.60	68.60	86.50	100.90	109.70	119.00	143.95	173.00	189.05	229.60	250.60	261.70	288.75	333.00	378.50	473.90	898.50	
07050700	0520	19560520	20150520	60	416.85	1443.19	21.00	11100.00		24.10	49.60	59.30	75.20	82.25	93.40	101.40	106.80	129.80	153.00	177.10	194.40	219.65	233.40	275.75	314.40	334.60	483.10	1378.70	
07050700	0521	19560521	20150521	60	455.30	1168.25	20.00	6920.00		24.00	50.20	55.30	62.20	79.25	93.30	97.00	107.00	120.25	142.50	156.00	173.00	204.80	246.80	279.50	293.20	421.80	594.00	2982.00	
07050700	0522	19560522	20150522	60	430.60	973.99	19.00	6020.00		22.30	50.00	57.20	73.00	88.00	95.30	106.75	112.80	122.15	132.50	145.60	176.60	197.65	225.20	250.75	337.00	460.20	842.60	2961.50	
07050700	0523	19560523	20150523	60	359.82	994.19	17.00	7530.00		21.30	48.50	56.65	73.20	83.25	86.30	93.70	100.80	107.00	131.50	152.70	170.20	184.85	209.00	253.00	341.80	416.30	570.10	1492.50	
07050700	0524	19560524	20150524	60	249.88	327.31	17.00	1810.00		24.10	45.80	65.15	71.60	79.25	85.60	88.75	93.40	116.65	133.50	159.10	166.20	184.75	215.00	234.25	319.20	439.15	802.80	960.15	
07050700	0525	19560525	20150525	60	338.28	816.74	20.00	5990.00		24.20	43.70	62.50	74.20	79.00	82.30	92.75	112.00	138.40	151.50	156.10	161.60	174.75	201.20	267.75	353.60	428.50	648.70	1180.40	
07050700	0526	19560526	20150526	60	368.08	966.91	18.00	7270.00		23.60	41.60	63.45	69.40	74.75	82.20	89.80	113.40	119.25	131.50	140.65	155.20	172.50	205.10	273.50	348.00	543.55	808.80	1190.50	
07050700	0527	19560527	20150527	60	357.20	831.84	18.00	5660.00		21.80	45.20	51.30	64.20	77.00	80.50	92.45	104.80	115.45	122.50	127.20	138.80	155.60	213.70	231.00	338.80	456.40	701.70	2149.00	
07050700	0528	19560528	20150528	60	248.28	363.75	17.00	1800.00		22.65	43.30	49.30	59.20	71.00	75.90	85.70	96.40	103.90	116.00	127.10	142.20	162.55	183.40	245.75	297.20	367.20	737.10	1413.50	
07050700	0529	19560529	20150529	60	203.22	246.74	17.00	1050.00		24.30	40.10	47.45	55.80	66.25	71.60	75.40	95.20	105.45	108.50	115.55	121.60	142.90	166.20	225.75	250.80	330.85	642.10	886.85	
07050700	0530	19560530	20150530	60	315.47	1084.35	17.00	8450.00		20.20	34.50	44.45	59.40	64.50	69.20	77.85	91.40	102.00	109.50	119.10	126.80	143.85	183.60	206.00	255.20	405.60	616.00	675.70	
07050700	0531	19560531	20150531	60	261.15	567.56	20.00	4080.00		23.50	41.10	45.80	58.20	63.25	73.10	79.75	89.80	95.90	102.50	116.10	120.80	144.65	175.90	197.00	241.20	389.20	565.00	984.05	
07050700	0601	19560601	20150601	60	336.47	1223.59	18.00	9530.00		21.50	41.10	51.00	53.00	59.00	68.30	72.80	82.40	87.45	98.00	108.20	127.20	146.95	187.80	243.25	305.20	396.50	518.30	845.90	
07050700	0602	19560602	20150602	60	235.98	437.90	17.00	2650.00		20.50	39.40	49.45	54.60	60.50	65.00	75.35	80.20	87.50	101.00	111.75	128.60	144.95	179.10	258.75	319.40	376.85	450.50	699.10	
07050700	0603	19560603	20150603	60	193.67	269.61	15.00	1720.00		20.45	38.20	49.00	54.00	59.50	65.00	74.10	80.60	93.70	107.50	120.40	130.60	157.15	214.80	231.25	265.40	336.70	375.30	591.20	
07050700	0604	19560604	20150604	60	238.87	405.25	15.00	2370.00		18.45	34.00	44.30	50.40	55.25	63.60	74.75	82.00	89.90	105.00	123.50	143.20	159.90	182.30	198.25	232.60	368.25	679.60	1243.80	
07050700	0605	19560605	20150605	60	211.68	319.21	17.00	1650.00		25.10	33.40	43.15	49.40	56.75	67.00	71.00	77.80	96.90	112.00	129.85	148.40	165.00	189.50	203.00	274.40	310.45	385.50	1179.65	
07050700	0606	19560606	20150606	60	204.90	321.97	15.00	2190.00		24.10	31.40	42.30	44.80	54.00	64.30	67.00	77.80	82.35	108.50	126.55	151.00	183.60	203.30	234.75	263.20	296.25	421.80	695.85	
07050700	0607	19560607	20150607	60	277.15	662.09	14.00	3930.00		23.05	30.30	39.00	43.40	52.50	60.90	65.00	72.20	77.45	89.00	106.20	127.60	162.55	204.60	253.75	321.20	350.75	490.20	806.50	
07050700	0608	19560608	20150608	60	183.93	279.48	13.00	1790.00		22.05	32.00	36.00	43.00	50.75	55.00	60.40	65.40	71.35	79.00	92.30	115.20	149.75	168.50	231.50	258.40	298.65	413.10	651.70	
07050700	0609	19560609	20150609	60	186.10	373.27	11.00	2800.00		20.10	31.10	36.30	43.20	50.00	51.90	59.70	64.80	72.25	77.00	94.20	116.80	123.00	147.50	225.75	248.60	284.45	382.40	579.80	
07050700	0610	19560610	20150610	60	262.58	669.61	11.00	4840.00		19.10	30.10	36.45	43.20	46.25	53.00	57.00	68.00	70.45	87.50	102.40	111.00	130.60	152.80	218.00	243.60	298.40	481.10	1410.45	
07050700	0611	19560611	20150611	60	249.73	418.87	11.00	2140.00		20.15	28.30	34.60	40.00	47.25	49.90	58.05	67.40	77.50	89.50	99.10	105.00	130.25	186.50	202.50	225.00	524.50	769.60	1266.00	
07050700	0612	19560612	20150612	60	327.23	1042.63	11.00	7970.00		19.35	27.40	34.15	36.20	44.50	50.90	62.05	73.00	86.15	95.50	101.10	114.20	147.05	167.20	174.75	189.20	419.75	824.60	1038.50	
07050700	0613	19560613	20150613	60	361.27	932.69	11.00	6600.00		19.35	31.00	32.15	40.60	44.25	55.90	62.00	73.00	80.45	84.50	94.20	109.60	135.15	151.80	162.25	474.60	614.60	806.60	1761.00	
07050700	0614	19560614	20150614	60	364.68	1418.33	11.00	11000.00		25.00	28.10	30.90	41.20	47.00	59.60	63.75	68.40	73.00	78.50	85.65	108.00	127.55	150.70	170.50	431.20	452.25	585.10	800.85	
07050700	0615	19560615	20150615	60	180.85	224.09	12.00	1220.00		24.20	29.00	31.15	38.20	52.50	57.30	61.00	64.40	69.90	79.50	85.75	94.20	116.30	200.50	280.50	348.40	400.85	455.00	725.05	
07050700	0616	19560616	20150616	60	233.17	499.21	11.00	3510.00		23.05	27.10	31.60	47.20	52.00	53.00	56.35	61.40	65.90	68.00	78.65	94.00	122.45	237.90	280.25	316.40	381.55	445.30	805.45	
07050700	0617	19560617	20150617	60	248.61	681.39	9.80	5210.00		22.00	26.40	34.30	43.00	46.25	48.60	58.70	61.00	62.00	69.50	79.10	84.20	109.30	181.10	236.50	289.20	376.30	583.70	798.95	
07050700	0618	19560618	20150618	60	182.32	360.67	10.00	2640.00		20.15	28.00	33.30	39.40	43.00	45.00	52.40	56.40	63.50	70.50	77.55	81.60	128.80	172.50	211.00	269.20	304.00	351.40	570.95	
07050700	0619	19560619	20150619	60	466.80	2542.69	15.00	19800.00		21.05	26.00	33.00	39.20	41.75	49.90	53.70	67.20	70.00	74.00	79.55	110.60	136.95	147.40	180.25	257.00	275.65	370.60	574.75	
07050700	0620	19560620	20150620	60	251.90	542.92	16.00	2780.00		21.10	25.30	31.75	36.40	39.50	45.50	55.05	61.80	64.45	73.00	92.55	97.80	118.30	129.00	165.00	226.40	260.25	514.10	1900.50	
07050700	0621	19560621	20150621	60	188.83	297.76	16.00	1560.00		18.15	22.80	33.45	38.40	43.50	51.00	53.00	59.00	63.90	68.50	91.55	94.40	105.00	136.30	187.50	235.40	318.90	552.80	932.00	
07050700	0622	19560622	20150622	60	188.82	324.30	15.00	2140.00		16.15	21.80	35.00	37.00	43.00	46.30	49.70	57.00	65.00	70.00	80.00	89.60	112.90	158.40	194.50	222.20	376.80	547.00	787.55	
07050700	0623	19560623	20150623	60	154.97	186.99	14.00	974.00		18.00	24.20	33.15	36.20	43.50	48.00	53.70	60.20	62.90	70.50	79.10	90.80	125.45	183.60	193.00	267.80	306.65	444.50	560.90	
07050700	0624	19560624	20150624	60	180.63	245.40	13.00	1090.00		16.10	21.30	33.00	36.60	46.00	49.60	55.70	59.00	62.45	69.50	86.60	100.80	125.60	164.20	186.00	267.60	396.25	546.70	854.60	
07050700	0625	19560625	20150625	60	176.38	269.78	12.00	1710.00		15.15	22.40	31.30	39.40	45.50	50.50	58.35	60.00	64.70	73.00	89.40	117.40	135.75	151.10	197.75	293.80	323.95	417.50	841.05	
07050700	0626	19560626	20150626	60	132.92	145.48	12.00	669.00		15.10	20.40	30.15	34.80	42.25	45.30	52.00	58.20	65.00	69.50	73.10	88.80	112.55	151.00	193.75	218.40	268.70	333.90	505.60	
07050700	0627	19560627	20150627	60	114.27	117.53	12.00	479.00		16.00	19.50	30.30	37.00	39.00	46.00	48.40	54.40	60.45	63.00	66.55	72.20	89.85	135.50	163.50	182.80	239.05	274.80	460.55	
07050700	0628	19560628	20150628	60	176.49	621.59	8.50	4870.00		15.00	24.20	29.00	35.20	38.50	45.90	52.35	55.80	62.25	68.00	71.55	76.20	98.00	119.50	138.50	167.40	200.10	256.50	310.55	
07050700	0629	19560629	20150629	60	184.78	606.17	4.70	4670.00		14.20	23.30	27.00	32.20	35.00	42.90	50.05	53.40	54.45	62.00	65.55	84.40	101.65	115.70	129.75	170.80	199.75	240.80	534.80	
07050700	0630	19560630	20150630	60	124.64	187.84	9.30	1040.00		14.20	24.10	27.45	31.20	33.25	40.30	46.35	49.40	53.00	58.00	63.20	80.80	89.30	104.90	133.00	155.40	196.85	225.70	575.45	
07050700	0701	19560701	20150701	60	197.07	465.91	9.40	2880.00		17.10	24.40	29.00	33.00	36.25	43.30	45.05	47.40	51.00	55.50	63.30	73.00	93.35	120.80	146.75	182.20	251.30	428.30	675.90	
07050700	0702	19560702	20150702	60	370.68	1580.36	11.00	12100.00		18.20	28.10	31.15	34.00	36.75	43.00	45.00	48.40	51.00	54.50	65.55	72.40	97.15	110.40	138.75	172.80	279.10	407.80	1325.50	
07050700	0703	19560703	20150703	60	151.75	344.39	9.80	2520.00		15.15	25.00	28.00	31.00	34.25	38.60	42.00	44.40	50.45	55.00	59.10	75.80	95.95	106.30	119.50	153.20	201.20	369.30	519.30	
07050700	0704	19560704	20150704	60	161.97	331.19	6.30	2020.00		15.25	21.20	26.15	31.20	36.25	41.00	43.35	47.00	50.00	53.50	54.55	76.60	89.60	109.40	119.25	168.80	259.80	325.80	832.15	
07050700	0705	19560705	20150705	60	134.51	209.70	4.60	1040.00		14.25	20.40	25.15	29.00	36.75	40.00	42.70	45.20	49.00	56.00	64.55	72.80	84.85	96.40	115.25	214.40	243.25	329.00	765.70	
07050700	0706	19560706	20150706	60	106.61	131.87	5.30	703.00		14.20	19.30	22.30	27.60	31.25	35.30	38.35	42.40	48.45	50.50	63.75	70.80	79.65	93.80	112.00	179.40	225.60	298.40	361.65	
07050700	0707	19560707	20150707	60	215.81	797.33	8.30	5840.00		14.10	18.10	20.30	25.40	27.25	31.00	35.40	40.80	46.00	52.00	58.30	63.60	67.65	82.50	139.25	175.60	209.75	261.50	318.50	
07050700	0708	19560708	20150708	60	145.14	404.55	7.60	2460.00		15.05	17.10	18.15	24.20	27.00	29.30	33.35	39.00	43.45	50.50	55.00	58.20	68.55	75.40	116.50	139.80	169.45	213.10	265.80	
07050700	0709	19560709	20150709	60	133.09	456.25	7.10	3520.00		12.15	15.10	18.00	23.20	26.00	27.00	30.35	35.80	40.45	46.50	51.00	57.80	66.00	69.00	92.75	104.40	151.10	177.80	352.25	
07050700	0710	19560710	20150710	60	236.49	1322.98	6.40	10300.00		13.05	16.10	18.30	23.00	24.00	26.00	30.80	39.00	40.45	46.50	51.65	55.60	62.65	73.40	87.50	97.80	129.55	146.80	292.15	
07050700	0711	19560711	20150711	60	121.94	363.89	4.50	2600.00		14.00	15.10	20.00	22.00	22.25	25.00	27.40	35.20	38.90	45.00	48.10	52.60	65.85	73.00	75.00	81.20	116.80	142.60	453.65	
07050700	0712	19560712	20150712	60	159.63	377.99	6.10	1700.00		13.00	16.00	20.00	21.20	24.00	25.00	30.70	35.00	41.90	44.50	49.20	57.20	63.30	67.00	69.00	98.20	108.55	209.10	1418.50	
07050700	0713	19560713	20150713	60	105.07	183.95	4.10	1020.00		13.05	15.20	20.00	20.20	24.00	27.20	32.00	34.00	41.00	43.50	49.10	54.60	59.60	63.10	85.75	100.40	156.45	288.50	665.35	
07050700	0714	19560714	20150714	60	87.73	141.50	7.80	882.00		11.15	14.10	19.00	21.00	24.00	29.60	36.35	38.40	41.45	45.00	50.55	53.00	55.00	63.40	81.25	88.80	134.65	176.90	466.60	
07050700	0715	19560715	20150715	60	86.60	152.66	6.40	989.00		11.10	14.10	18.00	20.20	24.75	28.00	33.00	33.40	38.80	45.50	49.00	55.40	58.30	62.80	73.75	91.80	106.55	146.40	398.15	
07050700	0716	19560716	20150716	60	89.60	187.37	3.40	1300.00		9.72	13.20	17.30	24.20	26.25	30.00	32.35	38.40	43.45	45.50	48.10	53.60	58.00	68.00	71.50	91.40	100.00	151.10	273.30	
07050700	0717	19560717	20150717	60	185.32	879.45	4.50	6800.00		9.01	12.40	17.15	21.40	24.25	27.00	29.00	34.20	38.90	41.50	45.20	50.60	54.30	59.50	66.25	74.60	85.85	154.30	525.00	
07050700	0718	19560718	20150718	60	91.68	265.67	3.70	2030.00		8.53	13.10	16.45	22.00	24.00	26.00	30.00	33.40	37.00	38.50	40.55	44.20	50.30	53.40	58.75	65.40	80.70	169.30	366.50	
07050700	0719	19560719	20150719	60	70.27	133.55	4.40	967.00		11.05	15.00	17.00	20.20	21.00	24.30	26.35	32.40	34.00	36.00	39.00	40.00	47.65	50.00	54.50	75.80	103.95	125.30	251.25	
07050700	0720	19560720	20150720	60	65.64	116.47	4.60	694.00		11.00	14.10	16.00	18.00	20.00	22.30	25.35	29.80	32.45	33.50	36.00	39.60	43.65	46.00	59.50	69.80	91.40	116.00	325.55	
07050700	0721	19560721	20150721	60	59.52	106.81	3.70	766.00		9.81	13.10	16.00	16.00	18.25	21.60	25.00	27.20	30.00	31.50	34.65	41.00	42.65	48.90	57.50	71.80	86.05	97.40	258.15	
07050700	0722	19560722	20150722	60	57.20	86.74	5.50	516.00		9.13	12.00	14.00	16.00	18.00	20.60	24.00	28.00	29.00	30.00	31.55	36.60	47.55	52.80	57.50	66.60	84.55	109.60	263.95	
07050700	0723	19560723	20150723	60	67.08	117.37	3.80	664.00		8.52	13.00	14.00	15.20	18.00	21.30	24.05	26.00	28.00	30.00	32.00	40.80	47.60	53.40	62.25	76.80	93.40	134.60	378.40	
07050700	0724	19560724	20150724	60	61.24	91.60	1.10	496.00		8.32	11.30	14.00	15.20	18.25	21.30	23.35	26.40	28.00	31.00	35.55	39.60	46.00	54.00	62.25	75.80	87.25	118.60	344.95	
07050700	0725	19560725	20150725	60	81.73	223.47	3.30	1660.00		7.50	10.12	14.00	15.40	17.25	21.00	22.35	24.40	25.45	30.00	35.00	40.40	49.30	53.70	59.75	67.60	81.70	90.90	404.30	
07050700	0726	19560726	20150726	60	68.74	138.03	2.00	948.00		6.88	9.75	12.15	15.00	17.00	19.30	22.35	24.40	28.90	33.00	38.55	45.00	47.30	51.70	59.50	63.00	70.85	106.30	364.55	
07050700	0727	19560727	20150727	60	71.59	151.02	2.70	958.00		8.15	9.65	12.15	15.20	17.00	18.60	20.35	23.00	27.35	31.50	36.65	42.00	42.65	50.00	53.75	56.60	74.35	129.70	309.25	
07050700	0728	19560728	20150728	60	205.82	1190.33	3.30	9240.00		9.12	10.20	13.00	15.00	16.50	19.00	19.35	22.40	24.90	30.00	32.55	36.20	42.95	48.70	51.00	57.60	67.40	125.00	253.95	
07050700	0729	19560729	20150729	60	73.78	177.76	1.80	1100.00		8.12	10.01	14.00	15.00	18.00	19.60	23.00	25.00	26.45	30.00	32.00	36.60	40.95	43.00	44.00	52.40	58.00	120.80	331.20	
07050700	0730	19560730	20150730	60	85.41	202.87	3.30	1270.00		7.17	8.92	11.30	14.00	17.00	19.90	24.00	25.00	27.00	28.00	32.55	34.00	38.00	42.40	50.75	60.00	98.15	176.60	634.60	
07050700	0731	19560731	20150731	60	102.09	355.48	1.60	2690.00		6.36	8.69	11.30	14.00	17.25	21.00	22.00	23.40	26.45	30.00	32.10	35.60	38.30	45.50	50.25	64.60	84.40	133.50	460.50	
07050700	0801	19560801	20150801	60	75.60	224.04	3.00	1630.00		5.84	8.29	11.15	13.00	16.00	18.30	20.35	22.00	23.45	26.50	29.10	31.60	36.95	42.70	45.00	50.60	71.30	106.50	256.30	
07050700	0802	19560802	20150802	60	60.91	140.26	1.40	948.00		6.00	7.59	10.30	13.20	15.25	17.00	18.00	21.00	22.90	25.50	26.55	29.00	34.30	39.70	43.25	56.80	64.70	134.30	187.70	
07050700	0803	19560803	20150803	60	104.87	432.02	3.70	3300.00		5.80	7.57	11.15	12.00	14.25	15.30	17.70	19.40	20.00	23.00	27.00	28.60	31.30	37.00	42.00	49.40	62.70	119.40	434.20	
07050700	0804	19560804	20150804	60	67.76	183.58	2.10	1320.00		5.31	6.91	9.81	12.20	15.00	16.00	17.35	18.00	20.45	24.50	26.55	29.00	31.65	35.40	37.75	48.80	68.35	110.00	370.50	
07050700	0805	19560805	20150805	60	66.90	189.43	2.40	1390.00		5.50	8.32	10.15	12.20	14.00	15.00	16.00	18.00	20.45	24.00	26.55	29.00	30.00	32.70	34.75	46.00	54.70	94.30	357.05	
07050700	0806	19560806	20150806	60	81.51	300.84	4.70	2270.00		5.21	8.77	10.15	12.00	13.00	14.30	15.00	16.80	19.45	22.50	24.00	25.60	28.00	28.70	32.00	37.80	46.70	93.40	297.40	
07050700	0807	19560807	20150807	60	95.18	429.72	2.30	3320.00		5.71	8.05	10.15	11.20	13.00	13.30	15.00	18.00	19.45	22.00	23.00	25.00	26.30	29.00	31.00	37.60	40.85	93.80	248.65	
07050700	0808	19560808	20150808	60	76.01	315.04	3.80	2420.00		5.81	7.10	9.70	10.20	12.25	13.30	15.35	17.40	19.00	21.00	22.55	24.20	27.65	29.00	33.25	36.40	45.10	62.60	216.70	
07050700	0809	19560809	20150809	60	58.44	202.85	3.50	1540.00		5.44	7.14	8.93	10.20	12.00	13.30	15.35	18.00	20.00	20.50	22.00	23.60	26.30	28.00	28.75	35.80	43.55	55.40	191.55	
07050700	0810	19560810	20150810	60	47.17	130.22	2.20	936.00		5.71	6.92	8.47	9.28	11.00	12.30	14.35	16.80	18.45	20.50	22.00	22.60	25.65	26.70	28.75	32.60	42.55	50.70	174.70	
07050700	0811	19560811	20150811	60	43.98	108.14	3.60	655.00		5.24	7.64	8.49	9.64	10.00	12.30	14.35	15.40	17.45	19.50	21.55	22.60	23.00	25.00	27.75	33.80	37.70	45.50	161.80	
07050700	0812	19560812	20150812	60	57.66	141.66	1.70	739.00		4.74	7.14	9.02	9.52	11.00	11.00	13.35	16.00	17.45	19.00	20.55	21.00	22.00	24.00	29.00	32.00	35.00	72.90	536.25	
07050700	0813	19560813	20150813	60	49.67	92.92	2.40	447.00		4.91	6.85	8.36	9.36	11.00	12.00	13.00	15.00	17.45	20.00	21.00	22.60	23.65	28.70	29.00	32.60	42.80	128.10	346.30	
07050700	0814	19560814	20150814	60	43.28	72.18	2.90	367.00		6.01	7.53	8.30	10.40	12.00	12.30	15.00	16.00	18.00	19.00	20.00	22.60	25.00	26.70	29.75	36.80	56.30	116.30	224.90	
07050700	0815	19560815	20150815	60	40.10	59.11	2.80	308.00		5.64	6.77	7.92	10.20	12.00	13.00	14.70	17.00	18.00	18.50	20.55	22.00	23.65	27.40	33.50	42.40	66.50	125.50	165.40	
07050700	0816	19560816	20150816	60	40.05	65.99	2.60	379.00		5.22	6.75	8.12	9.72	11.00	12.00	14.00	16.40	17.00	18.00	19.55	22.60	24.30	25.70	32.00	41.60	62.20	115.00	221.15	
07050700	0817	19560817	20150817	60	58.33	192.17	2.40	1480.00		5.30	7.02	8.71	10.20	11.00	12.30	14.35	15.40	17.45	18.00	20.55	22.60	26.30	28.00	32.25	48.00	65.85	100.60	222.45	
07050700	0818	19560818	20150818	60	38.78	74.06	2.30	506.00		4.93	7.39	9.02	10.00	11.00	11.30	13.00	15.00	16.45	18.00	20.00	22.20	24.00	26.70	32.00	41.40	49.70	70.80	193.25	
07050700	0819	19560819	20150819	60	33.74	57.08	2.00	311.00		5.01	7.91	8.53	9.76	10.00	12.00	13.00	15.00	16.00	17.00	18.00	20.00	21.65	26.10	30.00	32.80	45.00	54.60	169.05	
07050700	0820	19560820	20150820	60	36.90	62.52	1.90	377.00		4.91	7.50	8.80	9.40	9.70	12.30	14.35	15.40	16.00	17.00	19.10	21.60	25.00	26.00	30.75	37.40	47.70	76.30	194.50	
07050700	0821	19560821	20150821	60	37.92	81.78	1.90	564.00		4.37	6.27	7.22	8.56	9.40	11.30	13.00	14.00	15.00	16.50	19.55	21.60	22.65	26.70	29.00	33.80	40.70	67.90	140.40	
07050700	0822	19560822	20150822	60	34.15	57.00	1.90	353.00		3.63	6.52	8.03	8.84	10.00	12.00	13.00	13.40	14.45	17.50	19.55	22.00	24.00	26.70	29.00	36.80	40.70	90.00	130.10	
07050700	0823	19560823	20150823	60	64.36	218.51	1.90	1610.00		3.25	6.04	7.62	9.22	9.80	10.60	12.00	13.40	15.00	17.50	19.00	22.00	23.30	25.70	28.75	37.00	62.40	96.80	222.80	
07050700	0824	19560824	20150824	60	43.23	86.57	1.70	541.00		2.76	5.45	7.03	8.74	9.57	11.00	12.00	13.40	14.00	16.00	18.00	20.60	23.00	27.10	30.25	38.20	58.70	85.90	213.55	
07050700	0825	19560825	20150825	60	33.80	55.14	1.90	353.00		2.40	5.06	6.89	8.54	9.25	10.30	12.00	13.40	14.00	16.00	18.55	19.00	20.65	23.70	27.25	36.20	56.85	81.00	137.70	
07050700	0826	19560826	20150826	60	27.71	38.30	1.80	236.00		3.54	5.37	6.64	8.00	9.12	10.30	11.35	13.00	14.00	15.50	18.00	19.00	20.65	22.00	26.00	35.80	53.35	65.30	100.85	
07050700	0827	19560827	20150827	60	24.47	28.76	1.60	154.00		4.03	5.77	7.09	8.54	9.12	9.79	12.00	12.80	14.45	15.50	16.00	17.60	18.65	22.40	26.00	34.20	41.85	54.70	85.60	
07050700	0828	19560828	20150828	60	26.53	33.15	1.40	174.00		2.58	6.02	6.95	7.78	8.78	10.30	12.35	14.00	15.00	16.00	17.00	18.00	20.65	23.70	28.00	31.80	35.00	70.00	119.30	
07050700	0829	19560829	20150829	60	23.10	25.13	1.80	117.00		3.14	5.19	6.62	7.38	8.72	11.00	11.35	13.00	14.00	14.00	15.00	16.00	17.65	20.70	23.75	29.00	36.85	66.70	97.85	
07050700	0830	19560830	20150830	60	23.38	24.30	2.00	108.00		2.75	5.17	6.34	6.86	8.25	9.72	12.00	12.00	13.00	14.50	15.00	16.00	17.65	21.40	27.25	36.60	45.40	64.90	75.80	
07050700	0831	19560831	20150831	60	28.00	40.30	3.20	214.00		4.25	5.44	6.33	6.86	8.47	9.93	11.00	12.00	13.00	13.50	14.55	16.00	16.00	19.40	30.00	38.00	48.65	61.90	130.80	
07050700	0901	19560901	20150901	60	106.96	554.25	3.40	4300.00		4.31	5.23	5.88	7.06	9.47	11.00	11.00	13.00	13.00	14.50	15.55	16.60	18.00	23.80	30.00	39.80	68.95	120.10	273.90	
07050700	0902	19560902	20150902	60	119.80	462.88	3.30	3290.00		3.94	5.01	5.84	6.72	8.45	9.15	9.94	10.40	12.00	13.50	15.55	17.00	18.65	25.40	33.25	49.20	123.00	177.50	443.40	
07050700	0903	19560903	20150903	60	72.17	181.46	2.50	1210.00		4.01	5.64	6.16	7.76	9.18	9.90	11.00	11.40	12.00	14.50	15.00	16.60	19.30	25.70	38.75	47.20	143.70	227.80	291.10	
07050700	0904	19560904	20150904	60	49.03	80.90	1.80	450.00		3.82	5.20	7.34	8.20	9.43	10.00	11.00	11.00	12.00	13.00	14.55	17.60	25.95	34.40	45.25	67.00	113.40	172.90	218.15	
07050700	0905	19560905	20150905	60	88.20	392.84	1.60	3050.00		3.60	4.89	7.13	8.44	9.03	10.00	11.00	11.00	13.00	14.00	15.55	22.20	28.00	32.40	42.75	49.80	97.75	118.90	259.10	
07050700	0906	19560906	20150906	60	62.43	225.76	1.40	1750.00		3.50	5.39	6.43	7.06	8.50	9.25	10.35	11.40	13.00	14.00	15.00	21.80	24.65	30.70	38.75	68.20	86.40	109.60	176.70	
07050700	0907	19560907	20150907	60	43.42	93.29	1.30	658.00		3.21	5.37	6.19	7.24	8.65	9.30	10.35	11.00	13.45	15.00	19.10	20.60	24.65	28.70	31.75	39.40	78.80	106.30	161.40	
07050700	0908	19560908	20150908	60	54.28	104.75	1.30	550.00		3.10	4.65	5.63	7.52	8.65	9.10	10.35	12.40	16.00	18.50	19.00	22.20	27.60	32.40	39.75	74.00	88.50	123.40	332.05	
07050700	0909	19560909	20150909	60	57.06	103.97	1.10	584.00		3.08	5.13	5.92	7.06	8.82	9.63	10.35	12.40	16.00	16.50	19.55	25.20	29.95	34.40	41.00	69.40	104.35	187.70	301.65	
07050700	0910	19560910	20150910	60	58.31	135.46	1.10	961.00		2.85	4.80	5.32	6.74	8.50	9.55	10.35	12.00	14.00	15.50	18.00	26.60	30.30	41.60	55.25	66.20	89.45	115.70	285.60	
07050700	0911	19560911	20150911	60	65.34	138.27	0.80	743.00		2.75	4.60	5.32	6.12	8.50	10.30	12.00	12.40	13.00	16.00	22.10	24.60	29.00	34.80	51.50	62.00	94.75	203.50	387.85	
07050700	0912	19560912	20150912	60	116.41	503.20	0.70	3810.00		3.44	4.80	5.30	6.74	8.47	9.79	10.35	12.40	13.45	15.00	19.55	23.20	27.00	30.40	43.00	46.80	60.85	160.70	426.85	
07050700	0913	19560913	20150913	60	53.71	123.26	0.60	736.00		3.62	4.71	5.58	6.90	8.32	9.03	10.00	11.40	12.90	14.50	17.55	20.60	26.65	29.00	39.50	45.40	69.10	122.70	297.85	
07050700	0914	19560914	20150914	60	264.70	1484.67	0.40	11500.00		3.71	4.61	6.78	7.90	9.12	9.50	12.00	12.40	14.45	18.00	19.55	24.60	25.00	34.70	56.50	86.80	108.25	251.50	730.20	
07050700	0915	19560915	20150915	60	128.74	353.83	0.40	2440.00		3.44	4.71	5.96	7.70	9.43	10.30	12.00	13.40	18.00	20.00	21.55	24.00	32.55	44.70	88.75	101.60	255.25	308.70	758.70	
07050700	0916	19560916	20150916	60	116.48	311.68	0.30	2230.00		3.15	4.73	6.28	8.32	9.85	10.30	13.35	14.80	18.00	18.50	24.10	27.00	33.95	55.40	75.50	110.60	229.55	318.80	511.05	
07050700	0917	19560917	20150917	60	77.61	146.67	0.60	935.00		2.85	5.66	7.83	9.52	11.25	13.30	15.00	16.00	19.45	23.00	25.55	30.40	37.30	49.50	68.00	115.40	170.00	224.90	365.10	
07050700	0918	19560918	20150918	60	66.73	111.02	0.70	549.00		2.84	5.14	8.86	9.56	11.25	12.30	15.00	19.40	21.45	24.50	28.20	34.20	39.95	47.80	59.50	88.80	111.85	226.00	305.85	
07050700	0919	19560919	20150919	60	58.20	85.09	0.70	416.00		2.86	4.96	7.81	9.14	10.25	12.30	14.00	16.80	19.45	23.00	25.55	33.60	37.95	50.20	58.75	77.00	135.55	194.20	238.40	
07050700	0920	19560920	20150920	60	69.68	151.34	0.80	1010.00		2.67	5.38	7.07	9.28	11.25	13.00	14.70	16.40	18.45	22.00	29.55	34.60	36.65	48.70	70.75	94.40	108.50	152.30	272.00	
07050700	0921	19560921	20150921	60	65.99	105.17	0.80	605.00		2.67	5.34	7.09	9.60	12.25	14.00	15.35	17.80	21.90	24.50	30.65	39.20	53.25	65.80	75.25	83.40	105.10	172.70	319.60	
07050700	0922	19560922	20150922	60	76.74	196.93	0.80	1470.00		2.86	4.95	7.85	8.82	12.00	13.00	15.00	18.80	22.45	24.00	28.55	34.40	44.30	49.10	76.00	87.40	100.00	160.30	285.65	
07050700	0923	19560923	20150923	60	82.98	216.53	0.80	1380.00		3.04	5.25	8.41	10.20	12.25	14.30	16.35	17.40	20.90	23.00	24.55	28.60	43.30	51.40	57.25	80.80	101.10	145.30	287.75	
07050700	0924	19560924	20150924	60	212.58	959.65	0.30	7270.00		3.25	6.40	8.96	11.20	12.50	15.00	16.35	18.00	19.45	22.00	23.00	27.60	41.65	44.00	57.25	84.40	118.65	271.40	601.15	
07050700	0925	19560925	20150925	60	475.49	3157.00	0.30	24500.00		3.72	8.00	9.66	12.20	13.25	14.30	16.00	16.00	19.45	22.00	23.55	27.60	33.60	41.70	43.75	77.60	96.85	190.10	535.00	
07050700	0926	19560926	20150926	60	139.00	582.57	0.70	4460.00		3.71	8.00	9.35	11.20	12.25	14.30	16.00	18.00	19.45	21.50	22.00	24.00	32.60	37.70	43.75	67.80	83.00	268.60	598.05	
07050700	0927	19560927	20150927	60	339.98	1806.96	0.70	13900.00		3.71	7.98	9.52	11.00	12.25	14.00	15.00	16.00	19.00	21.00	21.00	26.00	33.65	35.70	41.25	59.80	103.75	277.90	1364.00	
07050700	0928	19560928	20150928	60	102.92	305.71	0.60	2060.00		4.00	7.60	9.02	9.52	12.25	13.30	14.35	16.00	18.00	20.50	22.65	27.80	30.95	33.70	45.50	63.80	94.55	234.10	537.75	
07050700	0929	19560929	20150929	60	84.82	246.76	0.60	1700.00		3.85	6.84	8.03	9.04	12.25	14.00	14.00	16.40	18.45	20.00	24.55	25.60	32.65	37.10	47.50	60.80	88.10	169.60	350.15	
07050700	0930	19560930	20150930	60	104.32	301.81	0.60	1840.00		3.86	6.86	7.90	9.64	12.25	13.00	14.35	15.40	18.90	20.00	22.65	24.00	30.95	40.60	50.50	55.60	90.95	192.70	702.65	
07050700	1001	19551001	20151001	61	221.84	982.40	0.60	7180.00		2.80	6.72	7.83	11.40	12.00	13.00	14.70	16.80	18.00	20.00	21.00	23.80	30.30	35.80	45.50	65.40	149.10	189.40	765.30	
07050700	1002	19551002	20151002	61	97.56	284.36	0.60	1980.00		3.50	6.22	7.25	11.00	12.00	12.60	14.00	15.00	16.90	19.00	20.00	23.20	25.30	33.20	46.00	57.60	128.90	203.60	553.80	
07050700	1003	19551003	20151003	61	68.83	144.70	0.70	858.00		3.32	5.72	6.75	10.00	11.50	12.00	14.70	15.00	17.80	19.00	21.00	23.20	29.60	41.80	54.00	66.20	107.50	168.00	468.00	
07050700	1004	19551004	20151004	61	83.22	214.55	1.10	1520.00		3.33	5.42	6.33	10.00	11.50	13.00	14.00	16.80	18.90	20.00	22.10	24.00	29.20	38.00	53.00	83.60	132.10	172.20	408.30	
07050700	1005	19551005	20151005	61	62.16	116.70	1.30	666.00		3.34	4.92	5.83	9.94	11.50	13.20	14.70	17.00	18.90	20.00	23.00	27.80	36.00	40.80	57.00	69.00	91.70	142.40	381.90	
07050700	1006	19551006	20151006	61	56.95	94.50	1.10	525.00		3.35	4.76	6.01	9.40	11.00	12.00	15.00	16.80	17.90	21.00	22.20	29.60	36.60	43.80	60.00	65.80	95.60	195.60	317.10	
07050700	1007	19551007	20151007	61	64.36	109.34	1.10	508.00		3.12	5.10	6.07	9.42	10.50	13.20	15.00	16.00	18.00	20.00	21.00	27.20	33.30	39.00	54.00	62.80	116.70	243.40	359.10	
07050700	1008	19551008	20151008	61	78.49	155.14	1.30	790.00		3.47	6.16	7.68	9.54	10.00	12.20	14.00	16.00	18.00	18.00	22.10	27.20	32.20	40.20	51.00	74.00	179.50	258.40	539.70	
07050700	1009	19551009	20151009	61	328.08	1981.81	1.10	15500.00		3.47	5.54	7.60	9.94	11.50	14.60	15.70	17.00	18.00	20.00	22.30	27.80	32.00	38.40	46.50	76.80	139.10	208.40	757.00	
07050700	1010	19551010	20151010	61	103.87	342.56	1.10	2590.00		3.85	4.92	7.50	9.76	12.00	14.00	16.00	16.80	18.90	20.00	26.10	28.40	32.30	37.20	56.00	86.20	144.70	210.40	470.00	
07050700	1011	19551011	20151011	61	79.27	174.89	1.10	1170.00		4.21	5.32	9.36	11.00	14.50	15.00	15.70	17.00	17.90	23.00	26.10	29.00	30.60	45.20	57.00	73.20	133.20	212.00	412.00	
07050700	1012	19551012	20151012	61	63.14	118.04	1.10	771.00		4.26	5.22	8.90	11.00	12.50	14.60	16.00	17.00	19.90	24.00	27.00	30.20	34.60	38.80	51.50	61.60	138.60	174.80	308.90	
07050700	1013	19551013	20151013	61	98.03	242.85	1.10	1730.00		4.85	5.42	7.52	10.34	12.50	15.00	16.00	17.80	23.90	25.00	29.20	36.20	39.20	42.40	51.00	104.40	157.80	276.40	476.30	
07050700	1014	19551014	20151014	61	142.16	375.03	1.10	2310.00		5.22	5.86	7.30	12.00	14.50	16.00	17.70	21.40	23.90	27.00	30.00	35.40	38.00	41.00	64.50	114.40	174.80	293.60	1200.60	
07050700	1015	19551015	20151015	61	96.81	180.16	1.30	760.00		5.02	5.90	7.85	12.00	13.50	15.60	17.00	20.00	23.90	29.00	32.20	36.20	46.50	61.00	89.00	117.60	151.00	214.00	696.40	
07050700	1016	19551016	20151016	61	85.87	146.25	1.60	721.00		4.88	7.14	9.74	12.00	14.00	16.00	17.00	20.80	24.80	27.00	32.10	37.80	59.30	68.80	96.50	114.20	126.90	256.60	493.50	
07050700	1017	19551017	20151017	61	89.73	145.85	2.30	700.00		4.87	7.58	11.00	12.40	14.00	15.00	19.70	21.80	25.90	30.00	36.00	39.00	57.00	83.60	89.50	121.80	178.00	241.60	521.20	
07050700	1018	19551018	20151018	61	74.43	103.82	2.30	460.00		4.57	7.68	11.00	11.40	13.00	15.60	19.70	20.00	25.80	28.00	35.20	42.80	52.60	77.00	91.50	109.20	146.50	220.40	376.70	
07050700	1019	19551019	20151019	61	68.01	95.33	2.50	459.00		4.46	6.14	9.72	11.00	12.50	14.20	17.70	25.20	27.90	30.00	37.00	40.20	49.60	65.40	88.00	98.60	115.70	191.80	338.80	
07050700	1020	19551020	20151020	61	80.96	165.65	2.90	925.00		4.51	6.08	8.74	11.00	12.00	14.60	18.70	22.40	24.00	29.00	36.10	38.40	50.60	58.00	79.50	91.60	105.50	196.00	300.80	
07050700	1021	19551021	20151021	61	87.47	209.76	4.80	1180.00		5.21	7.12	8.81	12.00	13.50	16.00	17.70	19.80	25.90	30.00	30.40	38.60	47.60	56.60	74.50	85.20	115.60	170.60	267.70	
07050700	1022	19551022	20151022	61	76.64	133.28	4.60	638.00		5.32	7.00	8.95	11.00	12.00	16.00	18.00	20.60	26.00	30.00	33.40	41.20	47.30	54.40	68.00	77.00	150.90	199.20	523.60	
07050700	1023	19551023	20151023	61	77.49	124.91	4.60	625.00		5.62	6.34	8.88	11.00	12.50	15.60	17.70	23.60	29.60	31.00	36.10	41.80	46.60	51.40	67.00	100.80	132.60	218.00	426.50	
07050700	1024	19551024	20151024	61	72.76	104.51	4.60	447.00		5.23	6.12	7.43	10.80	13.00	17.00	17.00	23.80	27.90	30.00	34.20	42.20	43.60	47.40	63.00	112.40	163.20	259.20	320.30	
07050700	1025	19551025	20151025	61	66.58	93.01	4.60	374.00		5.55	6.78	8.44	12.00	14.00	16.60	21.40	23.00	26.00	30.00	31.00	39.00	42.60	44.40	52.00	100.60	166.30	235.40	323.60	
07050700	1026	19551026	20151026	61	63.50	90.06	4.80	449.00		5.51	6.56	9.36	11.80	13.00	16.00	20.70	22.80	26.80	29.00	36.10	39.40	44.00	45.80	56.00	90.40	136.90	172.20	310.80	
07050700	1027	19551027	20151027	61	125.85	544.19	4.60	4270.00		6.11	9.52	12.00	13.00	15.00	20.60	22.00	23.00	27.00	35.00	37.00	38.20	41.00	47.80	69.50	91.80	114.80	178.80	284.20	
07050700	1028	19551028	20151028	61	87.59	238.33	2.50	1820.00		5.48	9.32	12.00	13.40	16.00	20.60	21.70	24.60	28.90	30.00	32.40	38.40	42.20	54.00	62.00	86.80	104.70	191.60	296.90	
07050700	1029	19551029	20151029	61	75.08	152.19	3.20	1100.00		5.61	9.80	12.00	13.00	19.00	20.00	21.00	23.80	27.00	30.00	34.10	38.20	40.90	49.80	72.00	90.20	110.60	185.60	318.30	
07050700	1030	19551030	20151030	61	263.90	1114.92	4.50	7100.00		6.51	10.00	12.00	13.80	18.50	20.00	20.70	23.00	26.80	29.00	32.20	37.00	43.90	48.40	66.00	74.60	110.90	174.40	770.30	
07050700	1031	19551031	20151031	61	138.34	464.90	5.30	3260.00		6.55	11.00	12.30	14.00	17.50	19.60	21.00	22.80	26.80	33.00	34.10	37.40	42.30	48.20	59.50	69.60	127.60	150.00	596.50	
07050700	1101	19551101	20151101	61	311.09	1274.48	5.30	9760.00		6.75	9.88	13.00	14.40	18.00	19.60	22.70	23.80	28.80	35.00	38.10	41.00	43.60	52.40	69.00	135.40	374.10	703.20	1269.40	
07050700	1102	19551102	20151102	61	238.09	732.69	4.10	4970.00		6.11	10.20	12.30	15.80	18.50	20.00	22.70	26.60	31.90	35.00	37.00	38.40	45.20	56.20	79.00	131.40	332.40	632.80	986.50	
07050700	1103	19551103	20151103	61	160.09	312.38	5.10	1470.00		6.43	8.96	12.60	15.80	18.00	21.00	23.00	26.60	28.80	32.00	34.10	38.20	44.30	62.20	81.50	159.80	352.00	759.60	967.40	
07050700	1104	19551104	20151104	61	239.38	800.87	6.60	6090.00		7.95	11.00	13.00	15.40	17.50	20.60	23.70	26.00	29.80	31.00	38.20	42.20	49.60	64.40	97.50	240.20	431.30	622.40	946.50	
07050700	1105	19551105	20151105	61	183.41	404.88	6.90	2380.00		7.72	10.20	12.30	15.80	18.50	20.60	24.40	26.00	29.00	33.00	38.10	40.40	52.30	65.20	82.50	256.80	413.70	626.40	779.10	
07050700	1106	19551106	20151106	61	151.72	306.98	6.90	1940.00		7.57	9.56	13.30	15.40	20.00	22.00	23.70	26.00	29.80	34.00	38.00	43.20	46.60	64.80	109.00	260.40	386.50	435.00	645.60	
07050700	1107	19551107	20151107	61	153.06	308.61	7.30	1940.00		7.71	10.00	13.30	15.00	18.00	22.00	23.00	26.80	31.00	33.00	34.10	38.40	45.50	63.20	134.50	268.60	324.90	435.20	766.00	
07050700	1108	19551108	20151108	61	126.85	242.91	7.30	1600.00		7.71	9.62	11.30	14.40	17.00	20.80	23.70	25.80	29.80	32.00	36.10	39.00	51.30	75.40	148.00	233.00	265.00	366.00	560.00	
07050700	1109	19551109	20151109	61	122.01	198.22	7.40	972.00		9.37	11.00	12.30	14.40	17.00	19.60	21.00	26.00	28.80	30.00	36.10	41.80	49.30	78.80	132.00	203.40	312.40	442.60	546.50	
07050700	1110	19551110	20151110	61	121.95	190.41	7.40	918.00		7.63	11.00	13.30	16.00	17.00	20.60	22.70	25.80	28.00	31.00	40.00	42.60	63.10	93.80	151.00	194.20	282.30	437.80	646.90	
07050700	1111	19551111	20151111	61	121.85	244.16	7.30	1730.00		7.99	10.00	11.30	14.80	16.50	20.60	23.00	26.40	28.00	31.00	39.40	44.20	61.10	118.20	146.50	166.80	243.60	362.00	479.60	
07050700	1112	19551112	20151112	61	153.91	373.24	6.60	2730.00		7.95	9.28	12.00	14.40	16.50	19.60	23.00	25.80	30.80	36.00	38.00	50.20	81.50	125.20	172.00	215.00	294.00	390.80	435.00	
07050700	1113	19551113	20151113	61	197.83	673.39	7.40	5190.00		8.43	11.20	13.30	16.00	19.00	21.00	23.00	26.00	29.80	33.00	36.20	49.80	87.50	114.60	169.50	195.20	276.30	357.40	705.40	
07050700	1114	19551114	20151114	61	268.47	1138.44	7.10	8740.00		8.02	11.00	12.30	14.00	19.50	21.60	25.00	29.80	33.90	35.00	36.10	47.40	84.50	114.40	160.50	197.60	246.20	360.60	519.60	
07050700	1115	19551115	20151115	61	203.94	631.93	7.20	4690.00		10.10	12.40	15.30	19.00	20.00	22.80	25.70	29.80	33.00	35.00	40.20	57.20	76.60	108.80	149.00	179.60	221.60	416.00	1186.00	
07050700	1116	19551116	20151116	61	174.92	353.13	7.30	2020.00		8.30	13.00	17.30	20.00	22.50	25.60	30.10	32.60	36.00	39.00	49.40	62.60	90.60	116.20	144.00	177.60	259.20	442.80	1096.70	
07050700	1117	19551117	20151117	61	241.40	616.47	7.50	4290.00		9.42	11.40	14.90	20.00	24.00	28.60	31.00	35.60	37.00	49.00	60.50	81.20	104.90	126.60	155.00	202.40	368.20	597.60	1403.00	
07050700	1118	19551118	20151118	61	258.52	565.83	7.80	3120.00		8.86	11.40	18.00	21.60	26.50	28.60	30.70	33.80	38.90	52.00	73.10	79.60	97.50	109.60	206.50	316.80	461.90	668.60	1669.00	
07050700	1119	19551119	20151119	61	225.03	442.77	6.40	2870.00		7.07	10.20	16.30	20.00	24.50	28.60	30.00	33.60	38.90	50.00	68.40	75.80	98.30	136.80	246.00	357.80	494.50	661.60	1055.80	
07050700	1120	19551120	20151120	61	243.26	465.30	8.00	2300.00		8.33	11.40	18.60	22.40	24.00	27.40	30.40	32.80	37.00	47.00	61.00	68.00	84.00	142.80	266.50	351.40	490.40	718.20	1661.00	
07050700	1121	19551121	20151121	61	215.15	424.13	5.00	2690.00		9.92	12.20	15.90	20.20	22.00	25.80	29.70	31.80	36.90	41.00	53.30	70.20	94.10	200.00	219.50	312.20	429.70	579.80	1079.70	
07050700	1122	19551122	20151122	61	231.59	682.27	7.40	5250.00		10.20	14.20	15.30	19.40	22.00	23.00	29.70	32.80	35.00	48.00	59.30	67.40	109.00	156.20	244.00	330.20	414.00	503.20	674.00	
07050700	1123	19551123	20151123	61	198.71	434.30	9.60	2790.00		12.10	14.20	18.00	21.40	22.00	24.00	26.00	29.80	35.70	47.00	58.00	71.00	125.80	176.40	219.00	288.40	336.40	469.60	633.60	
07050700	1124	19551124	20151124	61	218.98	434.56	9.60	2840.00		12.10	13.40	16.30	18.40	21.50	22.60	27.70	31.40	39.80	45.00	57.50	108.40	155.40	189.60	237.50	279.60	408.30	538.20	1044.00	
07050700	1125	19551125	20151125	61	506.71	1594.33	9.50	9160.00		13.00	14.00	15.60	19.20	21.00	21.60	23.40	31.40	34.00	45.00	61.40	111.40	147.00	185.00	212.00	267.40	425.10	778.40	3248.00	
07050700	1126	19551126	20151126	61	301.97	661.03	10.00	3950.00		13.10	15.00	17.00	19.40	20.00	22.00	26.40	30.80	35.70	51.00	80.20	114.40	144.30	174.80	202.50	276.20	532.70	1098.00	1717.00	
07050700	1127	19551127	20151127	61	290.62	464.73	9.20	2110.00		12.00	14.20	16.30	18.40	22.00	22.00	26.00	30.00	33.00	65.00	99.10	131.40	155.50	222.00	424.00	526.40	721.00	932.80	1467.00	
07050700	1128	19551128	20151128	61	276.45	465.54	9.20	2690.00		11.10	12.40	17.00	18.00	20.50	22.60	25.10	28.00	37.70	61.00	89.40	118.60	133.60	213.20	424.00	515.00	595.10	991.60	1089.00	
07050700	1129	19551129	20151129	61	236.77	372.38	9.20	1670.00		10.10	12.00	16.00	18.40	20.00	21.00	26.00	31.80	38.80	57.00	93.10	98.00	124.90	227.00	302.00	427.20	588.90	719.40	1213.00	
07050700	1130	19551130	20151130	61	307.21	647.52	8.20	4280.00		10.20	13.00	15.30	19.00	20.00	23.00	31.70	39.80	51.10	63.00	84.00	122.00	167.00	244.00	320.50	436.60	582.20	870.80	1464.00	
07050700	1201	19551201	20151201	61	274.52	587.70	6.10	3640.00		9.64	12.00	16.00	19.00	21.00	23.00	35.20	44.40	48.90	79.00	87.30	116.80	190.00	217.00	279.00	371.00	519.60	669.60	945.40	
07050700	1202	19551202	20151202	61	224.70	367.98	6.50	1980.00		9.47	12.00	16.00	19.00	19.50	26.60	31.40	39.60	54.40	73.00	82.30	107.60	162.00	200.00	301.00	381.20	489.80	586.80	1204.00	
07050700	1203	19551203	20151203	61	412.36	1763.28	6.90	13800.00		9.47	13.40	16.20	19.00	21.50	27.20	32.80	40.00	56.50	67.00	73.50	100.00	137.40	202.00	289.50	334.60	456.70	712.00	1062.20	
07050700	1204	19551204	20151204	61	261.24	694.03	8.60	5240.00		11.00	13.00	14.00	18.40	23.00	29.60	34.40	37.80	53.80	70.00	75.10	101.80	134.70	190.40	241.50	334.80	466.60	667.20	840.90	
07050700	1205	19551205	20151205	61	249.15	565.33	8.80	3740.00		9.38	12.40	15.00	18.00	25.50	29.60	32.80	44.40	56.40	64.00	86.80	98.60	131.90	189.20	241.50	308.60	430.10	522.80	1181.60	
07050700	1206	19551206	20151206	61	199.55	299.62	3.50	1650.00		10.00	13.20	16.60	18.80	26.00	30.60	36.10	45.40	55.90	60.00	96.30	101.20	139.30	155.60	277.00	344.80	448.30	606.80	808.60	
07050700	1207	19551207	20151207	61	199.71	317.14	8.80	1960.00		9.64	11.60	18.30	24.00	25.50	30.00	32.70	45.00	54.90	64.00	79.80	113.40	143.20	186.00	284.00	364.80	454.60	554.00	692.60	
07050700	1208	19551208	20151208	61	164.70	209.52	8.80	1030.00		9.91	13.00	19.60	23.40	28.50	30.60	32.70	45.20	54.00	71.00	89.00	105.60	133.80	185.20	257.50	319.40	350.90	481.20	581.20	
07050700	1209	19551209	20151209	61	149.60	162.26	5.50	647.00		8.74	13.00	22.60	27.00	29.50	32.80	37.40	51.80	60.00	77.00	93.40	127.20	156.70	185.60	234.00	280.20	342.60	422.60	493.20	
07050700	1210	19551210	20151210	61	240.95	494.68	2.60	3390.00		9.47	17.00	20.30	26.80	32.50	35.60	38.40	52.40	66.50	84.00	128.50	139.00	173.20	205.60	261.00	289.40	397.00	562.80	914.10	
07050700	1211	19551211	20151211	61	239.73	454.16	2.80	2610.00		12.10	16.20	19.60	29.40	31.00	38.80	45.10	48.80	61.60	87.00	125.50	136.40	167.70	187.60	241.00	300.00	348.70	536.00	1520.20	
07050700	1212	19551212	20151212	61	183.85	260.86	2.90	1470.00		11.10	14.20	21.20	28.00	33.50	43.60	48.70	54.00	64.80	100.00	111.20	130.40	160.10	179.60	215.00	304.60	346.30	371.40	784.60	
07050700	1213	19551213	20151213	61	199.84	372.10	4.90	2690.00		8.84	12.60	21.10	28.40	34.50	42.40	51.20	63.20	87.20	98.00	106.40	125.40	151.00	191.60	247.00	294.40	328.50	405.20	711.20	
07050700	1214	19551214	20151214	61	294.63	696.44	8.70	4500.00		9.74	15.20	20.10	27.60	33.50	43.40	61.10	77.60	90.00	100.00	105.40	119.00	136.30	181.60	233.50	278.60	345.90	632.80	2187.30	
07050700	1215	19551215	20151215	61	262.03	489.45	8.20	2820.00		9.31	14.40	19.40	25.40	31.00	54.80	62.40	74.00	87.80	92.00	101.30	127.40	182.10	225.60	266.50	304.20	435.50	655.60	1205.00	
07050700	1216	19551216	20151216	61	245.45	470.77	8.20	3320.00		10.00	15.20	18.50	24.40	34.00	57.60	61.70	77.20	79.90	88.00	106.70	142.20	179.20	222.40	265.50	341.80	415.10	622.60	852.90	
07050700	1217	19551217	20151217	61	443.53	1513.58	6.40	11300.00		8.29	15.20	16.60	23.20	36.00	54.60	61.10	75.00	86.50	106.00	136.70	163.80	213.90	247.40	308.00	392.40	504.10	633.80	1127.20	
07050700	1218	19551218	20151218	61	294.48	555.91	6.80	3160.00		10.10	15.00	17.30	22.00	35.00	50.80	56.40	73.80	83.60	107.00	121.90	173.20	192.60	205.00	272.50	351.00	462.30	748.40	1749.00	
07050700	1219	19551219	20151219	61	257.75	486.82	7.50	3500.00		8.99	14.20	18.60	25.60	43.00	53.60	62.80	72.40	93.50	101.00	126.90	166.80	195.60	232.20	276.50	359.60	479.50	655.00	941.10	
07050700	1220	19551220	20151220	61	317.41	1031.20	7.50	8090.00		8.78	14.20	18.50	29.40	39.00	55.00	62.10	74.00	96.00	115.00	129.30	167.80	186.50	232.60	276.00	381.00	467.90	568.40	681.40	
07050700	1221	19551221	20151221	61	380.18	923.56	7.00	5410.00		8.22	14.20	18.80	28.60	39.00	52.40	57.40	71.60	89.00	113.00	123.50	152.00	186.60	223.20	282.00	372.20	477.20	770.00	1665.00	
07050700	1222	19551222	20151222	61	257.91	462.93	5.90	2520.00		8.11	13.20	21.60	34.00	39.50	44.80	57.00	74.40	79.90	105.00	125.80	136.60	166.20	213.40	273.00	325.80	388.60	494.00	1640.00	
07050700	1223	19551223	20151223	61	197.47	244.98	5.70	1100.00		8.35	13.20	24.00	35.00	41.00	47.80	60.70	67.60	93.00	117.00	141.20	153.80	183.60	246.80	264.50	287.60	328.70	444.00	953.80	
07050700	1224	19551224	20151224	61	220.00	308.87	6.60	1660.00		8.71	12.40	24.50	39.60	44.50	53.80	60.00	74.00	87.80	108.00	129.40	151.00	222.60	233.80	256.50	306.80	325.50	650.40	883.10	
07050700	1225	19551225	20151225	61	273.45	630.52	6.80	4490.00		8.53	12.40	23.80	40.40	47.50	53.00	66.70	84.40	99.90	108.00	130.60	189.20	205.30	217.00	251.00	275.40	299.80	510.20	1060.00	
07050700	1226	19551226	20151226	61	250.58	610.21	6.80	4660.00		9.12	12.20	17.80	33.40	44.00	50.00	61.00	78.00	97.80	113.00	124.30	169.60	190.40	204.40	230.00	243.60	354.00	468.40	894.80	
07050700	1227	19551227	20151227	61	495.31	2114.94	6.80	16300.00		9.31	12.00	19.60	30.20	41.00	51.20	58.40	83.60	91.90	109.00	134.00	168.20	186.80	213.20	235.00	295.40	400.60	618.40	851.20	
07050700	1228	19551228	20151228	61	505.30	1757.08	6.60	12900.00		8.70	10.20	20.00	28.20	40.50	49.00	62.30	80.20	85.70	103.00	122.90	150.60	168.30	194.40	228.00	265.00	434.50	826.60	2496.00	
07050700	1229	19551229	20151229	61	302.26	679.66	6.80	4090.00		9.19	11.20	20.30	28.80	39.50	46.60	57.70	73.80	81.90	104.00	124.30	138.00	168.90	198.20	204.50	269.40	458.80	679.00	1474.00	
07050700	1230	19551230	20151230	61	282.71	624.49	6.90	4350.00		9.19	11.20	20.30	31.80	39.50	50.00	60.70	73.00	82.60	101.00	118.50	142.60	165.90	190.00	245.50	325.60	401.50	569.80	1543.00	
07050700	1231	19551231	20151231	61	244.78	356.99	7.20	1720.00		10.00	12.00	16.40	32.00	40.00	55.00	63.80	75.00	92.80	112.00	128.20	150.20	176.70	208.40	301.50	353.20	446.50	715.20	1237.00	
