site_no	monthday	begin_dt	end_dt	count_nu	mean	std	min	max	p01	p05	p10	p15	p20	p25	p30	p35	p40	p45	p50	p55	p60	p65	p70	p75	p80	p85	p90	p95	p99
07362587	ALL	19891001	20160131	9619	49.32	182.57	0.00	6620.00	0.00	0.00	0.00	0.08	0.38	0.88	1.40	2.20	3.50	5.40	7.80	11.00	14.00	20.00	26.00	35.00	50.00	71.00	100.00	183.00	756.80
07362587	0101	19900101	20160101	27	58.91	76.75	1.60	293.00		2.04	3.34	5.06	6.66	12.00	16.80	21.00	21.20	22.60	24.00	31.20	36.20	42.60	61.80	70.00	96.40	128.80	218.00	271.00	
07362587	0102	19900102	20160102	27	102.23	282.06	1.60	1490.00		2.28	3.78	5.64	9.40	12.00	16.20	19.60	20.20	24.60	29.00	36.60	49.00	60.00	70.60	90.00	98.20	109.40	144.40	986.00	
07362587	0103	19900103	20160103	27	117.59	228.08	1.50	851.00		2.10	4.12	5.38	8.16	10.00	13.60	16.80	20.20	21.60	24.00	33.80	44.80	55.40	70.80	73.00	114.40	175.20	646.60	797.40	
07362587	0104	19900104	20160104	27	90.04	175.76	1.50	803.00		2.02	4.48	7.28	9.60	10.00	16.60	19.00	20.00	24.20	28.00	35.00	39.80	44.40	54.60	99.00	117.60	139.40	240.00	691.40	
07362587	0105	19900105	20160105	27	76.37	129.86	1.50	566.00		1.90	4.74	6.64	8.88	13.00	13.40	15.60	18.40	24.80	29.00	31.40	39.20	51.20	61.00	74.00	98.60	126.00	263.40	501.60	
07362587	0106	19900106	20160106	27	91.37	181.68	1.50	870.00		1.78	5.24	8.10	9.84	12.00	12.40	13.80	19.00	23.60	24.00	27.40	33.40	51.80	61.60	86.00	106.40	128.80	351.20	674.00	
07362587	0107	19900107	20160107	27	70.49	111.17	1.40	463.00		1.64	5.12	6.28	8.68	11.00	12.40	16.20	19.00	19.60	20.00	29.80	38.60	43.60	55.40	81.00	109.00	140.80	248.40	419.40	
07362587	0108	19900108	20160108	27	54.75	65.78	1.40	265.00		1.60	4.38	6.16	9.28	11.00	13.00	16.00	17.40	20.20	21.00	35.00	38.20	45.40	57.20	87.00	109.80	135.60	159.40	231.40	
07362587	0109	19900109	20160109	27	54.47	69.50	1.40	291.00		1.56	3.88	5.72	8.60	11.00	15.00	15.00	16.20	17.60	25.00	29.20	31.80	39.60	67.60	89.00	98.40	117.20	159.20	256.20	
07362587	0110	19900110	20160110	27	90.22	159.83	1.80	553.00		1.96	3.48	5.54	8.76	12.00	13.00	13.80	14.40	19.00	22.00	25.00	28.20	59.60	69.00	71.00	96.40	172.20	481.20	543.80	
07362587	0111	19900111	20160111	27	68.75	111.29	1.70	417.00		1.90	3.16	7.16	10.36	11.00	13.00	13.00	19.20	20.00	21.00	23.60	28.40	41.60	53.60	76.00	94.40	132.20	276.00	410.20	
07362587	0112	19900112	20160112	27	85.42	235.38	1.60	1240.00		1.84	2.92	7.06	8.50	9.70	11.40	13.60	16.40	18.60	19.00	23.60	31.60	41.60	56.20	71.00	78.40	122.60	155.40	813.20	
07362587	0113	19900113	20160113	27	202.76	527.21	1.50	2400.00		2.02	3.36	6.36	7.50	8.70	10.40	13.40	16.00	16.00	21.00	38.00	48.60	60.00	64.20	89.00	99.80	112.80	996.40	1956.00	
07362587	0114	19900114	20160114	27	114.47	335.50	1.40	1760.00		1.92	3.26	6.00	7.12	7.80	9.72	11.58	13.20	14.00	15.00	32.60	41.80	54.40	60.80	73.00	110.80	166.80	201.60	1158.40	
07362587	0115	19900115	20160115	27	76.29	171.48	1.40	883.00		1.88	3.00	5.32	6.62	6.90	9.22	10.80	12.00	12.60	13.00	27.60	36.80	46.40	57.60	78.00	110.60	125.00	152.80	632.20	
07362587	0116	19900116	20160116	27	41.18	51.71	1.40	191.00		1.80	2.88	4.88	6.24	6.40	8.74	9.88	10.20	11.60	19.00	27.60	31.60	37.00	46.00	67.00	71.60	84.20	128.20	188.60	
07362587	0117	19900117	20160117	27	59.80	116.40	1.40	609.00		2.16	4.10	5.30	7.72	9.70	9.88	11.60	17.00	21.80	27.00	28.40	37.00	48.80	56.00	64.00	80.60	98.40	120.80	426.20	
07362587	0118	19900118	20160118	27	43.58	52.20	1.40	210.00		2.08	4.30	6.60	8.20	8.50	9.64	13.20	17.40	20.20	22.00	26.80	31.80	34.80	42.20	73.00	77.40	88.00	135.00	191.20	
07362587	0119	19900119	20160119	27	58.14	114.94	1.40	573.00		2.00	3.94	7.06	7.48	8.80	10.56	12.80	17.20	18.00	20.00	25.40	26.80	27.60	33.60	68.00	71.40	80.60	167.00	437.80	
07362587	0120	19900120	20160120	27	39.70	44.53	1.40	180.00		1.96	3.76	6.10	6.68	8.20	10.78	15.40	17.00	17.60	21.00	22.00	23.60	34.40	57.40	64.00	68.40	92.80	111.60	158.40	
07362587	0121	19900121	20160121	27	36.93	40.35	1.50	148.00		1.98	3.50	5.62	7.00	9.00	13.40	14.00	16.40	18.60	19.00	21.20	24.60	31.60	44.00	53.00	64.00	85.80	120.60	138.00	
07362587	0122	19900122	20160122	27	60.04	80.77	1.50	330.00		2.22	5.22	6.14	7.94	12.00	14.40	15.00	18.00	18.60	29.00	43.20	48.00	57.20	58.60	71.00	84.60	98.20	228.40	294.80	
07362587	0123	19900123	20160123	27	55.40	60.75	1.50	230.00		1.98	4.78	5.76	7.58	11.00	12.40	14.60	16.60	23.00	36.00	43.00	49.20	55.40	62.40	82.00	111.80	127.40	162.60	208.80	
07362587	0124	19900124	20160124	27	56.34	68.32	1.80	246.00		2.04	4.40	5.28	6.94	9.40	11.00	12.60	16.60	31.60	33.00	37.40	44.40	47.40	61.60	75.00	92.20	117.20	203.00	238.40	
07362587	0125	19900125	20160125	27	57.13	75.39	2.20	331.00		2.20	3.96	4.96	7.86	9.90	10.80	12.00	25.40	27.60	31.00	38.40	39.80	53.60	58.40	66.00	82.00	116.60	184.40	281.00	
07362587	0126	19900126	20160126	27	58.86	81.91	2.10	361.00		2.18	3.66	4.78	7.64	8.90	9.82	10.80	18.00	22.60	25.00	32.00	42.00	50.60	56.60	78.00	95.60	128.80	187.00	302.60	
07362587	0127	19900127	20160127	27	53.87	84.11	1.90	371.00		2.10	3.92	5.18	7.96	8.20	8.82	9.54	13.60	19.00	24.00	25.60	30.40	41.80	56.80	62.00	79.80	102.80	143.80	329.40	
07362587	0128	19900128	20160128	27	39.89	39.58	1.80	146.00		2.00	3.74	5.66	7.46	8.30	8.72	12.18	20.20	21.60	23.00	27.00	38.60	44.20	46.80	75.00	85.40	89.20	97.00	134.40	
07362587	0129	19900129	20160129	27	43.61	36.70	2.00	148.00		2.12	3.98	6.72	8.18	13.00	18.00	19.60	23.40	33.60	36.00	42.60	49.00	53.00	59.00	69.00	70.80	78.40	98.80	134.40	
07362587	0130	19900130	20160130	27	54.17	74.51	1.80	317.00		1.96	3.88	6.40	7.60	11.00	16.40	17.80	20.40	26.60	29.00	33.00	44.00	49.40	59.60	61.00	71.40	80.60	151.20	295.80	
07362587	0131	19900131	20160131	27	47.50	64.15	1.60	287.00		1.80	4.18	6.28	7.06	11.00	14.00	14.80	16.80	24.00	27.00	31.00	41.20	44.00	45.80	54.00	69.20	75.60	124.80	255.40	
07362587	0201	19900201	20150201	26	76.27	157.33	1.40	802.00		3.12	6.37	10.10	12.40	13.00	14.80	22.45	24.60	27.00	32.50	40.55	43.00	46.30	55.30	61.00	76.60	119.30	164.70	610.55	
07362587	0202	19900202	20150202	26	51.67	72.65	1.30	378.00		4.34	10.70	12.00	12.00	12.75	20.00	21.35	23.80	31.60	35.50	37.70	41.20	43.65	45.00	64.00	70.60	76.70	99.40	289.80	
07362587	0203	19900203	20150203	26	59.53	115.23	1.10	600.00		3.41	9.31	10.05	12.60	16.50	18.10	19.45	22.40	25.60	29.00	29.85	30.60	35.75	48.80	62.75	74.00	82.85	109.00	442.85	
07362587	0204	19900204	20150204	26	67.68	103.22	0.95	414.00		2.72	8.31	9.43	11.60	14.00	14.10	17.25	21.60	24.30	26.00	26.85	28.60	32.10	34.80	50.00	117.20	210.35	243.40	366.05	
07362587	0205	19900205	20150205	26	78.24	155.28	0.84	706.00		2.23	7.25	9.34	10.40	13.25	14.20	16.90	18.80	21.15	22.50	23.85	26.20	28.10	37.10	54.25	109.60	133.95	251.70	608.00	
07362587	0206	19900206	20150206	26	43.66	49.78	1.40	198.00		2.56	6.73	8.71	9.32	11.45	14.30	17.45	18.00	19.30	21.00	21.85	25.20	34.00	43.90	65.75	89.60	102.65	120.60	181.20	
07362587	0207	19900207	20150207	26	44.39	47.15	1.60	177.00		2.69	6.52	8.12	9.44	11.75	15.10	16.00	17.60	18.30	20.50	22.70	29.40	33.75	67.50	77.00	93.80	109.65	116.70	160.55	
07362587	0208	19900208	20150208	26	41.63	47.56	1.20	186.00		2.42	6.31	7.40	8.36	9.95	13.20	15.45	16.00	17.15	21.00	24.85	27.00	33.75	52.20	58.25	78.80	90.75	118.20	175.50	
07362587	0209	19900209	20150209	26	36.46	41.42	1.20	191.00		2.29	5.91	6.71	7.58	9.43	13.10	14.00	16.40	19.00	20.00	23.55	25.40	35.80	45.70	49.75	65.20	74.85	86.30	159.50	
07362587	0210	19900210	20150210	26	68.25	145.63	2.50	758.00		2.99	5.51	6.38	8.64	10.72	13.00	13.45	14.80	25.20	34.50	37.85	47.00	53.75	57.80	63.25	72.40	98.70	128.90	543.45	
07362587	0211	19900211	20150211	26	127.85	341.27	3.40	1380.00		3.58	5.30	7.91	10.40	11.00	12.00	12.00	20.00	27.45	30.50	31.00	37.20	40.20	51.00	60.00	68.40	71.90	423.30	1310.00	
07362587	0212	19900212	20150212	26	53.35	60.91	3.90	248.00		4.14	6.28	9.03	9.70	10.00	13.40	26.45	27.00	28.30	31.00	33.70	36.20	46.10	47.00	61.50	94.80	120.90	166.20	220.35	
07362587	0213	19900213	20150213	26	88.83	218.20	3.90	1140.00		4.60	7.37	9.01	9.34	14.43	19.50	24.45	26.60	30.30	33.50	36.70	39.40	50.50	68.50	87.75	103.80	115.65	129.50	790.00	
07362587	0214	19900214	20150214	26	77.94	124.46	3.90	533.00		5.16	8.27	8.84	11.76	15.00	16.60	22.90	26.40	29.60	38.00	43.00	45.00	57.65	80.60	87.00	93.60	110.15	225.50	495.20	
07362587	0215	19900215	20150215	26	107.99	195.89	3.90	902.00		4.99	7.49	8.39	12.40	15.25	20.00	24.50	30.80	37.75	45.00	53.10	57.60	63.85	70.60	79.25	107.00	186.25	378.90	761.30	
07362587	0216	19900216	20150216	26	150.86	413.67	3.90	2140.00		4.95	7.95	8.65	10.56	15.00	17.10	21.60	27.60	31.05	44.50	57.10	66.60	83.75	94.10	99.00	126.00	197.00	280.80	1503.00	
07362587	0217	19900217	20150217	26	104.04	228.74	3.90	1170.00		4.81	7.27	8.24	12.20	14.75	15.40	20.35	24.40	26.75	38.00	50.95	58.80	69.70	85.00	100.00	106.00	128.05	226.70	876.35	
07362587	0218	19900218	20150218	26	47.67	43.55	3.90	160.00		4.84	6.74	8.46	10.62	12.75	14.50	20.35	23.60	26.00	28.50	41.20	50.00	55.50	60.90	74.25	81.60	96.25	125.90	153.70	
07362587	0219	19900219	20150219	26	42.43	32.17	5.00	103.00		5.21	6.72	8.53	11.40	12.00	17.40	21.90	24.60	26.30	35.00	43.70	45.00	50.50	55.90	73.75	80.80	85.80	94.30	102.65	
07362587	0220	19900220	20150220	26	45.84	43.64	5.00	192.00		5.49	7.87	11.05	12.00	13.50	15.50	20.45	21.80	23.80	34.50	36.70	40.20	54.90	63.00	72.75	75.00	76.90	96.40	172.75	
07362587	0221	19900221	20150221	26	71.93	128.88	4.50	664.00		4.96	8.60	11.05	12.00	12.75	17.10	19.80	33.20	37.00	37.00	45.50	51.00	54.30	58.80	64.50	87.00	95.00	161.30	500.55	
07362587	0222	19900222	20150222	26	119.52	194.28	3.90	749.00		4.42	7.64	9.62	10.40	13.25	14.50	22.60	28.60	29.30	36.50	43.70	47.40	63.05	84.20	161.75	189.20	215.50	482.60	712.60	
07362587	0223	19900223	20150223	26	70.53	87.33	3.50	336.00		4.06	6.85	7.87	11.40	12.75	16.40	21.80	25.60	35.00	36.00	39.55	50.60	65.55	66.90	98.50	113.20	151.25	218.90	325.15	
07362587	0224	19900224	20150224	26	51.92	41.21	4.90	140.00		5.14	6.51	9.62	12.80	18.50	20.30	25.25	28.80	30.65	44.50	52.40	53.60	61.50	67.80	78.50	93.80	109.45	124.00	136.85	
07362587	0225	19900225	20150225	26	63.63	73.41	4.40	352.00		4.71	5.86	8.77	11.60	15.50	18.30	21.90	23.00	31.75	43.00	50.85	53.40	67.80	87.60	91.25	108.20	127.55	139.60	278.15	
07362587	0226	19900226	20150226	26	73.71	79.93	4.00	336.00		5.43	9.01	10.11	14.00	14.75	16.30	21.25	24.00	36.50	54.00	64.70	67.80	75.00	82.20	89.25	144.00	170.85	184.20	293.65	
07362587	0227	19900227	20150227	26	61.74	56.00	8.60	226.00		8.60	10.98	13.10	15.40	17.50	18.10	20.80	24.60	42.90	48.50	50.70	54.80	72.60	79.80	95.25	109.80	123.65	142.10	208.15	
07362587	0228	19900228	20150228	26	50.78	38.55	8.10	138.00		8.17	10.19	12.10	14.40	15.00	16.60	22.45	35.00	39.45	42.00	47.10	51.80	60.10	71.80	85.00	88.00	92.75	109.10	136.95	
07362587	0229	19920229	20120229	6	29.83	21.08	12.00	62.00				12.00	12.00	12.00	12.30	13.35	14.40	17.25	22.50	27.75	33.60	39.90	46.20	51.50	56.40	61.30			
07362587	0301	19900301	20150301	26	69.92	89.22	6.90	375.00		7.25	9.37	10.15	13.00	13.75	20.40	24.00	29.60	37.00	40.00	44.70	51.00	57.05	64.70	76.25	89.00	128.15	243.80	335.45	
07362587	0302	19900302	20150302	26	81.75	123.55	6.30	608.00		7.14	9.19	11.00	13.40	18.50	20.60	26.45	29.40	31.00	32.00	41.50	50.00	56.60	69.20	106.75	144.40	165.95	206.00	467.30	
07362587	0303	19900303	20150303	26	123.39	242.51	5.50	962.00		6.48	9.00	12.20	17.20	19.75	21.10	24.25	36.60	41.15	44.00	60.45	82.60	91.75	94.90	105.75	111.60	123.40	368.30	943.10	
07362587	0304	19900304	20150304	26	84.55	114.71	5.00	478.00		5.88	7.78	11.05	13.60	16.75	18.10	21.70	31.40	35.15	36.00	56.40	65.20	75.10	78.70	80.75	111.20	172.65	309.40	420.95	
07362587	0305	19900305	20150305	26	83.68	135.55	6.70	626.00		6.84	7.24	9.82	14.00	15.50	16.20	22.05	27.80	29.15	36.50	45.55	48.60	55.55	60.50	64.00	107.20	159.65	296.20	511.55	
07362587	0306	19900306	20150306	26	49.92	46.92	6.00	189.00		6.14	7.94	12.05	13.40	17.75	22.10	23.00	23.80	32.30	35.50	42.10	45.00	46.65	48.90	62.25	84.60	107.80	128.80	176.75	
07362587	0307	19900307	20150307	26	128.96	332.30	5.60	1700.00		5.67	7.76	11.00	11.80	13.75	19.20	24.60	29.00	30.15	33.00	36.70	38.60	53.10	81.00	100.75	124.60	151.05	279.40	1248.85	
07362587	0308	19900308	20150308	26	186.50	598.28	5.40	3080.00		6.55	9.61	12.20	16.80	18.00	24.00	24.90	26.80	32.00	32.50	46.60	52.20	69.80	79.70	89.75	131.60	154.75	274.00	2173.85	
07362587	0309	19900309	20150309	26	101.73	113.30	7.90	467.00		8.32	12.53	17.05	18.80	20.00	26.10	27.00	36.60	43.10	58.50	72.20	84.40	92.75	106.70	165.75	189.60	233.70	278.40	410.30	
07362587	0310	19900310	20150310	26	89.22	112.61	7.40	543.00		8.10	11.22	17.05	19.20	22.50	24.10	25.90	31.00	39.95	52.50	56.55	65.60	95.85	105.30	133.25	146.00	149.90	196.60	446.75	
07362587	0311	19900311	20150311	26	85.89	103.24	6.70	521.00		7.33	13.75	19.05	20.40	21.75	26.30	33.05	39.60	45.45	49.50	70.55	85.00	89.95	102.10	117.50	128.60	150.85	171.40	407.95	
07362587	0312	19900312	20150312	26	109.30	158.87	6.20	762.00		6.72	11.41	17.00	17.00	19.25	21.90	32.25	35.80	42.85	60.00	61.00	67.60	78.95	88.40	135.00	183.00	253.40	288.30	601.35	
07362587	0313	19900313	20150313	26	165.00	324.91	5.90	1230.00		6.32	9.83	14.05	15.40	16.00	19.70	28.70	32.80	43.75	49.00	53.40	70.00	94.95	115.20	137.50	160.60	190.10	671.90	1226.50	
07362587	0314	19900314	20150314	26	87.09	96.77	5.60	382.00		6.12	8.15	14.00	15.20	17.00	22.10	24.80	31.80	38.60	47.00	58.80	72.40	85.30	89.80	130.00	174.40	206.80	236.40	347.70	
07362587	0315	19900315	20150315	26	81.23	101.37	5.40	405.00		5.96	7.42	12.05	13.40	14.75	21.20	23.45	25.60	32.90	39.00	44.25	68.40	83.90	101.90	105.00	118.80	166.85	238.30	386.10	
07362587	0316	19900316	20150316	26	83.35	110.08	5.50	532.00		5.54	6.51	11.05	12.40	17.50	21.60	29.25	32.80	47.10	59.50	66.80	71.80	79.40	84.80	99.25	115.60	133.30	200.40	442.40	
07362587	0317	19900317	20150317	26	57.95	63.73	4.60	318.00		4.84	5.93	9.67	11.80	15.25	18.60	25.35	27.80	30.10	47.50	53.85	57.40	65.05	77.20	80.75	86.60	100.30	111.20	251.50	
07362587	0318	19900318	20150318	26	83.80	110.95	4.90	465.00		5.25	9.47	14.05	15.40	19.75	23.10	27.15	43.80	50.90	58.00	62.55	66.20	67.55	75.20	84.75	105.60	130.05	242.50	442.25	
07362587	0319	19900319	20150319	26	198.84	387.32	5.30	1890.00		5.41	9.38	11.15	16.00	19.75	26.40	40.80	47.00	48.15	51.50	56.55	64.60	98.80	159.10	257.50	289.00	338.70	585.80	1479.10	
07362587	0320	19900320	20150320	26	155.98	352.00	5.20	1580.00		5.24	8.10	9.82	14.80	17.50	30.20	33.35	37.40	41.75	51.00	57.70	64.20	66.65	89.60	107.75	132.80	151.20	463.20	1391.00	
07362587	0321	19900321	20150321	26	99.31	223.95	4.90	1170.00		6.09	8.37	8.73	15.40	19.75	27.00	28.35	32.40	36.45	42.00	55.20	62.20	67.55	77.00	87.00	93.00	108.40	185.80	831.90	
07362587	0322	19900322	20150322	26	64.81	64.31	4.80	251.00		5.71	7.68	14.10	18.40	22.75	25.40	29.00	33.00	41.60	45.00	52.65	59.40	66.50	71.00	81.75	98.40	123.20	166.20	249.25	
07362587	0323	19900323	20150323	26	54.69	65.57	4.60	341.00		5.33	7.33	12.00	14.40	19.50	22.10	25.70	29.00	32.30	36.00	39.70	48.00	58.20	60.90	73.75	89.20	90.00	95.10	256.65	
07362587	0324	19900324	20150324	26	58.63	68.94	4.50	326.00		4.99	6.60	9.49	17.40	22.50	24.10	26.35	30.40	34.30	37.50	39.85	45.60	55.30	62.50	74.50	77.20	78.00	156.70	278.75	
07362587	0325	19900325	20150325	26	50.43	51.74	4.30	235.00		4.69	5.89	9.59	15.40	19.00	21.10	22.45	25.40	28.45	32.00	36.40	45.60	52.55	58.40	60.50	75.20	101.95	127.80	201.40	
07362587	0326	19900326	20150326	26	45.97	42.17	4.10	172.00		4.62	5.60	11.10	14.20	17.50	18.10	19.90	22.60	27.15	29.00	30.85	46.20	47.55	57.90	67.00	79.00	93.55	116.20	155.90	
07362587	0327	19900327	20150327	26	83.87	152.42	4.30	549.00		4.58	5.80	11.10	13.80	15.75	19.10	20.45	22.60	26.15	27.50	33.10	38.40	43.85	49.70	57.50	67.40	79.65	434.50	539.55	
07362587	0328	19900328	20150328	26	70.35	135.52	5.00	694.00		7.10	11.70	12.00	12.40	14.50	19.10	20.00	23.20	26.45	30.50	32.85	35.80	46.85	50.00	59.25	69.60	124.45	169.90	518.65	
07362587	0329	19900329	20150329	26	51.22	56.99	5.60	201.00		7.14	11.40	14.05	15.80	17.00	17.20	20.35	23.60	24.75	29.00	30.70	33.20	42.55	44.80	50.75	84.80	101.70	181.10	200.65	
07362587	0330	19900330	20150330	26	74.06	135.42	6.60	648.00		7.79	10.70	11.10	13.40	14.00	16.40	20.00	20.80	25.15	30.00	34.85	40.60	49.60	65.80	70.25	77.00	110.45	183.40	543.70	
07362587	0331	19900331	20150331	26	108.12	175.19	6.10	671.00		7.15	9.73	12.00	12.40	13.75	16.30	19.00	20.60	21.90	29.00	32.70	38.80	48.60	55.80	93.25	190.00	334.00	433.00	612.20	
07362587	0401	19900401	20150401	26	78.09	158.12	5.20	799.00		6.21	10.13	11.00	11.40	12.00	17.00	17.00	19.40	22.15	25.50	28.00	29.80	37.40	41.90	69.00	127.20	139.90	190.00	598.10	
07362587	0402	19900402	20150402	26	43.46	45.80	4.60	156.00		5.54	8.84	9.62	10.80	14.25	15.20	17.00	17.00	18.30	22.50	27.55	32.20	33.00	42.00	59.00	84.20	108.75	133.30	155.65	
07362587	0403	19900403	20150403	26	50.26	63.36	6.60	278.00		7.26	8.64	9.05	11.20	13.00	14.10	15.00	15.00	22.75	27.50	28.85	34.80	40.20	53.70	63.75	73.20	89.30	159.10	243.00	
07362587	0404	19900404	20150404	26	118.95	262.18	5.90	1200.00		6.74	8.37	11.00	11.40	13.50	20.00	20.90	23.60	25.15	27.50	29.85	33.40	41.05	47.80	63.75	144.60	208.25	367.60	1026.75	
07362587	0405	19900405	20150405	26	86.28	223.07	5.50	1150.00		5.99	7.67	9.86	11.40	14.25	16.10	17.45	19.60	23.15	25.00	28.55	31.00	36.10	37.90	57.00	70.80	126.55	189.90	819.60	
07362587	0406	19900406	20150406	26	44.59	48.99	5.30	184.00		6.11	8.58	9.53	12.00	12.75	16.00	16.90	20.40	22.60	26.00	28.55	29.40	31.55	38.30	47.00	87.20	121.20	130.40	172.10	
07362587	0407	19900407	20150407	26	32.59	27.52	4.70	93.00		5.54	8.85	10.10	12.40	13.00	14.20	16.45	17.80	22.15	23.00	23.85	25.00	29.40	38.40	39.00	60.60	75.95	88.30	91.60	
07362587	0408	19900408	20150408	26	36.84	55.72	5.10	290.00		5.24	6.06	9.01	11.00	11.00	13.10	14.00	17.20	19.15	20.50	21.00	24.00	28.00	34.30	41.50	53.20	58.00	71.90	219.30	
07362587	0409	19900409	20150409	26	31.02	39.27	5.70	169.00		5.80	7.19	8.03	8.72	9.50	11.00	11.45	14.40	15.15	16.50	19.55	22.40	27.30	30.90	38.00	41.60	46.75	77.20	159.90	
07362587	0410	19900410	20150410	26	67.70	97.77	5.20	313.00		5.48	6.42	7.23	8.16	9.53	10.20	12.90	14.00	14.75	19.50	24.25	31.60	34.55	35.90	70.00	169.00	237.25	257.30	296.20	
07362587	0411	19900411	20150411	26	88.44	188.49	4.80	940.00		5.04	7.11	8.91	9.18	11.32	13.10	15.80	21.20	27.00	28.00	30.70	38.20	50.85	57.60	79.75	109.60	129.80	214.90	733.50	
07362587	0412	19900412	20150412	26	97.09	158.43	4.40	585.00		5.38	7.48	8.29	9.94	10.75	19.20	21.90	23.80	27.30	30.00	39.50	54.20	66.70	81.10	88.75	129.40	170.75	391.50	584.65	
07362587	0413	19900413	20150413	26	136.40	343.87	4.10	1760.00		4.97	6.67	7.51	8.26	9.47	17.00	17.90	19.80	24.75	34.00	44.10	55.40	73.65	89.40	102.00	124.80	217.20	333.00	1263.00	
07362587	0414	19900414	20150414	26	106.54	170.37	3.80	640.00		4.61	6.17	6.77	8.10	8.85	13.20	17.70	21.80	32.00	34.00	37.70	61.80	70.10	75.50	102.75	160.20	281.45	402.50	619.35	
07362587	0415	19900415	20150415	26	72.87	85.52	3.50	319.00		4.20	5.64	7.12	7.40	11.60	15.10	18.25	23.40	25.15	34.50	49.80	54.40	58.75	77.20	115.75	168.40	188.45	207.30	289.95	
07362587	0416	19900416	20150416	26	50.90	44.06	3.30	159.00		4.00	5.93	6.96	12.40	14.50	18.00	19.35	26.60	32.90	38.00	39.70	48.80	61.10	71.90	83.75	92.00	116.80	121.80	147.45	
07362587	0417	19900417	20150417	26	38.84	32.03	3.00	122.00		3.70	5.42	6.44	11.40	13.50	15.20	17.45	24.40	28.15	30.00	31.00	36.60	41.20	54.70	60.50	71.60	79.90	88.60	113.25	
07362587	0418	19900418	20150418	26	34.81	29.53	2.70	120.00		3.44	5.01	5.97	9.34	10.60	12.10	14.35	20.80	24.00	27.00	31.70	37.60	40.55	41.90	56.50	59.20	66.65	78.50	109.15	
07362587	0419	19900419	20150419	26	31.34	34.35	2.50	157.00		3.27	5.19	5.51	7.88	8.75	10.10	11.45	15.20	20.00	22.00	24.85	26.60	30.10	31.90	41.25	46.20	57.55	78.30	137.05	
07362587	0420	19900420	20150420	26	43.95	55.75	5.00	268.00		5.49	7.17	7.96	9.16	9.62	10.11	13.80	16.80	17.45	21.50	24.70	32.20	39.05	55.70	68.75	77.00	82.80	100.10	215.85	
07362587	0421	19900421	20150421	26	59.90	90.25	4.70	391.00		4.98	6.34	7.62	8.16	8.47	10.40	14.00	14.00	19.00	23.00	27.00	46.20	49.75	56.50	61.75	69.40	117.65	221.10	338.15	
07362587	0422	19900422	20150422	26	110.79	277.59	4.50	1260.00		4.57	5.68	6.72	7.18	7.45	8.04	12.00	13.60	16.50	25.50	27.70	40.00	41.10	45.60	48.50	70.40	134.35	359.80	1086.05	
07362587	0423	19900423	20150423	26	45.81	63.62	3.90	249.00		4.11	4.99	5.46	6.70	8.20	9.11	11.00	12.60	14.45	18.50	22.55	28.60	36.10	45.10	52.50	63.00	99.20	178.20	227.65	
07362587	0424	19900424	20150424	26	48.18	55.09	3.40	224.00		3.82	6.14	7.01	7.76	8.90	13.30	16.90	18.80	19.60	24.50	28.55	39.20	49.65	58.20	77.25	84.60	91.65	129.60	208.60	
07362587	0425	19900425	20150425	26	146.46	313.61	3.10	1430.00		3.38	5.30	6.32	7.24	10.30	11.30	14.90	21.60	26.15	29.50	38.80	40.20	49.80	66.00	72.00	132.00	419.75	554.60	1173.10	
07362587	0426	19900426	20150426	26	79.61	146.64	3.40	716.00		4.10	5.54	6.01	8.48	9.28	11.30	14.00	16.40	22.75	27.00	30.40	39.80	50.15	69.50	83.25	111.00	164.60	216.40	565.15	
07362587	0427	19900427	20150427	26	216.10	592.77	3.10	2990.00		3.59	6.39	7.41	7.68	9.00	10.64	20.00	23.20	27.60	33.00	42.65	72.80	78.20	90.80	102.50	171.20	396.40	550.90	2210.55	
07362587	0428	19900428	20150428	26	88.77	165.19	2.80	789.00		3.01	5.36	6.50	6.94	7.60	9.87	15.00	19.00	23.30	25.50	26.85	46.80	58.95	73.80	99.00	123.60	151.75	266.60	640.95	
07362587	0429	19900429	20150429	26	120.40	271.81	2.60	1220.00		2.74	4.40	5.63	6.34	6.40	11.10	12.00	16.00	18.45	24.50	35.65	51.80	56.10	79.50	96.25	113.80	132.40	405.30	1064.95	
07362587	0430	19900430	20150430	26	71.80	115.75	2.40	455.00		2.58	3.74	5.22	5.64	8.18	9.60	16.35	18.80	23.05	30.00	33.55	36.80	43.30	56.80	65.00	78.80	163.60	299.80	421.75	
07362587	0501	19900501	20150501	26	149.19	539.15	2.20	2780.00		2.34	3.09	5.11	6.06	7.28	8.31	13.35	17.40	19.00	20.00	21.85	27.80	38.85	53.70	90.00	108.60	123.45	164.30	1877.00	
07362587	0502	19900502	20150502	26	151.38	338.59	2.00	1290.00		2.10	2.58	4.51	5.36	6.28	11.30	15.35	17.00	20.15	23.50	30.25	34.60	42.10	50.20	79.50	97.80	156.20	929.20	1167.15	
07362587	0503	19900503	20150503	26	104.80	206.96	1.80	881.00		1.91	2.31	4.04	5.60	7.70	10.20	14.25	19.40	22.00	22.50	28.95	41.40	47.00	63.20	83.50	99.40	235.05	413.20	786.85	
07362587	0504	19900504	20150504	26	46.12	63.06	1.60	227.00		1.74	2.00	3.85	5.96	8.90	14.20	16.45	17.00	19.00	19.50	20.00	22.60	26.65	46.00	54.50	68.00	117.50	173.40	222.45	
07362587	0505	19900505	20150505	26	35.29	41.55	1.40	157.00		1.54	1.87	3.45	5.00	8.82	13.00	13.45	14.80	16.00	16.50	17.00	22.20	32.10	34.80	45.75	69.00	83.95	115.20	143.35	
07362587	0506	19900506	20150506	26	94.69	360.81	1.20	1860.00		1.38	1.84	3.15	4.42	9.47	11.10	12.00	12.80	14.00	14.00	15.70	19.60	24.20	35.00	40.00	52.60	69.55	76.20	1236.65	
07362587	0507	19900507	20150507	26	66.30	171.39	1.10	843.00		1.27	2.09	2.84	3.94	7.60	8.96	10.18	11.00	11.15	12.50	13.00	17.00	20.30	26.60	37.75	47.80	66.10	219.80	653.30	
07362587	0508	19900508	20150508	26	57.24	172.73	0.98	887.00		1.16	2.48	3.32	5.34	8.03	8.24	9.01	9.74	9.90	9.95	11.70	15.00	16.10	21.50	24.50	33.80	84.40	118.20	626.25	
07362587	0509	19900509	20150509	26	32.66	49.28	0.89	218.00		1.07	2.80	3.81	6.02	6.88	7.36	8.04	8.76	9.64	11.50	12.85	16.00	20.40	24.90	34.25	60.20	79.45	104.60	183.70	
07362587	0510	19900510	20150510	26	67.30	151.39	0.81	725.00		0.98	2.35	3.62	4.90	7.08	7.51	7.64	8.82	10.06	11.00	11.85	20.80	38.05	43.90	49.50	58.80	95.35	247.50	576.25	
07362587	0511	19900511	20150511	26	98.42	266.42	0.77	1330.00		0.92	2.11	3.62	6.04	6.40	6.85	7.88	8.76	9.43	13.00	13.00	17.20	30.55	31.00	41.50	96.40	198.85	265.40	998.55	
07362587	0512	19900512	20150512	26	44.98	63.80	0.99	231.00		1.03	2.15	3.38	5.16	5.55	5.81	7.83	9.66	11.30	15.50	18.85	22.40	30.75	42.90	50.00	90.80	127.85	171.90	213.50	
07362587	0513	19900513	20150513	26	107.22	235.70	0.93	1080.00		0.94	2.04	3.06	4.22	4.70	5.06	6.50	7.92	9.52	14.50	21.95	33.20	52.70	75.20	95.50	142.60	177.25	347.80	915.85	
07362587	0514	19900514	20150514	26	65.93	123.84	0.85	477.00		0.85	1.87	2.91	3.38	4.10	4.60	5.09	5.86	8.55	13.50	17.85	20.40	38.10	51.60	57.75	69.00	132.75	315.60	445.50	
07362587	0515	19900515	20150515	26	33.03	50.66	0.78	195.00		0.79	1.71	2.46	3.54	3.90	4.12	4.39	7.54	8.88	11.00	13.55	18.40	26.60	32.00	34.50	49.20	73.20	127.90	184.50	
07362587	0516	19900516	20150516	26	39.73	90.38	0.72	459.00		0.72	1.55	2.06	3.18	3.45	3.70	3.75	6.36	8.64	13.50	17.85	19.20	22.75	25.90	29.25	47.40	74.85	97.30	337.55	
07362587	0517	19900517	20150517	26	54.02	115.58	0.61	488.00		0.65	1.48	1.93	2.58	2.92	3.54	5.25	6.44	8.73	14.00	14.85	19.00	19.55	20.90	33.50	68.60	69.95	224.80	441.45	
07362587	0518	19900518	20150518	26	38.82	59.24	0.52	175.00		0.59	1.41	1.81	2.12	2.60	3.21	4.51	5.06	6.36	9.75	12.55	15.00	15.55	25.90	52.75	83.20	157.00	162.30	170.80	
07362587	0519	19900519	20150519	26	52.71	144.80	0.43	743.00		0.61	1.41	1.62	2.22	3.00	3.74	4.10	4.58	7.88	10.00	10.00	12.80	26.05	32.80	40.50	64.80	86.35	100.70	527.75	
07362587	0520	19900520	20150520	26	71.00	167.25	0.39	752.00		0.59	1.27	1.84	2.80	3.17	3.60	5.26	6.44	7.91	11.05	18.95	26.60	30.10	44.50	49.00	58.00	74.25	264.30	650.15	
07362587	0521	19900521	20150521	26	51.33	88.13	0.30	394.00		0.49	1.16	1.65	2.76	4.28	5.24	5.78	7.44	9.24	11.75	19.10	28.80	37.10	38.90	48.75	91.80	126.00	172.40	328.20	
07362587	0522	19900522	20150522	26	38.61	55.52	0.21	206.00		0.41	1.07	1.45	2.62	3.92	4.72	5.04	6.24	7.71	12.50	16.70	20.00	29.65	34.60	55.00	75.40	106.10	146.00	187.45	
07362587	0523	19900523	20150523	26	29.18	51.90	0.15	251.00		0.48	1.24	1.52	2.48	3.42	3.83	4.19	5.26	5.92	9.35	13.55	16.40	23.65	25.00	27.00	49.80	67.75	78.30	195.70	
07362587	0524	19900524	20150524	26	69.32	193.79	0.43	849.00		0.66	1.10	1.32	2.04	2.70	3.32	3.59	4.58	5.04	7.05	8.97	15.80	19.55	20.90	27.25	38.20	68.45	229.40	751.70	
07362587	0525	19900525	20150525	26	57.41	148.87	1.00	724.00		1.03	1.10	1.61	2.14	2.73	3.04	3.76	4.20	4.89	6.50	12.19	15.40	17.55	18.90	23.25	38.40	120.20	190.10	563.35	
07362587	0526	19900526	20150526	26	40.14	97.31	0.90	470.00		0.92	1.27	2.20	2.28	2.40	3.04	3.58	4.28	4.82	5.90	10.29	12.20	13.00	15.70	20.50	41.80	73.60	127.50	373.40	
07362587	0527	19900527	20150527	26	25.24	39.10	0.83	150.00		0.84	1.10	1.53	2.26	2.73	3.34	3.92	4.84	6.33	7.85	8.44	10.00	11.65	22.00	35.00	48.80	61.40	91.40	141.25	
07362587	0528	19900528	20150528	26	29.93	47.34	0.78	162.00		0.82	1.04	1.42	1.98	2.55	3.79	5.86	7.18	8.03	8.40	8.86	9.76	13.30	25.90	30.25	51.40	80.10	139.30	154.30	
07362587	0529	19900529	20150529	26	20.82	26.76	0.74	92.00		0.87	1.24	1.35	2.40	2.48	3.11	5.09	5.36	6.42	6.90	7.38	8.60	14.65	25.00	37.25	44.60	62.10	69.80	85.70	
07362587	0530	19900530	20150530	26	91.88	335.17	0.71	1720.00		0.88	1.27	1.52	2.08	2.58	2.96	4.13	4.98	5.13	5.90	9.47	17.00	22.65	24.00	32.00	52.40	72.45	148.20	1188.00	
07362587	0531	19900531	20150531	26	52.70	118.10	0.65	568.00		0.84	1.27	1.42	1.84	2.27	2.73	3.31	4.58	5.10	5.55	7.36	9.88	16.10	25.10	49.50	90.00	98.75	180.00	439.55	
07362587	0601	19900601	20150601	26	75.13	249.16	0.57	1280.00		0.76	1.17	1.20	1.48	2.05	2.72	3.35	3.90	4.29	5.45	5.84	10.04	15.40	21.70	60.00	75.00	97.15	129.50	881.00	
07362587	0602	19900602	20150602	26	34.08	62.53	0.50	309.00		0.65	1.05	1.23	1.94	2.90	3.22	3.67	4.56	5.17	6.60	7.70	17.60	31.30	50.20	52.75	55.60	65.50	79.70	233.40	
07362587	0603	19900603	20150603	26	34.01	49.81	0.42	202.00		0.56	0.90	1.13	2.02	2.65	3.00	3.04	3.74	4.65	8.75	22.20	28.20	33.55	39.40	44.50	56.80	67.70	125.10	179.25	
07362587	0604	19900604	20150604	26	32.45	78.41	0.61	404.00		0.65	0.80	0.96	1.86	2.55	2.61	2.92	4.00	5.30	12.00	18.10	20.60	23.55	27.60	28.00	33.40	37.95	69.20	290.25	
07362587	0605	19900605	20150605	26	21.90	52.30	0.61	271.00		0.62	0.69	0.84	1.68	2.17	2.53	2.98	3.52	4.80	9.95	11.70	15.00	15.55	17.80	19.25	23.00	27.85	40.20	193.65	
07362587	0606	19900606	20150606	26	14.30	22.48	0.47	103.00		0.49	0.69	0.83	1.48	1.98	2.21	2.52	3.36	4.00	7.35	8.07	10.20	12.10	14.80	17.00	20.60	22.90	42.10	88.30	
07362587	0607	19900607	20150607	26	21.14	52.55	0.36	268.00		0.38	0.72	1.00	1.30	1.75	2.01	2.19	2.70	3.62	5.85	6.97	7.46	10.62	16.60	18.75	22.20	24.90	54.10	194.85	
07362587	0608	19900608	20150608	26	33.13	119.01	0.25	612.00		0.29	0.68	0.97	1.15	1.70	1.81	1.94	2.16	3.27	4.70	5.29	5.60	8.04	11.77	14.00	17.60	30.35	46.70	421.25	
07362587	0609	19900609	20150609	26	47.59	202.65	0.12	1040.00		0.19	0.62	0.84	1.22	1.55	1.80	1.80	2.28	3.00	3.75	4.16	5.82	8.89	9.97	12.50	18.20	22.90	30.20	690.00	
07362587	0610	19900610	20150610	26	18.77	49.60	0.02	253.00		0.12	0.51	0.68	1.44	1.50	1.75	2.20	2.20	2.99	3.60	4.63	6.76	8.80	10.83	15.25	19.60	26.75	39.70	185.45	
07362587	0611	19900611	20150611	26	37.52	73.79	0.00	299.00		0.16	0.48	0.78	1.24	1.45	1.64	2.04	2.74	3.23	4.90	5.72	7.34	9.96	12.80	17.25	83.40	127.95	151.40	254.20	
07362587	0612	19900612	20150612	26	90.32	382.23	0.01	1960.00		0.12	0.37	0.62	1.18	1.30	1.51	1.69	2.20	2.87	4.85	5.47	6.92	7.84	11.62	15.00	43.80	61.95	80.30	1307.25	
07362587	0613	19900613	20150613	26	17.97	37.37	0.00	173.00		0.05	0.24	0.61	1.04	1.18	1.51	1.60	1.84	2.29	3.95	4.17	5.40	7.54	10.83	18.25	24.40	36.45	59.20	143.95	
07362587	0614	19900614	20150614	26	22.17	47.94	0.00	229.00		0.01	0.12	0.51	0.92	1.15	1.50	1.64	2.76	3.50	4.15	4.29	4.84	7.83	10.75	19.00	34.00	49.30	75.10	179.30	
07362587	0615	19900615	20150615	26	29.57	92.37	0.00	470.00		0.00	0.06	0.40	0.78	1.12	1.22	1.49	2.72	3.42	3.50	3.84	5.40	6.99	15.13	19.00	20.80	22.95	70.00	339.80	
07362587	0616	19900616	20150616	26	20.27	52.69	0.00	251.00		0.00	0.01	0.57	0.88	1.40	1.85	2.44	2.92	3.02	3.40	4.04	4.52	5.40	6.30	13.50	15.60	16.95	69.80	203.75	
07362587	0617	19900617	20150617	26	29.18	76.98	0.00	286.00		0.05	0.14	0.46	0.76	1.29	1.60	2.59	3.02	3.21	3.60	4.41	4.54	4.81	7.96	9.22	11.76	27.25	139.40	285.65	
07362587	0618	19900618	20150618	26	33.82	103.60	0.00	512.00		0.05	0.29	0.45	0.65	0.96	1.42	2.63	3.04	3.12	3.25	3.38	3.72	4.90	6.43	7.70	15.20	35.10	110.20	389.50	
07362587	0619	19900619	20150619	26	34.21	82.93	0.00	310.00		0.00	0.19	0.37	0.69	0.71	1.20	2.23	2.40	2.42	2.50	2.50	2.98	3.69	4.27	5.90	18.32	60.15	206.40	292.85	
07362587	0620	19900620	20150620	26	23.88	67.99	0.00	326.00		0.00	0.15	0.23	0.54	0.58	1.02	1.67	2.00	2.02	2.20	2.47	2.66	2.96	3.00	4.95	11.04	25.40	107.30	249.70	
07362587	0621	19900621	20150621	26	23.94	82.49	0.00	416.00		0.00	0.08	0.21	0.39	0.45	0.91	1.29	1.78	1.83	2.05	2.10	2.20	2.25	2.66	4.47	7.94	13.78	68.30	301.90	
07362587	0622	19900622	20150622	26	15.75	53.84	0.00	274.00		0.00	0.01	0.16	0.27	0.36	0.79	1.15	1.48	1.61	1.70	1.79	2.02	2.27	3.39	5.20	7.18	9.88	40.00	194.55	
07362587	0623	19900623	20150623	26	8.91	24.79	0.00	125.00		0.00	0.07	0.15	0.23	0.26	0.93	0.99	1.32	1.40	1.45	1.67	1.92	2.66	3.56	4.50	6.42	13.66	26.20	91.40	
07362587	0624	19900624	20150624	26	6.06	15.10	0.00	76.00		0.00	0.02	0.13	0.19	0.24	0.65	0.82	1.13	1.20	1.25	1.47	1.88	3.13	4.26	4.58	6.12	6.70	17.90	56.40	
07362587	0625	19900625	20150625	26	4.33	9.75	0.00	49.00		0.00	0.00	0.12	0.22	0.30	0.39	0.71	0.94	1.01	1.15	1.62	2.24	2.91	3.18	3.52	4.32	5.92	12.60	36.75	
07362587	0626	19900626	20150626	26	9.23	30.51	0.00	155.00		0.00	0.00	0.10	0.16	0.27	0.36	0.59	0.78	0.81	0.99	1.61	1.80	2.42	2.87	3.23	6.18	8.38	17.90	112.65	
07362587	0627	19900627	20150627	26	6.60	15.89	0.00	70.00		0.00	0.00	0.09	0.09	0.20	0.30	0.43	0.65	0.70	0.86	1.43	1.72	1.85	2.17	2.75	5.00	8.68	30.10	60.20	
07362587	0628	19900628	20150628	26	4.05	7.66	0.00	28.00		0.00	0.03	0.06	0.08	0.12	0.29	0.34	0.53	0.66	0.81	1.16	1.50	1.90	2.62	3.48	4.60	7.66	21.20	26.60	
07362587	0629	19900629	20150629	26	6.19	13.72	0.00	62.00		0.00	0.00	0.06	0.10	0.18	0.21	0.27	0.54	0.65	0.91	0.95	1.28	1.71	2.16	5.33	10.08	11.95	21.70	52.55	
07362587	0630	19900630	20150630	26	8.43	16.95	0.00	75.00		0.00	0.00	0.03	0.09	0.17	0.32	0.52	0.75	0.83	1.25	1.58	2.02	4.01	6.49	8.22	9.92	19.55	36.30	61.70	
07362587	0701	19900701	20150701	26	5.22	9.10	0.00	40.00		0.00	0.00	0.00	0.09	0.15	0.21	0.41	0.59	0.69	1.14	1.56	3.36	5.20	5.29	6.05	8.06	9.96	17.30	34.75	
07362587	0702	19900702	20150702	26	3.82	6.21	0.00	27.00		0.00	0.00	0.00	0.08	0.13	0.20	0.31	0.44	0.57	1.13	1.39	2.54	3.14	3.68	4.70	6.56	10.82	12.20	22.80	
07362587	0703	19900703	20150703	26	6.14	14.90	0.00	72.00		0.00	0.00	0.00	0.07	0.10	0.15	0.23	0.36	0.52	1.25	1.81	1.94	2.32	2.77	3.83	6.60	8.14	23.60	55.55	
07362587	0704	19900704	20150704	26	7.33	20.45	0.00	99.00		0.00	0.00	0.04	0.08	0.17	0.24	0.30	0.32	0.46	1.25	1.56	1.80	1.85	2.17	3.17	5.56	6.39	24.60	78.35	
07362587	0705	19900705	20150705	26	6.10	11.53	0.00	41.00		0.00	0.01	0.05	0.06	0.08	0.17	0.37	0.54	1.22	1.35	1.48	1.56	2.35	3.52	4.85	8.00	15.70	30.30	39.95	
07362587	0706	19900706	20150706	26	3.97	7.06	0.00	27.00		0.00	0.00	0.00	0.03	0.05	0.13	0.41	0.65	1.03	1.25	1.39	1.50	2.27	2.90	3.62	6.16	9.60	15.60	25.95	
07362587	0707	19900707	20150707	26	2.63	4.59	0.00	18.00		0.00	0.00	0.00	0.02	0.04	0.13	0.38	0.57	0.92	1.05	1.10	1.30	1.41	2.31	2.75	4.04	4.79	9.63	17.30	
07362587	0708	19900708	20150708	26	8.43	33.13	0.00	170.00		0.00	0.00	0.00	0.00	0.02	0.09	0.30	0.46	0.59	0.88	1.07	1.12	1.48	1.88	2.50	3.16	5.03	11.90	115.40	
07362587	0709	19900709	20150709	26	7.66	24.73	0.00	117.00		0.00	0.00	0.00	0.00	0.01	0.06	0.22	0.30	0.42	0.77	0.95	1.12	1.25	1.39	1.75	2.62	3.67	22.10	95.30	
07362587	0710	19900710	20150710	26	8.18	29.76	0.00	151.00		0.00	0.00	0.00	0.00	0.01	0.04	0.19	0.32	0.46	0.86	0.93	0.96	1.27	1.58	2.92	3.96	5.17	13.50	109.00	
07362587	0711	19900711	20150711	26	5.95	20.94	0.00	107.00		0.00	0.00	0.00	0.00	0.00	0.05	0.15	0.27	0.38	0.65	0.76	1.00	1.20	1.92	2.67	3.38	4.75	10.51	75.85	
07362587	0712	19900712	20150712	26	2.82	8.01	0.00	40.00		0.00	0.00	0.00	0.01	0.05	0.08	0.19	0.31	0.35	0.43	0.62	0.90	0.99	1.45	1.90	2.38	2.79	6.63	30.55	
07362587	0713	19900713	20150713	26	3.54	9.05	0.00	42.00		0.00	0.00	0.00	0.00	0.04	0.07	0.17	0.30	0.35	0.46	0.50	0.79	1.13	1.39	2.20	2.98	4.06	12.90	35.00	
07362587	0714	19900714	20150714	26	5.55	12.32	0.00	47.00		0.00	0.00	0.00	0.00	0.02	0.17	0.24	0.36	0.39	0.45	0.55	0.80	1.15	1.66	2.27	5.20	14.59	28.50	44.20	
07362587	0715	19900715	20150715	26	19.44	86.69	0.00	444.00		0.00	0.00	0.00	0.00	0.06	0.11	0.30	0.36	0.46	0.47	0.82	1.16	1.46	1.86	3.25	6.04	9.64	13.20	294.20	
07362587	0716	19900716	20150716	26	5.50	20.45	0.00	105.00		0.00	0.00	0.00	0.00	0.01	0.09	0.20	0.26	0.42	0.62	0.90	1.00	1.17	1.30	1.98	2.92	3.95	9.26	71.54	
07362587	0717	19900717	20150717	26	3.61	8.22	0.00	38.00		0.00	0.00	0.00	0.00	0.00	0.06	0.11	0.20	0.36	0.51	0.72	0.83	0.93	1.09	1.68	5.14	8.49	14.60	30.30	
07362587	0718	19900718	20150718	26	3.25	6.78	0.00	23.00		0.00	0.00	0.00	0.00	0.00	0.01	0.05	0.17	0.27	0.36	0.58	0.67	0.86	0.97	1.50	3.90	7.56	19.60	22.30	
07362587	0719	19900719	20150719	26	3.47	8.90	0.00	42.00		0.00	0.00	0.00	0.00	0.01	0.02	0.09	0.20	0.24	0.38	0.53	0.64	0.83	0.99	1.68	3.10	4.66	14.90	33.25	
07362587	0720	19900720	20150720	26	2.14	4.10	0.00	13.00		0.00	0.00	0.00	0.00	0.00	0.02	0.03	0.13	0.19	0.26	0.33	0.47	0.71	0.89	1.52	2.80	9.02	10.69	13.00	
07362587	0721	19900721	20150721	26	3.87	10.93	0.00	55.00		0.00	0.00	0.00	0.00	0.00	0.00	0.02	0.13	0.15	0.19	0.28	0.50	0.60	0.81	2.62	5.94	7.84	10.16	39.60	
07362587	0722	19900722	20150722	26	2.62	5.94	0.00	27.00		0.00	0.00	0.00	0.00	0.00	0.00	0.03	0.12	0.15	0.17	0.18	0.49	0.51	0.66	2.52	4.52	5.59	9.52	22.45	
07362587	0723	19900723	20150723	26	4.32	12.63	0.00	61.00		0.00	0.00	0.00	0.00	0.00	0.01	0.06	0.14	0.16	0.17	0.29	0.38	0.41	1.48	2.17	4.20	4.59	13.10	48.40	
07362587	0724	19900724	20150724	26	6.46	22.31	0.00	114.00		0.00	0.00	0.00	0.00	0.00	0.00	0.05	0.07	0.13	0.15	0.21	0.30	0.91	3.20	3.90	5.10	6.92	11.70	80.40	
07362587	0725	19900725	20150725	26	3.19	8.93	0.00	45.00		0.00	0.00	0.00	0.00	0.00	0.00	0.01	0.04	0.10	0.12	0.15	0.33	1.01	1.38	3.45	3.90	5.62	7.50	33.10	
07362587	0726	19900726	20150726	26	2.03	5.22	0.00	26.00		0.00	0.00	0.00	0.00	0.00	0.00	0.00	0.04	0.07	0.09	0.14	0.21	0.48	1.22	2.62	3.18	3.40	5.35	19.39	
07362587	0727	19900727	20150727	26	2.77	7.08	0.00	33.00		0.00	0.00	0.00	0.00	0.00	0.00	0.00	0.00	0.03	0.08	0.12	0.31	0.90	1.74	2.73	2.98	3.58	9.16	27.40	
07362587	0728	19900728	20150728	26	1.71	3.43	0.00	13.00		0.00	0.00	0.00	0.00	0.00	0.00	0.00	0.00	0.02	0.05	0.10	0.32	0.96	1.58	2.33	2.58	2.98	7.10	12.65	
07362587	0729	19900729	20150729	26	3.09	10.57	0.00	54.00		0.00	0.00	0.00	0.00	0.00	0.00	0.00	0.00	0.01	0.10	0.15	0.25	0.92	1.40	2.10	2.28	2.40	6.15	38.11	
07362587	0730	19900730	20150730	26	4.50	13.26	0.00	66.00		0.00	0.00	0.00	0.00	0.00	0.00	0.00	0.00	0.01	0.11	0.20	0.26	1.11	2.07	2.20	3.22	6.75	14.90	48.85	
07362587	0731	19900731	20150731	26	4.60	13.96	0.00	71.00		0.00	0.00	0.00	0.00	0.00	0.00	0.00	0.00	0.00	0.06	0.20	0.58	1.77	1.99	2.25	5.76	8.93	10.16	50.00	
07362587	0801	19900801	20150801	26	2.70	7.66	0.00	39.00		0.00	0.00	0.00	0.00	0.00	0.00	0.00	0.00	0.00	0.06	0.15	0.80	1.56	1.79	2.05	3.10	4.55	6.27	27.77	
07362587	0802	19900802	20150802	26	2.10	6.27	0.00	32.00		0.00	0.00	0.00	0.00	0.00	0.00	0.00	0.00	0.00	0.04	0.11	0.50	1.31	1.58	1.62	1.76	3.13	4.51	22.80	
07362587	0803	19900803	20150803	26	1.31	3.01	0.00	15.00		0.00	0.00	0.00	0.00	0.00	0.00	0.00	0.00	0.01	0.12	0.23	0.81	1.17	1.30	1.40	1.40	2.35	3.56	11.29	
07362587	0804	19900804	20150804	26	1.15	2.23	0.00	9.00		0.00	0.00	0.00	0.00	0.00	0.00	0.00	0.00	0.04	0.18	0.48	0.81	0.90	1.08	1.12	1.26	1.96	4.64	8.40	
07362587	0805	19900805	20150805	26	1.40	3.13	0.00	15.00		0.00	0.00	0.00	0.00	0.00	0.00	0.00	0.00	0.01	0.18	0.37	0.88	0.88	0.93	1.20	1.74	2.66	4.37	11.99	
07362587	0806	19900806	20150806	26	1.26	2.67	0.00	12.00		0.00	0.00	0.00	0.00	0.00	0.00	0.00	0.00	0.00	0.12	0.28	0.59	0.74	0.76	1.07	1.60	2.17	5.44	9.90	
07362587	0807	19900807	20150807	26	0.89	1.70	0.00	7.40		0.00	0.00	0.00	0.00	0.00	0.00	0.00	0.00	0.00	0.07	0.21	0.48	0.59	0.73	0.94	1.46	1.79	3.53	6.32	
07362587	0808	19900808	20150808	26	0.74	1.31	0.00	5.30		0.00	0.00	0.00	0.00	0.00	0.00	0.00	0.00	0.00	0.05	0.17	0.43	0.45	0.54	1.23	1.30	1.58	2.93	4.74	
07362587	0809	19900809	20150809	26	0.68	1.13	0.00	3.80		0.00	0.00	0.00	0.00	0.00	0.00	0.00	0.00	0.00	0.04	0.10	0.31	0.34	0.38	1.12	1.44	2.27	2.95	3.62	
07362587	0810	19900810	20150810	26	0.58	1.02	0.00	3.60		0.00	0.00	0.00	0.00	0.00	0.00	0.00	0.00	0.00	0.05	0.11	0.18	0.22	0.46	0.82	1.06	2.05	2.55	3.35	
07362587	0811	19900811	20150811	26	3.33	13.84	0.00	71.00		0.00	0.00	0.00	0.00	0.00	0.00	0.00	0.06	0.11	0.12	0.26	0.31	0.43	0.63	1.07	1.66	2.66	2.98	47.34	
07362587	0812	19900812	20150812	26	3.72	13.27	0.00	68.00		0.00	0.00	0.00	0.00	0.00	0.00	0.00	0.00	0.08	0.15	0.43	0.81	0.92	1.45	1.90	2.32	3.35	5.93	47.52	
07362587	0813	19900813	20150813	26	21.23	99.41	0.00	508.00		0.00	0.00	0.00	0.00	0.00	0.00	0.00	0.00	0.08	0.08	0.39	0.76	1.11	1.56	1.75	2.56	2.80	10.18	339.30	
07362587	0814	19900814	20150814	26	3.79	13.16	0.00	66.00		0.00	0.00	0.00	0.00	0.00	0.00	0.00	0.00	0.03	0.26	0.57	0.77	1.05	1.28	1.43	1.86	2.00	7.08	49.20	
07362587	0815	19900815	20150815	26	1.68	4.38	0.00	22.00		0.00	0.00	0.00	0.00	0.00	0.00	0.00	0.00	0.12	0.42	0.85	0.94	0.98	1.09	1.20	1.68	1.99	3.97	16.64	
07362587	0816	19900816	20150816	26	1.37	2.96	0.00	11.00		0.00	0.00	0.00	0.00	0.00	0.00	0.00	0.00	0.09	0.28	0.40	0.75	0.83	0.92	0.99	1.46	1.70	6.03	11.00	
07362587	0817	19900817	20150817	26	0.85	1.59	0.00	6.90		0.00	0.00	0.00	0.00	0.00	0.00	0.00	0.00	0.02	0.16	0.34	0.63	0.74	0.75	0.78	1.16	1.69	3.18	5.99	
07362587	0818	19900818	20150818	26	3.08	10.64	0.00	54.00		0.00	0.00	0.00	0.00	0.00	0.00	0.00	0.00	0.07	0.23	0.38	0.55	0.61	0.69	0.89	1.72	2.57	6.80	38.95	
07362587	0819	19900819	20150819	26	12.88	46.22	0.00	217.00		0.00	0.00	0.00	0.00	0.00	0.00	0.00	0.00	0.06	0.28	0.46	0.50	0.56	0.71	1.27	1.80	2.67	33.77	177.10	
07362587	0820	19900820	20150820	26	15.70	47.28	0.00	211.00		0.00	0.00	0.00	0.00	0.00	0.00	0.00	0.00	0.06	0.18	0.21	0.40	0.55	1.05	1.10	1.28	3.30	88.90	173.90	
07362587	0821	19900821	20150821	26	21.33	83.79	0.00	424.00		0.00	0.00	0.00	0.00	0.00	0.00	0.00	0.00	0.02	0.14	0.17	0.28	0.36	0.73	0.87	1.30	2.92	58.20	299.40	
07362587	0822	19900822	20150822	26	5.58	19.61	0.00	98.00		0.00	0.00	0.00	0.00	0.00	0.00	0.00	0.00	0.02	0.12	0.16	0.21	0.36	0.60	0.72	1.07	2.44	19.20	71.40	
07362587	0823	19900823	20150823	26	3.11	10.40	0.00	52.00		0.00	0.00	0.00	0.00	0.00	0.00	0.00	0.00	0.09	0.10	0.21	0.28	0.42	0.54	0.77	1.00	2.05	10.60	38.00	
07362587	0824	19900824	20150824	26	1.99	6.25	0.00	31.00		0.00	0.00	0.00	0.00	0.00	0.00	0.00	0.00	0.07	0.07	0.16	0.26	0.34	0.41	0.53	0.85	2.04	7.15	23.02	
07362587	0825	19900825	20150825	26	1.83	4.37	0.00	18.00		0.00	0.00	0.00	0.00	0.00	0.00	0.00	0.00	0.04	0.09	0.14	0.15	0.26	0.52	0.72	1.74	4.78	8.31	16.25	
07362587	0826	19900826	20150826	26	1.13	2.41	0.00	9.80		0.00	0.00	0.00	0.00	0.00	0.00	0.00	0.00	0.00	0.03	0.04	0.14	0.23	0.44	0.66	1.47	3.90	5.34	8.44	
07362587	0827	19900827	20150827	26	0.91	1.66	0.00	6.20		0.00	0.00	0.00	0.00	0.00	0.00	0.00	0.00	0.00	0.00	0.02	0.11	0.38	0.54	0.92	2.18	3.17	3.81	5.54	
07362587	0828	19900828	20150828	26	0.76	1.34	0.00	4.50		0.00	0.00	0.00	0.00	0.00	0.00	0.00	0.00	0.00	0.01	0.07	0.14	0.25	0.46	0.86	1.96	2.87	3.17	4.25	
07362587	0829	19900829	20150829	26	0.61	1.08	0.00	3.60		0.00	0.00	0.00	0.00	0.00	0.00	0.00	0.00	0.00	0.00	0.08	0.11	0.20	0.48	0.77	1.46	1.59	2.80	3.56	
07362587	0830	19900830	20150830	26	0.74	1.39	0.00	4.90		0.00	0.00	0.00	0.00	0.00	0.00	0.00	0.00	0.00	0.00	0.03	0.10	0.30	0.49	1.12	1.20	2.06	3.52	4.76	
07362587	0831	19900831	20150831	26	0.84	1.78	0.00	8.00		0.00	0.00	0.00	0.00	0.00	0.00	0.00	0.00	0.00	0.01	0.04	0.15	0.34	0.76	0.93	1.06	2.33	3.23	6.60	
07362587	0901	19900901	20150901	26	2.32	8.11	0.00	41.00		0.00	0.00	0.00	0.00	0.00	0.00	0.00	0.00	0.00	0.01	0.06	0.17	0.37	0.66	0.80	1.06	2.52	4.94	29.80	
07362587	0902	19900902	20150902	26	29.35	143.15	0.00	731.00		0.00	0.00	0.00	0.00	0.00	0.00	0.00	0.00	0.00	0.01	0.03	0.20	0.59	0.74	0.79	0.89	2.33	11.90	480.05	
07362587	0903	19900903	20150903	26	255.44	1298.12	0.00	6620.00		0.00	0.00	0.00	0.00	0.00	0.00	0.00	0.00	0.00	0.01	0.06	0.47	0.54	0.71	0.81	1.20	2.16	6.31	4305.87	
07362587	0904	19900904	20150904	26	35.48	177.56	0.00	906.00		0.00	0.00	0.00	0.00	0.00	0.00	0.00	0.00	0.00	0.01	0.04	0.39	0.44	0.64	0.88	1.24	2.06	4.13	590.86	
07362587	0905	19900905	20150905	26	8.04	33.60	0.00	171.00		0.00	0.00	0.00	0.00	0.00	0.00	0.00	0.00	0.00	0.00	0.03	0.30	0.36	0.55	0.64	1.49	2.57	11.35	119.90	
07362587	0906	19900906	20150906	26	8.25	26.08	0.00	102.00		0.00	0.00	0.00	0.00	0.00	0.00	0.00	0.00	0.00	0.00	0.14	0.24	0.32	0.39	0.51	1.46	2.00	38.20	97.80	
07362587	0907	19900907	20150907	26	3.14	10.53	0.00	51.00		0.00	0.00	0.00	0.00	0.00	0.00	0.00	0.00	0.00	0.00	0.12	0.27	0.29	0.38	0.53	1.30	1.90	9.15	40.15	
07362587	0908	19900908	20150908	26	1.77	4.93	0.00	23.00		0.00	0.00	0.00	0.00	0.00	0.00	0.00	0.00	0.00	0.00	0.09	0.18	0.28	0.42	0.46	1.28	2.56	7.01	18.80	
07362587	0909	19900909	20150909	26	1.29	3.10	0.00	14.00		0.00	0.00	0.00	0.00	0.00	0.00	0.00	0.00	0.01	0.07	0.17	0.31	0.40	0.62	0.80	1.50	1.79	5.54	11.72	
07362587	0910	19900910	20150910	26	1.16	2.47	0.00	11.00		0.00	0.00	0.00	0.00	0.00	0.00	0.00	0.00	0.02	0.04	0.14	0.26	0.34	0.54	0.94	1.88	3.33	4.41	9.11	
07362587	0911	19900911	20150911	26	1.66	3.34	0.00	11.00		0.00	0.00	0.00	0.00	0.00	0.00	0.00	0.00	0.02	0.06	0.17	0.22	0.32	0.55	1.57	2.58	4.42	9.25	11.00	
07362587	0912	19900912	20150912	26	1.37	2.77	0.00	10.00		0.00	0.00	0.00	0.00	0.00	0.00	0.00	0.00	0.03	0.08	0.10	0.15	0.28	0.42	1.25	2.12	3.73	7.40	9.34	
07362587	0913	19900913	20150913	26	5.41	21.63	0.00	110.00		0.00	0.00	0.00	0.00	0.00	0.00	0.00	0.00	0.04	0.08	0.10	0.15	0.29	0.36	1.01	1.72	3.14	8.20	77.80	
07362587	0914	19900914	20150914	26	37.25	170.35	0.00	868.00		0.00	0.00	0.00	0.00	0.00	0.00	0.00	0.00	0.00	0.02	0.07	0.12	0.26	0.33	0.86	1.88	2.50	28.89	595.70	
07362587	0915	19900915	20150915	26	36.52	141.13	0.00	714.00		0.00	0.00	0.00	0.00	0.00	0.00	0.00	0.00	0.00	0.00	0.06	0.12	0.29	0.63	1.07	2.22	21.02	94.90	507.85	
07362587	0916	19900916	20150916	26	146.32	677.77	0.00	3460.00		0.00	0.00	0.00	0.00	0.00	0.00	0.00	0.00	0.00	0.01	0.02	0.09	0.47	0.67	1.00	1.92	10.56	128.10	2337.20	
07362587	0917	19900917	20150917	26	49.58	179.91	0.00	853.00		0.00	0.00	0.00	0.00	0.00	0.00	0.00	0.00	0.00	0.00	0.00	0.06	0.38	0.72	1.45	1.96	8.18	143.10	687.10	
07362587	0918	19900918	20150918	26	13.80	45.01	0.00	198.00		0.00	0.00	0.00	0.00	0.00	0.00	0.00	0.00	0.00	0.01	0.16	0.25	0.52	0.68	1.27	2.04	5.43	53.20	172.80	
07362587	0919	19900919	20150919	26	8.33	27.01	0.00	129.00		0.00	0.00	0.00	0.00	0.00	0.00	0.00	0.00	0.00	0.03	0.11	0.24	0.59	0.95	1.88	3.36	6.75	26.60	103.45	
07362587	0920	19900920	20150920	26	5.76	19.36	0.00	95.00		0.00	0.00	0.00	0.00	0.00	0.00	0.00	0.00	0.00	0.09	0.19	0.25	0.62	0.94	1.62	2.54	2.89	16.69	73.30	
07362587	0921	19900921	20150921	26	4.41	14.82	0.00	74.00		0.00	0.00	0.00	0.00	0.00	0.00	0.00	0.00	0.00	0.02	0.13	0.26	0.98	1.20	1.73	2.16	2.69	11.62	55.45	
07362587	0922	19900922	20150922	26	5.64	21.69	0.00	111.00		0.00	0.00	0.00	0.00	0.00	0.00	0.00	0.00	0.00	0.04	0.53	1.06	1.35	1.40	2.00	2.42	2.88	8.61	77.05	
07362587	0923	19900923	20150923	26	4.69	17.74	0.00	91.00		0.00	0.00	0.00	0.00	0.00	0.00	0.00	0.01	0.04	0.29	1.01	1.20	1.25	1.48	1.77	2.36	2.50	6.64	62.65	
07362587	0924	19900924	20150924	26	5.01	15.63	0.00	80.00		0.00	0.00	0.00	0.00	0.00	0.00	0.00	0.11	0.51	1.05	1.19	1.72	1.91	2.00	2.20	3.46	7.62	10.41	56.55	
07362587	0925	19900925	20150925	26	7.29	21.69	0.00	95.00		0.00	0.00	0.00	0.00	0.00	0.00	0.00	0.28	0.65	0.87	0.99	1.18	1.50	1.68	1.75	2.92	5.79	25.06	83.80	
07362587	0926	19900926	20150926	26	5.35	14.18	0.00	62.00		0.00	0.00	0.00	0.00	0.00	0.00	0.01	0.27	0.37	0.62	0.85	1.12	1.25	1.30	1.45	2.50	4.33	26.10	53.60	
07362587	0927	19900927	20150927	26	6.16	21.78	0.00	110.00		0.00	0.00	0.00	0.00	0.00	0.00	0.11	0.27	0.38	0.50	0.75	1.00	1.00	1.18	1.25	2.24	3.66	14.01	80.25	
07362587	0928	19900928	20150928	26	4.56	13.12	0.00	64.00		0.00	0.00	0.00	0.00	0.00	0.00	0.08	0.22	0.26	0.43	0.67	0.84	0.93	1.08	1.12	1.92	6.58	18.30	48.25	
07362587	0929	19900929	20150929	26	2.75	6.50	0.00	29.00		0.00	0.00	0.00	0.00	0.00	0.00	0.06	0.14	0.20	0.39	0.61	0.70	0.87	0.96	1.02	1.76	5.81	13.30	23.75	
07362587	0930	19900930	20150930	26	2.15	4.42	0.00	18.00		0.00	0.00	0.00	0.00	0.00	0.00	0.04	0.10	0.13	0.38	0.57	0.76	0.87	0.94	1.25	2.48	4.99	11.00	15.55	
07362587	1001	19891001	20151001	27	2.92	7.18	0.00	35.00		0.00	0.00	0.00	0.00	0.00	0.00	0.08	0.13	0.19	0.50	0.56	0.64	0.80	0.86	1.80	2.86	8.06	10.00	25.80	
07362587	1002	19891002	20151002	27	2.04	4.33	0.00	20.00		0.00	0.00	0.00	0.00	0.00	0.01	0.05	0.14	0.19	0.47	0.54	0.60	0.76	0.85	1.40	2.58	6.30	8.02	15.24	
07362587	1003	19891003	20151003	27	1.78	3.58	0.00	17.00		0.00	0.00	0.00	0.00	0.00	0.00	0.02	0.13	0.25	0.43	0.55	0.70	0.74	1.16	1.60	2.84	4.94	5.76	12.92	
07362587	1004	19891004	20151004	27	3.89	12.04	0.00	62.00		0.00	0.00	0.00	0.00	0.00	0.00	0.01	0.10	0.19	0.38	0.52	0.64	0.70	1.28	2.60	3.70	4.38	9.84	42.80	
07362587	1005	19891005	20151005	27	1.85	3.37	0.00	11.00		0.00	0.00	0.00	0.00	0.00	0.00	0.05	0.06	0.13	0.35	0.46	0.62	0.67	1.26	2.40	3.24	3.68	10.20	11.00	
07362587	1006	19891006	20151006	27	41.61	205.56	0.00	1070.00		0.00	0.00	0.00	0.00	0.00	0.00	0.03	0.05	0.17	0.31	0.42	0.59	0.66	1.91	3.00	4.74	5.52	13.60	648.40	
07362587	1007	19891007	20151007	27	14.60	44.33	0.00	202.00		0.00	0.00	0.00	0.00	0.00	0.00	0.03	0.04	0.18	0.27	0.37	0.56	0.62	1.76	2.50	5.84	14.04	52.80	169.20	
07362587	1008	19891008	20151008	27	31.03	102.36	0.00	516.00		0.00	0.00	0.00	0.00	0.00	0.00	0.03	0.25	0.31	0.35	0.44	0.62	1.07	2.30	4.70	17.00	42.20	87.20	372.00	
07362587	1009	19891009	20151009	27	78.20	257.84	0.00	1110.00		0.00	0.00	0.00	0.00	0.00	0.00	0.11	0.20	0.28	0.34	0.56	0.63	1.07	2.12	4.30	16.40	26.80	259.00	987.20	
07362587	1010	19891010	20151010	27	18.44	49.78	0.00	206.00		0.00	0.00	0.00	0.00	0.00	0.05	0.13	0.27	0.30	0.34	0.53	0.73	1.48	1.98	3.80	10.70	16.40	102.00	183.60	
07362587	1011	19891011	20151011	27	12.37	31.09	0.00	116.00		0.00	0.00	0.00	0.00	0.00	0.09	0.16	0.24	0.42	0.50	0.77	1.45	2.26	3.60	4.10	8.08	11.54	73.20	112.00	
07362587	1012	19891012	20151012	27	9.17	22.79	0.00	96.00		0.00	0.00	0.00	0.00	0.00	0.05	0.17	0.23	0.35	0.46	0.58	1.27	2.22	3.62	6.00	7.24	8.34	46.40	84.80	
07362587	1013	19891013	20151013	27	32.44	133.41	0.00	696.00		0.00	0.00	0.00	0.00	0.00	0.07	0.20	0.21	0.36	0.47	0.99	1.70	2.52	5.54	6.50	13.40	25.20	40.40	444.00	
07362587	1014	19891014	20151014	27	19.73	57.06	0.00	250.00		0.00	0.00	0.00	0.00	0.00	0.06	0.16	0.18	0.31	0.44	0.76	1.12	2.34	4.80	5.10	18.40	20.60	58.20	220.00	
07362587	1015	19891015	20151015	27	11.02	29.94	0.00	138.00		0.00	0.00	0.00	0.00	0.01	0.12	0.15	0.22	0.42	0.47	0.96	1.36	2.14	3.96	5.00	8.72	15.44	36.00	114.80	
07362587	1016	19891016	20151016	27	8.11	20.77	0.00	102.00		0.00	0.00	0.00	0.00	0.00	0.08	0.14	0.22	0.41	0.84	1.10	1.50	2.46	4.46	6.50	9.02	14.20	22.80	78.00	
07362587	1017	19891017	20151017	27	7.13	16.72	0.00	82.00		0.00	0.00	0.00	0.00	0.00	0.06	0.13	0.20	0.38	0.80	1.06	1.52	2.18	4.60	6.00	10.66	13.00	25.60	60.40	
07362587	1018	19891018	20151018	27	13.09	33.89	0.00	155.00		0.00	0.00	0.00	0.00	0.00	0.11	0.20	0.24	0.34	0.81	1.20	1.50	1.90	3.60	4.50	9.06	18.40	68.80	121.80	
07362587	1019	19891019	20151019	27	9.21	21.88	0.00	88.00		0.00	0.00	0.00	0.00	0.00	0.16	0.19	0.39	0.62	0.86	1.15	1.48	1.64	2.68	3.30	7.48	13.20	52.20	78.80	
07362587	1020	19891020	20151020	27	39.80	175.74	0.00	917.00		0.00	0.00	0.00	0.00	0.00	0.15	0.17	0.47	0.78	1.20	1.48	1.84	2.10	2.56	5.00	10.40	28.60	37.00	569.80	
07362587	1021	19891021	20151021	27	7.72	16.73	0.00	80.00		0.00	0.00	0.00	0.00	0.00	0.13	0.15	0.53	0.82	1.30	1.70	1.78	1.88	3.52	9.10	12.20	18.80	26.40	60.80	
07362587	1022	19891022	20151022	27	69.57	236.71	0.00	954.00		0.00	0.00	0.00	0.00	0.00	0.11	0.14	0.51	0.81	1.10	1.38	1.58	1.84	3.32	7.40	17.40	21.00	182.00	901.20	
07362587	1023	19891023	20151023	27	19.51	63.66	0.00	313.00		0.00	0.00	0.00	0.00	0.00	0.14	0.41	0.59	1.04	1.30	1.54	1.84	1.92	3.26	6.20	12.60	16.60	40.20	239.40	
07362587	1024	19891024	20151024	27	9.57	26.36	0.00	130.00		0.00	0.00	0.00	0.00	0.00	0.17	0.42	0.51	0.90	1.20	1.54	1.68	2.30	4.62	5.30	9.12	14.40	22.80	99.60	
07362587	1025	19891025	20151025	27	7.42	18.67	0.00	94.00		0.00	0.00	0.00	0.00	0.00	0.34	0.44	0.62	1.10	1.20	1.56	1.96	3.52	4.08	5.40	10.32	12.00	17.00	69.60	
07362587	1026	19891026	20151026	27	18.14	64.73	0.00	334.00		0.00	0.00	0.00	0.00	0.00	0.35	0.43	0.55	0.99	1.10	1.50	2.52	3.42	4.54	7.40	8.62	11.54	33.00	229.60	
07362587	1027	19891027	20151027	27	33.56	96.55	0.00	368.00		0.00	0.00	0.00	0.00	0.06	0.35	0.40	0.63	0.91	1.10	1.50	2.20	2.92	4.96	6.80	14.20	19.80	154.80	362.40	
07362587	1028	19891028	20151028	27	33.55	118.47	0.00	599.00		0.00	0.00	0.00	0.00	0.03	0.34	0.44	0.62	0.99	1.20	1.40	1.94	2.70	4.08	5.60	12.80	29.80	67.00	432.60	
07362587	1029	19891029	20151029	27	46.13	135.78	0.00	531.00		0.00	0.00	0.00	0.00	0.03	0.33	0.47	0.98	1.12	1.50	1.74	2.36	2.66	3.74	5.00	11.48	24.40	222.80	509.80	
07362587	1030	19891030	20151030	27	74.43	295.50	0.00	1530.00		0.00	0.00	0.00	0.00	0.03	0.31	0.46	0.94	1.12	1.40	1.64	2.34	2.84	3.48	4.50	8.98	69.02	134.00	1016.40	
07362587	1031	19891031	20151031	27	38.53	99.16	0.00	448.00		0.00	0.00	0.01	0.05	0.34	0.64	1.06	1.22	1.42	1.60	2.22	2.72	3.54	6.02	8.70	33.80	58.20	206.40	355.20	
07362587	1101	19891101	20151101	27	50.03	134.95	0.00	641.00		0.00	0.00	0.02	0.24	0.50	0.91	1.08	1.44	1.60	2.10	2.42	3.08	4.18	6.62	8.40	47.60	113.00	173.00	503.40	
07362587	1102	19891102	20151102	27	22.26	54.48	0.00	243.00		0.00	0.00	0.14	0.48	0.83	1.02	1.34	1.50	1.74	2.00	2.28	2.56	3.26	4.70	8.00	10.24	61.80	99.80	198.20	
07362587	1103	19891103	20151103	27	14.49	33.75	0.00	148.00		0.00	0.00	0.17	0.63	0.93	1.00	1.16	1.30	1.42	1.90	2.22	2.40	2.90	3.98	6.90	8.96	30.20	75.80	120.40	
07362587	1104	19891104	20151104	27	13.22	26.57	0.00	110.00		0.00	0.00	0.32	0.84	0.95	0.99	1.16	1.32	1.58	2.00	2.12	2.46	3.24	4.38	7.90	15.60	48.20	58.20	91.20	
07362587	1105	19891105	20151105	27	47.28	189.98	0.00	993.00		0.00	0.00	0.40	0.94	0.99	1.20	1.76	2.00	2.06	2.20	2.48	2.90	3.36	6.82	14.00	34.40	38.00	47.80	629.00	
07362587	1106	19891106	20151106	27	36.88	89.50	0.00	446.00		0.11	0.79	0.93	0.99	1.10	1.94	2.00	2.10	2.74	3.00	6.20	9.00	16.00	25.80	30.00	39.60	60.40	122.20	328.00	
07362587	1107	19891107	20151107	27	37.94	128.66	0.00	673.00		0.09	0.76	0.91	0.98	1.10	1.84	1.90	2.10	2.40	3.40	4.92	7.82	14.40	16.00	20.00	28.60	38.80	61.20	441.40	
07362587	1108	19891108	20151108	27	19.34	42.32	0.00	194.00		0.06	0.70	0.90	1.00	1.50	1.74	1.96	2.58	2.90	3.50	5.48	7.94	10.20	11.00	12.00	19.20	30.40	65.80	163.20	
07362587	1109	19891109	20151109	27	39.91	141.13	0.00	735.00		0.03	0.65	0.87	0.99	1.30	1.70	1.94	2.42	2.74	2.90	3.88	6.16	8.64	9.84	13.00	20.20	33.00	90.00	481.80	
07362587	1110	19891110	20151110	27	18.50	50.14	0.00	259.00		0.02	0.65	0.82	1.02	1.70	1.82	2.08	2.38	2.88	3.10	4.22	5.90	7.12	10.12	14.00	16.60	26.20	41.20	181.80	
07362587	1111	19891111	20151111	27	14.75	26.09	0.00	106.00		0.00	0.63	0.86	0.92	1.60	1.76	2.48	2.62	3.12	4.50	6.58	8.96	10.20	12.20	15.00	18.60	21.00	55.60	99.60	
07362587	1112	19891112	20151112	27	16.01	23.47	0.00	74.00		0.02	0.64	0.86	1.32	1.80	2.12	2.46	2.68	3.46	4.00	7.82	8.64	9.96	11.00	15.00	32.20	56.40	66.40	71.60	
07362587	1113	19891113	20151113	27	32.18	65.76	0.00	255.00		0.04	0.65	0.82	1.38	1.90	2.04	2.34	2.82	4.44	5.70	6.64	7.10	9.24	21.20	29.00	40.40	50.20	146.80	243.40	
07362587	1114	19891114	20151114	27	24.40	58.20	0.00	296.00		0.00	0.63	0.83	1.35	1.80	1.84	1.98	2.44	3.12	4.90	5.72	7.26	8.38	18.20	25.00	31.60	36.40	70.40	211.20	
07362587	1115	19891115	20151115	27	57.43	154.03	0.00	730.00		0.04	0.54	0.85	1.40	1.70	1.74	2.20	2.48	2.92	5.30	6.04	7.72	20.20	22.80	25.00	40.60	73.20	194.40	586.80	
07362587	1116	19891116	20151116	27	62.71	150.35	0.00	547.00		0.02	0.49	0.83	1.24	1.60	1.76	2.08	2.50	2.68	4.60	10.36	16.80	18.20	20.80	26.00	36.20	72.00	352.40	543.40	
07362587	1117	19891117	20151117	27	108.75	243.83	0.00	910.00		0.09	0.49	0.84	1.16	1.70	1.86	2.10	2.38	3.60	5.50	14.40	15.00	18.40	23.00	59.00	96.20	275.80	575.40	866.40	
07362587	1118	19891118	20151118	27	51.80	91.70	0.00	371.00		0.21	0.71	1.02	1.40	1.60	1.98	2.18	2.70	4.32	12.00	13.40	14.80	18.80	36.20	58.00	89.00	178.60	211.00	308.60	
07362587	1119	19891119	20151119	27	91.18	370.52	0.00	1940.00		0.22	0.73	1.00	1.30	1.50	1.66	1.90	2.60	4.04	11.00	11.00	11.80	17.40	32.80	41.00	43.60	59.60	78.80	1209.60	
07362587	1120	19891120	20151120	27	45.43	109.91	0.00	493.00		0.25	0.70	1.00	1.24	1.40	1.78	1.98	3.90	6.92	8.50	10.10	11.00	18.60	27.40	36.00	39.00	64.40	129.20	427.80	
07362587	1121	19891121	20151121	27	72.83	271.66	0.00	1420.00		0.27	0.75	1.02	1.46	1.60	1.94	2.08	3.70	5.66	6.70	9.12	9.98	11.40	20.60	24.00	37.80	57.20	135.20	906.40	
07362587	1122	19891122	20151122	27	65.68	209.17	0.00	1070.00		0.27	0.77	1.02	1.46	1.60	2.12	3.26	3.94	5.54	7.00	8.20	9.36	13.60	17.20	22.00	40.20	66.80	163.40	756.00	
07362587	1123	19891123	20151123	27	46.01	131.86	0.00	685.00		0.29	0.94	1.40	1.88	2.20	2.72	3.36	4.44	6.52	8.20	8.64	10.60	12.40	24.20	34.00	42.00	73.20	105.40	463.40	
07362587	1124	19891124	20151124	27	135.95	395.63	0.00	1630.00		0.39	1.16	1.32	1.88	2.20	3.12	3.38	4.06	6.90	7.50	8.78	9.46	12.40	22.80	27.00	44.60	75.80	580.00	1506.00	
07362587	1125	19891125	20151125	27	57.44	154.07	0.00	705.00		0.36	1.06	1.86	2.10	2.80	3.14	3.20	4.62	6.76	7.20	8.34	9.02	14.00	21.00	27.00	32.80	56.20	197.20	593.40	
07362587	1126	19891126	20151126	27	27.79	50.56	0.00	220.00		0.34	1.21	1.70	2.34	2.90	2.90	3.06	3.90	6.14	6.60	7.50	9.40	14.20	20.20	21.00	39.20	68.60	104.80	186.40	
07362587	1127	19891127	20151127	27	43.86	82.20	0.00	398.00		0.33	1.21	2.14	2.54	2.70	2.88	3.56	5.30	5.94	6.40	9.64	13.14	21.00	45.80	72.00	81.80	97.40	124.80	296.40	
07362587	1128	19891128	20151128	27	126.25	464.33	0.00	2430.00		0.32	1.84	2.14	2.48	2.70	3.58	5.30	5.74	6.08	7.30	11.80	30.60	49.40	55.00	56.00	79.40	82.40	158.20	1572.80	
07362587	1129	19891129	20151129	27	74.77	154.64	0.00	561.00		0.28	1.58	2.04	2.32	2.60	4.62	5.20	5.36	5.84	8.20	9.38	20.60	29.00	32.00	36.00	39.00	280.40	400.40	505.40	
07362587	1130	19891130	20151130	27	67.71	119.23	0.00	437.00		0.26	1.33	2.00	2.30	3.60	4.30	5.30	7.56	8.78	10.00	13.80	21.40	23.40	25.00	25.00	169.40	221.60	284.60	396.20	
07362587	1201	19891201	20151201	27	71.55	182.39	0.00	912.00		0.26	1.17	1.82	2.56	4.30	4.88	5.16	5.58	7.08	9.70	10.34	15.00	18.20	19.60	21.00	89.60	159.00	242.20	646.00	
07362587	1202	19891202	20151202	27	46.40	83.26	0.00	389.00		0.26	1.17	1.82	2.50	3.60	4.76	5.16	6.54	7.06	8.30	12.60	15.80	20.00	26.40	95.00	99.00	106.20	134.40	300.60	
07362587	1203	19891203	20151203	27	147.26	574.88	0.00	3010.00		0.26	1.17	2.94	3.64	4.10	5.04	5.58	5.94	7.90	11.00	12.00	12.80	13.80	47.60	73.00	83.80	145.00	182.40	1879.60	
07362587	1204	19891204	20151204	27	59.27	96.88	0.00	411.00		0.26	1.17	2.80	4.50	5.10	5.46	6.10	8.16	10.60	15.00	17.40	44.20	54.60	67.00	74.00	94.60	113.40	180.80	369.80	
07362587	1205	19891205	20151205	27	64.94	152.80	0.00	799.00		0.26	1.09	2.56	3.92	5.20	5.86	6.56	8.62	11.60	13.00	33.40	40.40	44.00	54.60	68.00	69.20	117.40	137.60	537.00	
07362587	1206	19891206	20151206	27	34.73	42.28	0.00	185.00		0.26	1.09	2.44	3.70	5.50	6.62	8.20	9.92	10.60	23.00	25.20	31.80	39.60	45.00	48.00	58.40	84.60	93.40	150.60	
07362587	1207	19891207	20151207	27	25.82	28.60	0.00	111.00		0.25	1.09	2.36	3.46	4.80	6.02	7.08	8.98	13.32	16.00	19.20	25.00	28.40	34.00	35.00	41.20	60.20	72.40	102.60	
07362587	1208	19891208	20151208	27	27.73	28.42	0.00	86.00		0.32	1.12	2.24	3.26	4.40	6.06	6.46	12.00	12.00	20.00	21.80	24.60	29.20	36.40	48.00	56.60	73.00	80.40	86.00	
07362587	1209	19891209	20151209	27	112.40	323.68	0.00	1630.00		0.40	1.16	2.52	4.62	9.40	10.80	15.20	16.20	17.60	19.00	23.60	35.60	43.20	61.80	66.00	70.00	84.20	228.60	1216.00	
07362587	1210	19891210	20151210	27	62.47	145.67	0.00	758.00		0.40	1.16	3.26	5.34	7.10	10.26	12.80	14.20	15.60	19.00	25.80	31.60	41.80	46.20	66.00	68.60	80.60	118.80	537.20	
07362587	1211	19891211	20151211	27	31.06	41.56	0.00	186.00		0.40	1.16	3.08	4.96	5.90	10.40	11.80	13.60	17.80	20.00	21.80	26.20	30.60	33.00	37.00	40.20	46.00	75.20	167.60	
07362587	1212	19891212	20151212	27	55.39	125.28	0.00	659.00		0.40	1.16	3.00	5.30	8.70	10.62	15.20	20.00	21.20	23.00	24.40	25.80	28.80	40.20	50.00	62.00	87.80	110.40	449.80	
07362587	1213	19891213	20151213	27	66.17	83.21	0.00	300.00		0.40	1.16	2.80	6.08	7.30	15.00	18.00	19.00	19.00	20.00	27.60	33.20	46.80	96.00	116.00	138.60	186.00	210.60	268.40	
07362587	1214	19891214	20151214	27	55.31	72.49	0.00	300.00		0.40	1.16	2.60	5.30	6.90	13.40	14.80	16.00	16.60	20.00	25.00	28.80	48.00	66.60	101.00	111.80	135.40	150.40	260.00	
07362587	1215	19891215	20151215	27	154.91	438.54	0.00	2220.00		0.40	1.16	2.56	5.86	11.00	13.00	13.80	18.00	26.80	36.00	48.80	56.40	60.60	80.80	95.00	104.80	133.80	312.80	1642.40	
07362587	1216	19891216	20151216	27	115.25	230.88	0.00	1130.00		0.37	1.15	2.54	7.18	11.00	13.80	17.40	19.80	30.60	37.00	37.40	38.80	52.20	70.20	100.00	168.20	273.20	342.60	849.60	
07362587	1217	19891217	20151217	27	93.61	235.69	0.00	1250.00		0.48	1.84	7.84	11.20	14.00	14.80	21.60	24.80	28.00	29.00	39.40	54.40	61.60	73.20	84.00	100.20	129.40	141.80	817.60	
07362587	1218	19891218	20151218	27	103.06	232.92	0.00	1140.00		0.48	1.84	6.68	10.36	12.00	16.20	21.00	23.60	27.20	30.00	35.60	42.60	51.20	74.40	85.00	95.00	99.60	275.40	902.00	
07362587	1219	19891219	20151219	27	60.09	79.77	0.00	361.00		0.48	1.76	5.84	9.12	11.00	14.80	18.40	23.00	24.20	29.00	35.40	56.80	63.40	68.00	76.00	92.20	110.00	153.00	311.40	
07362587	1220	19891220	20151220	27	44.44	38.79	0.00	128.00		0.48	1.76	5.10	7.92	9.60	15.40	22.20	25.80	29.00	31.00	38.00	48.60	55.20	60.20	64.00	87.40	95.20	116.00	123.20	
07362587	1221	19891221	20151221	27	311.71	1118.56	0.00	5800.00		0.48	1.76	7.64	9.44	11.00	16.40	20.80	21.80	28.00	35.00	39.80	48.20	62.20	76.60	85.00	94.60	207.20	593.20	3916.00	
07362587	1222	19891222	20151222	27	100.96	193.08	0.00	900.00		0.48	1.68	7.06	8.58	16.00	17.40	19.60	25.20	26.60	30.00	36.60	43.60	52.80	69.20	76.00	96.20	243.40	322.60	732.40	
07362587	1223	19891223	20151223	27	78.47	72.10	0.00	250.00		0.48	1.68	8.08	13.00	17.00	18.60	25.00	38.60	47.00	55.00	57.60	76.00	118.00	134.20	138.00	152.60	164.00	177.60	233.20	
07362587	1224	19891224	20151224	27	198.24	572.39	0.00	2960.00		0.48	1.76	6.70	11.08	14.00	15.80	29.80	33.40	40.40	46.00	54.20	81.00	87.20	89.20	98.00	142.80	150.00	456.40	2072.80	
07362587	1225	19891225	20151225	27	71.93	102.63	0.00	475.00		0.44	1.74	5.32	9.52	13.00	14.00	20.40	30.00	35.20	37.00	49.00	61.80	63.00	75.00	85.00	102.00	132.00	170.00	405.80	
07362587	1226	19891226	20151226	27	89.80	212.80	0.00	1130.00		0.44	1.66	4.62	8.04	11.00	17.40	24.80	32.80	37.80	43.00	46.60	49.80	58.80	73.60	76.00	94.20	117.80	139.00	752.80	
07362587	1227	19891227	20151227	27	114.12	278.43	0.00	1470.00		0.40	1.56	3.80	7.42	10.00	23.20	26.60	35.20	44.80	50.00	51.00	61.40	73.80	86.00	93.00	111.00	143.20	198.20	995.20	
07362587	1228	19891228	20151228	27	145.70	431.93	0.00	2290.00		0.40	1.56	3.04	6.64	10.00	21.00	26.40	33.00	39.40	59.00	76.60	80.60	90.20	96.80	118.00	131.80	141.40	165.20	1442.00	
07362587	1229	19891229	20151229	27	78.60	114.87	1.10	566.00		1.30	2.32	3.38	5.98	9.40	20.00	24.60	27.40	32.00	47.00	63.00	69.20	74.60	81.80	88.00	104.40	136.80	220.40	431.60	
07362587	1230	19891230	20151230	27	87.57	162.80	1.60	800.00		1.80	2.74	3.62	5.98	8.00	16.80	20.40	25.00	33.80	46.00	51.20	56.80	69.20	77.00	80.00	109.20	125.40	186.40	640.00	
07362587	1231	19891231	20151231	27	71.74	117.33	1.60	549.00		2.16	3.16	4.06	5.96	7.70	15.00	17.40	23.60	27.20	34.00	37.60	40.80	47.40	64.20	70.00	91.20	132.60	234.80	447.00	
