site_no	monthday	begin_dt	end_dt	count_nu	mean	std	min	max	p01	p05	p10	p15	p20	p25	p30	p35	p40	p45	p50	p55	p60	p65	p70	p75	p80	p85	p90	p95	p99
08128400	ALL	19610401	20160131	18020	12.60	156.42	0.00	12900.00	0.00	0.00	0.00	0.00	0.00	0.00	0.00	0.00	0.00	0.04	0.26	0.72	1.40	2.20	3.10	4.58	6.30	9.40	15.00	29.95	130.79
08128400	0101	19620101	20160101	49	6.20	11.26	0.00	52.00		0.00	0.00	0.00	0.00	0.00	0.00	0.00	0.00	1.25	1.80	2.20	3.10	4.35	5.90	7.05	10.00	12.50	19.00	40.00	
08128400	0102	19620102	20160102	49	6.06	10.98	0.00	51.00		0.00	0.00	0.00	0.00	0.00	0.00	0.00	0.00	1.40	1.70	2.30	3.20	4.10	5.00	6.15	9.50	12.50	20.00	38.50	
08128400	0103	19620103	20160103	49	6.07	10.95	0.00	52.00		0.00	0.00	0.00	0.00	0.00	0.00	0.00	0.00	1.40	1.80	2.50	3.20	3.60	5.40	6.20	9.60	12.50	20.00	37.50	
08128400	0104	19620104	20160104	49	6.05	10.76	0.00	50.00		0.00	0.00	0.00	0.00	0.00	0.00	0.00	0.00	1.45	1.70	2.60	2.90	4.05	5.40	6.25	10.00	12.00	20.00	37.50	
08128400	0105	19620105	20160105	49	6.02	10.85	0.00	51.00		0.00	0.00	0.00	0.00	0.00	0.00	0.00	0.00	1.25	1.60	2.70	2.90	3.95	5.20	6.25	10.00	12.00	20.00	37.50	
08128400	0106	19620106	20160106	49	6.02	10.72	0.00	50.00		0.00	0.00	0.00	0.00	0.00	0.00	0.00	0.00	1.25	1.60	2.75	3.00	4.25	4.90	6.20	10.00	13.00	20.00	37.00	
08128400	0107	19620107	20160107	49	5.97	10.58	0.00	49.00		0.00	0.00	0.00	0.00	0.00	0.00	0.00	0.00	1.30	1.80	2.70	3.00	4.30	4.90	6.00	10.00	13.00	20.00	36.50	
08128400	0108	19620108	20160108	49	5.95	10.46	0.00	49.00		0.00	0.00	0.00	0.00	0.00	0.00	0.00	0.00	1.25	1.90	2.70	3.40	4.10	4.90	6.00	9.90	12.50	21.00	35.50	
08128400	0109	19620109	20160109	49	5.96	10.28	0.00	49.00		0.00	0.00	0.00	0.00	0.00	0.00	0.00	0.00	1.30	1.90	2.50	3.40	4.35	5.50	6.45	9.10	12.50	21.00	34.00	
08128400	0110	19620110	20160110	49	6.01	10.13	0.00	47.00		0.00	0.00	0.00	0.00	0.00	0.00	0.00	0.02	1.40	1.90	2.45	3.30	5.05	6.20	6.50	9.10	12.50	20.00	34.50	
08128400	0111	19620111	20160111	49	6.00	10.00	0.00	47.00		0.00	0.00	0.00	0.00	0.00	0.00	0.00	0.05	1.60	2.00	2.45	3.50	5.45	5.80	6.60	9.10	13.00	20.00	33.50	
08128400	0112	19620112	20160112	49	5.97	9.98	0.00	46.00		0.00	0.00	0.00	0.00	0.00	0.00	0.00	0.06	1.55	2.00	2.40	3.50	4.65	6.00	6.80	9.10	13.00	19.00	34.00	
08128400	0113	19620113	20160113	49	6.00	9.99	0.00	45.00		0.00	0.00	0.00	0.00	0.00	0.00	0.00	0.08	1.55	2.00	2.45	3.40	4.25	6.60	7.25	9.50	13.00	19.00	34.50	
08128400	0114	19620114	20160114	49	5.92	9.88	0.00	44.00		0.00	0.00	0.00	0.00	0.00	0.00	0.00	0.08	1.55	1.90	2.35	3.20	4.00	6.30	6.60	9.50	13.00	20.00	34.00	
08128400	0115	19620115	20160115	49	5.87	9.72	0.00	43.00		0.00	0.00	0.00	0.00	0.00	0.00	0.00	0.08	1.55	2.10	2.40	3.30	4.10	5.80	6.40	9.80	13.50	20.00	33.50	
08128400	0116	19620116	20160116	49	5.80	9.54	0.00	43.00		0.00	0.00	0.00	0.00	0.00	0.00	0.00	0.08	1.65	2.10	2.30	3.00	4.15	5.80	6.35	10.00	13.50	21.00	32.00	
08128400	0117	19620117	20160117	49	5.74	9.45	0.00	42.00		0.00	0.00	0.00	0.00	0.00	0.00	0.00	0.08	1.80	2.00	2.20	3.00	4.00	5.70	6.40	10.00	13.00	20.00	32.00	
08128400	0118	19620118	20160118	49	6.05	10.09	0.00	43.00		0.00	0.00	0.00	0.00	0.00	0.00	0.00	0.08	1.70	2.00	2.15	3.00	3.85	5.60	6.90	11.00	13.50	20.00	36.00	
08128400	0119	19620119	20160119	49	6.16	10.20	0.00	43.00		0.00	0.00	0.00	0.00	0.00	0.00	0.00	0.08	1.75	2.00	2.15	3.00	4.00	5.70	7.20	11.00	15.00	20.00	36.50	
08128400	0120	19620120	20160120	49	6.04	9.79	0.00	41.00		0.00	0.00	0.00	0.00	0.00	0.00	0.00	0.08	1.75	2.00	2.25	2.90	4.15	5.80	7.30	11.00	14.00	21.00	34.50	
08128400	0121	19620121	20160121	49	6.06	9.76	0.00	41.00		0.00	0.00	0.00	0.00	0.00	0.00	0.00	0.73	1.55	2.00	2.25	3.20	4.90	6.20	6.80	11.00	13.00	21.00	34.50	
08128400	0122	19620122	20160122	49	6.10	9.65	0.00	41.00		0.00	0.00	0.00	0.00	0.00	0.00	0.00	0.21	1.50	2.00	2.45	3.40	4.85	6.40	9.00	11.00	13.00	18.00	34.00	
08128400	0123	19620123	20160123	49	5.95	9.41	0.00	39.00		0.00	0.00	0.00	0.00	0.00	0.00	0.00	0.08	1.55	2.00	2.40	3.20	4.30	6.00	8.35	11.00	13.00	18.00	33.00	
08128400	0124	19620124	20160124	49	5.89	9.40	0.00	42.00		0.00	0.00	0.00	0.00	0.00	0.00	0.00	0.06	1.60	2.00	2.45	3.40	3.95	5.90	8.00	10.00	13.00	18.00	31.50	
08128400	0125	19620125	20160125	49	5.87	9.40	0.00	42.00		0.00	0.00	0.00	0.00	0.00	0.00	0.00	0.05	1.50	2.10	2.80	3.40	3.85	5.90	7.45	10.00	13.50	18.00	31.50	
08128400	0126	19620126	20160126	49	5.93	9.71	0.00	40.00		0.00	0.00	0.00	0.00	0.00	0.00	0.00	0.07	1.40	2.00	2.85	3.30	3.70	5.90	7.15	10.00	13.00	18.00	35.50	
08128400	0127	19620127	20160127	49	6.21	10.92	0.00	54.00		0.00	0.00	0.00	0.00	0.00	0.00	0.00	0.11	1.40	2.20	2.75	3.40	4.00	5.90	6.95	10.00	12.50	17.00	36.00	
08128400	0128	19620128	20160128	49	6.03	10.19	0.00	47.00		0.00	0.00	0.00	0.00	0.00	0.00	0.00	0.15	1.45	2.20	2.60	3.50	4.40	5.60	6.75	9.50	13.50	18.00	35.00	
08128400	0129	19620129	20160129	49	5.96	10.04	0.00	45.00		0.00	0.00	0.00	0.00	0.00	0.00	0.00	0.15	1.45	2.20	2.40	3.20	4.15	5.60	6.40	9.50	13.50	18.00	35.00	
08128400	0130	19620130	20160130	49	6.15	10.83	0.00	54.00		0.00	0.00	0.00	0.00	0.00	0.00	0.00	0.19	1.50	2.10	2.30	3.30	4.20	5.70	6.60	9.50	13.50	18.00	35.00	
08128400	0131	19620131	20160131	49	6.48	12.57	0.00	72.00		0.00	0.00	0.00	0.00	0.00	0.00	0.00	0.25	1.45	1.90	2.45	3.20	3.85	5.40	6.70	10.00	13.50	18.00	34.00	
08128400	0201	19620201	20150201	48	6.73	12.68	0.00	69.00		0.00	0.00	0.00	0.00	0.00	0.00	0.00	0.91	1.52	1.95	2.59	3.16	4.04	5.55	6.90	10.20	13.95	18.60	37.75	
08128400	0202	19620202	20150202	48	7.03	13.92	0.00	79.00		0.00	0.00	0.00	0.00	0.00	0.00	0.00	0.88	1.52	1.95	2.59	3.30	3.98	5.90	6.97	10.00	14.30	18.60	39.40	
08128400	0203	19620203	20150203	48	7.32	15.44	0.00	92.00		0.00	0.00	0.00	0.00	0.00	0.00	0.00	0.82	1.50	1.95	2.59	3.34	5.08	5.78	6.97	10.00	14.30	18.60	39.70	
08128400	0204	19620204	20150204	48	16.36	75.95	0.00	528.00		0.00	0.00	0.00	0.00	0.00	0.00	0.00	0.82	1.31	1.85	2.59	3.38	5.36	6.39	6.95	9.80	13.95	18.60	39.15	
08128400	0205	19620205	20150205	48	22.37	85.09	0.00	426.00		0.00	0.00	0.00	0.00	0.00	0.00	0.01	0.64	1.31	1.85	2.69	3.42	5.15	6.69	8.75	9.50	14.30	18.50	251.55	
08128400	0206	19620206	20150206	48	15.96	55.76	0.00	333.00		0.00	0.00	0.00	0.00	0.00	0.00	0.01	0.64	1.50	1.95	2.77	3.66	5.25	6.11	8.97	9.92	14.30	17.70	132.95	
08128400	0207	19620207	20150207	48	11.03	31.55	0.00	184.00		0.00	0.00	0.00	0.00	0.00	0.00	0.00	0.60	1.50	1.95	2.77	3.72	4.92	6.25	8.68	9.60	14.30	18.60	84.75	
08128400	0208	19620208	20150208	48	10.15	27.79	0.00	167.00		0.00	0.00	0.00	0.00	0.00	0.00	0.00	0.47	1.50	1.95	2.78	4.24	4.79	6.60	7.62	9.76	14.30	18.60	71.10	
08128400	0209	19620209	20150209	48	9.59	25.67	0.00	156.00		0.00	0.00	0.00	0.00	0.00	0.00	0.00	0.55	1.50	1.95	2.67	3.74	4.69	6.66	7.28	10.00	13.95	18.50	64.50	
08128400	0210	19620210	20150210	48	9.22	24.01	0.00	145.00		0.00	0.00	0.00	0.00	0.00	0.00	0.00	0.57	1.50	1.95	2.77	3.32	4.67	6.42	7.47	10.00	13.30	18.50	61.75	
08128400	0211	19620211	20150211	48	8.98	22.66	0.00	136.00		0.00	0.00	0.00	0.00	0.00	0.00	0.00	0.48	1.50	2.00	2.59	3.20	4.87	6.23	7.70	10.00	13.95	18.40	59.90	
08128400	0212	19620212	20150212	48	8.78	21.55	0.00	130.00		0.00	0.00	0.00	0.00	0.00	0.00	0.00	0.48	1.50	2.10	2.79	3.30	4.49	5.99	7.30	11.20	14.30	18.40	56.15	
08128400	0213	19620213	20150213	48	8.57	20.80	0.00	126.00		0.00	0.00	0.00	0.00	0.00	0.00	0.00	0.49	1.50	1.90	2.60	3.42	4.55	5.49	7.00	11.40	14.30	18.40	53.50	
08128400	0214	19620214	20150214	48	8.47	20.37	0.00	123.00		0.00	0.00	0.00	0.00	0.00	0.00	0.00	0.56	1.31	1.80	2.59	3.58	4.56	5.39	6.90	11.40	15.00	18.40	52.85	
08128400	0215	19620215	20150215	48	8.40	19.11	0.00	113.00		0.00	0.00	0.00	0.00	0.00	0.00	0.00	0.59	1.30	2.00	2.59	3.70	4.57	5.39	6.60	10.40	15.00	21.50	51.10	
08128400	0216	19620216	20150216	48	8.00	18.06	0.00	107.00		0.00	0.00	0.00	0.00	0.00	0.00	0.00	0.59	1.30	2.05	2.67	3.70	4.64	5.18	6.55	10.40	15.00	19.20	48.90	
08128400	0217	19620217	20150217	48	8.09	18.01	0.00	106.00		0.00	0.00	0.00	0.00	0.00	0.00	0.00	0.59	1.30	2.10	2.77	3.58	4.42	4.97	6.53	10.40	15.00	21.30	48.80	
08128400	0218	19620218	20150218	48	7.74	16.99	0.00	99.00		0.00	0.00	0.00	0.00	0.00	0.00	0.00	0.48	1.30	2.10	2.78	3.44	4.53	4.97	6.12	10.00	14.65	20.20	47.25	
08128400	0219	19620219	20150219	48	7.54	16.36	0.00	95.00		0.00	0.00	0.00	0.00	0.00	0.00	0.00	0.50	1.21	2.15	2.59	3.48	4.30	5.38	5.90	10.16	14.65	18.40	46.15	
08128400	0220	19620220	20150220	48	7.46	16.10	0.00	92.00		0.00	0.00	0.00	0.00	0.00	0.00	0.00	0.50	1.21	2.10	2.69	3.44	4.20	5.59	6.20	10.24	13.65	18.40	47.25	
08128400	0221	19620221	20150221	48	7.39	16.10	0.00	90.00		0.00	0.00	0.00	0.00	0.00	0.00	0.00	0.56	1.30	1.70	2.50	3.46	3.98	5.46	6.38	10.20	13.00	18.40	49.35	
08128400	0222	19620222	20150222	48	7.54	16.57	0.00	95.00		0.00	0.00	0.00	0.00	0.00	0.00	0.00	0.60	1.31	1.75	2.30	3.56	4.86	5.55	7.95	10.20	12.65	18.30	48.80	
08128400	0223	19620223	20150223	48	7.32	15.49	0.00	89.00		0.00	0.00	0.00	0.00	0.00	0.00	0.00	0.60	1.31	2.15	2.59	3.34	5.20	5.73	7.33	10.20	12.65	18.30	45.15	
08128400	0224	19620224	20150224	48	19.00	91.73	0.00	637.00		0.00	0.00	0.00	0.00	0.00	0.00	0.00	0.77	1.50	2.15	2.88	3.70	5.51	6.36	7.22	9.96	12.65	19.20	50.20	
08128400	0225	19620225	20150225	48	10.98	36.46	0.00	248.00		0.00	0.00	0.00	0.00	0.00	0.00	0.00	0.65	1.50	2.20	2.39	4.22	5.17	6.20	7.38	11.20	13.00	21.20	47.90	
08128400	0226	19620226	20150226	48	9.41	26.25	0.00	174.00		0.00	0.00	0.00	0.00	0.00	0.00	0.00	0.71	1.92	2.20	3.77	4.94	5.34	6.09	6.60	11.20	13.00	20.10	46.35	
08128400	0227	19620227	20150227	48	8.65	22.03	0.00	141.00		0.00	0.00	0.00	0.00	0.00	0.00	0.00	0.77	1.82	2.20	2.79	4.10	5.33	5.86	6.83	11.20	12.65	19.30	47.45	
08128400	0228	19620228	20150228	48	9.19	22.66	0.00	129.00		0.00	0.00	0.00	0.00	0.00	0.00	0.00	0.64	1.91	2.15	2.96	4.62	5.57	6.09	7.17	11.00	12.95	19.30	66.15	
08128400	0229	19640229	20120229	11	15.31	34.76	0.00	118.00			0.00	0.00	0.00	0.00	0.06	0.50	1.70	2.38	2.80	3.40	4.16	5.24	8.96	14.00	18.80	41.20	98.80		
08128400	0301	19620301	20150301	48	8.26	18.81	0.00	110.00		0.00	0.00	0.00	0.00	0.00	0.00	0.00	0.70	1.81	2.10	2.29	4.54	5.71	6.06	6.72	11.00	13.30	20.10	52.95	
08128400	0302	19620302	20150302	48	7.94	17.69	0.00	104.00		0.00	0.00	0.00	0.00	0.00	0.00	0.00	0.74	1.81	2.15	3.15	4.34	5.20	6.00	6.80	10.40	13.30	20.10	49.20	
08128400	0303	19620303	20150303	48	7.95	18.22	0.00	110.00		0.00	0.00	0.00	0.00	0.00	0.00	0.00	0.74	1.61	2.10	2.59	4.12	5.17	6.03	6.80	10.12	13.30	20.10	47.55	
08128400	0304	19620304	20150304	48	8.33	21.25	0.00	136.00		0.00	0.00	0.00	0.00	0.00	0.00	0.00	0.80	1.70	2.00	2.60	3.82	4.90	5.80	6.75	9.48	13.30	19.20	45.45	
08128400	0305	19620305	20150305	48	7.83	18.37	0.00	114.00		0.00	0.00	0.00	0.00	0.00	0.00	0.00	0.80	1.60	2.00	2.69	3.82	4.81	5.86	7.75	9.48	12.65	19.20	43.90	
08128400	0306	19620306	20150306	48	9.11	19.57	0.00	101.00		0.00	0.00	0.00	0.00	0.00	0.00	0.01	0.74	1.60	1.95	2.69	3.92	5.22	6.18	8.97	11.20	13.65	22.30	66.10	
08128400	0307	19620307	20150307	48	8.52	17.67	0.00	98.00		0.00	0.00	0.00	0.00	0.00	0.00	0.01	0.69	1.60	1.95	2.77	3.90	5.41	6.18	8.97	11.20	13.65	22.30	52.50	
08128400	0308	19620308	20150308	48	7.74	16.79	0.00	99.00		0.00	0.00	0.00	0.00	0.00	0.00	0.01	0.65	1.50	1.90	2.58	3.76	5.42	6.53	8.65	11.20	14.00	18.30	45.30	
08128400	0309	19620309	20150309	48	7.51	16.41	0.00	95.00		0.00	0.00	0.00	0.00	0.00	0.00	0.01	0.74	1.50	1.90	2.39	3.58	4.85	6.53	7.40	9.48	13.95	18.30	46.30	
08128400	0310	19620310	20150310	48	7.45	15.92	0.00	88.00		0.00	0.00	0.00	0.00	0.00	0.00	0.01	0.76	1.50	1.80	2.20	3.64	5.17	6.26	6.58	9.68	13.95	18.30	48.50	
08128400	0311	19620311	20150311	48	9.77	28.01	0.00	176.00		0.00	0.00	0.00	0.00	0.00	0.00	0.03	0.91	1.50	2.10	2.77	3.54	5.36	6.23	6.50	9.48	12.95	18.30	62.25	
08128400	0312	19620312	20150312	48	8.71	20.88	0.00	115.00		0.00	0.00	0.00	0.00	0.00	0.00	0.02	0.95	1.51	1.95	3.44	3.74	5.49	6.29	7.55	11.00	13.65	18.30	62.90	
08128400	0313	19620313	20150313	48	8.20	18.93	0.00	100.00		0.00	0.00	0.00	0.00	0.00	0.00	0.01	0.83	1.52	1.95	3.25	3.52	5.50	6.13	7.47	10.12	12.95	18.30	60.25	
08128400	0314	19620314	20150314	48	8.03	18.53	0.00	98.00		0.00	0.00	0.00	0.00	0.00	0.00	0.01	0.91	1.52	2.00	2.87	3.60	5.17	5.80	6.40	11.00	13.30	18.20	58.70	
08128400	0315	19620315	20150315	48	7.91	18.26	0.00	97.00		0.00	0.00	0.00	0.00	0.00	0.00	0.01	0.94	1.33	2.10	2.79	3.40	5.08	5.83	6.50	10.20	13.30	18.20	57.60	
08128400	0316	19620316	20150316	48	7.81	18.25	0.00	99.00		0.00	0.00	0.00	0.00	0.00	0.00	0.01	0.94	1.33	2.35	2.78	3.24	5.16	5.92	6.58	9.60	12.95	19.10	55.60	
08128400	0317	19620317	20150317	48	7.92	18.61	0.00	102.00		0.00	0.00	0.00	0.00	0.00	0.00	0.01	0.70	1.33	2.35	2.59	3.08	5.19	6.05	6.58	9.60	13.30	18.30	56.05	
08128400	0318	19620318	20150318	48	7.72	17.42	0.00	93.00		0.00	0.00	0.00	0.00	0.00	0.00	0.01	0.89	1.81	2.30	2.60	3.14	5.77	6.30	6.58	9.60	12.65	18.30	54.05	
08128400	0319	19620319	20150319	48	8.37	17.11	0.00	85.00		0.00	0.00	0.00	0.00	0.00	0.00	0.01	0.92	1.91	2.45	2.79	3.66	5.80	6.36	7.20	10.40	13.65	20.60	61.00	
08128400	0320	19620320	20150320	48	18.41	78.35	0.00	540.00		0.00	0.00	0.00	0.00	0.00	0.00	0.10	0.86	1.91	2.70	3.10	3.66	5.99	6.60	7.83	10.40	13.65	20.60	73.20	
08128400	0321	19620321	20150321	48	11.37	31.47	0.00	199.00		0.00	0.00	0.00	0.00	0.00	0.00	0.06	0.84	1.91	2.60	3.00	3.10	6.07	6.58	9.25	12.20	13.65	19.60	73.10	
08128400	0322	19620322	20150322	48	13.01	37.93	0.00	216.00		0.00	0.00	0.00	0.00	0.00	0.00	0.02	0.81	1.91	2.20	2.59	3.12	5.37	6.51	9.10	12.00	13.65	19.60	110.95	
08128400	0323	19620323	20150323	48	9.94	24.23	0.00	131.00		0.00	0.00	0.00	0.00	0.00	0.00	0.03	0.84	1.91	2.30	2.90	3.44	5.22	6.51	8.85	10.40	13.30	19.50	79.55	
08128400	0324	19620324	20150324	48	7.70	16.82	0.00	101.00		0.00	0.00	0.00	0.00	0.00	0.00	0.05	0.88	1.90	2.20	2.98	3.34	4.78	6.51	8.30	10.00	13.65	19.40	41.95	
08128400	0325	19620325	20150325	48	7.19	15.52	0.00	92.00		0.00	0.00	0.00	0.00	0.00	0.00	0.03	1.00	1.90	2.05	2.69	3.44	4.45	6.18	7.90	9.20	14.00	18.10	40.05	
08128400	0326	19620326	20150326	48	8.95	19.08	0.00	91.00		0.00	0.00	0.00	0.00	0.00	0.00	0.04	1.00	1.81	1.95	2.88	3.52	5.68	7.36	8.35	12.00	15.95	19.40	70.80	
08128400	0327	19620327	20150327	48	7.94	15.73	0.00	91.00		0.00	0.00	0.00	0.00	0.00	0.00	0.04	0.98	1.61	2.00	2.88	3.70	5.57	7.12	8.20	12.20	18.65	23.00	40.40	
08128400	0328	19620328	20150328	48	7.64	15.72	0.00	85.00		0.00	0.00	0.00	0.00	0.00	0.00	0.05	1.08	1.52	2.10	2.69	3.28	5.50	7.09	7.92	8.92	16.55	21.10	46.10	
08128400	0329	19620329	20150329	48	7.34	15.00	0.00	80.00		0.00	0.00	0.00	0.00	0.00	0.00	0.05	0.91	1.52	1.95	2.58	3.56	5.48	6.72	7.83	8.94	15.90	20.10	45.00	
08128400	0330	19620330	20150330	48	6.83	14.03	0.00	80.00		0.00	0.00	0.00	0.00	0.00	0.00	0.06	0.80	1.52	1.90	2.40	3.34	5.43	6.58	7.83	8.74	12.95	18.00	38.60	
08128400	0331	19620331	20150331	48	6.57	13.49	0.00	78.00		0.00	0.00	0.00	0.00	0.00	0.00	0.06	0.80	1.51	1.90	2.40	3.64	5.29	5.99	7.00	8.68	11.00	17.10	36.85	
08128400	0401	19610401	20150401	50	6.50	13.39	0.00	78.00		0.00	0.00	0.00	0.00	0.00	0.00	0.00	0.69	1.29	2.05	2.54	4.42	5.19	5.87	7.05	8.60	10.70	16.80	35.60	
08128400	0402	19610402	20150402	50	6.48	13.15	0.00	76.00		0.00	0.00	0.00	0.00	0.00	0.00	0.00	0.73	1.28	2.10	2.81	3.92	5.12	6.39	7.88	8.84	10.24	16.80	35.05	
08128400	0403	19610403	20150403	50	6.27	12.69	0.00	72.00		0.00	0.00	0.00	0.00	0.00	0.00	0.00	0.63	1.48	2.05	2.62	3.82	4.59	5.79	8.20	8.48	10.12	16.70	34.50	
08128400	0404	19610404	20150404	50	23.02	120.85	0.00	856.00		0.00	0.00	0.00	0.00	0.00	0.00	0.00	0.66	1.29	2.25	2.62	3.96	4.38	5.64	6.83	8.12	10.46	17.90	58.80	
08128400	0405	19610405	20150405	50	22.36	110.65	0.00	781.00		0.00	0.00	0.00	0.00	0.00	0.00	0.00	0.59	1.20	2.05	2.62	3.88	4.58	5.78	7.08	8.62	10.66	17.90	78.80	
08128400	0406	19610406	20150406	50	25.70	140.54	0.00	996.00		0.00	0.00	0.00	0.00	0.00	0.00	0.00	0.65	1.29	2.15	2.62	3.54	4.46	5.21	6.53	8.44	10.66	17.90	56.90	
08128400	0407	19610407	20150407	50	9.68	28.87	0.00	192.00		0.00	0.00	0.00	0.00	0.00	0.00	0.00	0.68	1.29	2.35	2.50	3.14	4.42	4.74	5.85	8.44	14.40	23.40	50.65	
08128400	0408	19610408	20150408	50	8.78	23.46	0.00	151.00		0.00	0.00	0.00	0.00	0.00	0.00	0.00	0.68	1.29	2.15	2.41	3.32	3.81	4.65	6.22	8.50	14.40	25.20	46.75	
08128400	0409	19610409	20150409	50	8.35	21.14	0.00	135.00		0.00	0.00	0.00	0.00	0.00	0.00	0.00	1.14	1.49	2.15	2.61	3.40	4.58	5.58	7.30	10.52	14.05	17.90	43.00	
08128400	0410	19610410	20150410	50	7.87	20.21	0.00	128.00		0.00	0.00	0.00	0.00	0.00	0.00	0.00	1.20	1.59	2.20	2.60	3.12	4.23	5.12	6.53	8.12	12.35	17.90	41.90	
08128400	0411	19610411	20150411	50	7.54	19.01	0.00	119.00		0.00	0.00	0.00	0.00	0.00	0.00	0.00	0.81	1.29	1.90	2.41	3.24	4.45	5.51	6.85	8.12	12.35	17.80	40.35	
08128400	0412	19610412	20150412	50	7.27	18.03	0.00	111.00		0.00	0.00	0.00	0.00	0.00	0.00	0.02	0.74	1.20	1.80	2.23	3.18	4.21	5.51	7.10	8.20	12.35	17.70	39.80	
08128400	0413	19610413	20150413	50	7.06	17.15	0.00	105.00		0.00	0.00	0.00	0.00	0.00	0.00	0.02	0.56	1.20	1.80	2.22	3.06	3.82	5.57	6.00	9.00	12.70	17.70	38.45	
08128400	0414	19610414	20150414	50	8.54	19.89	0.00	104.00		0.00	0.00	0.00	0.00	0.00	0.00	0.03	0.58	1.10	1.70	2.10	2.58	3.94	5.75	6.70	9.76	16.05	19.80	66.95	
08128400	0415	19610415	20150415	50	8.76	20.22	0.00	104.00		0.00	0.00	0.00	0.00	0.00	0.00	0.04	0.50	1.29	1.60	1.81	2.96	3.96	5.67	6.67	9.58	16.05	19.80	67.20	
08128400	0416	19610416	20150416	50	8.63	17.60	0.00	99.00		0.00	0.00	0.00	0.00	0.00	0.00	0.04	0.47	1.09	1.70	1.95	3.58	4.79	6.18	8.43	11.60	18.70	26.50	50.90	
08128400	0417	19610417	20150417	50	13.40	42.16	0.00	279.00		0.00	0.00	0.00	0.00	0.00	0.00	0.05	0.44	1.00	1.60	1.93	3.46	4.48	7.07	8.80	11.80	16.75	26.60	77.85	
08128400	0418	19610418	20150418	50	25.45	129.40	0.00	915.00		0.00	0.00	0.00	0.00	0.00	0.00	0.04	0.42	0.99	1.55	1.92	3.42	4.33	5.36	7.45	13.90	17.05	21.00	74.25	
08128400	0419	19610419	20150419	50	8.25	18.00	0.00	93.00		0.00	0.00	0.00	0.00	0.00	0.00	0.04	0.39	0.99	1.65	2.25	3.60	4.03	5.18	6.80	13.40	16.35	18.00	61.90	
08128400	0420	19610420	20150420	50	7.48	15.13	0.00	88.00		0.00	0.00	0.00	0.00	0.00	0.00	0.05	0.34	0.99	1.55	2.23	3.62	4.20	6.21	8.07	12.60	15.05	19.80	40.75	
08128400	0421	19610421	20150421	50	7.06	15.72	0.00	84.00		0.00	0.00	0.00	0.00	0.00	0.00	0.05	0.29	0.89	1.50	2.31	3.50	3.96	5.47	7.33	10.74	13.00	17.80	43.40	
08128400	0422	19610422	20150422	50	6.43	14.45	0.00	80.00		0.00	0.00	0.00	0.00	0.00	0.00	0.05	0.34	0.84	1.55	2.02	3.36	3.92	4.87	6.10	9.38	12.00	14.80	38.80	
08128400	0423	19610423	20150423	50	6.57	13.85	0.00	72.00		0.00	0.00	0.00	0.00	0.00	0.00	0.05	0.34	0.72	1.50	1.94	3.36	3.83	4.51	6.12	10.48	12.00	14.80	47.85	
08128400	0424	19610424	20150424	50	7.01	13.74	0.00	69.00		0.00	0.00	0.00	0.00	0.00	0.00	0.10	0.45	0.98	1.60	2.52	3.16	3.66	5.05	8.07	11.00	13.00	17.70	45.85	
08128400	0425	19610425	20150425	50	52.33	324.62	0.00	2300.00		0.00	0.00	0.00	0.00	0.00	0.00	0.09	0.51	0.90	1.50	2.23	3.22	3.53	5.63	8.53	10.78	14.35	17.90	62.50	
08128400	0426	19610426	20150426	50	12.91	47.93	0.00	333.00		0.00	0.00	0.00	0.00	0.00	0.00	0.09	0.57	0.99	1.45	1.81	3.00	3.52	5.36	8.22	10.56	14.00	20.70	58.75	
08128400	0427	19610427	20150427	50	6.33	12.43	0.00	65.00		0.00	0.00	0.00	0.00	0.00	0.00	0.13	0.56	1.19	1.40	2.02	2.82	3.13	4.74	7.95	10.52	13.00	17.60	40.30	
08128400	0428	19610428	20150428	50	7.95	17.48	0.00	85.00		0.00	0.00	0.00	0.00	0.00	0.00	0.14	0.62	1.28	1.40	2.21	2.74	3.50	5.79	7.35	8.18	11.70	17.50	61.35	
08128400	0429	19610429	20150429	50	6.73	12.91	0.00	60.00		0.00	0.00	0.00	0.00	0.00	0.00	0.12	0.61	1.10	1.40	2.31	2.70	3.52	5.70	7.20	10.36	13.00	16.70	45.50	
08128400	0430	19610430	20150430	50	12.65	35.78	0.00	225.00		0.00	0.00	0.00	0.00	0.00	0.00	0.11	0.94	1.09	1.75	2.50	3.20	4.13	6.12	7.40	10.80	16.00	33.90	80.50	
08128400	0501	19610501	20150501	50	64.66	416.52	0.00	2950.00		0.00	0.00	0.00	0.00	0.00	0.00	0.10	0.69	1.09	1.90	2.41	2.76	3.92	5.21	7.10	10.38	13.05	15.90	51.15	
08128400	0502	19610502	20150502	50	10.57	35.34	0.00	243.00		0.00	0.00	0.00	0.00	0.00	0.00	0.12	0.59	0.98	1.45	2.31	2.46	4.24	6.63	7.85	10.76	12.35	15.00	53.45	
08128400	0503	19610503	20150503	50	6.48	12.03	0.00	51.00		0.00	0.00	0.00	0.00	0.00	0.00	0.13	0.59	0.87	1.30	2.21	2.70	4.18	5.57	7.78	9.38	13.70	17.70	47.80	
08128400	0504	19610504	20150504	50	5.41	9.69	0.00	50.00		0.00	0.00	0.00	0.00	0.00	0.00	0.13	0.59	0.87	1.15	2.04	3.40	4.06	4.81	7.25	8.78	11.05	14.90	29.10	
08128400	0505	19610505	20150505	50	18.47	94.76	0.00	672.00		0.00	0.00	0.00	0.00	0.00	0.03	0.36	0.58	0.92	1.45	2.35	3.40	4.17	5.65	6.80	9.06	10.00	17.50	42.40	
08128400	0506	19610506	20150506	50	22.90	123.46	0.00	876.00		0.00	0.00	0.00	0.00	0.00	0.03	0.33	0.63	0.84	2.10	3.30	3.70	4.71	5.90	6.42	8.04	13.35	21.50	40.85	
08128400	0507	19610507	20150507	50	12.91	42.80	0.00	271.00		0.00	0.00	0.00	0.00	0.00	0.02	0.26	0.66	0.73	2.05	3.20	3.30	3.86	5.53	6.47	8.12	12.40	20.40	88.20	
08128400	0508	19610508	20150508	50	7.23	15.72	0.00	77.00		0.00	0.00	0.00	0.00	0.00	0.02	0.19	0.55	0.73	1.85	2.51	3.06	3.81	4.93	5.55	8.12	11.01	19.40	53.80	
08128400	0509	19610509	20150509	50	11.09	45.98	0.00	324.00		0.00	0.00	0.00	0.00	0.00	0.01	0.41	0.51	0.65	1.45	2.50	2.90	3.62	3.97	5.03	7.18	10.43	18.60	38.95	
08128400	0510	19610510	20150510	50	9.18	21.16	0.00	98.00		0.00	0.00	0.00	0.00	0.00	0.12	0.44	0.65	1.66	2.20	2.81	3.20	3.36	4.57	5.92	7.32	9.97	30.70	78.90	
08128400	0511	19610511	20150511	50	22.00	111.34	0.00	789.00		0.00	0.00	0.00	0.00	0.00	0.10	0.45	0.68	1.18	1.65	2.71	2.90	3.23	3.81	5.12	6.84	18.00	31.90	45.45	
08128400	0512	19610512	20150512	50	15.36	52.03	0.00	356.00		0.00	0.00	0.00	0.00	0.00	0.35	0.55	0.61	0.89	2.20	2.41	2.72	2.92	5.10	6.30	10.94	25.80	42.00	71.65	
08128400	0513	19610513	20150513	50	12.83	36.73	0.00	224.00		0.00	0.00	0.00	0.00	0.00	0.29	0.54	0.63	1.08	2.15	2.40	2.62	2.86	4.40	6.00	9.32	19.20	31.00	89.35	
08128400	0514	19610514	20150514	50	24.14	112.43	0.00	777.00		0.00	0.00	0.00	0.00	0.00	0.29	0.37	0.51	0.66	1.55	2.20	2.56	3.10	3.24	5.95	8.68	12.35	24.40	112.65	
08128400	0515	19610515	20150515	50	27.32	137.40	0.00	970.00		0.00	0.00	0.00	0.00	0.00	0.21	0.31	0.56	1.08	1.85	2.60	2.88	3.50	5.72	6.62	7.92	13.05	32.80	90.60	
08128400	0516	19610516	20150516	50	23.61	100.78	0.00	680.00		0.00	0.00	0.00	0.00	0.00	0.16	0.26	0.57	0.90	1.75	2.21	2.58	2.98	5.57	6.25	9.10	14.00	29.90	137.45	
08128400	0517	19610517	20150517	50	12.62	49.66	0.00	348.00		0.00	0.00	0.00	0.00	0.00	0.13	0.24	0.46	0.64	1.45	2.10	2.20	2.75	4.45	5.67	9.10	13.70	25.40	45.05	
08128400	0518	19610518	20150518	50	28.43	166.46	0.00	1180.00		0.00	0.00	0.00	0.00	0.00	0.14	0.18	0.31	0.62	1.20	2.10	2.30	2.75	4.05	5.53	8.20	9.98	19.50	43.50	
08128400	0519	19610519	20150519	50	60.82	311.99	0.00	2110.00		0.00	0.00	0.00	0.00	0.00	0.12	0.22	0.29	0.65	1.60	1.91	2.40	2.52	4.53	5.62	6.88	12.40	22.50	344.20	
08128400	0520	19610520	20150520	50	17.01	60.25	0.00	416.00		0.00	0.00	0.00	0.00	0.02	0.14	0.24	0.47	1.78	2.00	2.20	2.40	3.71	5.04	7.10	14.60	24.45	40.00	72.75	
08128400	0521	19610521	20150521	50	7.92	16.57	0.00	79.00		0.00	0.00	0.00	0.00	0.01	0.13	0.17	0.38	1.49	1.80	1.91	2.32	3.12	4.15	5.50	8.88	18.35	19.90	55.90	
08128400	0522	19610522	20150522	50	6.43	13.30	0.00	74.00		0.00	0.00	0.00	0.00	0.00	0.11	0.13	0.34	1.09	1.45	1.71	2.16	3.02	4.87	5.62	8.78	14.05	19.90	39.80	
08128400	0523	19610523	20150523	50	4.79	8.89	0.00	44.00		0.00	0.00	0.00	0.00	0.00	0.08	0.11	0.30	0.86	1.20	1.71	2.00	2.10	4.48	4.85	8.12	11.35	14.80	28.20	
08128400	0524	19610524	20150524	50	4.98	11.63	0.00	67.00		0.00	0.00	0.00	0.00	0.00	0.04	0.14	0.21	0.47	1.05	1.22	1.66	1.86	2.85	3.80	5.56	10.00	12.90	33.95	
08128400	0525	19610525	20150525	50	18.57	97.39	0.00	689.00		0.00	0.00	0.00	0.00	0.00	0.06	0.16	0.36	0.78	0.91	1.30	1.66	1.75	2.35	3.75	7.94	11.00	14.70	49.80	
08128400	0526	19610526	20150526	50	7.66	23.48	0.00	152.00		0.00	0.00	0.00	0.00	0.00	0.07	0.13	0.36	0.65	0.81	0.90	1.30	1.70	2.04	3.12	8.66	11.00	13.70	51.35	
08128400	0527	19610527	20150527	50	9.69	35.08	0.00	243.00		0.00	0.00	0.00	0.00	0.00	0.06	0.16	0.39	0.50	0.77	0.97	1.68	2.04	3.52	5.85	8.70	12.40	20.50	44.80	
08128400	0528	19610528	20150528	50	5.71	12.06	0.00	56.00		0.00	0.00	0.00	0.00	0.00	0.06	0.09	0.27	0.39	0.70	0.89	1.42	2.13	3.65	6.50	7.96	9.35	13.90	39.90	
08128400	0529	19610529	20150529	50	18.05	90.47	0.00	638.00		0.00	0.00	0.00	0.00	0.00	0.04	0.11	0.22	0.41	0.71	0.85	1.28	2.38	3.85	6.00	8.34	10.00	12.70	57.35	
08128400	0530	19610530	20150530	50	7.43	19.15	0.00	105.00		0.00	0.00	0.00	0.00	0.00	0.02	0.11	0.23	0.40	0.56	0.95	1.26	2.40	3.49	6.25	7.86	11.00	22.80	55.35	
08128400	0531	19610531	20150531	50	7.65	20.51	0.00	120.00		0.00	0.00	0.00	0.00	0.00	0.02	0.10	0.18	0.28	0.44	0.90	1.30	1.72	2.85	5.72	7.50	11.35	25.00	52.10	
08128400	0601	19610601	20150601	50	6.81	17.41	0.00	93.00		0.00	0.00	0.00	0.00	0.00	0.02	0.09	0.12	0.29	0.56	0.90	1.38	1.83	2.95	4.78	6.78	10.70	21.40	53.10	
08128400	0602	19610602	20150602	50	44.10	202.98	0.00	1350.00		0.00	0.00	0.00	0.00	0.00	0.00	0.06	0.10	0.29	0.48	0.82	1.10	1.48	2.47	4.08	6.96	11.05	18.90	327.80	
08128400	0603	19610603	20150603	50	121.89	788.42	0.00	5580.00		0.00	0.00	0.00	0.00	0.00	0.01	0.04	0.14	0.35	0.59	1.21	1.40	2.13	2.84	4.58	8.20	13.40	52.10	140.80	
08128400	0604	19610604	20150604	50	42.40	252.56	0.00	1790.00		0.00	0.00	0.00	0.00	0.00	0.00	0.02	0.12	0.34	0.47	1.10	1.16	1.83	2.21	5.00	10.56	24.35	35.80	53.40	
08128400	0605	19610605	20150605	50	10.10	33.39	0.00	227.00		0.00	0.00	0.00	0.00	0.00	0.00	0.01	0.12	0.33	0.56	0.92	1.26	1.92	3.88	7.83	12.60	15.35	19.70	51.45	
08128400	0606	19610606	20150606	50	16.07	68.58	0.00	470.00		0.00	0.00	0.00	0.00	0.00	0.00	0.01	0.08	0.27	0.52	0.77	1.00	1.31	1.91	4.65	7.20	12.35	13.90	87.85	
08128400	0607	19610607	20150607	50	15.00	59.21	0.00	375.00		0.00	0.00	0.00	0.00	0.00	0.00	0.01	0.06	0.20	0.40	0.66	0.84	1.13	2.14	4.10	6.84	9.38	13.70	114.90	
08128400	0608	19610608	20150608	50	6.73	19.02	0.00	99.00		0.00	0.00	0.00	0.00	0.00	0.00	0.03	0.08	0.20	0.36	0.57	0.97	1.63	2.51	3.70	5.80	7.96	13.70	64.60	
08128400	0609	19610609	20150609	50	11.33	41.28	0.00	271.00		0.00	0.00	0.00	0.00	0.00	0.00	0.02	0.08	0.18	0.27	0.42	0.64	1.08	2.04	3.73	5.98	9.15	16.00	76.15	
08128400	0610	19610610	20150610	50	7.46	20.10	0.00	102.00		0.00	0.00	0.00	0.00	0.00	0.00	0.01	0.07	0.16	0.24	0.32	0.80	1.75	2.57	3.50	5.76	10.75	20.30	71.40	
08128400	0611	19610611	20150611	50	6.16	15.68	0.00	71.00		0.00	0.00	0.00	0.00	0.00	0.00	0.00	0.04	0.10	0.17	0.38	0.76	1.61	2.11	4.75	7.10	9.05	12.80	60.90	
08128400	0612	19610612	20150612	50	5.34	14.97	0.00	70.00		0.00	0.00	0.00	0.00	0.00	0.00	0.00	0.08	0.09	0.17	0.37	0.91	1.60	2.28	2.70	4.60	7.47	10.73	56.25	
08128400	0613	19610613	20150613	50	9.20	33.61	0.00	224.00		0.00	0.00	0.00	0.00	0.00	0.00	0.02	0.04	0.10	0.23	0.47	1.04	1.45	2.54	3.75	5.42	7.29	11.73	60.95	
08128400	0614	19610614	20150614	50	14.11	69.71	0.00	490.00		0.00	0.00	0.00	0.00	0.00	0.00	0.00	0.02	0.09	0.25	0.37	0.99	1.20	2.66	3.75	4.64	6.72	10.74	56.75	
08128400	0615	19610615	20150615	50	4.54	11.76	0.00	63.00		0.00	0.00	0.00	0.00	0.00	0.00	0.00	0.00	0.09	0.17	0.46	0.92	1.05	2.40	3.42	4.28	7.13	9.73	35.90	
08128400	0616	19610616	20150616	50	9.70	28.82	0.00	163.00		0.00	0.00	0.00	0.00	0.00	0.00	0.00	0.05	0.14	0.32	0.81	1.12	2.63	3.24	4.72	6.86	9.29	22.70	81.85	
08128400	0617	19610617	20150617	50	16.50	52.24	0.00	232.00		0.00	0.00	0.00	0.00	0.00	0.00	0.00	0.06	0.10	0.42	0.72	0.98	2.03	3.26	4.65	5.08	7.85	40.50	208.75	
08128400	0618	19610618	20150618	50	14.38	69.35	0.00	488.00		0.00	0.00	0.00	0.00	0.00	0.00	0.00	0.05	0.10	0.22	0.57	0.85	1.70	2.48	4.25	5.24	6.43	22.45	51.25	
08128400	0619	19610619	20150619	50	16.79	82.54	0.00	575.00		0.00	0.00	0.00	0.00	0.00	0.00	0.00	0.03	0.07	0.16	0.44	0.62	1.33	2.27	3.67	4.06	5.28	7.63	80.10	
08128400	0620	19610620	20150620	50	6.40	22.85	0.00	150.00		0.00	0.00	0.00	0.00	0.00	0.00	0.00	0.02	0.04	0.09	0.46	0.62	0.97	1.65	2.90	3.46	5.24	7.67	44.85	
08128400	0621	19610621	20150621	50	5.09	12.80	0.00	52.00		0.00	0.00	0.00	0.00	0.00	0.00	0.00	0.00	0.03	0.06	0.45	0.69	0.93	1.94	2.65	3.42	5.78	15.60	47.70	
08128400	0622	19610622	20150622	50	4.96	14.20	0.00	75.00		0.00	0.00	0.00	0.00	0.00	0.00	0.00	0.00	0.00	0.05	0.36	0.59	0.91	1.52	2.17	3.50	4.64	7.23	44.70	
08128400	0623	19610623	20150623	50	3.67	9.75	0.00	46.00		0.00	0.00	0.00	0.00	0.00	0.00	0.00	0.00	0.01	0.03	0.41	0.48	0.63	1.00	1.88	3.20	4.17	7.26	33.50	
08128400	0624	19610624	20150624	50	2.91	8.35	0.00	44.00		0.00	0.00	0.00	0.00	0.00	0.00	0.00	0.00	0.00	0.02	0.33	0.48	0.66	0.77	1.55	2.42	3.51	6.76	27.85	
08128400	0625	19610625	20150625	50	2.80	7.81	0.00	42.00		0.00	0.00	0.00	0.00	0.00	0.00	0.00	0.00	0.00	0.12	0.39	0.48	0.62	0.90	1.32	2.16	3.10	8.02	24.30	
08128400	0626	19610626	20150626	50	4.86	18.52	0.00	123.00		0.00	0.00	0.00	0.00	0.00	0.00	0.00	0.00	0.00	0.10	0.30	0.41	0.56	0.68	1.43	1.84	2.67	7.98	34.60	
08128400	0627	19610627	20150627	50	3.33	8.42	0.00	42.00		0.00	0.00	0.00	0.00	0.00	0.00	0.00	0.00	0.00	0.06	0.18	0.31	0.47	0.62	1.30	2.36	5.54	13.60	26.15	
08128400	0628	19610628	20150628	50	2.91	7.88	0.00	43.00		0.00	0.00	0.00	0.00	0.00	0.00	0.00	0.00	0.00	0.08	0.12	0.23	0.41	0.49	0.77	2.00	5.94	11.54	22.30	
08128400	0629	19610629	20150629	50	2.69	7.33	0.00	39.00		0.00	0.00	0.00	0.00	0.00	0.00	0.00	0.00	0.00	0.07	0.11	0.25	0.39	0.52	0.65	2.16	5.72	9.76	20.00	
08128400	0630	19610630	20150630	50	5.94	21.85	0.00	144.00		0.00	0.00	0.00	0.00	0.00	0.00	0.00	0.00	0.00	0.01	0.17	0.24	0.31	0.39	1.31	4.84	7.71	9.75	43.40	
08128400	0701	19610701	20150701	50	2.87	7.90	0.00	41.00		0.00	0.00	0.00	0.00	0.00	0.00	0.00	0.00	0.00	0.00	0.13	0.18	0.21	0.34	1.16	3.80	5.36	8.43	22.80	
08128400	0702	19610702	20150702	50	2.33	6.78	0.00	34.00		0.00	0.00	0.00	0.00	0.00	0.00	0.00	0.00	0.00	0.00	0.09	0.15	0.20	0.27	1.52	2.36	3.71	7.13	19.64	
08128400	0703	19610703	20150703	50	2.44	7.22	0.00	39.00		0.00	0.00	0.00	0.00	0.00	0.00	0.00	0.00	0.00	0.00	0.04	0.13	0.18	0.25	0.51	1.83	3.15	6.62	23.05	
08128400	0704	19610704	20150704	50	2.13	6.21	0.00	34.00		0.00	0.00	0.00	0.00	0.00	0.00	0.00	0.00	0.00	0.00	0.04	0.12	0.16	0.24	0.33	1.94	3.75	6.18	16.76	
08128400	0705	19610705	20150705	50	2.13	6.11	0.00	35.00		0.00	0.00	0.00	0.00	0.00	0.00	0.00	0.00	0.00	0.00	0.03	0.13	0.17	0.26	0.47	2.80	4.58	6.13	15.42	
08128400	0706	19610706	20150706	50	1.87	5.61	0.00	31.00		0.00	0.00	0.00	0.00	0.00	0.00	0.00	0.00	0.00	0.00	0.02	0.12	0.16	0.23	0.31	2.04	3.44	5.35	14.54	
08128400	0707	19610707	20150707	50	2.27	6.31	0.00	29.00		0.00	0.00	0.00	0.00	0.00	0.00	0.00	0.00	0.00	0.00	0.01	0.09	0.17	0.21	0.30	2.82	4.11	5.62	24.25	
08128400	0708	19610708	20150708	50	8.32	47.39	0.00	335.00		0.00	0.00	0.00	0.00	0.00	0.00	0.00	0.00	0.00	0.00	0.00	0.07	0.13	0.22	0.28	2.50	4.07	5.08	23.70	
08128400	0709	19610709	20150709	50	4.73	17.13	0.00	108.00		0.00	0.00	0.00	0.00	0.00	0.00	0.00	0.00	0.00	0.00	0.01	0.06	0.13	0.27	0.85	2.58	4.07	5.02	37.25	
08128400	0710	19610710	20150710	50	2.00	5.05	0.00	26.00		0.00	0.00	0.00	0.00	0.00	0.00	0.00	0.00	0.00	0.00	0.00	0.05	0.08	0.22	1.38	2.70	4.07	5.44	16.15	
08128400	0711	19610711	20150711	50	1.68	4.61	0.00	25.00		0.00	0.00	0.00	0.00	0.00	0.00	0.00	0.00	0.00	0.00	0.00	0.04	0.07	0.17	0.76	2.36	2.75	4.24	13.45	
08128400	0712	19610712	20150712	50	3.12	9.70	0.00	55.00		0.00	0.00	0.00	0.00	0.00	0.00	0.00	0.00	0.00	0.00	0.00	0.02	0.04	0.20	0.67	1.68	2.62	8.57	27.70	
08128400	0713	19610713	20150713	50	2.62	8.59	0.00	53.00		0.00	0.00	0.00	0.00	0.00	0.00	0.00	0.00	0.00	0.00	0.00	0.01	0.06	0.17	0.38	1.58	2.62	8.92	20.70	
08128400	0714	19610714	20150714	50	1.83	5.13	0.00	24.00		0.00	0.00	0.00	0.00	0.00	0.00	0.00	0.00	0.00	0.00	0.00	0.00	0.06	0.14	0.33	1.38	2.50	4.40	18.45	
08128400	0715	19610715	20150715	50	1.66	4.76	0.00	23.00		0.00	0.00	0.00	0.00	0.00	0.00	0.00	0.00	0.00	0.00	0.00	0.00	0.04	0.09	0.32	1.44	1.94	3.04	15.80	
08128400	0716	19610716	20150716	50	1.48	4.45	0.00	22.00		0.00	0.00	0.00	0.00	0.00	0.00	0.00	0.00	0.00	0.00	0.00	0.00	0.02	0.07	0.30	1.22	1.54	2.62	14.60	
08128400	0717	19610717	20150717	50	1.89	5.37	0.00	26.00		0.00	0.00	0.00	0.00	0.00	0.00	0.00	0.00	0.00	0.00	0.00	0.01	0.02	0.08	0.43	1.28	1.60	7.73	16.95	
08128400	0718	19610718	20150718	50	2.01	5.58	0.00	25.00		0.00	0.00	0.00	0.00	0.00	0.00	0.00	0.00	0.00	0.00	0.00	0.01	0.02	0.14	0.35	1.16	1.41	8.12	20.45	
08128400	0719	19610719	20150719	50	1.56	4.70	0.00	25.00		0.00	0.00	0.00	0.00	0.00	0.00	0.00	0.00	0.00	0.00	0.00	0.00	0.02	0.15	0.31	0.99	1.37	5.23	14.70	
08128400	0720	19610720	20150720	50	1.43	4.45	0.00	24.00		0.00	0.00	0.00	0.00	0.00	0.00	0.00	0.00	0.00	0.00	0.00	0.00	0.00	0.06	0.27	0.78	1.13	4.92	13.70	
08128400	0721	19610721	20150721	50	1.38	4.24	0.00	23.00		0.00	0.00	0.00	0.00	0.00	0.00	0.00	0.00	0.00	0.00	0.00	0.00	0.00	0.06	0.25	0.52	1.09	5.67	12.70	
08128400	0722	19610722	20150722	50	1.43	4.27	0.00	24.00		0.00	0.00	0.00	0.00	0.00	0.00	0.00	0.00	0.00	0.00	0.00	0.00	0.01	0.10	0.30	0.66	1.50	5.28	12.25	
08128400	0723	19610723	20150723	50	6.92	39.21	0.00	277.00		0.00	0.00	0.00	0.00	0.00	0.00	0.00	0.00	0.00	0.00	0.00	0.00	0.00	0.07	0.22	0.66	2.23	5.12	19.15	
08128400	0724	19610724	20150724	50	9.97	61.19	0.00	433.00		0.00	0.00	0.00	0.00	0.00	0.00	0.00	0.00	0.00	0.00	0.00	0.00	0.00	0.05	0.17	0.63	2.50	4.56	18.05	
08128400	0725	19610725	20150725	50	2.95	10.51	0.00	66.00		0.00	0.00	0.00	0.00	0.00	0.00	0.00	0.00	0.00	0.00	0.00	0.00	0.00	0.06	0.20	0.54	2.72	5.74	24.15	
08128400	0726	19610726	20150726	50	1.56	4.54	0.00	20.00		0.00	0.00	0.00	0.00	0.00	0.00	0.00	0.00	0.00	0.00	0.00	0.00	0.00	0.06	0.14	0.56	2.14	4.18	16.70	
08128400	0727	19610727	20150727	50	1.67	5.62	0.00	29.00		0.00	0.00	0.00	0.00	0.00	0.00	0.00	0.00	0.00	0.00	0.00	0.00	0.00	0.08	0.13	0.50	1.41	3.94	18.40	
08128400	0728	19610728	20150728	50	2.23	8.25	0.00	52.00		0.00	0.00	0.00	0.00	0.00	0.00	0.00	0.00	0.00	0.00	0.00	0.00	0.00	0.09	0.23	0.59	1.96	4.27	18.40	
08128400	0729	19610729	20150729	50	1.48	4.93	0.00	28.00		0.00	0.00	0.00	0.00	0.00	0.00	0.00	0.00	0.00	0.00	0.00	0.00	0.00	0.06	0.15	0.52	1.28	4.00	14.70	
08128400	0730	19610730	20150730	50	1.31	4.23	0.00	24.00		0.00	0.00	0.00	0.00	0.00	0.00	0.00	0.00	0.00	0.00	0.00	0.00	0.00	0.06	0.12	0.43	1.97	2.74	12.80	
08128400	0731	19610731	20150731	50	1.20	3.88	0.00	22.00		0.00	0.00	0.00	0.00	0.00	0.00	0.00	0.00	0.00	0.00	0.00	0.00	0.00	0.05	0.11	0.45	1.35	2.55	11.90	
08128400	0801	19610801	20150801	50	1.12	3.60	0.00	21.00		0.00	0.00	0.00	0.00	0.00	0.00	0.00	0.00	0.00	0.00	0.00	0.00	0.00	0.04	0.13	0.46	1.09	2.65	10.45	
08128400	0802	19610802	20150802	50	1.10	3.56	0.00	21.00		0.00	0.00	0.00	0.00	0.00	0.00	0.00	0.00	0.00	0.00	0.00	0.00	0.00	0.01	0.12	0.38	1.10	2.75	10.00	
08128400	0803	19610803	20150803	50	11.26	70.80	0.00	501.00		0.00	0.00	0.00	0.00	0.00	0.00	0.00	0.00	0.00	0.00	0.00	0.00	0.00	0.01	0.21	0.45	1.61	4.10	19.70	
08128400	0804	19610804	20150804	50	21.01	141.18	0.00	999.00		0.00	0.00	0.00	0.00	0.00	0.00	0.00	0.00	0.00	0.00	0.00	0.00	0.00	0.01	0.21	0.40	1.31	3.20	15.02	
08128400	0805	19610805	20150805	50	3.19	13.82	0.00	94.00		0.00	0.00	0.00	0.00	0.00	0.00	0.00	0.00	0.00	0.00	0.00	0.00	0.00	0.00	0.13	0.55	1.14	7.02	20.90	
08128400	0806	19610806	20150806	50	1.54	5.36	0.00	32.00		0.00	0.00	0.00	0.00	0.00	0.00	0.00	0.00	0.00	0.00	0.00	0.00	0.00	0.00	0.11	0.48	1.02	4.99	12.95	
08128400	0807	19610807	20150807	50	1.11	3.56	0.00	17.00		0.00	0.00	0.00	0.00	0.00	0.00	0.00	0.00	0.00	0.00	0.00	0.00	0.00	0.00	0.07	0.34	0.94	3.06	11.72	
08128400	0808	19610808	20150808	50	0.86	2.81	0.00	16.00		0.00	0.00	0.00	0.00	0.00	0.00	0.00	0.00	0.00	0.00	0.00	0.00	0.00	0.00	0.06	0.31	0.74	1.58	8.18	
08128400	0809	19610809	20150809	50	0.71	2.42	0.00	15.00		0.00	0.00	0.00	0.00	0.00	0.00	0.00	0.00	0.00	0.00	0.00	0.00	0.00	0.00	0.12	0.33	0.64	1.65	5.64	
08128400	0810	19610810	20150810	50	0.67	2.25	0.00	14.00		0.00	0.00	0.00	0.00	0.00	0.00	0.00	0.00	0.00	0.00	0.00	0.00	0.00	0.00	0.25	0.36	0.94	1.66	4.99	
08128400	0811	19610811	20150811	50	45.93	319.52	0.00	2260.00		0.00	0.00	0.00	0.00	0.00	0.00	0.00	0.00	0.00	0.00	0.00	0.00	0.00	0.03	0.27	0.57	1.11	2.29	10.87	
08128400	0812	19610812	20150812	50	18.13	87.39	0.00	512.00		0.00	0.00	0.00	0.00	0.00	0.00	0.00	0.00	0.00	0.00	0.00	0.00	0.00	0.16	0.30	0.50	1.23	3.33	169.90	
08128400	0813	19610813	20150813	50	2.25	7.80	0.00	38.00		0.00	0.00	0.00	0.00	0.00	0.00	0.00	0.00	0.00	0.00	0.00	0.00	0.00	0.17	0.36	0.51	1.27	2.30	27.20	
08128400	0814	19610814	20150814	50	8.14	42.79	0.00	297.00		0.00	0.00	0.00	0.00	0.00	0.00	0.00	0.00	0.00	0.00	0.00	0.00	0.00	0.23	0.46	0.92	1.34	6.73	39.60	
08128400	0815	19610815	20150815	50	23.72	121.92	0.00	809.00		0.00	0.00	0.00	0.00	0.00	0.00	0.00	0.00	0.00	0.00	0.00	0.00	0.03	0.28	0.64	0.97	1.44	8.81	155.20	
08128400	0816	19610816	20150816	50	7.30	27.93	0.00	144.00		0.00	0.00	0.00	0.00	0.00	0.00	0.00	0.00	0.00	0.00	0.00	0.00	0.03	0.29	0.75	0.98	1.70	8.11	87.00	
08128400	0817	19610817	20150817	50	7.66	30.80	0.00	194.00		0.00	0.00	0.00	0.00	0.00	0.00	0.00	0.00	0.00	0.00	0.00	0.00	0.18	0.67	1.05	1.66	4.25	13.42	60.75	
08128400	0818	19610818	20150818	50	4.92	15.76	0.00	83.00		0.00	0.00	0.00	0.00	0.00	0.00	0.00	0.00	0.00	0.00	0.00	0.00	0.15	0.44	1.02	1.58	7.01	9.78	51.70	
08128400	0819	19610819	20150819	50	1.71	5.95	0.00	39.00		0.00	0.00	0.00	0.00	0.00	0.00	0.00	0.00	0.00	0.00	0.00	0.00	0.03	0.46	0.83	0.98	1.71	5.07	10.82	
08128400	0820	19610820	20150820	50	1.16	3.74	0.00	21.00		0.00	0.00	0.00	0.00	0.00	0.00	0.00	0.00	0.00	0.00	0.00	0.00	0.02	0.20	0.52	0.64	0.96	2.67	10.88	
08128400	0821	19610821	20150821	50	0.96	3.02	0.00	15.00		0.00	0.00	0.00	0.00	0.00	0.00	0.00	0.00	0.00	0.00	0.00	0.00	0.00	0.10	0.39	0.52	0.92	2.19	10.37	
08128400	0822	19610822	20150822	50	0.93	2.74	0.00	15.00		0.00	0.00	0.00	0.00	0.00	0.00	0.00	0.00	0.00	0.00	0.00	0.00	0.01	0.21	0.39	0.49	1.41	2.14	8.68	
08128400	0823	19610823	20150823	50	1.49	5.55	0.00	36.00		0.00	0.00	0.00	0.00	0.00	0.00	0.00	0.00	0.00	0.00	0.00	0.00	0.00	0.12	0.36	0.47	1.27	1.94	10.59	
08128400	0824	19610824	20150824	50	4.03	23.05	0.00	163.00		0.00	0.00	0.00	0.00	0.00	0.00	0.00	0.00	0.00	0.00	0.00	0.00	0.02	0.21	0.39	0.89	1.44	2.26	10.30	
08128400	0825	19610825	20150825	50	0.69	2.10	0.00	12.00		0.00	0.00	0.00	0.00	0.00	0.00	0.00	0.00	0.00	0.00	0.00	0.00	0.01	0.08	0.34	0.63	1.07	1.49	6.20	
08128400	0826	19610826	20150826	50	0.65	2.20	0.00	13.00		0.00	0.00	0.00	0.00	0.00	0.00	0.00	0.00	0.00	0.00	0.00	0.00	0.00	0.04	0.23	0.46	0.72	1.19	5.85	
08128400	0827	19610827	20150827	50	8.14	37.56	0.00	244.00		0.00	0.00	0.00	0.00	0.00	0.00	0.00	0.00	0.00	0.00	0.00	0.00	0.03	0.44	0.51	0.78	1.27	12.06	57.65	
08128400	0828	19610828	20150828	50	23.94	132.40	0.00	932.00		0.00	0.00	0.00	0.00	0.00	0.00	0.00	0.00	0.00	0.00	0.00	0.00	0.17	0.49	0.74	0.88	3.15	13.90	86.55	
08128400	0829	19610829	20150829	50	14.53	46.04	0.00	212.00		0.00	0.00	0.00	0.00	0.00	0.00	0.00	0.00	0.00	0.00	0.00	0.00	0.41	0.51	0.83	3.54	12.00	48.30	175.20	
08128400	0830	19610830	20150830	50	9.77	54.75	0.00	387.00		0.00	0.00	0.00	0.00	0.00	0.00	0.00	0.00	0.00	0.00	0.00	0.00	0.32	0.50	0.79	2.60	5.18	9.70	24.45	
08128400	0831	19610831	20150831	50	6.98	34.21	0.00	238.00		0.00	0.00	0.00	0.00	0.00	0.00	0.00	0.00	0.00	0.00	0.00	0.00	0.30	0.53	0.59	0.71	2.47	10.19	32.05	
08128400	0901	19610901	20150901	50	2.74	9.16	0.00	57.00		0.00	0.00	0.00	0.00	0.00	0.00	0.00	0.00	0.00	0.00	0.00	0.00	0.08	0.42	0.67	1.51	2.13	10.15	21.15	
08128400	0902	19610902	20150902	50	72.44	503.29	0.00	3560.00		0.00	0.00	0.00	0.00	0.00	0.00	0.00	0.00	0.00	0.00	0.00	0.00	0.33	0.62	0.90	1.80	3.97	5.01	13.80	
08128400	0903	19610903	20150903	50	25.20	171.00	0.00	1210.00		0.00	0.00	0.00	0.00	0.00	0.00	0.00	0.00	0.00	0.00	0.00	0.00	0.42	0.69	0.82	1.50	2.07	3.64	12.80	
08128400	0904	19610904	20150904	50	4.80	16.31	0.00	87.00		0.00	0.00	0.00	0.00	0.00	0.00	0.00	0.00	0.00	0.00	0.00	0.19	0.53	0.71	0.80	1.16	2.35	10.38	53.25	
08128400	0905	19610905	20150905	50	40.06	200.43	0.00	1330.00		0.00	0.00	0.00	0.00	0.00	0.00	0.00	0.00	0.00	0.00	0.00	0.20	0.54	0.63	0.99	1.68	6.45	13.70	278.90	
08128400	0906	19610906	20150906	50	22.77	142.81	0.00	1010.00		0.00	0.00	0.00	0.00	0.00	0.00	0.00	0.00	0.00	0.00	0.00	0.22	0.42	0.53	0.94	1.72	3.10	9.39	38.85	
08128400	0907	19610907	20150907	50	3.90	19.32	0.00	136.00		0.00	0.00	0.00	0.00	0.00	0.00	0.00	0.00	0.00	0.00	0.00	0.05	0.39	0.48	0.82	1.16	2.27	4.98	13.70	
08128400	0908	19610908	20150908	50	2.46	7.58	0.00	38.00		0.00	0.00	0.00	0.00	0.00	0.00	0.00	0.00	0.00	0.00	0.00	0.02	0.37	0.40	0.75	0.90	2.67	7.92	24.55	
08128400	0909	19610909	20150909	50	39.44	186.41	0.00	1040.00		0.00	0.00	0.00	0.00	0.00	0.00	0.00	0.00	0.00	0.00	0.00	0.28	0.42	0.67	0.83	1.54	4.61	15.31	391.70	
08128400	0910	19610910	20150910	50	5.62	23.67	0.00	160.00		0.00	0.00	0.00	0.00	0.00	0.00	0.00	0.00	0.00	0.00	0.00	0.24	0.40	0.56	0.72	1.78	4.10	8.85	32.75	
08128400	0911	19610911	20150911	50	1.92	5.42	0.00	31.00		0.00	0.00	0.00	0.00	0.00	0.00	0.00	0.00	0.00	0.00	0.00	0.20	0.34	0.55	0.70	1.54	2.31	6.04	15.15	
08128400	0912	19610912	20150912	50	1.71	3.90	0.00	19.00		0.00	0.00	0.00	0.00	0.00	0.00	0.00	0.00	0.00	0.00	0.01	0.17	0.42	0.59	0.80	1.62	3.76	8.15	12.00	
08128400	0913	19610913	20150913	50	4.24	14.20	0.00	74.00		0.00	0.00	0.00	0.00	0.00	0.00	0.00	0.00	0.00	0.00	0.10	0.24	0.43	0.58	0.88	2.70	4.87	8.87	41.05	
08128400	0914	19610914	20150914	50	2.61	7.01	0.00	39.00		0.00	0.00	0.00	0.00	0.00	0.00	0.00	0.00	0.00	0.00	0.11	0.20	0.30	0.57	0.91	3.16	4.04	8.80	21.15	
08128400	0915	19610915	20150915	50	10.96	61.27	0.00	432.00		0.00	0.00	0.00	0.00	0.00	0.00	0.00	0.00	0.00	0.00	0.11	0.20	0.40	0.73	1.23	2.82	3.50	8.02	33.85	
08128400	0916	19610916	20150916	50	6.23	34.08	0.00	241.00		0.00	0.00	0.00	0.00	0.00	0.00	0.00	0.00	0.00	0.00	0.13	0.21	0.35	0.51	0.91	1.28	3.13	6.55	16.80	
08128400	0917	19610917	20150917	50	4.80	21.12	0.00	145.00		0.00	0.00	0.00	0.00	0.00	0.00	0.00	0.00	0.00	0.00	0.09	0.15	0.32	0.40	0.96	2.46	3.21	5.35	27.55	
08128400	0918	19610918	20150918	50	144.79	768.99	0.00	5260.00		0.00	0.00	0.00	0.00	0.00	0.00	0.00	0.00	0.00	0.00	0.04	0.13	0.35	0.79	1.40	2.90	5.00	22.54	888.75	
08128400	0919	19610919	20150919	50	75.27	464.69	0.00	3280.00		0.00	0.00	0.00	0.00	0.00	0.00	0.00	0.00	0.00	0.00	0.04	0.16	0.36	0.69	1.40	3.32	3.91	16.16	194.25	
08128400	0920	19610920	20150920	50	175.67	1218.63	0.00	8620.00		0.00	0.00	0.00	0.00	0.00	0.00	0.00	0.00	0.00	0.00	0.00	0.12	0.38	0.55	1.18	2.64	4.69	15.26	43.90	
08128400	0921	19610921	20150921	50	300.70	1834.52	0.00	12900.00		0.00	0.00	0.00	0.00	0.00	0.00	0.00	0.00	0.00	0.00	0.05	0.25	0.47	0.85	2.35	4.64	8.70	23.60	937.25	
08128400	0922	19610922	20150922	50	82.77	384.94	0.00	2320.00		0.00	0.00	0.00	0.00	0.00	0.00	0.00	0.00	0.00	0.00	0.06	0.30	0.53	1.93	3.05	5.46	11.40	15.00	794.60	
08128400	0923	19610923	20150923	50	22.36	93.94	0.00	634.00		0.00	0.00	0.00	0.00	0.00	0.00	0.00	0.00	0.00	0.00	0.06	0.29	0.69	2.85	6.40	9.08	13.80	25.50	156.20	
08128400	0924	19610924	20150924	50	44.35	175.72	0.00	953.00		0.00	0.00	0.00	0.00	0.00	0.00	0.00	0.00	0.00	0.00	0.07	0.29	0.36	1.93	3.58	7.80	10.15	12.90	568.65	
08128400	0925	19610925	20150925	50	28.28	112.70	0.00	669.00		0.00	0.00	0.00	0.00	0.00	0.00	0.00	0.00	0.00	0.00	0.16	0.30	0.41	2.33	4.95	6.64	7.94	17.03	291.95	
08128400	0926	19610926	20150926	50	21.94	82.22	0.00	431.00		0.00	0.00	0.00	0.00	0.00	0.00	0.00	0.00	0.00	0.00	0.26	0.32	1.19	2.96	3.42	5.56	7.58	40.50	221.40	
08128400	0927	19610927	20150927	50	10.31	42.14	0.00	283.00		0.00	0.00	0.00	0.00	0.00	0.00	0.00	0.00	0.00	0.00	0.12	0.28	0.67	2.00	3.10	4.14	6.14	17.02	67.50	
08128400	0928	19610928	20150928	50	10.63	42.61	0.00	239.00		0.00	0.00	0.00	0.00	0.00	0.00	0.00	0.00	0.00	0.00	0.09	0.26	0.52	1.21	2.65	4.10	5.47	16.12	98.70	
08128400	0929	19610929	20150929	50	19.50	80.03	0.00	522.00		0.00	0.00	0.00	0.00	0.00	0.00	0.00	0.00	0.00	0.04	0.19	0.36	1.30	2.02	3.50	5.00	8.55	17.50	168.85	
08128400	0930	19610930	20150930	50	5.50	21.57	0.00	151.00		0.00	0.00	0.00	0.00	0.00	0.00	0.00	0.00	0.00	0.04	0.19	0.42	0.70	1.81	3.48	4.48	6.32	12.80	19.35	
08128400	1001	19611001	20151001	49	4.79	19.14	0.00	132.00		0.00	0.00	0.00	0.00	0.00	0.00	0.00	0.00	0.00	0.04	0.15	0.31	0.50	1.50	2.90	3.80	5.15	8.40	21.50	
08128400	1002	19611002	20151002	49	4.32	17.07	0.00	117.00		0.00	0.00	0.00	0.00	0.00	0.00	0.00	0.00	0.00	0.00	0.12	0.31	0.54	1.50	2.45	3.20	4.20	8.40	21.50	
08128400	1003	19611003	20151003	49	4.16	15.70	0.00	106.00		0.00	0.00	0.00	0.00	0.00	0.00	0.00	0.00	0.00	0.00	0.14	0.27	0.40	1.50	2.15	3.50	4.45	8.10	23.50	
08128400	1004	19611004	20151004	49	7.30	25.55	0.00	153.00		0.00	0.00	0.00	0.00	0.00	0.00	0.00	0.00	0.00	0.04	0.12	0.26	1.11	1.60	2.85	3.50	6.60	14.00	62.50	
08128400	1005	19611005	20151005	49	49.96	229.57	0.00	1170.00		0.00	0.00	0.00	0.00	0.00	0.00	0.00	0.00	0.00	0.02	0.12	0.26	1.11	1.70	3.00	3.50	5.80	11.00	602.50	
08128400	1006	19611006	20151006	49	60.53	386.90	0.00	2710.00		0.00	0.00	0.00	0.00	0.00	0.00	0.00	0.00	0.00	0.00	0.14	0.25	1.11	1.90	2.40	3.30	5.45	10.00	93.00	
08128400	1007	19611007	20151007	49	12.13	60.80	0.00	423.00		0.00	0.00	0.00	0.00	0.00	0.00	0.00	0.00	0.00	0.00	0.14	0.25	0.93	1.60	2.40	3.30	5.65	10.00	50.50	
08128400	1008	19611008	20151008	49	8.94	35.86	0.00	244.00		0.00	0.00	0.00	0.00	0.00	0.00	0.00	0.00	0.00	0.00	0.15	0.36	0.99	1.40	2.85	4.60	7.60	17.00	48.50	
08128400	1009	19611009	20151009	49	15.18	56.07	0.00	353.00		0.00	0.00	0.00	0.00	0.00	0.00	0.00	0.00	0.00	0.04	0.24	0.81	1.15	1.80	3.35	5.60	9.85	17.00	132.50	
08128400	1010	19611010	20151010	49	7.00	29.66	0.00	206.00		0.00	0.00	0.00	0.00	0.00	0.00	0.00	0.00	0.00	0.03	0.25	0.90	1.25	2.60	3.50	5.90	9.20	9.90	26.50	
08128400	1011	19611011	20151011	49	6.00	25.29	0.00	175.00		0.00	0.00	0.00	0.00	0.00	0.00	0.00	0.00	0.00	0.02	0.26	0.82	1.05	1.50	3.60	4.60	5.50	9.40	25.50	
08128400	1012	19611012	20151012	49	5.05	19.74	0.00	135.00		0.00	0.00	0.00	0.00	0.00	0.00	0.00	0.00	0.00	0.06	0.20	0.78	0.95	1.50	3.15	3.90	5.25	9.40	25.00	
08128400	1013	19611013	20151013	49	36.07	221.40	0.00	1550.00		0.00	0.00	0.00	0.00	0.00	0.00	0.00	0.00	0.00	0.05	0.21	0.51	0.93	1.50	3.15	3.80	4.55	10.00	72.50	
08128400	1014	19611014	20151014	49	25.11	110.96	0.00	685.00		0.00	0.00	0.00	0.00	0.00	0.00	0.00	0.00	0.01	0.09	0.23	0.33	1.20	1.60	2.80	3.80	4.50	9.40	237.00	
08128400	1015	19611015	20151015	49	13.81	65.98	0.00	454.00		0.00	0.00	0.00	0.00	0.00	0.00	0.00	0.00	0.01	0.11	0.17	0.39	1.20	1.50	3.10	4.00	4.60	9.10	75.00	
08128400	1016	19611016	20151016	49	6.60	22.76	0.00	139.00		0.00	0.00	0.00	0.00	0.00	0.00	0.00	0.00	0.01	0.04	0.14	0.36	1.05	1.50	2.15	4.10	6.90	11.00	54.00	
08128400	1017	19611017	20151017	49	5.10	14.71	0.00	75.00		0.00	0.00	0.00	0.00	0.00	0.00	0.00	0.00	0.01	0.09	0.20	0.30	1.00	1.50	2.60	4.40	6.95	14.00	46.00	
08128400	1018	19611018	20151018	49	32.70	192.58	0.00	1350.00		0.00	0.00	0.00	0.00	0.00	0.00	0.00	0.00	0.01	0.15	0.17	0.51	1.12	1.60	3.70	5.80	10.00	20.00	61.50	
08128400	1019	19611019	20151019	49	5.91	16.23	0.00	89.00		0.00	0.00	0.00	0.00	0.00	0.00	0.00	0.00	0.01	0.03	0.20	0.62	1.14	1.60	3.60	5.90	9.45	12.00	52.00	
08128400	1020	19611020	20151020	49	28.78	172.53	0.00	1210.00		0.00	0.00	0.00	0.00	0.00	0.00	0.00	0.00	0.01	0.05	0.19	0.50	1.05	1.70	3.75	5.60	11.00	20.00	44.00	
08128400	1021	19611021	20151021	49	11.52	54.15	0.00	378.00		0.00	0.00	0.00	0.00	0.00	0.00	0.00	0.00	0.01	0.05	0.18	0.50	1.05	2.20	5.05	5.60	10.50	13.00	40.00	
08128400	1022	19611022	20151022	49	6.11	14.94	0.00	74.00		0.00	0.00	0.00	0.00	0.00	0.00	0.00	0.00	0.01	0.05	0.17	0.40	1.30	2.10	4.90	6.20	9.10	20.00	49.50	
08128400	1023	19611023	20151023	49	5.24	11.60	0.00	54.00		0.00	0.00	0.00	0.00	0.00	0.00	0.00	0.00	0.01	0.06	0.17	0.66	1.45	2.90	5.25	6.30	9.35	20.00	40.00	
08128400	1024	19611024	20151024	49	26.24	158.24	0.00	1110.00		0.00	0.00	0.00	0.00	0.00	0.00	0.00	0.00	0.01	0.05	0.17	0.32	1.50	2.40	5.30	6.50	8.55	15.00	34.00	
08128400	1025	19611025	20151025	49	73.93	485.23	0.00	3400.00		0.00	0.00	0.00	0.00	0.00	0.00	0.00	0.00	0.01	0.04	0.17	0.32	1.42	2.30	4.75	6.60	7.50	14.00	60.50	
08128400	1026	19611026	20151026	49	13.82	69.67	0.00	487.00		0.00	0.00	0.00	0.00	0.00	0.00	0.00	0.00	0.00	0.08	0.20	0.32	1.40	2.40	4.45	6.60	7.80	14.00	44.00	
08128400	1027	19611027	20151027	49	7.29	27.94	0.00	193.00		0.00	0.00	0.00	0.00	0.00	0.00	0.00	0.00	0.03	0.11	0.23	0.57	1.75	2.80	4.45	7.60	8.45	14.00	30.00	
08128400	1028	19611028	20151028	49	37.02	235.31	0.00	1650.00		0.00	0.00	0.00	0.00	0.00	0.00	0.00	0.00	0.01	0.14	0.23	0.50	2.25	2.90	4.25	7.50	10.75	15.00	26.00	
08128400	1029	19611029	20151029	49	35.29	213.97	0.00	1500.00		0.00	0.00	0.00	0.00	0.00	0.00	0.00	0.00	0.01	0.14	0.34	0.40	2.05	3.00	3.95	7.70	11.80	18.00	55.00	
08128400	1030	19611030	20151030	49	8.36	33.25	0.00	230.00		0.00	0.00	0.00	0.00	0.00	0.00	0.00	0.00	0.01	0.13	0.34	0.43	2.10	3.00	4.00	6.80	8.10	17.00	34.00	
08128400	1031	19611031	20151031	49	7.94	30.09	0.00	209.00		0.00	0.00	0.00	0.00	0.00	0.00	0.00	0.00	0.09	0.33	0.41	0.52	2.50	3.30	4.85	7.80	12.10	18.00	25.50	
08128400	1101	19611101	20151101	49	9.90	41.31	0.00	288.00		0.00	0.00	0.00	0.00	0.00	0.00	0.00	0.00	0.09	0.34	0.43	0.51	2.80	4.00	4.90	7.40	11.80	18.00	33.00	
08128400	1102	19611102	20151102	49	11.75	44.16	0.00	276.00		0.00	0.00	0.00	0.00	0.00	0.00	0.00	0.00	0.10	0.41	0.45	0.66	2.65	3.70	4.25	5.60	10.70	18.00	88.50	
08128400	1103	19611103	20151103	49	8.67	29.89	0.00	191.00		0.00	0.00	0.00	0.00	0.00	0.00	0.00	0.00	0.10	0.41	0.54	0.81	2.20	3.10	4.15	5.30	10.05	18.00	59.00	
08128400	1104	19611104	20151104	49	7.44	24.31	0.00	163.00		0.00	0.00	0.00	0.00	0.00	0.00	0.00	0.00	0.11	0.40	0.53	0.73	2.25	3.20	3.70	7.00	9.95	19.00	36.50	
08128400	1105	19611105	20151105	49	6.37	18.08	0.00	117.00		0.00	0.00	0.00	0.00	0.00	0.00	0.00	0.00	0.10	0.34	0.57	0.98	2.35	3.50	4.30	7.00	9.20	19.00	35.00	
08128400	1106	19611106	20151106	49	6.35	16.99	0.00	104.00		0.00	0.00	0.00	0.00	0.00	0.00	0.00	0.00	0.10	0.34	0.60	0.95	2.40	3.30	4.95	7.30	9.25	18.00	40.50	
08128400	1107	19611107	20151107	49	6.06	17.49	0.00	116.00		0.00	0.00	0.00	0.00	0.00	0.00	0.00	0.00	0.11	0.32	0.65	1.10	2.55	3.70	5.05	6.20	9.65	18.00	27.50	
08128400	1108	19611108	20151108	49	5.72	15.83	0.00	104.00		0.00	0.00	0.00	0.00	0.00	0.00	0.00	0.00	0.14	0.28	0.71	1.10	3.15	3.50	4.65	6.30	10.15	18.00	27.50	
08128400	1109	19611109	20151109	49	5.61	15.42	0.00	102.00		0.00	0.00	0.00	0.00	0.00	0.00	0.00	0.00	0.15	0.24	0.68	1.20	3.35	3.80	4.10	7.20	10.50	14.00	26.00	
08128400	1110	19611110	20151110	49	5.86	17.77	0.00	120.00		0.00	0.00	0.00	0.00	0.00	0.00	0.00	0.00	0.17	0.31	0.77	1.40	3.05	3.80	4.30	7.50	8.90	11.00	26.00	
08128400	1111	19611111	20151111	49	5.59	16.43	0.00	110.00		0.00	0.00	0.00	0.00	0.00	0.00	0.00	0.00	0.20	0.41	0.82	1.30	2.80	3.80	4.15	6.70	8.05	11.00	26.00	
08128400	1112	19611112	20151112	49	5.48	15.63	0.00	104.00		0.00	0.00	0.00	0.00	0.00	0.00	0.00	0.00	0.20	0.44	0.95	1.40	2.75	3.90	4.15	6.80	8.35	11.00	26.00	
08128400	1113	19611113	20151113	49	5.52	15.50	0.00	103.00		0.00	0.00	0.00	0.00	0.00	0.00	0.00	0.00	0.20	0.46	1.05	1.50	2.85	4.10	4.65	7.50	8.15	12.00	26.00	
08128400	1114	19611114	20151114	49	5.57	15.12	0.00	100.00		0.00	0.00	0.00	0.00	0.00	0.00	0.00	0.00	0.17	0.97	1.20	1.30	2.95	4.30	4.85	7.50	9.05	12.00	26.00	
08128400	1115	19611115	20151115	49	5.65	14.76	0.00	96.00		0.00	0.00	0.00	0.00	0.00	0.00	0.00	0.00	0.15	0.91	1.25	2.10	3.40	4.30	4.95	7.70	8.85	12.00	28.00	
08128400	1116	19611116	20151116	49	50.78	315.23	0.00	2210.00		0.00	0.00	0.00	0.00	0.00	0.00	0.00	0.00	0.13	1.00	1.40	2.10	3.95	4.70	6.15	8.40	9.20	21.00	64.50	
08128400	1117	19611117	20151117	49	54.82	343.78	0.00	2410.00		0.00	0.00	0.00	0.00	0.00	0.00	0.00	0.00	0.11	1.10	1.40	2.10	3.60	4.60	5.90	8.20	9.90	20.00	64.00	
08128400	1118	19611118	20151118	49	14.11	60.61	0.00	418.00		0.00	0.00	0.00	0.00	0.00	0.00	0.00	0.00	0.11	1.10	1.45	2.10	3.30	4.70	5.60	8.20	10.00	20.00	62.00	
08128400	1119	19611119	20151119	49	10.56	26.94	0.00	129.00		0.00	0.00	0.00	0.00	0.00	0.00	0.00	0.00	0.34	1.30	1.65	3.30	4.40	5.30	6.00	8.40	12.50	27.00	101.00	
08128400	1120	19611120	20151120	49	8.52	20.00	0.00	99.00		0.00	0.00	0.00	0.00	0.00	0.00	0.00	0.00	0.43	1.30	1.80	3.40	4.05	5.40	6.50	8.40	12.00	20.00	70.00	
08128400	1121	19611121	20151121	49	6.51	13.95	0.00	84.00		0.00	0.00	0.00	0.00	0.00	0.00	0.00	0.00	0.47	1.50	2.10	3.30	3.65	5.30	6.50	8.40	12.50	20.00	34.50	
08128400	1122	19611122	20151122	49	6.07	13.53	0.00	85.00		0.00	0.00	0.00	0.00	0.00	0.00	0.00	0.00	0.46	1.50	1.95	2.70	3.80	5.30	6.65	7.80	11.50	18.00	29.50	
08128400	1123	19611123	20151123	49	5.76	12.91	0.00	82.00		0.00	0.00	0.00	0.00	0.00	0.00	0.00	0.00	0.52	1.60	1.80	2.40	3.30	4.60	5.80	7.90	11.50	18.00	25.50	
08128400	1124	19611124	20151124	49	5.63	12.49	0.00	79.00		0.00	0.00	0.00	0.00	0.00	0.00	0.00	0.00	0.55	1.50	1.70	2.40	3.35	4.30	6.30	8.30	11.50	17.00	25.00	
08128400	1125	19611125	20151125	49	5.47	11.96	0.00	75.00		0.00	0.00	0.00	0.00	0.00	0.00	0.00	0.00	0.51	1.10	1.50	2.50	3.25	4.00	6.55	8.40	11.00	17.00	24.50	
08128400	1126	19611126	20151126	49	5.51	11.98	0.00	75.00		0.00	0.00	0.00	0.00	0.00	0.00	0.00	0.00	0.36	1.00	1.70	2.50	3.40	4.50	6.60	8.40	11.00	17.00	25.00	
08128400	1127	19611127	20151127	49	5.53	12.03	0.00	76.00		0.00	0.00	0.00	0.00	0.00	0.00	0.00	0.00	0.20	1.00	1.85	2.40	3.65	4.80	6.90	9.10	11.50	16.00	24.50	
08128400	1128	19611128	20151128	49	5.50	12.14	0.00	77.00		0.00	0.00	0.00	0.00	0.00	0.00	0.00	0.00	0.30	1.00	1.85	1.90	3.45	5.00	6.55	9.40	11.00	14.00	24.50	
08128400	1129	19611129	20151129	49	5.37	11.74	0.00	74.00		0.00	0.00	0.00	0.00	0.00	0.00	0.00	0.00	0.35	0.97	1.60	1.90	3.25	4.60	6.40	9.40	11.50	14.00	24.00	
08128400	1130	19611130	20151130	49	5.25	11.22	0.00	70.00		0.00	0.00	0.00	0.00	0.00	0.00	0.00	0.00	0.30	1.10	1.40	1.90	3.50	4.70	6.60	8.70	11.00	13.00	24.00	
08128400	1201	19611201	20151201	49	5.15	11.21	0.00	70.00		0.00	0.00	0.00	0.00	0.00	0.00	0.00	0.00	0.32	1.20	1.30	1.90	3.35	4.60	6.20	8.40	10.50	13.00	24.00	
08128400	1202	19611202	20151202	49	5.13	11.21	0.00	70.00		0.00	0.00	0.00	0.00	0.00	0.00	0.00	0.00	0.32	0.94	1.30	2.00	3.25	4.70	6.05	8.40	10.50	13.00	24.00	
08128400	1203	19611203	20151203	49	5.17	11.21	0.00	70.00		0.00	0.00	0.00	0.00	0.00	0.00	0.00	0.00	0.31	0.93	1.25	2.10	3.45	4.70	6.15	8.40	10.50	13.00	24.00	
08128400	1204	19611204	20151204	49	5.24	11.27	0.00	70.00		0.00	0.00	0.00	0.00	0.00	0.00	0.00	0.00	0.26	0.94	1.25	2.20	3.45	4.70	6.15	8.40	10.50	14.00	24.00	
08128400	1205	19611205	20151205	49	5.25	11.14	0.00	69.00		0.00	0.00	0.00	0.00	0.00	0.00	0.00	0.00	0.27	0.92	1.30	2.30	3.50	4.70	6.25	8.80	11.00	13.00	24.00	
08128400	1206	19611206	20151206	49	5.42	11.20	0.00	69.00		0.00	0.00	0.00	0.00	0.00	0.00	0.00	0.00	0.27	0.90	1.35	2.60	4.10	5.60	6.10	8.40	12.50	14.00	24.50	
08128400	1207	19611207	20151207	49	5.37	10.66	0.00	64.00		0.00	0.00	0.00	0.00	0.00	0.00	0.00	0.00	0.26	0.90	1.40	2.90	3.90	5.60	6.35	8.60	11.50	15.00	25.00	
08128400	1208	19611208	20151208	49	5.44	10.58	0.00	63.00		0.00	0.00	0.00	0.00	0.00	0.00	0.00	0.00	0.23	0.90	1.45	2.90	3.80	5.60	7.50	9.80	11.50	16.00	25.00	
08128400	1209	19611209	20151209	49	5.55	10.46	0.00	60.00		0.00	0.00	0.00	0.00	0.00	0.00	0.00	0.00	0.28	0.96	1.55	2.80	3.95	4.90	7.40	10.00	11.50	20.00	25.00	
08128400	1210	19611210	20151210	49	5.47	10.47	0.00	61.00		0.00	0.00	0.00	0.00	0.00	0.00	0.00	0.00	0.27	1.00	1.60	2.60	4.05	4.60	7.05	9.30	12.00	19.00	24.50	
08128400	1211	19611211	20151211	49	5.44	10.60	0.00	62.00		0.00	0.00	0.00	0.00	0.00	0.00	0.00	0.00	0.23	1.00	1.65	2.50	4.10	4.60	6.30	7.80	12.00	19.00	25.00	
08128400	1212	19611212	20151212	49	5.72	11.14	0.00	60.00		0.00	0.00	0.00	0.00	0.00	0.00	0.00	0.00	0.15	1.00	1.55	2.80	3.90	4.70	6.50	7.70	12.50	19.00	32.50	
08128400	1213	19611213	20151213	49	5.58	10.82	0.00	60.00		0.00	0.00	0.00	0.00	0.00	0.00	0.00	0.00	0.19	1.10	1.60	2.80	3.80	4.20	6.30	7.40	13.00	19.00	29.50	
08128400	1214	19611214	20151214	49	5.33	10.36	0.00	59.00		0.00	0.00	0.00	0.00	0.00	0.00	0.00	0.00	0.14	1.10	1.45	2.80	3.65	4.00	5.75	7.40	12.50	21.00	25.00	
08128400	1215	19611215	20151215	49	5.38	10.19	0.00	58.00		0.00	0.00	0.00	0.00	0.00	0.00	0.00	0.00	0.18	1.30	1.45	3.20	3.90	5.30	5.95	7.90	12.50	18.00	25.50	
08128400	1216	19611216	20151216	49	5.21	10.00	0.00	57.00		0.00	0.00	0.00	0.00	0.00	0.00	0.00	0.00	0.26	1.30	1.50	3.20	3.80	4.00	5.80	7.90	12.00	17.00	25.50	
08128400	1217	19611217	20151217	49	5.16	9.77	0.00	55.00		0.00	0.00	0.00	0.00	0.00	0.00	0.00	0.00	0.38	1.30	1.50	3.00	3.70	4.00	6.05	8.40	12.00	16.00	25.50	
08128400	1218	19611218	20151218	49	5.33	10.29	0.00	55.00		0.00	0.00	0.00	0.00	0.00	0.00	0.00	0.00	0.46	1.30	1.60	3.10	3.50	4.00	6.00	8.30	11.50	16.00	30.50	
08128400	1219	19611219	20151219	49	5.93	11.85	0.00	55.00		0.00	0.00	0.00	0.00	0.00	0.00	0.00	0.00	0.45	1.30	1.50	2.80	3.55	4.10	5.95	8.60	11.50	19.00	43.00	
08128400	1220	19611220	20151220	49	11.22	42.18	0.00	291.00		0.00	0.00	0.00	0.00	0.00	0.00	0.00	0.00	0.47	1.30	1.50	2.50	3.50	4.30	5.95	9.10	12.00	20.00	47.00	
08128400	1221	19611221	20151221	49	7.17	17.50	0.00	106.00		0.00	0.00	0.00	0.00	0.00	0.00	0.00	0.00	0.55	1.30	1.55	2.00	3.40	4.40	6.10	9.10	11.50	19.00	42.00	
08128400	1222	19611222	20151222	49	6.37	12.90	0.00	62.00		0.00	0.00	0.00	0.00	0.00	0.00	0.00	0.00	0.55	1.50	1.65	1.90	3.50	5.30	7.00	9.10	11.50	18.00	43.50	
08128400	1223	19611223	20151223	49	6.39	12.75	0.00	55.00		0.00	0.00	0.00	0.00	0.00	0.00	0.00	0.00	0.60	1.20	1.70	2.10	3.35	5.30	6.70	9.10	11.40	18.00	48.00	
08128400	1224	19611224	20151224	49	6.24	12.20	0.00	52.00		0.00	0.00	0.00	0.00	0.00	0.00	0.00	0.00	0.60	1.30	1.65	2.20	3.45	5.50	6.35	9.10	12.25	18.00	45.50	
08128400	1225	19611225	20151225	49	6.18	11.93	0.00	52.00		0.00	0.00	0.00	0.00	0.00	0.00	0.00	0.00	0.65	1.50	1.65	2.40	3.35	5.40	6.10	9.10	12.75	18.00	43.00	
08128400	1226	19611226	20151226	49	6.28	12.47	0.00	61.00		0.00	0.00	0.00	0.00	0.00	0.00	0.00	0.05	0.60	1.50	1.60	2.20	3.35	5.50	6.10	9.10	13.00	18.00	42.00	
08128400	1227	19611227	20151227	49	6.23	12.26	0.00	59.00		0.00	0.00	0.00	0.00	0.00	0.00	0.00	0.05	0.64	1.50	1.65	2.50	3.45	5.30	5.95	9.10	12.25	18.00	42.00	
08128400	1228	19611228	20151228	49	6.17	11.81	0.00	56.00		0.00	0.00	0.00	0.00	0.00	0.00	0.00	0.00	1.05	1.50	1.75	2.80	3.30	5.70	6.10	9.10	12.25	18.00	41.00	
08128400	1229	19611229	20151229	49	6.17	11.59	0.00	54.00		0.00	0.00	0.00	0.00	0.00	0.00	0.00	0.00	0.76	1.50	1.70	3.10	3.35	5.10	7.10	9.50	12.50	18.00	41.00	
08128400	1230	19611230	20151230	49	6.08	11.31	0.00	53.00		0.00	0.00	0.00	0.00	0.00	0.00	0.00	0.00	0.93	1.60	1.80	2.80	3.35	5.10	7.05	9.50	12.50	18.00	39.50	
08128400	1231	19611231	20151231	49	6.34	11.43	0.00	54.00		0.00	0.00	0.00	0.00	0.00	0.00	0.00	0.00	1.08	1.60	2.05	3.10	4.15	5.90	7.20	10.00	14.50	18.00	39.50	
