site_no	monthday	begin_dt	end_dt	count_nu	mean	std	min	max	p01	p05	p10	p15	p20	p25	p30	p35	p40	p45	p50	p55	p60	p65	p70	p75	p80	p85	p90	p95	p99
08142000	ALL	19401001	19701006	10963	8.67	81.11	0.00	3480.00	0.00	0.00	0.00	0.00	0.00	0.00	0.00	0.00	0.00	0.00	0.00	0.00	0.06	0.10	0.10	0.20	0.68	1.70	5.20	16.00	196.72
08142000	0101	19410101	19700101	30	1.86	5.49	0.00	24.00		0.00	0.00	0.00	0.00	0.00	0.00	0.00	0.00	0.00	0.04	0.10	0.10	0.11	0.18	0.20	0.28	1.10	10.93	19.60	
08142000	0102	19410102	19700102	30	1.73	5.53	0.00	27.00		0.00	0.00	0.00	0.00	0.00	0.00	0.00	0.00	0.00	0.00	0.08	0.10	0.11	0.18	0.20	0.28	1.21	6.44	19.85	
08142000	0103	19410103	19700103	30	1.04	2.93	0.00	14.00		0.00	0.00	0.00	0.00	0.00	0.00	0.00	0.00	0.00	0.01	0.10	0.10	0.12	0.20	0.23	0.62	1.27	5.20	10.15	
08142000	0104	19410104	19700104	30	0.83	2.54	0.00	13.00		0.00	0.00	0.00	0.00	0.00	0.00	0.00	0.00	0.00	0.01	0.10	0.10	0.12	0.20	0.20	0.28	1.27	2.32	8.82	
08142000	0105	19410105	19700105	30	5.27	25.54	0.00	140.00		0.00	0.00	0.00	0.00	0.00	0.00	0.00	0.00	0.00	0.01	0.10	0.12	0.20	0.20	0.23	0.56	1.08	1.69	69.60	
08142000	0106	19410106	19700106	30	2.46	10.49	0.00	57.00		0.00	0.00	0.00	0.00	0.00	0.00	0.00	0.00	0.00	0.06	0.10	0.10	0.12	0.20	0.23	0.38	1.21	1.49	31.70	
08142000	0107	19410107	19700107	30	5.66	23.68	0.00	128.00		0.00	0.00	0.00	0.00	0.00	0.00	0.00	0.00	0.02	0.10	0.10	0.10	0.14	0.20	0.23	0.70	1.17	9.13	72.45	
08142000	0108	19410108	19700108	30	3.60	13.88	0.00	74.00		0.00	0.00	0.00	0.00	0.00	0.00	0.00	0.00	0.00	0.06	0.10	0.10	0.12	0.20	0.23	0.54	1.03	9.11	44.30	
08142000	0109	19410109	19700109	30	1.34	3.78	0.00	16.00		0.00	0.00	0.00	0.00	0.00	0.00	0.00	0.00	0.00	0.06	0.10	0.10	0.14	0.20	0.23	0.38	0.88	8.58	13.25	
08142000	0110	19410110	19700110	30	1.11	3.25	0.00	15.00		0.00	0.00	0.00	0.00	0.00	0.00	0.00	0.00	0.02	0.09	0.10	0.10	0.10	0.17	0.20	0.28	0.85	4.99	11.87	
08142000	0111	19410111	19700111	30	1.02	3.05	0.00	14.00		0.00	0.00	0.00	0.00	0.00	0.00	0.00	0.00	0.00	0.06	0.10	0.10	0.10	0.17	0.20	0.28	0.78	3.98	11.36	
08142000	0112	19410112	19700112	30	1.14	3.32	0.00	15.00		0.00	0.00	0.00	0.00	0.00	0.00	0.00	0.00	0.00	0.06	0.10	0.10	0.10	0.10	0.20	0.28	0.77	6.66	11.64	
08142000	0113	19410113	19700113	30	1.40	4.31	0.00	21.00		0.00	0.00	0.00	0.00	0.00	0.00	0.00	0.00	0.00	0.06	0.10	0.10	0.10	0.10	0.20	0.28	1.03	7.58	14.56	
08142000	0114	19410114	19700114	30	1.87	7.23	0.00	39.00		0.00	0.00	0.00	0.00	0.00	0.00	0.00	0.00	0.00	0.06	0.10	0.10	0.10	0.10	0.20	0.28	0.97	5.15	22.06	
08142000	0115	19410115	19700115	30	1.09	3.55	0.00	18.00		0.00	0.00	0.00	0.00	0.00	0.00	0.00	0.00	0.00	0.01	0.10	0.10	0.10	0.10	0.20	0.28	0.74	3.80	12.28	
08142000	0116	19410116	19700116	30	0.97	3.18	0.00	16.00		0.00	0.00	0.00	0.00	0.00	0.00	0.00	0.00	0.00	0.01	0.10	0.10	0.10	0.10	0.20	0.28	0.63	2.78	11.32	
08142000	0117	19410117	19700117	30	1.01	3.50	0.00	18.00		0.00	0.00	0.00	0.00	0.00	0.00	0.00	0.00	0.00	0.01	0.10	0.10	0.10	0.17	0.23	0.30	0.55	2.15	12.17	
08142000	0118	19410118	19700118	30	1.93	6.40	0.00	32.00		0.00	0.00	0.00	0.00	0.00	0.00	0.00	0.00	0.00	0.07	0.10	0.10	0.12	0.20	0.20	0.28	1.15	6.30	22.65	
08142000	0119	19410119	19700119	30	1.12	3.08	0.00	12.00		0.00	0.00	0.00	0.00	0.00	0.00	0.00	0.00	0.00	0.07	0.10	0.10	0.20	0.20	0.23	0.38	0.88	6.24	11.45	
08142000	0120	19410120	19700120	30	21.50	113.63	0.00	623.00		0.00	0.00	0.00	0.00	0.00	0.00	0.00	0.00	0.00	0.06	0.10	0.10	0.12	0.20	0.23	0.39	0.84	5.96	286.95	
08142000	0121	19410121	19700121	30	11.87	60.89	0.00	334.00		0.00	0.00	0.00	0.00	0.00	0.00	0.00	0.00	0.00	0.01	0.10	0.10	0.10	0.17	0.25	0.72	1.03	5.42	156.90	
08142000	0122	19410122	19700122	30	3.36	14.28	0.00	78.00		0.00	0.00	0.00	0.00	0.00	0.00	0.00	0.00	0.00	0.01	0.10	0.10	0.10	0.18	0.25	0.72	1.43	5.84	41.15	
08142000	0123	19410123	19700123	30	2.29	8.89	0.00	48.00		0.00	0.00	0.00	0.00	0.00	0.00	0.00	0.00	0.00	0.01	0.10	0.10	0.12	0.20	0.35	0.66	0.95	5.90	27.10	
08142000	0124	19410124	19700124	30	1.70	5.75	0.00	30.00		0.00	0.00	0.00	0.00	0.00	0.00	0.00	0.00	0.03	0.10	0.10	0.10	0.10	0.17	0.30	0.70	1.07	6.06	19.00	
08142000	0125	19410125	19700125	30	1.45	4.40	0.00	22.00		0.00	0.00	0.00	0.00	0.00	0.00	0.00	0.00	0.00	0.06	0.10	0.10	0.10	0.10	0.25	0.72	1.48	6.07	15.12	
08142000	0126	19410126	19700126	30	1.35	3.94	0.00	19.00		0.00	0.00	0.00	0.00	0.00	0.00	0.00	0.00	0.00	0.01	0.10	0.10	0.10	0.10	0.23	0.70	1.48	6.34	13.78	
08142000	0127	19410127	19700127	30	1.31	3.79	0.00	18.00		0.00	0.00	0.00	0.00	0.00	0.00	0.00	0.00	0.00	0.00	0.01	0.10	0.10	0.10	0.20	0.60	1.42	6.61	13.21	
08142000	0128	19410128	19700128	30	1.26	3.71	0.00	18.00		0.00	0.00	0.00	0.00	0.00	0.00	0.00	0.00	0.00	0.01	0.10	0.10	0.10	0.10	0.15	0.52	1.29	6.34	12.72	
08142000	0129	19410129	19700129	30	1.14	3.32	0.00	16.00		0.00	0.00	0.00	0.00	0.00	0.00	0.00	0.00	0.00	0.01	0.10	0.10	0.10	0.10	0.15	0.52	1.16	5.69	11.44	
08142000	0130	19410130	19700130	30	1.18	3.15	0.00	15.00		0.00	0.00	0.00	0.00	0.00	0.00	0.00	0.00	0.00	0.06	0.10	0.10	0.10	0.10	0.30	0.68	2.21	5.48	10.98	
08142000	0131	19410131	19700131	30	1.09	3.24	0.00	16.00		0.00	0.00	0.00	0.00	0.00	0.00	0.00	0.00	0.00	0.02	0.10	0.10	0.10	0.10	0.15	0.44	1.16	5.33	10.94	
08142000	0201	19410201	19700201	30	1.25	3.65	0.00	17.00		0.00	0.00	0.00	0.00	0.00	0.00	0.00	0.00	0.00	0.02	0.10	0.10	0.10	0.10	0.15	0.36	1.16	6.32	12.93	
08142000	0202	19410202	19700202	30	1.23	3.48	0.00	15.00		0.00	0.00	0.00	0.00	0.00	0.00	0.00	0.00	0.00	0.00	0.00	0.08	0.10	0.12	0.25	0.41	1.16	6.32	12.80	
08142000	0203	19410203	19700203	30	1.19	3.25	0.00	13.00		0.00	0.00	0.00	0.00	0.00	0.00	0.00	0.00	0.00	0.00	0.04	0.10	0.10	0.15	0.25	0.40	1.05	8.18	11.24	
08142000	0204	19410204	19700204	30	1.16	3.16	0.00	13.00		0.00	0.00	0.00	0.00	0.00	0.00	0.00	0.00	0.00	0.02	0.08	0.10	0.10	0.12	0.25	0.64	1.05	6.92	11.35	
08142000	0205	19410205	19700205	30	1.02	2.80	0.00	12.00		0.00	0.00	0.00	0.00	0.00	0.00	0.00	0.00	0.00	0.00	0.00	0.06	0.10	0.10	0.15	0.52	1.09	6.05	9.91	
08142000	0206	19410206	19700206	30	0.99	2.60	0.00	11.00		0.00	0.00	0.00	0.00	0.00	0.00	0.00	0.00	0.00	0.00	0.03	0.08	0.10	0.10	0.15	0.52	1.44	6.06	8.96	
08142000	0207	19410207	19700207	30	0.92	2.38	0.00	10.00		0.00	0.00	0.00	0.00	0.00	0.00	0.00	0.00	0.00	0.00	0.00	0.06	0.10	0.10	0.15	0.52	1.44	5.52	8.24	
08142000	0208	19410208	19700208	30	0.90	2.28	0.00	10.00		0.00	0.00	0.00	0.00	0.00	0.00	0.00	0.00	0.00	0.00	0.09	0.10	0.10	0.10	0.12	0.60	1.81	4.60	7.91	
08142000	0209	19410209	19700209	30	0.94	2.25	0.00	9.60		0.00	0.00	0.00	0.00	0.00	0.00	0.00	0.00	0.00	0.00	0.08	0.10	0.10	0.12	0.22	0.70	2.41	4.80	7.73	
08142000	0210	19410210	19700210	30	0.89	2.19	0.00	9.70		0.00	0.00	0.00	0.00	0.00	0.00	0.00	0.00	0.00	0.00	0.02	0.10	0.10	0.10	0.15	0.68	2.15	4.62	7.33	
08142000	0211	19410211	19700211	30	0.90	2.28	0.00	10.00		0.00	0.00	0.00	0.00	0.00	0.00	0.00	0.00	0.00	0.00	0.02	0.10	0.10	0.10	0.15	0.60	1.81	5.23	7.58	
08142000	0212	19410212	19700212	30	0.84	2.18	0.00	10.00		0.00	0.00	0.00	0.00	0.00	0.00	0.00	0.00	0.00	0.00	0.00	0.05	0.10	0.10	0.15	0.52	1.75	4.49	7.20	
08142000	0213	19410213	19700213	30	0.87	2.43	0.00	12.00		0.00	0.00	0.00	0.00	0.00	0.00	0.00	0.00	0.00	0.00	0.02	0.10	0.10	0.10	0.17	0.44	1.54	4.25	7.93	
08142000	0214	19410214	19700214	30	0.98	3.07	0.00	16.00		0.00	0.00	0.00	0.00	0.00	0.00	0.00	0.00	0.00	0.00	0.00	0.01	0.10	0.10	0.18	0.52	1.40	4.03	9.73	
08142000	0215	19410215	19700215	30	1.02	3.12	0.00	16.00		0.00	0.00	0.00	0.00	0.00	0.00	0.00	0.00	0.00	0.00	0.00	0.01	0.03	0.10	0.15	0.44	1.52	4.12	10.28	
08142000	0216	19410216	19700216	30	1.14	3.14	0.00	15.00		0.00	0.00	0.00	0.00	0.00	0.00	0.00	0.00	0.00	0.00	0.00	0.02	0.05	0.10	0.15	0.60	2.23	5.94	10.27	
08142000	0217	19410217	19700217	30	1.15	2.97	0.00	14.00		0.00	0.00	0.00	0.00	0.00	0.00	0.00	0.00	0.00	0.00	0.00	0.05	0.10	0.10	0.15	0.84	3.00	5.85	9.65	
08142000	0218	19410218	19700218	30	1.31	3.22	0.00	14.00		0.00	0.00	0.00	0.00	0.00	0.00	0.00	0.00	0.00	0.00	0.00	0.02	0.07	0.10	0.17	0.68	4.41	5.95	11.20	
08142000	0219	19410219	19700219	30	1.44	3.78	0.00	15.00		0.00	0.00	0.00	0.00	0.00	0.00	0.00	0.00	0.00	0.00	0.00	0.05	0.10	0.10	0.20	0.60	3.71	5.09	14.45	
08142000	0220	19410220	19700220	30	1.34	3.45	0.00	15.00		0.00	0.00	0.00	0.00	0.00	0.00	0.00	0.00	0.00	0.00	0.00	0.07	0.10	0.10	0.23	0.62	3.91	4.48	12.80	
08142000	0221	19410221	19700221	30	1.19	3.01	0.00	14.00		0.00	0.00	0.00	0.00	0.00	0.00	0.00	0.00	0.00	0.00	0.01	0.10	0.10	0.11	0.20	0.92	4.04	4.10	10.48	
08142000	0222	19410222	19700222	30	1.17	2.75	0.00	13.00		0.00	0.00	0.00	0.00	0.00	0.00	0.00	0.00	0.00	0.00	0.00	0.09	0.10	0.17	0.46	1.76	3.77	4.80	9.04	
08142000	0223	19410223	19700223	30	2.52	7.74	0.00	41.00		0.00	0.00	0.00	0.00	0.00	0.00	0.00	0.00	0.00	0.03	0.10	0.10	0.21	0.30	0.80	3.08	4.12	6.97	25.05	
08142000	0224	19410224	19700224	30	2.25	5.98	0.00	28.00		0.00	0.00	0.00	0.00	0.00	0.00	0.00	0.00	0.00	0.04	0.10	0.10	0.10	0.17	0.57	2.44	3.63	11.17	20.85	
08142000	0225	19410225	19700225	30	1.93	4.89	0.00	22.00		0.00	0.00	0.00	0.00	0.00	0.00	0.00	0.00	0.00	0.04	0.10	0.10	0.10	0.17	0.66	2.12	3.50	11.17	16.50	
08142000	0226	19410226	19700226	30	1.45	3.47	0.00	15.00		0.00	0.00	0.00	0.00	0.00	0.00	0.00	0.00	0.00	0.04	0.10	0.10	0.10	0.17	0.61	2.00	3.25	5.79	12.80	
08142000	0227	19410227	19700227	30	1.45	3.19	0.00	13.00		0.00	0.00	0.00	0.00	0.00	0.00	0.00	0.00	0.01	0.08	0.10	0.10	0.10	0.18	1.40	2.24	4.08	4.76	11.90	
08142000	0228	19410228	19700228	30	2.86	7.90	0.00	36.00		0.00	0.00	0.00	0.00	0.00	0.00	0.00	0.00	0.00	0.05	0.10	0.10	0.10	0.18	1.27	2.20	3.31	12.99	28.85	
08142000	0229	19440229	19680229	7	5.50	8.42	0.00	20.00				0.00	0.00	0.00	0.00	0.00	0.00	0.00	0.00	1.40	2.80	5.80	10.40	15.00	17.00	19.00			
08142000	0301	19410301	19700301	30	1.61	4.09	0.00	16.00		0.00	0.00	0.00	0.00	0.00	0.00	0.00	0.00	0.01	0.10	0.10	0.10	0.10	0.24	1.18	1.78	2.52	5.03	16.00	
08142000	0302	19410302	19700302	30	1.45	3.92	0.00	17.00		0.00	0.00	0.00	0.00	0.00	0.00	0.00	0.00	0.01	0.10	0.10	0.10	0.13	0.32	1.12	1.60	2.01	2.94	15.35	
08142000	0303	19410303	19700303	30	1.18	3.05	0.00	13.00		0.00	0.00	0.00	0.00	0.00	0.00	0.00	0.00	0.00	0.06	0.10	0.10	0.17	0.27	0.88	1.64	1.73	2.88	11.90	
08142000	0304	19410304	19700304	30	1.19	3.16	0.00	13.00		0.00	0.00	0.00	0.00	0.00	0.00	0.00	0.00	0.00	0.10	0.10	0.10	0.16	0.33	0.60	1.36	1.67	2.88	12.45	
08142000	0305	19410305	19700305	30	1.08	2.91	0.00	12.00		0.00	0.00	0.00	0.00	0.00	0.00	0.00	0.00	0.00	0.00	0.10	0.10	0.17	0.20	0.42	1.28	1.57	2.78	11.45	
08142000	0306	19410306	19700306	30	1.19	3.43	0.00	15.00		0.00	0.00	0.00	0.00	0.00	0.00	0.00	0.00	0.00	0.00	0.10	0.10	0.10	0.18	0.38	1.16	1.44	2.76	13.35	
08142000	0307	19410307	19700307	30	1.82	6.47	0.00	34.00		0.00	0.00	0.00	0.00	0.00	0.00	0.00	0.00	0.00	0.01	0.10	0.10	0.10	0.17	0.28	1.06	1.50	2.76	21.90	
08142000	0308	19410308	19700308	30	1.75	5.61	0.00	29.00		0.00	0.00	0.00	0.00	0.00	0.00	0.00	0.00	0.02	0.10	0.10	0.10	0.20	0.41	0.86	1.16	1.81	2.94	19.65	
08142000	0309	19410309	19700309	30	2.52	7.29	0.00	33.00		0.00	0.00	0.00	0.00	0.00	0.00	0.00	0.00	0.02	0.10	0.10	0.12	0.21	0.37	0.70	1.00	2.06	11.13	26.95	
08142000	0310	19410310	19700310	30	1.68	4.48	0.00	20.00		0.00	0.00	0.00	0.00	0.00	0.00	0.00	0.00	0.00	0.04	0.10	0.10	0.12	0.27	0.78	1.16	2.46	6.81	16.70	
08142000	0311	19410311	19700311	30	1.93	6.39	0.00	31.00		0.00	0.00	0.00	0.00	0.00	0.00	0.00	0.00	0.00	0.01	0.04	0.10	0.20	0.21	0.80	1.18	1.27	2.39	23.85	
08142000	0312	19410312	19700312	30	1.92	6.10	0.00	27.00		0.00	0.00	0.00	0.00	0.00	0.00	0.00	0.00	0.00	0.01	0.06	0.10	0.12	0.20	0.33	1.02	1.71	3.11	23.70	
08142000	0313	19410313	19700313	30	1.75	5.55	0.00	23.00		0.00	0.00	0.00	0.00	0.00	0.00	0.00	0.00	0.00	0.00	0.10	0.10	0.10	0.11	0.29	0.94	1.48	2.65	21.90	
08142000	0314	19410314	19700314	30	1.67	4.92	0.00	20.00		0.00	0.00	0.00	0.00	0.00	0.00	0.00	0.00	0.00	0.00	0.01	0.10	0.10	0.14	0.72	1.10	2.10	3.29	19.45	
08142000	0315	19410315	19700315	30	3.18	9.41	0.00	46.00		0.00	0.00	0.00	0.00	0.00	0.00	0.00	0.00	0.00	0.00	0.01	0.10	0.10	0.46	1.27	2.06	2.70	15.57	32.25	
08142000	0316	19410316	19700316	30	1.62	4.62	0.00	21.00		0.00	0.00	0.00	0.00	0.00	0.00	0.00	0.00	0.00	0.00	0.01	0.10	0.10	0.39	0.92	1.36	1.91	4.19	17.70	
08142000	0317	19410317	19700317	30	1.61	4.66	0.00	22.00		0.00	0.00	0.00	0.00	0.00	0.00	0.00	0.00	0.00	0.00	0.00	0.06	0.10	0.32	0.88	1.48	2.10	3.65	17.60	
08142000	0318	19410318	19700318	30	1.65	4.76	0.00	23.00		0.00	0.00	0.00	0.00	0.00	0.00	0.00	0.00	0.00	0.00	0.01	0.10	0.13	0.30	0.68	1.44	1.85	5.11	17.50	
08142000	0319	19410319	19700319	30	2.17	5.56	0.00	23.00		0.00	0.00	0.00	0.00	0.00	0.00	0.00	0.00	0.00	0.00	0.01	0.10	0.10	0.24	0.68	1.50	4.07	9.30	20.80	
08142000	0320	19410320	19700320	30	2.77	6.89	0.00	27.00		0.00	0.00	0.00	0.00	0.00	0.00	0.00	0.00	0.00	0.00	0.01	0.10	0.21	0.37	1.50	2.20	4.54	14.24	25.35	
08142000	0321	19410321	19700321	30	2.79	8.67	0.00	44.00		0.00	0.00	0.00	0.00	0.00	0.00	0.00	0.00	0.00	0.00	0.01	0.16	0.30	0.37	1.48	2.10	2.96	6.27	30.80	
08142000	0322	19410322	19700322	30	2.14	7.72	0.00	40.00		0.00	0.00	0.00	0.00	0.00	0.00	0.00	0.00	0.00	0.00	0.00	0.06	0.21	0.39	0.51	0.67	1.50	2.24	26.80	
08142000	0323	19410323	19700323	30	4.89	15.50	0.00	78.00		0.00	0.00	0.00	0.00	0.00	0.00	0.00	0.00	0.00	0.00	0.01	0.12	0.20	0.41	0.75	1.60	5.98	13.90	54.35	
08142000	0324	19410324	19700324	30	2.43	6.98	0.00	35.00		0.00	0.00	0.00	0.00	0.00	0.00	0.00	0.00	0.00	0.00	0.01	0.12	0.20	0.41	0.70	1.32	3.74	11.44	22.90	
08142000	0325	19410325	19700325	30	4.60	14.89	0.00	76.00		0.00	0.00	0.00	0.00	0.00	0.00	0.00	0.00	0.00	0.00	0.10	0.10	0.23	0.47	0.88	1.56	5.01	12.63	51.80	
08142000	0326	19410326	19700326	30	11.63	53.61	0.00	294.00		0.00	0.00	0.00	0.00	0.00	0.00	0.00	0.00	0.00	0.06	0.10	0.17	0.31	0.46	0.90	2.30	4.08	11.28	147.70	
08142000	0327	19410327	19700327	30	3.10	9.20	0.00	43.00		0.00	0.00	0.00	0.00	0.00	0.00	0.00	0.00	0.00	0.06	0.10	0.14	0.20	0.41	0.90	2.12	2.44	11.05	34.20	
08142000	0328	19410328	19700328	30	2.09	5.78	0.00	26.00		0.00	0.00	0.00	0.00	0.00	0.00	0.00	0.00	0.00	0.10	0.10	0.17	0.20	0.41	0.62	1.34	2.17	10.15	21.05	
08142000	0329	19410329	19700329	30	1.65	4.95	0.00	25.00		0.00	0.00	0.00	0.00	0.00	0.00	0.00	0.00	0.00	0.00	0.04	0.12	0.22	0.39	0.53	1.24	1.88	5.62	17.30	
08142000	0330	19410330	19700330	30	1.45	4.71	0.00	24.00		0.00	0.00	0.00	0.00	0.00	0.00	0.00	0.00	0.00	0.00	0.04	0.12	0.23	0.61	0.82	0.98	1.20	1.65	16.85	
08142000	0331	19410331	19700331	30	1.56	4.82	0.00	24.00		0.00	0.00	0.00	0.00	0.00	0.00	0.00	0.00	0.00	0.00	0.03	0.12	0.23	0.54	0.64	0.79	1.31	4.13	17.40	
08142000	0401	19410401	19700401	30	1.50	4.64	0.00	23.00		0.00	0.00	0.00	0.00	0.00	0.00	0.00	0.00	0.00	0.00	0.02	0.12	0.25	0.58	0.60	0.68	1.25	3.50	16.95	
08142000	0402	19410402	19700402	30	1.46	4.56	0.00	22.00		0.00	0.00	0.00	0.00	0.00	0.00	0.00	0.00	0.00	0.00	0.02	0.10	0.24	0.50	0.60	0.70	1.18	2.85	17.05	
08142000	0403	19410403	19700403	30	2.19	7.60	0.00	37.00		0.00	0.00	0.00	0.00	0.00	0.00	0.00	0.00	0.00	0.00	0.02	0.08	0.21	0.37	0.58	0.60	1.11	2.33	28.20	
08142000	0404	19410404	19700404	30	1.60	5.03	0.00	20.00		0.00	0.00	0.00	0.00	0.00	0.00	0.00	0.00	0.00	0.01	0.05	0.10	0.20	0.27	0.39	0.68	1.50	2.33	20.00	
08142000	0405	19410405	19700405	30	11.70	56.50	0.00	310.00		0.00	0.00	0.00	0.00	0.00	0.00	0.00	0.00	0.00	0.01	0.06	0.08	0.20	0.27	0.60	1.32	1.70	13.67	149.95	
08142000	0406	19410406	19700406	30	4.72	16.78	0.00	90.00		0.00	0.00	0.00	0.00	0.00	0.00	0.00	0.00	0.00	0.01	0.04	0.08	0.12	0.48	0.70	1.32	5.53	13.90	50.95	
08142000	0407	19410407	19700407	30	28.51	149.35	0.00	819.00		0.00	0.00	0.00	0.00	0.00	0.00	0.00	0.00	0.00	0.01	0.05	0.09	0.12	0.41	0.65	0.96	1.38	10.99	378.45	
08142000	0408	19410408	19700408	30	20.25	104.65	0.00	574.00		0.00	0.00	0.00	0.00	0.00	0.00	0.00	0.00	0.00	0.01	0.05	0.10	0.13	0.27	0.45	0.60	1.00	10.90	267.65	
08142000	0409	19410409	19700409	30	2.20	6.88	0.00	33.00		0.00	0.00	0.00	0.00	0.00	0.00	0.00	0.00	0.00	0.01	0.06	0.10	0.10	0.17	0.33	0.56	1.00	11.80	23.65	
08142000	0410	19410410	19700410	30	1.89	5.38	0.00	20.00		0.00	0.00	0.00	0.00	0.00	0.00	0.00	0.00	0.00	0.00	0.01	0.08	0.10	0.18	0.33	0.56	0.87	14.50	18.35	
08142000	0411	19410411	19700411	30	7.77	26.83	0.00	142.00		0.00	0.00	0.00	0.00	0.00	0.00	0.00	0.00	0.00	0.00	0.06	0.10	0.22	0.39	0.60	0.76	14.35	15.90	87.55	
08142000	0412	19410412	19700412	30	20.13	96.80	0.00	532.00		0.00	0.00	0.00	0.00	0.00	0.00	0.00	0.00	0.00	0.05	0.10	0.17	0.40	0.47	2.15	7.72	12.05	14.90	247.65	
08142000	0413	19410413	19700413	30	2.94	6.32	0.00	24.00		0.00	0.00	0.00	0.00	0.00	0.00	0.00	0.00	0.00	0.05	0.13	0.20	0.41	0.50	1.12	2.64	12.05	14.90	20.15	
08142000	0414	19410414	19700414	30	4.32	13.76	0.00	73.00		0.00	0.00	0.00	0.00	0.00	0.00	0.00	0.00	0.00	0.00	0.10	0.10	0.13	0.44	0.70	1.56	9.82	14.80	41.65	
08142000	0415	19410415	19700415	30	1.86	3.91	0.00	14.00		0.00	0.00	0.00	0.00	0.00	0.00	0.00	0.00	0.00	0.00	0.10	0.10	0.12	0.27	1.05	3.92	5.57	9.07	13.45	
08142000	0416	19410416	19700416	30	1.49	3.55	0.00	14.00		0.00	0.00	0.00	0.00	0.00	0.00	0.00	0.00	0.00	0.00	0.10	0.10	0.12	0.27	0.85	1.16	3.09	7.69	12.90	
08142000	0417	19410417	19700417	30	1.25	3.23	0.00	13.00		0.00	0.00	0.00	0.00	0.00	0.00	0.00	0.00	0.00	0.00	0.08	0.10	0.12	0.20	0.38	0.60	2.04	6.51	11.90	
08142000	0418	19410418	19700418	30	2.01	5.87	0.00	28.00		0.00	0.00	0.00	0.00	0.00	0.00	0.00	0.00	0.00	0.00	0.01	0.10	0.14	0.20	0.23	1.42	2.08	9.24	20.85	
08142000	0419	19410419	19700419	30	16.45	61.21	0.00	313.00		0.00	0.00	0.00	0.00	0.00	0.00	0.00	0.00	0.00	0.00	0.10	0.10	0.14	0.20	0.53	1.92	11.40	16.70	215.10	
08142000	0420	19410420	19700420	30	5.68	16.11	0.00	75.00		0.00	0.00	0.00	0.00	0.00	0.00	0.00	0.00	0.00	0.00	0.10	0.12	0.20	0.27	0.47	1.00	10.46	24.70	57.95	
08142000	0421	19410421	19700421	30	13.72	61.08	0.00	335.00		0.00	0.00	0.00	0.00	0.00	0.00	0.00	0.00	0.00	0.00	0.08	0.10	0.12	0.20	0.85	6.68	8.44	13.45	170.00	
08142000	0422	19410422	19700422	30	3.33	7.23	0.00	30.00		0.00	0.00	0.00	0.00	0.00	0.00	0.00	0.00	0.00	0.10	0.10	0.20	0.60	1.44	2.02	5.52	8.56	14.70	25.60	
08142000	0423	19410423	19700423	30	39.01	126.22	0.00	632.00		0.00	0.00	0.00	0.00	0.00	0.00	0.00	0.00	0.08	0.10	0.10	0.44	1.08	2.31	4.88	6.26	27.05	191.90	421.90	
08142000	0424	19410424	19700424	30	25.98	103.53	0.00	549.00		0.00	0.00	0.00	0.00	0.00	0.00	0.00	0.00	0.03	0.10	0.11	0.42	0.60	0.60	3.62	5.78	10.70	21.00	340.55	
08142000	0425	19410425	19700425	30	21.12	62.51	0.00	300.00		0.00	0.00	0.00	0.00	0.00	0.00	0.00	0.01	0.10	0.10	0.80	1.88	3.70	4.12	4.55	5.88	27.70	64.50	230.15	
08142000	0426	19410426	19700426	30	39.49	159.67	0.00	873.00		0.00	0.00	0.00	0.00	0.00	0.00	0.00	0.01	0.10	0.15	0.23	1.52	3.24	5.51	7.38	16.72	34.45	55.20	466.00	
08142000	0427	19410427	19700427	30	48.13	183.92	0.00	995.00		0.00	0.00	0.00	0.00	0.00	0.00	0.00	0.01	0.10	0.15	0.45	0.76	5.09	9.38	12.00	15.80	20.45	135.70	553.35	
08142000	0428	19410428	19700428	30	24.12	52.40	0.00	213.00		0.00	0.00	0.00	0.00	0.00	0.00	0.00	0.06	0.10	0.12	0.22	2.64	5.21	8.92	15.25	25.20	66.65	123.50	178.90	
08142000	0429	19410429	19700429	30	7.44	14.70	0.00	67.00		0.00	0.00	0.00	0.00	0.00	0.00	0.00	0.06	0.10	0.24	0.76	4.22	4.70	6.43	7.47	12.86	17.70	19.90	54.35	
08142000	0430	19410430	19700430	30	122.70	634.25	0.00	3480.00		0.00	0.00	0.00	0.00	0.00	0.00	0.03	0.10	0.20	0.80	2.13	3.06	4.16	5.81	7.60	12.84	18.15	42.90	1600.10	
08142000	0501	19410501	19700501	30	110.56	524.40	0.00	2880.00		0.00	0.00	0.00	0.00	0.00	0.01	0.09	0.14	0.20	1.60	2.23	3.66	4.55	10.02	13.00	19.20	42.90	66.80	1401.05	
08142000	0502	19410502	19700502	30	77.98	300.95	0.00	1630.00		0.00	0.00	0.00	0.00	0.00	0.01	0.09	0.14	0.20	1.60	1.71	2.24	2.75	4.41	9.97	17.60	57.70	188.50	909.50	
08142000	0503	19410503	19700503	30	31.36	107.92	0.00	550.00		0.00	0.00	0.00	0.00	0.00	0.00	0.00	0.05	0.20	0.65	1.23	1.76	2.48	5.07	8.82	11.00	16.95	55.90	382.25	
08142000	0504	19410504	19700504	30	43.25	162.19	0.00	846.00		0.00	0.00	0.00	0.00	0.00	0.00	0.00	0.06	0.20	0.65	1.00	1.28	3.31	3.47	3.88	5.84	8.02	90.99	548.45	
08142000	0505	19410505	19700505	30	33.22	109.60	0.00	571.00		0.00	0.00	0.00	0.00	0.00	0.00	0.03	0.14	0.48	0.65	1.10	1.68	2.06	3.24	5.55	8.24	31.30	118.50	359.80	
08142000	0506	19410506	19700506	30	12.93	31.58	0.00	127.00		0.00	0.00	0.00	0.00	0.00	0.00	0.03	0.14	0.29	0.50	0.60	0.70	1.70	2.96	4.60	7.36	24.25	74.00	110.50	
08142000	0507	19410507	19700507	30	8.24	20.59	0.00	97.00		0.00	0.00	0.00	0.00	0.00	0.00	0.03	0.14	0.20	0.45	0.60	0.84	1.33	2.94	6.12	7.74	11.91	37.00	72.80	
08142000	0508	19410508	19700508	30	40.83	191.22	0.00	1050.00		0.00	0.00	0.00	0.00	0.00	0.00	0.02	0.10	0.20	0.35	0.50	0.50	0.92	1.88	4.75	7.10	16.95	36.10	513.20	
08142000	0509	19410509	19700509	30	7.74	15.05	0.00	56.00		0.00	0.00	0.00	0.00	0.00	0.00	0.00	0.05	0.20	0.25	0.30	0.52	1.14	2.85	7.35	15.20	27.35	30.70	51.60	
08142000	0510	19410510	19700510	30	15.01	48.99	0.00	259.00		0.00	0.00	0.00	0.00	0.00	0.00	0.00	0.00	0.10	0.15	0.20	0.60	0.86	1.76	5.88	11.60	16.80	40.00	161.10	
08142000	0511	19410511	19700511	30	27.39	70.44	0.00	296.00		0.00	0.00	0.00	0.00	0.00	0.00	0.00	0.00	0.01	0.15	0.20	0.44	0.84	3.13	7.15	13.52	48.65	168.90	241.00	
08142000	0512	19410512	19700512	30	117.94	484.45	0.00	2550.00		0.00	0.00	0.00	0.00	0.00	0.00	0.00	0.00	0.01	0.15	0.20	0.20	0.63	3.04	5.35	12.60	24.10	56.80	1612.80	
08142000	0513	19410513	19700513	30	55.54	191.95	0.00	849.00		0.00	0.00	0.00	0.00	0.00	0.00	0.00	0.00	0.00	0.07	0.20	0.26	1.22	4.09	7.20	11.46	27.35	58.10	744.50	
08142000	0514	19410514	19700514	30	18.69	73.14	0.00	401.00		0.00	0.00	0.00	0.00	0.00	0.00	0.00	0.00	0.00	0.15	0.20	0.39	1.03	3.08	5.60	11.80	20.00	34.40	207.40	
08142000	0515	19410515	19700515	30	27.33	71.89	0.00	332.00		0.00	0.00	0.00	0.00	0.00	0.00	0.00	0.01	0.10	0.15	0.42	1.19	2.95	8.85	12.85	28.40	31.70	141.00	252.25	
08142000	0516	19410516	19700516	30	49.41	215.12	0.00	1180.00		0.00	0.00	0.00	0.00	0.00	0.00	0.00	0.05	0.10	0.30	0.51	0.84	4.71	8.33	10.72	21.40	26.40	39.80	606.35	
08142000	0517	19410517	19700517	30	33.60	93.17	0.00	381.00		0.00	0.00	0.00	0.00	0.00	0.00	0.00	0.10	0.20	0.36	0.74	4.48	5.41	6.84	12.97	24.80	36.75	106.60	364.50	
08142000	0518	19410518	19700518	30	52.48	112.60	0.00	388.00		0.00	0.00	0.00	0.00	0.00	0.00	0.00	0.10	0.20	0.29	0.43	3.52	6.18	8.88	26.75	84.00	149.25	325.90	367.10	
08142000	0519	19410519	19700519	30	72.80	183.03	0.00	919.00		0.00	0.00	0.00	0.00	0.00	0.00	0.09	0.20	0.29	0.30	2.98	4.96	14.60	20.80	32.50	80.40	221.05	257.10	590.10	
08142000	0520	19410520	19700520	30	14.33	41.00	0.00	212.00		0.00	0.00	0.00	0.00	0.00	0.00	0.09	0.20	0.20	0.25	1.54	2.76	3.26	4.44	8.07	14.80	22.10	30.50	142.70	
08142000	0521	19410521	19700521	30	72.72	243.04	0.00	1170.00		0.00	0.00	0.00	0.00	0.00	0.01	0.09	0.10	0.20	0.34	0.62	1.70	4.25	4.99	11.70	22.00	25.35	198.80	896.65	
08142000	0522	19410522	19700522	30	74.32	228.81	0.00	1200.00		0.00	0.00	0.00	0.00	0.08	0.10	0.10	0.14	0.26	0.95	1.42	2.82	17.15	19.40	22.75	46.60	96.40	272.90	736.35	
08142000	0523	19410523	19700523	30	71.29	224.43	0.00	1190.00		0.00	0.00	0.00	0.00	0.00	0.04	0.10	0.12	0.20	0.50	0.91	2.62	5.59	14.05	20.25	38.60	130.30	235.10	706.55	
08142000	0524	19410524	19700524	30	26.66	78.45	0.00	402.00		0.00	0.00	0.00	0.00	0.00	0.03	0.09	0.18	0.49	0.65	1.70	1.76	2.79	5.77	8.70	19.00	33.30	116.10	257.35	
08142000	0525	19410525	19700525	30	38.45	128.48	0.00	647.00		0.00	0.00	0.00	0.00	0.00	0.01	0.09	0.18	0.30	0.35	0.80	0.92	1.30	4.61	11.00	17.20	25.25	83.60	460.00	
08142000	0526	19410526	19700526	30	12.14	27.62	0.00	123.00		0.00	0.00	0.00	0.00	0.00	0.00	0.01	0.18	0.40	0.55	0.81	1.00	3.51	7.59	14.50	17.60	22.15	32.50	105.40	
08142000	0527	19410527	19700527	30	11.61	26.80	0.00	130.00		0.00	0.00	0.00	0.00	0.00	0.00	0.01	0.10	0.20	0.25	0.41	0.80	2.00	5.55	12.50	18.80	25.35	43.10	92.60	
08142000	0528	19410528	19700528	30	28.25	103.59	0.00	566.00		0.00	0.00	0.00	0.00	0.00	0.00	0.00	0.10	0.10	0.15	0.20	0.30	3.32	10.62	13.25	18.80	26.70	70.30	299.80	
08142000	0529	19410529	19700529	30	19.03	63.15	0.00	339.00		0.00	0.00	0.00	0.00	0.00	0.00	0.00	0.00	0.09	0.10	0.30	0.41	1.28	8.39	12.50	16.40	21.10	35.80	203.15	
08142000	0530	19410530	19700530	30	24.92	68.84	0.00	289.00		0.00	0.00	0.00	0.00	0.00	0.00	0.00	0.00	0.10	0.10	0.20	0.32	1.11	6.36	9.47	13.20	17.35	169.20	235.65	
08142000	0531	19410531	19700531	30	16.98	53.71	0.00	237.00		0.00	0.00	0.00	0.00	0.00	0.00	0.00	0.00	0.10	0.10	0.10	0.20	0.20	3.14	8.70	11.46	16.35	17.00	209.50	
08142000	0601	19410601	19700601	30	17.17	52.55	0.00	223.00		0.00	0.00	0.00	0.00	0.00	0.00	0.00	0.00	0.09	0.10	0.10	0.16	0.47	5.22	8.38	11.00	16.35	25.10	207.05	
08142000	0602	19410602	19700602	30	55.69	185.27	0.00	887.00		0.00	0.00	0.00	0.00	0.00	0.00	0.00	0.04	0.10	0.10	0.10	0.10	1.04	2.28	6.65	8.86	20.90	181.20	680.20	
08142000	0603	19410603	19700603	30	20.19	57.52	0.00	300.00		0.00	0.00	0.00	0.00	0.00	0.00	0.00	0.00	0.09	0.10	0.12	0.46	1.01	6.84	12.25	20.20	44.10	54.30	190.55	
08142000	0604	19410604	19700604	30	20.94	78.46	0.00	432.00		0.00	0.00	0.00	0.00	0.00	0.00	0.00	0.00	0.00	0.05	0.21	0.56	8.54	10.49	12.50	17.20	21.45	31.40	219.15	
08142000	0605	19410605	19700605	30	27.79	116.56	0.00	642.00		0.00	0.00	0.00	0.00	0.00	0.00	0.00	0.00	0.00	0.05	0.10	0.26	4.55	8.82	12.50	17.20	23.70	35.80	311.45	
08142000	0606	19410606	19700606	30	7.43	19.43	0.00	103.00		0.00	0.00	0.00	0.00	0.00	0.00	0.00	0.00	0.00	0.05	0.10	1.12	2.25	2.71	9.47	11.60	15.05	21.50	60.65	
08142000	0607	19410607	19700607	30	22.27	90.35	0.00	496.00		0.00	0.00	0.00	0.00	0.00	0.00	0.00	0.00	0.09	0.10	0.20	0.72	2.50	9.30	9.47	13.20	15.70	20.60	258.40	
08142000	0608	19410608	19700608	30	42.35	166.55	0.00	908.00		0.00	0.00	0.00	0.00	0.00	0.00	0.00	0.00	0.00	0.05	0.23	1.22	5.54	7.71	10.47	18.80	32.60	61.90	497.70	
08142000	0609	19410609	19700609	30	18.35	55.20	0.00	266.00		0.00	0.00	0.00	0.00	0.00	0.00	0.00	0.00	0.00	0.00	0.20	0.38	2.75	6.11	10.47	14.00	16.70	37.80	206.60	
08142000	0610	19410610	19700610	30	18.45	58.17	0.00	305.00		0.00	0.00	0.00	0.00	0.00	0.00	0.00	0.00	0.00	0.00	0.11	0.90	2.01	5.25	8.57	11.60	18.75	64.30	190.60	
08142000	0611	19410611	19700611	30	20.11	68.50	0.00	340.00		0.00	0.00	0.00	0.00	0.00	0.00	0.00	0.00	0.00	0.00	0.10	0.28	1.03	3.58	6.72	10.58	14.05	23.20	250.35	
08142000	0612	19410612	19700612	30	78.07	346.78	0.00	1900.00		0.00	0.00	0.00	0.00	0.00	0.00	0.00	0.00	0.00	0.00	0.01	0.22	0.92	3.94	8.20	14.00	37.75	102.60	971.05	
08142000	0613	19410613	19700613	30	14.65	55.52	0.00	302.00		0.00	0.00	0.00	0.00	0.00	0.00	0.00	0.00	0.00	0.00	0.01	0.10	0.61	3.29	5.65	8.84	15.40	18.00	168.90	
08142000	0614	19410614	19700614	30	6.31	15.40	0.00	66.00		0.00	0.00	0.00	0.00	0.00	0.00	0.00	0.00	0.00	0.00	0.01	0.34	1.55	3.80	5.42	7.96	13.00	13.90	59.95	
08142000	0615	19410615	19700615	30	20.58	95.53	0.00	524.00		0.00	0.00	0.00	0.00	0.00	0.00	0.00	0.00	0.00	0.00	0.12	0.62	0.90	1.92	3.92	4.68	6.66	10.65	263.30	
08142000	0616	19410616	19700616	30	7.18	25.20	0.00	134.00		0.00	0.00	0.00	0.00	0.00	0.00	0.00	0.00	0.00	0.00	0.10	0.26	0.70	2.54	2.90	4.20	5.59	10.57	83.40	
08142000	0617	19410617	19700617	30	11.15	26.42	0.00	127.00		0.00	0.00	0.00	0.00	0.00	0.00	0.00	0.00	0.00	0.00	0.10	0.28	2.48	3.11	4.97	14.56	36.00	42.30	87.40	
08142000	0618	19410618	19700618	30	22.72	84.15	0.00	460.00		0.00	0.00	0.00	0.00	0.00	0.00	0.00	0.00	0.00	0.10	0.68	2.26	2.48	2.97	6.75	15.90	27.45	51.80	242.75	
08142000	0619	19410619	19700619	30	15.25	35.44	0.00	124.00		0.00	0.00	0.00	0.00	0.00	0.00	0.00	0.00	0.00	0.10	0.31	0.92	1.75	2.21	7.47	19.80	29.10	102.30	119.60	
08142000	0620	19410620	19700620	30	5.96	17.08	0.00	91.00		0.00	0.00	0.00	0.00	0.00	0.00	0.00	0.00	0.00	0.05	0.10	0.34	1.52	1.67	2.88	8.06	13.40	16.90	52.50	
08142000	0621	19410621	19700621	30	8.39	29.04	0.00	158.00		0.00	0.00	0.00	0.00	0.00	0.00	0.00	0.00	0.00	0.00	0.10	0.22	1.31	1.47	5.08	7.52	12.35	13.90	88.15	
08142000	0622	19410622	19700622	30	3.74	10.09	0.00	53.00		0.00	0.00	0.00	0.00	0.00	0.00	0.00	0.00	0.00	0.00	0.00	0.18	1.20	1.48	3.70	5.22	7.35	9.71	33.20	
08142000	0623	19410623	19700623	30	2.50	4.92	0.00	20.00		0.00	0.00	0.00	0.00	0.00	0.00	0.00	0.00	0.00	0.00	0.21	0.86	1.20	1.34	3.83	4.74	5.08	8.73	18.35	
08142000	0624	19410624	19700624	30	1.86	3.86	0.00	17.00		0.00	0.00	0.00	0.00	0.00	0.00	0.00	0.00	0.00	0.05	0.20	0.48	0.81	0.90	1.85	3.34	3.90	9.03	13.15	
08142000	0625	19410625	19700625	30	0.96	2.00	0.00	8.10		0.00	0.00	0.00	0.00	0.00	0.00	0.00	0.00	0.00	0.05	0.10	0.20	0.41	0.64	0.71	1.27	2.70	3.06	7.50	
08142000	0626	19410626	19700626	30	36.93	198.90	0.00	1090.00		0.00	0.00	0.00	0.00	0.00	0.00	0.00	0.00	0.00	0.00	0.10	0.10	0.17	0.41	0.60	1.00	1.81	3.17	494.51	
08142000	0627	19410627	19700627	30	8.57	44.85	0.00	246.00		0.00	0.00	0.00	0.00	0.00	0.00	0.00	0.00	0.00	0.00	0.00	0.02	0.10	0.17	0.40	0.48	1.18	1.95	113.39	
08142000	0628	19410628	19700628	30	0.96	4.01	0.00	22.00		0.00	0.00	0.00	0.00	0.00	0.00	0.00	0.00	0.00	0.00	0.00	0.00	0.10	0.17	0.33	0.40	0.81	1.19	11.16	
08142000	0629	19410629	19700629	30	0.54	2.19	0.00	12.00		0.00	0.00	0.00	0.00	0.00	0.00	0.00	0.00	0.00	0.00	0.00	0.00	0.10	0.10	0.22	0.30	0.35	1.03	6.17	
08142000	0630	19410630	19700630	30	10.63	43.48	0.00	236.00		0.00	0.00	0.00	0.00	0.00	0.00	0.00	0.00	0.00	0.00	0.01	0.10	0.11	0.20	0.28	0.69	4.50	29.00	127.10	
08142000	0701	19410701	19700701	30	6.86	24.62	0.00	131.00		0.00	0.00	0.00	0.00	0.00	0.00	0.00	0.00	0.00	0.00	0.00	0.06	0.10	0.22	0.32	0.88	9.17	16.23	79.30	
08142000	0702	19410702	19700702	30	3.54	13.97	0.00	76.00		0.00	0.00	0.00	0.00	0.00	0.00	0.00	0.00	0.00	0.00	0.01	0.10	0.10	0.16	0.28	0.54	3.36	8.37	40.25	
08142000	0703	19410703	19700703	30	8.83	41.19	0.00	226.00		0.00	0.00	0.00	0.00	0.00	0.00	0.00	0.00	0.00	0.00	0.01	0.10	0.13	0.18	0.20	0.92	4.34	8.71	111.60	
08142000	0704	19410704	19700704	30	1.88	6.36	0.00	34.00		0.00	0.00	0.00	0.00	0.00	0.00	0.00	0.00	0.00	0.00	0.01	0.10	0.12	0.21	0.22	0.85	2.69	6.63	19.15	
08142000	0705	19410705	19700705	30	1.59	5.04	0.00	26.00		0.00	0.00	0.00	0.00	0.00	0.00	0.00	0.00	0.00	0.00	0.00	0.00	0.12	0.20	0.23	0.32	2.22	5.83	16.59	
08142000	0706	19410706	19700706	30	45.01	244.59	0.00	1340.00		0.00	0.00	0.00	0.00	0.00	0.00	0.00	0.00	0.00	0.00	0.00	0.00	0.10	0.13	0.20	0.24	0.44	2.23	606.30	
08142000	0707	19410707	19700707	30	71.92	392.49	0.00	2150.00		0.00	0.00	0.00	0.00	0.00	0.00	0.00	0.00	0.00	0.00	0.00	0.00	0.00	0.06	0.10	0.18	0.34	1.04	970.36	
08142000	0708	19410708	19700708	30	8.65	46.16	0.00	253.00		0.00	0.00	0.00	0.00	0.00	0.00	0.00	0.00	0.00	0.00	0.00	0.00	0.00	0.05	0.11	0.19	0.24	0.39	116.71	
08142000	0709	19410709	19700709	30	8.46	39.26	0.00	214.00		0.00	0.00	0.00	0.00	0.00	0.00	0.00	0.00	0.00	0.00	0.00	0.00	0.00	0.00	0.07	0.19	0.88	4.88	113.90	
08142000	0710	19410710	19700710	30	7.28	31.05	0.00	169.00		0.00	0.00	0.00	0.00	0.00	0.00	0.00	0.00	0.00	0.00	0.00	0.00	0.00	0.01	0.14	0.20	2.18	15.82	90.35	
08142000	0711	19410711	19700711	30	1.12	3.20	0.00	15.00		0.00	0.00	0.00	0.00	0.00	0.00	0.00	0.00	0.00	0.00	0.00	0.00	0.00	0.00	0.11	0.19	2.00	6.28	10.27	
08142000	0712	19410712	19700712	30	0.57	1.78	0.00	8.10		0.00	0.00	0.00	0.00	0.00	0.00	0.00	0.00	0.00	0.00	0.00	0.00	0.00	0.00	0.06	0.13	0.30	2.66	6.50	
08142000	0713	19410713	19700713	30	0.42	1.34	0.00	5.20		0.00	0.00	0.00	0.00	0.00	0.00	0.00	0.00	0.00	0.00	0.00	0.00	0.00	0.00	0.00	0.07	0.14	1.64	5.20	
08142000	0714	19410714	19700714	30	0.40	1.32	0.00	5.20		0.00	0.00	0.00	0.00	0.00	0.00	0.00	0.00	0.00	0.00	0.00	0.00	0.00	0.00	0.00	0.07	0.14	1.10	5.20	
08142000	0715	19410715	19700715	30	4.44	17.08	0.00	89.00		0.00	0.00	0.00	0.00	0.00	0.00	0.00	0.00	0.00	0.00	0.00	0.00	0.00	0.00	0.09	0.18	2.59	5.05	58.20	
08142000	0716	19410716	19700716	30	1.97	5.43	0.00	23.00		0.00	0.00	0.00	0.00	0.00	0.00	0.00	0.00	0.00	0.00	0.00	0.00	0.00	0.04	0.10	0.26	3.38	10.42	19.70	
08142000	0717	19410717	19700717	30	3.81	13.25	0.00	65.00		0.00	0.00	0.00	0.00	0.00	0.00	0.00	0.00	0.00	0.00	0.00	0.00	0.00	0.04	0.10	0.10	3.12	6.64	48.50	
08142000	0718	19410718	19700718	30	13.62	68.69	0.00	377.00		0.00	0.00	0.00	0.00	0.00	0.00	0.00	0.00	0.00	0.00	0.00	0.00	0.01	0.07	0.17	1.68	3.71	8.53	176.25	
08142000	0719	19410719	19700719	30	3.11	10.49	0.00	55.00		0.00	0.00	0.00	0.00	0.00	0.00	0.00	0.00	0.00	0.00	0.00	0.00	0.00	0.07	0.45	1.66	2.84	11.13	34.10	
08142000	0720	19410720	19700720	30	28.89	154.90	0.00	849.00		0.00	0.00	0.00	0.00	0.00	0.00	0.00	0.00	0.00	0.00	0.00	0.00	0.01	0.07	0.25	1.10	1.68	3.82	386.50	
08142000	0721	19410721	19700721	30	28.18	152.39	0.00	835.00		0.00	0.00	0.00	0.00	0.00	0.00	0.00	0.00	0.00	0.00	0.00	0.00	0.01	0.09	0.11	0.19	1.30	1.77	378.61	
08142000	0722	19410722	19700722	30	4.91	17.38	0.00	74.00		0.00	0.00	0.00	0.00	0.00	0.00	0.00	0.00	0.00	0.00	0.00	0.00	0.02	0.09	0.12	0.19	1.83	5.34	67.95	
08142000	0723	19410723	19700723	30	1.33	4.10	0.00	17.00		0.00	0.00	0.00	0.00	0.00	0.00	0.00	0.00	0.00	0.00	0.00	0.00	0.00	0.00	0.07	0.20	1.25	4.49	15.90	
08142000	0724	19410724	19700724	30	0.51	1.74	0.00	9.30		0.00	0.00	0.00	0.00	0.00	0.00	0.00	0.00	0.00	0.00	0.00	0.00	0.00	0.00	0.05	0.15	1.07	1.29	5.39	
08142000	0725	19410725	19700725	30	0.29	1.01	0.00	5.40		0.00	0.00	0.00	0.00	0.00	0.00	0.00	0.00	0.00	0.00	0.00	0.00	0.00	0.00	0.04	0.10	0.38	0.80	3.20	
08142000	0726	19410726	19700726	30	0.73	2.94	0.00	16.00		0.00	0.00	0.00	0.00	0.00	0.00	0.00	0.00	0.00	0.00	0.00	0.00	0.00	0.00	0.04	0.15	0.67	1.16	8.79	
08142000	0727	19410727	19700727	30	0.51	1.88	0.00	10.00		0.00	0.00	0.00	0.00	0.00	0.00	0.00	0.00	0.00	0.00	0.00	0.00	0.00	0.00	0.04	0.15	0.51	1.06	6.09	
08142000	0728	19410728	19700728	30	0.28	0.85	0.00	4.10		0.00	0.00	0.00	0.00	0.00	0.00	0.00	0.00	0.00	0.00	0.00	0.00	0.00	0.00	0.01	0.13	0.41	0.78	3.11	
08142000	0729	19410729	19700729	30	0.14	0.35	0.00	1.50		0.00	0.00	0.00	0.00	0.00	0.00	0.00	0.00	0.00	0.00	0.00	0.00	0.00	0.00	0.05	0.14	0.30	0.68	1.23	
08142000	0730	19410730	19700730	30	0.07	0.17	0.00	0.80		0.00	0.00	0.00	0.00	0.00	0.00	0.00	0.00	0.00	0.00	0.00	0.00	0.00	0.00	0.01	0.09	0.15	0.38	0.58	
08142000	0731	19410731	19700731	30	5.92	32.12	0.00	176.00		0.00	0.00	0.00	0.00	0.00	0.00	0.00	0.00	0.00	0.00	0.00	0.00	0.00	0.00	0.01	0.09	0.19	0.39	79.47	
08142000	0801	19410801	19700801	30	1.87	10.04	0.00	55.00		0.00	0.00	0.00	0.00	0.00	0.00	0.00	0.00	0.00	0.00	0.00	0.00	0.00	0.00	0.01	0.09	0.15	0.20	24.91	
08142000	0802	19410802	19700802	30	0.08	0.29	0.00	1.60		0.00	0.00	0.00	0.00	0.00	0.00	0.00	0.00	0.00	0.00	0.00	0.00	0.00	0.00	0.01	0.09	0.11	0.19	0.83	
08142000	0803	19410803	19700803	30	0.03	0.06	0.00	0.20		0.00	0.00	0.00	0.00	0.00	0.00	0.00	0.00	0.00	0.00	0.00	0.00	0.00	0.00	0.00	0.05	0.10	0.13	0.20	
08142000	0804	19410804	19700804	30	0.02	0.06	0.00	0.20		0.00	0.00	0.00	0.00	0.00	0.00	0.00	0.00	0.00	0.00	0.00	0.00	0.00	0.00	0.00	0.00	0.08	0.13	0.20	
08142000	0805	19410805	19700805	30	0.02	0.05	0.00	0.20		0.00	0.00	0.00	0.00	0.00	0.00	0.00	0.00	0.00	0.00	0.00	0.00	0.00	0.00	0.00	0.00	0.09	0.10	0.16	
08142000	0806	19410806	19700806	30	0.02	0.05	0.00	0.20		0.00	0.00	0.00	0.00	0.00	0.00	0.00	0.00	0.00	0.00	0.00	0.00	0.00	0.00	0.00	0.00	0.09	0.10	0.16	
08142000	0807	19410807	19700807	30	0.02	0.05	0.00	0.20		0.00	0.00	0.00	0.00	0.00	0.00	0.00	0.00	0.00	0.00	0.00	0.00	0.00	0.00	0.00	0.00	0.09	0.10	0.15	
08142000	0808	19410808	19700808	30	0.02	0.05	0.00	0.20		0.00	0.00	0.00	0.00	0.00	0.00	0.00	0.00	0.00	0.00	0.00	0.00	0.00	0.00	0.00	0.00	0.08	0.10	0.14	
08142000	0809	19410809	19700809	30	20.28	111.00	0.00	608.00		0.00	0.00	0.00	0.00	0.00	0.00	0.00	0.00	0.00	0.00	0.00	0.00	0.00	0.00	0.00	0.00	0.09	0.10	273.71	
08142000	0810	19410810	19700810	30	2.52	11.20	0.00	60.00		0.00	0.00	0.00	0.00	0.00	0.00	0.00	0.00	0.00	0.00	0.00	0.00	0.00	0.00	0.00	0.06	0.11	0.19	35.25	
08142000	0811	19410811	19700811	30	1.78	9.30	0.00	51.00		0.00	0.00	0.00	0.00	0.00	0.00	0.00	0.00	0.00	0.00	0.00	0.00	0.00	0.00	0.00	0.07	0.10	0.19	23.94	
08142000	0812	19410812	19700812	30	0.12	0.49	0.00	2.70		0.00	0.00	0.00	0.00	0.00	0.00	0.00	0.00	0.00	0.00	0.00	0.00	0.00	0.00	0.00	0.06	0.13	0.20	1.32	
08142000	0813	19410813	19700813	30	0.02	0.05	0.00	0.20		0.00	0.00	0.00	0.00	0.00	0.00	0.00	0.00	0.00	0.00	0.00	0.00	0.00	0.00	0.00	0.00	0.04	0.10	0.14	
08142000	0814	19410814	19700814	30	0.02	0.05	0.00	0.20		0.00	0.00	0.00	0.00	0.00	0.00	0.00	0.00	0.00	0.00	0.00	0.00	0.00	0.00	0.00	0.00	0.04	0.10	0.18	
08142000	0815	19410815	19700815	30	0.01	0.04	0.00	0.20		0.00	0.00	0.00	0.00	0.00	0.00	0.00	0.00	0.00	0.00	0.00	0.00	0.00	0.00	0.00	0.00	0.02	0.09	0.14	
08142000	0816	19410816	19700816	30	0.01	0.04	0.00	0.20		0.00	0.00	0.00	0.00	0.00	0.00	0.00	0.00	0.00	0.00	0.00	0.00	0.00	0.00	0.00	0.00	0.02	0.08	0.14	
08142000	0817	19410817	19700817	30	1.61	8.76	0.00	48.00		0.00	0.00	0.00	0.00	0.00	0.00	0.00	0.00	0.00	0.00	0.00	0.00	0.00	0.00	0.00	0.00	0.07	0.10	21.71	
08142000	0818	19410818	19700818	30	0.81	4.38	0.00	24.00		0.00	0.00	0.00	0.00	0.00	0.00	0.00	0.00	0.00	0.00	0.00	0.00	0.00	0.00	0.00	0.00	0.07	0.10	10.91	
08142000	0819	19410819	19700819	30	3.05	12.24	0.00	61.00		0.00	0.00	0.00	0.00	0.00	0.00	0.00	0.00	0.00	0.00	0.00	0.00	0.00	0.00	0.00	0.02	0.12	0.29	43.95	
08142000	0820	19410820	19700820	30	1.83	9.67	0.00	53.00		0.00	0.00	0.00	0.00	0.00	0.00	0.00	0.00	0.00	0.00	0.00	0.00	0.00	0.00	0.00	0.02	0.11	0.20	24.68	
08142000	0821	19410821	19700821	30	0.24	1.17	0.00	6.40		0.00	0.00	0.00	0.00	0.00	0.00	0.00	0.00	0.00	0.00	0.00	0.00	0.00	0.00	0.01	0.04	0.07	0.19	3.04	
08142000	0822	19410822	19700822	30	0.06	0.24	0.00	1.30		0.00	0.00	0.00	0.00	0.00	0.00	0.00	0.00	0.00	0.00	0.00	0.00	0.00	0.00	0.00	0.00	0.05	0.09	0.69	
08142000	0823	19410823	19700823	30	0.02	0.05	0.00	0.20		0.00	0.00	0.00	0.00	0.00	0.00	0.00	0.00	0.00	0.00	0.00	0.00	0.00	0.00	0.00	0.00	0.02	0.08	0.20	
08142000	0824	19410824	19700824	30	6.31	34.50	0.00	189.00		0.00	0.00	0.00	0.00	0.00	0.00	0.00	0.00	0.00	0.00	0.00	0.00	0.00	0.00	0.00	0.00	0.06	0.10	85.16	
08142000	0825	19410825	19700825	30	0.17	0.89	0.00	4.90		0.00	0.00	0.00	0.00	0.00	0.00	0.00	0.00	0.00	0.00	0.00	0.00	0.00	0.00	0.00	0.00	0.02	0.09	2.31	
08142000	0826	19410826	19700826	30	0.08	0.40	0.00	2.20		0.00	0.00	0.00	0.00	0.00	0.00	0.00	0.00	0.00	0.00	0.00	0.00	0.00	0.00	0.00	0.00	0.02	0.07	1.10	
08142000	0827	19410827	19700827	30	0.35	1.55	0.00	8.50		0.00	0.00	0.00	0.00	0.00	0.00	0.00	0.00	0.00	0.00	0.00	0.00	0.00	0.00	0.00	0.05	0.11	0.67	4.31	
08142000	0828	19410828	19700828	30	2.33	12.59	0.00	69.00		0.00	0.00	0.00	0.00	0.00	0.00	0.00	0.00	0.00	0.00	0.00	0.00	0.00	0.00	0.00	0.00	0.06	0.19	31.34	
08142000	0829	19410829	19700829	30	0.06	0.15	0.00	0.60		0.00	0.00	0.00	0.00	0.00	0.00	0.00	0.00	0.00	0.00	0.00	0.00	0.00	0.00	0.00	0.05	0.11	0.36	0.55	
08142000	0830	19410830	19700830	30	0.03	0.09	0.00	0.38		0.00	0.00	0.00	0.00	0.00	0.00	0.00	0.00	0.00	0.00	0.00	0.00	0.00	0.00	0.00	0.05	0.09	0.19	0.28	
08142000	0831	19410831	19700831	30	0.05	0.19	0.00	1.00		0.00	0.00	0.00	0.00	0.00	0.00	0.00	0.00	0.00	0.00	0.00	0.00	0.00	0.00	0.00	0.00	0.04	0.12	0.56	
08142000	0901	19410901	19700901	30	0.04	0.18	0.00	0.96		0.00	0.00	0.00	0.00	0.00	0.00	0.00	0.00	0.00	0.00	0.00	0.00	0.00	0.00	0.00	0.00	0.03	0.09	0.49	
08142000	0902	19410902	19700902	30	0.61	2.63	0.00	14.00		0.00	0.00	0.00	0.00	0.00	0.00	0.00	0.00	0.00	0.00	0.00	0.00	0.00	0.00	0.00	0.00	0.09	0.10	8.44	
08142000	0903	19410903	19700903	30	10.01	39.36	0.00	208.00		0.00	0.00	0.00	0.00	0.00	0.00	0.00	0.00	0.00	0.00	0.00	0.00	0.00	0.02	0.08	0.10	4.85	12.90	129.90	
08142000	0904	19410904	19700904	30	2.27	7.81	0.00	41.00		0.00	0.00	0.00	0.00	0.00	0.00	0.00	0.00	0.00	0.00	0.00	0.00	0.00	0.04	0.08	0.18	2.42	9.36	24.50	
08142000	0905	19410905	19700905	30	2.02	8.67	0.00	47.00		0.00	0.00	0.00	0.00	0.00	0.00	0.00	0.00	0.00	0.00	0.00	0.00	0.00	0.04	0.09	0.10	0.40	3.14	26.10	
08142000	0906	19410906	19700906	30	1.01	4.42	0.00	24.00		0.00	0.00	0.00	0.00	0.00	0.00	0.00	0.00	0.00	0.00	0.00	0.00	0.01	0.09	0.10	0.18	0.36	0.50	13.33	
08142000	0907	19410907	19700907	30	0.34	1.49	0.00	8.10		0.00	0.00	0.00	0.00	0.00	0.00	0.00	0.00	0.00	0.00	0.00	0.00	0.00	0.00	0.00	0.04	0.09	0.30	4.53	
08142000	0908	19410908	19700908	30	0.04	0.10	0.00	0.40		0.00	0.00	0.00	0.00	0.00	0.00	0.00	0.00	0.00	0.00	0.00	0.00	0.00	0.00	0.01	0.06	0.10	0.20	0.39	
08142000	0909	19410909	19700909	30	22.61	100.37	0.00	536.00		0.00	0.00	0.00	0.00	0.00	0.00	0.00	0.00	0.00	0.00	0.00	0.00	0.00	0.00	0.00	0.02	0.05	0.10	319.30	
08142000	0910	19410910	19700910	30	17.49	86.03	0.00	470.00		0.00	0.00	0.00	0.00	0.00	0.00	0.00	0.00	0.00	0.00	0.00	0.00	0.00	0.00	0.00	0.03	0.07	0.40	241.20	
08142000	0911	19410911	19700911	30	3.37	10.76	0.00	53.00		0.00	0.00	0.00	0.00	0.00	0.00	0.00	0.00	0.00	0.00	0.00	0.00	0.00	0.00	0.01	0.07	3.92	11.90	37.60	
08142000	0912	19410912	19700912	30	1.40	4.24	0.00	21.00		0.00	0.00	0.00	0.00	0.00	0.00	0.00	0.00	0.00	0.00	0.00	0.00	0.00	0.00	0.06	0.10	2.59	5.77	14.51	
08142000	0913	19410913	19700913	30	0.91	4.05	0.00	22.00		0.00	0.00	0.00	0.00	0.00	0.00	0.00	0.00	0.00	0.00	0.00	0.00	0.00	0.00	0.01	0.06	0.17	0.93	11.99	
08142000	0914	19410914	19700914	30	6.19	22.28	0.00	97.00		0.00	0.00	0.00	0.00	0.00	0.00	0.00	0.00	0.00	0.00	0.00	0.00	0.00	0.00	0.02	0.10	1.81	6.09	86.55	
08142000	0915	19410915	19700915	30	16.13	73.63	0.00	401.00		0.00	0.00	0.00	0.00	0.00	0.00	0.00	0.00	0.00	0.00	0.00	0.00	0.00	0.00	0.01	0.09	0.62	17.25	214.55	
08142000	0916	19410916	19700916	30	7.70	22.08	0.00	78.00		0.00	0.00	0.00	0.00	0.00	0.00	0.00	0.00	0.00	0.00	0.00	0.00	0.00	0.04	0.10	0.66	5.45	58.60	76.35	
08142000	0917	19410917	19700917	30	3.42	11.29	0.00	58.00		0.00	0.00	0.00	0.00	0.00	0.00	0.00	0.00	0.00	0.00	0.00	0.00	0.00	0.04	0.10	0.42	3.30	16.15	36.00	
08142000	0918	19410918	19700918	30	8.74	43.77	0.00	240.00		0.00	0.00	0.00	0.00	0.00	0.00	0.00	0.00	0.00	0.00	0.00	0.00	0.01	0.08	0.10	0.18	0.35	6.34	115.70	
08142000	0919	19410919	19700919	30	0.83	3.39	0.00	18.00		0.00	0.00	0.00	0.00	0.00	0.00	0.00	0.00	0.00	0.00	0.00	0.00	0.00	0.00	0.01	0.07	0.14	0.92	11.07	
08142000	0920	19410920	19700920	30	0.56	1.91	0.00	9.20		0.00	0.00	0.00	0.00	0.00	0.00	0.00	0.00	0.00	0.00	0.00	0.00	0.00	0.00	0.03	0.09	0.14	1.64	7.00	
08142000	0921	19410921	19700921	30	19.65	106.03	0.00	581.00		0.00	0.00	0.00	0.00	0.00	0.00	0.00	0.00	0.00	0.00	0.00	0.00	0.00	0.00	0.01	0.07	0.10	2.08	264.64	
08142000	0922	19410922	19700922	30	0.97	4.42	0.00	24.00		0.00	0.00	0.00	0.00	0.00	0.00	0.00	0.00	0.00	0.00	0.00	0.00	0.00	0.00	0.01	0.08	0.10	0.50	13.22	
08142000	0923	19410923	19700923	30	35.49	156.34	0.00	834.00		0.00	0.00	0.00	0.00	0.00	0.00	0.00	0.00	0.00	0.00	0.00	0.00	0.00	0.00	0.05	0.10	0.25	3.56	499.60	
08142000	0924	19410924	19700924	30	4.09	16.63	0.00	89.00		0.00	0.00	0.00	0.00	0.00	0.00	0.00	0.00	0.00	0.00	0.00	0.00	0.00	0.03	0.10	0.10	3.04	3.28	53.25	
08142000	0925	19410925	19700925	30	1.35	4.82	0.00	20.00		0.00	0.00	0.00	0.00	0.00	0.00	0.00	0.00	0.00	0.00	0.00	0.00	0.00	0.00	0.05	0.09	0.13	1.82	18.90	
08142000	0926	19410926	19700926	30	0.45	1.66	0.00	8.80		0.00	0.00	0.00	0.00	0.00	0.00	0.00	0.00	0.00	0.00	0.00	0.00	0.00	0.04	0.10	0.10	0.17	1.29	5.39	
08142000	0927	19410927	19700927	30	0.21	0.74	0.00	3.90		0.00	0.00	0.00	0.00	0.00	0.00	0.00	0.00	0.00	0.00	0.00	0.00	0.00	0.00	0.05	0.07	0.10	0.55	2.47	
08142000	0928	19410928	19700928	30	0.12	0.43	0.00	2.00		0.00	0.00	0.00	0.00	0.00	0.00	0.00	0.00	0.00	0.00	0.00	0.00	0.00	0.00	0.01	0.06	0.07	0.10	1.61	
08142000	0929	19410929	19700929	30	0.08	0.27	0.00	1.10		0.00	0.00	0.00	0.00	0.00	0.00	0.00	0.00	0.00	0.00	0.00	0.00	0.00	0.00	0.01	0.06	0.07	0.10	1.04	
08142000	0930	19410930	19700930	30	0.17	0.63	0.00	3.40		0.00	0.00	0.00	0.00	0.00	0.00	0.00	0.00	0.00	0.00	0.00	0.00	0.00	0.00	0.04	0.06	0.10	0.46	2.00	
08142000	1001	19401001	19701001	31	4.72	26.03	0.00	145.00		0.00	0.00	0.00	0.00	0.00	0.00	0.00	0.00	0.00	0.00	0.00	0.00	0.00	0.00	0.04	0.08	0.12	0.28	58.32	
08142000	1002	19401002	19701002	31	0.88	4.66	0.00	26.00		0.00	0.00	0.00	0.00	0.00	0.00	0.00	0.00	0.00	0.00	0.00	0.00	0.00	0.00	0.04	0.09	0.12	0.28	10.76	
08142000	1003	19401003	19701003	31	35.83	157.14	0.00	845.00		0.00	0.00	0.00	0.00	0.00	0.00	0.00	0.00	0.00	0.00	0.00	0.00	0.00	0.02	0.08	0.16	0.20	5.64	492.80	
08142000	1004	19401004	19701004	31	12.30	43.30	0.00	220.00		0.00	0.00	0.00	0.00	0.00	0.00	0.00	0.00	0.00	0.00	0.00	0.00	0.00	0.06	0.10	0.16	1.76	48.40	145.00	
08142000	1005	19401005	19701005	31	1.41	3.83	0.00	16.00		0.00	0.00	0.00	0.00	0.00	0.00	0.00	0.00	0.00	0.00	0.00	0.00	0.00	0.08	0.10	0.12	2.08	7.60	13.60	
08142000	1006	19401006	19701006	31	0.58	1.55	0.00	6.00		0.00	0.00	0.00	0.00	0.00	0.00	0.00	0.00	0.00	0.00	0.00	0.00	0.00	0.08	0.10	0.10	1.08	2.76	5.88	
08142000	1007	19401007	19691007	30	0.38	1.17	0.00	6.00		0.00	0.00	0.00	0.00	0.00	0.00	0.00	0.00	0.00	0.00	0.00	0.00	0.01	0.07	0.10	0.18	0.58	1.37	3.91	
08142000	1008	19401008	19691008	30	0.29	1.10	0.00	6.00		0.00	0.00	0.00	0.00	0.00	0.00	0.00	0.00	0.00	0.00	0.00	0.00	0.06	0.09	0.10	0.10	0.34	0.69	3.14	
08142000	1009	19401009	19691009	30	15.49	83.21	0.00	456.00		0.00	0.00	0.00	0.00	0.00	0.00	0.00	0.00	0.00	0.00	0.00	0.00	0.06	0.10	0.12	0.20	0.48	0.96	208.50	
08142000	1010	19401010	19691010	30	2.78	12.45	0.00	68.00		0.00	0.00	0.00	0.00	0.00	0.00	0.00	0.00	0.00	0.00	0.00	0.00	0.01	0.06	0.10	0.18	0.28	5.44	35.16	
08142000	1011	19401011	19691011	30	0.85	2.84	0.00	14.00		0.00	0.00	0.00	0.00	0.00	0.00	0.00	0.00	0.00	0.00	0.00	0.00	0.00	0.04	0.07	0.12	0.20	4.43	9.60	
08142000	1012	19401012	19691012	30	0.56	1.67	0.00	6.40		0.00	0.00	0.00	0.00	0.00	0.00	0.00	0.00	0.00	0.00	0.00	0.00	0.01	0.05	0.10	0.10	0.14	3.26	6.18	
08142000	1013	19401013	19691013	30	1.14	3.66	0.00	19.00		0.00	0.00	0.00	0.00	0.00	0.00	0.00	0.00	0.00	0.00	0.00	0.05	0.10	0.10	0.12	0.36	1.59	4.05	11.85	
08142000	1014	19401014	19691014	30	0.75	1.82	0.00	6.40		0.00	0.00	0.00	0.00	0.00	0.00	0.00	0.00	0.00	0.00	0.04	0.07	0.10	0.17	0.26	0.30	1.41	4.97	6.18	
08142000	1015	19401015	19691015	30	0.63	2.22	0.00	12.00		0.00	0.00	0.00	0.00	0.00	0.00	0.00	0.00	0.00	0.00	0.00	0.03	0.07	0.10	0.10	0.18	1.05	1.79	6.50	
08142000	1016	19401016	19691016	30	1.00	4.55	0.00	25.00		0.00	0.00	0.00	0.00	0.00	0.00	0.00	0.00	0.00	0.00	0.00	0.06	0.10	0.10	0.11	0.19	0.54	1.16	12.24	
08142000	1017	19401017	19691017	30	40.94	222.69	0.00	1220.00		0.00	0.00	0.00	0.00	0.00	0.00	0.00	0.00	0.00	0.00	0.00	0.03	0.07	0.10	0.11	0.19	0.34	1.57	551.86	
08142000	1018	19401018	19691018	30	1.79	8.21	0.00	45.00		0.00	0.00	0.00	0.00	0.00	0.00	0.00	0.00	0.00	0.00	0.00	0.07	0.10	0.10	0.15	0.20	0.85	1.37	22.67	
08142000	1019	19401019	19691019	30	0.62	2.30	0.00	12.00		0.00	0.00	0.00	0.00	0.00	0.00	0.00	0.00	0.00	0.00	0.00	0.03	0.07	0.10	0.10	0.18	0.21	0.92	7.82	
08142000	1020	19401020	19691020	30	0.36	1.14	0.00	5.20		0.00	0.00	0.00	0.00	0.00	0.00	0.00	0.00	0.00	0.00	0.00	0.04	0.07	0.10	0.10	0.10	0.17	0.74	4.38	
08142000	1021	19401021	19691021	30	0.26	0.76	0.00	3.00		0.00	0.00	0.00	0.00	0.00	0.00	0.00	0.00	0.00	0.00	0.00	0.00	0.05	0.09	0.10	0.10	0.15	0.74	3.00	
08142000	1022	19401022	19691022	30	0.22	0.65	0.00	3.00		0.00	0.00	0.00	0.00	0.00	0.00	0.00	0.00	0.00	0.00	0.00	0.00	0.05	0.09	0.10	0.10	0.15	0.74	2.45	
08142000	1023	19401023	19691023	30	0.99	4.38	0.00	24.00		0.00	0.00	0.00	0.00	0.00	0.00	0.00	0.00	0.00	0.00	0.00	0.06	0.10	0.10	0.11	0.19	0.38	1.60	12.12	
08142000	1024	19401024	19691024	30	6.98	36.10	0.00	198.00		0.00	0.00	0.00	0.00	0.00	0.00	0.00	0.00	0.00	0.00	0.03	0.09	0.10	0.10	0.11	0.19	0.95	1.94	92.62	
08142000	1025	19401025	19691025	30	14.75	78.25	0.00	429.00		0.00	0.00	0.00	0.00	0.00	0.00	0.00	0.00	0.00	0.00	0.02	0.09	0.10	0.10	0.11	0.19	0.95	2.21	197.56	
08142000	1026	19401026	19691026	30	5.04	18.78	0.00	78.00		0.00	0.00	0.00	0.00	0.00	0.00	0.00	0.00	0.00	0.00	0.00	0.04	0.10	0.10	0.11	0.35	0.54	1.14	73.60	
08142000	1027	19401027	19691027	30	8.28	34.82	0.00	184.00		0.00	0.00	0.00	0.00	0.00	0.00	0.00	0.00	0.00	0.00	0.00	0.06	0.10	0.10	0.27	0.86	1.27	1.67	114.70	
08142000	1028	19401028	19691028	30	3.74	13.18	0.00	56.00		0.00	0.00	0.00	0.00	0.00	0.00	0.00	0.00	0.00	0.00	0.00	0.06	0.10	0.14	0.33	0.94	1.21	3.04	51.60	
08142000	1029	19401029	19691029	30	1.52	5.69	0.00	30.00		0.00	0.00	0.00	0.00	0.00	0.00	0.00	0.00	0.00	0.00	0.00	0.06	0.10	0.10	0.10	0.18	0.87	2.98	18.89	
08142000	1030	19401030	19691030	30	1.69	4.81	0.00	20.00		0.00	0.00	0.00	0.00	0.00	0.00	0.00	0.00	0.00	0.00	0.00	0.06	0.10	0.10	0.10	0.12	1.57	10.20	17.25	
08142000	1031	19401031	19691031	30	1.35	3.89	0.00	17.00		0.00	0.00	0.00	0.00	0.00	0.00	0.00	0.00	0.00	0.00	0.00	0.02	0.07	0.10	0.10	0.21	1.27	9.16	13.15	
08142000	1101	19401101	19691101	30	0.98	2.83	0.00	12.00		0.00	0.00	0.00	0.00	0.00	0.00	0.00	0.00	0.00	0.00	0.00	0.00	0.03	0.09	0.10	0.19	0.88	5.52	10.29	
08142000	1102	19401102	19691102	30	9.98	45.36	0.00	249.00		0.00	0.00	0.00	0.00	0.00	0.00	0.00	0.00	0.00	0.00	0.00	0.07	0.10	0.10	0.43	5.02	6.17	7.94	124.15	
08142000	1103	19401103	19691103	30	7.35	32.23	0.00	177.00		0.00	0.00	0.00	0.00	0.00	0.00	0.00	0.00	0.00	0.00	0.00	0.07	0.11	0.19	0.40	3.66	6.03	9.70	87.90	
08142000	1104	19401104	19691104	30	5.49	18.99	0.00	99.00		0.00	0.00	0.00	0.00	0.00	0.00	0.00	0.00	0.00	0.00	0.00	0.01	0.10	0.17	0.61	1.96	5.61	13.20	64.35	
08142000	1105	19401105	19691105	30	1.07	2.30	0.00	9.70		0.00	0.00	0.00	0.00	0.00	0.00	0.00	0.00	0.00	0.00	0.02	0.10	0.20	0.21	0.60	1.84	3.07	5.45	7.67	
08142000	1106	19401106	19691106	30	0.62	1.34	0.00	5.20		0.00	0.00	0.00	0.00	0.00	0.00	0.00	0.00	0.00	0.00	0.02	0.10	0.10	0.18	0.43	1.01	1.81	2.18	4.98	
08142000	1107	19401107	19691107	30	0.46	1.02	0.00	4.40		0.00	0.00	0.00	0.00	0.00	0.00	0.00	0.00	0.00	0.00	0.04	0.10	0.10	0.18	0.40	0.46	0.98	1.98	3.63	
08142000	1108	19401108	19691108	30	0.64	1.13	0.00	3.70		0.00	0.00	0.00	0.00	0.00	0.00	0.00	0.00	0.00	0.00	0.10	0.10	0.12	0.27	0.95	1.70	2.17	2.39	3.70	
08142000	1109	19401109	19691109	30	0.48	0.99	0.00	3.70		0.00	0.00	0.00	0.00	0.00	0.00	0.00	0.00	0.00	0.03	0.10	0.10	0.10	0.17	0.30	0.68	1.44	2.40	3.42	
08142000	1110	19401110	19691110	30	0.33	0.82	0.00	3.70		0.00	0.00	0.00	0.00	0.00	0.00	0.00	0.00	0.00	0.00	0.00	0.02	0.08	0.10	0.12	0.18	0.70	1.47	2.93	
08142000	1111	19401111	19691111	30	0.35	0.83	0.00	3.70		0.00	0.00	0.00	0.00	0.00	0.00	0.00	0.00	0.00	0.00	0.00	0.02	0.04	0.10	0.12	0.49	0.82	1.47	2.93	
08142000	1112	19401112	19691112	30	0.39	0.87	0.00	3.70		0.00	0.00	0.00	0.00	0.00	0.00	0.00	0.00	0.00	0.00	0.00	0.02	0.04	0.10	0.20	0.47	1.18	1.68	3.04	
08142000	1113	19401113	19691113	30	0.42	0.93	0.00	3.70		0.00	0.00	0.00	0.00	0.00	0.00	0.00	0.00	0.00	0.00	0.00	0.02	0.06	0.10	0.20	0.47	1.18	2.40	3.10	
08142000	1114	19401114	19691114	30	2.27	10.01	0.00	55.00		0.00	0.00	0.00	0.00	0.00	0.00	0.00	0.00	0.00	0.02	0.05	0.10	0.10	0.18	0.36	0.75	1.85	2.95	26.79	
08142000	1115	19401115	19691115	30	0.84	1.84	0.00	8.40		0.00	0.00	0.00	0.00	0.00	0.00	0.00	0.00	0.00	0.00	0.04	0.08	0.10	0.10	0.36	2.16	2.81	3.00	5.98	
08142000	1116	19401116	19691116	30	0.44	0.97	0.00	3.30		0.00	0.00	0.00	0.00	0.00	0.00	0.00	0.00	0.00	0.00	0.04	0.08	0.10	0.10	0.13	0.39	1.23	2.65	3.13	
08142000	1117	19401117	19691117	30	0.72	1.89	0.00	9.50		0.00	0.00	0.00	0.00	0.00	0.00	0.00	0.00	0.00	0.00	0.00	0.06	0.10	0.10	0.27	0.65	1.94	2.49	6.25	
08142000	1118	19401118	19691118	30	1.36	5.13	0.00	28.00		0.00	0.00	0.00	0.00	0.00	0.00	0.00	0.00	0.00	0.00	0.00	0.06	0.10	0.10	0.31	0.65	2.10	2.39	14.91	
08142000	1119	19401119	19691119	30	1.69	6.57	0.00	36.00		0.00	0.00	0.00	0.00	0.00	0.00	0.00	0.00	0.00	0.00	0.05	0.08	0.10	0.18	0.64	0.79	2.17	2.68	18.79	
08142000	1120	19401120	19691120	30	0.97	3.02	0.00	16.00		0.00	0.00	0.00	0.00	0.00	0.00	0.00	0.00	0.00	0.00	0.05	0.08	0.10	0.17	0.27	0.49	1.91	2.66	9.73	
08142000	1121	19401121	19691121	30	0.79	2.18	0.00	11.00		0.00	0.00	0.00	0.00	0.00	0.00	0.00	0.00	0.00	0.00	0.06	0.08	0.10	0.10	0.22	0.65	1.81	2.63	7.48	
08142000	1122	19401122	19691122	30	0.72	1.87	0.00	8.70		0.00	0.00	0.00	0.00	0.00	0.00	0.00	0.00	0.00	0.00	0.05	0.08	0.10	0.10	0.20	0.60	1.61	2.63	6.78	
08142000	1123	19401123	19691123	30	0.67	1.72	0.00	7.60		0.00	0.00	0.00	0.00	0.00	0.00	0.00	0.00	0.00	0.00	0.04	0.10	0.10	0.10	0.20	0.53	1.44	2.40	6.45	
08142000	1124	19401124	19691124	30	0.60	1.47	0.00	6.40		0.00	0.00	0.00	0.00	0.00	0.00	0.00	0.00	0.00	0.00	0.03	0.10	0.12	0.20	0.28	0.58	1.18	2.22	5.52	
08142000	1125	19401125	19691125	30	0.53	1.21	0.00	5.20		0.00	0.00	0.00	0.00	0.00	0.00	0.00	0.00	0.00	0.00	0.02	0.10	0.10	0.17	0.20	0.39	1.55	2.29	4.21	
08142000	1126	19401126	19691126	30	0.65	1.32	0.00	4.40		0.00	0.00	0.00	0.00	0.00	0.00	0.00	0.00	0.00	0.00	0.01	0.10	0.10	0.10	0.20	1.64	2.14	3.39	4.29	
08142000	1127	19401127	19691127	30	0.59	1.21	0.00	4.20		0.00	0.00	0.00	0.00	0.00	0.00	0.00	0.00	0.00	0.00	0.03	0.10	0.10	0.10	0.20	1.48	1.87	3.26	3.87	
08142000	1128	19401128	19691128	30	0.52	1.05	0.00	4.00		0.00	0.00	0.00	0.00	0.00	0.00	0.00	0.00	0.00	0.00	0.05	0.10	0.10	0.10	0.17	1.40	2.00	2.09	3.40	
08142000	1129	19401129	19691129	30	0.48	1.11	0.00	5.30		0.00	0.00	0.00	0.00	0.00	0.00	0.00	0.00	0.00	0.00	0.02	0.10	0.10	0.10	0.20	0.65	1.70	1.97	3.54	
08142000	1130	19401130	19691130	30	0.47	0.99	0.00	4.40		0.00	0.00	0.00	0.00	0.00	0.00	0.00	0.00	0.00	0.00	0.02	0.10	0.10	0.11	0.20	1.16	1.57	1.88	3.19	
08142000	1201	19401201	19691201	30	0.50	1.10	0.00	4.90		0.00	0.00	0.00	0.00	0.00	0.00	0.00	0.00	0.00	0.00	0.00	0.07	0.10	0.12	0.20	1.08	1.50	2.15	3.63	
08142000	1202	19401202	19691202	30	0.47	1.06	0.00	4.90		0.00	0.00	0.00	0.00	0.00	0.00	0.00	0.00	0.00	0.00	0.00	0.07	0.20	0.21	0.23	0.50	1.57	1.97	3.47	
08142000	1203	19401203	19691203	30	0.45	1.01	0.00	4.80		0.00	0.00	0.00	0.00	0.00	0.00	0.00	0.00	0.00	0.00	0.02	0.10	0.12	0.20	0.23	0.49	1.50	1.79	3.26	
08142000	1204	19401204	19691204	30	0.42	1.00	0.00	5.00		0.00	0.00	0.00	0.00	0.00	0.00	0.00	0.00	0.00	0.00	0.06	0.08	0.20	0.20	0.23	0.49	1.07	1.67	3.24	
08142000	1205	19401205	19691205	30	0.42	1.07	0.00	5.50		0.00	0.00	0.00	0.00	0.00	0.00	0.00	0.00	0.00	0.00	0.05	0.08	0.11	0.19	0.20	0.52	0.97	1.49	3.41	
08142000	1206	19401206	19691206	30	0.76	2.92	0.00	16.00		0.00	0.00	0.00	0.00	0.00	0.00	0.00	0.00	0.00	0.00	0.05	0.08	0.10	0.14	0.20	0.44	0.97	1.47	8.13	
08142000	1207	19401207	19691207	30	0.80	3.09	0.00	17.00		0.00	0.00	0.00	0.00	0.00	0.00	0.00	0.00	0.00	0.00	0.05	0.08	0.10	0.18	0.25	0.64	1.06	1.38	8.47	
08142000	1208	19401208	19691208	30	0.67	2.20	0.00	12.00		0.00	0.00	0.00	0.00	0.00	0.00	0.00	0.00	0.00	0.00	0.05	0.08	0.10	0.18	0.23	0.80	1.30	1.50	6.39	
08142000	1209	19401209	19691209	30	0.59	1.85	0.00	10.00		0.00	0.00	0.00	0.00	0.00	0.00	0.00	0.00	0.00	0.00	0.04	0.08	0.10	0.18	0.25	0.48	1.23	1.48	5.60	
08142000	1210	19401210	19691210	30	0.52	1.55	0.00	8.30		0.00	0.00	0.00	0.00	0.00	0.00	0.00	0.00	0.00	0.00	0.04	0.10	0.10	0.18	0.20	0.36	1.23	1.48	4.67	
08142000	1211	19401211	19691211	30	2.79	12.58	0.00	69.00		0.00	0.00	0.00	0.00	0.00	0.00	0.00	0.00	0.00	0.02	0.09	0.10	0.10	0.18	0.25	1.04	1.54	1.69	35.06	
08142000	1212	19401212	19691212	30	1.24	4.46	0.00	24.00		0.00	0.00	0.00	0.00	0.00	0.00	0.00	0.00	0.00	0.02	0.10	0.10	0.10	0.18	0.23	1.02	1.44	1.50	14.27	
08142000	1213	19401213	19691213	30	0.56	1.30	0.00	5.40		0.00	0.00	0.00	0.00	0.00	0.00	0.00	0.00	0.00	0.02	0.08	0.10	0.10	0.18	0.30	0.86	1.37	1.50	5.01	
08142000	1214	19401214	19691214	30	0.43	1.05	0.00	5.40		0.00	0.00	0.00	0.00	0.00	0.00	0.00	0.00	0.00	0.02	0.10	0.10	0.11	0.19	0.23	0.70	1.21	1.40	3.25	
08142000	1215	19401215	19691215	30	0.53	1.30	0.00	5.40		0.00	0.00	0.00	0.00	0.00	0.00	0.00	0.00	0.00	0.00	0.04	0.10	0.12	0.20	0.28	0.66	1.04	1.47	5.07	
08142000	1216	19401216	19691216	30	0.48	1.27	0.00	5.70		0.00	0.00	0.00	0.00	0.00	0.00	0.00	0.00	0.00	0.00	0.04	0.07	0.10	0.10	0.20	0.20	0.81	1.74	4.76	
08142000	1217	19401217	19691217	30	0.61	1.91	0.00	10.00		0.00	0.00	0.00	0.00	0.00	0.00	0.00	0.00	0.00	0.00	0.03	0.08	0.10	0.10	0.20	0.20	0.78	1.91	6.37	
08142000	1218	19401218	19691218	30	0.57	1.80	0.00	9.30		0.00	0.00	0.00	0.00	0.00	0.00	0.00	0.00	0.00	0.00	0.03	0.06	0.10	0.10	0.20	0.20	0.74	1.72	6.11	
08142000	1219	19401219	19691219	30	0.44	1.29	0.00	6.60		0.00	0.00	0.00	0.00	0.00	0.00	0.00	0.00	0.00	0.00	0.03	0.07	0.10	0.10	0.20	0.20	0.70	1.35	4.46	
08142000	1220	19401220	19691220	30	0.40	1.08	0.00	5.40		0.00	0.00	0.00	0.00	0.00	0.00	0.00	0.00	0.00	0.00	0.02	0.08	0.10	0.17	0.20	0.20	0.73	1.36	3.75	
08142000	1221	19401221	19691221	30	0.39	1.04	0.00	5.20		0.00	0.00	0.00	0.00	0.00	0.00	0.00	0.00	0.00	0.00	0.02	0.09	0.10	0.17	0.20	0.20	0.68	1.61	3.50	
08142000	1222	19401222	19691222	30	0.37	0.96	0.00	4.80		0.00	0.00	0.00	0.00	0.00	0.00	0.00	0.00	0.00	0.00	0.02	0.09	0.10	0.17	0.20	0.20	0.78	1.64	3.15	
08142000	1223	19401223	19691223	30	0.37	0.93	0.00	4.60		0.00	0.00	0.00	0.00	0.00	0.00	0.00	0.00	0.00	0.00	0.02	0.09	0.10	0.10	0.20	0.20	0.85	1.50	3.06	
08142000	1224	19401224	19691224	30	0.37	0.90	0.00	4.30		0.00	0.00	0.00	0.00	0.00	0.00	0.00	0.00	0.00	0.00	0.02	0.09	0.10	0.17	0.20	0.20	0.85	1.68	2.92	
08142000	1225	19401225	19691225	30	0.35	0.85	0.00	4.10		0.00	0.00	0.00	0.00	0.00	0.00	0.00	0.00	0.00	0.00	0.02	0.09	0.11	0.18	0.20	0.20	0.85	1.59	2.78	
08142000	1226	19401226	19691226	30	0.34	0.84	0.00	4.10		0.00	0.00	0.00	0.00	0.00	0.00	0.00	0.00	0.00	0.00	0.02	0.08	0.11	0.18	0.20	0.20	0.82	1.49	2.73	
08142000	1227	19401227	19691227	30	0.32	0.79	0.00	3.90		0.00	0.00	0.00	0.00	0.00	0.00	0.00	0.00	0.00	0.00	0.02	0.08	0.11	0.19	0.20	0.20	0.75	1.29	2.58	
08142000	1228	19401228	19691228	30	0.40	1.03	0.00	4.50		0.00	0.00	0.00	0.00	0.00	0.00	0.00	0.00	0.00	0.00	0.02	0.08	0.10	0.14	0.20	0.20	0.75	1.20	3.95	
08142000	1229	19401229	19691229	30	3.39	17.13	0.00	94.00		0.00	0.00	0.00	0.00	0.00	0.00	0.00	0.00	0.00	0.00	0.02	0.09	0.10	0.14	0.20	0.28	0.68	1.38	44.11	
08142000	1230	19401230	19691230	30	1.04	4.38	0.00	24.00		0.00	0.00	0.00	0.00	0.00	0.00	0.00	0.00	0.00	0.00	0.02	0.09	0.10	0.14	0.20	0.28	0.68	1.29	12.45	
08142000	1231	19401231	19691231	30	0.97	3.45	0.00	18.00		0.00	0.00	0.00	0.00	0.00	0.00	0.00	0.00	0.00	0.01	0.08	0.10	0.11	0.18	0.20	0.20	0.68	1.47	11.84	
