site_no	monthday	begin_dt	end_dt	count_nu	mean	std	min	max	p01	p05	p10	p15	p20	p25	p30	p35	p40	p45	p50	p55	p60	p65	p70	p75	p80	p85	p90	p95	p99
08181800	ALL	19621001	20160208	19489	578.37	1468.37	25.00	62400.00	72.00	105.00	134.00	155.00	176.00	197.00	218.00	240.00	262.00	285.00	310.00	335.00	364.00	398.00	442.00	507.00	605.00	754.00	1010.00	1630.00	5330.00
08181800	0101	19630101	20160101	54	426.83	290.08	148.00	1600.00		162.25	187.50	209.50	227.00	233.50	253.00	277.75	282.00	300.75	310.50	320.75	348.00	426.50	455.00	576.75	598.00	723.50	868.00	1016.25	
08181800	0102	19630102	20160102	54	425.93	279.88	148.00	1550.00		159.25	192.50	215.50	227.00	238.75	263.00	276.00	288.00	298.75	321.50	362.50	411.00	433.00	463.50	516.00	579.00	607.50	903.50	1040.25	
08181800	0103	19630103	20160103	54	453.70	311.96	160.00	1640.00		171.25	193.50	209.00	233.00	259.00	267.00	288.25	308.00	333.50	351.00	375.50	411.00	440.75	490.50	571.00	601.00	685.00	882.50	1230.00	
08181800	0104	19630104	20160104	54	441.93	280.02	148.00	1450.00		176.50	199.50	210.75	236.00	245.50	268.00	286.75	300.00	316.50	335.50	375.75	399.00	434.25	502.00	575.75	614.00	715.25	898.00	1085.00	
08181800	0105	19630105	20160105	54	417.69	250.45	138.00	1400.00		169.75	199.50	210.75	233.00	248.25	266.50	288.00	296.00	311.25	319.50	349.00	386.00	409.00	478.50	537.25	602.00	625.50	770.50	977.50	
08181800	0106	19630106	20160106	54	406.06	247.04	148.00	1350.00		175.00	192.50	216.25	227.00	243.25	250.00	259.50	279.00	300.50	312.50	331.50	366.00	412.25	441.50	482.75	583.00	654.25	838.00	946.50	
08181800	0107	19630107	20160107	54	416.30	302.03	156.00	1820.00		169.75	205.50	225.25	230.00	232.75	252.00	263.50	276.00	294.50	304.50	328.50	337.00	384.00	429.50	477.50	573.00	641.25	817.50	1035.25	
08181800	0108	19630108	20160108	54	395.78	235.20	142.00	1300.00		168.25	189.00	208.50	220.00	231.75	242.00	264.25	277.00	291.00	299.00	324.50	361.00	405.25	438.00	530.00	607.00	644.25	707.00	912.75	
08181800	0109	19630109	20160109	54	492.52	517.85	148.00	3650.00		179.00	198.50	207.75	224.00	252.75	262.00	276.50	290.00	305.00	330.00	355.50	404.00	439.25	501.00	548.00	618.00	809.75	902.50	1302.50	
08181800	0110	19630110	20160110	54	439.37	319.40	148.00	1970.00		182.25	192.50	203.75	214.00	236.50	257.00	281.50	292.00	304.50	334.50	365.75	403.00	414.50	431.50	546.25	570.00	732.75	892.50	1015.00	
08181800	0111	19630111	20160111	54	460.89	461.61	154.00	3270.00		170.50	180.50	192.25	222.00	243.00	266.00	275.00	291.00	305.50	334.00	351.00	381.00	394.25	426.00	549.25	591.00	642.25	889.50	1200.00	
08181800	0112	19630112	20160112	54	435.04	308.78	149.00	1440.00		158.75	170.50	187.25	235.00	253.25	267.50	274.00	287.00	297.00	333.50	353.00	377.00	393.75	407.50	537.75	589.00	753.25	987.00	1212.50	
08181800	0113	19630113	20160113	54	425.74	317.13	138.00	1590.00		150.25	172.00	196.50	225.00	247.00	254.00	264.00	287.00	304.75	325.50	343.50	372.00	381.75	401.00	535.00	561.00	610.50	821.50	1332.50	
08181800	0114	19630114	20160114	54	416.59	283.82	140.00	1510.00		157.00	180.50	201.50	222.00	243.75	253.50	269.75	299.00	302.75	316.00	341.50	359.00	382.75	428.50	524.25	557.00	647.25	790.50	1142.50	
08181800	0115	19630115	20160115	54	507.98	697.66	135.00	5160.00		156.25	185.50	204.75	224.00	249.50	252.50	272.25	290.00	305.50	345.50	350.00	367.00	412.75	470.00	532.75	623.00	753.50	922.50	1195.00	
08181800	0116	19630116	20160116	54	510.28	649.00	133.00	4770.00		151.50	183.00	210.25	232.00	249.00	267.00	285.75	294.00	334.75	347.00	355.00	387.00	434.50	497.50	561.25	621.00	762.25	938.50	1245.00	
08181800	0117	19630117	20160117	54	444.54	294.85	134.00	1400.00		144.50	193.00	211.00	228.00	243.75	259.50	280.00	288.00	325.50	351.00	361.50	413.00	461.00	530.00	579.75	617.00	680.00	849.50	1272.50	
08181800	0118	19630118	20160118	54	708.15	1593.52	136.00	11400.00		149.75	183.50	210.50	225.00	232.25	264.50	281.00	325.00	334.25	356.00	383.25	410.00	463.50	486.50	559.50	609.00	723.00	885.00	2442.50	
08181800	0119	19630119	20160119	54	730.76	2048.32	140.00	15300.00		149.50	170.00	206.75	225.00	238.25	262.00	276.50	315.00	334.25	349.00	364.50	387.00	450.75	494.00	604.00	669.00	774.25	878.00	1627.50	
08181800	0120	19630120	20160120	54	609.13	1344.00	144.00	10100.00		150.75	177.00	195.50	218.00	242.00	262.00	279.00	317.00	338.00	351.00	367.50	394.00	419.75	463.00	528.50	605.00	799.75	911.50	1242.50	
08181800	0121	19630121	20160121	54	660.30	1837.47	142.00	13800.00		149.50	193.50	199.75	227.00	245.25	269.00	296.25	310.00	339.50	350.00	369.50	386.00	445.00	470.50	513.75	578.00	654.50	815.00	1157.50	
08181800	0122	19630122	20160122	54	518.43	614.68	136.00	4380.00		162.50	199.50	206.50	235.00	250.25	273.00	284.50	314.00	334.50	341.00	381.25	413.00	451.25	496.00	572.25	624.00	685.00	932.50	1482.50	
08181800	0123	19630123	20160123	54	490.43	469.33	139.00	2530.00		158.00	193.00	213.75	221.00	257.00	270.50	284.50	322.00	330.50	341.50	353.50	389.00	420.25	472.00	499.25	566.00	663.50	942.50	1867.50	
08181800	0124	19630124	20160124	54	440.89	289.45	156.00	1570.00		173.00	193.00	208.25	222.00	241.25	270.50	278.25	319.00	330.50	341.00	370.50	407.00	442.75	470.50	537.50	591.00	675.75	850.00	1170.00	
08181800	0125	19630125	20160125	54	534.19	768.61	153.00	5750.00		166.75	186.50	216.00	220.00	237.50	273.50	319.25	325.00	340.25	360.00	385.25	393.00	452.50	484.50	568.00	632.00	749.00	933.00	1182.50	
08181800	0126	19630126	20160126	54	502.91	558.79	151.00	3210.00		158.50	188.00	197.25	215.00	238.75	269.50	306.00	312.00	330.50	338.00	370.25	389.00	432.75	458.50	502.25	588.00	774.00	837.50	1570.00	
08181800	0127	19630127	20160127	54	555.17	1217.07	144.00	9190.00		161.25	183.50	190.25	204.00	226.00	259.50	288.25	311.00	327.50	337.50	356.25	383.00	415.50	440.50	491.25	567.00	640.50	711.50	1067.50	
08181800	0128	19630128	20160128	54	458.06	549.54	134.00	3870.00		146.25	167.00	181.50	200.00	226.00	257.00	268.50	309.00	319.00	329.50	335.00	370.00	394.00	423.00	455.00	557.00	594.25	699.50	1230.00	
08181800	0129	19630129	20160129	54	435.59	347.08	136.00	2160.00		143.50	167.50	190.00	198.00	220.00	241.00	269.00	297.00	305.00	323.50	329.25	376.00	405.00	445.00	550.75	584.00	721.00	922.50	1055.00	
08181800	0130	19630130	20160130	54	441.24	334.91	134.00	2060.00		140.75	161.00	190.75	204.00	216.50	248.50	276.75	291.00	315.50	328.50	358.00	406.00	436.75	504.00	568.75	630.00	734.25	866.50	1062.50	
08181800	0131	19630131	20160131	54	461.41	385.70	118.00	2000.00		140.75	172.00	182.75	188.00	220.25	274.50	285.00	308.00	320.25	352.50	384.25	416.00	444.75	485.50	551.50	567.00	671.25	880.50	1522.50	
08181800	0201	19630201	20160201	54	439.63	334.52	127.00	1880.00		136.75	166.00	184.50	224.00	246.75	270.50	306.00	314.00	336.25	345.50	353.50	398.00	423.75	452.00	490.00	562.00	651.25	767.00	1357.50	
08181800	0202	19630202	20160202	54	473.37	527.25	123.00	3730.00		140.00	167.50	190.25	217.00	265.50	275.50	298.50	308.00	320.75	337.50	363.50	393.00	415.00	445.50	472.00	529.00	603.00	830.50	1342.50	
08181800	0203	19630203	20160203	54	554.78	812.83	114.00	5000.00		142.00	164.00	182.50	200.00	225.50	258.50	285.25	300.00	313.00	321.50	352.00	389.00	417.75	437.00	453.50	560.00	694.75	960.00	2675.00	
08181800	0204	19630204	20160204	54	923.89	1854.58	117.00	11700.00		134.25	156.00	180.00	220.00	254.75	277.50	298.75	313.00	326.50	355.00	376.25	407.00	436.50	521.00	675.25	780.00	1117.25	2355.00	5132.50	
08181800	0205	19630205	20160205	54	831.57	1794.57	112.00	12600.00		126.00	156.50	197.00	208.00	261.00	274.00	295.25	308.00	332.75	374.50	405.00	431.00	447.00	546.50	582.25	760.00	994.00	1915.00	3107.50	
08181800	0206	19630206	20160206	54	661.22	1184.67	127.00	8130.00		139.50	164.00	182.25	206.00	263.00	273.00	294.00	318.00	331.25	357.50	383.00	421.00	436.50	479.50	545.25	631.00	928.00	1260.00	2325.00	
08181800	0207	19630207	20160207	54	556.56	841.72	122.00	5700.00		148.25	162.00	206.25	235.00	241.50	263.50	280.75	309.00	332.25	340.50	353.75	385.00	424.00	450.00	529.25	592.00	765.00	1013.00	1652.50	
08181800	0208	19630208	20160208	54	504.11	692.65	109.00	4590.00		142.25	162.50	181.75	219.00	235.75	258.50	275.00	288.00	308.75	324.00	336.25	351.00	405.00	422.00	433.00	539.00	701.00	935.00	1555.00	
08181800	0209	19630209	20150209	53	522.25	654.04	100.00	3850.00		145.70	164.20	176.00	217.60	223.00	248.40	268.40	279.00	302.00	329.00	353.30	392.00	408.30	427.00	497.50	576.00	729.20	1014.00	2419.00	
08181800	0210	19630210	20150210	53	527.49	598.73	111.00	3340.00		148.10	162.00	174.00	213.80	224.00	252.00	278.80	293.40	324.50	344.00	361.70	382.80	418.00	447.80	503.50	569.80	807.50	1048.00	2135.00	
08181800	0211	19630211	20150211	53	497.34	487.16	124.00	2970.00		149.70	165.20	193.00	232.20	251.50	268.80	283.60	301.20	325.10	343.00	367.40	399.40	424.70	447.00	501.00	582.20	791.30	1096.00	1525.00	
08181800	0212	19630212	20150212	53	498.96	498.04	116.00	2740.00		146.60	170.40	200.60	235.80	252.50	267.40	295.80	306.60	315.30	357.00	369.60	396.80	425.10	432.40	502.50	562.20	717.60	934.00	1904.00	
08181800	0213	19630213	20150213	53	470.53	410.15	146.00	2560.00		155.70	174.80	209.10	230.60	259.00	270.80	302.60	309.20	317.90	340.00	360.10	369.60	418.60	454.40	533.00	623.00	722.20	931.80	1298.00	
08181800	0214	19630214	20150214	53	477.87	419.30	145.00	2400.00		150.50	163.20	206.00	218.60	250.00	259.00	286.50	300.40	310.50	354.00	364.90	377.40	432.40	468.20	510.50	673.00	730.40	936.40	1611.00	
08181800	0215	19630215	20150215	53	479.49	401.37	141.00	2280.00		143.00	151.40	195.60	213.00	237.00	251.60	294.00	311.80	315.20	353.00	367.40	382.00	448.30	466.00	568.00	677.60	794.40	1039.60	1368.00	
08181800	0216	19630216	20150216	53	456.58	365.58	148.00	2180.00		151.10	167.40	174.30	218.40	233.00	252.60	277.90	307.60	323.00	339.00	373.80	389.00	424.20	459.40	526.50	620.20	777.70	956.00	1176.00	
08181800	0217	19630217	20150217	53	441.70	349.21	143.00	2100.00		150.50	180.00	211.00	217.80	228.00	246.80	264.20	279.00	305.60	329.00	349.60	376.60	412.50	471.60	520.00	552.40	711.20	925.60	1140.00	
08181800	0218	19630218	20150218	53	516.70	480.50	142.00	2670.00		145.00	189.00	204.80	225.20	246.50	263.00	279.40	295.20	318.50	342.00	362.70	400.60	470.00	486.40	579.00	763.40	883.70	1026.00	1719.00	
08181800	0219	19630219	20150219	53	477.15	400.04	143.00	2010.00		151.40	190.20	200.80	221.80	235.50	247.00	281.10	296.00	320.70	337.00	356.20	420.80	457.40	494.00	517.50	593.20	738.80	960.00	1569.00	
08181800	0220	19630220	20150220	53	451.25	358.14	147.00	1860.00		158.50	192.80	210.20	220.80	232.50	252.00	289.40	318.80	325.30	335.00	378.40	389.00	422.30	431.60	487.00	519.80	696.10	951.60	1362.00	
08181800	0221	19630221	20150221	53	458.96	376.20	141.00	2140.00		152.00	188.80	206.70	230.00	238.00	281.80	299.40	319.20	328.50	351.00	367.80	378.60	420.50	451.00	493.50	530.80	695.40	964.40	1335.00	
08181800	0222	19630222	20150222	53	512.47	662.97	134.00	4660.00		145.10	190.20	195.10	225.40	235.50	264.60	287.80	299.60	308.80	341.00	359.10	374.60	413.50	426.00	490.50	504.00	850.70	1076.00	1349.00	
08181800	0223	19630223	20150223	53	462.32	423.67	138.00	2930.00		158.80	191.20	210.10	217.00	236.50	267.40	289.60	294.40	329.20	342.00	350.50	368.80	430.40	454.20	495.00	638.80	774.60	934.20	1049.00	
08181800	0224	19630224	20150224	53	515.70	527.02	141.00	3090.00		152.40	174.40	204.50	223.00	243.50	267.40	284.90	305.60	317.30	338.00	345.60	373.80	421.60	441.20	507.50	604.40	916.50	1076.00	1719.00	
08181800	0225	19630225	20150225	53	510.68	632.88	127.00	4380.00		147.40	179.00	207.40	218.60	245.00	275.40	284.80	293.00	311.20	329.00	348.00	380.60	413.50	455.80	476.50	558.60	716.50	1032.00	1567.00	
08181800	0226	19630226	20150226	53	552.89	698.87	119.00	4210.00		150.10	196.40	212.50	234.40	244.50	256.80	275.90	290.40	301.20	345.00	365.10	397.80	411.60	451.40	493.00	597.40	929.50	1137.20	1987.00	
08181800	0227	19630227	20150227	53	478.66	501.79	131.00	2530.00		159.60	189.80	207.00	223.60	244.00	256.40	268.80	282.00	301.10	336.00	356.30	407.00	426.00	431.80	466.00	478.40	660.70	912.60	2225.00	
08181800	0228	19630228	20150228	53	446.49	438.61	136.00	2290.00		146.00	175.00	197.40	210.80	226.00	247.60	269.30	291.40	301.60	323.00	337.60	362.80	406.80	419.40	440.50	467.20	524.80	894.40	1774.00	
08181800	0229	19640229	20120229	13	455.15	507.49	172.00	2110.00			184.40	204.90	218.20	232.50	247.80	264.60	271.20	280.00	294.00	333.90	372.20	406.70	425.60	449.00	469.40	477.80	1457.60		
08181800	0301	19630301	20150301	53	454.53	371.09	139.00	2010.00		139.70	156.00	196.50	214.60	239.50	253.20	270.90	287.80	310.10	343.00	385.10	390.00	425.00	457.60	491.50	628.80	778.30	866.80	1443.00	
08181800	0302	19630302	20150302	53	440.42	348.48	137.00	1960.00		143.50	164.40	193.20	217.00	241.50	247.20	253.60	290.40	302.90	337.00	379.40	395.00	427.20	444.40	477.50	614.40	668.30	854.20	1377.00	
08181800	0303	19630303	20150303	53	447.68	380.10	129.00	1950.00		141.00	184.80	194.30	215.00	232.00	243.80	248.00	290.00	307.60	339.00	360.20	371.00	389.00	424.60	455.00	499.80	711.60	1068.80	1445.00	
08181800	0304	19630304	20150304	53	559.38	1183.76	113.00	8740.00		133.00	170.60	192.00	210.60	220.00	227.00	246.40	288.20	307.50	328.00	341.90	359.40	379.10	423.20	441.00	484.60	698.40	941.80	1405.00	
08181800	0305	19630305	20150305	53	553.45	1278.65	116.00	9490.00		131.30	163.20	180.30	195.60	215.50	224.80	242.80	262.60	295.50	318.00	329.90	345.20	380.10	411.00	428.50	482.60	677.00	918.20	1200.00	
08181800	0306	19630306	20150306	53	554.53	1225.86	113.00	9050.00		125.00	155.80	173.20	187.40	212.50	228.60	239.70	271.60	299.50	318.00	327.80	348.80	392.90	415.60	443.50	513.40	668.40	869.20	1426.00	
08181800	0307	19630307	20150307	53	501.13	804.60	106.00	5790.00		123.80	149.00	174.80	195.80	205.50	224.40	242.90	274.40	290.40	324.00	330.50	373.20	410.10	424.80	464.00	537.20	688.00	846.40	1465.00	
08181800	0308	19630308	20150308	53	455.70	622.74	107.00	4330.00		115.90	133.20	165.00	193.80	205.00	215.80	239.40	269.40	316.10	328.00	335.10	360.00	402.10	411.20	422.50	492.60	503.30	815.00	1453.00	
08181800	0309	19630309	20150309	53	445.38	518.77	102.00	3550.00		112.10	130.40	173.80	201.80	207.50	225.20	244.00	282.60	302.20	324.00	331.10	349.40	395.70	404.60	435.00	488.80	636.40	836.80	1315.00	
08181800	0310	19630310	20150310	53	434.06	468.18	107.00	3110.00		122.40	146.40	170.00	192.80	215.50	233.40	248.90	269.60	288.10	317.00	331.40	348.20	376.70	394.00	417.50	470.00	662.00	828.00	1336.00	
08181800	0311	19630311	20150311	53	441.70	426.53	113.00	2830.00		130.40	151.80	180.60	199.80	221.50	252.80	265.80	276.60	319.80	330.00	350.70	380.20	396.80	414.60	446.00	512.40	766.10	801.60	1310.00	
08181800	0312	19630312	20150312	53	503.19	482.99	117.00	2570.00		135.80	164.00	194.20	212.80	226.00	243.20	283.20	316.00	332.40	355.00	383.20	391.00	423.20	482.80	610.00	721.60	779.70	1004.00	1618.00	
08181800	0313	19630313	20150313	53	554.55	818.70	96.00	5760.00		131.10	162.00	181.00	204.60	237.00	263.80	277.90	327.60	339.60	371.00	390.60	413.40	434.80	466.20	547.00	622.00	786.90	929.20	1585.00	
08181800	0314	19630314	20150314	53	621.94	1091.08	109.00	7650.00		133.50	171.20	183.40	224.40	240.00	248.20	259.90	310.40	337.00	351.00	378.10	398.60	411.90	455.00	557.00	664.20	766.70	1158.00	2394.00	
08181800	0315	19630315	20150315	53	528.26	467.31	112.00	2190.00		130.70	163.20	190.20	211.40	234.00	267.20	284.60	301.00	327.80	372.00	398.70	400.80	423.20	607.80	706.50	764.20	905.60	1156.00	1965.00	
08181800	0316	19630316	20150316	53	575.43	684.52	130.00	4210.00		145.70	166.20	181.90	201.40	224.50	244.40	267.60	293.20	330.20	369.00	384.40	406.00	472.10	544.20	701.50	795.80	925.90	1138.00	2227.00	
08181800	0317	19630317	20150317	53	501.04	502.43	104.00	2970.00		140.20	167.40	187.80	200.40	231.50	238.60	252.00	296.00	325.50	347.00	370.70	412.80	446.80	513.20	573.00	627.60	762.40	1029.60	1742.00	
08181800	0318	19630318	20150318	53	436.68	352.83	106.00	1990.00		136.30	171.40	198.10	203.40	221.50	230.80	255.80	276.20	300.80	334.00	365.70	380.00	419.30	454.20	489.50	557.20	745.40	822.40	1365.00	
08181800	0319	19630319	20150319	53	464.11	468.58	100.00	2980.00		142.30	173.00	196.20	210.20	231.00	239.40	255.00	298.60	314.60	355.00	369.20	383.00	434.80	447.80	493.50	530.60	683.80	828.20	1433.00	
08181800	0320	19630320	20150320	53	536.85	549.35	90.00	3490.00		140.50	158.20	185.20	216.60	248.50	265.20	287.30	325.40	355.60	380.00	399.50	418.20	445.20	481.60	590.50	740.20	994.50	1172.00	1432.00	
08181800	0321	19630321	20150321	53	498.09	455.17	108.00	2250.00		131.80	157.20	188.40	217.80	241.50	267.00	296.40	311.00	335.20	367.00	389.60	403.20	420.30	440.20	528.00	661.40	852.00	1028.00	1885.00	
08181800	0322	19630322	20150322	53	450.87	375.93	102.00	1750.00		132.60	161.60	188.30	217.60	235.00	257.20	289.80	300.20	313.40	355.00	372.10	380.20	394.10	414.80	433.50	549.40	707.70	982.80	1654.00	
08181800	0323	19630323	20150323	53	453.45	400.83	111.00	2290.00		133.40	161.60	176.50	205.40	230.50	276.60	289.60	304.40	337.70	359.00	368.60	379.40	387.70	411.20	452.00	514.40	681.70	954.40	1423.00	
08181800	0324	19630324	20150324	53	462.15	415.17	116.00	2440.00		129.50	159.80	177.50	201.60	238.00	273.40	294.00	316.00	325.30	345.00	358.80	369.20	396.60	407.60	470.00	623.20	766.40	927.60	1450.00	
08181800	0325	19630325	20150325	53	435.83	377.15	89.00	2330.00		132.50	163.60	186.90	208.40	248.00	266.60	274.60	307.60	316.90	354.00	356.70	371.80	378.70	424.40	448.50	493.40	675.90	835.60	1249.00	
08181800	0326	19630326	20150326	53	437.77	370.40	107.00	2060.00		137.40	171.40	199.30	204.00	248.00	258.20	283.30	294.00	304.10	313.00	357.10	369.40	380.20	390.00	427.50	564.20	689.40	879.40	1479.00	
08181800	0327	19630327	20150327	53	478.96	482.77	99.00	2920.00		148.60	184.60	204.50	225.80	242.50	258.80	275.90	289.20	309.60	328.00	367.70	381.20	389.20	403.60	418.00	621.40	776.50	925.00	1710.00	
08181800	0328	19630328	20150328	53	490.19	469.63	104.00	2630.00		147.70	170.60	200.20	230.80	239.50	248.60	282.80	304.40	326.70	366.00	373.10	386.40	402.50	413.40	602.00	676.60	737.20	893.60	1830.00	
08181800	0329	19630329	20150329	53	440.64	358.93	107.00	2140.00		140.00	169.80	195.30	208.80	238.50	252.60	294.60	319.60	351.30	358.00	368.10	378.40	399.30	408.60	471.00	528.20	723.50	862.80	1159.10	
08181800	0330	19630330	20150330	53	481.17	490.66	112.00	3190.00		138.50	167.00	189.10	228.20	240.00	263.40	276.30	298.40	314.10	345.00	358.80	384.20	397.20	407.40	532.50	679.00	749.60	909.20	1580.00	
08181800	0331	19630331	20150331	53	572.81	963.42	91.00	6650.00		137.80	158.40	178.70	220.40	229.50	249.00	261.40	281.00	311.60	332.00	348.90	375.00	390.00	407.40	444.50	639.60	723.30	884.60	2225.00	
08181800	0401	19630401	20150401	53	472.55	559.76	86.00	3610.00		134.70	173.80	201.30	229.40	242.00	250.40	269.00	280.20	311.70	330.00	350.20	356.60	384.80	392.80	426.50	553.80	652.70	830.60	1730.00	
08181800	0402	19630402	20150402	53	437.26	356.99	86.00	2060.00		137.80	179.40	194.60	220.80	233.50	251.40	275.70	292.80	312.30	333.00	351.90	365.40	378.40	395.40	482.50	648.20	693.40	809.20	1290.00	
08181800	0403	19630403	20150403	53	477.66	431.32	74.00	2070.00		134.20	169.00	172.70	223.60	244.50	256.60	276.40	303.40	323.20	339.00	354.30	368.20	379.20	389.20	532.00	644.60	768.00	1115.20	1708.00	
08181800	0404	19630404	20150404	53	458.98	394.25	68.00	1930.00		135.20	164.20	176.50	199.60	223.50	247.40	293.90	303.20	320.00	330.00	345.80	365.20	373.00	438.80	536.00	656.60	758.60	923.60	1597.00	
08181800	0405	19630405	20150405	53	618.91	1017.87	102.00	5400.00		130.50	150.80	167.90	197.40	215.00	254.20	288.10	306.40	323.20	335.00	349.70	361.80	385.30	459.20	578.50	701.00	768.70	971.20	3320.00	
08181800	0406	19630406	20150406	53	548.49	827.30	124.00	5280.00		128.50	145.60	169.20	200.20	230.50	245.80	284.20	305.20	318.30	330.00	334.00	347.80	402.00	468.60	550.50	583.20	632.00	785.80	2591.00	
08181800	0407	19630407	20150407	53	453.11	462.86	121.00	2800.00		132.10	143.20	167.30	184.00	242.00	262.20	270.90	294.60	303.30	311.00	328.70	337.20	352.30	417.80	518.00	624.00	690.00	765.60	1470.00	
08181800	0408	19630408	20150408	53	484.66	546.08	109.00	3530.00		120.50	140.00	170.60	197.60	215.50	255.60	277.80	292.40	309.30	324.00	339.60	353.20	369.60	425.20	542.50	640.40	809.40	926.40	1444.00	
08181800	0409	19630409	20150409	53	414.32	357.60	99.00	1910.00		114.90	129.80	155.30	188.80	219.50	249.00	267.00	284.20	300.70	316.00	324.70	335.40	364.90	400.40	462.50	599.20	685.00	709.80	1341.00	
08181800	0410	19630410	20150410	53	416.38	351.78	98.00	1880.00		114.20	135.80	152.60	175.80	211.00	246.40	258.60	276.00	293.00	317.00	341.50	366.00	418.80	456.40	561.50	592.80	628.60	671.20	1340.00	
08181800	0411	19630411	20150411	53	406.53	322.94	105.00	1760.00		114.80	144.80	152.40	169.00	196.50	220.00	251.70	265.60	280.00	319.00	348.10	358.00	387.10	414.60	521.00	562.80	650.90	790.20	1185.00	
08181800	0412	19630412	20150412	53	385.79	288.66	98.00	1730.00		116.80	141.40	161.70	178.20	198.00	239.60	255.90	278.40	297.90	320.00	341.80	356.20	390.40	440.80	483.00	517.60	557.80	642.40	1125.00	
08181800	0413	19630413	20150413	53	403.74	337.41	117.00	1870.00		123.40	144.60	168.20	187.00	208.00	246.20	262.80	273.00	290.80	328.00	343.20	360.40	382.70	416.60	437.00	530.80	588.30	662.20	1238.00	
08181800	0414	19630414	20150414	53	440.62	373.32	109.00	1780.00		128.50	150.40	159.10	179.20	207.50	252.80	259.90	272.40	286.20	306.00	329.00	348.80	383.10	405.40	541.00	612.20	782.90	1028.80	1422.00	
08181800	0415	19630415	20150415	53	435.62	405.90	111.00	2280.00		125.90	134.40	164.30	181.00	217.50	250.80	257.70	270.00	291.00	299.00	328.10	351.00	368.30	408.00	494.50	569.00	645.50	962.60	1505.00	
08181800	0416	19630416	20150416	53	564.04	825.75	112.00	5130.00		121.00	138.60	159.10	191.60	223.50	244.80	249.90	262.40	287.30	307.00	320.60	346.20	376.30	401.60	520.50	582.20	868.50	1380.00	2207.00	
08181800	0417	19630417	20150417	53	512.75	597.26	105.00	3370.00		115.70	142.20	152.10	219.80	235.50	243.60	268.30	294.40	308.60	334.00	350.30	359.00	430.60	518.60	541.00	547.00	578.80	1086.00	2153.00	
08181800	0418	19630418	20150418	53	706.85	1323.08	105.00	7980.00		122.30	149.40	194.20	222.80	245.00	256.00	274.90	299.00	307.00	338.00	345.50	382.60	462.30	507.00	537.00	579.20	795.50	1162.00	3538.00	
08181800	0419	19630419	20150419	53	595.68	872.68	100.00	5540.00		129.00	151.40	187.40	204.60	226.50	237.40	245.80	282.80	317.30	330.00	345.70	374.00	439.80	502.00	529.50	546.40	1006.50	1446.00	2521.00	
08181800	0420	19630420	20150420	53	722.77	1855.80	98.00	13300.00		122.80	143.60	187.30	201.40	212.00	232.00	255.40	262.80	285.90	300.00	323.90	366.40	379.30	451.60	504.50	539.60	809.80	1132.00	2458.00	
08181800	0421	19630421	20150421	53	685.98	1537.56	99.00	9030.00		131.70	159.20	189.10	198.00	212.00	223.00	251.20	272.20	285.30	300.00	344.80	372.20	398.70	439.20	505.00	535.60	677.90	873.20	3427.00	
08181800	0422	19630422	20150422	53	491.26	660.11	99.00	4320.00		119.40	150.20	165.60	189.80	218.50	241.40	257.60	271.80	275.30	290.00	324.60	355.20	425.50	490.40	511.50	544.60	695.10	792.60	1883.00	
08181800	0423	19630423	20150423	53	495.32	478.11	104.00	2040.00		110.00	146.80	164.30	184.00	207.50	227.60	254.40	261.80	269.90	289.00	353.10	444.20	481.60	502.60	531.50	615.80	774.90	1354.00	1831.00	
08181800	0424	19630424	20150424	53	634.45	1134.40	94.00	7470.00		108.20	140.80	154.40	167.40	198.00	215.60	242.20	253.40	267.00	286.00	313.70	385.80	425.20	495.00	506.00	581.00	892.00	1590.00	2934.00	
08181800	0425	19630425	20150425	53	766.40	1346.02	92.00	8520.00		109.40	135.00	164.10	189.00	203.50	214.60	237.40	259.60	271.00	312.00	367.60	432.60	469.30	509.80	588.50	790.80	1474.00	2010.00	3582.00	
08181800	0426	19630426	20150426	53	720.00	1144.70	92.00	7440.00		108.50	137.20	170.30	189.80	206.50	228.00	263.70	269.80	332.50	366.00	391.90	474.20	571.40	638.60	699.50	952.80	1368.00	1464.00	2643.00	
08181800	0427	19630427	20150427	53	511.15	522.75	90.00	2750.00		119.10	138.40	168.10	179.80	199.00	225.20	258.70	272.80	315.40	336.00	364.40	432.60	481.20	496.20	547.00	591.00	692.60	1336.00	1827.00	
08181800	0428	19630428	20150428	53	469.81	421.53	89.00	2280.00		120.30	144.40	174.30	190.60	213.00	232.40	265.90	272.60	318.50	354.00	374.90	400.80	467.40	490.60	522.50	554.80	800.80	1108.00	1499.00	
08181800	0429	19630429	20150429	53	464.40	419.91	87.00	2240.00		109.80	138.60	169.50	193.80	220.00	234.40	266.70	291.80	327.40	343.00	351.80	369.20	422.90	495.60	534.50	564.60	641.10	1140.40	1487.00	
08181800	0430	19630430	20150430	53	501.91	499.42	98.00	2510.00		110.70	146.00	172.20	205.40	226.00	247.20	257.20	271.40	303.70	332.00	338.70	376.20	467.20	506.40	540.50	613.00	904.60	1202.00	1683.00	
08181800	0501	19630501	20150501	53	541.98	707.15	81.00	4540.00		112.60	147.40	178.30	198.40	207.50	224.80	265.60	273.00	286.80	325.00	357.00	417.00	460.30	526.20	551.00	714.00	836.50	1140.80	1717.00	
08181800	0502	19630502	20150502	53	571.02	765.67	81.00	4870.00		105.20	134.00	158.20	177.40	205.50	219.80	253.50	277.00	301.00	325.00	365.00	411.40	482.90	535.00	603.00	732.00	1039.00	1226.00	1758.00	
08181800	0503	19630503	20150503	53	515.08	428.47	86.00	1760.00		106.80	124.60	135.40	190.00	210.00	235.60	243.00	288.20	331.50	387.00	437.40	448.40	503.70	559.00	628.50	835.00	1154.00	1222.00	1596.00	
08181800	0504	19630504	20150504	53	471.06	410.16	80.00	1960.00		93.10	117.00	133.30	170.80	202.00	223.20	240.70	261.00	300.50	324.00	363.80	403.60	434.40	484.20	561.00	743.80	869.50	1152.00	1453.00	
08181800	0505	19630505	20150505	53	584.45	755.02	66.00	4420.00		102.30	129.80	137.10	180.20	207.00	231.60	251.50	258.80	287.70	321.00	347.10	372.80	446.50	494.00	569.50	761.60	1128.00	1326.00	2249.00	
08181800	0506	19630506	20150506	53	776.92	1856.85	107.00	13500.00		109.70	134.00	151.10	191.00	231.50	243.80	261.80	294.80	314.60	337.00	378.90	417.00	465.00	521.20	589.00	858.80	1090.00	1246.00	2371.00	
08181800	0507	19630507	20150507	53	781.70	1284.90	104.00	5700.00		112.90	135.80	144.10	196.60	232.00	238.00	257.10	268.00	287.40	315.00	344.50	369.00	459.00	509.00	579.50	905.60	1186.00	1744.00	5164.00	
08181800	0508	19630508	20150508	53	831.79	1783.93	92.00	9580.00		99.60	135.80	170.50	203.00	232.50	241.80	259.80	283.20	293.60	329.00	377.30	487.60	509.80	596.00	734.00	956.40	1027.00	1156.00	4196.00	
08181800	0509	19630509	20150509	53	658.11	819.79	104.00	3980.00		114.40	134.20	170.00	213.40	232.50	246.00	252.70	286.20	305.70	353.00	383.10	475.80	515.40	593.60	701.50	927.20	1259.00	1488.00	3317.00	
08181800	0510	19630510	20150510	53	555.26	556.41	90.00	2730.00		114.40	127.40	154.80	210.60	238.00	262.40	280.60	291.40	317.60	345.00	374.50	444.20	480.80	530.20	589.00	748.60	1075.00	1236.00	2116.00	
08181800	0511	19630511	20150511	53	607.00	795.41	83.00	4140.00		119.60	129.40	173.40	194.00	220.50	237.20	244.90	263.80	283.00	315.00	387.30	443.00	492.10	565.80	663.00	883.40	1008.60	1252.00	2395.00	
08181800	0512	19630512	20150512	53	592.15	693.92	87.00	3940.00		124.70	149.20	185.00	211.00	219.00	228.00	263.70	270.60	297.80	324.00	378.90	432.20	514.20	567.40	720.50	885.00	1118.00	1200.00	1962.00	
08181800	0513	19630513	20150513	53	772.49	1234.11	105.00	6890.00		110.20	135.00	165.90	218.00	227.00	242.40	264.90	289.80	327.40	371.00	484.90	509.40	603.10	679.00	818.00	907.20	1118.00	1438.00	4001.00	
08181800	0514	19630514	20150514	53	672.91	723.87	101.00	3240.00		110.60	129.00	163.80	203.60	236.00	252.20	272.90	302.60	331.30	342.00	411.70	484.00	545.60	639.40	910.00	1030.00	1303.00	1768.00	2601.00	
08181800	0515	19630515	20150515	53	789.21	1103.15	101.00	6950.00		109.40	122.60	175.60	199.20	240.00	270.40	274.90	278.20	327.30	352.00	460.50	498.80	577.60	806.00	919.00	1132.00	1645.00	1952.00	2713.00	
08181800	0516	19630516	20150516	53	789.64	1194.18	100.00	7770.00		105.90	123.80	137.60	201.60	219.50	257.80	269.70	327.80	352.20	372.00	455.40	461.40	560.40	763.80	801.50	1098.00	1678.00	1778.00	2697.00	
08181800	0517	19630517	20150517	53	704.21	758.88	97.00	3990.00		102.00	116.00	178.80	203.80	227.50	261.20	278.30	332.80	368.50	417.00	440.90	546.20	691.70	729.60	890.00	1056.00	1354.00	2022.00	2301.00	
08181800	0518	19630518	20150518	53	762.91	1370.60	87.00	9370.00		99.70	114.00	170.40	209.40	237.50	271.20	296.90	322.60	342.50	383.00	439.50	491.20	590.90	661.80	702.50	756.00	948.50	1644.00	3235.00	
08181800	0519	19630519	20150519	53	749.06	1436.94	92.00	10100.00		103.90	115.00	186.50	208.60	226.50	255.60	277.50	286.80	330.90	403.00	414.10	438.20	504.50	646.20	714.50	902.80	1197.50	1262.00	2647.00	
08181800	0520	19630520	20150520	53	764.60	1282.31	79.00	8560.00		87.00	119.80	159.40	207.00	249.00	254.20	289.90	303.80	354.40	367.00	402.70	440.20	574.40	684.00	800.00	991.20	1079.00	1650.00	3240.00	
08181800	0521	19630521	20150521	53	637.11	852.88	85.00	5500.00		118.80	146.40	174.90	212.40	234.00	248.40	272.60	309.80	338.20	381.00	402.70	422.20	468.70	589.00	681.50	780.60	1113.70	1486.00	2216.00	
08181800	0522	19630522	20150522	53	736.62	1852.39	65.00	13600.00		122.10	134.80	164.00	181.60	211.00	239.40	267.40	305.80	319.60	345.00	386.20	426.80	451.70	494.80	716.00	816.40	882.30	1054.00	1940.00	
08181800	0523	19630523	20150523	53	631.60	1162.17	79.00	7310.00		96.40	121.80	149.00	159.20	199.50	220.60	245.20	258.80	286.30	307.00	370.70	395.20	476.50	494.00	618.50	689.20	769.40	1100.00	2529.00	
08181800	0524	19630524	20150524	53	937.26	2253.76	78.00	15500.00		97.20	126.00	158.90	198.60	220.00	256.00	274.20	321.40	348.90	366.00	402.40	425.40	485.70	636.20	680.50	840.00	1009.00	1460.00	4368.00	
08181800	0525	19630525	20150525	53	917.47	1921.14	76.00	11200.00		98.80	128.00	182.50	206.00	224.00	237.40	255.00	324.00	351.00	378.00	400.90	463.40	558.80	621.60	660.50	863.60	1193.00	1620.00	5341.00	
08181800	0526	19630526	20150526	53	1118.06	3297.58	74.00	23900.00		96.80	150.40	181.70	206.20	231.50	241.60	309.90	322.40	348.70	361.00	389.40	530.80	585.50	627.20	871.00	990.80	1200.00	2132.00	3576.00	
08181800	0527	19630527	20150527	53	1054.36	2045.53	74.00	13100.00		102.40	171.20	190.70	228.20	241.50	269.40	298.60	319.00	374.30	394.00	443.90	530.60	582.10	754.60	944.00	1172.00	1450.00	2050.00	5250.00	
08181800	0528	19630528	20150528	53	752.40	1224.53	69.00	8610.00		111.20	163.40	187.50	219.80	229.00	254.00	271.70	289.20	370.90	383.00	401.20	497.00	539.90	784.60	836.50	1038.00	1211.00	1880.00	2008.00	
08181800	0529	19630529	20150529	53	652.42	856.33	71.00	4360.00		84.00	141.60	175.60	190.80	216.50	233.20	252.80	281.00	319.20	363.00	378.20	433.40	493.30	581.40	704.00	1024.00	1090.00	1570.00	2624.00	
08181800	0530	19630530	20150530	53	782.08	1692.44	71.00	12000.00		93.70	148.80	159.20	167.00	203.00	235.00	241.00	257.00	304.10	354.00	370.70	406.80	461.80	553.20	635.50	804.80	1062.50	1830.00	2421.00	
08181800	0531	19630531	20150531	53	959.09	2498.21	63.00	18000.00		105.90	129.80	155.50	190.80	198.00	210.00	229.70	250.20	292.00	349.00	368.50	445.80	517.70	577.80	641.00	1000.40	1687.00	2154.00	2917.00	
08181800	0601	19630601	20150601	53	916.47	2343.79	50.00	16500.00		110.40	119.60	163.60	182.20	196.00	206.40	226.80	257.60	294.70	351.00	359.40	406.20	464.30	560.60	684.50	870.20	1079.00	1482.00	3871.00	
08181800	0602	19630602	20150602	53	927.38	2208.82	41.00	13000.00		106.70	129.80	159.30	177.60	190.50	202.60	238.90	260.20	291.90	314.00	342.10	386.00	480.10	553.40	659.50	812.60	983.60	1218.00	6775.00	
08181800	0603	19630603	20150603	53	844.38	2355.85	33.00	17000.00		92.20	125.60	154.10	158.20	177.50	199.80	212.70	288.40	311.60	351.00	358.30	437.20	482.70	605.60	672.50	749.20	985.00	1328.00	2624.00	
08181800	0604	19630604	20150604	53	965.85	2617.72	65.00	15000.00		87.20	110.20	144.20	160.20	172.50	195.60	225.40	269.20	283.20	335.00	402.20	468.00	523.20	555.00	657.00	704.20	763.80	1166.00	5817.00	
08181800	0605	19630605	20150605	53	1209.68	3883.35	79.00	26100.00		85.70	113.40	144.70	177.00	188.00	204.60	226.00	236.00	312.30	326.00	363.10	394.80	441.60	541.60	617.00	771.20	957.70	1310.00	6596.00	
08181800	0606	19630606	20150606	53	815.23	1644.70	86.00	10000.00		97.30	115.40	142.50	171.60	179.50	204.20	221.90	237.40	304.40	328.00	335.50	378.60	398.10	505.40	598.50	757.40	991.60	1912.00	5020.00	
08181800	0607	19630607	20150607	53	834.32	1537.59	88.00	9000.00		104.60	137.20	146.40	162.00	167.50	189.80	213.70	241.60	280.80	301.00	332.00	360.00	432.90	525.00	573.50	664.80	946.50	3204.00	4112.00	
08181800	0608	19630608	20150608	53	732.30	1321.81	89.00	8200.00		97.00	118.60	146.30	162.80	179.00	191.20	208.60	218.20	276.10	293.00	325.20	376.20	406.70	470.20	537.00	601.60	1281.90	2472.00	3325.00	
08181800	0609	19630609	20150609	53	773.34	1390.36	90.00	8000.00		97.80	128.80	138.50	151.40	174.50	184.20	206.40	255.80	279.90	303.00	312.70	361.40	398.10	497.20	559.50	605.80	1585.00	2360.00	3910.00	
08181800	0610	19630610	20150610	53	1071.40	2434.77	77.00	12000.00		96.30	111.20	136.40	145.80	157.00	182.20	201.90	249.20	268.20	303.00	321.20	368.00	418.30	536.60	683.50	823.00	1108.00	2664.00	8171.00	
08181800	0611	19630611	20150611	53	1037.96	2442.15	67.00	16000.00		88.20	105.40	116.00	136.60	170.50	197.20	217.70	258.20	290.20	305.00	350.00	400.80	474.70	553.60	703.00	831.40	1546.00	2456.00	6054.00	
08181800	0612	19630612	20150612	53	910.47	1907.41	66.00	12000.00		90.40	101.40	114.10	130.00	172.00	214.20	232.80	261.20	287.30	314.00	350.00	379.20	432.50	533.00	657.50	850.80	1542.00	2180.00	5407.00	
08181800	0613	19630613	20150613	53	980.32	2067.01	74.00	13500.00		85.60	94.20	109.50	127.40	162.00	196.20	246.80	283.60	292.90	300.00	343.40	357.40	442.30	506.40	690.50	1172.00	1712.00	2636.00	4599.00	
08181800	0614	19630614	20150614	53	1105.40	2819.29	79.00	15000.00		83.40	97.40	106.40	142.80	161.50	178.20	237.80	257.20	287.40	327.00	354.60	425.00	479.10	496.40	717.50	1104.00	1489.00	1858.00	6830.00	
08181800	0615	19630615	20150615	53	976.23	2324.77	69.00	12500.00		84.30	97.60	107.70	132.60	164.00	214.60	243.80	279.80	304.00	329.00	367.80	428.00	477.90	599.80	685.50	769.80	997.40	1608.00	6350.00	
08181800	0616	19630616	20150616	53	858.04	2056.51	62.00	11700.00		73.00	95.20	112.90	134.60	174.50	224.00	246.70	290.00	308.40	320.00	348.90	420.20	504.70	590.00	677.00	738.00	917.50	1258.00	4911.00	
08181800	0617	19630617	20150617	53	842.51	1873.02	64.00	11200.00		80.40	97.80	125.00	158.40	172.50	217.40	227.70	255.20	294.40	312.00	327.50	374.40	482.80	540.80	618.00	712.40	1277.50	1658.00	4231.00	
08181800	0618	19630618	20150618	53	882.25	1611.96	72.00	7330.00		74.10	88.40	112.90	159.60	176.50	195.00	235.90	254.00	293.50	312.00	313.70	326.00	349.40	436.20	648.50	944.00	1278.00	2824.00	6034.00	
08181800	0619	19630619	20150619	53	773.04	1450.22	74.00	6400.00		80.90	84.80	110.20	154.40	174.00	197.00	219.20	241.80	270.20	293.00	307.80	336.60	389.00	425.00	593.00	700.60	1077.20	1832.00	6072.00	
08181800	0620	19630620	20150620	53	674.83	1058.39	78.00	5200.00		82.10	97.00	139.70	180.00	189.50	197.20	212.80	239.20	265.40	280.00	323.10	348.40	361.90	460.20	581.50	843.60	1242.00	2040.00	3274.00	
08181800	0621	19630621	20150621	53	697.08	1010.66	65.00	4500.00		81.10	98.40	138.30	168.40	177.50	203.40	226.50	241.00	276.30	290.00	297.20	318.80	370.90	411.20	678.00	1062.00	1380.00	2086.00	3925.00	
08181800	0622	19630622	20150622	53	746.62	1058.69	73.00	5620.00		75.40	98.60	131.30	153.60	166.00	201.20	210.60	256.20	270.90	287.00	313.70	372.00	507.90	742.00	948.00	1136.00	1489.00	2012.00	3447.00	
08181800	0623	19630623	20150623	53	834.08	1711.98	84.00	11700.00		89.80	103.80	116.70	153.40	166.00	173.40	205.70	256.60	273.20	290.00	308.00	335.80	510.80	772.60	858.50	920.80	1177.00	2256.00	3234.00	
08181800	0624	19630624	20150624	53	727.08	1694.83	72.00	12100.00		82.70	102.40	132.80	151.20	168.50	200.80	234.00	253.20	264.20	271.00	314.00	347.80	430.90	641.00	758.50	805.20	908.60	1166.00	2728.00	
08181800	0625	19630625	20150625	53	753.28	1481.39	70.00	10200.00		102.50	126.40	134.60	142.80	166.50	219.20	247.00	264.40	273.60	300.00	314.90	346.20	387.40	556.80	841.50	895.20	1126.00	2076.00	2633.00	
08181800	0626	19630626	20150626	53	813.23	1409.98	74.00	7600.00		89.00	105.80	132.00	153.20	176.50	212.60	244.40	262.80	267.20	303.00	350.90	396.00	431.40	485.80	585.00	803.20	1519.30	2474.00	4846.00	
08181800	0627	19630627	20150627	53	607.72	971.04	66.00	5580.00		81.40	97.80	124.80	139.60	149.50	181.40	227.40	251.80	264.50	277.00	290.00	301.40	346.00	421.80	538.00	717.40	848.40	1512.00	2858.00	
08181800	0628	19630628	20150628	53	555.62	827.62	65.00	4020.00		84.80	94.80	111.90	136.40	151.50	168.00	204.20	224.20	255.20	260.00	280.90	300.60	338.00	379.20	427.50	765.40	961.80	1550.00	2929.00	
08181800	0629	19630629	20150629	53	809.06	1914.46	69.00	12800.00		82.40	90.00	101.70	138.40	150.50	157.40	166.80	214.00	252.30	270.00	291.30	301.60	329.00	381.20	474.00	764.80	886.30	2252.00	3655.00	
08181800	0630	19630630	20150630	53	742.21	1418.50	54.00	8350.00		81.40	95.80	119.50	138.40	147.50	158.20	194.00	242.00	246.40	260.00	275.80	302.60	367.60	421.80	703.00	723.00	860.60	2184.00	4254.00	
08181800	0701	19630701	20150701	53	685.58	1164.94	37.00	6900.00		86.80	105.00	115.10	135.20	149.00	196.00	209.80	231.20	246.50	267.00	290.70	337.20	480.50	572.60	676.50	747.40	1527.50	1716.00	2908.00	
08181800	0702	19630702	20150702	53	855.98	2471.50	78.00	17700.00		97.50	110.80	134.20	137.60	156.50	175.20	184.80	194.60	233.90	238.00	263.40	312.00	408.10	514.60	654.00	732.80	971.40	1740.00	2794.00	
08181800	0703	19630703	20150703	53	914.06	3054.18	87.00	22100.00		90.80	108.80	116.70	135.80	151.50	171.40	179.00	195.80	205.60	228.00	249.10	346.60	381.80	451.00	586.00	688.20	987.20	1558.00	2773.00	
08181800	0704	19630704	20150704	53	1402.26	6033.19	67.00	44000.00		87.40	102.20	122.90	132.80	138.00	161.40	169.40	177.60	195.00	233.00	294.20	378.60	423.60	452.60	590.50	705.00	1318.50	1726.00	3838.00	
08181800	0705	19630705	20150705	53	1694.04	8032.43	63.00	58800.00		76.10	92.80	107.50	130.00	135.50	151.20	178.90	201.00	217.80	252.00	311.10	403.20	445.90	545.60	731.50	1330.00	1418.00	1920.00	3022.00	
08181800	0706	19630706	20150706	53	1676.40	8523.24	69.00	62400.00		83.70	90.80	109.50	128.00	135.50	144.60	158.90	194.80	213.60	239.00	283.90	364.80	406.00	457.40	626.50	800.80	1272.00	1696.00	2423.00	
08181800	0707	19630707	20150707	53	1397.09	6477.38	73.00	47200.00		86.70	106.40	116.00	122.80	132.00	145.80	165.40	194.60	204.10	230.00	263.30	337.20	370.10	421.20	532.50	690.40	847.60	1390.00	3347.00	
08181800	0708	19630708	20150708	53	842.87	2603.13	71.00	18600.00		84.10	90.40	105.40	117.20	124.50	135.20	167.70	176.60	190.20	226.00	263.90	328.80	398.30	474.80	532.50	713.40	1135.00	1512.00	2846.00	
08181800	0709	19630709	20150709	53	685.70	1506.69	72.00	9900.00		85.50	90.60	97.20	105.00	115.00	136.20	161.00	176.60	189.70	211.00	248.80	327.00	357.90	454.20	622.00	699.20	1104.00	1576.00	2915.00	
08181800	0710	19630710	20150710	53	534.38	1063.16	75.00	7450.00		80.40	92.00	95.40	106.80	114.00	147.20	165.10	172.40	185.20	195.00	241.30	299.00	336.10	415.60	471.50	650.20	959.40	1432.00	1654.00	
08181800	0711	19630711	20150711	53	551.36	910.20	65.00	6180.00		88.10	97.40	102.40	112.60	126.00	145.80	160.60	169.00	177.80	203.00	313.40	331.40	402.10	480.80	677.50	869.60	1109.00	1322.00	1736.00	
08181800	0712	19630712	20150712	53	551.68	834.45	56.00	5270.00		79.90	94.60	100.10	107.80	123.50	148.20	162.10	172.60	178.50	207.00	292.10	343.00	472.80	522.20	641.50	792.80	1151.50	1410.00	2052.00	
08181800	0713	19630713	20150713	53	464.83	683.50	73.00	4590.00		85.60	94.80	115.10	117.60	130.00	151.00	162.80	173.20	188.00	226.00	289.10	327.00	357.00	460.20	537.00	690.80	819.00	1142.00	1424.00	
08181800	0714	19630714	20150714	53	459.36	630.01	73.00	4150.00		87.40	100.20	107.20	120.00	143.00	152.80	166.80	171.20	183.10	215.00	283.80	337.80	368.70	452.60	547.50	682.40	884.70	1126.00	1416.00	
08181800	0715	19630715	20150715	53	490.40	817.05	77.00	5330.00		89.40	100.40	110.00	116.00	137.00	144.40	169.00	175.20	193.30	206.00	264.10	301.80	351.10	386.80	468.50	629.00	790.00	1128.00	1992.00	
08181800	0716	19630716	20150716	53	824.06	2156.48	76.00	14700.00		90.70	94.40	104.40	113.80	152.00	164.80	173.00	181.60	208.70	262.00	289.40	301.00	334.90	469.60	646.50	749.40	999.00	1352.00	3984.00	
08181800	0717	19630717	20150717	53	1116.81	3596.24	77.00	23700.00		86.00	91.20	99.80	111.20	136.00	159.80	168.60	182.80	201.90	251.00	267.10	292.00	355.20	459.80	582.50	727.40	952.60	1304.00	7405.00	
08181800	0718	19630718	20150718	53	1070.38	3523.85	71.00	25100.00		84.70	95.20	105.00	120.80	145.50	157.00	163.90	172.00	184.60	229.00	267.10	318.20	397.20	482.60	707.00	834.60	1107.80	1774.00	5188.00	
08181800	0719	19630719	20150719	53	695.36	1605.50	72.00	10800.00		85.50	94.40	100.20	127.00	133.00	153.20	164.50	166.60	179.80	266.00	286.30	314.40	400.70	522.00	566.00	724.60	964.50	1332.00	2874.00	
08181800	0720	19630720	20150720	53	568.49	1098.71	70.00	6750.00		80.00	92.00	106.50	125.60	132.00	154.00	160.90	171.00	177.50	224.00	275.60	318.20	345.60	417.20	479.50	661.80	900.70	1138.00	2747.00	
08181800	0721	19630721	20150721	53	622.45	1118.86	55.00	5580.00		77.50	94.40	106.40	124.20	136.00	153.60	156.90	166.80	196.10	254.00	269.50	321.80	359.00	401.60	476.50	721.60	1019.00	1206.00	4159.00	
08181800	0722	19630722	20150722	53	645.94	1527.71	52.00	10300.00		78.40	97.40	113.20	121.40	130.50	144.00	154.50	160.60	194.70	229.00	248.10	271.80	321.50	462.40	510.00	636.00	772.80	1198.00	3544.00	
08181800	0723	19630723	20150723	53	523.96	881.17	49.00	4860.00		79.60	103.80	108.60	119.00	125.00	134.40	154.40	173.20	192.40	203.00	229.70	258.00	347.80	413.60	444.00	671.20	824.50	1098.00	3106.00	
08181800	0724	19630724	20150724	53	559.21	1261.18	45.00	8670.00		76.30	90.00	109.00	118.00	135.50	146.40	157.00	160.60	164.80	194.00	254.10	273.40	338.60	387.60	446.50	539.40	838.80	1038.40	2796.00	
08181800	0725	19630725	20150725	53	613.91	1735.73	44.00	12500.00		71.10	88.40	106.30	121.40	125.50	145.40	155.20	160.20	184.50	221.00	250.50	257.60	343.70	369.60	429.00	546.00	816.60	997.20	2446.00	
08181800	0726	19630726	20150726	53	663.40	2191.77	50.00	16000.00		66.00	85.00	102.50	120.00	136.50	141.20	156.30	165.20	176.50	251.00	259.60	295.00	350.00	371.20	452.50	524.80	690.20	848.00	2186.00	
08181800	0727	19630727	20150727	53	549.92	1404.59	44.00	10100.00		71.90	90.00	95.50	114.80	120.50	138.60	154.10	159.60	167.70	236.00	246.80	278.60	330.90	366.60	403.50	496.60	763.20	1064.00	2017.00	
08181800	0728	19630728	20150728	53	493.85	1031.53	41.00	7270.00		74.00	89.00	101.50	118.60	130.50	144.80	155.00	162.00	172.30	200.00	237.50	268.20	336.70	395.40	470.50	531.40	722.20	962.80	1870.00	
08181800	0729	19630729	20150729	53	408.00	641.74	41.00	4190.00		78.00	89.60	105.30	111.80	121.00	141.80	154.00	156.80	168.10	192.00	229.00	273.40	343.20	363.60	435.00	509.40	662.90	718.20	1754.00	
08181800	0730	19630730	20150730	53	377.75	576.92	48.00	3690.00		68.10	89.40	102.10	110.00	114.00	136.00	146.90	151.60	173.30	180.00	231.30	256.60	310.50	333.80	372.00	436.80	611.90	701.20	1676.00	
08181800	0731	19630731	20150731	53	368.02	544.01	47.00	3490.00		62.00	89.80	99.20	104.00	114.50	130.80	144.00	159.40	173.60	188.00	234.50	276.20	317.80	348.80	372.50	418.80	587.60	663.60	1590.00	
08181800	0801	19630801	20150801	53	377.83	536.61	49.00	3040.00		65.80	83.80	100.10	107.00	115.50	134.60	141.00	151.20	161.70	184.00	198.00	266.00	301.00	325.20	378.00	419.80	580.40	813.00	1739.00	
08181800	0802	19630802	20150802	53	449.60	900.37	54.00	6030.00		70.50	90.40	99.10	107.20	125.00	130.80	139.60	148.20	156.40	175.00	216.50	274.00	333.10	358.80	381.00	404.80	574.70	804.80	1893.00	
08181800	0803	19630803	20150803	53	453.72	635.78	52.00	3340.00		68.30	84.20	90.30	99.80	114.00	133.20	142.70	149.00	155.20	167.00	205.30	277.80	329.20	377.20	425.00	633.80	945.00	1470.00	1776.00	
08181800	0804	19630804	20150804	53	552.13	1112.95	45.00	6780.00		62.80	81.00	86.60	97.20	110.50	124.60	135.00	152.20	160.90	179.00	213.00	282.00	316.50	375.60	396.50	604.00	872.00	1354.00	2859.00	
08181800	0805	19630805	20150805	53	556.40	1451.93	45.00	10300.00		66.60	78.00	83.30	95.80	114.00	121.40	136.00	152.80	171.10	205.00	232.50	283.40	325.10	342.80	391.00	527.80	611.70	1098.80	2276.00	
08181800	0806	19630806	20150806	53	459.77	846.92	54.00	5490.00		69.70	80.60	89.50	97.80	108.50	120.80	153.20	169.00	174.00	205.00	212.80	293.80	304.80	341.20	430.00	511.40	621.30	1040.80	2153.00	
08181800	0807	19630807	20150807	53	414.83	541.26	38.00	2990.00		71.80	80.80	94.60	114.20	131.00	149.20	156.70	182.40	200.30	211.00	251.90	285.00	312.70	327.80	415.50	513.60	717.30	1216.00	1676.00	
08181800	0808	19630808	20150808	53	488.25	996.89	44.00	7000.00		62.70	83.80	97.40	108.20	130.00	146.20	162.30	195.20	212.80	241.00	285.10	295.00	312.90	336.80	410.00	488.00	735.60	1016.80	1851.00	
08181800	0809	19630809	20150809	53	497.81	1218.18	40.00	8780.00		62.40	83.60	91.10	106.60	125.00	144.20	155.90	167.40	197.60	218.00	267.70	286.40	300.20	339.00	377.50	435.40	670.20	926.80	1733.00	
08181800	0810	19630810	20150810	53	359.64	373.34	40.00	1590.00		59.80	74.80	85.70	114.20	129.00	140.20	155.40	166.80	179.10	204.00	282.00	301.40	328.30	385.40	419.00	475.60	661.90	959.60	1433.00	
08181800	0811	19630811	20150811	53	392.66	627.71	49.00	4290.00		68.80	81.40	89.00	104.40	133.00	141.40	147.60	167.20	176.00	204.00	248.90	290.00	306.10	339.00	379.50	481.20	605.60	839.80	1355.00	
08181800	0812	19630812	20150812	53	344.34	347.09	53.00	1470.00		66.00	81.00	89.10	108.00	121.50	133.00	141.60	158.60	186.10	212.00	265.70	291.00	314.30	342.40	409.50	503.80	615.80	947.00	1246.00	
08181800	0813	19630813	20150813	53	338.38	296.43	51.00	1420.00		66.30	80.20	104.30	132.80	142.00	153.40	182.60	191.60	211.40	231.00	282.70	298.60	318.00	361.40	403.50	547.40	574.60	820.20	1050.00	
08181800	0814	19630814	20150814	53	336.55	324.02	60.00	1600.00		70.40	82.00	107.20	127.00	141.00	149.00	165.90	187.00	196.70	218.00	269.70	287.00	310.70	328.60	366.50	485.00	551.40	843.80	1153.00	
08181800	0815	19630815	20150815	53	352.98	378.92	60.00	2060.00		69.40	79.20	94.20	106.60	124.50	136.80	147.20	175.40	204.50	252.00	270.20	277.00	301.40	322.40	416.50	497.80	625.80	921.60	1263.00	
08181800	0816	19630816	20150816	53	392.17	762.02	44.00	5520.00		68.40	74.80	77.60	104.80	126.00	138.00	153.90	167.40	193.70	226.00	267.40	292.60	300.50	318.60	373.50	468.20	494.00	782.60	1061.40	
08181800	0817	19630817	20150817	53	907.11	4554.83	54.00	33400.00		61.90	72.80	80.60	104.20	127.50	146.00	150.90	162.60	174.60	205.00	236.40	275.40	297.00	322.80	387.50	460.80	494.30	714.80	931.80	
08181800	0818	19630818	20150818	53	735.87	3333.41	53.00	24500.00		65.40	77.60	91.80	114.80	127.50	146.20	154.70	165.60	182.20	196.00	248.90	275.60	298.10	374.60	418.00	464.00	499.70	674.20	870.60	
08181800	0819	19630819	20150819	53	703.32	2157.58	37.00	14600.00		56.30	81.40	99.50	108.00	129.50	140.40	150.80	176.80	197.30	241.00	265.80	279.80	359.60	441.40	452.50	478.40	622.70	858.00	2977.00	
08181800	0820	19630820	20150820	53	564.15	1348.08	40.00	8740.00		58.70	87.00	99.30	113.60	132.00	145.00	154.90	168.20	190.60	207.00	254.90	278.20	294.50	361.20	423.50	469.80	582.10	823.80	3545.00	
08181800	0821	19630821	20150821	53	391.00	826.84	52.00	6070.00		73.20	93.20	101.30	115.40	124.50	135.60	146.70	159.20	199.50	210.00	237.80	258.60	290.00	344.20	403.50	465.00	524.10	611.80	934.30	
08181800	0822	19630822	20150822	53	362.45	632.64	55.00	4530.00		78.90	96.40	101.40	113.00	130.00	135.20	138.80	160.80	194.60	214.00	242.10	271.80	297.10	341.60	387.50	449.80	467.60	558.60	1002.40	
08181800	0823	19630823	20150823	53	463.49	942.16	40.00	6000.00		62.20	96.60	111.10	122.60	128.00	138.20	158.50	176.20	200.00	207.00	232.00	265.40	293.40	364.00	408.00	467.00	569.30	715.80	2276.00	
08181800	0824	19630824	20150824	53	409.87	550.16	38.00	3290.00		69.30	87.80	111.70	129.40	137.50	157.20	167.80	187.00	199.00	223.00	260.40	282.60	380.00	413.20	449.00	546.40	697.70	828.40	1620.00	
08181800	0825	19630825	20150825	53	398.91	474.44	29.00	2870.00		60.40	94.80	113.30	135.20	143.50	157.60	179.60	210.20	233.40	248.00	268.10	339.20	404.10	433.60	478.50	509.40	646.50	738.20	1335.00	
08181800	0826	19630826	20150826	53	345.28	399.47	25.00	2600.00		76.50	91.40	103.70	127.40	137.00	154.00	181.50	225.00	240.10	251.00	269.00	301.40	341.30	381.80	413.50	442.40	472.00	618.60	957.80	
08181800	0827	19630827	20150827	53	335.17	381.56	47.00	2400.00		72.50	92.00	108.20	124.80	129.00	143.60	175.80	195.80	207.00	209.00	247.70	307.80	329.30	351.00	401.00	421.20	460.50	596.20	1288.00	
08181800	0828	19630828	20150828	53	366.55	464.32	62.00	2650.00		74.80	94.40	113.10	121.80	132.00	150.40	175.50	184.80	193.90	225.00	246.30	333.20	339.90	370.60	421.50	454.00	478.20	634.20	1394.00	
08181800	0829	19630829	20150829	53	405.26	514.33	69.00	3020.00		78.90	97.80	106.80	120.80	130.00	163.20	183.20	188.20	202.50	250.00	299.00	334.40	356.50	393.80	434.00	449.80	559.40	942.00	1502.00	
08181800	0830	19630830	20150830	53	432.04	645.32	63.00	4220.00		73.00	92.60	108.10	122.00	135.00	154.00	177.80	191.60	202.40	243.00	256.70	337.60	357.20	404.80	465.00	520.60	618.50	824.00	1734.00	
08181800	0831	19630831	20150831	53	569.51	1262.79	54.00	7120.00		65.40	86.60	105.10	119.80	125.50	154.40	180.80	192.00	201.90	225.00	273.70	333.60	343.60	396.20	473.50	499.80	671.70	732.00	3366.00	
08181800	0901	19630901	20150901	53	527.98	959.36	49.00	5690.00		63.20	92.60	103.60	114.40	130.50	151.40	177.40	187.00	220.40	258.00	290.90	326.60	348.50	437.20	538.50	612.00	653.30	768.40	3039.00	
08181800	0902	19630902	20150902	53	372.94	471.75	40.00	2920.00		63.40	94.00	96.80	113.00	134.50	159.40	166.40	184.60	205.10	233.00	301.30	336.00	375.10	407.00	421.50	445.40	551.40	616.80	1400.00	
08181800	0903	19630903	20150903	53	377.38	406.95	46.00	2170.00		60.60	99.40	105.20	124.20	137.50	162.00	172.50	203.00	218.30	251.00	298.50	324.80	349.10	410.40	432.50	515.40	568.40	739.00	1580.00	
08181800	0904	19630904	20150904	53	341.91	329.80	48.00	2140.00		65.90	86.40	102.20	122.80	142.50	154.40	177.10	201.00	215.80	253.00	292.10	320.80	340.30	423.60	452.00	483.20	556.80	648.00	856.80	
08181800	0905	19630905	20150905	53	350.79	390.77	45.00	2680.00		70.00	94.20	106.10	123.60	151.50	161.80	178.60	199.60	222.30	249.00	281.50	299.20	353.90	429.80	453.00	487.00	505.50	622.60	948.30	
08181800	0906	19630906	20150906	53	504.08	881.35	60.00	5050.00		77.00	95.60	109.10	113.20	140.50	146.60	174.80	210.00	231.30	244.00	282.00	324.60	416.60	439.40	488.50	518.80	676.90	924.60	2201.00	
08181800	0907	19630907	20150907	53	545.13	777.81	42.00	3490.00		68.00	80.60	95.80	108.40	133.00	166.60	198.80	212.00	242.40	269.00	308.00	354.00	422.30	440.40	470.00	556.00	862.60	1686.00	3007.00	
08181800	0908	19630908	20150908	53	913.30	2025.80	46.00	12800.00		64.90	87.20	106.30	113.60	133.50	155.40	215.80	246.60	257.70	276.00	364.40	382.80	394.90	447.60	594.00	800.40	1631.00	2172.00	5425.00	
08181800	0909	19630909	20150909	53	742.04	1829.62	49.00	10300.00		70.00	89.00	99.20	107.40	132.00	151.40	202.20	238.60	260.00	277.00	292.30	359.20	396.40	459.80	573.00	667.40	780.50	928.80	4547.00	
08181800	0910	19630910	20150910	53	642.72	1598.10	61.00	11400.00		69.60	101.00	109.40	126.60	138.50	183.00	198.40	233.40	259.90	299.00	358.40	370.20	383.70	412.00	512.00	590.20	722.20	987.20	2622.00	
08181800	0911	19630911	20150911	53	575.57	842.75	58.00	5570.00		64.90	82.80	111.00	128.00	164.50	201.40	245.90	277.00	304.10	333.00	364.70	418.80	471.00	486.40	571.50	847.20	939.80	1354.00	1851.00	
08181800	0912	19630912	20150912	53	546.15	686.05	67.00	3460.00		71.00	77.40	123.10	130.60	162.00	190.80	241.30	266.20	300.60	320.00	377.40	406.00	456.80	545.00	674.50	745.60	950.50	1138.00	2633.00	
08181800	0913	19630913	20150913	53	555.60	638.58	61.00	2950.00		80.40	103.40	125.90	158.40	175.50	211.60	244.90	278.80	304.80	376.00	417.30	458.80	480.70	516.80	565.00	645.80	804.50	1718.00	2350.00	
08181800	0914	19630914	20150914	53	672.72	1136.52	59.00	7230.00		86.90	117.60	152.10	173.40	206.50	231.00	266.00	287.60	308.60	367.00	394.90	419.40	426.20	495.20	570.00	634.80	822.90	1802.00	3119.00	
08181800	0915	19630915	20150915	53	469.49	465.87	43.00	2020.00		76.30	121.40	140.70	175.00	196.50	228.60	243.70	269.40	291.60	306.00	354.20	376.20	401.60	480.20	542.00	604.00	786.80	1017.20	1875.00	
08181800	0916	19630916	20150916	53	463.49	435.91	63.00	1950.00		92.40	132.40	153.70	180.60	192.50	207.40	238.40	264.20	289.90	300.00	342.60	394.20	420.40	477.40	511.50	576.80	760.20	1222.00	1709.00	
08181800	0917	19630917	20150917	53	562.25	873.08	63.00	4730.00		114.80	140.00	159.70	175.00	183.00	205.20	252.40	285.60	290.30	300.00	324.90	358.80	384.20	402.80	459.00	536.40	784.90	1154.00	2589.00	
08181800	0918	19630918	20150918	53	560.85	910.59	73.00	6320.00		116.10	124.40	142.30	174.40	183.50	208.20	244.10	272.40	284.60	318.00	352.20	369.00	399.80	418.60	447.00	595.40	1118.30	1250.00	1762.00	
08181800	0919	19630919	20150919	53	505.51	651.10	99.00	3530.00		103.40	114.00	136.00	170.40	182.50	208.80	243.00	260.40	282.90	316.00	354.20	361.20	374.60	396.20	434.50	549.20	656.80	1392.00	2043.00	
08181800	0920	19630920	20150920	53	495.15	612.29	82.00	3300.00		93.60	107.60	144.70	160.20	196.00	208.20	225.30	249.60	283.60	315.00	338.40	361.80	367.60	404.80	418.00	530.20	753.40	1352.00	2043.00	
08181800	0921	19630921	20150921	53	518.94	631.47	81.00	3230.00		98.40	121.80	130.30	143.60	181.50	209.20	230.30	244.60	263.30	294.00	321.80	358.60	373.90	425.00	464.50	698.00	937.50	1490.00	2278.00	
08181800	0922	19630922	20150922	53	619.19	1655.59	53.00	12200.00		87.90	113.40	134.90	155.60	189.50	203.20	222.10	270.80	276.50	291.00	326.70	358.80	391.60	400.00	455.50	506.00	814.50	1160.00	1398.00	
08181800	0923	19630923	20150923	53	546.08	861.01	94.00	6200.00		94.70	122.60	141.90	173.20	197.50	218.40	259.90	272.60	280.50	313.00	367.00	401.40	443.90	487.00	589.50	753.20	885.40	1064.00	1379.00	
08181800	0924	19630924	20150924	53	417.25	347.67	84.00	2000.00		114.00	131.00	155.10	179.60	191.50	214.60	265.70	273.20	297.30	341.00	362.40	389.40	423.20	445.40	486.50	532.20	595.70	818.00	1258.00	
08181800	0925	19630925	20150925	53	393.30	287.55	83.00	1310.00		113.80	133.40	161.00	174.40	187.50	220.00	258.80	275.00	304.70	320.00	335.60	367.80	386.40	408.80	450.50	466.00	704.00	912.80	1119.00	
08181800	0926	19630926	20150926	53	371.79	262.39	85.00	1280.00		109.90	120.20	144.90	177.60	189.00	199.20	241.80	267.20	282.30	294.00	323.50	365.00	379.50	407.20	445.00	461.40	695.60	753.60	988.30	
08181800	0927	19630927	20150927	53	880.74	3749.03	67.00	27600.00		100.00	124.40	166.00	188.60	195.00	218.60	231.90	247.80	261.20	300.00	352.10	364.60	384.70	418.80	455.50	545.20	617.10	824.60	1103.00	
08181800	0928	19630928	20150928	53	619.83	1962.26	63.00	14500.00		85.70	118.00	154.70	184.00	211.00	216.40	226.30	241.00	258.10	294.00	334.70	340.40	359.10	411.60	427.50	454.20	508.60	673.80	1334.00	
08181800	0929	19630929	20150929	53	468.25	601.32	80.00	3200.00		87.40	119.20	174.80	192.00	205.50	212.00	236.50	240.60	269.30	298.00	308.80	322.80	359.30	447.40	465.50	541.80	674.30	913.20	1825.00	
08181800	0930	19630930	20150930	53	418.83	447.16	84.00	2410.00		99.50	145.40	171.80	184.60	200.00	204.40	212.60	227.60	263.00	277.00	288.10	308.00	350.90	392.40	448.00	516.00	610.60	817.20	1798.00	
08181800	1001	19621001	20151001	54	328.76	264.35	87.00	1620.00		95.25	138.00	163.75	177.00	187.50	198.50	206.00	211.00	216.50	241.50	269.50	275.00	314.25	337.50	364.50	465.00	508.75	593.00	935.75	
08181800	1002	19621002	20151002	54	339.09	295.63	82.00	1490.00		113.50	132.50	145.25	171.00	175.00	183.50	190.00	207.00	218.25	230.50	267.00	283.00	321.50	341.50	356.00	415.00	492.50	734.50	1197.50	
08181800	1003	19621003	20151003	54	347.26	385.60	68.00	2510.00		94.00	133.00	142.50	150.00	165.25	174.00	179.25	196.00	211.00	229.50	264.25	276.00	316.75	343.00	360.75	422.00	468.50	618.50	1170.00	
08181800	1004	19621004	20151004	54	396.61	619.39	72.00	4470.00		88.25	116.00	131.00	147.00	166.00	191.50	196.50	215.00	230.25	253.00	267.50	280.00	318.00	329.00	356.50	446.00	514.50	782.50	1135.00	
08181800	1005	19621005	20151005	54	486.69	935.52	84.00	6660.00		101.50	126.00	134.25	149.00	179.00	191.00	199.75	220.00	230.00	254.50	273.50	292.00	328.50	352.00	412.00	448.00	584.50	941.00	1820.00	
08181800	1006	19621006	20151006	54	427.39	465.23	84.00	2170.00		100.00	130.00	142.50	162.00	177.00	194.00	208.25	219.00	225.75	232.50	265.50	279.00	317.50	356.50	446.00	515.00	866.75	1070.00	1735.00	
08181800	1007	19621007	20151007	54	477.93	764.70	75.00	5330.00		105.50	136.00	155.00	174.00	178.75	200.50	206.75	218.00	225.50	243.50	268.50	324.00	384.25	428.50	495.50	533.00	656.50	951.50	1627.50	
08181800	1008	19621008	20151008	54	526.78	888.83	109.00	5390.00		113.75	145.50	153.75	171.00	175.00	193.00	214.25	222.00	226.00	261.50	288.00	331.00	393.00	434.00	502.00	619.00	785.50	935.00	2040.00	
08181800	1009	19621009	20151009	54	663.67	1274.28	97.00	8540.00		118.75	135.00	148.00	170.00	177.25	198.00	220.50	229.00	242.00	283.00	326.50	377.00	398.25	464.50	517.00	868.00	1060.00	1270.00	3125.00	
08181800	1010	19621010	20151010	54	647.41	1313.04	100.00	8640.00		121.50	143.00	149.25	168.00	181.25	194.50	217.00	232.00	244.75	280.50	340.25	399.00	437.25	481.50	609.00	785.00	834.50	942.50	2670.00	
08181800	1011	19621011	20151011	54	548.43	836.33	90.00	5350.00		117.75	137.50	151.75	172.00	190.50	206.00	215.50	231.00	305.50	327.00	339.50	384.00	414.00	446.00	478.25	544.00	755.50	1135.00	2537.50	
08181800	1012	19621012	20151012	54	563.50	887.79	86.00	4330.00		100.00	139.00	162.50	170.00	197.00	217.50	221.75	242.00	287.75	311.00	329.50	399.00	411.75	426.50	471.25	516.00	687.50	901.00	3787.50	
08181800	1013	19621013	20151013	54	508.28	659.74	80.00	3820.00		95.00	135.00	153.50	169.00	199.00	210.00	220.50	238.00	273.25	295.50	329.25	387.00	400.75	433.00	456.50	629.00	750.50	1060.00	2282.50	
08181800	1014	19621014	20151014	54	445.37	467.74	82.00	2890.00		88.00	135.50	150.75	172.00	204.00	212.50	229.25	241.00	259.00	313.50	331.50	339.00	386.75	427.50	465.25	587.00	757.50	1115.00	1302.50	
08181800	1015	19621015	20151015	54	443.74	499.44	73.00	3010.00		97.00	128.00	158.75	183.00	205.50	215.00	225.25	235.00	254.75	305.00	315.50	336.00	371.75	411.00	462.50	591.00	654.25	882.00	1505.00	
08181800	1016	19621016	20151016	54	490.74	729.04	80.00	4380.00		104.75	142.50	163.00	165.00	188.00	205.50	217.00	241.00	268.75	302.50	325.25	331.00	360.25	385.00	443.25	510.00	663.50	858.00	2490.00	
08181800	1017	19621017	20151017	54	551.46	1018.36	80.00	5560.00		101.75	132.50	153.00	163.00	188.75	207.50	232.50	271.00	279.75	320.00	331.75	360.00	368.75	385.00	415.50	448.00	500.25	883.50	3087.50	
08181800	1018	19621018	20151018	54	1529.07	8008.92	77.00	59100.00		101.75	129.50	149.75	188.00	199.50	217.00	226.50	262.00	268.00	300.00	317.00	330.00	349.75	375.50	396.00	442.00	742.75	906.50	2515.00	
08181800	1019	19621019	20151019	54	1166.61	4803.48	78.00	35500.00		91.75	133.50	154.00	182.00	204.25	229.50	242.00	254.00	292.50	312.50	316.25	379.00	385.75	424.00	440.25	861.00	978.75	1345.00	2567.50	
08181800	1020	19621020	20151020	54	749.96	1779.92	83.00	12500.00		90.75	128.50	156.00	181.00	197.00	221.00	234.50	242.00	274.25	304.50	324.25	332.00	370.75	395.50	420.75	618.00	905.25	1620.00	3380.00	
08181800	1021	19621021	20151021	54	558.28	940.91	87.00	5970.00		99.00	118.00	153.75	175.00	191.25	210.50	229.75	244.00	263.75	270.00	302.75	328.00	344.25	380.50	434.75	475.00	877.00	1068.50	2602.50	
08181800	1022	19621022	20151022	54	572.81	701.18	90.00	2830.00		100.00	122.50	154.25	171.00	189.00	204.00	223.50	239.00	266.75	284.50	325.00	351.00	382.75	418.00	502.50	825.00	1200.00	1600.00	2587.50	
08181800	1023	19621023	20151023	54	637.35	1126.01	76.00	7630.00		86.25	146.50	160.00	172.00	192.75	204.00	214.25	223.00	264.00	284.50	321.75	336.00	378.75	436.50	560.75	834.00	1017.50	1570.00	2362.50	
08181800	1024	19621024	20151024	54	849.07	1635.60	83.00	10200.00		100.00	137.50	159.25	168.00	189.25	213.50	237.00	260.00	283.75	301.50	313.75	366.00	376.75	505.00	830.25	852.00	1267.50	2020.00	4805.00	
08181800	1025	19621025	20151025	54	1037.33	2195.49	86.00	13300.00		94.50	128.00	171.00	177.00	187.00	209.00	221.50	233.00	262.00	291.50	319.25	366.00	383.00	479.00	826.75	1290.00	1605.00	2260.00	6635.00	
08181800	1026	19621026	20151026	54	724.52	954.61	87.00	5890.00		110.75	149.00	165.25	172.00	192.75	213.50	227.25	255.00	308.50	332.00	368.50	403.00	541.25	764.50	908.25	1270.00	1502.50	1980.00	2272.50	
08181800	1027	19621027	20151027	54	577.56	663.63	89.00	3200.00		116.00	142.50	162.00	180.00	189.75	215.50	220.00	238.00	285.50	319.00	357.50	405.00	462.50	519.50	724.00	911.00	1165.00	1330.00	2222.50	
08181800	1028	19621028	20151028	54	476.46	506.63	101.00	2730.00		131.25	148.00	158.50	178.00	191.25	213.50	223.00	235.00	299.25	324.50	364.00	388.00	399.25	432.00	507.50	578.00	911.00	1095.00	1567.50	
08181800	1029	19621029	20151029	54	526.74	828.50	105.00	5670.00		128.00	152.00	166.25	181.00	190.00	205.50	220.00	254.00	282.75	307.50	331.25	371.00	380.50	409.00	488.25	550.00	809.50	959.50	1970.00	
08181800	1030	19621030	20151030	54	562.87	914.70	99.00	6250.00		120.75	152.50	167.50	184.00	195.75	210.50	226.25	244.00	288.75	331.00	359.25	374.00	395.00	414.50	462.75	535.00	784.25	1155.00	2235.00	
08181800	1031	19621031	20151031	54	644.85	1347.42	111.00	9650.00		118.25	144.00	177.50	197.00	211.25	220.00	239.00	279.00	296.75	309.50	359.50	367.00	380.75	389.00	445.25	745.00	898.00	1039.50	2200.00	
08181800	1101	19621101	20151101	54	655.93	973.07	122.00	4760.00		124.75	152.00	163.25	192.00	200.00	216.50	221.25	256.00	293.00	323.00	343.25	356.00	362.00	386.50	473.50	701.00	1382.50	1690.00	3732.50	
08181800	1102	19621102	20151102	54	644.17	1120.21	127.00	7680.00		130.75	152.50	167.00	176.00	195.25	219.50	227.00	241.00	267.25	297.50	330.50	352.00	363.75	444.50	544.25	749.00	1177.50	1775.00	2042.50	
08181800	1103	19621103	20151103	54	559.37	842.82	133.00	5810.00		139.75	152.00	157.50	167.00	202.75	211.50	222.00	227.00	249.75	294.50	332.50	363.00	390.00	464.50	572.25	739.00	952.75	1265.00	1777.50	
08181800	1104	19621104	20151104	54	708.91	1535.88	119.00	10500.00		128.00	147.50	166.25	186.00	188.00	216.50	221.25	252.00	297.00	330.50	352.75	372.00	428.75	467.50	508.25	622.00	864.50	1240.00	3220.00	
08181800	1105	19621105	20151105	54	776.35	1381.07	107.00	7280.00		136.25	147.50	159.50	186.00	197.00	207.00	231.50	285.00	303.00	338.00	357.25	388.00	448.75	513.00	607.50	734.00	939.75	1430.00	4862.50	
08181800	1106	19621106	20151106	54	670.80	1054.24	114.00	5760.00		134.00	157.00	175.50	195.00	200.00	223.50	247.50	262.00	278.25	304.50	337.50	378.00	418.50	486.00	628.00	872.00	887.50	1320.00	3325.00	
08181800	1107	19621107	20151107	54	518.19	728.34	129.00	4890.00		137.00	154.00	166.25	171.00	196.50	212.50	234.00	246.00	269.75	310.50	328.25	354.00	388.50	420.50	485.25	637.00	722.00	1245.00	1900.00	
08181800	1108	19621108	20151108	54	478.72	489.58	120.00	2950.00		141.25	151.50	163.00	180.00	202.25	221.50	248.00	278.00	290.00	307.50	324.00	350.00	390.50	455.50	546.25	735.00	810.50	1145.00	1402.50	
08181800	1109	19621109	20151109	54	480.70	395.05	109.00	1680.00		128.25	145.50	155.75	189.00	220.00	241.50	258.25	270.00	297.75	327.50	351.50	365.00	424.00	497.50	647.50	787.00	1016.50	1135.00	1342.50	
08181800	1110	19621110	20151110	54	439.87	404.07	111.00	2340.00		135.25	151.00	156.50	191.00	218.00	235.50	253.75	270.00	283.00	307.00	331.75	354.00	381.25	413.00	467.00	645.00	681.50	1022.00	1297.50	
08181800	1111	19621111	20151111	54	396.63	310.93	125.00	1580.00		136.50	148.00	159.50	192.00	215.25	228.50	232.25	233.00	254.75	270.50	285.00	316.00	344.00	397.00	443.25	615.00	699.25	959.50	1100.00	
08181800	1112	19621112	20151112	54	384.30	285.14	128.00	1520.00		135.75	144.00	159.50	204.00	219.75	226.00	235.00	243.00	255.25	265.00	311.25	329.00	370.00	406.00	450.50	586.00	647.75	743.00	1082.50	
08181800	1113	19621113	20151113	54	379.89	288.58	115.00	1460.00		132.75	143.00	157.00	196.00	208.50	221.00	226.25	230.00	253.50	264.00	293.75	319.00	371.50	394.50	445.25	591.00	634.75	683.00	1137.50	
08181800	1114	19621114	20151114	54	399.72	370.52	117.00	2100.00		128.50	148.00	162.25	186.00	206.75	219.00	223.25	233.00	253.25	273.00	300.75	342.00	374.75	388.00	401.25	470.00	602.00	861.50	1405.00	
08181800	1115	19621115	20151115	54	418.19	368.22	133.00	1800.00		144.75	154.00	172.75	199.00	210.50	220.50	232.50	252.00	273.50	285.50	318.75	337.00	366.25	401.50	442.50	586.00	672.25	899.00	1477.50	
08181800	1116	19621116	20151116	54	577.50	972.76	114.00	6980.00		139.50	165.00	188.25	201.00	217.50	229.50	253.50	266.00	301.00	328.00	336.75	374.00	410.25	477.50	575.50	654.00	856.00	1141.50	1707.50	
08181800	1117	19621117	20151117	54	589.65	1061.87	115.00	7250.00		140.75	154.00	184.75	212.00	221.50	232.50	243.00	270.00	292.75	326.50	344.00	373.00	386.25	461.50	530.00	612.00	678.75	1120.00	1915.00	
08181800	1118	19621118	20151118	54	620.48	1241.02	120.00	8990.00		144.00	177.50	206.25	219.00	231.75	246.50	264.00	269.00	311.50	332.50	343.50	377.00	387.00	415.50	468.75	564.00	914.50	1150.00	2142.50	
08181800	1119	19621119	20151119	54	600.04	971.92	133.00	6190.00		147.50	173.00	195.00	213.00	234.25	246.50	254.25	262.00	278.25	309.00	325.50	335.00	369.00	386.00	480.25	616.00	918.50	1295.00	2437.50	
08181800	1120	19621120	20151120	54	544.11	698.21	124.00	4160.00		161.25	169.50	192.50	212.00	218.75	225.50	238.25	246.00	270.75	295.00	327.50	351.00	370.00	427.50	495.25	698.00	972.00	1265.00	2015.00	
08181800	1121	19621121	20151121	54	484.57	537.86	122.00	3340.00		151.50	166.00	189.50	211.00	211.75	230.00	235.50	255.00	268.50	292.50	331.25	352.00	367.25	447.00	495.50	694.00	716.50	1125.00	1565.00	
08181800	1122	19621122	20151122	54	559.26	1243.87	119.00	9350.00		145.50	167.00	184.50	197.00	206.75	241.00	254.50	275.00	285.75	299.50	342.25	370.00	418.00	446.00	571.50	609.00	653.00	848.00	1097.50	
08181800	1123	19621123	20151123	54	699.07	2159.34	128.00	16100.00		151.25	165.50	189.25	200.00	203.25	231.50	246.25	259.00	286.25	316.00	342.50	360.00	375.50	452.00	510.50	587.00	642.25	965.00	1332.50	
08181800	1124	19621124	20151124	54	650.43	1188.63	134.00	7770.00		148.25	169.50	190.25	209.00	216.75	237.00	248.75	270.00	295.00	338.50	360.75	371.00	413.75	498.00	610.50	650.00	870.50	990.50	3345.00	
08181800	1125	19621125	20151125	54	572.37	700.93	131.00	4530.00		147.75	166.00	187.50	211.00	234.00	247.00	259.25	284.00	311.00	344.50	381.50	450.00	479.50	527.50	586.25	723.00	944.50	1190.00	2040.00	
08181800	1126	19621126	20151126	54	521.65	483.58	155.00	3110.00		161.50	183.50	200.25	211.00	231.75	239.00	251.00	276.00	311.00	336.50	363.00	457.00	519.00	555.50	654.50	814.00	976.25	1050.00	1275.00	
08181800	1127	19621127	20151127	54	534.30	474.02	144.00	2640.00		165.25	178.00	206.00	223.00	239.75	253.50	279.25	323.00	338.00	349.50	372.25	443.00	526.25	617.00	692.00	722.00	874.00	1130.00	1695.00	
08181800	1128	19621128	20151128	54	537.24	563.99	141.00	3470.00		151.75	167.00	213.50	232.00	243.00	250.00	266.00	303.00	324.25	339.00	355.75	444.00	530.50	572.50	619.50	658.00	869.50	1034.50	1780.00	
08181800	1129	19621129	20151129	54	453.85	417.44	132.00	2310.00		143.50	160.00	174.50	213.00	232.00	244.50	256.00	280.00	301.75	321.50	339.00	374.00	436.25	487.50	547.25	580.00	635.75	889.50	1317.50	
08181800	1130	19621130	20151130	54	419.56	315.12	122.00	2030.00		144.50	153.00	183.00	204.00	219.00	225.00	244.00	283.00	297.50	334.50	351.25	369.00	450.75	482.00	542.75	629.00	666.25	798.50	938.75	
08181800	1201	19621201	20151201	54	416.91	319.15	115.00	1900.00		146.00	159.50	175.75	197.00	218.75	240.00	254.25	273.00	303.25	326.50	349.75	363.00	433.50	474.50	535.00	552.00	593.75	839.50	1088.50	
08181800	1202	19621202	20151202	54	434.65	314.34	120.00	1790.00		141.50	173.00	198.50	214.00	221.75	242.00	260.50	276.00	311.50	341.50	359.50	422.00	437.50	482.50	521.50	546.00	757.25	936.50	1067.50	
08181800	1203	19621203	20151203	54	474.80	497.11	131.00	3360.00		141.50	177.00	195.50	210.00	216.50	243.50	273.00	315.00	325.00	337.50	368.00	400.00	425.25	476.50	496.00	518.00	756.50	890.00	1402.50	
08181800	1204	19621204	20151204	54	455.67	467.11	121.00	2650.00		137.75	153.50	190.25	217.00	231.25	245.50	264.75	301.00	314.75	327.50	338.75	352.00	389.50	410.50	492.75	509.00	655.50	805.00	1775.00	
08181800	1205	19621205	20151205	54	428.31	330.77	121.00	1640.00		143.50	164.00	195.25	211.00	234.00	263.00	285.75	297.00	309.25	328.00	334.00	350.00	393.75	451.00	498.25	562.00	593.75	782.00	1442.50	
08181800	1206	19621206	20151206	54	426.41	350.02	118.00	1720.00		140.00	162.00	191.00	207.00	217.75	243.50	277.50	290.00	297.25	312.00	328.75	349.00	377.50	410.00	482.00	524.00	596.75	861.00	1555.00	
08181800	1207	19621207	20151207	54	387.87	270.03	117.00	1530.00		135.00	160.00	198.25	208.00	218.25	236.50	246.00	279.00	299.75	314.50	319.25	327.00	356.75	388.50	461.00	518.00	594.00	779.50	1025.00	
08181800	1208	19621208	20151208	54	376.39	261.26	118.00	1470.00		146.00	161.50	189.50	214.00	225.00	232.00	236.75	245.00	268.75	286.50	321.00	326.00	350.75	373.50	447.25	505.00	584.75	777.50	972.50	
08181800	1209	19621209	20151209	54	401.81	360.92	131.00	2320.00		145.75	166.00	208.25	214.00	220.75	236.00	239.25	244.00	257.25	287.50	309.25	329.00	357.25	382.50	436.00	500.00	641.50	749.50	1132.50	
08181800	1210	19621210	20151210	54	390.57	316.29	133.00	1970.00		153.25	175.50	184.50	200.00	215.75	229.50	232.25	240.00	268.00	292.50	307.00	321.00	383.00	408.50	437.00	523.00	613.25	718.00	1029.50	
08181800	1211	19621211	20151211	54	377.19	260.81	141.00	1350.00		153.75	173.00	181.75	197.00	213.25	229.00	235.50	256.00	278.00	287.50	304.50	334.00	377.25	405.50	432.75	488.00	610.25	731.50	1010.00	
08181800	1212	19621212	20151212	54	384.93	278.70	131.00	1470.00		154.25	172.00	187.25	197.00	207.25	226.50	233.50	259.00	273.75	287.00	315.75	335.00	380.75	407.00	419.00	499.00	606.25	738.50	1170.00	
08181800	1213	19621213	20151213	54	416.35	313.17	125.00	1630.00		151.25	158.00	172.25	192.00	205.25	234.00	257.25	266.00	291.50	305.00	322.00	377.00	395.25	426.50	522.75	577.00	708.00	771.50	1282.50	
08181800	1214	19621214	20151214	54	400.46	276.55	121.00	1390.00		146.25	161.00	183.00	202.00	209.25	231.00	263.25	272.00	302.50	315.00	323.00	368.00	411.50	435.00	501.50	561.00	598.25	732.00	1242.50	
08181800	1215	19621215	20151215	54	425.02	306.46	128.00	1600.00		152.75	164.00	183.50	192.00	207.25	249.00	270.00	293.00	324.00	348.50	366.50	385.00	408.25	427.50	476.75	555.00	694.50	825.50	1235.00	
08181800	1216	19621216	20151216	54	445.22	362.63	142.00	1900.00		156.00	167.50	178.50	192.00	218.25	243.50	261.25	272.00	294.25	322.00	334.75	370.00	390.50	432.00	504.50	579.00	719.25	1100.00	1245.00	
08181800	1217	19621217	20151217	54	399.11	285.81	134.00	1500.00		149.50	165.50	171.50	189.00	217.50	222.50	260.50	275.00	284.00	311.00	340.00	347.00	381.75	398.50	451.25	541.00	667.50	752.00	1175.00	
08181800	1218	19621218	20151218	54	395.07	249.35	136.00	1170.00		148.75	165.50	174.00	186.00	210.25	225.00	266.50	275.00	305.50	326.50	336.25	364.00	414.75	453.00	488.25	551.00	674.50	758.00	1021.50	
08181800	1219	19621219	20151219	54	526.50	1039.65	138.00	7800.00		157.75	172.00	179.00	187.00	222.25	235.00	269.50	273.00	305.50	318.50	331.25	341.00	373.50	414.00	485.25	570.00	678.00	831.00	1160.00	
08181800	1220	19621220	20151220	54	552.67	1237.76	139.00	9310.00		150.50	168.00	182.25	202.00	231.00	239.50	270.25	280.00	294.00	314.00	325.00	335.00	404.25	424.50	505.75	589.00	669.25	768.00	1140.00	
08181800	1221	19621221	20151221	54	591.24	1397.28	145.00	10400.00		160.25	170.00	175.25	193.00	229.75	245.00	266.75	279.00	294.50	315.50	320.50	346.00	379.25	425.00	501.00	580.00	654.00	792.00	1407.50	
08181800	1222	19621222	20151222	54	720.65	2173.38	143.00	16100.00		157.50	170.50	180.00	224.00	226.75	235.00	283.25	293.00	307.00	315.50	324.50	345.00	393.25	458.50	506.25	598.00	644.50	852.00	1612.50	
08181800	1223	19621223	20151223	54	619.13	1304.66	149.00	8000.00		158.75	176.50	181.50	188.00	212.50	246.50	274.25	276.00	287.00	317.00	332.00	355.00	400.00	437.00	485.75	526.00	634.75	800.00	2352.50	
08181800	1224	19621224	20151224	54	517.85	716.09	148.00	5000.00		166.25	172.50	177.75	204.00	246.75	259.50	277.50	303.00	310.25	320.50	347.50	396.00	431.25	458.00	521.50	597.00	640.50	982.00	1442.50	
08181800	1225	19621225	20151225	54	439.33	385.86	137.00	2300.00		142.50	158.50	167.25	194.00	238.00	250.00	257.75	288.00	300.00	316.00	341.50	382.00	409.25	451.50	522.75	581.00	631.25	831.00	1292.50	
08181800	1226	19621226	20151226	54	405.69	327.94	123.00	1800.00		135.25	152.00	159.25	187.00	211.25	237.00	252.25	274.00	295.25	298.50	315.75	340.00	368.50	413.50	486.25	578.00	618.00	791.00	1207.50	
08181800	1227	19621227	20151227	54	411.20	292.66	134.00	1700.00		147.50	166.00	174.75	197.00	217.50	258.00	279.75	289.00	300.75	312.00	330.00	342.00	395.00	456.50	520.00	588.00	613.25	828.50	1085.00	
08181800	1228	19621228	20151228	54	425.00	298.06	148.00	1400.00		153.75	171.00	186.00	207.00	221.00	243.50	268.25	282.00	301.50	316.00	331.25	403.00	417.00	468.50	514.75	597.00	645.50	921.50	1245.00	
08181800	1229	19621229	20151229	54	432.22	319.54	144.00	1700.00		161.50	175.00	189.75	221.00	234.50	248.00	275.50	285.00	296.00	313.50	338.75	355.00	402.50	458.50	508.25	602.00	647.50	910.50	1197.50	
08181800	1230	19621230	20151230	54	431.69	307.26	151.00	2000.00		166.50	176.50	208.00	232.00	236.00	251.50	281.00	300.00	315.25	329.50	350.00	396.00	451.25	485.00	531.75	599.00	648.50	798.50	1001.00	
08181800	1231	19621231	20151231	54	463.22	351.81	157.00	1830.00		162.25	175.50	219.50	234.00	249.25	268.00	285.25	304.00	321.25	334.50	351.00	407.00	445.50	479.50	549.00	604.00	724.25	934.50	1377.50	
