site_no	monthday	begin_dt	end_dt	count_nu	mean	std	min	max	p01	p05	p10	p15	p20	p25	p30	p35	p40	p45	p50	p55	p60	p65	p70	p75	p80	p85	p90	p95	p99
08314000	ALL	19540801	20141006	19282	34.83	28.98	0.00	97.00	0.00	0.00	0.00	0.00	0.00	0.00	0.00	11.00	28.00	35.00	39.00	43.00	48.00	53.00	57.00	62.00	66.00	69.00	72.00	75.00	83.00
08314000	0101	19550101	20140101	46	0.00	0.00	0.00	0.01		0.00	0.00	0.00	0.00	0.00	0.00	0.00	0.00	0.00	0.00	0.00	0.00	0.00	0.00	0.00	0.00	0.00	0.00	0.00	
08314000	0102	19550102	20140102	46	0.00		0.00	0.00		0.00	0.00	0.00	0.00	0.00	0.00	0.00	0.00	0.00	0.00	0.00	0.00	0.00	0.00	0.00	0.00	0.00	0.00	0.00	
08314000	0103	19550103	20140103	46	0.00	0.00	0.00	0.01		0.00	0.00	0.00	0.00	0.00	0.00	0.00	0.00	0.00	0.00	0.00	0.00	0.00	0.00	0.00	0.00	0.00	0.00	0.00	
08314000	0104	19550104	20140104	46	0.00	0.00	0.00	0.01		0.00	0.00	0.00	0.00	0.00	0.00	0.00	0.00	0.00	0.00	0.00	0.00	0.00	0.00	0.00	0.00	0.00	0.00	0.00	
08314000	0105	19550105	20140105	46	0.00	0.00	0.00	0.02		0.00	0.00	0.00	0.00	0.00	0.00	0.00	0.00	0.00	0.00	0.00	0.00	0.00	0.00	0.00	0.00	0.00	0.00	0.00	
08314000	0106	19550106	20140106	46	0.00	0.00	0.00	0.01		0.00	0.00	0.00	0.00	0.00	0.00	0.00	0.00	0.00	0.00	0.00	0.00	0.00	0.00	0.00	0.00	0.00	0.00	0.00	
08314000	0107	19550107	20140107	46	0.00	0.00	0.00	0.01		0.00	0.00	0.00	0.00	0.00	0.00	0.00	0.00	0.00	0.00	0.00	0.00	0.00	0.00	0.00	0.00	0.00	0.00	0.00	
08314000	0108	19550108	20140108	46	0.00	0.00	0.00	0.01		0.00	0.00	0.00	0.00	0.00	0.00	0.00	0.00	0.00	0.00	0.00	0.00	0.00	0.00	0.00	0.00	0.00	0.00	0.00	
08314000	0109	19550109	20140109	46	0.00	0.00	0.00	0.01		0.00	0.00	0.00	0.00	0.00	0.00	0.00	0.00	0.00	0.00	0.00	0.00	0.00	0.00	0.00	0.00	0.00	0.00	0.00	
08314000	0110	19550110	20140110	46	0.00	0.00	0.00	0.01		0.00	0.00	0.00	0.00	0.00	0.00	0.00	0.00	0.00	0.00	0.00	0.00	0.00	0.00	0.00	0.00	0.00	0.00	0.00	
08314000	0111	19550111	20140111	46	0.00	0.00	0.00	0.01		0.00	0.00	0.00	0.00	0.00	0.00	0.00	0.00	0.00	0.00	0.00	0.00	0.00	0.00	0.00	0.00	0.00	0.00	0.00	
08314000	0112	19550112	20140112	47	0.00	0.00	0.00	0.01		0.00	0.00	0.00	0.00	0.00	0.00	0.00	0.00	0.00	0.00	0.00	0.00	0.00	0.00	0.00	0.00	0.00	0.00	0.00	
08314000	0113	19550113	20140113	47	0.00	0.00	0.00	0.01		0.00	0.00	0.00	0.00	0.00	0.00	0.00	0.00	0.00	0.00	0.00	0.00	0.00	0.00	0.00	0.00	0.00	0.00	0.00	
08314000	0114	19550114	20140114	47	0.00	0.00	0.00	0.01		0.00	0.00	0.00	0.00	0.00	0.00	0.00	0.00	0.00	0.00	0.00	0.00	0.00	0.00	0.00	0.00	0.00	0.00	0.00	
08314000	0115	19550115	20140115	47	0.00	0.00	0.00	0.01		0.00	0.00	0.00	0.00	0.00	0.00	0.00	0.00	0.00	0.00	0.00	0.00	0.00	0.00	0.00	0.00	0.00	0.00	0.00	
08314000	0116	19550116	20140116	47	0.00	0.00	0.00	0.01		0.00	0.00	0.00	0.00	0.00	0.00	0.00	0.00	0.00	0.00	0.00	0.00	0.00	0.00	0.00	0.00	0.00	0.00	0.00	
08314000	0117	19550117	20140117	47	0.00	0.00	0.00	0.01		0.00	0.00	0.00	0.00	0.00	0.00	0.00	0.00	0.00	0.00	0.00	0.00	0.00	0.00	0.00	0.00	0.00	0.00	0.00	
08314000	0118	19550118	20140118	47	0.00	0.00	0.00	0.01		0.00	0.00	0.00	0.00	0.00	0.00	0.00	0.00	0.00	0.00	0.00	0.00	0.00	0.00	0.00	0.00	0.00	0.00	0.00	
08314000	0119	19550119	20140119	47	0.00		0.00	0.00		0.00	0.00	0.00	0.00	0.00	0.00	0.00	0.00	0.00	0.00	0.00	0.00	0.00	0.00	0.00	0.00	0.00	0.00	0.00	
08314000	0120	19550120	20140120	47	0.00		0.00	0.00		0.00	0.00	0.00	0.00	0.00	0.00	0.00	0.00	0.00	0.00	0.00	0.00	0.00	0.00	0.00	0.00	0.00	0.00	0.00	
08314000	0121	19550121	20140121	47	0.00		0.00	0.00		0.00	0.00	0.00	0.00	0.00	0.00	0.00	0.00	0.00	0.00	0.00	0.00	0.00	0.00	0.00	0.00	0.00	0.00	0.00	
08314000	0122	19550122	20140122	47	0.00		0.00	0.00		0.00	0.00	0.00	0.00	0.00	0.00	0.00	0.00	0.00	0.00	0.00	0.00	0.00	0.00	0.00	0.00	0.00	0.00	0.00	
08314000	0123	19550123	20140123	47	0.00		0.00	0.00		0.00	0.00	0.00	0.00	0.00	0.00	0.00	0.00	0.00	0.00	0.00	0.00	0.00	0.00	0.00	0.00	0.00	0.00	0.00	
08314000	0124	19550124	20140124	47	0.00		0.00	0.00		0.00	0.00	0.00	0.00	0.00	0.00	0.00	0.00	0.00	0.00	0.00	0.00	0.00	0.00	0.00	0.00	0.00	0.00	0.00	
08314000	0125	19550125	20140125	47	0.00	0.00	0.00	0.02		0.00	0.00	0.00	0.00	0.00	0.00	0.00	0.00	0.00	0.00	0.00	0.00	0.00	0.00	0.00	0.00	0.00	0.00	0.00	
08314000	0126	19550126	20140126	47	0.00	0.00	0.00	0.01		0.00	0.00	0.00	0.00	0.00	0.00	0.00	0.00	0.00	0.00	0.00	0.00	0.00	0.00	0.00	0.00	0.00	0.00	0.00	
08314000	0127	19550127	20140127	47	0.00	0.00	0.00	0.01		0.00	0.00	0.00	0.00	0.00	0.00	0.00	0.00	0.00	0.00	0.00	0.00	0.00	0.00	0.00	0.00	0.00	0.00	0.00	
08314000	0128	19550128	20140128	47	0.00	0.00	0.00	0.01		0.00	0.00	0.00	0.00	0.00	0.00	0.00	0.00	0.00	0.00	0.00	0.00	0.00	0.00	0.00	0.00	0.00	0.00	0.00	
08314000	0129	19550129	20140129	47	0.00	0.00	0.00	0.01		0.00	0.00	0.00	0.00	0.00	0.00	0.00	0.00	0.00	0.00	0.00	0.00	0.00	0.00	0.00	0.00	0.00	0.00	0.00	
08314000	0130	19550130	20140130	47	0.00	0.00	0.00	0.01		0.00	0.00	0.00	0.00	0.00	0.00	0.00	0.00	0.00	0.00	0.00	0.00	0.00	0.00	0.00	0.00	0.00	0.00	0.00	
08314000	0131	19550131	20140131	47	0.00	0.00	0.00	0.02		0.00	0.00	0.00	0.00	0.00	0.00	0.00	0.00	0.00	0.00	0.00	0.00	0.00	0.00	0.00	0.00	0.00	0.00	0.00	
08314000	0201	19550201	20140201	47	0.00	0.00	0.00	0.02		0.00	0.00	0.00	0.00	0.00	0.00	0.00	0.00	0.00	0.00	0.00	0.00	0.00	0.00	0.00	0.00	0.00	0.00	0.00	
08314000	0202	19550202	20140202	47	0.00	0.00	0.00	0.02		0.00	0.00	0.00	0.00	0.00	0.00	0.00	0.00	0.00	0.00	0.00	0.00	0.00	0.00	0.00	0.00	0.00	0.00	0.00	
08314000	0203	19550203	20140203	47	0.00	0.00	0.00	0.03		0.00	0.00	0.00	0.00	0.00	0.00	0.00	0.00	0.00	0.00	0.00	0.00	0.00	0.00	0.00	0.00	0.00	0.00	0.00	
08314000	0204	19550204	20140204	47	0.00	0.00	0.00	0.03		0.00	0.00	0.00	0.00	0.00	0.00	0.00	0.00	0.00	0.00	0.00	0.00	0.00	0.00	0.00	0.00	0.00	0.00	0.00	
08314000	0205	19550205	20140205	47	0.00	0.00	0.00	0.03		0.00	0.00	0.00	0.00	0.00	0.00	0.00	0.00	0.00	0.00	0.00	0.00	0.00	0.00	0.00	0.00	0.00	0.00	0.00	
08314000	0206	19550206	20140206	47	0.00	0.00	0.00	0.03		0.00	0.00	0.00	0.00	0.00	0.00	0.00	0.00	0.00	0.00	0.00	0.00	0.00	0.00	0.00	0.00	0.00	0.00	0.00	
08314000	0207	19550207	20140207	47	0.00	0.00	0.00	0.03		0.00	0.00	0.00	0.00	0.00	0.00	0.00	0.00	0.00	0.00	0.00	0.00	0.00	0.00	0.00	0.00	0.00	0.00	0.00	
08314000	0208	19550208	20140208	47	0.00	0.00	0.00	0.03		0.00	0.00	0.00	0.00	0.00	0.00	0.00	0.00	0.00	0.00	0.00	0.00	0.00	0.00	0.00	0.00	0.00	0.00	0.00	
08314000	0209	19550209	20140209	47	0.00	0.00	0.00	0.03		0.00	0.00	0.00	0.00	0.00	0.00	0.00	0.00	0.00	0.00	0.00	0.00	0.00	0.00	0.00	0.00	0.00	0.00	0.00	
08314000	0210	19550210	20140210	47	0.00	0.02	0.00	0.12		0.00	0.00	0.00	0.00	0.00	0.00	0.00	0.00	0.00	0.00	0.00	0.00	0.00	0.00	0.00	0.00	0.00	0.00	0.01	
08314000	0211	19550211	20140211	47	0.01	0.05	0.00	0.31		0.00	0.00	0.00	0.00	0.00	0.00	0.00	0.00	0.00	0.00	0.00	0.00	0.00	0.00	0.00	0.00	0.00	0.00	0.01	
08314000	0212	19550212	20140212	47	0.01	0.05	0.00	0.36		0.00	0.00	0.00	0.00	0.00	0.00	0.00	0.00	0.00	0.00	0.00	0.00	0.00	0.00	0.00	0.00	0.00	0.00	0.01	
08314000	0213	19550213	20140213	47	0.01	0.06	0.00	0.41		0.00	0.00	0.00	0.00	0.00	0.00	0.00	0.00	0.00	0.00	0.00	0.00	0.00	0.00	0.00	0.00	0.00	0.00	0.01	
08314000	0214	19550214	20140214	47	0.01	0.06	0.00	0.40		0.00	0.00	0.00	0.00	0.00	0.00	0.00	0.00	0.00	0.00	0.00	0.00	0.00	0.00	0.00	0.00	0.00	0.00	0.02	
08314000	0215	19550215	20140215	47	0.01	0.06	0.00	0.41		0.00	0.00	0.00	0.00	0.00	0.00	0.00	0.00	0.00	0.00	0.00	0.00	0.00	0.00	0.00	0.00	0.00	0.00	0.01	
08314000	0216	19550216	20140216	47	0.01	0.06	0.00	0.40		0.00	0.00	0.00	0.00	0.00	0.00	0.00	0.00	0.00	0.00	0.00	0.00	0.00	0.00	0.00	0.00	0.00	0.00	0.01	
08314000	0217	19550217	20140217	47	0.01	0.05	0.00	0.31		0.00	0.00	0.00	0.00	0.00	0.00	0.00	0.00	0.00	0.00	0.00	0.00	0.00	0.00	0.00	0.00	0.00	0.00	0.01	
08314000	0218	19550218	20140218	47	0.01	0.05	0.00	0.31		0.00	0.00	0.00	0.00	0.00	0.00	0.00	0.00	0.00	0.00	0.00	0.00	0.00	0.00	0.00	0.00	0.00	0.00	0.01	
08314000	0219	19550219	20140219	47	1.00	6.86	0.00	47.00		0.00	0.00	0.00	0.00	0.00	0.00	0.00	0.00	0.00	0.00	0.00	0.00	0.00	0.00	0.00	0.00	0.00	0.00	0.01	
08314000	0220	19550220	20140220	47	1.30	8.90	0.00	61.00		0.00	0.00	0.00	0.00	0.00	0.00	0.00	0.00	0.00	0.00	0.00	0.00	0.00	0.00	0.00	0.00	0.00	0.00	0.01	
08314000	0221	19550221	20140221	47	0.89	6.13	0.00	42.00		0.00	0.00	0.00	0.00	0.00	0.00	0.00	0.00	0.00	0.00	0.00	0.00	0.00	0.00	0.00	0.00	0.00	0.00	0.01	
08314000	0222	19550222	20140222	47	0.77	5.25	0.00	36.00		0.00	0.00	0.00	0.00	0.00	0.00	0.00	0.00	0.00	0.00	0.00	0.00	0.00	0.00	0.00	0.00	0.00	0.00	0.01	
08314000	0223	19550223	20140223	47	0.77	5.25	0.00	36.00		0.00	0.00	0.00	0.00	0.00	0.00	0.00	0.00	0.00	0.00	0.00	0.00	0.00	0.00	0.00	0.00	0.00	0.00	0.01	
08314000	0224	19550224	20140224	47	0.75	5.11	0.00	35.00		0.00	0.00	0.00	0.00	0.00	0.00	0.00	0.00	0.00	0.00	0.00	0.00	0.00	0.00	0.00	0.00	0.00	0.00	0.01	
08314000	0225	19550225	20140225	47	0.72	4.96	0.00	34.00		0.00	0.00	0.00	0.00	0.00	0.00	0.00	0.00	0.00	0.00	0.00	0.00	0.00	0.00	0.00	0.00	0.00	0.00	0.01	
08314000	0226	19550226	20140226	47	1.28	6.18	0.00	34.00		0.00	0.00	0.00	0.00	0.00	0.00	0.00	0.00	0.00	0.00	0.00	0.00	0.00	0.00	0.00	0.00	0.00	0.00	15.61	
08314000	0227	19550227	20140227	47	1.79	8.69	0.00	49.00		0.00	0.00	0.00	0.00	0.00	0.00	0.00	0.00	0.00	0.00	0.00	0.00	0.00	0.00	0.00	0.00	0.00	0.00	21.01	
08314000	0228	19550228	20140228	47	2.00	9.91	0.00	59.00		0.00	0.00	0.00	0.00	0.00	0.00	0.00	0.00	0.00	0.00	0.00	0.00	0.00	0.00	0.00	0.00	0.00	0.00	21.01	
08314000	0229	19560229	20120229	11	3.27	10.85	0.00	36.00			0.00	0.00	0.00	0.00	0.00	0.00	0.00	0.00	0.00	0.00	0.00	0.00	0.00	0.00	0.00	7.20	28.80		
08314000	0301	19550301	20140301	52	5.23	15.06	0.00	65.00		0.00	0.00	0.00	0.00	0.00	0.00	0.00	0.00	0.00	0.00	0.00	0.00	0.00	0.00	0.00	0.00	0.66	30.20	51.25	
08314000	0302	19550302	20140302	52	9.39	20.87	0.00	70.00		0.00	0.00	0.00	0.00	0.00	0.00	0.00	0.00	0.00	0.00	0.00	0.00	0.00	0.00	0.00	7.29	35.05	53.10	66.75	
08314000	0303	19550303	20140303	54	13.69	23.20	0.00	73.00		0.00	0.00	0.00	0.00	0.00	0.00	0.00	0.00	0.00	0.00	0.00	0.00	0.00	10.01	31.00	36.00	41.75	59.50	68.50	
08314000	0304	19550304	20140304	55	16.79	25.13	0.00	71.00		0.00	0.00	0.00	0.00	0.00	0.00	0.00	0.00	0.00	0.00	0.00	0.01	9.74	30.40	34.00	40.00	56.00	65.00	67.60	
08314000	0305	19550305	20140305	55	20.26	25.02	0.00	72.00		0.00	0.00	0.00	0.00	0.00	0.00	0.00	0.00	0.00	0.01	14.43	25.20	30.80	34.40	41.00	46.20	56.80	64.40	66.20	
08314000	0306	19550306	20140306	55	25.46	26.96	0.00	72.00		0.00	0.00	0.00	0.00	0.00	0.00	0.00	0.00	0.02	30.00	34.60	36.00	40.00	45.20	47.00	58.80	63.00	65.40	66.40	
08314000	0307	19550307	20140307	55	27.99	28.61	0.00	86.00		0.00	0.00	0.00	0.00	0.00	0.00	0.00	0.00	4.39	30.00	34.80	38.20	40.00	46.20	57.00	63.00	65.00	67.80	73.00	
08314000	0308	19550308	20140308	55	31.13	28.82	0.00	86.00		0.00	0.00	0.00	0.00	0.00	0.00	0.00	8.13	33.40	36.00	37.00	40.00	42.00	46.80	59.00	63.00	65.60	70.60	77.80	
08314000	0309	19550309	20140309	55	32.97	28.15	0.00	86.00		0.00	0.00	0.00	0.00	0.00	0.00	7.28	27.60	33.40	36.00	37.00	42.80	46.00	49.60	62.00	63.00	65.20	70.20	78.00	
08314000	0310	19550310	20140310	55	34.49	27.55	0.00	86.00		0.00	0.00	0.00	0.00	0.00	0.17	23.80	30.40	35.00	36.00	37.80	43.40	45.40	56.00	61.00	63.60	67.80	70.40	78.00	
08314000	0311	19550311	20140311	55	36.11	26.12	0.00	87.00		0.00	0.00	0.00	0.00	0.00	28.40	30.00	31.80	35.00	36.00	38.60	42.60	45.40	53.80	58.00	63.00	65.20	70.40	78.00	
08314000	0312	19550312	20140312	55	36.71	27.06	0.00	88.00		0.00	0.00	0.00	0.00	0.00	26.00	30.60	33.80	35.00	36.00	39.80	42.20	53.40	56.00	59.00	63.00	67.00	73.00	77.20	
08314000	0313	19550313	20140313	55	38.35	25.53	0.00	86.00		0.00	0.00	0.00	0.00	24.00	29.60	31.00	33.80	36.00	37.00	40.00	41.60	53.80	55.20	62.00	64.00	68.60	72.40	75.60	
08314000	0314	19550314	20140314	55	39.89	24.19	0.00	83.00		0.00	0.00	0.00	17.60	31.00	32.80	34.60	36.00	37.00	40.00	41.00	47.00	54.00	56.20	61.00	64.60	66.00	70.00	75.00	
08314000	0315	19550315	20140315	55	39.84	24.01	0.00	83.00		0.00	0.00	0.00	16.00	30.00	33.00	35.00	36.00	37.20	40.00	40.80	43.60	54.00	56.60	61.00	63.60	65.00	70.80	74.40	
08314000	0316	19550316	20140316	55	41.98	22.31	0.00	83.00		0.00	0.00	21.40	24.20	33.00	34.80	36.00	37.40	39.20	41.00	41.80	46.40	54.00	56.60	61.00	63.80	64.60	73.40	75.40	
08314000	0317	19550317	20140317	55	43.67	22.37	0.00	84.00		0.00	0.00	27.00	31.40	34.00	35.80	36.60	38.00	39.00	40.00	41.00	47.20	54.80	61.00	64.00	65.00	66.00	74.00	77.00	
08314000	0318	19550318	20140318	55	44.80	21.41	0.00	85.00		0.00	15.60	26.40	29.20	34.00	35.00	36.00	37.80	39.20	41.00	42.80	47.60	55.40	62.40	65.00	66.00	69.40	74.00	77.00	
08314000	0319	19550319	20140319	55	44.60	21.49	0.00	85.00		0.00	12.60	28.40	31.20	34.00	35.00	36.00	37.80	40.00	40.00	41.00	48.40	55.40	61.40	65.00	65.00	69.80	74.00	76.20	
08314000	0320	19550320	20140320	55	45.22	19.57	0.00	86.00		8.80	22.40	27.80	32.20	34.00	34.80	37.00	37.40	39.00	40.00	40.80	49.40	52.00	58.60	62.00	65.80	69.80	73.40	75.60	
08314000	0321	19550321	20140321	55	45.33	19.94	0.00	87.00		0.00	23.40	28.80	32.20	34.00	35.00	36.00	37.00	39.00	40.00	42.60	50.00	53.40	56.80	62.00	66.80	69.60	73.40	75.00	
08314000	0322	19550322	20140322	55	45.35	20.51	0.00	88.00		0.00	22.80	30.40	32.40	35.00	35.80	36.60	38.40	39.00	40.00	42.80	51.20	54.00	56.00	64.00	66.00	69.60	73.00	75.20	
08314000	0323	19550323	20140323	55	46.07	20.35	0.00	88.00		0.00	18.60	29.80	31.60	35.00	36.00	38.00	39.40	40.20	41.00	44.80	51.20	53.40	60.00	65.00	66.80	70.60	73.40	75.00	
08314000	0324	19550324	20140324	55	47.85	18.59	0.00	88.00		15.20	30.20	32.00	34.20	36.00	36.80	38.00	39.80	42.00	44.00	46.00	52.00	54.00	60.20	65.00	66.80	71.80	73.40	74.60	
08314000	0325	19550325	20140325	55	47.91	19.43	0.00	89.00		2.24	29.60	32.00	35.00	35.00	36.00	37.00	39.20	42.40	45.00	48.60	52.20	58.80	62.00	65.00	68.80	70.00	73.40	74.80	
08314000	0326	19550326	20140326	55	47.25	20.83	0.00	89.00		0.00	22.40	32.80	34.20	35.00	36.00	38.60	40.00	41.40	45.00	47.80	53.00	58.40	60.60	64.00	68.60	71.20	74.00	76.40	
08314000	0327	19550327	20140327	55	48.00	19.53	0.00	89.00		5.52	29.20	32.80	34.20	36.00	36.80	37.00	39.00	41.00	44.00	46.80	53.00	56.00	62.40	65.00	69.80	72.00	74.00	75.20	
08314000	0328	19550328	20140328	55	47.91	19.80	0.00	88.00		0.00	29.60	32.00	34.20	36.00	36.80	37.00	41.40	44.00	44.00	46.80	53.60	55.40	63.20	65.00	67.60	71.00	74.00	76.60	
08314000	0329	19550329	20140329	55	47.85	19.81	0.00	88.00		0.00	26.60	29.20	33.20	35.00	35.80	39.20	42.80	45.00	45.00	47.80	53.20	56.20	63.00	65.00	67.60	70.00	74.00	77.00	
08314000	0330	19550330	20140330	55	46.53	20.70	0.00	88.00		0.00	22.00	28.80	33.00	35.00	36.00	39.20	40.40	43.20	44.00	46.60	52.20	56.00	61.40	65.00	67.80	69.00	72.40	76.00	
08314000	0331	19550331	20140331	55	48.00	18.78	0.00	86.00		9.60	27.60	32.00	32.40	35.00	37.00	40.60	42.40	44.00	45.00	46.80	52.60	57.00	61.20	65.00	68.00	69.00	71.40	76.00	
08314000	0401	19550401	20140401	55	49.11	17.06	0.11	85.00		24.20	31.00	33.40	35.20	36.00	37.80	40.20	42.00	43.20	46.00	47.00	53.00	57.00	62.20	65.00	68.00	69.60	70.80	73.60	
08314000	0402	19550402	20140402	55	49.35	17.91	0.00	86.00		12.02	33.00	34.00	35.00	37.00	39.00	40.00	43.00	44.60	48.00	53.00	55.00	58.40	62.00	64.00	67.60	69.60	71.40	73.60	
08314000	0403	19550403	20140403	55	49.57	17.70	0.00	87.00		18.24	29.60	33.40	34.20	37.00	39.00	41.80	43.00	46.20	47.00	53.00	54.60	59.80	62.00	64.00	65.00	70.00	72.40	74.40	
08314000	0404	19550404	20140404	55	50.73	16.96	0.00	87.00		23.60	31.80	35.40	37.20	38.00	42.00	43.00	44.00	47.00	49.00	51.80	53.60	60.80	64.00	65.00	66.80	70.20	72.40	75.20	
08314000	0405	19550405	20140405	55	51.22	17.52	0.00	87.00		19.20	31.80	35.00	36.00	40.00	40.00	43.60	46.40	48.00	51.00	53.00	55.20	62.80	65.00	67.00	69.40	70.00	73.00	75.20	
08314000	0406	19550406	20140406	55	52.05	16.84	0.00	86.00		24.60	33.00	35.40	37.20	40.00	41.80	44.00	45.40	48.60	51.00	53.00	57.00	62.80	66.20	67.00	69.60	71.00	72.40	74.40	
08314000	0407	19550407	20140407	55	52.03	16.59	8.70	86.00		26.00	32.60	35.40	37.40	39.00	41.60	44.20	46.00	48.40	51.00	53.80	56.40	62.00	63.40	67.00	69.00	70.60	73.40	76.00	
08314000	0408	19550408	20140408	55	50.87	18.15	0.00	87.00		20.18	29.20	34.00	36.00	37.00	40.20	42.60	45.00	47.20	52.00	53.80	55.60	60.20	63.60	68.00	70.00	71.00	73.40	75.40	
08314000	0409	19550409	20140409	55	50.73	19.85	0.00	86.00		0.00	29.60	32.80	36.20	39.00	41.80	43.60	46.20	48.20	49.00	54.00	56.20	62.00	68.00	69.00	70.00	72.60	74.40	75.40	
08314000	0410	19550410	20140410	55	52.27	17.59	14.00	85.00		19.60	29.60	32.80	37.20	40.00	42.00	43.00	46.20	48.00	51.00	54.80	57.60	60.20	66.40	70.00	71.80	74.00	75.00	76.20	
08314000	0411	19550411	20140411	55	52.89	17.29	0.00	82.00		27.20	32.80	37.00	38.00	40.00	41.00	42.60	47.40	49.00	53.00	55.80	58.60	62.00	66.60	70.00	71.00	72.60	74.00	76.00	
08314000	0412	19550412	20140412	55	52.55	17.50	0.00	81.00		19.40	31.80	35.80	39.20	40.00	41.80	43.00	47.40	49.20	53.00	56.60	60.60	62.00	66.20	69.00	70.00	72.20	74.40	75.40	
08314000	0413	19550413	20140413	55	52.69	17.71	0.00	81.00		24.00	30.00	36.40	39.00	40.00	42.80	44.60	46.40	49.00	52.00	55.80	60.60	63.00	66.20	68.00	69.80	73.00	74.20	77.00	
08314000	0414	19550414	20140414	55	52.38	19.49	0.00	82.00		0.07	30.60	37.20	40.00	40.00	43.00	44.00	47.00	49.00	53.00	56.00	60.60	63.40	67.20	68.00	70.80	73.60	76.00	76.20	
08314000	0415	19550415	20140415	55	52.93	17.45	16.00	81.00		21.80	29.00	35.40	37.00	40.00	42.00	43.00	45.40	48.00	51.00	56.00	61.40	65.00	67.20	69.00	72.00	73.60	75.00	77.20	
08314000	0416	19550416	20140416	55	52.80	19.58	0.00	81.00		4.00	30.00	36.40	39.00	41.00	42.00	44.60	46.40	49.20	53.00	56.00	62.00	66.40	68.00	70.00	72.00	73.60	75.00	78.40	
08314000	0417	19550417	20140417	55	52.74	19.11	0.00	81.00		17.16	30.20	32.40	36.40	40.00	41.00	45.00	46.80	49.20	53.00	55.80	60.80	66.40	68.00	70.00	71.80	73.20	75.00	79.20	
08314000	0418	19550418	20140418	55	52.25	20.49	0.00	81.00		0.00	22.60	33.80	40.00	42.00	43.00	45.60	46.80	49.20	54.00	55.80	60.00	65.20	69.20	71.00	72.00	73.00	74.00	79.20	
08314000	0419	19550419	20140419	55	52.22	20.70	0.00	81.00		0.00	22.60	31.40	40.00	41.00	44.00	46.60	47.80	51.20	53.00	55.80	57.00	66.40	70.00	71.00	72.00	73.60	74.40	78.20	
08314000	0420	19550420	20140420	55	53.31	20.23	0.00	81.00		0.00	30.00	36.40	40.00	43.00	45.80	48.00	49.00	51.20	54.00	56.00	64.20	67.00	68.20	71.00	73.00	73.60	74.40	78.00	
08314000	0421	19550421	20140421	55	54.05	19.71	0.00	85.00		0.00	30.80	38.00	40.00	41.00	44.80	47.20	49.80	52.60	56.00	56.80	64.80	67.00	69.20	71.00	73.00	73.00	74.40	77.00	
08314000	0422	19550422	20140422	55	54.51	19.39	0.00	88.00		7.84	33.60	36.80	40.20	45.00	46.60	48.60	49.40	51.20	55.00	55.80	65.60	68.20	71.00	72.00	73.00	73.60	74.00	77.00	
08314000	0423	19550423	20140423	55	53.77	21.42	0.00	89.00		2.08	23.00	36.40	41.00	44.00	45.80	48.60	49.00	50.40	55.00	55.80	66.00	69.40	71.20	73.00	73.00	73.60	74.40	78.20	
08314000	0424	19550424	20140424	55	54.11	19.94	0.00	88.00		0.00	31.60	35.80	40.20	42.00	46.40	48.60	50.40	51.20	54.00	56.80	66.60	67.00	69.00	71.00	73.00	73.00	74.00	76.60	
08314000	0425	19550425	20140425	55	54.31	19.08	0.00	86.00		6.40	31.20	38.00	41.00	42.00	46.00	48.60	50.00	51.20	55.00	56.80	66.00	67.00	68.20	69.00	72.80	73.00	74.00	77.40	
08314000	0426	19550426	20140426	55	55.55	17.34	0.00	83.00		25.80	31.20	37.40	41.20	42.00	47.60	49.60	51.00	53.00	55.00	57.80	66.60	67.00	69.00	70.00	72.80	74.00	74.40	78.60	
08314000	0427	19550427	20140427	55	55.22	17.96	0.00	82.00		21.20	32.60	35.00	40.20	42.00	47.60	49.00	50.40	53.20	56.00	58.00	66.00	67.00	67.40	71.00	72.80	74.00	75.00	78.60	
08314000	0428	19550428	20140428	55	54.46	18.87	0.00	77.00		4.32	30.60	38.40	42.00	45.00	47.60	49.20	50.80	54.00	57.00	58.80	66.00	66.40	67.20	71.00	71.80	73.60	74.40	75.40	
08314000	0429	19550429	20140429	55	54.18	18.24	0.00	79.00		15.18	30.60	36.80	42.00	43.00	44.80	48.60	50.40	52.00	55.00	58.80	66.00	66.40	68.20	70.00	71.00	72.00	74.00	74.20	
08314000	0430	19550430	20140430	55	54.47	19.12	0.00	85.00		16.00	29.20	36.20	38.20	43.00	46.60	49.00	50.80	52.00	55.00	58.80	66.00	68.40	69.20	70.00	71.00	72.60	74.40	78.20	
08314000	0501	19550501	20140501	55	54.07	19.92	0.00	89.00		2.08	31.00	34.00	40.20	43.00	45.80	48.00	51.40	53.40	55.00	57.80	65.60	68.40	70.00	71.00	72.00	73.00	74.00	75.20	
08314000	0502	19550502	20140502	55	53.84	19.61	0.00	90.00		0.00	34.20	37.40	39.20	40.00	43.00	46.20	48.20	52.00	54.00	58.60	65.60	67.40	69.20	70.00	71.80	73.60	74.40	76.00	
08314000	0503	19550503	20140503	55	55.25	18.08	0.00	89.00		22.80	32.20	37.20	40.00	42.00	42.80	46.20	50.00	53.00	59.00	59.80	65.60	67.40	70.00	71.00	73.80	74.00	75.40	76.20	
08314000	0504	19550504	20140504	55	54.76	19.31	0.00	88.00		16.80	27.20	34.60	42.00	43.00	46.40	47.60	50.00	53.20	57.00	62.40	65.60	67.00	70.00	72.00	72.80	74.00	74.00	75.60	
08314000	0505	19550505	20140505	55	53.36	21.53	0.00	88.00		0.00	14.20	35.00	42.00	43.00	47.00	49.60	50.80	54.00	57.00	62.60	64.00	66.00	69.00	70.00	72.00	72.60	74.40	76.00	
08314000	0506	19550506	20140506	55	55.36	18.51	0.00	93.00		20.80	25.20	38.00	42.20	44.00	47.80	49.20	52.40	53.20	57.00	61.80	64.60	67.40	70.00	72.00	72.00	72.60	74.00	75.80	
08314000	0507	19550507	20140507	55	55.95	18.51	0.00	97.00		20.00	32.20	38.40	42.20	47.00	47.80	50.60	52.00	55.00	57.00	60.80	66.00	68.40	69.40	71.00	72.00	72.00	74.00	75.60	
08314000	0508	19550508	20140508	55	55.49	18.71	0.00	97.00		22.00	29.60	32.80	37.00	43.00	48.00	51.20	53.00	54.20	57.00	61.80	65.60	68.00	70.00	71.00	72.00	73.00	74.40	75.80	
08314000	0509	19550509	20140509	55	55.18	19.87	0.00	95.00		0.00	33.80	35.80	40.40	43.00	47.00	48.00	52.00	54.20	57.00	60.40	65.80	69.00	71.00	71.00	72.00	73.60	74.40	76.80	
08314000	0510	19550510	20140510	55	55.15	19.54	0.00	96.00		20.80	30.60	33.00	36.20	39.00	47.60	49.80	53.40	55.20	57.00	60.60	65.80	67.40	70.00	71.00	72.00	74.00	75.40	78.40	
08314000	0511	19550511	20140511	55	55.00	19.48	0.00	96.00		17.60	27.80	32.40	38.00	43.00	48.80	51.20	54.00	55.20	57.00	60.80	63.20	67.00	67.20	70.00	71.80	73.60	74.40	79.20	
08314000	0512	19550512	20140512	55	55.45	20.12	0.00	94.00		0.80	27.00	39.40	43.00	46.00	49.00	52.00	54.00	56.00	57.00	59.00	62.20	67.00	68.00	70.00	72.00	74.00	77.20	81.00	
08314000	0513	19550513	20140513	55	56.31	17.15	12.00	89.00		21.80	32.00	36.40	42.00	44.00	47.60	50.60	54.00	56.00	57.00	59.00	61.60	66.40	68.60	71.00	71.80	73.60	75.80	82.00	
08314000	0514	19550514	20140514	55	55.41	19.59	0.00	89.00		5.70	26.80	36.40	42.20	45.00	47.60	50.60	54.40	56.20	59.00	60.80	63.60	67.00	68.40	71.00	72.00	73.60	74.40	81.80	
08314000	0515	19550515	20140515	55	55.87	19.33	0.00	92.00		20.40	29.40	32.00	35.80	43.00	47.60	51.00	53.40	55.20	58.00	59.80	67.00	69.40	71.00	71.00	72.00	73.60	76.00	83.40	
08314000	0516	19550516	20140516	55	55.96	20.33	0.00	94.00		0.00	30.60	40.00	42.00	43.00	46.00	50.00	51.00	54.20	57.00	60.00	66.60	69.40	71.00	72.00	73.00	75.00	76.40	83.40	
08314000	0517	19550517	20140517	55	55.56	19.88	0.00	90.00		17.60	27.60	33.00	41.20	43.00	45.60	50.00	51.00	55.20	57.00	60.00	67.00	70.00	70.20	72.00	72.00	74.00	75.40	84.20	
08314000	0518	19550518	20140518	55	55.85	19.32	0.00	88.00		14.40	33.20	40.40	41.20	42.00	43.80	48.60	51.40	54.40	57.00	59.80	67.00	70.40	71.00	71.00	72.00	73.60	76.00	84.00	
08314000	0519	19550519	20140519	55	56.27	20.10	0.00	88.00		0.00	29.20	41.80	43.00	45.00	48.00	51.60	53.40	56.00	59.00	61.00	66.20	68.40	70.20	71.00	72.00	73.60	77.40	85.20	
08314000	0520	19550520	20140520	55	57.71	18.15	0.00	92.00		19.20	32.80	42.40	44.00	47.00	50.80	52.00	55.40	57.00	59.00	60.80	63.20	67.80	71.00	72.00	73.00	74.60	76.00	86.60	
08314000	0521	19550521	20140521	55	57.07	19.23	0.00	92.00		15.62	29.20	40.00	45.20	48.00	51.40	53.60	54.40	56.20	57.00	61.40	64.40	67.80	71.00	71.00	72.80	74.00	75.80	86.80	
08314000	0522	19550522	20140522	55	56.36	18.35	0.00	88.00		23.20	29.20	32.80	42.20	45.00	49.00	53.00	53.80	57.20	58.00	60.80	64.20	66.40	69.40	72.00	72.00	73.60	75.40	84.20	
08314000	0523	19550523	20140523	55	55.60	19.37	0.00	88.00		0.00	31.00	38.60	44.20	46.00	47.80	51.60	53.40	55.20	58.00	59.60	63.60	66.00	68.60	71.00	72.00	73.60	74.00	79.40	
08314000	0524	19550524	20140524	55	55.60	18.79	0.00	89.00		16.00	29.60	38.00	42.20	45.00	47.60	52.20	54.20	57.00	58.00	61.40	63.00	65.40	68.00	71.00	72.00	72.60	74.00	79.40	
08314000	0525	19550525	20140525	55	54.73	19.56	0.00	89.00		0.00	27.60	38.80	42.20	43.00	46.40	50.60	53.00	57.00	58.00	59.00	63.00	66.40	68.20	70.00	71.00	72.60	73.40	76.20	
08314000	0526	19550526	20140526	55	53.64	21.56	0.00	89.00		0.00	20.60	31.20	35.20	43.00	50.60	52.20	53.40	56.20	58.00	58.80	62.20	66.80	69.00	70.00	72.00	73.00	74.00	78.40	
08314000	0527	19550527	20140527	55	54.99	19.88	0.00	86.00		12.88	25.40	31.00	40.60	45.00	49.80	51.60	53.40	54.00	56.00	58.80	63.00	66.80	69.00	70.00	72.00	74.00	77.80	80.00	
08314000	0528	19550528	20140528	55	54.15	21.98	0.00	84.00		0.08	16.00	34.40	40.80	45.00	48.40	51.60	53.40	54.60	58.00	59.00	63.60	68.00	69.20	71.00	72.00	74.00	77.40	82.40	
08314000	0529	19550529	20140529	55	52.86	22.95	0.00	84.00		0.00	6.84	30.80	36.20	43.00	45.80	49.60	52.40	54.00	58.00	59.00	62.60	67.00	69.20	71.00	73.40	74.60	76.00	80.80	
08314000	0530	19550530	20140530	55	53.58	21.45	0.00	84.00		0.00	22.60	29.40	36.80	43.00	45.60	50.00	51.80	54.00	56.00	59.00	63.00	67.40	69.00	70.00	72.00	74.60	76.00	80.80	
08314000	0531	19550531	20140531	55	54.96	19.49	0.00	84.00		19.20	27.60	31.40	38.60	43.00	48.80	50.00	52.00	53.20	57.00	59.00	65.40	68.00	69.00	71.00	72.80	74.00	75.80	82.20	
08314000	0601	19550601	20140601	55	54.29	20.49	0.00	85.00		0.00	25.80	34.00	39.40	44.00	48.00	50.20	52.00	52.40	54.00	57.20	61.80	67.40	69.20	72.00	72.80	73.00	76.40	83.20	
08314000	0602	19550602	20140602	55	52.94	23.84	0.00	86.00		0.00	5.94	22.60	37.80	42.00	47.80	51.00	52.00	54.00	58.00	60.80	63.00	67.40	71.20	72.00	73.00	75.20	76.40	80.80	
08314000	0603	19550603	20140603	55	53.97	21.98	0.00	86.00		2.40	18.60	22.40	42.40	47.00	48.00	49.00	54.40	55.00	57.00	59.00	62.20	67.40	69.40	72.00	72.80	74.20	76.40	82.60	
08314000	0604	19550604	20140604	55	55.60	20.59	0.00	86.00		1.76	26.20	37.60	45.00	48.00	48.80	50.00	52.40	54.20	56.00	59.80	64.80	68.00	71.00	71.00	73.00	76.00	77.00	83.60	
08314000	0605	19550605	20140605	55	55.12	20.33	0.00	85.00		4.40	25.40	33.00	43.40	46.00	48.60	50.00	51.60	55.00	58.00	59.00	63.00	67.00	68.60	71.00	72.80	73.60	78.00	83.40	
08314000	0606	19550606	20140606	55	53.78	22.21	0.00	87.00		0.00	21.20	32.80	39.20	43.00	45.00	49.60	51.80	54.20	56.00	59.00	63.00	67.40	69.20	71.00	72.80	74.00	77.40	85.20	
08314000	0607	19550607	20140607	55	54.58	19.80	0.00	86.00		16.00	28.80	33.40	38.00	39.00	44.00	47.60	52.40	54.40	58.00	60.60	63.60	67.00	70.20	71.00	72.80	73.00	75.00	82.60	
08314000	0608	19550608	20140608	55	54.64	19.67	0.00	87.00		19.20	31.60	33.00	36.20	38.00	44.00	46.60	51.80	54.40	58.00	61.40	64.60	67.00	68.60	71.00	72.00	73.60	75.20	82.60	
08314000	0609	19550609	20140609	55	53.85	23.08	0.00	86.00		0.00	9.89	35.40	39.20	43.00	45.60	49.20	53.00	54.60	58.00	62.00	63.60	67.80	71.00	72.00	73.60	74.60	77.40	83.20	
08314000	0610	19550610	20140610	55	56.24	18.87	15.00	86.00		20.60	25.60	34.80	41.20	43.00	44.80	48.60	51.40	53.60	58.00	62.00	65.20	68.20	71.20	72.00	72.80	76.20	78.80	84.40	
08314000	0611	19550611	20140611	55	56.71	19.72	0.00	86.00		10.40	30.00	38.60	42.00	46.00	48.80	50.60	53.40	56.20	62.00	63.00	65.00	68.20	70.20	72.00	73.80	75.80	77.40	82.80	
08314000	0612	19550612	20140612	55	57.00	18.35	0.00	85.00		21.60	30.60	37.80	40.00	44.00	50.80	52.00	53.40	56.20	60.00	62.00	65.80	69.40	71.00	71.00	72.80	74.80	77.80	81.80	
08314000	0613	19550613	20140613	55	55.65	20.75	0.00	85.00		0.00	30.40	36.80	42.00	44.00	46.80	51.00	52.40	53.00	58.00	60.80	63.60	70.40	71.00	73.00	74.00	76.00	78.40	82.20	
08314000	0614	19550614	20140614	55	53.56	22.52	0.00	85.00		0.00	25.00	30.00	32.60	40.00	43.00	49.20	51.80	53.20	57.00	60.80	64.00	69.40	71.00	72.00	74.00	76.00	76.40	80.40	
08314000	0615	19550615	20140615	55	54.02	21.62	0.00	85.00		0.00	23.20	33.20	37.00	40.00	42.80	49.60	51.00	53.40	59.00	62.60	66.00	67.40	70.20	72.00	73.00	74.00	76.00	80.80	
08314000	0616	19550616	20140616	55	54.73	21.76	0.00	84.00		0.00	18.40	33.20	42.00	46.00	48.80	50.60	51.80	55.40	59.00	62.40	65.80	69.40	71.20	72.00	73.00	74.20	76.40	80.00	
08314000	0617	19550617	20140617	55	54.64	22.00	0.00	84.00		4.80	21.60	26.40	31.80	43.00	50.20	52.20	54.20	57.00	59.00	62.60	66.20	69.00	72.00	73.00	73.80	75.00	76.40	79.40	
08314000	0618	19550618	20140618	55	55.31	21.04	0.00	89.00		4.00	22.20	34.40	40.20	44.00	47.80	52.00	54.00	56.20	59.00	62.60	65.20	69.00	72.20	73.00	74.00	74.60	77.00	77.20	
08314000	0619	19550619	20140619	55	54.25	20.97	0.00	94.00		3.72	23.20	29.60	36.40	40.00	46.80	51.20	53.00	56.00	58.00	60.60	63.00	67.20	71.00	72.00	73.00	74.00	75.80	77.20	
08314000	0620	19550620	20140620	55	53.33	21.84	0.00	86.00		0.00	23.20	32.00	38.00	39.00	43.00	49.60	52.00	54.60	57.00	60.60	63.00	67.00	68.60	72.00	73.00	74.00	76.40	78.00	
08314000	0621	19550621	20140621	55	53.93	21.39	0.00	84.00		0.00	22.00	30.40	36.00	43.00	45.60	53.00	53.00	57.00	59.00	60.80	63.60	65.40	68.60	72.00	73.00	74.00	75.80	79.80	
08314000	0622	19550622	20140622	55	56.29	18.97	0.00	89.00		19.60	29.60	36.00	37.20	44.00	46.80	51.20	54.00	57.00	60.00	63.80	64.60	66.40	71.20	72.00	72.80	74.60	78.00	79.80	
08314000	0623	19550623	20140623	55	56.13	20.63	0.00	88.00		0.00	28.80	35.40	38.20	43.00	48.00	54.60	55.40	57.20	60.00	63.00	64.60	68.80	71.20	72.00	72.80	74.60	78.00	81.60	
08314000	0624	19550624	20140624	55	55.49	20.75	0.00	89.00		8.80	21.20	34.40	39.20	43.00	47.80	53.20	56.40	58.20	60.00	62.00	64.00	66.20	70.20	71.00	72.00	73.60	76.20	83.20	
08314000	0625	19550625	20140625	55	55.51	19.85	0.00	90.00		17.60	22.60	30.20	36.40	41.00	52.00	55.60	57.00	57.20	58.00	61.00	63.20	66.00	68.40	72.00	72.80	73.60	76.40	82.40	
08314000	0626	19550626	20140626	55	56.11	19.28	0.00	87.00		19.60	27.60	32.40	36.40	43.00	47.60	53.60	56.40	58.00	60.00	61.80	64.00	66.40	70.20	72.00	72.80	74.60	77.40	81.80	
08314000	0627	19550627	20140627	55	54.63	20.77	0.00	86.00		3.76	24.60	34.40	38.20	41.00	43.00	50.00	54.40	58.00	60.00	61.00	63.60	65.40	68.40	71.00	72.00	74.00	78.00	82.00	
08314000	0628	19550628	20140628	55	54.95	20.79	0.00	87.00		0.00	27.60	30.40	39.00	42.00	44.80	53.20	57.40	58.00	60.00	61.00	64.00	65.40	70.00	71.00	72.00	73.60	76.40	82.00	
08314000	0629	19550629	20140629	55	53.73	21.14	0.00	86.00		9.60	17.00	31.80	36.60	40.00	43.80	48.20	52.20	57.00	57.00	60.60	64.60	66.00	69.00	70.00	72.80	73.60	76.80	81.00	
08314000	0630	19550630	20140630	55	54.29	19.64	0.00	85.00		15.20	26.20	29.80	39.20	41.00	46.60	50.20	53.40	56.20	57.00	60.60	64.00	65.00	68.20	70.00	71.80	74.00	75.40	78.60	
08314000	0701	19550701	20140701	55	53.32	20.89	0.00	85.00		0.00	22.40	29.40	39.40	45.00	47.80	52.00	54.00	56.00	57.00	59.80	61.00	62.40	65.00	67.00	72.00	73.60	77.40	78.60	
08314000	0702	19550702	20140702	55	52.82	22.02	0.00	86.00		0.00	16.00	28.00	37.40	41.00	50.00	50.60	54.40	56.20	58.00	59.00	60.00	62.80	66.00	68.00	72.60	74.60	76.40	78.80	
08314000	0703	19550703	20140703	55	52.79	22.41	0.00	85.00		0.00	13.96	29.40	36.60	42.00	45.60	50.40	52.80	55.00	57.00	59.00	60.60	64.00	66.20	72.00	73.00	75.00	77.00	80.80	
08314000	0704	19550704	20140704	55	50.16	23.56	0.00	86.00		0.00	20.00	21.00	24.40	28.00	36.60	44.60	52.00	54.00	55.00	57.00	60.00	62.80	66.20	70.00	72.80	75.60	77.00	80.40	
08314000	0705	19550705	20140705	55	49.76	23.28	0.00	86.00		0.00	18.00	24.00	26.20	27.00	36.00	39.80	49.00	53.00	55.00	56.80	59.60	62.20	66.20	67.00	71.80	75.00	78.40	80.40	
08314000	0706	19550706	20140706	55	51.87	22.56	0.00	84.00		4.64	17.20	22.40	31.20	36.00	44.00	48.20	51.40	53.20	56.00	57.00	60.20	64.40	69.00	70.00	72.00	75.80	79.00	81.20	
08314000	0707	19550707	20140707	55	52.49	22.44	0.00	85.00		0.00	14.00	29.80	38.20	41.00	46.00	47.60	50.80	52.20	54.00	57.00	61.00	64.40	67.40	70.00	72.00	77.00	78.40	80.20	
08314000	0708	19550708	20140708	55	52.18	22.28	0.00	83.00		0.80	13.40	20.80	34.00	41.00	48.60	51.60	52.40	53.20	56.00	57.00	61.80	66.40	67.20	68.00	70.80	75.60	77.00	78.20	
08314000	0709	19550709	20140709	55	51.42	23.00	0.00	82.00		0.00	8.24	23.40	37.00	40.00	44.80	51.00	53.00	54.00	54.00	56.80	60.80	64.80	67.20	70.00	71.80	73.00	77.00	79.20	
08314000	0710	19550710	20140710	55	52.68	20.31	0.00	82.00		10.66	22.00	28.80	36.40	40.00	41.00	45.60	53.00	54.00	55.00	56.80	61.40	66.00	66.20	69.00	72.00	73.00	76.40	81.00	
08314000	0711	19550711	20140711	55	51.75	21.85	0.00	83.00		0.00	16.20	31.20	36.20	40.00	41.80	45.20	52.00	54.00	55.00	56.80	61.40	65.40	67.20	68.00	70.60	73.00	76.00	81.40	
08314000	0712	19550712	20140712	55	51.71	21.78	0.00	84.00		0.00	17.20	29.00	36.20	40.00	40.80	42.60	48.00	53.00	54.00	56.80	64.60	66.00	67.20	69.00	71.80	73.00	74.80	81.20	
08314000	0713	19550713	20140713	55	52.96	19.32	0.00	82.00		15.20	26.80	34.00	39.20	41.00	42.00	44.20	49.80	53.20	56.00	56.00	63.20	65.40	67.00	69.00	71.80	73.60	74.40	77.80	
08314000	0714	19550714	20140714	55	52.62	19.96	0.00	82.00		0.00	25.80	37.20	40.00	40.00	43.80	46.60	50.20	53.00	54.00	56.80	62.20	64.00	66.20	68.00	70.00	72.60	74.80	79.40	
08314000	0715	19550715	20140715	55	52.84	20.27	0.00	82.00		9.60	21.80	32.40	35.60	39.00	43.80	48.60	51.00	54.00	56.00	60.20	63.00	64.80	67.00	69.00	71.80	73.00	74.40	78.60	
08314000	0716	19550716	20140716	55	52.47	21.18	0.00	83.00		0.00	17.60	29.80	34.60	40.00	44.80	45.60	51.60	55.20	57.00	59.00	62.60	66.00	67.00	70.00	71.80	73.60	75.00	77.60	
08314000	0717	19550717	20140717	55	52.95	19.89	0.00	83.00		16.80	26.00	30.20	34.00	38.00	40.80	46.40	52.20	55.20	58.00	59.60	62.60	65.00	66.20	70.00	72.80	73.60	75.00	76.00	
08314000	0718	19550718	20140718	55	53.02	20.38	0.00	84.00		0.00	25.60	31.40	36.40	40.00	42.60	46.00	52.20	55.00	57.00	60.80	62.00	63.00	68.00	70.00	72.80	74.00	74.00	78.40	
08314000	0719	19550719	20140719	55	52.75	20.86	0.00	84.00		0.00	22.80	29.60	38.00	39.00	43.00	45.60	51.40	54.20	57.00	59.00	61.60	63.40	66.40	71.00	72.00	73.60	75.40	81.00	
08314000	0720	19550720	20140720	55	52.40	21.55	0.00	84.00		0.00	22.00	32.40	36.40	41.00	43.00	44.00	52.40	55.00	56.00	58.80	61.60	64.40	68.20	70.00	71.00	73.00	75.40	78.60	
08314000	0721	19550721	20140721	55	52.42	21.13	0.00	85.00		0.00	24.40	32.20	38.00	40.00	42.60	47.60	52.40	55.00	56.00	59.00	61.60	62.40	66.40	71.00	71.80	73.00	74.00	76.80	
08314000	0722	19550722	20140722	55	52.91	21.58	0.00	84.00		0.00	19.80	30.60	39.00	42.00	44.80	50.00	52.20	55.00	58.00	59.00	61.60	64.00	69.00	71.00	72.80	74.00	74.40	77.80	
08314000	0723	19550723	20140723	55	52.56	21.91	0.00	84.00		0.00	18.20	30.00	38.40	40.00	43.60	47.40	52.20	55.00	58.00	59.00	60.60	65.80	68.40	71.00	72.00	74.20	76.00	78.00	
08314000	0724	19550724	20140724	55	51.78	20.66	0.00	84.00		5.60	22.40	30.40	33.40	40.00	41.80	43.00	46.40	54.00	55.00	57.80	59.00	61.80	66.20	71.00	72.00	74.00	75.00	79.40	
08314000	0725	19550725	20140725	55	50.71	22.77	0.00	86.00		0.00	15.40	26.00	31.40	38.00	41.60	42.00	46.00	54.00	54.00	58.00	61.00	65.00	66.40	69.00	71.00	73.00	75.00	80.20	
08314000	0726	19550726	20140726	55	49.74	24.44	0.00	86.00		0.00	5.70	16.40	29.00	37.00	42.00	44.00	47.40	51.60	54.00	57.00	60.00	65.40	67.40	71.00	71.80	73.60	76.40	79.40	
08314000	0727	19550727	20140727	55	49.35	25.08	0.00	86.00		0.00	0.07	15.80	26.60	34.00	40.00	43.60	47.60	54.00	55.00	57.80	61.20	63.80	66.60	70.00	73.00	75.00	76.40	80.20	
08314000	0728	19550728	20140728	55	48.57	26.03	0.00	84.00		0.00	0.00	7.38	23.60	31.00	38.40	46.20	51.80	54.20	56.00	59.40	63.20	64.40	65.00	69.00	71.80	74.20	77.00	77.60	
08314000	0729	19550729	20140729	55	49.67	25.16	0.00	82.00		0.00	0.55	12.80	26.40	37.00	40.00	45.80	50.40	54.00	56.00	58.80	63.60	65.00	67.20	69.00	71.00	74.60	77.00	81.20	
08314000	0730	19550730	20140730	55	50.01	23.73	0.00	81.00		0.00	10.04	19.40	28.60	37.00	38.60	42.60	48.20	51.40	56.00	59.00	62.20	65.00	66.20	69.00	72.80	74.20	77.00	79.20	
08314000	0731	19550731	20140731	55	50.31	22.71	0.00	80.00		0.00	17.00	24.40	30.00	35.00	37.80	43.20	46.80	51.40	56.00	59.00	64.00	65.40	66.20	70.00	71.80	74.60	75.00	77.40	
08314000	0801	19540801	20140801	56	47.27	25.56	0.00	79.00		0.00	0.00	6.95	26.20	29.25	36.10	37.95	43.00	51.00	54.50	57.05	60.60	65.00	67.80	69.00	71.00	73.45	75.00	77.30	
08314000	0802	19540802	20140802	56	46.30	26.95	0.00	82.00		0.00	0.00	1.65	19.80	24.00	31.50	37.95	42.80	47.60	54.00	57.70	60.60	65.00	67.80	70.00	71.00	73.45	75.60	78.60	
08314000	0803	19540803	20140803	56	48.18	24.99	0.00	86.00		0.00	1.82	17.10	20.80	31.00	36.30	41.90	46.20	52.30	54.50	57.70	60.60	65.00	66.90	69.00	71.00	73.90	75.30	77.30	
08314000	0804	19540804	20140804	56	47.62	23.26	0.00	85.00		0.00	4.80	20.00	29.80	32.25	35.10	40.85	42.00	49.95	52.50	54.35	57.20	60.10	65.00	68.50	70.00	72.00	74.30	78.00	
08314000	0805	19540805	20140805	56	47.86	22.74	0.00	86.00		0.00	14.70	25.00	27.20	31.00	37.00	38.00	40.00	44.25	52.00	55.05	59.20	61.05	65.00	67.75	69.00	73.00	75.00	77.30	
08314000	0806	19540806	20140806	56	48.95	22.56	0.00	84.00		0.00	23.10	26.00	27.00	29.25	30.20	34.00	41.80	49.95	53.50	56.35	58.40	65.00	66.00	67.00	70.60	75.45	77.30	80.15	
08314000	0807	19540807	20140807	56	48.63	23.63	0.00	83.00		0.00	11.10	21.10	27.20	31.00	37.00	40.85	42.80	50.30	53.50	57.00	59.00	65.00	65.90	67.75	70.00	73.45	76.60	81.30	
08314000	0808	19540808	20140808	56	47.55	25.47	0.00	83.00		0.00	0.00	12.11	26.00	30.75	34.30	38.95	43.40	51.65	55.50	57.00	59.00	62.15	66.00	67.75	70.20	73.90	77.00	82.00	
08314000	0809	19540809	20140809	56	48.45	24.44	0.00	83.00		0.00	0.01	24.10	27.00	33.25	36.10	37.00	44.00	50.65	55.00	57.70	59.40	63.05	65.00	68.00	72.60	74.45	76.30	81.30	
08314000	0810	19540810	20140810	56	48.48	24.22	0.00	84.00		0.00	6.00	20.85	27.00	28.75	35.10	38.90	43.60	51.95	55.00	57.70	59.00	63.00	65.00	68.75	72.00	75.00	76.00	81.30	
08314000	0811	19540811	20140811	56	48.69	25.30	0.00	83.00		0.00	0.00	14.00	24.60	30.50	37.20	45.85	51.20	54.65	55.50	59.35	60.20	63.10	66.80	69.75	71.00	73.00	75.00	82.15	
08314000	0812	19540812	20140812	56	49.60	23.93	0.00	83.00		0.00	6.96	19.30	24.80	34.00	39.20	44.90	50.40	54.65	57.00	58.00	60.00	64.00	66.80	69.50	71.60	73.00	73.30	82.15	
08314000	0813	19540813	20140813	56	50.18	22.32	0.00	82.00		0.00	19.90	24.55	28.40	33.75	38.10	45.95	49.40	54.00	56.00	57.00	58.20	60.00	64.80	70.00	71.60	73.00	74.60	81.15	
08314000	0814	19540814	20140814	56	49.91	21.83	0.00	83.00		1.70	14.80	22.30	30.20	36.25	42.00	45.95	49.00	52.30	54.50	57.00	59.20	60.00	63.00	67.75	70.60	72.00	73.30	79.45	
08314000	0815	19540815	20140815	56	49.32	22.30	0.00	83.00		0.00	14.70	27.55	30.40	34.50	38.00	40.95	45.80	55.00	55.50	57.00	58.00	60.05	63.70	68.50	70.20	72.45	74.00	77.60	
08314000	0816	19540816	20140816	56	47.01	22.50	0.00	83.00		0.00	12.64	23.00	26.40	30.25	36.10	39.95	43.00	46.65	53.50	55.35	57.40	61.00	63.90	66.00	67.00	70.45	72.00	75.60	
08314000	0817	19540817	20140817	56	46.00	22.35	0.00	83.00		0.00	8.57	19.55	27.40	29.50	33.00	36.00	41.80	48.65	50.50	53.35	56.20	60.05	62.80	65.50	67.00	69.90	71.00	74.75	
08314000	0818	19540818	20140818	56	48.77	21.34	0.00	82.00		0.00	14.40	25.55	35.00	37.00	42.10	43.00	46.60	48.00	49.50	53.35	56.40	61.00	63.00	67.50	69.00	70.00	72.00	79.30	
08314000	0819	19540819	20140819	56	50.68	21.69	0.00	81.00		0.00	20.20	25.10	28.20	33.25	41.10	45.85	49.80	54.00	55.00	59.35	61.00	65.05	66.00	68.75	70.60	72.00	73.60	78.15	
08314000	0820	19540820	20140820	56	52.12	20.47	0.00	81.00		0.00	22.00	32.20	35.40	38.75	44.10	47.95	50.80	53.00	55.00	58.35	61.20	64.05	66.00	68.75	71.00	72.45	75.30	76.15	
08314000	0821	19540821	20140821	56	50.52	20.61	0.00	81.00		5.10	22.40	27.65	32.60	35.25	38.20	43.85	48.40	51.65	54.50	56.35	59.40	62.10	64.00	67.25	70.20	73.45	75.30	78.15	
08314000	0822	19540822	20140822	56	47.61	22.88	0.00	81.00		0.00	9.10	24.00	27.00	31.25	35.10	41.00	44.00	48.65	51.00	56.35	60.00	61.00	63.80	65.00	68.00	72.00	75.00	76.45	
08314000	0823	19540823	20140823	56	46.73	24.51	0.00	80.00		0.00	0.00	19.20	24.00	27.75	34.10	35.00	39.20	47.65	51.50	56.35	61.00	63.10	66.00	69.50	70.00	72.45	75.30	78.00	
08314000	0824	19540824	20140824	56	48.90	22.03	0.00	81.00		7.99	19.10	23.00	27.00	31.00	36.00	37.95	41.40	46.95	51.50	58.05	61.20	64.05	65.90	67.75	71.00	73.45	75.30	77.00	
08314000	0825	19540825	20140825	56	49.72	22.18	0.00	79.00		0.00	15.59	29.00	32.80	35.00	37.20	41.90	44.80	49.65	53.00	57.40	61.40	66.00	66.00	67.00	72.00	72.45	74.30	76.30	
08314000	0826	19540826	20140826	56	48.75	21.77	0.00	79.00		0.00	16.00	23.30	30.20	34.00	36.10	39.95	44.40	48.60	52.00	57.05	61.20	64.05	66.00	67.75	69.00	71.45	73.00	74.30	
08314000	0827	19540827	20140827	56	47.64	22.68	0.00	78.00		0.00	8.40	28.55	30.00	34.00	35.10	37.00	41.80	46.00	51.50	53.70	60.20	64.05	65.90	68.00	69.00	70.45	74.30	75.30	
08314000	0828	19540828	20140828	56	48.48	21.16	0.00	79.00		0.06	23.00	28.10	31.00	34.00	36.10	39.95	42.00	45.65	49.50	53.70	58.20	61.05	66.50	68.00	69.00	72.45	74.00	74.45	
08314000	0829	19540829	20140829	56	46.64	23.33	0.00	80.00		0.00	9.13	23.55	26.80	29.00	32.10	35.90	40.00	45.30	50.00	53.70	56.60	62.00	66.50	69.00	71.00	72.00	74.30	76.15	
08314000	0830	19540830	20140830	56	47.54	23.05	0.00	82.00		0.00	11.80	22.55	28.00	32.00	34.30	38.90	41.80	45.65	52.00	55.00	56.60	61.05	65.60	67.75	71.00	73.00	74.30	78.00	
08314000	0831	19540831	20140831	56	49.64	21.37	0.00	82.00		11.90	17.80	20.00	33.40	36.00	37.30	40.95	46.80	51.00	53.50	57.05	59.00	61.00	64.00	67.00	69.60	71.90	75.30	79.45	
08314000	0901	19540901	20140901	56	49.98	22.09	0.00	83.00		0.00	16.70	25.55	33.40	35.00	40.10	42.00	46.80	50.65	54.00	56.00	58.00	61.10	63.00	67.00	69.60	72.90	77.30	82.00	
08314000	0902	19540902	20140902	56	49.32	23.15	0.00	88.00		0.00	15.40	24.00	29.60	34.25	37.10	39.90	45.60	51.00	54.50	55.70	57.40	63.05	64.90	68.50	69.60	73.00	75.60	82.15	
08314000	0903	19540903	20140903	56	47.52	25.50	0.00	87.00		0.00	0.00	11.00	28.00	30.25	33.40	40.80	44.00	50.30	54.00	56.35	59.60	63.05	64.90	68.75	71.60	73.00	74.30	82.30	
08314000	0904	19540904	20140904	56	48.09	24.48	0.00	86.00		0.00	0.00	21.65	25.00	31.25	37.10	39.00	45.80	51.00	53.50	55.35	57.40	63.00	66.60	68.75	71.60	73.00	75.00	83.30	
08314000	0905	19540905	20140905	56	48.62	23.56	0.00	86.00		0.00	12.60	24.55	28.40	30.25	35.10	39.00	44.80	50.00	52.50	55.35	57.40	62.05	67.80	69.75	70.60	73.00	75.30	81.75	
08314000	0906	19540906	20140906	56	48.93	22.80	0.00	86.00		0.00	11.20	23.20	28.00	35.25	40.10	44.85	48.80	51.00	53.00	56.00	57.00	59.00	64.70	68.00	69.00	72.45	74.30	77.35	
08314000	0907	19540907	20140907	56	49.00	22.73	0.00	86.00		0.00	12.60	25.20	31.00	32.25	40.00	43.85	49.40	51.00	52.00	54.00	57.00	58.20	65.70	68.75	71.00	73.00	75.00	77.45	
08314000	0908	19540908	20140908	56	46.48	24.36	0.00	86.00		0.00	6.79	18.00	23.00	28.00	32.10	37.80	43.40	47.00	51.50	54.70	57.20	58.15	64.60	68.75	70.60	73.45	75.30	77.15	
08314000	0909	19540909	20140909	56	46.66	23.74	0.00	87.00		0.00	11.20	19.55	22.40	26.75	33.30	38.95	41.80	47.00	51.00	55.70	58.40	61.10	63.00	66.25	68.60	72.45	75.00	76.00	
08314000	0910	19540910	20140910	56	46.16	23.62	0.00	87.00		0.00	0.00	17.75	28.40	32.25	34.10	37.00	42.60	44.65	48.50	54.00	55.20	61.05	63.00	66.75	68.60	71.00	74.30	76.15	
08314000	0911	19540911	20140911	56	47.51	23.62	0.00	79.00		0.00	0.00	23.10	28.40	34.00	35.40	40.95	45.80	49.00	55.00	55.35	58.00	62.05	63.90	68.00	68.60	71.35	75.00	76.15	
08314000	0912	19540912	20140912	56	48.23	22.63	0.00	85.00		0.00	7.70	24.00	31.80	34.00	37.10	42.80	47.60	49.65	54.00	56.00	58.00	62.00	63.90	66.50	68.00	70.90	75.00	77.00	
08314000	0913	19540913	20140913	56	47.54	22.86	0.00	80.00		0.00	0.55	19.85	32.00	33.25	39.00	43.75	46.80	49.30	54.50	56.00	57.20	58.05	62.90	66.75	69.20	70.90	72.30	76.15	
08314000	0914	19540914	20140914	56	47.79	22.19	0.00	79.00		0.00	12.60	22.10	25.40	31.50	39.40	44.95	46.80	50.00	53.50	55.35	58.00	59.15	62.90	64.50	68.00	70.00	73.30	77.00	
08314000	0915	19540915	20140915	56	47.96	23.03	0.00	79.00		0.00	0.00	23.55	30.80	35.00	43.10	44.00	48.00	51.65	53.50	55.00	57.20	59.00	62.00	63.75	69.60	70.00	73.60	77.15	
08314000	0916	19540916	20140916	56	48.21	22.28	0.00	80.00		0.00	9.80	21.20	27.60	35.50	39.40	44.95	49.60	52.00	53.50	56.00	57.00	59.15	63.90	65.00	69.00	70.00	73.00	75.00	
08314000	0917	19540917	20140917	56	47.41	22.72	0.00	79.00		0.00	0.00	24.65	31.20	37.00	40.00	42.85	46.40	49.95	52.50	54.00	58.00	61.10	63.90	66.50	67.60	69.45	71.30	74.15	
08314000	0918	19540918	20140918	56	46.02	22.33	0.00	78.00		0.00	0.28	24.00	27.00	30.75	37.00	39.85	43.80	48.65	50.00	53.70	56.40	59.00	61.90	63.75	67.60	69.00	70.90	74.15	
08314000	0919	19540919	20140919	56	44.66	22.94	0.00	78.00		0.00	0.00	13.50	25.60	30.50	37.00	40.00	43.40	47.65	50.00	54.00	55.20	58.00	59.90	63.75	66.20	68.00	70.00	73.15	
08314000	0920	19540920	20140920	56	45.34	22.51	0.00	78.00		0.00	0.00	21.65	25.20	34.50	37.20	39.00	42.80	46.30	49.00	53.70	57.20	58.00	59.90	64.50	67.00	67.45	69.30	73.30	
08314000	0921	19540921	20140921	56	46.34	21.21	0.00	77.00		0.00	17.40	20.55	27.80	30.50	39.00	39.95	41.80	45.30	47.50	53.70	57.00	58.00	64.80	66.50	67.00	68.45	70.00	73.00	
08314000	0922	19540922	20140922	56	47.41	20.73	0.00	77.00		0.00	14.00	27.20	35.00	35.25	39.10	41.90	44.00	47.00	49.50	53.35	56.20	58.00	64.80	66.00	66.60	68.00	70.00	73.45	
08314000	0923	19540923	20140923	56	48.20	19.88	0.00	77.00		0.00	20.20	24.55	34.00	36.00	39.10	42.00	45.60	48.00	51.00	52.70	57.00	62.00	63.80	66.00	66.60	67.00	70.00	73.60	
08314000	0924	19540924	20140924	56	47.84	21.20	0.00	78.00		0.00	7.04	30.30	35.00	38.25	39.10	40.95	43.80	46.65	49.00	52.35	55.20	63.05	65.00	65.75	67.60	69.00	71.30	73.30	
08314000	0925	19540925	20140925	56	48.34	19.71	0.00	78.00		0.94	26.10	30.10	33.20	35.00	37.20	39.00	40.80	44.95	47.00	49.70	55.80	64.05	65.90	67.00	68.00	69.45	71.00	73.60	
08314000	0926	19540926	20140926	56	47.43	21.80	0.00	78.00		0.00	13.20	26.10	29.40	31.25	35.20	39.95	42.00	47.65	49.50	50.70	56.60	63.05	64.90	67.75	69.00	70.45	71.60	74.45	
08314000	0927	19540927	20140927	56	46.27	22.90	0.00	78.00		0.00	0.00	22.65	26.40	32.00	35.30	39.95	45.60	47.00	49.00	50.00	56.40	63.05	65.00	65.00	68.00	70.00	73.00	74.45	
08314000	0928	19540928	20140928	56	47.34	20.58	0.00	78.00		0.00	19.00	23.10	27.00	35.25	37.20	40.00	45.40	47.00	49.50	51.70	56.40	61.05	62.90	64.75	67.00	68.45	72.30	75.15	
08314000	0929	19540929	20140929	56	47.08	20.79	0.00	78.00		0.00	10.78	23.65	35.80	38.00	40.00	43.95	46.00	47.00	49.00	50.00	53.20	59.00	60.90	63.00	66.60	69.35	71.60	74.30	
08314000	0930	19540930	20140930	56	46.93	20.57	0.00	78.00		0.00	14.70	20.00	35.00	38.25	41.10	42.95	46.80	47.65	48.50	49.35	52.40	58.05	60.00	63.75	65.60	68.45	71.00	73.60	
08314000	1001	19541001	20141001	56	46.28	20.01	0.00	78.00		0.00	12.01	30.00	33.00	36.25	38.10	39.00	46.00	46.00	48.00	50.00	51.20	58.00	59.80	64.00	65.60	68.00	69.00	71.30	
08314000	1002	19541002	20141002	56	46.03	20.04	0.00	78.00		4.33	14.80	22.65	31.20	35.00	36.10	38.95	43.20	45.00	47.50	50.00	52.60	58.05	61.90	64.00	66.60	67.45	69.30	71.30	
08314000	1003	19541003	20141003	56	46.07	20.59	0.00	77.00		0.00	13.90	26.10	29.00	34.25	37.10	40.85	42.00	44.65	47.00	50.35	52.20	59.00	62.00	64.00	67.00	68.45	70.30	72.30	
08314000	1004	19541004	20141004	56	47.52	19.13	0.00	76.00		0.00	23.70	26.65	30.40	35.75	39.00	41.95	44.00	45.65	48.00	51.35	54.00	61.00	62.00	64.00	67.00	68.45	70.00	72.45	
08314000	1005	19541005	20141005	56	47.62	18.45	0.00	76.00		15.70	21.00	23.55	28.40	38.00	39.00	42.00	44.60	45.65	47.50	50.00	54.00	56.15	63.80	65.00	66.00	68.45	70.30	73.30	
08314000	1006	19541006	20141006	56	46.96	19.75	0.00	76.00		0.00	17.80	24.40	33.60	38.00	39.30	42.95	43.00	45.00	47.50	49.35	51.60	57.15	63.90	65.00	65.60	68.45	70.30	72.45	
08314000	1007	19541007	20131007	55	47.25	20.15	0.00	77.00		8.80	15.60	23.40	28.40	36.00	39.00	40.60	43.40	46.00	49.00	50.00	56.40	61.40	64.00	65.00	66.00	69.00	70.00	73.60	
08314000	1008	19541008	20131008	55	46.42	19.78	0.00	77.00		0.00	14.60	26.60	34.20	36.00	37.80	39.00	42.00	44.20	48.00	49.00	54.60	61.40	63.00	64.00	65.00	66.00	69.00	70.20	
08314000	1009	19541009	20131009	55	46.24	18.02	0.00	71.00		9.84	17.80	29.40	31.80	36.00	38.60	40.00	42.00	43.40	46.00	49.00	54.80	58.40	61.20	62.00	63.00	65.00	68.40	70.00	
08314000	1010	19541010	20131010	55	44.36	21.05	0.00	74.00		0.00	5.44	19.80	30.20	32.00	36.00	38.60	40.80	43.00	46.00	49.80	53.60	57.80	60.20	62.00	64.80	65.60	68.00	71.00	
08314000	1011	19541011	20131011	55	44.29	21.10	0.00	76.00		0.00	6.60	19.80	30.20	35.00	36.80	38.60	40.40	43.20	45.00	47.80	52.40	57.40	60.20	62.00	64.80	66.20	68.00	72.20	
08314000	1012	19541012	20131012	55	44.67	20.03	0.00	74.00		0.00	16.80	22.80	26.20	32.00	36.60	38.00	39.80	44.00	45.00	46.80	50.60	57.40	60.20	62.00	64.80	66.60	69.80	73.00	
08314000	1013	19541013	20131013	55	45.16	20.31	0.00	77.00		0.00	6.60	28.00	35.40	37.00	38.00	38.00	41.40	44.00	45.00	48.00	49.00	54.40	60.00	62.00	64.00	66.00	70.40	73.40	
08314000	1014	19541014	20131014	55	45.71	20.89	0.00	76.00		0.00	9.60	22.00	30.00	37.00	37.00	40.60	43.40	44.20	49.00	50.00	52.00	58.40	60.40	63.00	64.80	67.20	70.40	72.60	
08314000	1015	19541015	20131015	55	46.84	21.51	0.00	78.00		0.00	9.60	21.40	34.40	37.00	38.00	41.20	43.40	45.00	50.00	50.80	56.00	59.00	64.00	65.00	66.00	69.60	71.00	75.40	
08314000	1016	19541016	20131016	55	46.65	19.99	0.00	79.00		0.00	19.00	27.40	31.60	37.00	37.80	39.20	42.40	44.00	46.00	51.60	54.20	57.40	59.20	65.00	66.00	68.00	71.00	75.20	
08314000	1017	19541017	20131017	55	44.39	21.83	0.00	76.00		0.00	1.20	17.20	29.60	34.00	37.00	38.60	41.40	44.00	45.00	49.60	53.00	55.40	57.20	60.00	66.80	67.60	69.80	75.20	
08314000	1018	19541018	20131018	55	44.23	20.50	0.00	77.00		0.00	10.32	23.20	29.20	34.00	37.00	38.60	40.00	42.20	44.00	47.40	51.60	54.80	57.40	63.00	64.00	66.60	69.20	72.20	
08314000	1019	19541019	20131019	55	43.76	20.09	0.00	77.00		0.00	16.60	19.40	24.20	27.00	31.00	38.00	40.80	43.00	45.00	48.60	50.00	56.00	58.40	61.00	65.00	66.60	68.40	71.20	
08314000	1020	19541020	20131020	55	43.67	21.43	0.00	78.00		0.00	4.26	18.40	24.40	31.00	37.80	39.60	41.40	43.00	44.00	48.80	52.00	54.80	58.40	61.00	64.00	67.00	70.00	72.40	
08314000	1021	19541021	20131021	55	43.13	21.46	0.00	74.00		0.00	7.20	16.80	20.40	28.00	36.80	39.00	40.40	43.20	46.00	48.00	49.60	55.20	60.00	62.00	64.80	67.00	67.00	72.00	
08314000	1022	19541022	20131022	55	42.73	21.37	0.00	74.00		0.00	0.00	16.80	26.00	30.00	36.00	39.00	40.00	42.20	43.00	44.00	50.60	55.40	57.60	62.00	64.00	66.00	68.00	70.80	
08314000	1023	19541023	20131023	55	43.35	20.28	0.00	75.00		0.00	16.00	22.40	26.20	33.00	35.00	36.00	38.00	40.00	43.00	43.80	49.20	55.40	58.40	62.00	64.80	66.60	67.80	73.20	
08314000	1024	19541024	20131024	55	43.67	20.39	0.00	79.00		0.00	14.00	26.40	29.00	31.00	34.00	36.60	38.00	38.40	43.00	43.00	49.20	55.40	58.40	62.00	64.80	66.00	69.40	73.40	
08314000	1025	19541025	20131025	55	45.27	18.97	0.00	79.00		8.00	20.80	27.40	31.00	33.00	34.00	37.00	38.00	41.20	43.00	47.20	51.40	56.40	59.40	63.00	64.00	66.60	69.00	73.60	
08314000	1026	19541026	20131026	55	45.35	18.41	0.00	80.00		12.80	21.20	27.20	33.00	34.00	35.00	35.60	38.00	39.40	43.00	46.80	51.40	55.00	59.20	63.00	65.00	67.00	68.00	71.60	
08314000	1027	19541027	20131027	55	44.02	19.88	0.00	77.00		0.00	15.60	24.80	31.40	34.00	34.80	36.60	39.00	41.20	43.00	47.80	51.80	54.00	58.20	63.00	65.00	67.00	67.00	69.80	
08314000	1028	19541028	20131028	55	44.63	19.55	0.00	77.00		2.00	17.00	22.20	32.00	34.00	36.00	36.60	38.40	40.60	43.00	47.80	51.60	55.00	59.00	61.00	64.80	66.20	69.40	73.20	
08314000	1029	19541029	20131029	55	45.27	18.99	0.00	78.00		0.00	20.60	29.60	34.20	35.00	36.00	37.00	38.00	40.40	43.00	43.80	50.80	56.40	58.20	63.00	64.00	66.20	70.40	73.40	
08314000	1030	19541030	20131030	55	44.07	19.42	0.00	81.00		5.60	14.60	26.20	31.40	34.00	36.00	36.60	38.00	39.00	40.00	43.00	49.60	52.40	58.00	60.00	64.80	66.60	69.00	74.20	
08314000	1031	19541031	20131031	55	36.10	16.90	0.00	73.00		0.00	11.60	18.00	23.20	30.00	31.80	33.00	34.40	36.00	36.00	37.00	38.60	40.40	44.00	46.00	49.00	50.60	60.20	67.00	
08314000	1101	19541101	20131101	54	18.31	21.58	0.00	67.00		0.00	0.00	0.00	0.00	0.00	0.00	0.00	0.00	0.01	0.33	16.00	26.00	32.50	34.50	36.25	39.00	41.75	48.00	63.00	
08314000	1102	19541102	20131102	54	15.12	21.38	0.00	72.00		0.00	0.00	0.00	0.00	0.00	0.00	0.00	0.00	0.00	0.00	0.09	3.20	20.00	27.00	33.75	36.00	39.50	44.00	64.25	
08314000	1103	19541103	20131103	54	13.32	21.24	0.00	74.00		0.00	0.00	0.00	0.00	0.00	0.00	0.00	0.00	0.00	0.00	0.00	0.00	0.15	22.50	29.25	36.00	37.50	44.00	63.75	
08314000	1104	19541104	20131104	54	12.22	21.37	0.00	74.00		0.00	0.00	0.00	0.00	0.00	0.00	0.00	0.00	0.00	0.00	0.00	0.00	0.02	2.88	26.75	33.00	37.50	47.00	64.25	
08314000	1105	19541105	20131105	54	10.54	18.79	0.00	63.00		0.00	0.00	0.00	0.00	0.00	0.00	0.00	0.00	0.00	0.00	0.00	0.00	0.00	0.04	27.50	32.00	37.50	43.00	51.25	
08314000	1106	19541106	20131106	54	8.88	17.00	0.00	64.00		0.00	0.00	0.00	0.00	0.00	0.00	0.00	0.00	0.00	0.00	0.00	0.00	0.00	0.04	3.99	27.00	32.25	40.50	46.50	
08314000	1107	19541107	20131107	53	9.31	17.21	0.00	65.00		0.00	0.00	0.00	0.00	0.00	0.00	0.00	0.00	0.00	0.00	0.00	0.00	0.00	0.04	12.66	29.20	35.70	38.60	45.00	
08314000	1108	19541108	20131108	52	8.61	16.08	0.00	64.00		0.00	0.00	0.00	0.00	0.00	0.00	0.00	0.00	0.00	0.00	0.00	0.00	0.00	0.05	10.58	26.80	31.10	35.70	42.70	
08314000	1109	19541109	20131109	52	7.76	15.74	0.00	61.00		0.00	0.00	0.00	0.00	0.00	0.00	0.00	0.00	0.00	0.00	0.00	0.00	0.00	0.00	0.14	26.40	31.00	36.00	43.35	
08314000	1110	19541110	20131110	52	7.28	14.45	0.00	44.00		0.00	0.00	0.00	0.00	0.00	0.00	0.00	0.00	0.00	0.00	0.00	0.00	0.00	0.00	0.14	26.00	31.00	35.10	41.70	
08314000	1111	19541111	20131111	52	6.45	13.60	0.00	44.00		0.00	0.00	0.00	0.00	0.00	0.00	0.00	0.00	0.00	0.00	0.00	0.00	0.00	0.00	0.05	10.59	29.10	31.00	39.75	
08314000	1112	19541112	20131112	52	6.51	13.72	0.00	44.00		0.00	0.00	0.00	0.00	0.00	0.00	0.00	0.00	0.00	0.00	0.00	0.00	0.00	0.00	0.02	10.56	29.10	31.70	40.10	
08314000	1113	19541113	20131113	52	6.55	13.80	0.00	44.00		0.00	0.00	0.00	0.00	0.00	0.00	0.00	0.00	0.00	0.00	0.00	0.00	0.00	0.00	0.02	10.56	29.05	33.80	40.10	
08314000	1114	19541114	20131114	52	6.59	13.90	0.00	45.00		0.00	0.00	0.00	0.00	0.00	0.00	0.00	0.00	0.00	0.00	0.00	0.00	0.00	0.00	0.02	10.56	29.05	34.50	40.10	
08314000	1115	19541115	20131115	51	3.60	8.31	0.00	31.00		0.00	0.00	0.00	0.00	0.00	0.00	0.00	0.00	0.00	0.00	0.00	0.00	0.00	0.00	0.01	0.22	14.20	19.00	25.60	
08314000	1116	19541116	20131116	50	0.06	0.20	0.00	1.10		0.00	0.00	0.00	0.00	0.00	0.00	0.00	0.00	0.00	0.00	0.00	0.00	0.00	0.00	0.00	0.00	0.00	0.26	0.61	
08314000	1117	19541117	20131117	49	0.05	0.19	0.00	1.10		0.00	0.00	0.00	0.00	0.00	0.00	0.00	0.00	0.00	0.00	0.00	0.00	0.00	0.00	0.00	0.00	0.00	0.16	0.54	
08314000	1118	19541118	20131118	49	0.05	0.18	0.00	1.10		0.00	0.00	0.00	0.00	0.00	0.00	0.00	0.00	0.00	0.00	0.00	0.00	0.00	0.00	0.00	0.00	0.00	0.16	0.42	
08314000	1119	19541119	20131119	49	0.02	0.08	0.00	0.46		0.00	0.00	0.00	0.00	0.00	0.00	0.00	0.00	0.00	0.00	0.00	0.00	0.00	0.00	0.00	0.00	0.00	0.00	0.22	
08314000	1120	19541120	20131120	48	0.01	0.03	0.00	0.20		0.00	0.00	0.00	0.00	0.00	0.00	0.00	0.00	0.00	0.00	0.00	0.00	0.00	0.00	0.00	0.00	0.00	0.00	0.06	
08314000	1121	19541121	20131121	48	0.01	0.03	0.00	0.18		0.00	0.00	0.00	0.00	0.00	0.00	0.00	0.00	0.00	0.00	0.00	0.00	0.00	0.00	0.00	0.00	0.00	0.00	0.06	
08314000	1122	19541122	20131122	48	0.01	0.03	0.00	0.21		0.00	0.00	0.00	0.00	0.00	0.00	0.00	0.00	0.00	0.00	0.00	0.00	0.00	0.00	0.00	0.00	0.00	0.00	0.06	
08314000	1123	19541123	20131123	48	0.01	0.03	0.00	0.19		0.00	0.00	0.00	0.00	0.00	0.00	0.00	0.00	0.00	0.00	0.00	0.00	0.00	0.00	0.00	0.00	0.00	0.00	0.07	
08314000	1124	19541124	20131124	48	0.01	0.03	0.00	0.18		0.00	0.00	0.00	0.00	0.00	0.00	0.00	0.00	0.00	0.00	0.00	0.00	0.00	0.00	0.00	0.00	0.00	0.00	0.06	
08314000	1125	19541125	20131125	48	0.01	0.03	0.00	0.18		0.00	0.00	0.00	0.00	0.00	0.00	0.00	0.00	0.00	0.00	0.00	0.00	0.00	0.00	0.00	0.00	0.00	0.00	0.07	
08314000	1126	19541126	20131126	48	0.01	0.03	0.00	0.18		0.00	0.00	0.00	0.00	0.00	0.00	0.00	0.00	0.00	0.00	0.00	0.00	0.00	0.00	0.00	0.00	0.00	0.00	0.04	
08314000	1127	19541127	20131127	48	0.01	0.03	0.00	0.17		0.00	0.00	0.00	0.00	0.00	0.00	0.00	0.00	0.00	0.00	0.00	0.00	0.00	0.00	0.00	0.00	0.00	0.00	0.04	
08314000	1128	19541128	20131128	48	0.00	0.02	0.00	0.14		0.00	0.00	0.00	0.00	0.00	0.00	0.00	0.00	0.00	0.00	0.00	0.00	0.00	0.00	0.00	0.00	0.00	0.00	0.04	
08314000	1129	19541129	20131129	48	0.00	0.02	0.00	0.14		0.00	0.00	0.00	0.00	0.00	0.00	0.00	0.00	0.00	0.00	0.00	0.00	0.00	0.00	0.00	0.00	0.00	0.00	0.04	
08314000	1130	19541130	20131130	48	0.01	0.03	0.00	0.15		0.00	0.00	0.00	0.00	0.00	0.00	0.00	0.00	0.00	0.00	0.00	0.00	0.00	0.00	0.00	0.00	0.00	0.00	0.05	
08314000	1201	19541201	20131201	47	0.01	0.03	0.00	0.17		0.00	0.00	0.00	0.00	0.00	0.00	0.00	0.00	0.00	0.00	0.00	0.00	0.00	0.00	0.00	0.00	0.00	0.00	0.05	
08314000	1202	19541202	20131202	47	0.01	0.03	0.00	0.18		0.00	0.00	0.00	0.00	0.00	0.00	0.00	0.00	0.00	0.00	0.00	0.00	0.00	0.00	0.00	0.00	0.00	0.00	0.05	
08314000	1203	19541203	20131203	47	0.01	0.03	0.00	0.18		0.00	0.00	0.00	0.00	0.00	0.00	0.00	0.00	0.00	0.00	0.00	0.00	0.00	0.00	0.00	0.00	0.00	0.00	0.05	
08314000	1204	19541204	20131204	47	0.00	0.02	0.00	0.16		0.00	0.00	0.00	0.00	0.00	0.00	0.00	0.00	0.00	0.00	0.00	0.00	0.00	0.00	0.00	0.00	0.00	0.00	0.04	
08314000	1205	19541205	20131205	47	0.00	0.02	0.00	0.14		0.00	0.00	0.00	0.00	0.00	0.00	0.00	0.00	0.00	0.00	0.00	0.00	0.00	0.00	0.00	0.00	0.00	0.00	0.04	
08314000	1206	19541206	20131206	47	0.00	0.02	0.00	0.14		0.00	0.00	0.00	0.00	0.00	0.00	0.00	0.00	0.00	0.00	0.00	0.00	0.00	0.00	0.00	0.00	0.00	0.00	0.02	
08314000	1207	19541207	20131207	47	0.00	0.02	0.00	0.14		0.00	0.00	0.00	0.00	0.00	0.00	0.00	0.00	0.00	0.00	0.00	0.00	0.00	0.00	0.00	0.00	0.00	0.00	0.02	
08314000	1208	19541208	20131208	47	0.00	0.02	0.00	0.14		0.00	0.00	0.00	0.00	0.00	0.00	0.00	0.00	0.00	0.00	0.00	0.00	0.00	0.00	0.00	0.00	0.00	0.00	0.02	
08314000	1209	19541209	20131209	47	0.00	0.02	0.00	0.14		0.00	0.00	0.00	0.00	0.00	0.00	0.00	0.00	0.00	0.00	0.00	0.00	0.00	0.00	0.00	0.00	0.00	0.00	0.02	
08314000	1210	19541210	20131210	47	0.00	0.02	0.00	0.13		0.00	0.00	0.00	0.00	0.00	0.00	0.00	0.00	0.00	0.00	0.00	0.00	0.00	0.00	0.00	0.00	0.00	0.00	0.02	
08314000	1211	19541211	20131211	47	0.00	0.02	0.00	0.11		0.00	0.00	0.00	0.00	0.00	0.00	0.00	0.00	0.00	0.00	0.00	0.00	0.00	0.00	0.00	0.00	0.00	0.00	0.02	
08314000	1212	19541212	20131212	47	0.00	0.01	0.00	0.09		0.00	0.00	0.00	0.00	0.00	0.00	0.00	0.00	0.00	0.00	0.00	0.00	0.00	0.00	0.00	0.00	0.00	0.00	0.02	
08314000	1213	19541213	20131213	47	0.00	0.01	0.00	0.08		0.00	0.00	0.00	0.00	0.00	0.00	0.00	0.00	0.00	0.00	0.00	0.00	0.00	0.00	0.00	0.00	0.00	0.00	0.02	
08314000	1214	19541214	20131214	47	0.00	0.01	0.00	0.08		0.00	0.00	0.00	0.00	0.00	0.00	0.00	0.00	0.00	0.00	0.00	0.00	0.00	0.00	0.00	0.00	0.00	0.00	0.02	
08314000	1215	19541215	20131215	47	0.00	0.01	0.00	0.07		0.00	0.00	0.00	0.00	0.00	0.00	0.00	0.00	0.00	0.00	0.00	0.00	0.00	0.00	0.00	0.00	0.00	0.00	0.02	
08314000	1216	19541216	20131216	47	0.00	0.01	0.00	0.04		0.00	0.00	0.00	0.00	0.00	0.00	0.00	0.00	0.00	0.00	0.00	0.00	0.00	0.00	0.00	0.00	0.00	0.00	0.02	
08314000	1217	19541217	20131217	47	0.00	0.01	0.00	0.04		0.00	0.00	0.00	0.00	0.00	0.00	0.00	0.00	0.00	0.00	0.00	0.00	0.00	0.00	0.00	0.00	0.00	0.00	0.02	
08314000	1218	19541218	20131218	47	0.00	0.01	0.00	0.03		0.00	0.00	0.00	0.00	0.00	0.00	0.00	0.00	0.00	0.00	0.00	0.00	0.00	0.00	0.00	0.00	0.00	0.00	0.02	
08314000	1219	19541219	20131219	47	0.00	0.01	0.00	0.03		0.00	0.00	0.00	0.00	0.00	0.00	0.00	0.00	0.00	0.00	0.00	0.00	0.00	0.00	0.00	0.00	0.00	0.00	0.01	
08314000	1220	19541220	20131220	47	0.00	0.01	0.00	0.03		0.00	0.00	0.00	0.00	0.00	0.00	0.00	0.00	0.00	0.00	0.00	0.00	0.00	0.00	0.00	0.00	0.00	0.00	0.01	
08314000	1221	19541221	20131221	47	0.00	0.01	0.00	0.03		0.00	0.00	0.00	0.00	0.00	0.00	0.00	0.00	0.00	0.00	0.00	0.00	0.00	0.00	0.00	0.00	0.00	0.00	0.01	
08314000	1222	19541222	20131222	47	0.00	0.00	0.00	0.02		0.00	0.00	0.00	0.00	0.00	0.00	0.00	0.00	0.00	0.00	0.00	0.00	0.00	0.00	0.00	0.00	0.00	0.00	0.01	
08314000	1223	19541223	20131223	47	0.00	0.01	0.00	0.03		0.00	0.00	0.00	0.00	0.00	0.00	0.00	0.00	0.00	0.00	0.00	0.00	0.00	0.00	0.00	0.00	0.00	0.00	0.01	
08314000	1224	19541224	20131224	47	0.00	0.01	0.00	0.03		0.00	0.00	0.00	0.00	0.00	0.00	0.00	0.00	0.00	0.00	0.00	0.00	0.00	0.00	0.00	0.00	0.00	0.00	0.01	
08314000	1225	19541225	20131225	47	0.00	0.00	0.00	0.02		0.00	0.00	0.00	0.00	0.00	0.00	0.00	0.00	0.00	0.00	0.00	0.00	0.00	0.00	0.00	0.00	0.00	0.00	0.01	
08314000	1226	19541226	20131226	47	0.00	0.00	0.00	0.02		0.00	0.00	0.00	0.00	0.00	0.00	0.00	0.00	0.00	0.00	0.00	0.00	0.00	0.00	0.00	0.00	0.00	0.00	0.00	
08314000	1227	19541227	20131227	47	0.00	0.00	0.00	0.02		0.00	0.00	0.00	0.00	0.00	0.00	0.00	0.00	0.00	0.00	0.00	0.00	0.00	0.00	0.00	0.00	0.00	0.00	0.00	
08314000	1228	19541228	20131228	47	0.00	0.00	0.00	0.03		0.00	0.00	0.00	0.00	0.00	0.00	0.00	0.00	0.00	0.00	0.00	0.00	0.00	0.00	0.00	0.00	0.00	0.00	0.00	
08314000	1229	19541229	20131229	47	0.00	0.00	0.00	0.03		0.00	0.00	0.00	0.00	0.00	0.00	0.00	0.00	0.00	0.00	0.00	0.00	0.00	0.00	0.00	0.00	0.00	0.00	0.00	
08314000	1230	19541230	20131230	47	0.00	0.00	0.00	0.02		0.00	0.00	0.00	0.00	0.00	0.00	0.00	0.00	0.00	0.00	0.00	0.00	0.00	0.00	0.00	0.00	0.00	0.00	0.00	
08314000	1231	19541231	20131231	47	0.00	0.00	0.00	0.01		0.00	0.00	0.00	0.00	0.00	0.00	0.00	0.00	0.00	0.00	0.00	0.00	0.00	0.00	0.00	0.00	0.00	0.00	0.00	
