site_no	monthday	begin_dt	end_dt	count_nu	mean	std	min	max	p01	p05	p10	p15	p20	p25	p30	p35	p40	p45	p50	p55	p60	p65	p70	p75	p80	p85	p90	p95	p99
14190500	ALL	19051001	20151013	29720	865.62	1442.15	2.60	25900.00	18.00	28.00	36.00	45.00	57.00	75.00	103.00	142.00	192.00	260.00	346.00	443.00	554.00	687.00	841.70	1030.00	1290.00	1660.00	2270.00	3460.00	6860.00
14190500	0101	19060101	20150101	81	2090.36	1901.54	136.00	10100.00		339.40	536.20	626.80	743.20	808.50	950.80	1080.00	1252.00	1437.00	1600.00	1665.00	1860.00	2013.00	2234.00	2795.00	3062.00	3448.00	4402.00	6725.00	
14190500	0102	19060102	20150102	81	1976.27	1690.53	143.00	9020.00		449.40	543.60	616.70	791.40	845.50	968.60	1031.00	1216.00	1448.00	1470.00	1664.00	1842.00	1920.00	2158.00	2430.00	2896.00	3535.00	3954.00	5458.00	
14190500	0103	19060103	20150103	81	2026.43	1712.14	187.00	8200.00		427.20	517.00	638.00	793.20	883.50	923.60	1084.00	1230.00	1290.00	1500.00	1582.00	1740.00	1906.00	2366.00	2780.00	2970.00	3612.00	4360.00	6805.00	
14190500	0104	19060104	20150104	81	2259.63	2856.66	164.00	20000.00		413.50	484.60	600.20	764.00	897.50	1080.00	1130.00	1222.00	1338.00	1430.00	1548.00	1770.00	1947.00	2370.00	2720.00	2988.00	3593.00	4136.00	5142.00	
14190500	0105	19060105	20150105	81	2045.69	2018.46	149.00	11400.00		403.40	469.20	647.40	810.80	947.50	998.80	1027.00	1138.00	1300.00	1440.00	1531.00	1672.00	1944.00	2280.00	2570.00	3006.00	3233.00	3708.00	6730.00	
14190500	0106	19060106	20150106	81	2056.05	1810.58	136.00	9760.00		398.50	464.80	647.40	853.20	926.00	980.20	1071.00	1224.00	1384.00	1520.00	1583.00	1794.00	2114.00	2310.00	2650.00	2860.00	3723.00	4508.00	6304.00	
14190500	0107	19060107	20150107	81	2123.28	1893.84	110.00	9230.00		373.40	493.00	661.40	821.40	850.50	948.40	1067.00	1148.00	1267.00	1410.00	1525.00	1728.00	2212.00	2456.00	2970.00	3390.00	3982.00	4528.00	6574.00	
14190500	0108	19060108	20150108	81	2191.33	2007.91	134.00	8550.00		361.30	610.20	715.20	772.00	866.50	969.60	1052.00	1128.00	1209.00	1330.00	1433.00	1780.00	2042.00	2300.00	2770.00	3402.00	4474.00	5622.00	7396.00	
14190500	0109	19060109	20150109	81	2162.46	1803.41	131.00	7780.00		403.80	681.20	721.20	801.60	882.00	1005.60	1144.00	1196.00	1313.00	1430.00	1652.00	1754.00	2024.00	2458.00	2895.00	3602.00	4299.00	5058.00	6414.00	
14190500	0110	19060110	20150110	81	2136.22	1698.33	134.00	8140.00		616.80	646.20	704.20	783.00	866.00	1006.00	1085.00	1308.00	1436.00	1520.00	1750.00	1976.00	2292.00	2546.00	2780.00	3196.00	4166.00	4686.00	5207.00	
14190500	0111	19060111	20150111	81	2089.40	1765.49	120.00	11600.00		593.60	646.80	711.80	763.80	897.00	951.60	1142.00	1250.00	1349.00	1600.00	1761.00	1962.00	2227.00	2456.00	2730.00	3122.00	3311.00	4644.00	5591.00	
14190500	0112	19060112	20150112	81	2027.11	1677.72	139.00	9260.00		566.00	664.00	778.40	863.20	922.00	1088.00	1167.00	1252.00	1417.00	1550.00	1635.00	1794.00	1948.00	2212.00	2480.00	2792.00	3231.00	4388.00	6076.00	
14190500	0113	19060113	20150113	81	2099.49	1616.56	181.00	9200.00		548.90	628.20	789.70	837.00	975.00	1084.00	1147.00	1374.00	1536.00	1680.00	1791.00	2000.00	2133.00	2218.00	2480.00	3258.00	3874.00	4438.00	5564.00	
14190500	0114	19060114	20150114	81	2172.90	1713.69	312.00	8230.00		502.90	597.80	732.00	806.80	937.50	969.00	1114.00	1286.00	1430.00	1640.00	1730.00	1886.00	2347.00	2562.00	3155.00	3330.00	4020.00	4692.00	5784.00	
14190500	0115	19060115	20150115	81	2347.60	2182.31	269.00	10900.00		480.10	592.60	703.70	791.20	909.50	1013.20	1137.00	1246.00	1446.00	1600.00	1683.00	1890.00	2565.00	2842.00	3055.00	3528.00	3767.00	4994.00	7996.00	
14190500	0116	19060116	20150116	81	2396.02	2425.87	235.00	16800.00		453.90	584.80	709.90	856.00	964.50	1084.00	1155.00	1296.00	1397.00	1490.00	1707.00	2036.00	2445.00	3008.00	3370.00	3506.00	3914.00	4610.00	7330.00	
14190500	0117	19060117	20150117	81	2502.22	2351.81	207.00	12900.00		437.60	579.20	751.50	832.40	900.50	1030.00	1141.00	1324.00	1585.00	1790.00	2012.00	2560.00	2853.00	2956.00	3210.00	3560.00	4186.00	4982.00	7396.00	
14190500	0118	19060118	20150118	81	2744.17	2466.41	186.00	10000.00		426.70	559.60	710.60	767.40	923.00	983.60	1114.00	1328.00	1828.00	2160.00	2277.00	2452.00	2586.00	2972.00	3555.00	4772.00	5512.00	6694.00	9074.00	
14190500	0119	19060119	20150119	81	3099.12	4199.39	172.00	25900.00		406.90	601.60	678.10	730.80	856.00	932.80	1027.00	1200.00	1629.00	1760.00	1911.00	2106.00	2572.00	2848.00	3540.00	4328.00	5800.00	6290.00	13344.00	
14190500	0120	19060120	20150120	81	2743.11	3267.07	159.00	17600.00		386.00	619.00	662.50	750.00	830.50	936.80	1144.00	1378.00	1518.00	1650.00	1830.00	2018.00	2329.00	2598.00	2875.00	3648.00	4730.00	6762.00	11110.00	
14190500	0121	19060121	20150121	81	2550.56	3134.02	149.00	20100.00		409.80	573.40	631.00	713.20	772.50	926.40	1091.00	1268.00	1407.00	1480.00	1661.00	1900.00	2077.00	2334.00	2805.00	3554.00	4604.00	6278.00	8710.00	
14190500	0122	19060122	20150122	81	2238.17	2240.28	139.00	11400.00		424.90	556.80	603.00	700.40	786.00	912.40	1079.00	1188.00	1258.00	1370.00	1415.00	1826.00	1983.00	2132.00	2675.00	3488.00	4007.00	6384.00	7190.00	
14190500	0123	19060123	20150123	81	2144.25	1988.08	130.00	9130.00		396.00	508.80	626.50	740.00	867.00	961.60	1054.00	1142.00	1217.00	1360.00	1521.00	1580.00	1929.00	2184.00	2760.00	3400.00	4068.00	5858.00	6481.00	
14190500	0124	19060124	20150124	81	2137.47	1889.68	124.00	9120.00		377.50	498.80	662.60	789.20	880.00	954.00	1024.00	1086.00	1329.00	1470.00	1622.00	1772.00	1997.00	2286.00	2860.00	3676.00	4200.00	4956.00	6376.00	
14190500	0125	19060125	20150125	81	2150.56	1791.98	118.00	7790.00		361.20	481.20	647.20	765.00	869.00	918.00	1024.00	1166.00	1418.00	1640.00	1723.00	1814.00	2241.00	2610.00	2800.00	3586.00	4183.00	4894.00	6192.00	
14190500	0126	19060126	20150126	81	2140.94	1948.95	114.00	10800.00		361.60	509.60	616.20	705.80	770.00	923.40	997.00	1140.00	1346.00	1530.00	1651.00	2002.00	2173.00	2414.00	2645.00	3368.00	3995.00	4842.00	6850.00	
14190500	0127	19060127	20150127	81	2021.80	1705.48	109.00	8640.00		341.00	482.80	605.80	700.20	829.50	889.00	964.00	1170.00	1237.00	1440.00	1718.00	1880.00	2072.00	2242.00	2860.00	3302.00	3652.00	4112.00	6281.00	
14190500	0128	19060128	20150128	81	2190.11	2749.51	105.00	21800.00		327.60	507.20	583.20	650.00	800.00	870.00	1050.00	1100.00	1322.00	1580.00	1701.00	1970.00	2143.00	2358.00	2630.00	3098.00	3337.00	4060.00	6325.00	
14190500	0129	19060129	20150129	81	2049.86	2044.55	102.00	14200.00		330.60	482.00	540.90	668.80	759.50	870.20	992.70	1128.00	1345.00	1450.00	1635.00	1830.00	2109.00	2338.00	2770.00	3056.00	3656.00	4286.00	5315.00	
14190500	0130	19060130	20150130	81	1944.90	1781.79	98.00	8820.00		318.00	466.00	528.80	684.60	740.00	849.60	917.00	1106.00	1366.00	1490.00	1572.00	1722.00	1959.00	2160.00	2465.00	2614.00	3299.00	3918.00	6132.00	
14190500	0131	19060131	20150131	81	1908.12	1627.56	100.00	7380.00		346.40	439.20	587.40	663.20	753.50	821.80	941.30	1132.00	1259.00	1440.00	1570.00	1646.00	1872.00	2054.00	2740.00	2896.00	3370.00	4416.00	5877.00	
14190500	0201	19060201	20150201	81	2122.88	1967.40	117.00	8590.00		352.20	454.00	608.20	720.40	816.00	920.80	991.30	1120.00	1260.00	1380.00	1605.00	1784.00	1939.00	2266.00	2590.00	3204.00	3980.00	5468.00	7342.00	
14190500	0202	19060202	20150202	81	2079.35	1860.90	118.00	9740.00		355.30	434.40	573.80	725.00	842.50	963.60	1021.00	1130.00	1279.00	1380.00	1500.00	1640.00	2236.00	2440.00	2785.00	3082.00	3914.00	5132.00	5832.00	
14190500	0203	19060203	20150203	81	1922.56	1555.39	105.00	7020.00		357.60	426.80	539.40	721.00	815.00	900.60	1006.20	1078.00	1210.00	1420.00	1635.00	1760.00	2010.00	2400.00	2685.00	3210.00	3440.00	4014.00	5638.00	
14190500	0204	19060204	20150204	81	1845.20	1647.07	99.00	8760.00		352.20	457.40	534.00	704.40	779.50	881.60	966.40	1036.00	1147.00	1460.00	1612.00	1674.00	1743.00	2102.00	2370.00	2626.00	3129.00	3962.00	5760.00	
14190500	0205	19060205	20150205	81	1846.04	2079.55	96.00	16000.00		363.50	485.80	547.50	655.80	750.00	824.40	959.90	1088.00	1247.00	1340.00	1501.00	1570.00	1730.00	1886.00	2140.00	2564.00	2821.00	3598.00	6098.00	
14190500	0206	19060206	20150206	81	1881.44	2006.20	94.00	15500.00		362.50	466.00	584.10	653.00	752.00	876.80	977.60	1140.00	1347.00	1410.00	1562.00	1628.00	1763.00	1994.00	2170.00	2628.00	3076.00	3954.00	4857.00	
14190500	0207	19060207	20150207	81	2169.15	2934.02	92.00	22000.00		388.10	466.00	588.70	610.40	803.00	904.40	1007.00	1204.00	1349.00	1420.00	1501.00	1592.00	1759.00	1918.00	2505.00	2988.00	3220.00	4270.00	6664.00	
14190500	0208	19060208	20150208	81	2065.33	2704.79	90.00	21900.00		394.30	508.20	574.30	677.00	774.50	848.80	901.10	1076.00	1258.00	1350.00	1420.00	1482.00	1626.00	1894.00	2310.00	3058.00	3759.00	4874.00	5617.00	
14190500	0209	19060209	20150209	81	1943.89	2280.74	87.00	18400.00		419.70	493.80	562.60	713.60	780.50	929.80	1008.00	1088.00	1235.00	1280.00	1333.00	1558.00	1699.00	2010.00	2305.00	2892.00	3488.00	4294.00	4837.00	
14190500	0210	19060210	20150210	81	1930.01	1854.52	86.00	8350.00		411.40	481.40	549.20	696.40	747.50	915.40	963.30	1138.00	1189.00	1320.00	1411.00	1470.00	1603.00	1792.00	2345.00	2890.00	3371.00	4122.00	6836.00	
14190500	0211	19060211	20150211	81	1904.27	2011.98	110.00	10900.00		398.40	513.20	558.60	686.60	772.50	872.40	971.20	1048.00	1168.00	1260.00	1321.00	1358.00	1519.00	1920.00	1995.00	2588.00	3278.00	4536.00	6028.00	
14190500	0212	19060212	20150212	81	1756.90	1430.90	111.00	7160.00		426.90	496.80	600.50	674.20	756.50	897.20	933.30	1030.40	1129.00	1190.00	1319.00	1542.00	1601.00	1866.00	2280.00	2896.00	3608.00	4260.00	4919.00	
14190500	0213	19060213	20150213	81	1805.38	1522.83	122.00	7060.00		435.90	496.80	597.80	712.20	845.00	908.20	1004.10	1048.00	1146.00	1250.00	1365.00	1480.00	1606.00	1750.00	2245.00	2914.00	3461.00	3816.00	5492.00	
14190500	0214	19060214	20150214	81	1808.15	1530.15	139.00	7170.00		426.50	538.20	602.00	780.80	861.50	934.80	987.40	1058.00	1165.00	1230.00	1361.00	1546.00	1731.00	2068.00	2270.00	2596.00	3026.00	3794.00	6336.00	
14190500	0215	19060215	20150215	81	1722.94	1349.33	127.00	6630.00		446.40	522.60	624.20	803.20	882.00	942.40	1001.90	1046.00	1166.00	1220.00	1361.00	1492.00	1668.00	1988.00	2055.00	2614.00	2964.00	3792.00	5215.00	
14190500	0216	19060216	20150216	81	1805.79	1338.39	118.00	6350.00		433.30	498.20	664.80	764.40	874.50	943.40	1031.00	1136.00	1199.00	1340.00	1583.00	1668.00	1929.00	2188.00	2270.00	2600.00	3278.00	4040.00	4922.00	
14190500	0217	19060217	20150217	81	2077.69	1967.20	112.00	13500.00		427.10	519.80	740.60	807.20	882.00	935.40	1047.00	1098.00	1167.00	1470.00	1592.00	1882.00	1962.00	2494.00	2835.00	3002.00	3361.00	4456.00	5468.00	
14190500	0218	19060218	20150218	81	2241.32	2442.93	108.00	18800.00		425.00	539.60	807.20	867.20	921.50	1005.20	1061.00	1122.00	1357.00	1580.00	1734.00	1824.00	2023.00	2636.00	2865.00	3072.00	3620.00	4690.00	6067.00	
14190500	0219	19060219	20150219	81	2218.15	2046.92	103.00	13500.00		407.60	526.60	736.20	833.40	912.50	986.80	1055.00	1310.00	1415.00	1510.00	1654.00	1774.00	2193.00	2458.00	3200.00	3516.00	4125.00	4948.00	5840.00	
14190500	0220	19060220	20150220	81	2114.85	1875.16	102.00	8580.00		395.90	505.60	689.20	799.80	883.00	985.60	1102.00	1236.00	1318.00	1460.00	1555.00	1772.00	1895.00	2290.00	2740.00	3192.00	3859.00	4690.00	7432.00	
14190500	0221	19060221	20150221	81	2034.49	1765.17	133.00	9380.00		382.40	535.80	648.90	779.00	823.50	931.60	1044.00	1176.00	1277.00	1380.00	1538.00	1758.00	2029.00	2370.00	2845.00	3132.00	3781.00	4102.00	6240.00	
14190500	0222	19060222	20150222	81	1942.32	1695.90	272.00	7640.00		384.20	568.60	623.00	711.20	760.00	894.80	1017.00	1074.00	1169.00	1310.00	1391.00	1572.00	1840.00	2052.00	2535.00	3066.00	3848.00	4312.00	6248.00	
14190500	0223	19060223	20150223	81	1909.09	1780.58	292.00	8890.00		430.70	557.00	653.00	696.80	765.00	916.60	1006.40	1046.00	1187.00	1220.00	1343.00	1482.00	1745.00	1944.00	2230.00	2652.00	3582.00	4332.00	6776.00	
14190500	0224	19060224	20150224	81	1895.77	1768.10	282.00	9350.00		435.40	543.20	642.40	709.00	829.00	912.00	947.60	1036.00	1070.00	1170.00	1282.00	1506.00	1669.00	2030.00	2165.00	2730.00	3200.00	4672.00	6071.00	
14190500	0225	19060225	20150225	81	1995.79	1961.64	274.00	8900.00		484.00	598.60	636.60	672.80	763.00	848.00	906.20	989.60	1059.00	1150.00	1271.00	1450.00	1746.00	2038.00	2465.00	3384.00	3674.00	4250.00	7463.00	
14190500	0226	19060226	20150226	81	1830.79	1598.51	268.00	6980.00		469.10	581.00	635.50	693.60	769.50	812.80	885.20	959.40	1107.00	1230.00	1291.00	1442.00	1748.00	1890.00	2320.00	2828.00	3278.00	4616.00	6057.00	
14190500	0227	19060227	20150227	81	1739.25	1469.34	261.00	8200.00		454.50	573.80	614.40	696.60	762.50	783.00	855.80	916.80	1009.00	1130.00	1345.00	1518.00	1683.00	2022.00	2345.00	2694.00	3133.00	3904.00	5047.00	
14190500	0228	19060228	20150228	81	1769.69	1807.61	259.00	11400.00		436.30	568.80	602.00	680.80	706.50	762.60	843.30	920.40	991.70	1140.00	1340.00	1536.00	1706.00	1758.00	2120.00	2562.00	2862.00	3384.00	5706.00	
14190500	0229	19080229	20120229	19	1726.63	1405.53	420.00	5720.00		420.00	525.00	565.00	573.00	653.00	860.00	1000.00	1390.00	1440.00	1510.00	1510.00	1520.00	1580.00	1770.00	2050.00	2180.00	2690.00	4850.00	5720.00	
14190500	0301	19060301	20150301	81	1624.16	1540.03	291.00	11000.00		505.30	537.00	613.70	661.00	727.50	813.00	856.00	893.40	924.00	1200.00	1273.00	1334.00	1706.00	1936.00	2160.00	2288.00	2614.00	2866.00	4545.00	
14190500	0302	19060302	20150302	81	1627.25	1690.24	267.00	12600.00		502.60	556.60	605.10	640.20	765.00	806.00	898.00	926.20	977.20	1130.00	1173.00	1306.00	1530.00	1718.00	1985.00	2086.00	2285.00	3356.00	4676.00	
14190500	0303	19060303	20150303	81	1598.49	1580.35	255.00	11200.00		473.10	550.40	624.90	654.20	728.00	824.60	893.60	964.80	1010.00	1110.00	1261.00	1384.00	1546.00	1710.00	1850.00	2150.00	2358.00	3160.00	4430.00	
14190500	0304	19060304	20150304	81	1559.02	1348.53	245.00	8710.00		450.50	536.20	573.50	664.40	764.50	833.80	895.60	952.00	1047.00	1200.00	1242.00	1314.00	1482.00	1610.00	1815.00	2278.00	2683.00	3172.00	3691.00	
14190500	0305	19060305	20150305	81	1509.04	1162.72	236.00	6900.00		455.50	514.00	569.40	633.40	766.50	819.80	850.70	920.60	1038.00	1130.00	1246.00	1364.00	1475.00	1718.00	1900.00	2338.00	2517.00	2922.00	4014.00	
14190500	0306	19060306	20150306	81	1502.30	1157.43	229.00	5580.00		455.00	525.20	581.30	656.20	711.50	776.20	877.20	926.20	978.50	1140.00	1190.00	1286.00	1556.00	1738.00	2030.00	2066.00	2382.00	3158.00	4431.00	
14190500	0307	19060307	20150307	81	1440.96	1090.40	222.00	6320.00		436.20	511.20	598.70	628.40	687.00	787.00	844.60	957.60	1049.00	1090.00	1170.00	1346.00	1469.00	1608.00	1765.00	1932.00	2305.00	2946.00	3917.00	
14190500	0308	19060308	20150308	81	1421.30	1080.26	216.00	6250.00		415.30	543.00	576.90	637.60	659.00	756.00	845.90	949.40	1019.00	1070.00	1182.00	1270.00	1399.00	1538.00	1630.00	2090.00	2744.00	2930.00	3551.00	
14190500	0309	19060309	20150309	81	1480.84	1447.05	211.00	10900.00		394.60	525.80	572.80	613.20	655.00	719.20	852.10	911.60	969.00	1120.00	1178.00	1300.00	1419.00	1546.00	1605.00	1950.00	2305.00	3084.00	3717.00	
14190500	0310	19060310	20150310	81	1515.35	1316.41	206.00	9160.00		376.00	495.00	558.50	653.00	693.50	804.60	856.60	911.00	990.40	1050.00	1263.00	1382.00	1572.00	1726.00	1820.00	1986.00	2577.00	3118.00	4301.00	
14190500	0311	19060311	20150311	81	1507.26	1278.92	201.00	8450.00		360.70	472.60	558.00	626.80	698.00	764.60	827.40	889.60	1047.00	1180.00	1240.00	1316.00	1405.00	1634.00	1805.00	2156.00	2529.00	3254.00	4120.00	
14190500	0312	19060312	20150312	81	1475.17	1174.28	196.00	6570.00		349.00	453.60	562.70	669.80	732.50	751.80	773.10	930.00	1052.20	1150.00	1214.00	1350.00	1506.00	1708.00	1800.00	1954.00	2319.00	3368.00	3917.00	
14190500	0313	19060313	20150313	81	1492.58	1107.39	189.00	6130.00		340.00	443.20	545.80	636.40	694.00	726.40	854.10	967.80	1010.00	1090.00	1401.00	1452.00	1580.00	1750.00	1870.00	2280.00	2800.00	3202.00	3602.00	
14190500	0314	19060314	20150314	81	1487.60	1064.99	182.00	5560.00		383.40	449.80	525.90	647.00	677.50	731.40	878.50	917.40	1037.00	1160.00	1332.00	1426.00	1513.00	1662.00	2165.00	2362.00	2805.00	3122.00	3396.00	
14190500	0315	19060315	20150315	81	1542.19	1149.13	180.00	5830.00		370.40	457.60	563.10	613.20	707.00	809.60	883.60	972.40	1140.00	1220.00	1324.00	1410.00	1578.00	1820.00	1940.00	2232.00	2734.00	3122.00	3987.00	
14190500	0316	19060316	20150316	81	1670.01	1814.52	175.00	14200.00		358.30	422.00	552.30	580.60	728.50	785.40	895.80	960.80	1095.00	1180.00	1271.00	1310.00	1649.00	1858.00	2090.00	2456.00	2656.00	3458.00	4227.00	
14190500	0317	19060317	20150317	81	1499.33	1206.84	197.00	6800.00		358.00	400.40	550.40	584.60	715.50	768.00	845.30	972.00	1079.00	1120.00	1141.00	1208.00	1502.00	1742.00	2075.00	2254.00	2658.00	3188.00	3739.00	
14190500	0318	19060318	20150318	81	1400.26	981.55	189.00	5160.00		347.90	392.40	527.90	630.40	686.50	778.80	863.10	990.40	1020.00	1080.00	1133.00	1352.00	1521.00	1698.00	1820.00	2016.00	2479.00	2780.00	3573.00	
14190500	0319	19060319	20150319	81	1320.63	857.50	195.00	4660.00		353.70	440.00	516.20	622.00	694.50	798.60	896.10	927.80	970.30	1090.00	1212.00	1316.00	1506.00	1588.00	1740.00	1972.00	2173.00	2518.00	2912.00	
14190500	0320	19060320	20150320	81	1235.53	778.75	316.00	3820.00		337.90	421.00	539.80	630.60	669.00	757.20	845.30	876.20	900.00	1030.00	1160.00	1310.00	1340.00	1384.00	1595.00	1754.00	1947.00	2256.00	3213.00	
14190500	0321	19060321	20150321	81	1196.64	761.69	306.00	4480.00		337.90	416.80	512.00	611.40	648.50	755.00	787.10	816.40	865.30	1020.00	1191.00	1230.00	1253.00	1340.00	1500.00	1690.00	1912.00	2332.00	2759.00	
14190500	0322	19060322	20150322	81	1223.57	845.48	295.00	4040.00		330.80	426.00	509.00	562.60	652.50	723.20	753.20	773.80	940.00	1030.00	1072.00	1154.00	1235.00	1358.00	1475.00	1622.00	1921.00	2874.00	2977.00	
14190500	0323	19060323	20150323	81	1270.28	934.06	286.00	5090.00		329.60	440.60	511.60	576.80	662.00	705.60	731.40	793.80	883.00	995.00	1110.00	1170.00	1356.00	1436.00	1520.00	1676.00	2254.00	2736.00	2918.00	
14190500	0324	19060324	20150324	81	1272.53	835.09	275.00	3640.00		331.50	448.40	520.10	596.40	637.50	689.60	793.00	855.80	909.30	974.00	1120.00	1264.00	1346.00	1414.00	1680.00	1944.00	2272.00	2740.00	3171.00	
14190500	0325	19060325	20150325	81	1237.51	848.94	267.00	4500.00		337.80	468.20	537.50	561.80	599.00	659.60	752.60	859.20	872.80	972.00	1093.00	1224.00	1279.00	1384.00	1530.00	1742.00	2007.00	2486.00	3036.00	
14190500	0326	19060326	20150326	81	1181.64	773.52	261.00	4840.00		426.10	505.00	552.60	562.00	609.50	689.20	780.20	826.40	906.50	966.00	1083.00	1160.00	1243.00	1354.00	1475.00	1666.00	1840.00	2178.00	2798.00	
14190500	0327	19060327	20150327	81	1180.98	738.58	253.00	4660.00		454.50	529.20	548.10	627.80	660.50	747.40	804.30	837.40	870.00	968.00	1094.00	1150.00	1210.00	1304.00	1415.00	1574.00	1796.00	2352.00	2813.00	
14190500	0328	19060328	20150328	81	1189.43	710.25	243.00	3990.00		405.10	503.20	539.00	623.20	681.50	746.60	762.70	795.60	933.20	1040.00	1110.00	1184.00	1233.00	1370.00	1575.00	1706.00	1847.00	2248.00	2554.00	
14190500	0329	19060329	20150329	81	1232.49	796.27	236.00	3550.00		383.90	481.00	510.80	591.00	631.50	711.40	749.50	855.00	929.90	972.00	1041.00	1150.00	1289.00	1464.00	1775.00	1916.00	1984.00	2420.00	3326.00	
14190500	0330	19060330	20150330	81	1364.53	1196.38	244.00	6150.00		365.40	470.80	533.90	581.40	650.50	681.40	749.80	773.80	842.10	920.00	981.10	1068.00	1173.00	1312.00	1645.00	1872.00	2437.00	3048.00	3711.00	
14190500	0331	19060331	20150331	81	1423.77	1475.64	247.00	8390.00		347.30	452.60	513.10	577.80	633.00	693.20	736.20	782.60	838.00	919.00	1011.00	1060.00	1109.00	1242.00	1435.00	1992.00	2361.00	3474.00	5739.00	
14190500	0401	19060401	20150401	81	1365.93	1648.91	227.00	12500.00		336.60	458.20	508.40	584.80	632.00	714.40	749.40	778.00	813.80	890.00	965.50	983.00	1041.00	1184.00	1410.00	1866.00	2014.00	2838.00	4222.00	
14190500	0402	19060402	20150402	81	1165.64	1052.70	219.00	6750.00		379.40	429.80	488.20	550.20	595.50	676.20	717.40	765.40	801.80	880.00	905.20	930.00	996.20	1080.00	1225.00	1584.00	1771.00	2286.00	3377.00	
14190500	0403	19060403	20150403	81	1079.78	794.42	214.00	4510.00		372.30	426.40	476.50	516.20	553.00	625.20	695.70	737.60	787.30	847.00	930.90	962.20	1041.00	1168.00	1310.00	1440.00	1665.00	2098.00	2998.00	
14190500	0404	19060404	20150404	81	988.56	615.80	213.00	3130.00		356.30	402.60	454.60	506.80	535.00	616.60	665.50	695.80	759.90	830.00	884.20	971.80	997.30	1084.00	1255.00	1404.00	1618.00	1792.00	2541.00	
14190500	0405	19060405	20150405	81	952.65	581.81	249.00	3200.00		359.30	413.60	464.70	483.60	537.00	587.20	623.00	662.00	752.70	806.00	855.60	894.40	943.70	1082.00	1180.00	1326.00	1468.00	1874.00	2263.00	
14190500	0406	19060406	20150406	81	977.22	698.89	258.00	4770.00		357.00	393.40	454.50	493.00	540.00	585.80	633.50	734.60	761.70	798.00	823.40	910.60	987.90	1062.00	1155.00	1256.00	1350.00	1844.00	2390.00	
14190500	0407	19060407	20150407	81	983.27	785.71	251.00	5620.00		345.80	398.80	446.30	487.60	507.00	587.60	628.70	687.40	726.70	767.00	812.30	904.40	1029.00	1104.00	1155.00	1266.00	1366.00	1622.00	2369.00	
14190500	0408	19060408	20150408	81	998.27	968.39	244.00	8070.00		341.30	398.20	445.00	473.80	484.00	570.00	596.50	644.80	680.90	764.00	826.80	947.00	1019.00	1088.00	1125.00	1202.00	1407.00	1904.00	2376.00	
14190500	0409	19060409	20150409	81	962.37	693.57	245.00	4300.00		338.80	399.00	445.80	473.60	514.50	547.20	584.10	629.60	662.60	748.00	835.90	921.60	1000.00	1048.00	1170.00	1248.00	1468.00	1886.00	2325.00	
14190500	0410	19060410	20150410	81	956.72	668.37	242.00	3830.00		336.00	391.80	447.30	505.40	536.00	581.60	609.70	623.60	659.50	706.00	799.00	886.00	918.40	965.60	1125.00	1300.00	1653.00	1890.00	2167.00	
14190500	0411	19060411	20150411	81	935.21	632.55	232.00	3560.00		319.80	404.40	453.50	488.20	508.50	545.60	559.40	604.80	658.40	749.00	782.80	817.40	899.90	990.00	1220.00	1366.00	1565.00	1720.00	2491.00	
14190500	0412	19060412	20150412	81	916.53	608.85	224.00	3420.00		307.80	386.60	434.80	492.80	525.50	543.80	580.00	615.00	678.90	709.00	755.50	791.40	870.60	964.60	1090.00	1298.00	1529.00	1960.00	2284.00	
14190500	0413	19060413	20150413	81	934.33	690.43	219.00	4670.00		300.40	383.40	447.50	494.80	512.50	566.20	604.80	631.60	665.50	702.00	757.70	786.40	906.90	950.80	1155.00	1276.00	1551.00	1782.00	2346.00	
14190500	0414	19060414	20150414	81	894.52	664.94	227.00	4230.00		312.20	364.60	421.80	465.60	526.00	550.80	589.20	609.60	643.40	690.00	736.50	838.40	899.00	973.60	1070.00	1204.00	1384.00	1568.00	1900.00	
14190500	0415	19060415	20150415	81	866.70	606.57	221.00	4360.00		306.00	347.80	414.00	453.20	504.50	540.60	553.60	586.80	612.70	680.00	714.30	806.60	908.20	984.80	1145.00	1242.00	1338.00	1558.00	1851.00	
14190500	0416	19060416	20150416	81	829.80	563.34	217.00	3630.00		296.90	374.40	398.50	440.80	480.00	522.40	544.70	583.20	600.90	645.00	740.30	767.40	892.80	956.40	1055.00	1126.00	1204.00	1350.00	1978.00	
14190500	0417	19060417	20150417	81	799.52	470.98	228.00	2660.00		294.50	378.20	407.70	453.80	478.50	507.20	521.70	561.00	601.80	651.00	709.10	762.20	895.60	1014.00	1055.00	1076.00	1161.00	1346.00	1912.00	
14190500	0418	19060418	20150418	81	767.01	430.17	222.00	2160.00		289.50	371.20	412.80	432.00	467.50	490.80	530.60	551.40	574.40	631.00	677.50	727.20	841.90	929.00	971.00	998.40	1154.00	1342.00	1820.00	
14190500	0419	19060419	20150419	81	728.85	378.79	244.00	1810.00		303.70	371.80	408.30	438.00	457.00	485.60	497.50	523.80	594.60	628.00	671.00	717.60	788.00	843.60	867.50	936.80	1068.00	1484.00	1624.00	
14190500	0420	19060420	20150420	81	756.93	419.71	234.00	2100.00		287.50	361.60	404.50	433.00	460.00	496.60	529.90	563.60	587.80	649.00	680.50	764.20	783.30	823.00	883.50	970.80	1124.00	1462.00	1698.00	
14190500	0421	19060421	20150421	81	738.89	446.31	226.00	2620.00		270.90	348.40	395.60	410.80	437.00	463.40	499.70	545.00	573.80	642.00	683.50	723.00	764.60	798.60	886.00	935.00	1084.00	1256.00	1596.00	
14190500	0422	19060422	20150422	81	697.17	398.85	225.00	2210.00		256.10	331.40	377.80	396.60	415.00	447.80	469.70	518.60	543.90	610.00	661.10	677.40	706.20	740.20	811.50	977.20	1071.00	1138.00	1670.00	
14190500	0423	19060423	20150423	81	702.30	505.49	214.00	3900.00		283.10	336.40	363.40	393.60	427.00	447.40	486.60	503.40	580.20	604.00	621.10	649.60	660.40	688.80	757.00	864.80	948.80	1190.00	1701.00	
14190500	0424	19060424	20150424	81	741.40	766.07	204.00	6650.00		281.60	332.60	366.20	385.40	414.00	435.40	473.10	485.80	545.90	583.00	598.10	632.20	656.30	702.00	776.00	901.80	1108.00	1316.00	1660.00	
14190500	0425	19060425	20150425	81	712.83	643.86	198.00	5250.00		288.40	333.00	355.50	368.40	395.00	414.00	440.70	470.00	508.30	555.00	580.30	605.40	625.00	670.40	736.00	970.20	1050.00	1334.00	1539.00	
14190500	0426	19060426	20150426	81	655.20	466.54	202.00	3420.00		281.80	332.20	359.60	365.00	380.00	400.00	431.90	459.00	479.40	514.00	537.30	553.60	586.50	632.20	732.00	909.60	990.50	1272.00	1567.00	
14190500	0427	19060427	20150427	81	633.28	387.74	191.00	2390.00		278.30	322.20	343.70	364.80	378.00	403.40	425.70	476.00	497.80	506.00	532.30	556.00	588.40	664.60	762.50	850.80	984.90	1146.00	1575.00	
14190500	0428	19060428	20150428	81	646.35	461.70	181.00	3460.00		278.00	326.40	335.90	355.20	377.00	407.40	439.40	474.20	481.90	499.00	529.90	557.40	614.10	695.40	751.00	840.60	966.40	1072.00	1538.00	
14190500	0429	19060429	20150429	81	602.09	353.72	174.00	2340.00		294.10	312.00	331.30	343.20	380.00	396.20	441.50	448.40	458.70	494.00	508.20	534.00	605.20	674.20	699.00	754.60	925.00	1060.00	1371.00	
14190500	0430	19060430	20150430	81	567.00	289.25	171.00	1610.00		291.40	304.80	323.90	345.40	374.00	381.60	415.40	422.00	435.00	476.00	488.00	540.20	569.90	626.60	692.50	828.40	862.50	943.60	1294.00	
14190500	0501	19060501	20150501	81	549.23	253.98	164.00	1330.00		283.10	299.00	317.00	345.00	360.00	391.60	399.10	410.60	444.90	461.00	489.30	544.80	580.50	637.00	708.00	770.80	785.00	916.20	1150.00	
14190500	0502	19060502	20150502	81	556.25	332.95	178.00	2560.00		272.60	292.40	326.00	338.40	344.00	370.20	385.00	420.40	433.00	450.00	487.00	525.40	557.80	609.40	683.00	718.20	803.80	894.40	1142.00	
14190500	0503	19060503	20150503	81	568.85	356.90	222.00	2700.00		260.60	281.00	311.60	332.80	354.00	369.20	386.80	411.60	433.90	460.00	493.50	515.00	546.60	630.60	676.50	748.00	872.60	1036.00	1126.00	
14190500	0504	19060504	20150504	81	568.15	356.65	249.00	2280.00		263.30	290.60	309.00	330.60	354.00	374.80	389.00	398.00	408.90	424.00	464.40	482.40	521.40	594.80	708.00	765.60	840.30	939.80	1367.00	
14190500	0505	19060505	20150505	81	565.84	310.59	242.00	1770.00		254.70	286.40	314.80	329.40	347.50	371.20	374.00	394.80	418.40	440.00	463.90	506.80	586.70	669.00	720.00	801.00	892.80	1034.00	1236.00	
14190500	0506	19060506	20150506	81	568.73	384.66	238.00	2800.00		259.40	270.60	300.90	331.60	347.00	354.60	366.80	379.80	392.40	411.00	448.30	525.20	569.90	629.60	664.00	776.20	924.80	1058.00	1226.00	
14190500	0507	19060507	20150507	81	561.79	466.47	230.00	3630.00		243.40	266.20	281.80	314.20	325.00	334.60	342.40	359.20	371.20	381.00	429.80	486.80	539.10	612.40	648.00	726.20	884.10	946.60	1452.00	
14190500	0508	19060508	20150508	81	527.11	404.91	222.00	3220.00		230.70	249.20	273.70	291.20	306.50	317.80	324.70	340.00	345.00	384.00	424.00	489.60	542.00	589.00	644.50	704.60	790.50	874.40	1315.00	
14190500	0509	19060509	20150509	81	497.85	321.44	210.00	2340.00		222.80	243.20	263.50	282.00	292.00	302.60	313.40	325.40	354.30	375.00	411.10	459.20	517.40	543.40	630.00	703.40	744.70	950.40	1084.00	
14190500	0510	19060510	20150510	81	478.35	288.87	201.00	1910.00		212.80	230.40	262.40	272.40	286.00	297.80	308.70	336.60	356.60	378.00	405.70	472.20	500.90	544.40	617.50	635.20	689.80	864.60	944.80	
14190500	0511	19060511	20150511	81	459.99	250.98	196.00	1520.00		218.20	227.80	254.30	263.60	277.00	290.20	309.10	339.00	360.60	369.00	408.10	429.40	486.50	554.20	589.00	622.20	697.40	790.00	976.50	
14190500	0512	19060512	20150512	81	441.67	231.60	193.00	1290.00		206.40	217.60	238.20	254.00	267.00	280.00	298.70	326.00	353.20	379.00	393.40	433.80	499.60	533.20	548.00	598.00	621.00	731.60	930.60	
14190500	0513	19060513	20150513	81	426.86	215.07	192.00	1110.00		210.40	216.40	229.60	252.80	260.00	277.00	287.40	311.80	338.70	355.00	378.30	422.60	474.00	502.40	548.50	571.60	649.10	717.80	950.20	
14190500	0514	19060514	20150514	81	429.96	247.36	187.00	1340.00		203.10	208.00	225.20	247.60	259.50	266.20	280.40	305.60	321.60	343.00	361.90	405.20	453.30	485.40	513.00	562.20	649.90	759.80	1042.60	
14190500	0515	19060515	20150515	81	425.60	257.05	181.00	1500.00		198.00	206.00	211.80	241.80	253.00	265.00	292.20	310.00	317.00	341.00	379.30	411.40	461.10	493.00	514.00	569.80	607.70	689.80	869.60	
14190500	0516	19060516	20150516	81	416.30	251.04	171.00	1690.00		190.20	196.80	225.20	236.40	245.50	251.60	275.40	293.80	330.40	360.00	376.90	425.60	459.40	477.00	513.00	557.40	577.20	646.60	813.40	
14190500	0517	19060517	20150517	81	406.21	229.72	167.00	1550.00		183.30	193.40	216.10	232.80	237.00	242.60	271.20	287.80	313.80	346.00	370.40	438.40	458.10	477.00	508.00	557.20	566.20	599.60	900.10	
14190500	0518	19060518	20150518	81	411.85	243.13	162.00	1370.00		178.10	187.40	205.80	217.40	228.00	240.00	252.80	279.80	323.90	332.00	395.00	422.00	443.60	469.60	495.00	537.20	630.50	783.80	904.00	
14190500	0519	19060519	20150519	81	407.56	265.19	155.00	1780.00		170.40	180.40	202.00	211.20	223.50	231.20	262.10	284.60	311.90	319.00	374.90	408.40	423.10	452.00	474.00	507.40	608.20	742.60	957.50	
14190500	0520	19060520	20150520	81	382.30	224.55	151.00	1400.00		164.60	176.00	193.50	210.00	224.50	230.60	257.00	272.20	293.00	336.00	381.00	387.20	397.30	405.40	442.50	473.80	586.00	673.20	884.30	
14190500	0521	19060521	20150521	81	368.53	209.26	150.00	1160.00		158.50	169.40	186.60	208.40	219.00	240.00	246.10	265.40	291.70	339.00	356.40	366.40	382.70	392.80	419.00	459.80	570.70	638.80	864.50	
14190500	0522	19060522	20150522	81	357.01	205.47	142.00	1180.00		160.30	170.20	186.00	205.40	211.50	227.80	233.40	264.40	282.80	319.00	335.40	352.40	371.30	386.40	409.00	454.00	524.40	605.20	869.60	
14190500	0523	19060523	20150523	81	345.38	200.19	140.00	1100.00		158.40	169.00	195.90	202.40	210.50	218.60	234.80	250.40	276.20	300.00	315.60	329.20	345.20	364.40	387.00	436.80	502.30	628.20	875.40	
14190500	0524	19060524	20150524	81	333.74	186.48	137.00	1120.00		151.90	174.40	190.90	204.40	209.50	218.60	231.20	256.60	267.00	292.00	309.40	319.00	337.20	353.00	372.00	412.80	465.50	567.60	812.60	
14190500	0525	19060525	20150525	81	323.67	170.01	131.00	998.00		148.80	168.60	183.30	195.40	199.50	210.20	238.50	250.00	275.60	294.00	305.30	326.40	335.10	353.80	367.50	406.20	446.10	534.60	723.10	
14190500	0526	19060526	20150526	81	316.59	175.13	124.00	1090.00		146.30	169.20	185.30	187.80	193.50	201.20	220.80	238.80	260.90	281.00	295.40	308.00	326.40	346.80	378.50	408.60	438.80	481.40	689.10	
14190500	0527	19060527	20150527	81	308.60	163.49	120.00	959.00		140.00	168.20	179.20	184.80	194.00	211.20	218.40	233.20	251.30	267.00	285.20	306.00	316.60	336.20	367.00	388.20	455.30	496.40	621.50	
14190500	0528	19060528	20150528	81	302.70	151.35	116.00	864.00		134.30	160.20	173.10	180.00	197.00	213.80	222.10	231.20	249.80	267.00	272.10	291.20	313.60	336.40	362.50	393.20	461.90	521.80	580.50	
14190500	0529	19060529	20150529	81	298.84	147.11	113.00	776.00		131.70	157.60	170.00	180.80	196.00	206.40	221.40	233.60	245.90	258.00	261.50	289.80	308.30	334.80	358.50	393.40	439.20	499.80	675.70	
14190500	0530	19060530	20150530	81	289.37	140.35	111.00	791.00		131.10	154.80	163.00	180.00	197.50	206.20	215.80	230.80	239.60	246.00	267.00	281.00	300.20	316.60	346.00	375.60	412.70	492.20	640.70	
14190500	0531	19060531	20150531	81	281.80	131.20	107.00	756.00		127.40	155.00	161.60	183.20	192.00	195.40	216.40	226.80	234.80	244.00	259.50	273.40	292.20	315.40	335.50	371.00	399.90	477.40	597.00	
14190500	0601	19060601	20150601	81	276.95	128.82	108.00	838.00		131.20	151.00	156.50	177.40	184.50	198.00	205.40	227.80	243.80	253.00	259.30	279.40	287.80	310.40	328.50	349.40	387.40	497.60	543.80	
14190500	0602	19060602	20150602	81	271.84	135.82	105.00	853.00		139.10	148.20	158.10	169.40	179.50	186.20	203.90	218.80	227.80	230.00	240.00	253.40	277.30	291.80	318.50	352.20	428.80	477.60	515.50	
14190500	0603	19060603	20150603	81	271.14	164.33	102.00	1170.00		137.30	146.00	157.00	160.40	169.50	185.60	200.40	208.60	214.00	227.00	230.00	242.40	267.30	291.20	306.50	348.80	383.10	432.80	530.00	
14190500	0604	19060604	20150604	81	264.56	170.87	97.00	1420.00		135.20	141.80	153.30	158.40	166.00	175.00	193.00	201.00	205.80	219.00	227.30	247.60	263.50	285.40	321.00	334.40	373.80	411.40	506.60	
14190500	0605	19060605	20150605	81	263.00	184.31	92.00	1520.00		127.10	140.20	149.30	160.00	161.50	177.40	185.70	192.00	197.80	210.00	227.80	251.60	267.30	293.00	307.00	320.20	353.40	428.20	470.50	
14190500	0606	19060606	20150606	81	254.60	166.37	89.00	1140.00		116.10	135.20	148.00	154.40	158.00	167.60	181.40	195.20	199.80	211.00	229.00	241.00	254.30	267.80	290.50	311.20	343.80	394.40	520.40	
14190500	0607	19060607	20150607	81	278.40	260.03	81.00	2020.00		110.30	131.00	146.60	152.20	163.00	172.40	177.40	189.80	201.90	216.00	239.20	250.40	257.30	268.40	285.00	316.20	350.80	381.80	771.80	
14190500	0608	19060608	20150608	81	276.90	269.60	81.00	2190.00		105.20	129.20	135.90	149.40	155.00	165.00	174.10	187.40	196.80	206.00	230.10	240.40	249.60	262.00	293.00	315.80	353.30	476.60	765.20	
14190500	0609	19060609	20150609	81	259.56	206.80	81.00	1260.00		94.40	121.20	130.60	143.80	149.00	155.60	167.80	177.80	188.40	203.00	217.10	224.60	235.60	248.60	271.00	308.40	341.10	470.00	716.40	
14190500	0610	19060610	20150610	81	249.75	183.30	82.00	1120.00		88.60	120.00	127.00	135.40	144.50	156.60	169.60	178.00	186.80	195.00	207.10	219.20	233.60	250.20	269.50	310.40	338.40	401.80	782.40	
14190500	0611	19060611	20150611	81	235.01	144.76	80.00	836.00		100.90	118.40	120.90	131.40	139.00	158.40	166.40	170.60	182.90	193.00	208.20	217.40	240.80	258.80	275.00	299.80	318.40	374.80	611.70	
14190500	0612	19060612	20150612	81	233.30	155.73	74.00	1030.00		107.30	117.20	123.30	125.40	134.00	152.20	160.00	172.60	174.90	188.00	194.30	208.80	234.60	246.60	267.00	292.20	311.70	408.60	624.60	
14190500	0613	19060613	20150613	81	229.38	178.74	78.00	1420.00		102.00	110.60	119.00	120.80	130.50	150.60	162.70	166.00	169.00	185.00	191.20	218.20	221.80	230.00	258.00	274.20	304.80	372.00	566.60	
14190500	0614	19060614	20150614	81	218.11	135.74	77.00	885.00		93.50	106.40	116.30	120.80	133.50	144.80	154.00	162.00	182.80	189.00	202.20	211.60	223.80	235.20	242.00	263.60	290.30	336.40	537.10	
14190500	0615	19060615	20150615	81	208.74	114.13	78.00	661.00		92.60	101.40	120.30	126.80	137.00	144.80	151.70	160.00	172.00	180.00	194.10	202.20	210.60	226.80	236.50	260.40	287.90	354.00	491.80	
14190500	0616	19060616	20150616	81	208.85	152.25	72.00	1220.00		89.50	106.60	112.30	121.20	131.00	135.00	143.00	145.60	162.90	171.00	184.10	191.60	199.60	219.40	233.50	250.80	273.90	335.00	504.60	
14190500	0617	19060617	20150617	81	197.56	125.43	66.00	951.00		92.20	104.40	111.70	121.00	127.00	133.00	135.70	153.60	158.70	164.00	174.10	184.40	190.40	205.40	220.00	233.80	267.20	365.80	432.50	
14190500	0618	19060618	20150618	81	188.00	112.00	64.00	890.00		88.20	101.40	113.50	119.00	124.50	131.00	140.00	151.80	156.80	161.00	166.60	182.00	192.00	200.40	207.00	224.40	239.70	294.40	400.80	
14190500	0619	19060619	20150619	81	178.01	93.93	64.00	665.00		80.30	98.00	106.00	113.60	120.50	124.00	130.70	143.40	149.90	155.00	161.40	174.20	185.90	195.00	204.00	226.60	232.80	275.60	372.30	
14190500	0620	19060620	20150620	81	172.75	90.24	61.00	597.00		78.10	94.40	102.60	109.00	116.50	122.60	129.70	136.00	143.80	155.00	158.00	171.40	180.60	188.00	199.00	216.60	233.40	274.80	355.00	
14190500	0621	19060621	20150621	81	165.75	83.70	58.00	514.00		80.20	91.60	97.30	103.80	110.50	116.60	122.00	133.40	137.90	144.00	149.40	164.60	176.60	186.00	194.00	209.20	220.00	256.20	339.70	
14190500	0622	19060622	20150622	81	157.72	75.72	57.00	435.00		73.20	87.80	95.90	99.40	106.00	110.60	116.80	124.40	131.60	140.00	147.20	160.40	165.50	175.00	189.00	202.00	207.70	245.00	320.70	
14190500	0623	19060623	20150623	81	152.74	71.74	46.00	407.00		70.90	85.00	92.20	100.00	106.00	108.60	113.70	120.40	127.70	138.00	143.00	149.80	160.60	170.80	177.00	194.00	208.00	262.80	321.00	
14190500	0624	19060624	20150624	81	148.68	65.79	45.00	382.00		67.00	83.40	92.60	99.80	103.00	109.60	114.10	123.00	133.90	137.00	142.20	147.60	151.30	162.00	174.50	185.00	214.60	244.40	286.70	
14190500	0625	19060625	20150625	81	146.63	62.36	41.00	347.00		66.40	77.40	94.30	98.40	103.50	112.20	116.00	125.40	129.90	132.00	139.00	147.00	150.90	165.60	179.00	185.60	214.10	228.80	292.30	
14190500	0626	19060626	20150626	81	145.38	64.36	40.00	405.00		63.30	73.00	88.30	91.20	101.00	110.60	117.50	124.00	128.90	132.00	143.00	147.00	153.60	167.40	173.00	190.00	204.00	220.60	277.70	
14190500	0627	19060627	20150627	81	141.15	58.77	40.00	319.00		61.10	71.20	83.30	88.80	96.50	104.00	115.00	122.60	126.90	133.00	138.00	143.60	151.90	164.80	176.50	187.80	200.90	209.80	275.00	
14190500	0628	19060628	20150628	81	137.77	56.87	44.00	300.00		59.30	68.80	79.90	89.60	94.00	101.00	108.70	115.80	118.90	125.00	134.10	142.20	154.60	161.20	176.50	190.80	202.80	218.80	242.40	
14190500	0629	19060629	20150629	81	136.06	54.45	52.00	333.00		60.00	70.00	76.60	92.40	95.50	103.00	109.70	112.80	122.00	128.00	133.00	140.60	156.30	160.40	173.00	178.60	184.40	209.60	232.50	
14190500	0630	19060630	20150630	81	133.54	58.60	48.00	390.00		58.20	66.60	79.10	90.00	93.00	102.60	106.00	111.20	116.80	120.00	127.20	139.20	144.00	155.00	165.50	171.00	184.70	209.60	232.70	
14190500	0701	19060701	20150701	82	124.66	49.34	49.00	319.00		55.45	73.30	79.90	84.00	87.75	93.90	102.05	106.00	111.70	115.00	117.65	131.40	141.95	146.00	153.25	160.20	167.75	192.80	207.70	
14190500	0702	19060702	20150702	82	121.95	53.55	48.00	371.00		52.30	72.00	77.35	83.20	86.75	91.80	101.10	104.00	106.35	110.00	111.65	125.40	134.90	138.10	144.25	154.20	162.10	182.10	207.95	
14190500	0703	19060703	20150703	82	116.29	50.93	46.00	368.00		53.15	68.90	75.35	78.00	79.00	85.00	98.00	101.00	101.35	103.00	112.30	120.00	124.95	131.20	139.00	143.80	151.30	173.70	209.85	
14190500	0704	19060704	20150704	82	111.88	46.33	43.00	311.00		52.60	66.30	71.00	74.60	81.75	85.90	91.10	95.20	97.35	102.00	109.65	116.60	119.95	128.00	130.25	140.40	147.00	163.70	197.65	
14190500	0705	19060705	20150705	82	111.02	42.10	41.00	265.00		58.30	64.30	69.45	73.20	83.00	86.80	91.00	94.20	96.00	106.50	111.65	115.80	119.95	127.40	136.00	142.40	153.00	162.40	188.95	
14190500	0706	19060706	20150706	82	105.46	40.38	42.00	239.00		48.75	57.60	66.00	72.60	76.75	84.40	90.00	93.20	96.00	98.00	103.00	107.00	112.95	120.10	125.25	132.20	137.55	157.90	202.55	
14190500	0707	19060707	20150707	82	102.07	40.37	38.00	224.00		43.45	54.90	61.90	65.60	74.00	79.50	87.10	91.00	93.35	96.00	100.00	102.80	110.85	116.20	120.75	132.40	139.85	153.00	195.95	
14190500	0708	19060708	20150708	82	98.41	40.69	37.00	242.00		41.75	55.60	58.90	65.20	69.25	78.30	84.00	86.00	87.00	91.00	92.00	99.00	105.95	111.00	119.00	127.40	133.75	142.40	189.00	
14190500	0709	19060709	20150709	82	97.78	43.15	34.00	254.00		40.45	54.90	60.35	63.00	65.75	75.20	79.05	80.20	84.00	85.50	90.65	97.80	104.00	115.20	120.75	128.20	138.30	152.40	195.50	
14190500	0710	19060710	20150710	82	94.93	43.38	32.00	267.00		40.15	50.20	57.00	60.00	65.00	71.90	76.05	77.20	80.35	84.00	86.65	94.20	96.95	108.00	115.00	127.40	136.55	148.40	179.85	
14190500	0711	19060711	20150711	82	90.28	38.63	29.00	218.00		39.60	49.30	56.45	58.60	61.75	68.90	72.05	74.20	79.00	80.00	84.95	88.00	92.85	107.00	110.50	123.00	131.55	142.10	177.65	
14190500	0712	19060712	20150712	82	87.59	35.98	29.00	200.00		40.15	51.30	53.45	58.60	61.00	64.00	70.05	71.20	74.00	77.00	83.65	89.40	93.85	106.20	111.00	117.40	129.10	138.70	162.65	
14190500	0713	19060713	20150713	82	84.51	33.72	28.00	178.00		37.60	43.30	52.45	56.60	59.00	63.90	68.10	71.00	72.00	74.00	79.00	83.80	89.90	100.00	111.25	117.80	124.55	134.40	144.55	
14190500	0714	19060714	20150714	82	81.67	32.91	25.00	173.00		37.00	40.50	49.45	55.20	58.00	63.00	68.00	69.20	70.70	73.50	76.00	80.00	88.95	94.30	110.00	112.00	115.55	129.40	150.40	
14190500	0715	19060715	20150715	82	79.30	32.76	21.00	180.00		32.30	38.30	48.25	53.60	57.00	59.90	64.10	67.20	68.35	72.50	75.65	79.60	88.00	92.50	100.00	107.40	110.55	124.70	141.65	
14190500	0716	19060716	20150716	82	76.27	29.84	22.00	160.00		33.15	35.30	45.35	52.00	54.75	59.90	63.00	64.00	67.00	70.00	73.65	81.60	87.00	92.10	98.25	105.20	109.65	113.70	138.00	
14190500	0717	19060717	20150717	82	74.50	30.44	20.00	150.00		27.75	33.00	44.00	49.60	52.75	58.90	61.00	63.00	66.00	67.50	73.90	78.00	80.90	92.20	96.50	100.20	106.55	117.10	135.70	
14190500	0718	19060718	20150718	82	74.49	34.85	23.00	221.00		24.90	33.90	44.45	47.80	54.00	57.90	59.05	62.00	64.00	67.00	69.00	72.80	80.75	88.20	92.00	96.40	104.10	118.10	143.55	
14190500	0719	19060719	20150719	82	72.89	33.29	21.00	186.00		26.15	31.00	42.25	46.60	52.50	57.90	59.00	61.00	62.00	65.00	68.65	71.80	78.85	85.10	90.25	97.00	104.30	122.30	140.65	
14190500	0720	19060720	20150720	82	69.56	30.35	19.00	163.00		28.00	32.00	38.00	46.00	49.75	56.00	59.00	59.20	60.00	61.50	64.65	67.00	76.75	83.00	85.00	97.20	101.10	113.40	123.85	
14190500	0721	19060721	20150721	82	66.80	27.80	20.00	143.00		26.00	28.50	38.80	46.00	49.00	53.90	57.00	58.00	59.00	61.00	64.00	65.80	71.90	77.00	80.50	90.00	100.00	107.20	123.10	
14190500	0722	19060722	20150722	82	64.54	27.29	18.00	140.00		24.15	28.50	39.00	42.00	44.75	50.70	54.00	55.00	56.35	59.50	62.00	63.80	74.90	77.00	78.25	85.60	99.00	103.00	114.25	
14190500	0723	19060723	20150723	82	62.89	27.37	22.00	167.00		24.15	30.00	35.35	40.00	43.50	47.00	52.00	53.20	56.00	57.50	59.65	61.00	70.95	73.20	79.25	88.20	95.00	97.70	106.55	
14190500	0724	19060724	20150724	82	60.63	25.60	21.00	148.00		23.15	28.30	33.35	38.00	43.75	46.00	49.05	52.00	54.35	57.00	59.30	61.00	68.85	73.00	76.25	82.80	90.55	94.70	98.70	
14190500	0725	19060725	20150725	82	58.90	24.30	19.00	132.00		23.15	28.00	31.35	37.20	43.25	44.90	48.00	50.00	51.35	53.50	56.65	65.00	67.90	72.00	76.50	80.00	87.55	90.70	98.55	
14190500	0726	19060726	20150726	82	57.73	25.42	17.00	163.00		23.00	26.90	32.45	36.80	40.75	44.00	46.00	49.20	50.35	52.00	55.65	61.60	63.95	69.10	74.50	78.00	81.20	86.70	105.80	
14190500	0727	19060727	20150727	82	55.91	23.59	16.00	118.00		24.15	28.00	31.35	35.20	39.00	40.90	43.05	48.00	50.00	53.00	54.65	57.80	62.90	69.00	71.00	75.20	81.10	87.00	107.25	
14190500	0728	19060728	20150728	82	54.38	23.84	15.00	143.00		21.30	25.30	29.90	35.00	38.75	40.00	42.10	46.20	48.00	49.50	52.00	54.00	58.95	64.20	69.25	73.80	80.65	86.10	101.20	
14190500	0729	19060729	20150729	82	52.87	23.19	14.00	138.00		20.15	26.30	28.45	32.00	37.00	38.00	44.05	46.00	47.00	48.50	50.65	52.80	57.90	62.00	66.50	70.40	80.55	88.10	94.40	
14190500	0730	19060730	20150730	82	52.06	23.71	18.00	163.00		19.45	24.30	28.45	32.20	36.75	37.90	43.05	45.20	46.35	48.00	50.00	54.00	55.95	61.10	66.00	68.60	75.10	82.10	89.85	
14190500	0731	19060731	20150731	82	50.89	22.07	12.00	148.00		21.15	24.30	27.45	31.20	36.75	38.00	42.05	44.20	46.35	48.50	52.65	53.80	55.00	58.10	63.50	67.40	70.65	79.70	83.85	
14190500	0801	19060801	20150801	82	49.24	20.78	8.60	115.00		18.15	24.00	26.00	31.60	35.75	39.00	40.05	42.20	44.00	48.00	50.00	50.00	53.00	58.00	61.00	64.20	75.20	79.70	87.00	
14190500	0802	19060802	20150802	82	48.81	21.14	6.40	103.00		17.15	21.20	27.00	31.20	36.00	37.00	39.05	41.00	42.00	44.50	48.00	51.00	53.95	59.00	60.50	64.40	74.55	82.10	90.85	
14190500	0803	19060803	20150803	82	48.13	20.98	6.40	126.00		16.75	23.20	30.00	31.00	34.50	37.00	39.00	40.00	41.00	42.00	47.65	49.80	53.95	56.10	59.50	67.00	72.55	77.70	86.25	
14190500	0804	19060804	20150804	82	46.19	18.54	5.90	87.00		16.30	23.00	28.45	30.60	35.75	37.80	39.05	40.00	41.00	43.00	45.65	47.80	50.90	54.10	57.50	61.00	68.75	75.70	82.55	
14190500	0805	19060805	20150805	82	46.15	19.32	7.50	103.00		16.15	23.30	27.45	31.00	32.75	35.00	37.00	39.00	40.35	44.00	46.00	48.00	50.95	55.10	59.00	63.20	70.55	74.70	81.70	
14190500	0806	19060806	20150806	82	45.46	18.37	14.00	103.00		18.15	22.30	26.00	31.60	33.00	34.90	38.00	38.00	40.00	43.00	45.00	47.00	48.00	52.00	57.25	62.80	69.55	71.70	76.00	
14190500	0807	19060807	20150807	82	44.75	17.58	8.60	95.00		18.15	22.00	26.35	30.60	31.75	34.00	37.00	39.20	41.00	42.50	44.00	47.80	50.00	52.20	56.50	60.40	65.00	69.40	75.85	
14190500	0808	19060808	20150808	82	44.57	18.10	6.90	103.00		17.30	21.30	26.00	28.60	31.75	33.00	34.00	37.20	40.00	42.50	48.65	50.00	51.00	53.00	56.25	61.40	64.00	68.70	75.55	
14190500	0809	19060809	20150809	82	43.95	18.62	9.20	99.00		16.15	21.00	26.00	28.60	30.75	32.80	33.05	36.40	38.35	41.50	45.00	48.00	49.00	53.10	57.00	61.40	63.00	70.70	76.85	
14190500	0810	19060810	20150810	82	43.07	19.37	8.50	128.00		16.15	21.60	25.45	28.00	29.00	32.00	34.05	36.00	38.00	40.00	43.00	47.80	48.95	50.10	53.00	57.00	61.55	67.40	72.00	
14190500	0811	19060811	20150811	82	41.22	17.83	7.40	99.00		13.45	21.00	24.00	27.20	30.00	32.90	34.00	35.00	36.35	38.00	42.00	44.00	46.00	48.00	50.25	54.40	57.00	63.90	72.00	
14190500	0812	19060812	20150812	82	40.13	17.14	6.40	95.00		14.15	20.30	23.35	25.00	28.00	30.90	33.00	34.20	36.00	39.50	42.00	43.00	44.00	46.00	50.00	54.20	57.00	61.40	70.70	
14190500	0813	19060813	20150813	82	39.47	16.67	6.00	91.00		14.45	18.30	22.90	26.60	28.75	30.00	33.00	33.20	36.35	38.00	40.65	42.80	43.00	45.10	48.25	51.80	56.00	63.80	68.70	
14190500	0814	19060814	20150814	82	39.19	16.51	6.00	95.00		13.15	18.30	25.00	26.00	27.75	29.00	34.00	35.00	35.00	37.00	40.00	42.00	44.00	46.10	48.00	50.40	53.55	60.80	68.55	
14190500	0815	19060815	20150815	82	38.93	16.18	6.90	91.00		14.15	18.20	24.45	26.00	27.75	30.90	32.05	34.20	36.00	37.00	38.65	40.00	43.00	44.20	48.00	51.40	54.55	59.00	68.10	
14190500	0816	19060816	20150816	82	38.51	16.47	8.60	95.00		14.15	18.60	22.90	26.00	27.75	29.00	31.00	34.00	34.00	37.50	40.00	40.00	42.00	44.00	45.00	51.40	54.55	56.70	68.40	
14190500	0817	19060817	20150817	82	38.45	15.39	5.30	87.00		15.45	19.30	24.45	27.00	28.00	29.00	31.05	33.20	36.00	37.50	40.00	41.00	42.00	44.10	47.00	49.00	52.55	56.00	67.25	
14190500	0818	19060818	20150818	82	39.38	16.56	3.90	87.00		12.60	18.30	25.90	29.00	30.00	31.00	33.00	34.20	35.35	38.00	39.00	39.80	42.00	44.00	46.25	49.40	55.00	61.40	80.05	
14190500	0819	19060819	20150819	82	38.76	16.84	3.60	87.00		11.45	18.00	24.45	26.60	28.00	30.00	31.05	33.20	37.00	38.00	38.00	39.80	40.00	44.10	47.25	49.40	55.10	61.10	77.85	
14190500	0820	19060820	20150820	82	38.60	17.01	2.60	111.00		14.00	19.30	24.45	26.00	27.00	29.00	29.10	32.40	37.00	37.00	38.00	40.00	42.95	46.10	48.25	50.00	53.00	57.70	69.00	
14190500	0821	19060821	20150821	82	39.55	20.56	4.40	153.00		14.15	18.20	24.00	26.60	28.00	28.90	31.00	32.00	33.35	36.00	37.65	39.80	41.95	48.00	49.00	50.40	53.00	61.10	75.70	
14190500	0822	19060822	20150822	82	39.12	19.24	5.00	131.00		11.45	17.20	24.00	25.60	28.00	29.00	32.00	32.00	35.35	36.00	37.65	39.80	41.90	44.00	47.25	50.20	56.00	63.40	78.55	
14190500	0823	19060823	20150823	82	39.80	19.83	5.30	121.00		12.45	18.00	23.45	25.00	27.00	28.00	31.05	34.00	35.00	36.50	38.00	39.00	41.95	45.10	48.00	51.40	57.65	67.00	80.25	
14190500	0824	19060824	20150824	82	42.19	24.71	5.60	177.00		16.15	20.30	23.00	25.00	26.75	28.00	30.05	33.00	34.00	35.00	37.00	40.00	41.95	47.00	49.25	58.00	69.00	74.70	85.50	
14190500	0825	19060825	20150825	82	44.29	31.72	5.00	202.00		16.15	21.30	24.45	25.00	27.75	29.00	30.05	32.00	33.35	36.00	38.00	40.00	44.90	48.10	52.25	59.00	63.65	69.00	101.55	
14190500	0826	19060826	20150826	82	45.47	38.85	6.40	280.00		13.45	22.00	23.00	24.00	26.75	28.00	31.05	33.00	35.00	37.00	40.00	43.00	45.90	51.00	52.00	55.00	61.10	69.70	90.70	
14190500	0827	19060827	20150827	82	43.63	32.75	8.40	238.00		13.30	20.60	22.00	23.60	27.75	29.90	32.05	34.00	34.35	36.00	39.65	42.00	44.00	47.00	49.25	51.00	57.20	69.00	85.40	
14190500	0828	19060828	20150828	82	42.48	30.10	13.00	230.00		15.00	21.30	23.00	24.00	26.75	28.90	31.05	33.20	34.00	36.00	38.65	40.00	43.90	45.00	48.00	49.00	54.65	67.40	86.55	
14190500	0829	19060829	20150829	82	43.12	27.45	11.00	197.00		14.15	21.60	24.00	26.00	26.75	28.00	31.00	34.00	34.35	35.00	38.00	38.80	41.95	45.10	49.00	54.20	63.30	79.00	97.20	
14190500	0830	19060830	20150830	82	45.30	31.19	11.00	168.00		14.00	21.30	24.00	25.60	27.00	27.90	30.10	34.00	34.00	36.50	38.00	39.80	44.00	46.10	49.25	53.80	63.65	93.50	131.05	
14190500	0831	19060831	20150831	82	44.91	29.61	8.90	148.00		16.15	20.30	23.00	26.60	27.75	28.00	30.05	32.20	34.00	36.50	40.30	42.80	44.00	45.10	49.00	56.60	65.30	84.00	138.45	
14190500	0901	19060901	20150901	82	42.85	23.64	6.90	130.00		17.45	20.30	24.00	25.60	27.00	28.00	30.05	33.00	34.35	37.50	40.65	42.00	44.00	46.00	50.50	56.00	61.55	71.90	106.10	
14190500	0902	19060902	20150902	82	47.21	46.97	9.90	357.00		16.15	21.00	22.45	24.60	26.00	28.00	30.00	32.00	34.35	37.00	40.00	41.80	43.95	47.10	50.50	53.80	64.10	76.60	99.70	
14190500	0903	19060903	20150903	82	46.46	45.00	12.00	331.00		16.00	20.30	21.45	24.00	26.00	27.00	28.05	31.20	33.00	36.00	39.00	40.00	41.95	47.00	50.25	57.20	65.55	74.10	91.70	
14190500	0904	19060904	20150904	82	42.56	26.76	13.00	176.00		16.15	19.30	21.00	24.00	25.75	27.80	29.00	31.00	33.00	37.00	38.65	41.00	42.00	47.10	50.25	59.00	63.10	74.80	89.95	
14190500	0905	19060905	20150905	82	49.70	64.14	14.00	555.00		16.15	18.30	21.00	24.00	26.00	26.00	28.05	31.20	33.00	36.00	38.00	41.00	42.00	47.10	51.50	59.00	67.75	80.40	123.40	
14190500	0906	19060906	20150906	82	47.00	44.80	12.00	332.00		18.00	20.00	21.00	24.60	26.00	27.00	29.00	32.00	33.00	35.00	37.30	40.00	42.95	46.20	51.50	59.00	66.10	74.40	110.65	
14190500	0907	19060907	20150907	82	45.35	38.96	12.00	328.00		18.15	21.00	24.00	25.00	26.00	26.90	29.00	30.00	32.00	33.00	36.00	41.00	44.00	49.20	54.25	56.40	65.55	78.30	96.95	
14190500	0908	19060908	20150908	82	43.44	26.62	11.00	180.00		18.30	21.00	23.00	25.60	27.00	28.90	29.00	31.20	33.35	34.50	39.30	41.00	43.90	49.20	53.00	58.00	62.55	75.40	91.10	
14190500	0909	19060909	20150909	82	41.88	22.62	13.00	135.00		18.15	21.00	24.45	25.60	27.00	30.00	31.00	32.00	34.00	35.50	38.00	40.80	41.95	45.10	50.50	54.40	61.65	73.10	82.25	
14190500	0910	19060910	20150910	82	43.85	36.17	14.00	316.00		19.00	22.00	23.00	25.00	26.75	27.90	30.10	33.00	35.00	36.00	37.00	41.00	43.90	46.10	51.25	55.40	63.55	67.40	73.85	
14190500	0911	19060911	20150911	82	43.84	36.38	17.00	322.00		19.00	22.00	23.45	26.00	26.00	27.90	30.05	32.00	33.00	35.00	36.00	38.60	40.00	46.00	53.75	58.40	63.55	69.70	87.85	
14190500	0912	19060912	20150912	82	44.38	36.60	14.00	256.00		18.15	21.00	24.00	25.00	28.00	29.00	30.00	32.00	33.00	34.00	35.00	36.80	37.95	45.10	53.25	59.00	64.55	67.70	85.10	
14190500	0913	19060913	20150913	82	47.67	59.52	12.00	520.00		19.15	21.60	24.00	25.60	27.50	29.00	30.00	31.00	33.00	34.00	34.00	36.00	38.00	46.00	48.25	53.20	65.00	75.40	107.20	
14190500	0914	19060914	20150914	82	46.16	42.49	11.00	333.00		19.00	19.30	22.45	24.20	26.75	28.00	30.00	31.20	33.00	34.00	36.65	37.00	40.00	45.00	50.50	54.40	70.55	74.70	120.25	
14190500	0915	19060915	20150915	82	47.96	39.60	14.00	254.00		19.00	20.00	22.00	24.00	26.00	29.00	30.05	32.20	34.00	35.50	36.65	38.00	42.00	44.10	52.00	61.00	73.95	89.10	148.70	
14190500	0916	19060916	20150916	82	54.98	51.45	17.00	240.00		20.15	22.00	23.00	24.00	25.00	27.80	31.05	34.00	34.35	36.00	38.00	39.00	41.95	46.50	53.25	64.20	84.30	137.70	198.45	
14190500	0917	19060917	20150917	82	57.95	66.95	16.00	537.00		20.15	23.00	25.45	26.60	27.75	29.90	32.00	32.20	34.00	37.00	38.00	40.80	42.00	47.20	65.25	76.40	97.70	116.40	158.75	
14190500	0918	19060918	20150918	82	57.30	65.02	18.00	542.00		20.15	25.00	26.00	26.60	28.75	30.00	32.10	34.20	36.00	39.50	40.00	41.80	46.95	58.40	64.75	69.80	78.55	118.90	143.45	
14190500	0919	19060919	20150919	82	59.62	61.62	18.00	427.00		20.60	25.00	26.45	28.60	30.50	31.00	33.00	35.00	37.35	39.50	41.00	44.00	47.85	58.20	63.00	78.40	92.50	106.70	174.65	
14190500	0920	19060920	20150920	82	62.18	67.17	18.00	432.00		21.15	24.30	26.45	28.60	30.50	33.00	33.10	37.00	38.00	40.00	41.00	44.00	49.00	51.40	59.75	72.00	87.40	130.00	240.95	
14190500	0921	19060921	20150921	82	60.43	63.55	17.00	460.00		19.15	23.30	25.45	28.60	30.00	32.00	34.00	35.20	37.00	39.00	41.00	45.40	51.00	56.10	62.00	72.40	88.85	123.10	211.25	
14190500	0922	19060922	20150922	82	56.38	51.96	15.00	356.00		19.00	21.60	25.00	27.00	30.00	32.90	34.00	36.00	37.00	38.50	40.65	44.00	46.00	53.20	62.00	67.60	83.00	116.60	181.70	
14190500	0923	19060923	20150923	82	53.32	41.20	16.00	251.00		19.15	21.30	24.00	27.00	28.75	30.00	34.00	35.00	36.00	37.50	40.95	43.60	48.90	55.00	57.25	74.80	90.50	115.50	154.25	
14190500	0924	19060924	20150924	82	54.78	41.11	16.00	200.00		19.00	21.00	23.45	26.00	28.50	31.00	33.05	34.00	35.00	38.00	39.00	43.60	51.80	59.00	67.00	76.40	96.25	130.00	154.05	
14190500	0925	19060925	20150925	82	56.39	51.95	14.00	379.00		17.30	21.00	24.45	26.00	28.75	32.00	32.00	33.00	34.00	36.50	40.30	43.00	50.95	58.00	60.00	77.40	103.65	127.80	148.85	
14190500	0926	19060926	20150926	82	54.44	45.73	15.00	262.00		18.30	22.30	25.00	26.60	29.00	31.00	32.00	34.00	36.00	38.00	40.00	43.80	51.90	55.00	58.25	65.80	94.55	103.90	149.45	
14190500	0927	19060927	20150927	82	58.39	62.28	16.00	509.00		19.00	22.30	26.45	30.60	32.00	32.90	34.05	36.00	38.00	40.00	45.60	50.60	52.00	56.30	63.50	69.80	81.05	106.70	156.50	
14190500	0928	19060928	20150928	82	58.22	51.13	16.00	367.00		20.15	23.60	26.45	30.00	32.00	33.00	34.05	38.00	39.35	41.50	44.65	47.80	51.00	55.40	62.00	76.20	92.75	103.40	169.25	
14190500	0929	19060929	20150929	82	70.22	142.67	16.00	1290.00		20.30	24.30	26.90	30.00	31.00	32.00	34.00	35.20	38.35	41.00	43.65	46.60	51.00	56.00	70.00	81.40	92.65	101.70	171.80	
14190500	0930	19060930	20150930	82	86.59	297.92	19.00	2730.00		23.00	24.30	29.45	30.60	32.00	33.00	34.00	35.00	37.35	39.50	43.30	48.00	51.95	55.00	67.00	80.20	88.65	104.40	152.75	
14190500	1001	19051001	20151001	83	83.39	217.74	18.00	1990.00		23.20	27.00	29.00	31.00	32.00	34.00	35.40	37.60	41.80	44.00	48.00	51.00	53.80	60.80	73.00	78.00	90.20	111.40	195.00	
14190500	1002	19051002	20151002	83	83.49	171.01	18.00	1410.00		22.40	27.00	29.00	29.80	32.00	34.00	36.00	38.60	41.00	43.00	48.20	53.40	57.00	66.60	75.00	81.40	97.00	115.40	222.80	
14190500	1003	19051003	20151003	83	96.20	173.27	16.00	1100.00		22.40	27.00	28.60	30.00	32.00	34.20	37.40	39.00	40.80	44.00	48.20	53.40	63.00	72.40	80.00	95.60	107.40	162.60	406.80	
14190500	1004	19051004	20151004	83	111.94	205.05	16.00	1290.00		24.00	27.00	28.00	30.00	32.00	37.00	38.00	40.60	43.00	46.00	50.20	58.20	68.00	74.00	84.00	100.60	132.00	179.60	722.80	
14190500	1005	19051005	20151005	83	103.90	190.22	16.00	1490.00		24.00	27.00	28.00	29.00	34.00	36.00	38.20	41.60	43.00	51.00	55.60	63.40	70.60	76.80	95.00	110.60	139.40	211.00	403.20	
14190500	1006	19051006	20151006	83	96.93	156.82	16.00	1040.00		23.20	26.40	28.00	30.80	34.00	36.00	38.40	41.00	46.60	51.00	58.20	62.40	72.80	82.80	88.00	94.80	115.60	205.20	349.40	
14190500	1007	19051007	20151007	83	102.48	162.29	16.00	951.00		24.20	26.00	28.00	31.00	34.00	36.00	39.00	42.00	45.80	50.00	56.20	64.20	70.00	72.80	82.00	96.00	133.80	174.80	569.00	
14190500	1008	19051008	20151008	83	99.60	143.34	17.00	993.00		24.20	27.00	30.60	32.80	34.00	37.00	38.00	42.60	43.80	50.00	57.20	62.40	76.00	81.00	96.00	114.00	135.40	233.60	412.40	
14190500	1009	19051009	20151009	83	113.30	173.55	17.00	979.00		24.20	28.00	30.00	32.00	35.00	37.20	40.00	44.00	46.60	55.00	58.80	65.00	75.20	82.40	98.00	107.60	178.60	259.80	452.20	
14190500	1010	19051010	20151010	83	140.36	288.70	18.00	1940.00		24.20	28.00	30.00	31.00	34.00	37.20	40.40	46.40	53.60	56.00	62.20	71.00	74.60	88.40	99.00	125.60	181.20	344.40	509.40	
14190500	1011	19051011	20151011	83	134.37	217.62	18.00	1250.00		24.20	28.00	30.60	33.00	35.00	37.40	41.80	46.00	52.80	55.00	58.20	71.60	85.00	100.60	129.00	172.60	229.40	304.20	564.00	
14190500	1012	19051012	20151012	83	143.40	211.17	19.00	1090.00		23.40	28.00	31.60	33.80	36.00	39.20	42.80	47.60	51.60	60.00	68.20	74.80	95.40	127.80	146.00	197.60	244.20	371.20	736.20	
14190500	1013	19051013	20151013	83	134.13	174.57	18.00	767.00		23.20	28.80	32.60	35.80	38.00	41.20	44.40	48.00	53.80	66.00	70.00	73.00	88.40	123.80	148.00	185.60	266.60	330.20	667.00	
14190500	1014	19051014	20141014	82	128.09	156.52	18.00	828.00		25.15	29.00	32.45	36.60	40.50	42.90	44.05	49.40	54.05	65.00	68.65	78.80	105.25	130.20	146.75	181.60	238.40	320.30	518.80	
14190500	1015	19051015	20141015	82	130.87	171.65	18.00	1030.00		24.30	30.30	36.45	38.60	41.75	48.00	50.00	54.40	60.00	62.50	67.30	77.20	100.35	117.10	137.75	181.00	214.65	359.00	584.30	
14190500	1016	19051016	20141016	82	154.82	246.79	17.00	1580.00		23.60	32.00	35.45	37.60	39.75	49.80	52.20	59.20	63.00	69.00	73.65	80.60	105.90	120.30	143.25	175.40	214.25	404.40	609.30	
14190500	1017	19051017	20141017	82	147.04	265.43	16.00	1990.00		24.45	31.30	33.45	36.60	42.00	47.90	52.15	59.00	62.35	70.00	72.65	80.20	93.95	109.00	134.25	163.00	232.95	315.90	474.20	
14190500	1018	19051018	20141018	82	151.06	339.36	16.00	2960.00		28.15	32.30	34.00	38.60	43.25	44.90	49.00	57.00	60.35	64.00	68.60	77.80	96.75	122.10	150.75	170.60	237.70	294.70	416.70	
14190500	1019	19051019	20141019	82	176.05	413.81	16.00	3660.00		27.45	31.30	35.90	38.00	43.75	46.90	53.05	58.20	62.35	70.00	76.30	105.60	114.90	137.50	168.50	225.20	275.25	400.50	529.15	
14190500	1020	19051020	20141020	82	212.26	511.40	18.00	4440.00		27.15	30.90	36.00	39.00	42.00	44.90	53.10	57.20	68.05	75.50	88.65	105.80	130.65	160.30	225.50	255.20	336.65	496.10	618.55	
14190500	1021	19051021	20141021	82	203.98	496.07	19.00	4370.00		28.15	33.30	37.00	39.00	44.50	50.70	54.10	63.20	74.70	93.50	110.60	131.80	154.75	163.60	207.75	249.80	279.10	332.80	666.75	
14190500	1022	19051022	20141022	82	200.01	348.67	20.00	2900.00		28.15	35.00	39.45	43.00	45.00	54.90	64.20	75.40	93.35	100.00	128.85	145.40	164.85	197.20	225.75	276.00	315.15	428.70	597.85	
14190500	1023	19051023	20141023	82	229.61	345.45	21.00	1970.00		29.15	35.60	41.00	45.60	51.75	55.80	73.15	80.40	92.05	106.00	137.55	157.00	168.00	200.00	249.75	294.40	415.85	576.00	929.65	
14190500	1024	19051024	20141024	82	235.05	422.86	24.00	3330.00		30.15	34.60	40.45	48.60	56.00	68.40	78.05	91.00	101.35	127.00	135.65	154.20	167.65	177.20	224.75	279.40	403.05	542.70	810.75	
14190500	1025	19051025	20141025	82	233.95	379.22	23.00	2520.00		31.15	35.30	38.90	47.20	54.75	66.40	81.50	97.00	102.10	117.50	127.65	150.80	167.75	201.00	213.50	270.20	364.00	527.50	904.55	
14190500	1026	19051026	20141026	82	219.23	270.07	25.00	1540.00		31.60	35.60	44.45	48.20	53.50	71.00	80.05	91.80	109.05	116.00	127.30	133.80	163.60	206.10	292.50	332.40	420.85	541.50	875.70	
14190500	1027	19051027	20141027	82	230.98	253.73	24.00	1320.00		32.30	36.60	43.45	51.20	64.50	76.60	84.35	101.40	116.75	131.50	149.90	163.60	197.85	233.10	327.50	406.60	489.35	596.80	707.35	
14190500	1028	19051028	20141028	82	281.41	393.08	23.00	2050.00		30.75	40.00	45.90	51.60	61.75	75.80	86.15	94.20	122.10	145.50	163.00	180.40	192.90	298.20	361.00	418.80	466.55	614.60	1096.00	
14190500	1029	19051029	20141029	82	289.83	431.71	21.00	3080.00		31.30	42.20	52.35	57.00	69.00	79.90	87.40	112.60	130.35	138.00	162.30	192.80	257.70	332.00	361.50	373.80	470.70	695.40	1063.90	
14190500	1030	19051030	20141030	82	290.20	402.59	22.00	2720.00		34.15	45.20	50.45	62.80	78.75	86.00	103.10	117.40	131.70	149.00	163.65	178.80	249.80	296.20	320.00	427.20	515.70	654.80	1164.00	
14190500	1031	19051031	20141031	82	360.20	560.67	24.00	3790.00		35.15	45.30	56.25	72.60	84.75	94.90	110.10	115.40	123.50	150.50	190.95	235.00	306.95	352.20	403.50	540.80	630.15	875.80	1274.50	
14190500	1101	19051101	20141101	81	429.02	619.03	30.00	3110.00		37.10	43.60	61.30	73.40	84.00	103.20	110.70	128.80	162.50	187.00	232.60	272.80	321.20	417.80	481.50	629.80	681.20	1120.00	2171.00	
14190500	1102	19051102	20141102	81	443.91	647.61	32.00	3560.00		40.10	51.40	66.60	79.00	86.50	98.80	106.10	128.60	158.60	186.00	255.30	271.80	306.00	346.60	451.50	658.00	748.10	1452.00	1838.00	
14190500	1103	19051103	20141103	81	458.17	698.25	32.00	3700.00		40.40	62.20	77.30	90.20	103.00	121.60	130.70	148.80	199.00	218.00	248.70	287.00	327.50	383.60	419.00	578.80	789.10	1220.00	1939.00	
14190500	1104	19051104	20141104	81	453.59	620.00	30.00	3620.00		39.40	64.00	86.00	100.40	108.50	128.60	154.40	170.80	196.10	225.00	260.30	334.20	351.40	414.00	527.50	632.60	828.10	1010.00	1739.00	
14190500	1105	19051105	20141105	81	464.12	547.29	28.00	2430.00		39.70	66.20	84.90	95.00	99.50	136.00	162.70	188.00	208.70	267.00	289.10	347.80	409.00	467.20	554.00	644.80	916.00	1374.00	1825.00	
14190500	1106	19051106	20141106	81	438.35	491.49	27.00	2480.00		44.00	66.20	79.00	109.20	126.00	143.80	152.40	197.00	227.70	258.00	280.30	367.20	400.20	444.40	508.50	575.80	830.10	1242.00	1610.00	
14190500	1107	19051107	20141107	81	488.23	608.00	27.00	4040.00		43.70	68.20	97.20	127.00	139.50	167.60	193.60	224.00	242.90	271.00	337.30	368.60	441.90	497.40	579.00	776.80	911.90	1172.00	1607.00	
14190500	1108	19051108	20141108	81	617.88	1058.78	27.00	6510.00		58.00	65.80	96.60	115.80	133.50	175.60	204.10	223.60	260.50	294.00	331.10	375.80	481.20	541.60	629.50	753.60	978.60	1416.00	2401.00	
14190500	1109	19051109	20141109	81	629.16	988.01	27.00	6460.00		56.00	72.20	102.60	115.80	121.00	168.20	193.90	210.00	246.40	277.00	316.40	383.00	462.00	522.20	655.50	814.00	1024.00	1644.00	2852.00	
14190500	1110	19051110	20141110	81	644.84	937.71	27.00	5190.00		56.20	76.80	99.80	112.60	163.00	188.60	198.10	219.00	267.90	302.00	343.20	412.60	447.60	528.40	627.50	742.20	1321.00	1570.00	3191.00	
14190500	1111	19051111	20141111	81	709.63	1040.95	30.00	5320.00		50.70	94.20	118.90	159.80	177.00	184.40	199.40	232.80	286.20	336.00	362.50	395.80	511.50	635.60	772.00	943.60	1017.00	1908.00	3777.00	
14190500	1112	19051112	20141112	81	747.51	996.40	44.00	4840.00		56.10	92.40	126.10	161.80	176.50	198.40	219.40	269.80	286.40	317.00	468.50	536.00	666.60	747.40	823.50	961.60	1200.00	2276.00	3550.00	
14190500	1113	19051113	20141113	81	793.37	993.32	45.00	4300.00		71.00	100.00	138.70	166.80	177.50	205.60	228.00	278.80	323.40	394.00	444.50	563.40	620.30	724.20	866.00	1134.00	1525.00	2924.00	3324.00	
14190500	1114	19051114	20141114	81	775.42	881.46	45.00	4420.00		70.50	121.20	150.10	167.00	182.50	200.00	250.40	304.80	359.00	429.00	529.20	568.00	695.90	809.00	953.50	1252.00	1488.00	2408.00	2881.00	
14190500	1115	19051115	20141115	81	786.91	902.73	44.00	5820.00		72.00	115.40	141.00	161.20	177.50	199.60	246.30	276.40	382.60	493.00	556.60	659.20	771.20	932.00	1060.00	1318.00	1813.00	2086.00	2214.00	
14190500	1116	19051116	20141116	81	927.91	1300.67	44.00	7450.00		79.40	111.80	133.30	152.00	162.00	169.80	233.70	335.20	447.70	504.00	560.50	672.00	810.40	938.20	1014.00	1520.00	1793.00	2318.00	3143.00	
14190500	1117	19051117	20141117	81	998.16	1367.88	49.00	8470.00		94.60	118.20	141.20	160.40	198.00	272.20	366.70	398.00	454.40	494.00	644.40	703.40	903.20	1096.00	1360.00	1402.00	1847.00	2236.00	3030.00	
14190500	1118	19051118	20141118	81	1043.79	1364.16	52.00	9670.00		84.30	124.40	138.80	168.00	227.00	301.40	380.70	438.60	487.30	599.00	738.40	800.00	1000.40	1110.00	1405.00	1518.00	1853.00	2690.00	3615.00	
14190500	1119	19051119	20141119	81	1117.05	1202.17	51.00	5900.00		98.50	133.40	164.60	218.40	277.00	350.60	405.30	466.00	520.40	617.00	720.60	936.40	1103.00	1272.00	1470.00	2036.00	2371.00	3162.00	3477.00	
14190500	1120	19051120	20141120	81	1329.51	1712.19	49.00	9390.00		96.60	133.60	188.30	262.00	329.00	415.00	456.40	499.20	644.20	815.00	875.10	988.00	1186.00	1538.00	1610.00	1808.00	2246.00	3464.00	5169.00	
14190500	1121	19051121	20141121	81	1280.78	1434.92	47.00	7290.00		94.50	129.40	174.90	256.80	350.00	424.60	492.80	558.20	652.10	835.00	926.10	1098.00	1201.00	1348.00	1505.00	1630.00	3019.00	3534.00	4738.00	
14190500	1122	19051122	20141122	81	1394.37	1505.66	47.00	9390.00		90.10	137.40	211.60	273.00	346.00	414.40	480.90	743.20	784.90	924.00	1025.00	1174.00	1421.00	1892.00	2175.00	2218.00	2770.00	3000.00	4112.00	
14190500	1123	19051123	20141123	81	1590.86	2362.18	44.00	19000.00		92.10	158.40	228.80	258.20	307.50	412.00	624.50	691.40	732.10	924.00	1130.00	1314.00	1834.00	1974.00	2170.00	2490.00	2818.00	3174.00	3988.00	
14190500	1124	19051124	20141124	81	1701.38	2215.51	41.00	15800.00		113.80	173.80	219.20	269.60	351.50	492.60	587.60	717.60	956.10	1250.00	1384.00	1452.00	1577.00	1972.00	2280.00	2428.00	2893.00	3576.00	6131.00	
14190500	1125	19051125	20141125	81	1865.25	2253.52	41.00	13700.00		131.40	189.60	238.30	303.60	391.00	505.80	625.30	693.80	986.40	1200.00	1401.00	1500.00	1744.00	2148.00	2585.00	3296.00	3708.00	4168.00	5878.00	
14190500	1126	19051126	20141126	81	1951.38	2378.13	43.00	12900.00		119.20	190.40	233.60	370.60	437.50	462.20	626.40	847.80	963.40	1180.00	1325.00	1568.00	1762.00	2040.00	2620.00	3244.00	3442.00	4258.00	7461.00	
14190500	1127	19051127	20141127	81	1862.01	2101.55	41.00	8450.00		106.10	202.60	257.70	348.40	423.50	478.80	653.10	821.60	886.40	1050.00	1220.00	1610.00	1750.00	2100.00	2525.00	2620.00	3698.00	5532.00	7425.00	
14190500	1128	19051128	20141128	81	1772.99	1879.88	41.00	8780.00		97.10	192.20	277.20	363.20	421.00	525.40	591.00	709.60	838.00	1030.00	1226.00	1460.00	1676.00	2138.00	2645.00	3112.00	4102.00	4464.00	6047.00	
14190500	1129	19051129	20141129	81	1621.44	1609.77	42.00	6560.00		83.00	191.40	260.80	331.00	443.50	490.60	627.30	731.20	847.80	938.00	1126.00	1434.00	1769.00	1954.00	2395.00	2774.00	3252.00	4762.00	5174.00	
14190500	1130	19051130	20141130	81	1671.85	1957.70	43.00	11000.00		76.20	189.40	307.50	366.40	424.00	527.60	580.80	732.40	821.10	1130.00	1291.00	1482.00	1675.00	1982.00	2190.00	2516.00	2880.00	3518.00	5951.00	
14190500	1201	19051201	20141201	81	1662.72	1631.11	48.00	8640.00		140.60	254.40	308.90	435.20	491.50	541.60	670.40	786.80	1047.00	1220.00	1306.00	1458.00	1659.00	2046.00	2310.00	2690.00	3129.00	4090.00	5214.00	
14190500	1202	19051202	20141202	81	1814.12	1746.12	63.00	7500.00		156.20	266.00	353.70	504.80	610.00	669.60	860.40	1013.40	1176.00	1280.00	1385.00	1644.00	1803.00	1868.00	2510.00	2798.00	3348.00	4024.00	6562.00	
14190500	1203	19051203	20141203	81	1999.10	1792.27	63.00	7810.00		158.20	275.00	382.30	476.60	556.50	652.20	928.20	1074.00	1238.00	1450.00	1533.00	1774.00	2116.00	2622.00	3150.00	3468.00	4135.00	4886.00	5610.00	
14190500	1204	19051204	20141204	81	1978.42	1807.82	63.00	9540.00		197.20	323.40	392.00	454.00	539.50	652.20	865.30	991.80	1058.00	1410.00	1556.00	1946.00	2315.00	2790.00	3025.00	3156.00	3902.00	4694.00	5302.00	
14190500	1205	19051205	20141205	81	2107.48	2256.84	60.00	14000.00		215.40	315.40	379.10	459.60	571.50	704.40	818.00	874.00	1076.00	1270.00	1606.00	1914.00	2212.00	2580.00	3040.00	3268.00	3789.00	5266.00	6724.00	
14190500	1206	19051206	20141206	81	2051.64	2072.88	59.00	12000.00		200.20	294.80	383.50	501.20	679.00	756.00	813.50	960.80	1109.00	1380.00	1678.00	1794.00	2172.00	2520.00	2935.00	3300.00	3764.00	4528.00	6580.00	
14190500	1207	19051207	20141207	81	1943.63	1639.08	59.00	8950.00		186.50	342.20	389.10	571.60	719.00	829.60	906.50	1030.20	1231.00	1450.00	1801.00	2012.00	2247.00	2616.00	2815.00	3072.00	3981.00	4392.00	4733.00	
14190500	1208	19051208	20141208	81	1879.46	1564.34	59.00	7620.00		198.20	306.20	482.20	655.80	738.50	838.80	985.70	1072.00	1350.00	1530.00	1582.00	1686.00	2019.00	2420.00	2630.00	3044.00	3308.00	4428.00	5289.00	
14190500	1209	19051209	20141209	81	1717.57	1434.06	85.00	7360.00		198.30	312.80	432.00	601.40	687.50	793.60	906.10	1116.60	1209.00	1370.00	1492.00	1590.00	1787.00	2142.00	2340.00	2594.00	3185.00	3604.00	4704.00	
14190500	1210	19051210	20141210	81	1770.78	1532.54	96.00	7340.00		195.40	313.60	458.40	571.80	642.50	855.80	992.20	1054.00	1190.00	1380.00	1547.00	1666.00	1806.00	2124.00	2250.00	2522.00	3024.00	4260.00	5288.00	
14190500	1211	19051211	20141211	81	1913.75	1720.24	120.00	8650.00		237.70	395.20	455.00	569.40	747.00	867.80	946.90	1024.00	1139.00	1410.00	1518.00	1712.00	1916.00	2262.00	2655.00	3018.00	3644.00	4138.00	5767.00	
14190500	1212	19051212	20141212	81	2076.43	2216.33	105.00	13200.00		231.20	383.00	500.70	606.00	774.50	802.80	895.90	1061.60	1257.00	1480.00	1621.00	1754.00	2030.00	2232.00	2885.00	3110.00	3520.00	4444.00	6039.00	
14190500	1213	19051213	20141213	81	2078.91	2082.20	95.00	10300.00		261.00	364.20	508.40	582.40	704.00	804.80	859.30	1010.00	1159.00	1330.00	1617.00	1744.00	1868.00	2148.00	2665.00	3266.00	4201.00	4976.00	7354.00	
14190500	1214	19051214	20141214	81	2166.83	2506.98	88.00	15500.00		271.50	385.60	477.80	613.60	688.00	784.80	919.40	974.80	1137.00	1240.00	1393.00	1482.00	1538.00	2284.00	3155.00	3776.00	4196.00	5218.00	6558.00	
14190500	1215	19051215	20141215	81	2232.00	2731.15	84.00	17600.00		268.40	399.80	495.30	618.40	726.00	824.60	874.70	986.60	1086.00	1150.00	1355.00	1646.00	1926.00	2250.00	2705.00	3152.00	4203.00	5278.00	7488.00	
14190500	1216	19051216	20141216	81	2111.02	2260.23	82.00	10500.00		259.80	363.80	480.20	581.60	672.00	767.40	920.20	964.00	1056.00	1330.00	1598.00	2082.00	2213.00	2392.00	2510.00	2740.00	3729.00	5176.00	7901.00	
14190500	1217	19051217	20141217	81	1959.57	1840.73	79.00	8160.00		288.10	392.20	507.70	583.80	684.50	794.60	876.40	980.60	1128.00	1320.00	1470.00	1770.00	1872.00	2052.00	2585.00	2956.00	3726.00	4950.00	6876.00	
14190500	1218	19051218	20141218	81	1804.37	1505.30	76.00	6710.00		280.20	406.60	511.30	558.20	771.00	828.40	911.10	1196.00	1309.00	1420.00	1602.00	1666.00	1743.00	1854.00	2080.00	2722.00	3506.00	4154.00	5628.00	
14190500	1219	19051219	20141219	81	1686.68	1265.59	76.00	6210.00		262.10	426.20	502.10	626.80	712.00	762.80	986.00	1128.00	1199.00	1350.00	1482.00	1558.00	1709.00	2164.00	2390.00	2698.00	3193.00	3508.00	4288.00	
14190500	1220	19051220	20141220	81	1869.48	1732.23	72.00	9270.00		286.90	422.40	514.70	607.20	682.50	814.60	948.80	1096.00	1242.00	1330.00	1476.00	1796.00	1935.00	2134.00	2445.00	2766.00	3264.00	3658.00	5589.00	
14190500	1221	19051221	20141221	81	2151.04	2101.20	70.00	11300.00		305.10	441.20	550.20	639.00	795.50	915.20	978.70	1086.00	1319.00	1570.00	1744.00	1812.00	1958.00	2128.00	2385.00	3124.00	3806.00	5858.00	6704.00	
14190500	1222	19051222	20141222	81	2606.59	3491.20	68.00	23500.00		302.30	437.00	573.00	745.40	838.00	1036.00	1067.00	1256.00	1418.00	1480.00	1596.00	1734.00	1826.00	2244.00	2640.00	3560.00	4448.00	6112.00	9275.00	
14190500	1223	19051223	20141223	81	2386.47	3247.78	68.00	25200.00		289.80	449.00	654.70	749.80	845.00	964.60	1090.00	1240.00	1390.00	1450.00	1521.00	1774.00	1955.00	2230.00	2995.00	3610.00	3797.00	4964.00	7364.00	
14190500	1224	19051224	20141224	81	2095.01	2188.82	72.00	16200.00		308.10	436.40	665.40	806.40	909.00	1042.00	1117.00	1188.00	1240.00	1330.00	1582.00	1780.00	1981.00	2414.00	2715.00	3060.00	3634.00	4228.00	5516.00	
14190500	1225	19051225	20141225	81	2043.46	2073.95	71.00	11100.00		294.30	459.60	672.20	887.20	981.00	1012.00	1081.00	1118.00	1179.00	1360.00	1554.00	1656.00	1861.00	2130.00	2580.00	2800.00	3271.00	4254.00	5724.00	
14190500	1226	19051226	20141226	81	2150.09	2796.40	118.00	19000.00		284.30	483.00	611.10	868.00	922.00	959.60	1008.00	1074.00	1200.00	1310.00	1471.00	1576.00	1862.00	2132.00	2565.00	2762.00	3263.00	3924.00	7696.00	
14190500	1227	19051227	20141227	81	2036.49	1958.11	204.00	10600.00		325.50	459.40	560.00	763.00	869.00	915.20	959.80	1038.60	1154.00	1410.00	1734.00	1844.00	2093.00	2246.00	2605.00	2858.00	3291.00	4384.00	7183.00	
14190500	1228	19051228	20141228	81	2309.89	2545.20	249.00	18500.00		316.30	468.40	631.40	734.60	792.00	867.80	961.10	1106.00	1170.00	1400.00	1767.00	2030.00	2156.00	2378.00	2795.00	3788.00	4707.00	5258.00	6186.00	
14190500	1229	19051229	20141229	81	2405.90	2784.15	217.00	19300.00		303.10	468.40	660.60	719.60	751.50	870.00	992.00	1138.00	1389.00	1620.00	1810.00	1938.00	2284.00	2468.00	2775.00	3482.00	4225.00	5794.00	7652.00	
14190500	1230	19051230	20141230	81	2282.80	2160.20	179.00	10000.00		293.50	495.60	584.70	677.60	768.50	887.20	1038.70	1284.00	1437.00	1620.00	1972.00	2122.00	2454.00	2564.00	2710.00	2980.00	3590.00	5718.00	7762.00	
14190500	1231	19051231	20141231	81	2254.11	2178.57	153.00	11800.00		288.80	526.80	637.30	701.40	758.50	896.80	1066.80	1240.00	1429.00	1650.00	1731.00	1984.00	2063.00	2228.00	2735.00	3628.00	4112.00	5184.00	7894.00	
