site_no	monthday	begin_dt	end_dt	count_nu	mean	std	min	max	p01	p05	p10	p15	p20	p25	p30	p35	p40	p45	p50	p55	p60	p65	p70	p75	p80	p90	p95	p99
14241500	ALL	19391001	20110930	12296	628.59	740.27	61.00	17400.00	70.00	84.00	98.00	113.00	133.00	162.00	209.00	260.00	319.00	375.00	430.00	490.00	557.00	632.00	707.00	797.00	910.00	1320.00	1860.00	3650.30
14241500	0101	19400101	20110101	33	1231.33	1689.00	232.00	10100.00		313.20	366.20	395.80	432.40	496.00	516.20	551.10	631.60	725.80	809.00	956.20	1100.00	1117.00	1204.00	1305.00	1680.00	2056.00	4528.00	
14241500	0102	19400102	20110102	33	1275.64	1327.86	219.00	7540.00		298.10	342.40	392.40	448.60	466.50	518.40	621.50	795.40	907.40	949.00	1030.00	1130.00	1367.00	1438.00	1525.00	1674.00	2642.00	4376.00	
14241500	0103	19400103	20110103	33	1159.97	918.56	206.00	4400.00		285.80	332.40	364.00	419.40	432.00	544.60	615.40	743.80	859.20	959.00	990.90	1126.00	1200.00	1280.00	1390.00	2046.00	2368.00	3399.00	
14241500	0104	19400104	20110104	33	1152.67	886.37	210.00	3920.00		276.50	327.60	376.60	395.80	405.00	499.40	652.30	698.00	771.60	936.00	975.30	1036.00	1204.00	1484.00	1705.00	1908.00	2572.00	3206.00	
14241500	0105	19400105	20110105	33	1116.97	907.18	303.00	3910.00		304.40	326.80	367.50	384.20	450.00	485.20	594.70	682.00	780.70	810.00	867.50	1028.00	1115.00	1330.00	1415.00	1650.00	2594.00	3567.00	
14241500	0106	19400106	20110106	33	1109.52	859.29	290.00	4360.00		297.00	320.80	377.00	413.40	484.50	565.20	670.70	702.60	796.10	834.00	938.20	992.80	1101.00	1378.00	1530.00	1684.00	2366.00	3051.00	
14241500	0107	19400107	20110107	33	1484.88	1596.83	277.00	6880.00		282.60	333.20	394.60	450.00	493.00	579.40	664.10	752.40	787.80	830.00	870.10	1066.00	1200.00	1668.00	1955.00	2424.00	3576.00	6488.00	
14241500	0108	19400108	20110108	33	1382.42	1587.88	273.00	7760.00		274.40	336.20	358.70	414.40	458.50	559.40	617.40	674.80	765.20	899.00	1012.60	1060.00	1172.00	1500.00	1650.00	1892.00	2800.00	6507.00	
14241500	0109	19400109	20110109	33	1127.39	936.15	262.00	3940.00		290.00	333.60	374.70	412.40	448.50	498.40	560.10	626.80	667.70	804.00	981.30	1084.00	1194.00	1342.00	1470.00	1584.00	2778.00	3702.00	
14241500	0110	19400110	20110110	33	1117.12	1208.46	290.00	7050.00		330.60	358.60	373.90	406.40	480.50	518.00	600.50	611.60	672.40	797.00	906.70	989.80	1172.00	1206.00	1340.00	1410.00	2090.00	3914.00	
14241500	0111	19400111	20110111	33	1010.82	994.11	280.00	5490.00		308.00	337.00	381.80	402.00	432.00	466.00	533.80	573.60	622.10	677.00	800.20	937.80	994.10	999.00	1150.00	1272.00	2006.00	3684.00	
14241500	0112	19400112	20110112	33	975.58	792.68	278.00	3720.00		293.40	329.80	399.80	420.00	452.00	477.40	532.50	546.00	662.10	725.00	837.10	881.40	954.20	1042.00	1200.00	1352.00	1900.00	3398.00	
14241500	0113	19400113	20110113	33	1049.55	893.02	277.00	4070.00		279.10	338.00	411.00	420.60	436.50	482.40	540.20	606.60	699.30	745.00	793.20	926.00	1002.00	1068.00	1330.00	1624.00	2524.00	3510.00	
14241500	0114	19400114	20110114	33	1084.36	828.09	263.00	3380.00		271.40	323.00	361.00	391.20	432.50	469.00	582.30	652.60	729.20	848.00	1058.00	1070.00	1089.00	1306.00	1405.00	1542.00	2566.00	3219.00	
14241500	0115	19400115	20110115	33	1031.64	686.33	264.00	2580.00		264.70	303.20	342.90	372.20	410.50	466.00	611.80	656.80	701.00	782.00	947.80	1092.00	1237.00	1492.00	1630.00	1742.00	2094.00	2503.00	
14241500	0116	19400116	20110116	33	1093.91	951.87	252.00	4900.00		273.00	301.20	325.30	344.20	384.50	504.60	573.70	600.40	689.60	788.00	938.00	1050.00	1081.00	1390.00	1570.00	1690.00	2270.00	3395.00	
14241500	0117	19400117	20110117	33	1211.33	1038.31	224.00	4400.00		252.00	302.80	331.10	332.80	440.50	541.00	574.60	610.20	729.60	935.00	981.60	1020.00	1171.00	1564.00	1915.00	1944.00	2754.00	4001.00	
14241500	0118	19400118	20110118	33	1336.94	1264.31	229.00	4670.00		253.50	309.80	322.00	365.80	436.00	511.20	531.60	586.20	660.20	795.00	884.30	1011.60	1396.00	1596.00	1955.00	2356.00	3750.00	4411.00	
14241500	0119	19400119	20110119	33	1190.00	1145.55	234.00	5810.00		278.80	300.00	315.70	411.80	467.00	502.40	539.70	609.20	702.20	757.00	926.70	1044.00	1274.00	1366.00	1590.00	1832.00	2458.00	4298.00	
14241500	0120	19400120	20110120	33	1123.09	1023.45	280.00	4370.00		281.40	295.40	314.50	388.60	444.50	486.20	503.60	560.00	665.40	723.00	909.50	929.40	1051.00	1270.00	1535.00	1680.00	2656.00	4104.00	
14241500	0121	19400121	20110121	33	1065.15	913.04	265.00	4370.00		266.40	284.80	307.90	370.40	408.00	466.60	554.90	598.80	692.40	859.00	864.10	931.60	1027.00	1258.00	1420.00	1630.00	2428.00	3376.00	
14241500	0122	19400122	20110122	33	1047.09	876.07	247.00	3890.00		253.30	276.20	294.10	380.40	454.50	496.60	525.50	656.00	737.50	770.00	807.90	880.20	1030.00	1234.00	1365.00	1516.00	2416.00	3442.00	
14241500	0123	19400123	20110123	33	1000.33	828.69	248.00	4370.00		260.60	275.40	307.40	351.80	451.50	555.40	622.80	683.40	692.40	750.00	821.40	885.00	1063.00	1138.00	1450.00	1530.00	1716.00	3236.00	
14241500	0124	19400124	20110124	33	1038.61	751.28	242.00	3020.00		247.60	277.20	339.60	456.40	469.50	525.20	596.80	627.40	658.00	705.00	953.30	1076.00	1223.00	1266.00	1320.00	1558.00	2362.00	2901.00	
14241500	0125	19400125	20110125	33	1075.15	823.86	231.00	3520.00		237.30	268.80	338.70	438.60	484.00	508.80	600.00	693.40	787.70	850.00	951.40	1054.00	1150.00	1158.00	1245.00	1422.00	2566.00	3072.00	
14241500	0126	19400126	20110126	33	1016.82	768.14	220.00	3240.00		248.00	263.60	406.00	415.80	469.50	515.40	548.60	623.80	698.60	823.00	926.20	1004.00	1046.00	1132.00	1200.00	1328.00	2404.00	2911.00	
14241500	0127	19400127	20110127	33	852.91	488.50	220.00	1980.00		240.30	310.00	394.20	479.40	512.50	530.80	560.10	594.80	623.60	695.00	876.00	915.80	941.20	988.60	1030.00	1168.00	1732.00	1938.00	
14241500	0128	19400128	20110128	33	817.88	441.57	220.00	1920.00		228.40	292.80	376.10	441.00	464.50	488.00	538.80	576.20	620.30	800.00	825.60	861.60	901.00	1008.00	1220.00	1250.00	1510.00	1675.00	
14241500	0129	19400129	20110129	33	874.94	757.86	220.00	4060.00		228.40	302.80	367.10	404.80	430.00	465.20	502.80	559.80	564.40	694.00	710.10	765.60	797.30	958.40	1010.00	1152.00	1914.00	2849.00	
14241500	0130	19400130	20110130	33	1062.36	1216.61	230.00	5610.00		231.40	285.80	358.10	381.40	407.50	437.40	446.60	519.80	590.20	633.00	657.20	670.20	807.50	886.00	1114.00	1704.00	2238.00	5015.00	
14241500	0131	19400131	20110131	33	1106.27	1410.93	225.00	7420.00		242.50	285.00	340.80	372.00	386.50	393.00	408.60	543.00	567.70	642.00	675.50	685.40	716.40	756.80	969.00	1706.00	2822.00	4529.00	
14241500	0201	19400201	20110201	34	1029.65	973.22	216.00	4310.00		238.50	329.50	336.00	350.00	370.00	401.50	449.00	516.00	634.50	662.50	750.25	868.00	1007.50	1070.00	1127.50	1250.00	2835.00	3447.50	
14241500	0202	19400202	20110202	34	1009.21	829.25	212.00	3580.00		255.50	316.50	340.75	352.00	377.00	427.50	486.25	547.00	603.00	700.50	745.00	828.00	907.25	1215.00	1435.00	1980.00	2345.00	2785.00	
14241500	0203	19400203	20110203	34	876.68	616.92	212.00	2390.00		229.25	309.50	333.75	347.00	394.00	470.50	516.75	543.00	616.50	642.00	667.00	700.00	1008.00	1085.00	1110.00	1560.00	1935.00	2322.50	
14241500	0204	19400204	20110204	34	958.79	774.17	216.00	3880.00		249.00	307.00	350.75	426.00	468.50	506.00	550.75	614.00	632.25	669.00	774.25	934.00	970.25	1035.00	1202.50	1380.00	1975.00	3070.00	
14241500	0205	19400205	20110205	34	934.71	574.03	209.00	2510.00		257.00	333.00	350.25	483.00	493.50	529.00	564.25	701.00	740.25	793.50	911.50	1030.00	1080.00	1120.00	1155.00	1280.00	1870.00	2337.50	
14241500	0206	19400206	20110206	34	1192.71	1148.19	216.00	6050.00		246.00	342.50	395.25	450.00	512.50	594.00	700.50	729.00	762.75	839.50	891.25	952.00	1121.50	1225.00	1557.50	1680.00	2275.00	4430.00	
14241500	0207	19400207	20110207	34	1314.97	1391.60	212.00	7760.00		242.00	335.50	382.25	434.00	512.25	653.00	710.75	789.00	879.00	971.00	1047.50	1140.00	1265.00	1335.00	1567.50	1730.00	2810.00	4827.50	
14241500	0208	19400208	20110208	34	1642.85	2953.92	206.00	17400.00		287.75	329.50	362.50	459.00	500.25	611.50	763.75	903.00	939.00	961.00	1000.50	1060.00	1147.50	1160.00	1345.00	1730.00	3415.00	7830.00	
14241500	0209	19400209	20110209	34	1246.35	1430.56	261.00	7690.00		290.25	360.50	437.50	452.00	456.25	551.50	687.00	789.00	832.50	878.50	945.75	967.00	1007.50	1065.00	1162.50	1360.00	2460.00	5485.00	
14241500	0210	19400210	20110210	34	1098.21	1003.58	288.00	4320.00		297.00	369.50	426.75	444.00	453.75	587.50	672.00	718.00	776.00	850.00	880.00	920.00	971.25	1035.00	1077.50	1170.00	2790.00	4267.50	
14241500	0211	19400211	20110211	34	997.06	988.94	283.00	5580.00		288.25	329.00	417.00	481.00	518.25	561.50	611.00	651.00	734.50	766.00	823.50	837.00	895.00	927.00	974.50	1010.00	2005.00	3720.00	
14241500	0212	19400212	20110212	34	945.00	709.87	279.00	3580.00		280.50	304.00	388.25	476.00	543.00	592.50	612.75	679.00	696.25	750.50	802.50	855.00	885.25	900.00	972.00	1170.00	2000.00	2815.00	
14241500	0213	19400213	20110213	34	991.94	846.12	268.00	4330.00		269.50	298.00	375.25	441.00	491.75	525.50	584.75	653.00	667.00	685.50	751.00	802.00	813.75	981.00	1305.00	1430.00	2140.00	3205.00	
14241500	0214	19400214	20110214	34	860.38	575.99	258.00	2560.00		272.25	300.00	354.50	428.00	474.25	491.50	583.25	592.00	612.25	645.00	696.25	709.00	869.50	997.00	1227.50	1310.00	1735.00	2417.50	
14241500	0215	19400215	20110215	34	826.24	509.44	252.00	2490.00		259.50	297.50	415.25	430.00	443.00	512.00	565.00	606.00	609.00	638.50	701.50	796.00	838.75	1040.00	1112.50	1190.00	1620.00	2010.00	
14241500	0216	19400216	20110216	34	831.76	484.06	247.00	2750.00		251.50	345.50	430.25	469.00	516.75	538.50	562.25	585.00	636.50	706.50	780.50	883.00	957.75	1070.00	1107.50	1130.00	1380.00	1872.50	
14241500	0217	19400217	20110217	34	876.47	690.85	242.00	4140.00		245.00	305.00	421.00	452.00	478.75	502.00	529.00	570.00	714.50	788.50	860.50	938.00	961.75	980.50	1005.00	1040.00	1460.00	2467.50	
14241500	0218	19400218	20110218	34	805.85	453.30	234.00	2160.00		239.25	289.50	412.25	444.00	446.50	467.50	489.50	528.00	687.25	773.00	827.25	855.00	870.25	954.00	997.25	1120.00	1530.00	1710.00	
14241500	0219	19400219	20110219	34	829.82	505.32	227.00	2080.00		233.00	273.50	390.25	420.00	447.00	450.50	507.75	606.00	661.00	703.00	715.75	871.00	899.00	958.00	1125.00	1230.00	1710.00	1967.50	
14241500	0220	19400220	20110220	34	828.76	611.74	222.00	3000.00		226.50	262.50	378.50	399.00	420.25	445.00	504.75	564.00	605.00	619.50	661.00	860.00	871.25	917.50	951.25	1210.00	1610.00	2580.00	
14241500	0221	19400221	20110221	34	853.47	707.52	219.00	3910.00		219.75	253.50	372.25	384.00	398.50	435.50	512.50	526.00	548.50	564.50	710.25	841.00	850.00	962.50	1130.00	1330.00	1680.00	2350.00	
14241500	0222	19400222	20110222	34	952.59	920.05	215.00	4350.00		224.00	253.50	350.25	373.00	392.25	446.00	492.25	509.00	525.50	596.50	728.75	781.00	797.25	1070.00	1122.50	1170.00	2545.00	3405.00	
14241500	0223	19400223	20110223	34	910.88	829.88	209.00	4370.00		222.50	262.50	329.50	372.00	423.25	469.00	490.50	501.00	511.50	631.50	681.00	845.00	902.50	962.50	1050.00	1380.00	2020.00	2930.00	
14241500	0224	19400224	20110224	34	1090.91	1258.68	204.00	5870.00		243.00	302.50	342.25	406.00	436.75	451.00	479.50	504.00	516.00	592.50	629.75	707.00	845.00	929.50	1152.50	1460.00	3075.00	4677.50	
14241500	0225	19400225	20110225	34	1012.12	1073.92	201.00	5150.00		231.00	299.00	341.50	378.00	411.25	418.00	449.25	508.00	519.75	595.50	674.00	729.00	799.50	978.50	1237.50	1510.00	2610.00	3920.00	
14241500	0226	19400226	20110226	34	977.68	1048.09	198.00	4520.00		223.50	275.50	354.75	360.00	388.25	413.00	459.50	484.00	536.50	622.00	674.25	692.00	708.75	889.00	1162.50	1250.00	2600.00	4227.50	
14241500	0227	19400227	20110227	34	926.76	815.35	195.00	3720.00		216.75	323.50	348.25	367.00	387.00	419.50	438.25	489.00	524.75	600.00	672.75	890.00	926.75	980.00	1062.50	1420.00	2400.00	2992.50	
14241500	0228	19400228	20110228	34	930.91	905.07	210.00	5060.00		216.75	312.50	351.50	360.00	388.75	407.50	450.75	525.00	581.00	643.00	777.25	791.00	874.50	961.50	1090.00	1400.00	1885.00	2922.50	
14241500	0229	19400229	20080229	9	952.22	661.90	314.00	2520.00			314.00	372.00	430.00	500.00	570.00	607.50	645.00	743.00	841.00	860.50	880.00	1025.00	1170.00	1185.00	1200.00	2520.00		
14241500	0301	19400301	20110301	34	852.44	589.90	251.00	2750.00		275.75	294.50	334.00	366.00	379.50	424.50	450.25	520.00	628.75	686.50	750.25	911.00	964.25	1105.00	1225.00	1300.00	1500.00	2472.50	
14241500	0302	19400302	20110302	34	861.15	608.73	242.00	2600.00		272.75	309.50	349.25	354.00	392.50	414.00	465.00	512.00	577.75	617.00	700.75	822.00	946.00	1110.00	1232.50	1380.00	1765.00	2435.00	
14241500	0303	19400303	20110303	34	802.88	506.21	235.00	1940.00		262.75	313.50	338.00	394.00	412.25	457.50	498.50	520.00	551.00	620.50	675.00	734.00	873.75	988.00	1120.00	1200.00	1795.00	1872.50	
14241500	0304	19400304	20110304	34	812.85	720.15	221.00	4250.00		244.25	302.50	332.25	375.00	403.00	414.50	442.00	466.00	554.50	604.00	647.75	693.00	852.00	957.00	1067.50	1150.00	1420.00	2240.00	
14241500	0305	19400305	20110305	34	828.21	980.13	211.00	6020.00		241.75	291.50	317.50	375.00	384.00	399.50	434.75	467.00	536.50	553.00	590.00	722.00	844.00	1007.50	1047.50	1090.00	1295.00	2532.50	
14241500	0306	19400306	20110306	34	741.68	678.53	204.00	4130.00		236.25	281.50	310.25	350.00	361.25	384.00	410.00	466.00	511.50	526.50	656.00	822.00	846.25	874.50	904.75	949.00	1085.00	2157.50	
14241500	0307	19400307	20110307	34	761.09	641.81	200.00	2920.00		242.75	276.00	307.50	344.00	348.75	362.50	390.00	422.00	466.25	496.00	700.50	722.00	766.50	801.50	855.00	972.00	1780.00	2612.50	
14241500	0308	19400308	20110308	34	734.15	547.94	196.00	2780.00		245.50	294.00	305.75	344.00	360.00	379.00	388.50	410.00	482.00	573.00	691.00	703.00	775.50	818.50	875.75	972.00	1555.00	2045.00	
14241500	0309	19400309	20110309	34	866.74	684.66	192.00	3200.00		237.00	295.00	332.00	342.00	363.75	407.50	474.75	528.00	545.50	719.50	737.00	754.00	843.75	938.00	1140.00	1340.00	1980.00	2600.00	
14241500	0310	19400310	20110310	34	942.85	761.38	189.00	3740.00		225.75	275.00	322.50	350.00	407.50	488.50	558.75	607.00	669.00	705.50	746.75	950.00	970.25	1055.00	1102.50	1280.00	2060.00	2855.00	
14241500	0311	19400311	20110311	34	900.03	629.17	185.00	2560.00		218.75	263.00	312.00	390.00	458.00	526.50	572.00	635.00	663.75	738.50	756.75	850.00	933.75	995.00	1140.00	1410.00	2055.00	2507.50	
14241500	0312	19400312	20110312	34	936.15	694.81	181.00	2870.00		217.75	247.00	325.50	450.00	562.50	589.00	595.00	640.00	654.00	698.00	749.25	866.00	926.75	1040.00	1122.50	1260.00	2245.00	2787.50	
14241500	0313	19400313	20110313	34	879.91	635.86	177.00	3370.00		210.00	268.00	322.25	438.00	503.50	538.00	547.00	576.00	655.25	767.00	788.75	841.00	897.75	1040.00	1077.50	1110.00	1875.00	2297.50	
14241500	0314	19400314	20110314	34	834.94	569.82	172.00	2720.00		203.50	267.00	360.25	437.00	471.25	494.00	519.75	551.00	661.75	710.50	753.25	779.00	842.00	930.50	1082.50	1240.00	1545.00	2450.00	
14241500	0315	19400315	20110315	34	810.85	512.48	168.00	2300.00		192.75	271.50	357.25	437.00	476.00	487.00	497.75	570.00	643.25	709.00	715.75	765.00	808.25	1055.00	1092.50	1190.00	1445.00	2262.50	
14241500	0316	19400316	20110316	34	810.88	484.56	173.00	2160.00		191.75	274.00	345.00	412.00	453.25	491.00	585.75	676.00	681.00	715.00	770.25	877.00	908.75	942.00	1017.50	1050.00	1615.00	2032.50	
14241500	0317	19400317	20110317	34	800.71	573.13	195.00	2880.00		195.00	262.50	325.25	400.00	439.00	483.50	595.50	618.00	658.25	677.00	723.75	808.00	845.25	853.50	911.00	926.00	1630.00	2475.00	
14241500	0318	19400318	20110318	34	770.97	507.72	177.00	2420.00		206.25	336.00	387.00	394.00	448.25	483.50	547.00	572.00	605.75	659.00	709.75	725.00	811.00	859.50	892.25	961.00	1350.00	2405.00	
14241500	0319	19400319	20110319	34	858.59	863.84	195.00	5240.00		210.75	333.50	373.75	415.00	474.50	506.00	511.75	532.00	576.75	627.50	719.75	780.00	857.75	903.00	959.25	1050.00	1430.00	2787.50	
14241500	0320	19400320	20110320	34	883.12	763.03	213.00	3890.00		282.00	334.00	351.50	404.00	456.00	472.00	484.50	518.00	559.50	616.00	665.00	810.00	857.75	882.50	1005.00	1250.00	1980.00	2945.00	
14241500	0321	19400321	20110321	34	831.18	544.29	213.00	2120.00		267.75	332.00	363.75	425.00	458.00	474.50	497.75	521.00	545.00	605.00	761.75	782.00	937.50	1003.50	1032.50	1160.00	2050.00	2105.00	
14241500	0322	19400322	20110322	34	908.88	732.84	210.00	3780.00		273.00	332.00	412.50	425.00	434.75	471.50	524.00	618.00	659.50	689.50	797.25	850.00	867.25	920.00	990.00	1280.00	1615.00	3090.00	
14241500	0323	19400323	20110323	34	838.71	591.91	220.00	2860.00		258.25	362.00	385.50	399.00	448.25	471.00	483.75	603.00	654.75	718.00	751.25	804.00	809.00	842.50	1011.50	1170.00	1525.00	2665.00	
14241500	0324	19400324	20110324	34	830.97	552.19	248.00	3030.00		266.00	345.00	375.00	420.00	435.50	451.00	521.75	559.00	695.50	788.00	800.25	840.00	890.75	946.50	1010.00	1060.00	1675.00	2092.50	
14241500	0325	19400325	20110325	34	896.21	761.96	234.00	3750.00		271.50	361.00	389.75	400.00	443.50	521.50	658.50	707.00	718.50	756.00	781.50	793.00	851.00	895.00	936.25	976.00	1400.00	3615.00	
14241500	0326	19400326	20110326	34	851.00	488.41	227.00	2740.00		311.75	364.50	397.75	554.00	660.75	714.50	727.00	739.00	745.25	757.50	783.00	829.00	860.50	871.00	887.50	966.00	1345.00	2327.50	
14241500	0327	19400327	20110327	34	936.68	766.62	221.00	4570.00		300.50	339.50	433.00	554.00	604.75	639.50	662.00	694.00	704.75	708.50	782.75	820.00	842.00	946.50	998.00	1020.00	1700.00	2777.50	
14241500	0328	19400328	20110328	34	894.76	707.87	217.00	4070.00		287.50	325.00	404.00	579.00	620.50	640.00	666.75	684.00	714.50	736.50	759.75	770.00	841.50	879.00	928.00	1050.00	1350.00	3042.50	
14241500	0329	19400329	20110329	34	876.12	531.51	214.00	2560.00		292.75	328.50	388.75	515.00	585.00	651.00	656.75	667.00	717.00	744.00	796.00	847.00	913.25	938.00	945.50	1070.00	1770.00	2312.50	
14241500	0330	19400330	20110330	34	838.53	446.27	230.00	1830.00		302.75	364.50	405.25	485.00	569.00	603.50	610.50	621.00	657.25	731.00	804.75	820.00	834.50	849.50	980.25	1070.00	1725.00	1815.00	
14241500	0331	19400331	20110331	34	854.76	542.47	208.00	2700.00		323.50	376.00	411.00	497.00	548.00	571.50	585.00	597.00	681.00	710.50	733.00	779.00	804.75	829.50	926.25	1150.00	1700.00	2355.00	
14241500	0401	19400401	20110401	34	864.74	592.72	205.00	3440.00		334.75	424.50	482.00	509.00	525.00	562.00	608.00	664.00	673.25	688.00	698.00	726.00	769.25	886.50	1014.75	1180.00	1470.00	2397.50	
14241500	0402	19400402	20110402	34	810.94	479.26	205.00	2700.00		347.50	431.50	464.00	495.00	507.50	572.50	603.00	611.00	622.00	649.00	666.50	706.00	794.00	959.50	988.25	1120.00	1270.00	2167.50	
14241500	0403	19400403	20110403	34	758.12	358.82	208.00	2080.00		365.50	451.00	454.25	476.00	517.75	568.50	597.50	603.00	620.75	634.00	666.00	762.00	851.75	926.00	933.00	963.00	1105.00	1720.00	
14241500	0404	19400404	20110404	34	721.94	319.93	234.00	1600.00		357.75	429.00	462.50	479.00	503.25	530.00	539.75	560.00	595.00	628.50	658.50	697.00	756.75	815.50	886.25	899.00	1290.00	1540.00	
14241500	0405	19400405	20110405	34	731.59	379.61	347.00	1790.00		383.00	399.50	456.50	479.00	487.75	523.50	540.25	555.00	577.50	623.50	665.00	698.00	708.50	738.00	797.75	858.00	1500.00	1790.00	
14241500	0406	19400406	20110406	34	724.18	357.89	384.00	1810.00		385.50	403.50	425.25	447.00	497.25	526.00	550.25	568.00	571.25	603.50	632.50	682.00	731.25	773.50	869.75	900.00	1285.00	1757.50	
14241500	0407	19400407	20110407	34	703.88	285.21	372.00	1520.00		374.25	398.50	412.75	440.00	473.75	502.50	517.50	527.00	600.25	656.50	715.00	795.00	827.50	846.50	880.75	900.00	1066.50	1430.00	
14241500	0408	19400408	20110408	34	722.00	269.91	357.00	1270.00		364.50	392.00	404.50	462.00	466.25	491.00	521.75	645.00	680.25	769.50	775.25	778.00	808.25	833.50	870.00	943.00	1190.00	1240.00	
14241500	0409	19400409	20110409	34	726.38	290.83	341.00	1360.00		343.25	367.00	404.50	447.00	463.25	473.50	505.50	637.00	665.50	706.50	760.00	792.00	830.75	885.50	941.25	1000.00	1145.00	1322.50	
14241500	0410	19400410	20110410	34	728.62	326.02	319.00	1780.00		331.00	379.00	409.50	445.00	464.50	502.00	571.25	629.00	632.75	684.00	747.00	774.00	781.00	841.00	873.25	960.00	1070.00	1622.50	
14241500	0411	19400411	20110411	34	758.32	336.40	282.00	1970.00		335.25	409.00	425.25	436.00	480.50	580.00	620.75	678.00	685.25	706.50	728.25	758.00	853.00	881.00	923.25	994.00	1185.00	1490.00	
14241500	0412	19400412	20110412	34	810.85	377.31	267.00	2020.00		334.50	403.00	454.00	479.00	558.50	617.50	650.25	716.00	721.25	725.50	745.25	752.00	886.50	974.00	988.75	1060.00	1305.00	1802.50	
14241500	0413	19400413	20110413	34	878.26	452.59	244.00	2280.00		316.00	418.00	456.00	522.00	610.25	643.00	658.75	694.00	709.25	733.50	818.00	854.00	890.00	960.50	1037.50	1140.00	1650.00	1890.00	
14241500	0414	19400414	20110414	34	929.26	615.70	234.00	3890.00		375.75	443.00	465.00	533.00	576.75	667.50	691.00	714.00	755.25	768.00	857.00	890.00	943.00	1095.00	1185.00	1260.00	1315.00	2165.00	
14241500	0415	19400415	20110415	34	850.62	399.31	290.00	2190.00		353.75	441.00	477.75	526.00	553.25	630.50	650.00	669.00	694.50	745.50	779.00	866.00	949.75	1010.00	1045.00	1110.00	1420.00	1747.50	
14241500	0416	19400416	20110416	34	876.74	408.33	311.00	2170.00		359.00	428.00	468.00	495.00	600.50	637.00	675.75	710.00	721.00	764.50	835.25	850.00	965.25	1060.00	1152.50	1160.00	1495.00	1735.00	
14241500	0417	19400417	20110417	34	851.12	384.52	294.00	1990.00		387.00	421.00	445.25	594.00	622.50	650.00	671.00	698.00	708.75	786.00	809.25	853.00	888.75	932.50	1057.50	1110.00	1305.00	1945.00	
14241500	0418	19400418	20110418	34	777.82	287.61	271.00	1550.00		339.25	392.50	428.00	582.00	617.75	629.50	657.00	704.00	738.50	762.00	782.50	806.00	826.00	895.00	947.25	962.00	1155.00	1460.00	
14241500	0419	19400419	20110419	34	747.62	249.81	256.00	1310.00		309.25	390.00	424.00	572.00	615.50	642.50	659.00	690.00	692.75	739.00	765.75	815.00	834.50	857.50	916.25	980.00	1070.00	1257.50	
14241500	0420	19400420	20110420	34	784.71	493.43	241.00	3310.00		305.50	385.00	514.00	528.00	568.25	580.50	615.75	673.00	714.50	747.50	763.25	781.00	818.50	849.50	881.50	896.00	1028.00	1697.50	
14241500	0421	19400421	20110421	34	732.18	299.44	230.00	1840.00		312.50	370.50	470.75	546.00	561.25	601.00	622.50	647.00	669.25	703.00	734.50	770.00	789.75	796.00	819.25	876.00	1010.00	1517.50	
14241500	0422	19400422	20110422	34	696.62	261.75	221.00	1390.00		298.25	393.00	437.50	525.00	555.00	588.50	619.00	638.00	652.75	665.00	684.25	696.00	725.50	733.00	757.50	841.00	1105.00	1390.00	
14241500	0423	19400423	20110423	34	782.35	574.75	208.00	3650.00		326.50	427.50	460.25	512.00	560.75	582.00	610.00	624.00	632.75	647.00	668.75	676.00	710.50	756.00	784.50	857.00	1340.00	2060.00	
14241500	0424	19400424	20110424	34	766.91	570.74	205.00	3720.00		329.50	413.00	441.75	501.00	571.75	597.50	614.00	625.00	633.50	641.00	649.00	671.00	693.50	728.00	773.00	842.00	1140.00	1912.50	
14241500	0425	19400425	20110425	34	711.21	368.02	198.00	2410.00		348.00	413.50	446.25	482.00	541.00	553.50	559.50	569.00	592.75	613.00	624.50	716.00	740.75	794.50	828.50	861.00	1041.00	1487.50	
14241500	0426	19400426	20110426	34	684.09	327.07	189.00	2080.00		326.25	406.00	428.50	474.00	499.00	534.50	549.75	552.00	580.25	598.50	653.25	663.00	689.50	740.00	784.00	826.00	1021.50	1442.50	
14241500	0427	19400427	20110427	34	690.62	319.27	183.00	1700.00		317.25	405.50	431.25	474.00	496.75	517.50	523.50	563.00	574.25	585.50	603.50	687.00	697.00	704.00	793.00	926.00	1225.00	1430.00	
14241500	0428	19400428	20110428	34	707.56	308.23	177.00	1400.00		319.50	409.00	433.50	490.00	529.75	548.50	557.25	581.00	597.75	611.50	624.50	634.00	691.00	706.00	833.25	1110.00	1235.00	1385.00	
14241500	0429	19400429	20110429	34	685.91	261.20	174.00	1290.00		313.50	405.50	474.00	480.00	511.75	535.00	541.50	561.00	572.50	610.50	621.75	635.00	795.75	846.50	872.25	901.00	1165.00	1207.50	
14241500	0430	19400430	20110430	34	689.94	278.80	172.00	1440.00		292.00	370.50	468.75	495.00	511.25	519.50	531.75	541.00	579.00	595.00	730.00	734.00	747.75	766.50	796.75	960.00	1130.00	1297.50	
14241500	0501	19400501	20110501	34	714.26	326.87	172.00	1760.00		287.50	353.00	460.25	471.00	486.75	493.00	546.00	584.00	611.75	645.00	664.50	698.00	706.00	818.50	950.00	1010.00	1165.00	1415.00	
14241500	0502	19400502	20110502	34	717.85	378.55	180.00	2290.00		293.25	335.00	439.50	468.00	529.50	534.00	539.75	560.00	602.00	634.50	654.50	673.00	698.75	850.00	887.25	957.00	1055.00	1630.00	
14241500	0503	19400503	20110503	34	714.06	319.50	227.00	1670.00		293.00	337.00	427.25	492.00	496.75	503.00	521.25	578.00	628.75	632.00	647.50	736.00	742.00	791.00	950.50	1030.00	1165.00	1415.00	
14241500	0504	19400504	20110504	34	695.32	279.98	228.00	1290.00		279.00	343.00	418.75	449.00	478.75	527.50	556.00	602.00	640.00	649.00	655.25	673.00	726.50	862.00	895.25	923.00	1185.00	1245.00	
14241500	0505	19400505	20110505	34	736.24	337.77	284.00	1730.00		330.50	386.00	423.00	442.00	492.00	517.00	562.00	586.00	669.50	702.00	730.50	741.00	767.75	835.00	887.50	941.00	1135.00	1722.50	
14241500	0506	19400506	20110506	34	772.47	536.96	273.00	3320.00		285.75	374.50	413.75	452.00	478.75	508.50	543.00	571.00	591.00	654.50	729.25	749.00	809.75	840.50	886.00	893.00	1280.00	1955.00	
14241500	0507	19400507	20110507	34	733.32	421.83	266.00	2300.00		275.00	363.50	384.25	430.00	468.25	494.50	508.00	524.00	548.00	656.00	718.00	752.00	837.25	853.50	878.25	919.00	1100.00	2007.50	
14241500	0508	19400508	20110508	34	680.32	298.26	259.00	1610.00		300.25	361.50	393.50	439.00	473.50	488.00	495.25	532.00	566.50	641.00	673.75	698.00	769.00	818.50	844.50	882.00	1083.50	1407.50	
14241500	0509	19400509	20110509	34	650.53	247.26	284.00	1230.00		313.25	352.00	418.50	441.00	446.25	459.00	475.50	542.00	596.25	642.00	662.75	723.00	737.50	751.00	781.25	827.00	1065.00	1215.00	
14241500	0510	19400510	20110510	34	636.21	253.19	252.00	1300.00		280.50	316.00	396.25	415.00	416.50	446.00	504.50	615.00	629.75	634.50	637.00	642.00	648.00	710.00	728.75	842.00	1059.50	1180.00	
14241500	0511	19400511	20110511	34	633.15	261.04	235.00	1250.00		262.00	346.50	380.75	388.00	401.25	424.00	499.00	557.00	572.75	647.00	667.75	682.00	691.00	708.00	736.25	780.00	1100.00	1235.00	
14241500	0512	19400512	20110512	34	632.53	275.77	222.00	1300.00		264.75	321.50	371.50	376.00	386.75	410.00	471.25	490.00	536.50	644.00	667.25	678.00	709.75	753.00	793.00	807.00	1110.00	1217.50	
14241500	0513	19400513	20110513	34	626.35	287.04	212.00	1300.00		236.00	321.50	347.00	366.00	386.50	420.00	440.25	507.00	540.50	584.50	650.75	663.00	693.50	715.00	741.50	897.00	1085.00	1277.50	
14241500	0514	19400514	20110514	34	642.65	309.45	203.00	1480.00		233.75	298.50	329.00	358.00	383.75	441.50	494.75	514.00	557.25	587.50	611.25	645.00	660.25	760.50	845.00	951.00	1110.00	1292.50	
14241500	0515	19400515	20110515	34	648.24	312.76	197.00	1490.00		235.25	293.50	349.00	367.00	414.00	453.50	502.50	510.00	541.00	551.50	621.75	651.00	690.00	709.00	930.25	950.00	1120.00	1325.00	
14241500	0516	19400516	20110516	34	670.91	352.58	192.00	1660.00		246.00	315.50	357.00	388.00	411.50	448.00	521.75	534.00	550.75	563.00	579.75	648.00	699.00	854.00	867.75	878.00	1240.00	1570.00	
14241500	0517	19400517	20110517	34	708.35	376.07	189.00	1680.00		231.75	303.00	343.75	373.00	407.25	491.00	533.00	552.00	607.50	634.50	671.00	741.00	770.25	819.00	840.25	864.00	1370.00	1620.00	
14241500	0518	19400518	20110518	34	736.32	389.23	186.00	1620.00		228.75	290.50	322.75	362.00	444.25	530.00	548.00	559.00	633.50	669.50	679.25	718.00	810.00	852.00	915.50	1160.00	1405.00	1522.50	
14241500	0519	19400519	20110519	34	727.62	377.68	197.00	1530.00		220.25	292.00	324.75	328.00	410.25	487.00	521.50	550.00	645.75	665.00	720.25	742.00	821.00	867.00	959.50	1060.00	1400.00	1440.00	
14241500	0520	19400520	20110520	34	682.26	334.27	180.00	1390.00		207.75	266.50	314.00	353.00	396.50	434.00	470.00	558.00	607.50	648.50	678.50	781.00	814.75	857.00	942.25	1010.00	1225.00	1300.00	
14241500	0521	19400521	20110521	34	656.35	316.82	169.00	1540.00		197.50	268.00	314.75	370.00	384.50	397.00	456.25	544.00	595.25	632.00	675.25	725.00	811.75	880.00	887.75	930.00	1067.50	1247.50	
14241500	0522	19400522	20110522	34	655.47	309.58	164.00	1510.00		216.50	285.50	340.25	355.00	436.50	464.00	481.25	501.00	578.25	614.00	682.75	724.00	797.50	809.50	866.50	876.00	1028.50	1397.50	
14241500	0523	19400523	20110523	34	631.38	277.76	156.00	1330.00		210.00	301.50	353.00	378.00	401.25	458.50	468.75	493.00	537.00	585.00	644.25	698.00	721.50	782.00	842.00	918.00	985.00	1202.50	
14241500	0524	19400524	20110524	34	604.71	267.53	154.00	1270.00		201.25	296.50	315.50	359.00	382.75	435.50	465.50	510.00	530.75	574.50	607.00	640.00	682.75	722.00	800.75	864.00	1000.00	1157.50	
14241500	0525	19400525	20110525	34	596.06	270.75	149.00	1310.00		197.75	277.00	307.25	319.00	377.25	437.50	461.50	482.00	521.75	579.50	617.00	640.00	673.00	688.50	795.50	818.00	1004.00	1092.50	
14241500	0526	19400526	20110526	34	588.79	248.26	142.00	1100.00		189.25	278.00	290.75	324.00	400.50	429.00	464.75	521.00	549.50	567.50	592.50	632.00	711.25	763.50	792.50	802.00	953.50	1070.00	
14241500	0527	19400527	20110527	34	610.53	266.04	140.00	1090.00		181.25	267.00	287.75	350.00	368.75	418.50	482.75	518.00	577.75	616.00	642.00	642.00	724.75	788.50	825.50	882.00	981.50	1090.00	
14241500	0528	19400528	20110528	34	633.12	317.90	140.00	1380.00		176.75	265.00	294.75	354.00	365.50	413.50	451.25	476.00	512.50	605.50	650.00	690.00	799.00	833.50	862.25	882.00	1075.00	1380.00	
14241500	0529	19400529	20110529	34	633.85	342.35	137.00	1660.00		171.50	248.00	281.25	332.00	340.50	415.00	450.00	481.00	497.75	615.50	633.75	673.00	766.25	777.50	832.50	847.00	1110.00	1397.50	
14241500	0530	19400530	20110530	34	571.74	264.52	133.00	1240.00		168.25	230.00	252.25	304.00	359.00	386.50	414.50	436.00	518.75	571.00	644.50	679.00	736.00	753.00	763.00	785.00	905.00	1028.50	
14241500	0531	19400531	20110531	34	570.76	266.87	130.00	1190.00		189.25	226.50	246.00	285.00	352.25	373.00	436.00	474.00	523.25	555.00	634.25	674.00	708.50	718.50	737.75	797.00	912.50	1145.00	
14241500	0601	19400601	20110601	34	557.09	265.16	155.00	1370.00		176.00	209.00	239.25	315.00	353.75	415.00	432.75	458.00	499.50	529.00	596.00	613.00	672.25	696.00	727.50	749.00	884.50	1115.00	
14241500	0602	19400602	20110602	34	552.59	319.67	180.00	1900.00		187.50	201.50	261.50	286.00	337.50	399.50	418.75	435.00	459.50	524.00	542.50	579.00	632.25	659.00	683.50	734.00	824.50	1262.50	
14241500	0603	19400603	20110603	34	531.24	317.44	175.00	1920.00		181.75	197.50	268.25	302.00	322.00	367.00	397.25	426.00	472.75	491.50	507.50	528.00	550.50	608.50	643.00	707.00	848.50	1169.25	
14241500	0604	19400604	20110604	34	509.56	289.84	161.00	1630.00		176.00	210.00	251.25	272.00	307.00	336.00	381.00	409.00	439.75	446.50	456.00	486.00	537.00	604.50	677.50	709.00	869.50	1113.25	
14241500	0605	19400605	20110605	34	495.26	256.17	156.00	1290.00		177.75	195.00	242.50	276.00	303.25	340.00	377.50	401.00	412.50	431.00	458.25	474.00	519.50	604.00	678.00	708.00	862.00	1012.50	
14241500	0606	19400606	20110606	34	503.26	255.28	150.00	1280.00		168.00	185.00	264.25	286.00	310.25	333.50	349.75	376.00	398.75	427.50	500.50	535.00	593.50	660.50	700.75	707.00	839.50	996.50	
14241500	0607	19400607	20110607	34	508.21	276.33	161.00	1190.00		170.75	184.00	247.75	267.00	303.25	318.50	326.50	350.00	389.75	400.50	462.00	516.00	582.25	646.00	744.25	793.00	946.50	1055.00	
14241500	0608	19400608	20110608	34	496.53	275.72	153.00	1310.00		166.50	204.00	255.25	272.00	298.50	314.00	333.50	342.00	375.00	402.00	428.25	459.00	563.25	646.50	697.25	728.00	909.00	1100.00	
14241500	0609	19400609	20110609	34	488.00	285.61	143.00	1410.00		162.50	211.00	240.25	259.00	279.00	290.50	321.00	355.00	376.50	410.00	438.00	479.00	548.75	597.50	635.00	722.00	852.50	1230.00	
14241500	0610	19400610	20110610	34	518.97	375.74	143.00	1840.00		162.50	223.00	228.50	255.00	267.75	307.50	333.00	360.00	379.50	387.50	392.00	418.00	528.50	591.50	670.75	715.00	1089.00	1547.50	
14241500	0611	19400611	20110611	34	517.62	383.42	140.00	1860.00		159.50	208.50	245.00	255.00	276.50	312.50	321.25	336.00	343.75	357.00	379.75	506.00	521.50	583.00	634.75	695.00	1088.00	1567.50	
14241500	0612	19400612	20110612	34	528.47	447.29	133.00	2440.00		151.75	193.50	235.50	252.00	266.25	285.50	302.25	323.00	358.25	364.50	383.25	509.00	531.50	591.00	630.75	661.00	1155.00	1630.00	
14241500	0613	19400613	20110613	34	471.94	303.22	129.00	1560.00		158.25	184.00	236.50	238.00	253.00	282.00	319.25	325.00	331.50	336.00	375.00	488.00	548.25	592.00	621.25	641.00	950.00	1155.00	
14241500	0614	19400614	20110614	34	429.38	224.47	129.00	997.00		153.75	181.00	219.50	234.00	237.75	271.00	295.25	315.00	316.50	332.00	407.50	462.00	500.75	552.50	595.25	660.00	753.50	915.25	
14241500	0615	19400615	20110615	34	427.09	230.60	126.00	908.00		147.00	173.00	206.50	220.00	228.75	255.00	276.25	298.00	306.00	323.00	416.75	429.00	511.25	583.50	626.50	671.00	771.00	902.00	
14241500	0616	19400616	20110616	34	412.00	233.61	124.00	1100.00		140.50	170.00	207.00	219.00	237.00	261.00	271.75	287.00	297.75	320.50	354.25	411.00	471.75	531.50	591.75	625.00	713.00	987.50	
14241500	0617	19400617	20110617	34	408.03	232.69	124.00	1140.00		136.00	179.00	200.50	211.00	241.50	272.50	283.50	286.00	303.00	353.50	363.25	413.00	456.75	488.50	519.50	580.00	765.50	997.50	
14241500	0618	19400618	20110618	34	387.18	204.16	120.00	990.00		134.25	177.00	200.50	234.00	244.50	271.50	281.25	287.00	305.25	322.00	343.75	370.00	415.00	463.50	523.00	553.00	694.50	896.25	
14241500	0619	19400619	20110619	34	384.68	203.32	118.00	891.00		135.25	169.00	221.00	228.00	242.25	250.50	257.75	279.00	297.50	311.50	335.00	348.00	383.50	471.00	522.50	591.00	716.00	798.00	
14241500	0620	19400620	20110620	34	374.91	202.40	118.00	918.00		136.00	162.50	202.00	208.00	228.75	238.50	254.25	275.00	278.50	300.50	308.00	348.00	412.50	470.00	553.00	581.00	664.50	838.50	
14241500	0621	19400621	20110621	34	361.85	191.63	113.00	793.00		131.00	170.50	194.00	199.00	214.25	227.00	242.75	252.00	265.75	280.50	292.75	327.00	417.25	479.50	540.25	589.00	664.50	753.25	
14241500	0622	19400622	20110622	34	350.26	176.97	111.00	723.00		129.00	175.50	186.50	192.00	212.50	221.50	235.25	240.00	248.75	284.50	303.25	380.00	402.00	451.00	507.50	527.00	643.50	704.25	
14241500	0623	19400623	20110623	34	337.15	173.84	111.00	749.00		127.50	170.00	181.25	187.00	196.75	207.00	219.00	232.00	234.75	268.00	288.75	384.00	401.50	451.00	478.25	503.00	595.00	736.25	
14241500	0624	19400624	20110624	34	323.29	157.35	107.00	684.00		137.00	160.00	169.75	191.00	203.75	211.50	218.50	223.00	245.75	258.00	278.25	323.00	409.75	417.50	455.50	481.00	557.50	663.75	
14241500	0625	19400625	20110625	34	319.50	160.60	107.00	741.00		137.00	158.00	175.00	186.00	206.75	212.50	214.50	217.00	245.00	254.00	266.50	284.00	377.00	417.00	445.00	461.00	574.50	672.75	
14241500	0626	19400626	20110626	34	305.91	145.60	107.00	622.00		131.00	146.50	170.50	180.00	198.75	204.50	210.75	221.00	234.25	241.00	248.75	328.00	370.50	410.50	421.75	459.00	535.00	604.00	
14241500	0627	19400627	20110627	34	293.94	132.77	109.00	560.00		126.25	139.50	162.25	177.00	196.75	205.50	212.25	224.00	240.50	248.00	253.00	300.00	327.00	370.50	412.00	443.00	524.00	543.50	
14241500	0628	19400628	20110628	34	301.85	153.66	109.00	758.00		126.25	136.50	154.00	177.00	188.50	194.00	218.25	234.00	248.00	260.50	275.25	290.00	312.75	349.00	398.75	428.00	559.50	628.25	
14241500	0629	19400629	20110629	34	322.00	223.80	105.00	1280.00		122.25	140.50	163.25	177.00	180.75	189.50	204.00	228.00	246.00	260.00	267.25	290.00	309.00	349.00	409.75	421.00	626.00	797.00	
14241500	0630	19400630	20110630	34	299.85	188.54	103.00	1050.00		123.25	137.00	159.50	169.00	172.75	180.50	191.75	214.00	225.75	232.00	241.00	269.00	307.25	370.50	384.75	415.00	559.00	715.50	
14241500	0701	19400701	20110701	34	291.76	187.54	99.00	864.00		123.00	134.50	140.00	161.00	167.25	173.50	183.75	199.00	203.75	224.00	237.00	281.00	283.75	315.00	360.00	382.00	632.00	790.50	
14241500	0702	19400702	20110702	34	273.03	164.81	99.00	749.00		114.75	130.50	138.25	155.00	163.00	168.00	173.75	196.00	201.50	219.00	242.50	260.00	264.00	275.50	352.00	360.00	567.00	725.75	
14241500	0703	19400703	20110703	34	262.00	144.47	97.00	629.00		112.00	125.50	135.75	153.00	159.00	163.00	171.75	189.00	200.50	219.50	240.50	251.00	255.50	266.50	344.00	354.00	514.00	625.25	
14241500	0704	19400704	20110704	34	244.32	122.84	95.00	546.00		109.25	123.50	138.25	148.00	153.50	161.50	166.00	174.00	197.00	207.00	219.00	244.00	247.25	259.00	322.75	344.00	460.50	542.25	
14241500	0705	19400705	20110705	34	229.71	108.90	95.00	495.00		108.50	121.00	137.00	143.00	150.75	156.50	160.25	172.00	191.00	198.50	204.25	219.00	229.25	241.50	308.75	327.00	428.00	487.50	
14241500	0706	19400706	20110706	34	224.15	102.58	93.00	481.00		108.75	118.50	135.75	140.00	152.50	154.50	156.00	164.00	182.50	193.00	205.25	216.00	223.00	247.00	301.00	316.00	397.50	453.25	
14241500	0707	19400707	20110707	34	214.85	93.82	93.00	434.00		105.75	121.50	132.25	138.00	143.50	148.50	153.00	165.00	173.75	183.00	200.00	208.00	210.75	240.00	308.00	316.00	374.00	413.00	
14241500	0708	19400708	20110708	34	214.50	104.87	95.00	554.00		107.75	119.50	129.50	133.00	138.25	142.50	148.00	155.00	167.25	178.50	201.00	206.00	216.00	241.00	277.75	314.00	351.00	484.25	
14241500	0709	19400709	20110709	34	227.18	133.12	95.00	702.00		108.50	118.50	127.25	131.00	134.50	138.50	142.25	151.00	161.25	172.50	192.25	195.00	228.00	260.00	290.50	336.00	412.50	546.75	
14241500	0710	19400710	20110710	34	215.24	119.14	91.00	554.00		102.25	114.00	124.50	127.00	134.50	137.50	139.50	147.00	160.50	166.50	182.00	198.00	218.25	243.50	277.00	287.00	412.00	548.00	
14241500	0711	19400711	20110711	34	206.85	106.73	93.00	503.00		101.25	112.00	122.00	123.00	133.75	135.50	138.75	155.00	158.25	164.00	172.75	199.00	227.00	245.50	253.00	275.00	385.50	498.50	
14241500	0712	19400712	20110712	34	198.03	93.95	99.00	448.00		102.00	111.50	116.75	125.00	131.75	133.00	139.50	151.00	155.50	165.00	173.00	192.00	223.25	231.00	239.75	262.00	354.50	445.00	
14241500	0713	19400713	20110713	34	192.24	90.62	95.00	481.00		99.50	111.50	116.75	124.00	129.25	130.50	137.75	147.00	154.50	162.50	167.00	182.00	192.00	222.00	236.75	262.00	331.00	424.75	
14241500	0714	19400714	20110714	34	186.68	88.42	88.00	495.00		97.75	110.00	113.75	118.00	126.00	131.00	137.75	144.00	151.75	157.50	160.25	176.00	192.75	216.50	241.00	242.00	307.50	413.25	
14241500	0715	19400715	20110715	34	181.21	83.63	86.00	468.00		95.00	107.00	112.25	113.00	124.00	128.00	133.25	141.00	148.50	155.50	161.75	170.00	190.50	221.50	227.75	232.00	288.00	406.50	
14241500	0716	19400716	20110716	34	179.71	83.11	88.00	428.00		94.00	104.50	110.00	111.00	124.50	126.00	137.25	140.00	146.75	149.00	158.00	168.00	184.50	215.00	217.50	224.00	325.00	404.00	
14241500	0717	19400717	20110717	34	177.18	80.51	86.00	409.00		92.00	105.50	108.25	113.00	123.25	129.00	135.00	136.00	142.25	148.50	153.50	158.00	178.00	202.50	209.00	220.00	313.50	381.25	
14241500	0718	19400718	20110718	34	170.44	70.40	84.00	349.00		90.00	103.50	108.25	118.00	121.25	127.00	133.00	135.00	139.75	146.00	152.00	155.00	170.75	195.50	201.25	212.00	291.50	340.75	
14241500	0719	19400719	20110719	34	168.56	65.16	84.00	335.00		88.50	103.50	106.25	114.00	120.50	132.00	133.25	134.00	136.75	144.50	152.25	164.00	185.00	193.50	214.50	227.00	281.00	320.75	
14241500	0720	19400720	20110720	34	160.82	57.80	88.00	300.00		88.75	103.50	106.25	112.00	119.75	122.50	128.25	130.00	133.75	139.50	151.50	159.00	172.50	182.50	198.50	209.00	273.00	288.00	
14241500	0721	19400721	20110721	34	158.15	53.20	90.00	285.00		96.00	101.00	105.25	111.00	120.00	128.00	130.50	133.00	138.75	141.00	147.25	155.00	168.25	174.00	186.50	201.00	260.50	285.00	
14241500	0722	19400722	20110722	34	154.50	49.68	88.00	276.00		91.75	100.50	103.50	110.00	119.00	126.00	127.50	130.00	132.50	139.50	145.00	159.00	170.50	175.50	182.50	198.00	248.00	263.25	
14241500	0723	19400723	20110723	34	147.68	45.78	86.00	271.00		88.25	98.50	103.00	110.00	116.75	122.00	125.25	128.00	130.00	133.00	136.50	143.00	159.00	167.00	175.25	178.00	232.50	250.00	
14241500	0724	19400724	20110724	34	144.76	42.91	86.00	261.00		87.50	99.00	101.50	105.00	118.50	121.00	122.00	122.00	126.00	129.00	141.50	151.00	153.75	166.00	169.00	172.00	219.50	239.25	
14241500	0725	19400725	20110725	34	139.88	40.18	86.00	252.00		86.00	98.50	101.50	104.00	111.00	115.50	118.50	120.00	121.00	130.00	137.50	143.00	148.50	158.00	161.00	168.00	208.00	231.75	
14241500	0726	19400726	20110726	34	143.00	53.69	85.00	384.00		92.50	97.00	101.75	107.00	109.50	114.00	116.50	118.00	125.75	131.50	138.50	140.00	152.25	157.00	159.75	162.00	199.50	258.00	
14241500	0727	19400727	20110727	34	142.56	52.82	84.00	366.00		89.25	95.50	100.00	107.00	108.00	111.00	115.00	118.00	122.75	131.50	135.25	146.00	150.75	157.50	159.75	162.00	208.00	259.50	
14241500	0728	19400728	20110728	34	142.76	51.23	82.00	310.00		86.50	93.50	100.00	106.00	107.75	111.50	112.00	113.00	118.75	127.50	133.75	144.00	150.50	156.00	168.00	177.00	206.50	282.25	
14241500	0729	19400729	20110729	34	136.32	44.38	82.00	290.00		85.75	92.00	98.00	102.00	104.25	107.50	110.00	112.00	119.25	126.50	131.50	135.00	142.00	149.50	155.00	172.00	202.50	227.00	
14241500	0730	19400730	20110730	34	132.50	40.61	81.00	276.00		83.25	91.00	96.75	102.00	105.00	107.50	109.00	112.00	117.25	122.00	124.25	130.00	133.00	149.50	162.25	169.00	185.00	219.00	
14241500	0731	19400731	20110731	34	128.18	36.91	80.00	256.00		80.75	91.50	94.75	102.00	102.00	106.00	108.25	112.00	114.50	117.50	120.50	128.00	130.00	144.50	151.25	159.00	178.50	209.50	
14241500	0801	19400801	20110801	34	125.38	34.73	80.00	243.00		80.75	91.00	92.75	100.00	101.75	103.50	107.25	108.00	109.00	114.50	120.25	127.00	128.00	143.00	149.00	154.00	174.00	200.25	
14241500	0802	19400802	20110802	34	124.85	35.32	78.00	231.00		80.25	90.00	92.25	98.00	99.75	103.50	106.00	106.00	110.75	116.50	121.50	124.00	127.75	140.00	143.00	152.00	176.50	216.75	
14241500	0803	19400803	20110803	34	130.00	62.45	77.00	439.00		80.00	88.50	93.00	97.00	101.75	102.00	103.25	106.00	110.00	114.50	119.00	122.00	128.25	138.50	141.25	144.00	175.50	276.25	
14241500	0804	19400804	20110804	34	124.62	35.67	76.00	220.00		79.75	88.00	94.00	94.00	101.50	104.00	106.25	107.00	112.25	115.00	120.00	122.00	128.50	135.50	140.00	146.00	188.50	212.50	
14241500	0805	19400805	20110805	34	121.62	32.78	77.00	204.00		80.00	86.00	89.75	92.00	99.25	100.50	104.00	104.00	105.75	113.50	117.50	122.00	128.00	132.50	137.50	153.00	178.50	190.50	
14241500	0806	19400806	20110806	34	121.35	31.16	78.00	196.00		81.00	85.50	88.25	90.00	96.25	100.00	103.25	106.00	112.25	118.00	119.50	122.00	124.00	135.00	149.25	157.00	168.50	181.00	
14241500	0807	19400807	20110807	34	122.41	33.28	80.00	193.00		80.75	83.50	88.25	89.00	94.00	99.50	101.00	108.00	109.75	116.50	121.25	124.00	131.75	137.00	144.50	161.00	177.00	190.00	
14241500	0808	19400808	20110808	34	118.47	29.19	80.00	190.00		80.75	84.50	86.75	92.00	94.50	99.00	100.75	106.00	108.75	116.50	119.25	121.00	127.75	130.00	130.50	148.00	163.00	185.50	
14241500	0809	19400809	20110809	34	116.38	26.64	79.00	182.00		82.75	85.00	87.75	91.00	94.00	98.00	102.00	106.00	107.75	112.50	114.25	123.00	125.75	128.00	130.50	140.00	159.50	175.25	
14241500	0810	19400810	20110810	34	113.47	24.73	79.00	179.00		80.50	86.00	88.25	89.00	94.50	97.00	102.00	104.00	105.75	108.50	110.00	112.00	123.50	125.50	128.25	130.00	147.00	172.25	
14241500	0811	19400811	20110811	34	111.82	25.04	74.00	173.00		79.25	85.00	85.75	88.00	90.75	97.50	99.25	101.00	104.50	107.00	109.00	109.00	120.25	122.50	123.75	127.00	153.00	168.50	
14241500	0812	19400812	20110812	34	111.47	24.21	72.00	170.00		78.00	84.00	89.00	90.00	91.75	96.00	98.25	101.00	102.00	106.50	109.00	117.00	119.00	121.00	123.25	136.00	145.50	167.75	
14241500	0813	19400813	20110813	34	110.26	25.35	76.00	167.00		77.50	82.50	86.00	88.00	91.25	95.00	95.25	97.00	101.00	105.00	109.50	111.00	115.50	118.00	121.75	130.00	157.50	167.00	
14241500	0814	19400814	20110814	34	108.50	25.82	76.00	170.00		76.75	82.50	84.00	85.00	91.25	94.50	95.00	96.00	99.00	102.50	105.25	107.00	111.00	114.50	117.25	122.00	158.50	167.75	
14241500	0815	19400815	20110815	34	107.76	28.32	72.00	200.00		75.00	82.00	84.00	84.00	89.25	93.50	94.25	95.00	97.00	99.00	102.50	104.00	108.75	112.00	113.75	130.00	154.00	175.25	
14241500	0816	19400816	20110816	34	106.82	27.33	70.00	189.00		78.25	81.50	83.00	85.00	90.50	94.00	94.00	94.00	94.75	98.00	101.00	102.00	107.75	110.50	112.50	128.00	152.50	174.75	
14241500	0817	19400817	20110817	34	106.12	29.47	70.00	222.00		76.75	80.50	83.25	85.00	87.50	91.50	94.00	95.00	95.75	97.00	99.00	105.00	107.50	108.00	111.75	121.00	147.50	178.50	
14241500	0818	19400818	20110818	34	103.71	26.54	68.00	197.00		74.00	80.00	81.25	82.00	83.00	87.50	92.25	93.00	94.75	96.00	102.00	105.00	106.00	107.50	111.75	117.00	143.50	167.75	
14241500	0819	19400819	20110819	34	103.68	25.85	70.00	182.00		73.75	79.00	79.25	80.00	80.75	86.00	92.00	93.00	95.00	98.00	102.25	105.00	110.00	114.00	115.25	117.00	140.50	170.75	
14241500	0820	19400820	20110820	34	106.76	35.05	72.00	234.00		73.50	77.00	78.00	78.00	81.00	85.50	91.25	93.00	93.75	96.00	102.50	105.00	110.00	113.00	117.25	124.00	151.50	208.50	
14241500	0821	19400821	20110821	34	106.35	33.34	72.00	234.00		72.75	76.00	76.00	78.00	80.75	86.00	91.25	93.00	95.00	98.50	101.50	108.00	110.00	113.00	117.75	126.00	148.50	188.25	
14241500	0822	19400822	20110822	34	116.85	60.29	72.00	403.00		72.00	76.00	76.25	78.00	81.75	90.00	91.25	93.00	95.75	99.50	104.00	107.00	111.00	119.00	124.00	146.00	172.00	251.50	
14241500	0823	19400823	20110823	34	117.03	63.31	72.00	425.00		72.75	74.50	76.00	79.00	85.75	90.00	90.25	92.00	94.50	103.00	104.00	111.00	114.25	117.00	122.50	137.00	177.50	261.50	
14241500	0824	19400824	20110824	34	116.74	56.41	72.00	332.00		72.75	73.50	76.00	81.00	85.00	88.50	90.50	93.00	94.50	101.00	102.75	106.00	113.75	122.50	125.25	136.00	169.50	300.50	
14241500	0825	19400825	20110825	34	129.97	113.03	70.00	736.00		71.50	73.00	78.75	82.00	86.75	88.00	90.00	91.00	99.50	102.50	105.00	110.00	118.75	122.50	133.50	150.00	192.00	341.50	
14241500	0826	19400826	20110826	34	146.12	174.24	68.00	1100.00		72.50	74.00	77.25	82.00	87.75	89.00	90.25	95.00	96.00	103.00	111.50	121.00	127.75	134.50	144.25	159.00	200.00	477.50	
14241500	0827	19400827	20110827	34	139.47	128.86	67.00	792.00		69.25	75.00	78.25	85.00	88.75	90.00	92.50	94.00	98.00	100.50	107.25	108.00	116.75	131.50	140.25	143.00	229.50	463.50	
14241500	0828	19400828	20110828	34	131.12	94.42	67.00	495.00		68.50	73.50	76.75	86.00	87.75	89.50	90.25	93.00	95.25	99.50	106.75	114.00	120.25	126.50	136.00	138.00	217.00	456.75	
14241500	0829	19400829	20110829	34	120.65	58.77	70.00	362.00		71.50	73.00	74.75	83.00	86.50	89.50	92.00	95.00	96.75	103.50	106.25	112.00	120.50	127.00	130.50	144.00	210.50	266.00	
14241500	0830	19400830	20110830	34	113.94	44.29	71.00	284.00		71.75	76.00	79.25	80.00	83.75	89.00	89.25	92.00	96.50	98.00	100.50	108.00	118.50	122.50	131.50	138.00	175.00	222.50	
14241500	0831	19400831	20110831	34	108.21	35.29	68.00	237.00		70.25	73.00	75.00	80.00	83.75	87.50	89.50	91.00	92.00	95.50	104.00	106.00	114.50	123.00	129.00	133.00	158.00	181.50	
14241500	0901	19400901	20110901	34	112.12	43.61	67.00	246.00		67.75	74.00	77.25	80.00	83.50	86.50	88.25	91.00	92.75	99.00	104.25	114.00	118.00	122.00	123.50	133.00	182.00	236.25	
14241500	0902	19400902	20110902	34	113.50	70.40	64.00	477.00		65.50	72.50	76.00	80.00	84.00	86.00	87.00	89.00	90.75	94.00	102.00	104.00	113.75	116.50	122.50	129.00	144.50	275.25	
14241500	0903	19400903	20110903	34	111.85	60.89	63.00	418.00		65.25	71.00	81.00	82.00	86.25	87.50	88.25	90.00	91.00	95.50	104.50	107.00	108.50	112.00	112.75	124.00	152.50	252.25	
14241500	0904	19400904	20110904	34	135.68	149.98	62.00	844.00		63.50	70.00	76.75	80.00	81.00	86.50	87.25	88.00	94.00	98.50	101.00	105.00	106.75	111.00	118.25	130.00	167.00	629.50	
14241500	0905	19400905	20110905	34	131.74	131.27	62.00	708.00		65.00	71.00	78.00	79.00	84.00	86.50	88.25	91.00	92.75	97.00	101.50	104.00	108.00	112.50	117.25	127.00	166.50	597.75	
14241500	0906	19400906	20110906	34	119.32	85.61	63.00	558.00		67.50	71.00	75.00	78.00	81.75	85.50	90.25	92.00	97.25	98.00	99.25	102.00	109.00	115.50	124.00	127.00	175.00	319.50	
14241500	0907	19400907	20110907	34	119.38	69.59	68.00	444.00		68.75	72.50	78.25	85.00	85.75	90.00	93.25	95.00	98.00	99.00	105.00	106.00	109.00	115.00	121.25	125.00	195.50	300.00	
14241500	0908	19400908	20110908	34	116.91	60.74	68.00	369.00		68.75	79.00	82.50	84.00	85.50	89.00	92.50	95.00	97.75	101.50	105.25	106.00	114.25	118.50	124.50	130.00	144.00	325.50	
14241500	0909	19400909	20110909	34	113.68	56.94	67.00	332.00		69.25	80.00	82.25	84.00	87.00	88.00	89.25	92.00	95.00	97.00	102.50	108.00	111.50	117.50	120.50	122.00	139.00	322.25	
14241500	0910	19400910	20110910	34	116.03	64.38	67.00	423.00		69.25	79.00	83.25	85.00	86.75	88.00	90.25	92.00	96.75	98.00	99.50	106.00	109.50	112.00	118.75	127.00	157.00	300.00	
14241500	0911	19400911	20110911	34	121.21	75.52	67.00	434.00		67.75	77.00	82.00	84.00	85.75	88.00	89.00	89.00	95.75	99.50	100.25	101.00	103.75	105.50	111.75	127.00	239.00	335.75	
14241500	0912	19400912	20110912	34	111.91	60.45	67.00	408.00		67.00	75.50	80.25	82.00	85.25	86.00	87.75	90.00	92.50	98.00	98.50	103.00	105.00	106.00	108.50	112.00	172.50	249.75	
14241500	0913	19400913	20110913	34	112.88	65.89	66.00	393.00		72.00	76.50	79.00	80.00	83.25	85.00	86.00	86.00	89.25	93.00	95.75	98.00	102.25	107.00	110.25	115.00	153.50	334.50	
14241500	0914	19400914	20110914	34	119.68	80.10	68.00	418.00		71.00	75.50	78.00	81.00	84.00	84.50	85.25	86.00	86.00	91.50	98.25	103.00	107.00	111.50	128.75	137.00	177.00	412.75	
14241500	0915	19400915	20110915	34	133.06	96.54	70.00	483.00		72.25	74.50	75.50	80.00	81.75	83.50	84.25	85.00	86.00	94.50	98.50	103.00	121.75	125.50	135.00	146.00	246.50	448.50	
14241500	0916	19400916	20110916	34	149.74	109.51	75.00	466.00		75.00	75.00	75.50	80.00	81.50	83.00	85.25	86.00	89.75	98.50	103.75	120.00	128.00	160.00	186.75	193.00	370.50	445.75	
14241500	0917	19400917	20110917	34	180.76	281.31	73.00	1680.00		73.00	77.50	79.00	80.00	81.00	82.50	84.25	86.00	97.75	98.50	108.50	115.00	133.00	145.00	156.50	190.00	330.50	804.00	
14241500	0918	19400918	20110918	34	177.53	247.58	71.00	1290.00		74.00	76.50	81.00	82.00	82.75	84.50	87.75	96.00	98.00	103.50	113.00	126.00	130.25	133.00	133.75	137.00	326.00	1011.00	
14241500	0919	19400919	20110919	34	173.44	223.76	71.00	1200.00		73.25	79.50	82.00	82.00	83.50	86.00	90.00	97.00	98.50	102.00	106.50	112.00	120.50	127.50	133.50	152.00	392.50	846.75	
14241500	0920	19400920	20110920	34	166.44	170.88	71.00	797.00		73.25	78.00	79.25	81.00	82.00	84.00	86.00	90.00	96.00	97.00	100.50	109.00	115.75	120.00	127.75	167.00	473.50	607.25	
14241500	0921	19400921	20110921	34	153.76	131.84	69.00	591.00		71.25	75.00	78.25	79.00	79.75	82.00	89.25	91.00	94.50	96.00	100.25	110.00	119.75	124.50	134.00	167.00	406.00	505.50	
14241500	0922	19400922	20110922	34	139.47	101.80	69.00	479.00		69.75	71.00	75.25	77.00	78.75	81.50	85.50	89.00	93.50	96.00	99.25	107.00	118.75	123.00	153.50	166.00	295.00	437.00	
14241500	0923	19400923	20110923	34	128.35	84.18	68.00	403.00		68.75	70.00	72.75	76.00	76.75	79.00	80.25	85.00	91.50	93.50	97.00	103.00	112.00	117.00	151.25	167.00	249.50	384.25	
14241500	0924	19400924	20110924	34	120.15	71.05	67.00	345.00		68.50	70.50	72.00	73.00	75.75	77.50	80.25	83.00	85.75	95.50	98.25	100.00	108.50	114.00	139.50	152.00	224.00	342.00	
14241500	0925	19400925	20110925	34	118.53	62.28	65.00	319.00		67.25	69.50	71.25	72.00	77.00	78.50	83.50	92.00	96.00	99.50	103.75	108.00	108.75	119.00	142.25	154.00	208.50	308.50	
14241500	0926	19400926	20110926	34	128.41	72.09	64.00	302.00		66.25	68.00	69.75	72.00	76.75	81.50	88.75	95.00	97.00	101.50	108.50	112.00	118.25	133.00	141.50	155.00	278.00	293.00	
14241500	0927	19400927	20110927	34	138.59	91.41	65.00	479.00		66.50	68.00	70.50	76.00	82.25	86.50	94.00	94.00	97.75	104.50	106.50	118.00	131.75	143.50	154.25	192.00	267.50	387.50	
14241500	0928	19400928	20110928	34	134.65	81.38	64.00	444.00		66.25	68.00	70.50	77.00	80.00	85.50	89.25	95.00	101.75	109.00	115.75	124.00	129.00	137.50	151.25	193.00	258.50	328.50	
14241500	0929	19400929	20110929	34	126.26	66.79	65.00	381.00		66.50	71.50	76.25	78.00	80.00	83.00	87.75	90.00	93.75	105.00	110.25	119.00	132.50	135.50	143.75	160.00	221.50	278.25	
14241500	0930	19400930	20110930	34	153.50	100.98	67.00	476.00		67.00	75.00	78.25	84.00	85.00	86.50	91.75	97.00	100.50	114.00	121.75	133.00	160.00	174.50	196.50	210.00	306.00	444.50	
14241500	1001	19391001	20101001	33	177.12	151.36	65.00	698.00		66.40	75.00	76.20	80.40	85.50	89.40	92.80	97.40	103.00	110.00	127.90	131.80	155.00	168.00	193.00	274.60	429.60	598.60	
14241500	1002	19391002	20101002	33	221.06	341.45	64.00	1940.00		66.80	74.40	76.30	82.20	85.00	88.40	90.90	102.00	112.40	119.00	120.00	133.20	156.50	177.80	215.50	246.20	397.40	1153.90	
14241500	1003	19391003	20101003	33	235.00	319.26	65.00	1530.00		67.10	74.40	77.30	84.00	86.50	92.20	100.60	111.80	117.30	120.00	128.90	140.40	160.10	179.00	185.50	245.60	545.80	1306.00	
14241500	1004	19391004	20101004	33	274.73	440.26	64.00	2460.00		66.80	74.40	75.20	85.80	89.00	106.00	110.90	118.40	125.00	131.00	137.80	147.00	159.50	174.40	271.00	332.20	724.40	1344.20	
14241500	1005	19391005	20101005	33	268.33	396.21	64.00	2230.00		68.20	72.00	73.50	84.40	91.50	99.20	107.20	112.40	122.90	130.00	143.10	159.00	214.70	261.80	281.50	330.20	495.40	1310.90	
14241500	1006	19391006	20101006	33	213.70	245.54	67.00	1310.00		68.40	70.80	72.60	81.20	87.00	93.40	96.80	106.00	113.10	122.00	126.70	160.60	193.40	218.60	232.00	262.40	414.80	939.70	
14241500	1007	19391007	20101007	33	207.15	213.32	68.00	983.00		69.40	74.20	76.30	80.60	84.50	88.20	95.30	108.40	111.80	118.00	136.50	150.80	174.60	192.20	236.50	294.40	494.60	882.20	
14241500	1008	19391008	20101008	33	232.24	234.68	67.00	1040.00		69.10	73.40	77.10	79.60	86.00	92.80	108.90	110.00	111.50	122.00	140.20	152.40	179.70	238.00	279.50	371.20	673.20	820.20	
14241500	1009	19391009	20101009	33	337.24	590.73	65.00	3050.00		67.10	74.00	76.00	77.60	86.00	110.20	111.90	120.00	132.90	140.00	150.10	165.40	212.70	221.40	258.50	497.00	576.60	2238.00	
14241500	1010	19391010	20101010	33	397.67	618.73	65.00	2690.00		67.10	73.00	77.10	81.20	94.00	100.40	110.10	113.60	131.30	161.00	172.40	183.20	199.70	267.20	420.00	513.60	1120.00	2473.00	
14241500	1011	19391011	20101011	33	332.39	407.44	63.00	1790.00		66.50	70.60	85.60	96.60	102.00	107.60	119.00	130.80	135.00	144.00	163.10	207.60	256.80	300.40	336.00	482.20	987.20	1461.00	
14241500	1012	19391012	20101012	33	275.33	301.76	62.00	1320.00		65.50	70.00	89.40	93.80	97.00	101.60	115.20	121.20	126.40	146.00	151.60	207.80	243.00	279.20	305.50	377.60	841.00	1096.00	
14241500	1013	19391013	20101013	33	252.85	236.36	61.00	1120.00		64.50	69.20	84.20	96.40	107.00	114.60	117.90	130.80	147.50	170.00	176.80	228.20	241.20	274.40	309.00	365.00	642.80	891.10	
14241500	1014	19391014	20101014	33	243.64	207.62	67.00	997.00		67.70	75.60	95.60	104.20	105.00	107.20	114.70	138.20	151.30	157.00	160.10	204.40	221.80	264.00	343.00	412.40	562.60	747.10	
14241500	1015	19391015	20101015	33	259.48	253.29	69.00	1150.00		69.70	84.80	95.30	102.80	110.50	116.60	131.10	134.20	140.30	148.00	164.70	188.80	203.90	240.60	305.50	365.60	591.60	1003.00	
14241500	1016	19391016	20101016	33	274.52	339.08	69.00	1850.00		69.70	83.80	90.10	93.40	104.00	124.00	128.90	136.40	163.40	172.00	188.10	204.80	220.40	232.00	259.50	304.80	679.20	1151.40	
14241500	1017	19391017	20101017	33	301.97	406.65	67.00	2260.00		69.10	89.20	93.00	96.20	102.00	124.60	131.50	133.60	146.20	172.00	181.80	210.60	273.30	279.20	286.00	409.60	738.80	1315.70	
14241500	1018	19391018	20101018	33	367.15	471.70	67.00	2440.00		69.10	83.40	93.00	97.80	100.50	114.20	124.80	137.60	144.60	150.00	168.40	176.60	272.40	399.60	551.50	644.00	900.60	1509.00	
14241500	1019	19391019	20101019	33	415.79	600.42	68.00	3240.00		69.40	82.60	90.60	104.00	109.50	118.40	131.20	136.40	143.70	155.00	174.90	234.20	347.40	402.00	604.00	709.40	949.60	1910.00	
14241500	1020	19391020	20101020	33	437.79	544.10	71.00	2510.00		71.70	82.60	88.50	95.40	107.00	123.60	137.20	141.00	160.00	196.00	255.50	321.20	353.90	507.60	616.00	656.60	1218.00	2013.00	
14241500	1021	19391021	20101021	33	413.33	454.93	71.00	1920.00		75.90	81.80	93.10	97.20	113.50	120.20	127.70	138.00	175.90	228.00	302.10	319.80	399.60	470.20	546.00	585.60	1318.00	1542.00	
14241500	1022	19391022	20101022	33	365.09	338.31	69.00	1280.00		75.30	82.20	91.50	97.60	113.00	120.20	125.50	134.20	183.30	239.00	272.50	296.20	408.30	457.40	585.00	662.40	914.80	1252.00	
14241500	1023	19391023	20101023	33	408.76	567.85	68.00	3210.00		70.80	82.00	89.10	98.80	114.00	116.40	121.60	129.80	219.80	242.00	275.80	308.40	356.80	499.20	550.50	594.40	856.40	1698.00	
14241500	1024	19391024	20101024	33	407.79	417.04	67.00	2050.00		75.40	90.80	93.90	109.20	114.00	127.20	177.50	200.40	222.40	259.00	315.10	340.00	421.10	471.60	525.50	620.60	1046.00	1399.00	
14241500	1025	19391025	20101025	33	429.36	432.18	67.00	1700.00		74.00	84.80	98.80	108.40	110.00	113.20	123.90	175.60	197.00	252.00	301.70	337.80	431.20	472.00	584.50	867.40	1162.00	1469.00	
14241500	1026	19391026	20101026	33	390.97	348.00	67.00	1340.00		72.60	88.60	92.80	109.80	133.00	156.00	157.80	197.80	231.90	252.00	276.60	304.60	377.90	517.40	587.00	735.80	1042.00	1186.00	
14241500	1027	19391027	20101027	33	403.36	409.91	67.00	1980.00		70.50	85.80	105.50	110.00	126.00	142.80	165.60	183.40	218.60	239.00	293.30	344.20	409.70	509.80	545.50	607.80	951.20	1490.00	
14241500	1028	19391028	20101028	33	430.06	459.94	70.00	2510.00		70.00	83.60	106.40	144.20	157.00	187.80	204.90	235.40	250.60	288.00	324.00	398.60	429.60	529.60	577.00	611.00	784.00	1642.00	
14241500	1029	19391029	20101029	33	467.24	499.07	72.00	2110.00		73.40	86.00	104.70	136.20	182.50	205.20	214.90	233.80	240.80	261.00	343.80	436.80	464.30	502.20	541.50	591.20	1253.60	2005.00	
14241500	1030	19391030	20101030	33	545.82	783.25	71.00	4180.00		86.40	97.60	111.20	134.80	174.00	213.60	221.80	234.80	270.10	330.00	388.30	432.40	458.20	544.40	573.50	602.00	1204.80	2857.00	
14241500	1031	19391031	20101031	33	594.06	642.41	68.00	3380.00		80.60	111.20	118.60	153.60	205.50	211.00	219.50	256.80	342.90	394.00	476.20	572.20	642.30	693.40	757.00	866.80	1256.00	2183.00	
14241500	1101	19391101	20101101	33	578.45	524.50	67.00	2020.00		78.90	111.20	118.50	142.20	204.00	215.20	229.50	274.20	293.60	348.00	444.90	500.20	635.20	755.80	803.00	1208.00	1356.00	1859.00	
14241500	1102	19391102	20101102	33	568.45	535.14	67.00	2170.00		83.10	109.40	125.00	180.60	196.50	202.00	229.80	248.00	320.00	322.00	338.40	471.80	614.50	647.60	817.00	1162.00	1404.00	1841.00	
14241500	1103	19391103	20101103	33	586.97	512.99	67.00	2210.00		77.50	123.40	137.60	174.80	187.50	212.80	254.60	349.80	371.20	375.00	459.40	497.80	591.40	670.80	964.50	1178.00	1344.00	1636.00	
14241500	1104	19391104	20101104	33	614.73	589.38	67.00	3030.00		76.10	117.40	145.50	176.80	191.00	210.40	240.00	333.40	401.30	413.00	531.50	612.20	626.80	879.60	980.50	1002.00	1164.00	2029.00	
14241500	1105	19391105	20101105	33	562.55	471.00	69.00	2230.00		75.30	113.40	160.70	176.80	194.50	237.20	292.10	348.60	390.70	406.00	442.40	627.40	651.40	688.40	770.00	908.40	1228.00	1698.00	
14241500	1106	19391106	20101106	33	753.48	1403.91	71.00	8340.00		73.80	110.20	154.70	230.80	282.50	306.20	327.50	402.80	458.00	479.00	516.40	587.20	608.80	663.00	692.00	745.80	1252.00	3566.00	
14241500	1107	19391107	20101107	33	814.03	1503.43	72.00	8590.00		76.20	126.60	149.70	210.60	242.00	289.80	293.90	403.40	454.20	490.00	555.20	589.20	605.20	611.00	702.50	764.40	1202.00	4817.00	
14241500	1108	19391108	20101108	33	675.33	852.98	72.00	3880.00		99.30	164.80	180.40	204.80	251.00	263.00	297.10	370.40	401.00	462.00	484.50	512.80	615.90	687.40	746.00	817.00	1086.00	3768.00	
14241500	1109	19391109	20101109	33	591.94	546.29	75.00	2500.00		97.40	174.00	212.90	246.20	256.00	302.80	358.00	397.80	412.80	420.00	450.50	473.00	569.80	601.80	667.00	805.60	1264.00	2360.00	
14241500	1110	19391110	20101110	33	602.85	492.64	85.00	1920.00		101.80	179.40	223.00	257.80	298.00	335.20	366.60	376.20	390.80	412.00	434.70	527.00	550.60	634.40	692.50	982.00	1598.00	1906.00	
14241500	1111	19391111	20101111	33	629.30	502.92	139.00	2170.00		162.10	192.40	230.40	269.00	289.00	317.20	341.30	360.60	383.30	396.00	449.50	533.00	628.30	705.20	793.50	1092.00	1480.00	1862.00	
14241500	1112	19391112	20101112	33	823.85	992.54	156.00	4600.00		157.40	185.40	255.80	279.00	300.50	320.00	331.20	353.00	385.80	392.00	442.10	511.20	568.50	766.80	787.00	1030.00	2390.00	3613.00	
14241500	1113	19391113	20101113	33	796.30	798.16	186.00	3130.00		195.80	232.60	271.10	290.80	305.50	340.60	353.70	361.20	405.80	428.00	490.80	647.40	686.50	726.20	817.50	1222.00	2352.00	3011.00	
14241500	1114	19391114	20101114	33	860.33	830.30	164.00	4450.00		187.10	226.20	253.50	283.80	335.50	373.60	401.60	424.60	469.70	513.00	637.30	792.80	991.40	1048.00	1170.00	1440.00	1750.00	2686.00	
14241500	1115	19391115	20101115	33	834.15	651.77	148.00	2620.00		179.50	200.00	237.40	261.00	294.00	365.00	430.90	447.60	535.70	640.00	756.80	824.60	911.90	1058.00	1120.00	1374.00	1958.00	2270.00	
14241500	1116	19391116	20101116	33	852.30	574.83	136.00	1990.00		140.90	207.20	236.20	272.00	312.50	417.20	527.20	565.20	622.20	704.00	726.30	803.20	1168.00	1378.00	1430.00	1452.00	1748.00	1850.00	
14241500	1117	19391117	20101117	33	882.94	553.85	115.00	1950.00		134.60	205.00	250.20	300.80	406.00	490.40	542.30	630.80	721.60	799.00	830.90	1033.60	1137.00	1208.00	1310.00	1456.00	1748.00	1908.00	
14241500	1118	19391118	20101118	33	1038.73	1077.98	108.00	5610.00		141.60	192.40	234.70	294.20	417.00	474.60	589.30	600.80	721.20	786.00	836.40	950.20	1050.00	1082.00	1230.00	1370.00	2116.00	4147.00	
14241500	1119	19391119	20101119	33	1061.76	870.80	102.00	3700.00		130.70	185.40	216.90	320.80	400.00	443.40	537.50	581.00	714.50	770.00	920.70	1002.20	1341.00	1374.00	1640.00	1944.00	2110.00	3217.00	
14241500	1120	19391120	20101120	33	1038.00	946.60	100.00	5180.00		125.20	177.80	221.90	296.60	347.00	475.80	552.80	668.60	758.00	900.00	988.90	1126.00	1272.00	1298.00	1475.00	1500.00	1946.00	3080.00	
14241500	1121	19391121	20101121	33	992.58	915.37	100.00	4730.00		130.10	176.80	215.40	274.40	327.50	425.80	522.10	604.00	693.00	826.00	940.40	1048.00	1119.00	1200.00	1320.00	1386.00	1964.00	3379.00	
14241500	1122	19391122	20101122	33	948.70	844.70	98.00	3210.00		137.90	189.00	224.80	253.60	277.50	343.20	389.50	498.80	552.90	597.00	816.00	921.60	1044.00	1096.00	1315.00	1702.00	2366.00	3084.00	
14241500	1123	19391123	20101123	33	1070.21	1076.84	95.00	4940.00		143.30	187.00	217.80	311.20	357.00	417.00	445.60	495.80	511.80	606.00	748.30	841.80	999.40	1262.00	1660.00	1984.00	2710.00	3582.00	
14241500	1124	19391124	20101124	33	1153.00	1055.02	90.00	3580.00		134.10	175.80	272.30	329.60	359.00	396.20	431.10	495.40	533.90	574.00	655.70	1146.00	1356.00	1580.00	1910.00	2046.00	3100.00	3300.00	
14241500	1125	19391125	20101125	33	1459.12	1936.30	88.00	8510.00		130.00	165.80	266.70	351.20	374.00	402.20	431.10	558.00	616.20	755.00	816.30	987.00	1270.00	1728.00	2010.00	2180.00	3370.00	7978.00	
14241500	1126	19391126	20101126	33	1419.48	1679.32	88.00	7540.00		130.00	158.00	324.10	345.20	358.00	418.80	635.40	690.00	713.80	934.00	979.10	1152.00	1367.00	1494.00	1790.00	1994.00	3444.00	6749.00	
14241500	1127	19391127	20101127	33	1432.76	1399.42	85.00	5420.00		127.70	162.20	328.70	360.60	424.50	505.00	563.00	708.00	806.40	898.00	1117.00	1252.00	1337.00	1578.00	1890.00	2504.00	3784.00	4951.00	
14241500	1128	19391128	20101128	33	1136.91	868.43	82.00	3180.00		122.60	152.00	325.70	341.00	390.50	454.80	557.40	647.80	699.10	1070.00	1107.00	1226.00	1320.00	1418.00	1825.00	2084.00	2512.00	2900.00	
14241500	1129	19391129	20101129	33	1023.61	670.75	80.00	2450.00		118.50	152.00	326.90	376.60	430.00	468.00	512.50	571.40	717.60	936.00	1154.00	1426.00	1540.00	1556.00	1585.00	1654.00	1904.00	2121.00	
14241500	1130	19391130	20101130	33	973.33	538.85	80.00	1960.00		114.30	252.80	358.80	435.00	462.00	483.00	577.20	669.60	1007.30	1100.00	1141.00	1244.00	1291.00	1380.00	1445.00	1526.00	1606.00	1785.00	
14241500	1201	19391201	20101201	33	1051.52	780.54	85.00	3490.00		112.30	260.40	338.10	411.00	439.00	491.40	523.30	622.00	878.10	980.00	1031.00	1124.00	1315.00	1376.00	1490.00	1544.00	1830.00	3224.00	
14241500	1202	19391202	20101202	33	1179.91	912.76	110.00	3580.00		117.70	309.00	435.00	457.80	469.50	531.20	657.20	751.40	926.80	1060.00	1060.00	1156.00	1274.00	1374.00	1500.00	1576.00	2940.00	3538.00	
14241500	1203	19391203	20101203	33	1251.45	1250.05	118.00	6920.00		161.40	321.80	408.60	427.00	441.00	505.00	589.50	681.60	827.40	1120.00	1216.00	1258.00	1286.00	1460.00	1670.00	1758.00	2078.00	4526.00	
14241500	1204	19391204	20101204	33	1103.03	835.86	117.00	4160.00		232.50	371.00	390.10	400.80	420.50	465.40	596.80	640.20	758.40	1030.00	1101.00	1164.00	1244.00	1304.00	1460.00	1582.00	2232.00	2935.00	
14241500	1205	19391205	20101205	33	1037.03	773.97	115.00	3080.00		213.70	318.80	357.60	371.00	405.50	436.20	494.50	624.00	726.10	922.00	996.70	1036.00	1166.00	1228.00	1325.00	1728.00	2306.00	2982.00	
14241500	1206	19391206	20101206	33	1053.61	772.47	111.00	3240.00		229.30	314.20	333.00	348.20	390.50	423.60	536.20	734.40	877.70	907.00	929.70	971.80	1038.00	1298.00	1555.00	1730.00	2396.00	2680.00	
14241500	1207	19391207	20101207	33	933.58	579.06	108.00	2330.00		212.30	286.60	308.90	361.20	385.50	503.40	616.60	732.00	761.50	816.00	918.30	995.20	1075.00	1200.00	1350.00	1544.00	1848.00	2120.00	
14241500	1208	19391208	20101208	33	922.61	509.75	106.00	2140.00		216.60	271.40	306.00	367.80	497.50	659.40	689.50	750.80	842.00	884.00	890.50	1054.00	1092.00	1198.00	1260.00	1292.00	1732.00	1937.00	
14241500	1209	19391209	20101209	33	1160.97	1316.73	104.00	7400.00		206.90	266.60	328.80	388.00	522.00	609.00	624.70	678.00	729.80	876.00	911.20	1056.00	1102.00	1184.00	1280.00	1444.00	2168.00	4733.00	
14241500	1210	19391210	20101210	33	1113.58	896.60	246.00	3270.00		246.00	261.40	349.80	368.20	494.50	553.00	617.40	638.40	685.90	771.00	869.10	963.20	1122.00	1262.00	1575.00	1864.00	2912.00	3263.00	
14241500	1211	19391211	20101211	33	1335.97	1355.39	229.00	6320.00		240.20	297.60	349.40	395.40	475.50	510.40	549.90	563.60	638.90	770.00	891.60	1204.00	1299.00	1468.00	1595.00	2112.00	3592.00	4556.00	
14241500	1212	19391212	20101212	33	1460.42	1549.86	215.00	6900.00		236.70	278.80	358.20	392.00	441.50	483.00	568.80	643.20	832.90	961.00	993.90	1084.00	1145.00	1558.00	1910.00	2506.00	3482.00	5934.00	
14241500	1213	19391213	20101213	33	1425.91	1437.62	206.00	6580.00		208.80	264.60	327.60	419.60	473.50	508.60	614.30	748.40	784.80	910.00	1207.00	1298.00	1382.00	1760.00	2005.00	2194.00	2966.00	5845.00	
14241500	1214	19391214	20101214	33	1314.55	1196.69	196.00	5060.00		219.80	263.40	301.40	386.00	456.00	494.60	574.10	757.20	803.80	973.00	1121.00	1246.00	1379.00	1508.00	1740.00	1982.00	3168.00	4682.00	
14241500	1215	19391215	20101215	33	1338.85	1210.36	254.00	4890.00		269.40	308.00	363.70	375.60	452.00	519.20	624.60	740.40	938.60	1030.00	1087.00	1104.00	1210.00	1346.00	1615.00	2092.00	3608.00	4379.00	
14241500	1216	19391216	20101216	33	1469.06	1337.21	245.00	5420.00		253.40	314.60	346.20	458.00	510.50	581.80	837.30	860.20	893.00	986.00	1017.70	1142.00	1232.00	1584.00	2000.00	2372.00	3724.00	4881.00	
14241500	1217	19391217	20101217	33	1287.67	1191.41	234.00	6010.00		238.20	303.60	335.50	462.00	551.50	630.80	725.60	746.60	809.70	951.00	1005.60	1144.00	1300.00	1422.00	1585.00	1810.00	3156.00	4316.00	
14241500	1218	19391218	20101218	33	1099.79	865.10	229.00	4300.00		231.10	315.20	355.90	408.00	517.50	639.00	655.60	743.60	817.30	857.00	893.90	1010.00	1150.00	1174.00	1295.00	1826.00	2284.00	3257.00	
14241500	1219	19391219	20101219	33	1065.09	1062.59	236.00	6100.00		249.30	293.60	359.80	411.20	463.00	589.80	593.00	724.60	745.20	804.00	886.00	965.40	982.20	1086.60	1230.00	1394.00	1870.00	3720.00	
14241500	1220	19391220	20101220	33	1061.79	890.61	236.00	4220.00		261.20	293.00	330.00	409.00	488.50	559.80	640.60	680.00	829.40	880.00	896.00	908.00	978.80	1186.00	1335.00	1412.00	2582.00	3457.00	
14241500	1221	19391221	20101221	33	1025.52	839.50	219.00	4550.00		246.30	300.60	323.10	469.80	532.00	629.20	719.90	764.40	805.00	854.00	864.70	922.40	957.50	1095.60	1160.00	1272.00	2242.00	3150.00	
14241500	1222	19391222	20101222	33	1109.79	1216.86	206.00	7300.00		238.20	338.60	444.40	490.40	565.50	639.00	709.50	765.00	779.40	834.00	846.70	982.40	1091.00	1100.00	1110.00	1334.00	1904.00	3828.00	
14241500	1223	19391223	20101223	33	1016.24	790.66	194.00	3880.00		231.80	300.80	393.80	447.60	621.00	682.40	702.80	713.80	728.90	781.00	820.00	883.00	979.70	1096.00	1195.00	1370.00	1936.00	3453.00	
14241500	1224	19391224	20101224	33	925.18	521.43	186.00	2340.00		251.80	329.40	395.40	437.00	548.00	619.40	673.00	698.20	754.40	799.00	887.70	986.60	1062.00	1112.00	1145.00	1280.00	1750.00	2102.00	
14241500	1225	19391225	20101225	33	906.42	523.48	178.00	2380.00		249.40	330.00	447.50	485.40	550.00	584.60	619.10	667.40	747.20	761.00	825.20	908.80	957.60	1054.00	1220.00	1268.00	1780.00	2184.00	
14241500	1226	19391226	20101226	33	861.73	522.76	175.00	2570.00		231.70	337.20	454.10	464.60	518.50	541.60	553.00	614.60	649.80	733.00	771.50	854.00	900.90	1053.80	1180.00	1214.00	1608.00	2220.00	
14241500	1227	19391227	20101227	33	982.64	790.25	178.00	3500.00		226.30	404.80	434.70	476.40	492.50	511.20	531.30	545.20	607.50	740.00	749.90	822.60	1010.00	1116.00	1160.00	1346.00	1922.00	3437.00	
14241500	1228	19391228	20101228	33	1178.61	1177.90	222.00	5580.00		243.00	406.80	415.00	446.00	471.00	485.80	526.50	571.80	635.60	735.00	825.60	986.40	1093.00	1240.00	1375.00	1590.00	2554.00	4733.00	
14241500	1229	19391229	20101229	33	1202.85	1356.89	219.00	6560.00		317.00	381.20	400.20	426.80	469.50	495.60	528.40	596.40	650.00	721.00	822.00	883.00	953.00	1002.20	1305.00	1520.00	3244.00	5104.00	
14241500	1230	19391230	20101230	33	1119.27	1210.77	203.00	6360.00		289.10	362.80	392.80	428.00	449.00	458.80	509.80	578.40	684.20	736.00	762.30	793.00	851.40	1067.20	1400.00	1524.00	2528.00	4442.00	
14241500	1231	19391231	20101231	33	1096.06	1219.40	197.00	6690.00		302.00	370.80	388.30	408.80	442.50	451.00	518.00	566.80	603.30	698.00	728.10	800.60	923.50	1096.00	1240.00	1434.00	2376.00	4114.00	
