site_no	monthday	begin_dt	end_dt	count_nu	mean	std	min	max	p01	p05	p10	p15	p20	p25	p30	p35	p40	p45	p50	p55	p60	p65	p70	p75	p80	p85	p90	p95	p99
295501090190400	ALL	20021205	20141029	3294	2335.20	2199.45	0.25	11400.00	22.95	116.75	330.00	450.00	576.00	815.75	993.00	1120.00	1220.00	1350.00	1520.00	1800.00	2190.00	2507.50	2770.00	3230.00	3580.00	4207.50	5425.00	7472.50	9901.00
295501090190400	0101	20040101	20140101	9	2015.89	1281.09	40.00	3970.00			40.00	246.50	453.00	881.50	1310.00	1575.00	1840.00	1985.00	2130.00	2300.00	2470.00	2490.00	2510.00	2965.00	3420.00	3695.00	3970.00		
295501090190400	0102	20040102	20140102	8	1965.38	1343.97	61.00	3970.00				204.85	389.80	679.00	1051.60	1393.00	1672.00	1926.00	1980.00	2034.00	2272.00	2533.00	2836.00	3160.00	3466.00	3749.50			
295501090190400	0103	20040103	20140103	10	1950.20	1304.23	76.00	4070.00			120.50	365.25	537.80	584.00	807.50	1178.75	1552.00	1926.00	2165.00	2381.50	2508.00	2619.50	2691.00	2870.00	3178.00	3563.00	3992.00		
295501090190400	0104	20040104	20140104	10	2017.80	1331.97	104.00	4130.00			152.20	417.30	614.40	692.50	884.60	1171.70	1458.00	1744.00	2125.00	2499.50	2714.00	2882.00	2926.00	3040.00	3238.00	3597.00	4048.00		
295501090190400	0105	20040105	20140105	10	2190.10	1243.86	207.00	4210.00			266.70	595.05	853.20	988.50	1236.00	1577.00	1926.00	2278.00	2395.00	2502.50	2750.00	2936.00	2958.00	3045.00	3210.00	3599.00	4116.00		
295501090190400	0106	20040106	20140106	10	2111.62	1268.54	2.20	3820.00			85.18	541.57	838.00	854.50	1014.40	1293.80	1778.00	2339.00	2415.00	2466.50	2758.00	2997.00	3096.00	3182.50	3254.00	3469.00	3766.00		
295501090190400	0107	20040107	20140107	10	1970.90	1206.06	13.00	3410.00			98.30	567.45	916.80	1056.50	1147.00	1196.50	1274.00	1362.00	1820.00	2306.00	2702.00	3020.00	3130.00	3210.00	3254.00	3319.00	3396.00		
295501090190400	0108	20040108	20140108	10	2084.40	1259.77	161.00	3440.00			230.20	610.80	906.40	1053.25	1147.00	1196.50	1250.00	1305.00	2170.00	3033.00	3066.00	3120.00	3230.00	3302.50	3330.00	3375.00	3430.00		
295501090190400	0109	20040109	20140109	10	2318.30	1138.97	403.00	3460.00			479.70	901.55	1190.00	1245.00	1414.00	1678.00	1834.00	1949.50	2590.00	3220.50	3226.00	3234.50	3251.00	3310.00	3420.00	3460.00	3460.00		
295501090190400	0110	20040110	20140110	10	2374.30	1145.85	423.00	3460.00			499.70	921.55	1202.00	1235.00	1400.00	1675.00	1970.00	2272.50	2780.00	3262.00	3284.00	3310.50	3349.00	3387.50	3426.00	3447.00	3458.00		
295501090190400	0111	20040111	20140111	9	2445.78	1161.25	432.00	3830.00			432.00	851.00	1270.00	1525.00	1780.00	1795.00	1810.00	2345.00	2880.00	3055.00	3230.00	3310.00	3390.00	3390.00	3390.00	3610.00	3830.00		
295501090190400	0112	20050112	20140112	9	2504.44	1029.49	1130.00	3940.00			1130.00	1220.00	1310.00	1475.00	1640.00	1755.00	1870.00	2335.00	2800.00	2965.00	3130.00	3210.00	3290.00	3360.00	3430.00	3685.00	3940.00		
295501090190400	0113	20050113	20140113	10	2302.20	1191.71	282.00	3880.00			360.80	794.20	1098.00	1175.00	1339.00	1575.50	1980.00	2447.50	2555.00	2643.00	2896.00	3110.00	3220.00	3327.50	3432.00	3613.50	3839.00		
295501090190400	0114	20040114	20140114	11	2478.55	1136.41	64.00	3640.00			293.20	980.80	1390.00	1660.00	1792.00	2054.00	2576.00	2802.00	2880.00	2958.00	3044.00	3146.00	3264.00	3390.00	3516.00	3608.00	3632.00		
295501090190400	0115	20030115	20140115	12	2347.17	1276.21	222.00	4090.00			342.60	603.90	927.60	1265.00	1616.00	1774.50	1970.00	2327.50	2535.00	2688.50	2812.00	2935.50	3091.00	3422.50	3754.00	4061.50	4081.00		
295501090190400	0116	20030116	20140116	12	2323.58	1367.38	349.00	4570.00			453.10	678.65	835.20	1008.50	1217.80	1470.00	1792.00	2253.50	2525.00	2691.50	2698.00	2835.00	3068.00	3510.00	3812.00	4038.00	4402.00		
295501090190400	0117	20030117	20140117	12	2336.75	1376.62	240.00	4830.00			444.30	886.95	1064.40	1167.50	1187.00	1454.00	1766.00	2078.00	2345.00	2582.00	2764.00	2833.50	2938.00	3510.00	3814.00	3984.50	4563.00		
295501090190400	0118	20030118	20140118	12	2357.42	1361.93	245.00	4790.00			448.70	890.05	1077.60	1255.00	1450.00	1678.00	1862.00	1933.50	2160.00	2425.50	2666.00	2821.00	3018.00	3655.00	3920.00	3992.00	4538.00		
295501090190400	0119	20030119	20140119	12	2357.25	1271.06	348.00	4240.00			507.30	852.45	1113.60	1302.50	1387.00	1812.50	2156.00	2175.50	2245.00	2362.50	2590.00	2736.50	2932.00	3595.00	3978.00	4173.50	4219.00		
295501090190400	0120	20030120	20140120	12	2384.75	1240.04	549.00	4470.00			647.70	861.55	1131.20	1322.50	1381.00	1863.00	2254.00	2267.00	2305.00	2388.00	2596.00	2691.50	2845.00	3592.50	3888.00	3928.50	4299.00		
295501090190400	0121	20030121	20140121	12	2377.92	1265.22	560.00	4730.00			672.50	916.25	1160.00	1362.50	1499.00	1839.00	2116.00	2168.00	2300.00	2445.50	2556.00	2626.00	2718.00	3030.00	3638.00	4388.00	4622.00		
295501090190400	0122	20030122	20140122	12	2458.75	1359.26	585.00	5000.00			709.50	979.25	1204.00	1372.50	1457.00	1767.00	2042.00	2146.00	2390.00	2617.50	2650.00	2664.50	2736.00	3165.00	3862.00	4677.00	4898.00		
295501090190400	0123	20030123	20140123	12	2758.58	1622.70	923.00	5930.00			1024.10	1243.15	1398.00	1572.50	1787.00	1820.00	1864.00	2007.00	2325.00	2623.50	2682.00	2704.50	2897.00	4112.50	4836.00	5255.50	5717.00		
295501090190400	0124	20030124	20140124	12	2808.25	1769.51	755.00	6560.00			820.70	963.05	1289.60	1550.00	1680.00	1766.00	1916.00	2228.00	2470.00	2655.00	2720.00	2893.00	3206.00	4025.00	4720.00	5353.50	6179.00		
295501090190400	0125	20030125	20140125	11	2399.09	1390.48	622.00	5380.00			625.20	634.80	974.80	1480.00	1720.00	1894.00	1936.00	2126.00	2390.00	2510.00	2608.00	2662.00	2712.00	2760.00	3516.00	4292.00	5108.00		
295501090190400	0126	20030126	20140126	12	2848.75	1856.90	531.00	6300.00			537.90	552.85	959.60	1300.00	1482.00	1944.50	2372.00	2606.00	2700.00	2762.50	2860.00	3056.50	3408.00	4370.00	5032.00	5511.50	6051.00		
295501090190400	0127	20030127	20140127	12	2910.42	1832.59	526.00	5930.00			628.90	851.85	953.60	1120.00	1406.00	2005.50	2466.00	2485.50	2625.00	2847.00	3224.00	3452.50	3722.00	4580.00	5182.00	5607.00	5828.00		
295501090190400	0128	20030128	20140128	12	2999.17	1950.76	412.00	6480.00			554.80	864.20	1057.20	1230.00	1386.00	1938.00	2400.00	2497.50	2625.00	2833.50	3282.00	3807.00	4300.00	4430.00	5020.00	5862.50	6285.00		
295501090190400	0129	20030129	20140129	12	3065.08	2142.11	356.00	7020.00			394.70	478.55	842.00	1175.00	1422.00	2037.50	2528.00	2586.50	2615.00	2754.50	3294.00	3892.00	4449.00	4637.50	5246.00	6098.50	6729.00		
295501090190400	0130	20040130	20140130	11	3179.27	1974.56	482.00	6790.00			615.60	1016.40	1270.00	1450.00	2062.00	2472.00	2478.00	2524.00	2590.00	3184.00	3584.00	3596.00	3856.00	4240.00	5380.00	6270.00	6660.00		
295501090190400	0131	20040131	20140131	10	3251.50	1859.03	455.00	6330.00			538.50	997.75	1490.00	2040.00	2356.00	2477.00	2562.00	2633.50	3075.00	3520.00	3630.00	3720.50	3759.00	4335.00	5556.00	6115.50	6297.00		
295501090190400	0201	20040201	20140201	10	3191.70	1724.97	457.00	5970.00			584.30	1284.45	1774.00	1895.00	2028.00	2171.00	2306.00	2438.00	2970.00	3517.00	3814.00	4087.00	4296.00	4612.50	5058.00	5482.50	5895.00		
295501090190400	0202	20040202	20140202	11	2960.64	1887.71	397.00	6010.00			537.60	959.40	1148.00	1220.00	1268.00	1454.00	1916.00	2258.00	2540.00	3530.00	4228.00	4342.00	4408.00	4450.00	4726.00	5130.00	5790.00		
295501090190400	0203	20040203	20140203	11	2902.55	1897.67	488.00	5860.00			604.40	953.60	1142.00	1250.00	1382.00	1470.00	1470.00	1874.00	2480.00	3302.00	3894.00	4026.00	4262.00	4550.00	5042.00	5468.00	5762.00		
295501090190400	0204	20040204	20140204	11	2830.18	1848.80	482.00	5770.00			601.60	960.40	1104.00	1140.00	1188.00	1346.00	1724.00	2106.00	2490.00	3132.00	3648.00	3912.00	4024.00	4060.00	4912.00	5538.00	5712.00		
295501090190400	0205	20040205	20140205	11	2677.82	1850.80	436.00	5570.00			562.80	943.20	1090.00	1120.00	1156.00	1208.00	1292.00	1784.00	2480.00	2642.00	2952.00	3558.00	3956.00	4250.00	5012.00	5530.00	5560.00		
295501090190400	0206	20040206	20140206	11	2591.91	1859.14	411.00	5590.00			534.80	906.20	1070.00	1130.00	1178.00	1270.00	1450.00	1518.00	1530.00	2196.00	2884.00	3616.00	4004.00	4220.00	4916.00	5422.00	5548.00		
295501090190400	0207	20040207	20140207	11	2506.64	1707.26	486.00	5730.00			582.20	870.80	1044.20	1160.00	1178.00	1300.00	1630.00	1760.00	1790.00	2282.00	2720.00	3050.00	3496.00	4000.00	4444.00	4938.00	5532.00		
295501090190400	0208	20040208	20140208	11	2472.73	1677.50	455.00	5840.00			559.00	871.00	1037.00	1130.00	1190.00	1274.00	1406.00	1666.00	1990.00	2380.00	2788.00	3232.00	3636.00	4020.00	4062.00	4440.00	5490.00		
295501090190400	0209	20040209	20140209	11	2485.82	1687.14	654.00	5900.00			735.20	978.80	1072.00	1090.00	1108.00	1182.00	1368.00	1542.00	1710.00	2346.00	2950.00	3490.00	3786.00	3960.00	3972.00	4364.00	5516.00		
295501090190400	0210	20040210	20140210	11	2341.45	1598.76	891.00	4570.00			893.80	902.20	967.00	1060.00	1090.00	1130.00	1190.00	1234.00	1270.00	1750.00	2466.00	3654.00	4066.00	4090.00	4354.00	4538.00	4562.00		
295501090190400	0211	20050211	20140211	10	2209.10	1623.38	949.00	5470.00			951.30	963.95	1011.60	1120.50	1176.00	1187.00	1218.00	1256.50	1260.00	1294.50	1674.00	2232.00	3266.00	3882.50	3998.00	4540.50	5327.00		
295501090190400	0212	20050212	20140212	10	2459.70	2007.08	977.00	7170.00			994.30	1089.45	1158.00	1180.00	1217.00	1266.50	1288.00	1299.00	1365.00	1467.00	1874.00	2401.00	3248.00	3837.50	4118.00	5252.50	6875.00		
295501090190400	0213	20050213	20140213	10	2547.60	2237.75	996.00	8220.00			1017.40	1135.10	1210.00	1210.00	1237.00	1286.50	1304.00	1309.50	1545.00	1811.00	2152.00	2448.00	2624.00	3122.50	4008.00	5691.50	7831.00		
295501090190400	0214	20050214	20140214	10	2842.70	2519.34	957.00	9200.00			977.30	1088.95	1172.00	1205.00	1247.00	1296.50	1358.00	1424.00	1745.00	2115.00	2720.00	3245.50	3559.00	3847.50	4106.00	5950.00	8700.00		
295501090190400	0215	20050215	20140215	9	3064.78	2955.72	963.00	10300.00			963.00	1021.50	1080.00	1125.00	1170.00	1245.00	1320.00	1720.00	2120.00	2470.00	2820.00	3210.00	3600.00	3905.00	4210.00	7255.00	10300.00		
295501090190400	0216	20050216	20140216	9	3174.22	3296.34	898.00	11400.00			898.00	1034.00	1170.00	1175.00	1180.00	1225.00	1270.00	1730.00	2190.00	2400.00	2610.00	3190.00	3770.00	3925.00	4080.00	7740.00	11400.00		
295501090190400	0217	20050217	20140217	9	3120.33	3247.18	518.00	11200.00			518.00	706.50	895.00	1022.50	1150.00	1485.00	1820.00	2035.00	2250.00	2480.00	2710.00	3215.00	3720.00	3770.00	3820.00	7510.00	11200.00		
295501090190400	0218	20040218	20140218	9	3307.89	3093.31	851.00	11000.00			851.00	955.50	1060.00	1090.00	1120.00	1735.00	2350.00	2525.00	2700.00	3095.00	3490.00	3505.00	3520.00	3600.00	3680.00	7340.00	11000.00		
295501090190400	0219	20040219	20140219	9	3389.67	3130.28	884.00	11000.00			884.00	938.50	993.00	1091.50	1190.00	1890.00	2590.00	2620.00	2650.00	2735.00	2820.00	3185.00	3550.00	4190.00	4830.00	7915.00	11000.00		
295501090190400	0220	20040220	20140220	9	3403.78	3114.47	198.00	10500.00			198.00	572.00	946.00	1063.00	1180.00	1875.00	2570.00	2675.00	2780.00	2875.00	2970.00	3485.00	4000.00	4745.00	5490.00	7995.00	10500.00		
295501090190400	0221	20040221	20140221	9	3397.11	3111.27	134.00	10400.00			134.00	597.00	1060.00	1125.00	1190.00	1890.00	2590.00	2605.00	2620.00	2730.00	2840.00	3420.00	4000.00	4870.00	5740.00	8070.00	10400.00		
295501090190400	0222	20040222	20140222	10	3186.40	3056.93	174.00	10500.00			268.60	788.90	1130.00	1157.50	1278.00	1476.00	1774.00	2109.50	2310.00	2494.00	2648.00	2940.00	3600.00	4477.50	5616.00	7594.50	10053.00		
295501090190400	0223	20040223	20140223	10	3072.70	3064.87	157.00	10400.00			252.30	776.45	1116.00	1132.50	1302.00	1599.00	1704.00	1737.00	2095.00	2460.00	2570.00	2716.00	2958.00	3895.00	5666.00	7741.50	9991.00		
295501090190400	0224	20040224	20140224	10	2837.20	3264.55	126.00	10700.00			196.00	581.00	864.80	971.50	1038.00	1071.00	1340.00	1697.50	1780.00	1846.50	2028.00	2196.00	2328.00	3425.00	5680.00	7970.00	10280.00		
295501090190400	0225	20050225	20130225	8	3765.00	3854.67	1060.00	10900.00				1077.50	1100.00	1255.00	1516.00	1697.50	1720.00	1767.00	2010.00	2253.00	2344.00	2416.00	4378.00	7285.00	9300.00	10200.00			
295501090190400	0226	20050226	20140226	9	3202.89	3590.87	186.00	10900.00			186.00	598.00	1010.00	1060.00	1110.00	1350.00	1590.00	1680.00	1770.00	2045.00	2320.00	2325.00	2330.00	4970.00	7610.00	9255.00	10900.00		
295501090190400	0227	20040227	20140227	11	2606.45	2950.17	101.00	9700.00			163.60	351.40	522.80	686.00	904.40	1056.00	1074.00	1404.00	1890.00	2046.00	2208.00	2382.00	2464.00	2500.00	4996.00	7268.00	9092.00		
295501090190400	0228	20040228	20140228	11	2496.91	2173.23	170.00	6670.00			291.20	654.80	885.60	1050.00	1068.00	1138.00	1312.00	1518.00	1740.00	1884.00	2078.00	2372.00	3126.00	4110.00	5274.00	6174.00	6546.00		
295501090190400	0229	20040229	20120229	3	2234.67	2713.41	74.00	5280.00						74.00	329.20	584.40	839.60	1094.80	1350.00	2136.00	2922.00	3708.00	4494.00	5280.00					
295501090190400	0301	20040301	20140301	11	2576.91	1988.43	746.00	6340.00			802.80	973.20	1110.00	1230.00	1242.00	1290.00	1410.00	1534.00	1660.00	1690.00	1898.00	2462.00	3582.00	4980.00	5172.00	5508.00	6132.00		
295501090190400	0302	20040302	20140302	11	3015.55	2883.57	556.00	9170.00			629.80	851.20	967.00	1030.00	1120.00	1248.00	1452.00	1536.00	1560.00	1560.00	1932.00	3048.00	4148.00	5240.00	6302.00	7442.00	8738.00		
295501090190400	0303	20040303	20130303	10	3518.90	3396.12	979.00	10800.00			984.10	1012.15	1064.00	1157.50	1290.00	1455.00	1520.00	1547.50	1550.00	1651.00	2762.00	3823.50	4753.00	5882.50	7252.00	8817.50	10495.00		
295501090190400	0304	20040304	20130304	10	3550.60	3474.85	956.00	10600.00			978.40	1101.60	1192.00	1225.00	1285.00	1367.50	1390.00	1390.00	1500.00	1699.50	2684.00	3658.00	4604.00	5995.00	7920.00	9313.00	10402.00		
295501090190400	0305	20040305	20140305	11	3199.00	3168.19	844.00	10300.00			872.20	956.80	1083.00	1230.00	1272.00	1302.00	1308.00	1506.00	1800.00	1950.00	2256.00	2874.00	3516.00	4170.00	6540.00	8556.00	9864.00		
295501090190400	0306	20040306	20140306	11	3028.73	3096.13	956.00	10100.00			1014.80	1191.20	1262.00	1280.00	1292.00	1346.00	1484.00	1690.00	1930.00	1960.00	1992.00	2028.00	2324.00	2750.00	6020.00	8580.00	9720.00		
295501090190400	0307	20040307	20140307	11	3066.36	3159.48	900.00	9920.00			946.00	1084.00	1190.00	1280.00	1310.00	1382.00	1538.00	1682.00	1820.00	2060.00	2224.00	2236.00	2348.00	2510.00	6278.00	9016.00	9694.00		
295501090190400	0308	20040308	20140308	10	2480.70	2462.71	917.00	9310.00			945.30	1100.95	1218.00	1267.50	1311.00	1349.50	1484.00	1654.50	1720.00	1799.50	2124.00	2366.00	2388.00	2432.50	2504.00	4903.00	8632.00		
295501090190400	0309	20040309	20140309	10	2311.20	1826.73	922.00	7240.00			959.80	1167.70	1302.00	1307.50	1313.00	1318.50	1464.00	1662.00	1735.00	1823.50	2192.00	2470.50	2509.00	2537.50	2554.00	4198.00	6772.00		
295501090190400	0310	20040310	20140310	9	1582.22	502.54	1010.00	2580.00			1010.00	1055.00	1100.00	1190.00	1280.00	1320.00	1360.00	1365.00	1370.00	1510.00	1650.00	1760.00	1870.00	1945.00	2020.00	2300.00	2580.00		
295501090190400	0311	20040311	20140311	9	1528.89	485.50	1080.00	2610.00			1080.00	1135.00	1190.00	1200.00	1210.00	1220.00	1230.00	1290.00	1350.00	1400.00	1450.00	1620.00	1790.00	1820.00	1850.00	2230.00	2610.00		
295501090190400	0312	20040312	20140312	10	1565.50	522.33	945.00	2670.00			959.50	1039.25	1092.00	1097.50	1175.00	1312.50	1350.00	1350.00	1425.00	1516.50	1698.00	1836.00	1858.00	1890.00	1934.00	2202.00	2598.00		
295501090190400	0313	20040313	20140313	10	1563.00	512.84	1000.00	2690.00			1003.00	1019.50	1046.00	1090.00	1176.00	1297.00	1354.00	1387.00	1510.00	1635.50	1696.00	1756.50	1817.00	1852.50	1858.00	2150.50	2607.00		
295501090190400	0314	20040314	20140314	11	1501.82	490.22	1030.00	2700.00			1040.00	1070.00	1100.00	1130.00	1148.00	1176.00	1224.00	1296.00	1380.00	1446.00	1534.00	1666.00	1722.00	1740.00	1812.00	2028.00	2532.00		
295501090190400	0315	20040315	20140315	9	1500.11	629.07	401.00	2700.00			401.00	775.50	1150.00	1170.00	1190.00	1250.00	1310.00	1360.00	1410.00	1545.00	1680.00	1730.00	1780.00	1830.00	1880.00	2290.00	2700.00		
295501090190400	0316	20040316	20140316	9	1905.33	1297.02	388.00	4890.00			388.00	719.00	1050.00	1120.00	1190.00	1275.00	1360.00	1555.00	1750.00	1805.00	1860.00	1895.00	1930.00	2330.00	2730.00	3810.00	4890.00		
295501090190400	0317	20040317	20140317	9	2255.67	2003.63	281.00	7280.00			281.00	730.50	1180.00	1190.00	1200.00	1460.00	1720.00	1805.00	1890.00	1920.00	1950.00	2040.00	2130.00	2400.00	2670.00	4975.00	7280.00		
295501090190400	0318	20040318	20140318	9	2580.33	2720.36	345.00	9570.00			345.00	651.50	958.00	1114.00	1270.00	1625.00	1980.00	2010.00	2040.00	2085.00	2130.00	2175.00	2220.00	2465.00	2710.00	6140.00	9570.00		
295501090190400	0319	20040319	20140319	9	2707.44	2858.26	437.00	10100.00			437.00	848.50	1260.00	1280.00	1300.00	1685.00	2070.00	2080.00	2090.00	2095.00	2100.00	2130.00	2160.00	2505.00	2850.00	6475.00	10100.00		
295501090190400	0320	20040320	20140320	9	2723.00	2835.20	347.00	9900.00			347.00	818.50	1290.00	1310.00	1330.00	1480.00	1630.00	1830.00	2030.00	2085.00	2140.00	2165.00	2190.00	2920.00	3650.00	6775.00	9900.00		
295501090190400	0321	20040321	20140321	10	2777.80	2789.01	388.00	10100.00			457.20	837.80	1098.00	1147.50	1188.00	1221.00	1566.00	2028.00	2105.00	2145.50	2206.00	2448.00	3174.00	3622.50	3738.00	5992.00	9468.00		
295501090190400	0322	20040322	20140322	10	2872.60	2860.31	406.00	10300.00			474.40	850.60	1102.00	1135.00	1186.00	1252.00	1622.00	2106.00	2170.00	2197.00	2274.00	2522.00	3226.00	3765.00	4106.00	6354.50	9693.00		
295501090190400	0323	20040323	20140323	10	2920.80	2915.46	418.00	10600.00			488.20	874.30	1128.00	1150.00	1250.00	1415.00	1752.00	2153.50	2200.00	2225.50	2396.00	2664.00	3192.00	3622.50	3936.00	6342.50	9945.00		
295501090190400	0324	20030324	20140324	11	2448.55	1976.48	369.00	7450.00			444.20	669.80	875.00	1070.00	1328.00	1506.00	1524.00	1798.00	2200.00	2254.00	2328.00	2442.00	2820.00	3330.00	3714.00	4666.00	6754.00		
295501090190400	0325	20030325	20140325	11	2046.64	1170.31	360.00	4300.00			470.60	802.40	967.80	1050.00	1086.00	1190.00	1430.00	1810.00	2260.00	2428.00	2546.00	2564.00	2618.00	2690.00	3002.00	3428.00	4082.00		
295501090190400	0326	20030326	20140326	11	2075.27	1205.55	288.00	4490.00			422.40	825.60	1024.00	1120.00	1120.00	1202.00	1448.00	1854.00	2340.00	2388.00	2458.00	2572.00	2694.00	2820.00	3006.00	3402.00	4218.00		
295501090190400	0327	20030327	20140327	11	2083.36	1235.40	252.00	4300.00			398.60	838.40	1039.00	1120.00	1156.00	1268.00	1532.00	1644.00	1680.00	2178.00	2522.00	2558.00	2826.00	3210.00	3378.00	3652.00	4138.00		
295501090190400	0328	20030328	20140328	10	2253.20	1467.51	302.00	4750.00			378.80	801.20	1080.00	1107.50	1138.00	1171.00	1312.00	1493.50	2020.00	2534.00	2578.00	2712.00	3086.00	3510.00	3994.00	4373.00	4692.00		
295501090190400	0329	20030329	20140329	10	2196.40	1491.06	309.00	4770.00			367.80	691.20	917.20	972.75	1049.60	1144.20	1330.00	1550.00	1900.00	2250.00	2470.00	2709.50	3001.00	3427.50	4016.00	4419.00	4716.00		
295501090190400	0330	20040330	20140330	10	2200.80	1502.15	334.00	4830.00			374.30	595.95	781.00	902.00	1026.90	1155.05	1374.00	1627.00	2130.00	2612.50	2640.00	2681.00	2758.00	3160.00	3952.00	4446.50	4771.00		
295501090190400	0331	20030331	20140331	11	2116.73	1475.87	286.00	4890.00			402.20	750.80	904.60	961.00	1002.40	1058.00	1142.00	1374.00	1680.00	2220.00	2592.00	2628.00	2776.00	2980.00	3712.00	4338.00	4752.00		
295501090190400	0401	20030401	20140401	11	2014.55	1463.16	291.00	4950.00			432.60	857.40	1007.40	1020.00	1038.00	1080.00	1170.00	1208.00	1220.00	1514.00	1902.00	2478.00	2814.00	3030.00	3624.00	4206.00	4764.00		
295501090190400	0402	20030402	20140402	11	1942.91	1510.29	322.00	4990.00			329.60	352.40	628.00	1030.00	1048.00	1060.00	1060.00	1116.00	1200.00	1536.00	1940.00	2480.00	2836.00	3100.00	3538.00	4062.00	4758.00		
295501090190400	0403	20030403	20140403	11	2352.64	1669.44	291.00	5090.00			418.40	800.60	956.80	1000.00	1036.00	1092.00	1188.00	1420.00	1720.00	2308.00	2794.00	3076.00	3534.00	4080.00	4404.00	4714.00	4996.00		
295501090190400	0404	20030404	20140404	11	2515.73	1967.79	245.00	5890.00			385.60	807.40	976.80	1020.00	1068.00	1120.00	1180.00	1420.00	1750.00	2116.00	2512.00	2968.00	3744.00	4680.00	5088.00	5466.00	5784.00		
295501090190400	0405	20030405	20140405	11	2544.91	1931.28	327.00	5720.00			445.00	799.00	958.20	1020.00	1038.00	1076.00	1154.00	1588.00	2200.00	2398.00	2640.00	2970.00	3572.00	4310.00	5120.00	5672.00	5708.00		
295501090190400	0406	20030406	20140406	11	2562.18	1900.66	305.00	5740.00			401.80	692.20	889.40	1040.00	1088.00	1122.00	1128.00	1718.00	2600.00	2750.00	2894.00	3026.00	3434.00	3980.00	4928.00	5596.00	5704.00		
295501090190400	0407	20030407	20140407	10	2391.40	1926.02	262.00	5850.00			322.20	653.30	878.80	919.50	974.60	1041.70	1096.00	1145.50	1875.00	2613.00	2756.00	2885.50	2979.00	3597.50	4846.00	5492.50	5795.00		
295501090190400	0408	20030408	20140408	10	2669.50	2432.55	250.00	7740.00			317.50	688.75	940.00	981.25	1006.00	1017.00	1052.00	1096.00	1875.00	2670.00	2890.00	3053.00	3064.00	3775.00	5326.00	6537.50	7555.00		
295501090190400	0409	20030409	20140409	10	2543.00	2223.36	301.00	6780.00			342.80	572.70	791.20	989.75	1083.00	1088.50	1094.00	1099.50	1860.00	2622.50	2650.00	2740.50	2999.00	3837.50	5372.00	6227.50	6695.00		
295501090190400	0410	20030410	20140410	10	2219.30	1700.29	318.00	5990.00			360.70	595.55	810.00	988.75	1085.00	1112.50	1152.00	1196.00	1915.00	2630.00	2630.00	2717.00	3036.00	3227.50	3266.00	4228.50	5719.00		
295501090190400	0411	20030411	20140411	11	2156.55	1742.70	336.00	6120.00			440.40	753.60	914.00	998.00	999.20	1012.00	1048.00	1060.00	1060.00	1936.00	2530.00	2560.00	2890.00	3370.00	3646.00	4288.00	5662.00		
295501090190400	0412	20030412	20140412	11	2152.55	1678.12	346.00	6000.00			443.20	734.80	855.20	890.00	992.00	1080.00	1140.00	1252.00	1390.00	1972.00	2418.00	2592.00	2898.00	3270.00	3540.00	4176.00	5544.00		
295501090190400	0413	20030413	20140413	11	2722.82	2222.45	408.00	6810.00			431.60	502.40	641.60	815.00	897.20	971.60	1030.40	1726.00	2740.00	3094.00	3350.00	3410.00	3618.00	3900.00	5154.00	6154.00	6646.00		
295501090190400	0414	20030414	20140414	11	2771.91	2076.87	369.00	6000.00			474.40	790.60	900.00	906.00	974.40	1032.00	1068.00	1752.00	2760.00	3120.00	3386.00	3464.00	4058.00	4910.00	5384.00	5760.00	5940.00		
295501090190400	0415	20030415	20140415	11	2685.27	1743.64	344.00	6040.00			458.00	800.00	1032.40	1210.00	1624.00	1928.00	2012.00	2236.00	2530.00	2650.00	2800.00	3010.00	3260.00	3530.00	4544.00	5384.00	5876.00		
295501090190400	0416	20030416	20140416	11	2900.27	1990.77	467.00	6200.00			522.80	690.20	903.60	1140.00	1182.00	1442.00	2138.00	2534.00	2780.00	3056.00	3354.00	3696.00	3834.00	3870.00	5190.00	6096.00	6174.00		
295501090190400	0417	20030417	20140417	11	3016.36	2118.61	480.00	6960.00			586.00	904.00	1030.00	1060.00	1120.00	1418.00	2192.00	2578.00	2770.00	3076.00	3388.00	3712.00	3944.00	4130.00	5288.00	6240.00	6780.00		
295501090190400	0418	20030418	20140418	11	2877.73	1839.24	505.00	6120.00			636.00	1029.00	1180.00	1210.00	1378.00	1538.00	1682.00	2134.00	2740.00	3034.00	3356.00	3734.00	4120.00	4510.00	4864.00	5304.00	5916.00		
295501090190400	0419	20030419	20140419	11	2790.64	1851.36	457.00	6090.00			595.60	1011.40	1178.00	1220.00	1250.00	1312.00	1438.00	1968.00	2700.00	3006.00	3310.00	3610.00	3930.00	4260.00	4794.00	5338.00	5902.00		
295501090190400	0420	20030420	20140420	11	2905.27	2061.79	508.00	6670.00			626.40	981.60	1168.00	1270.00	1324.00	1384.00	1456.00	1936.00	2620.00	2932.00	3280.00	3700.00	3844.00	3850.00	5212.00	6230.00	6560.00		
295501090190400	0421	20030421	20140421	9	2497.33	2087.21	516.00	7200.00			516.00	828.00	1140.00	1180.00	1220.00	1265.00	1310.00	1340.00	1370.00	1985.00	2600.00	2860.00	3120.00	3560.00	4000.00	5600.00	7200.00		
295501090190400	0422	20030422	20140422	10	3088.70	2540.55	977.00	7520.00			990.30	1063.45	1144.00	1237.50	1295.00	1322.50	1334.00	1339.50	1955.00	2597.00	2894.00	3270.50	3859.00	5002.50	6812.00	7487.50	7515.00		
295501090190400	0423	20030423	20140423	10	3047.00	2564.74	510.00	7440.00			576.00	939.00	1194.00	1260.00	1296.00	1307.00	1314.00	1319.50	1895.00	2509.00	2938.00	3410.50	3999.00	5087.50	6776.00	7407.50	7435.00		
295501090190400	0424	20030424	20140424	10	3022.30	2587.57	553.00	7400.00			585.70	765.55	928.00	1060.00	1171.00	1264.50	1330.00	1385.00	1960.00	2566.50	2968.00	3437.00	4086.00	5170.00	6776.00	7374.00	7396.00		
295501090190400	0425	20030425	20140425	11	3003.55	2526.80	270.00	7360.00			323.80	485.20	735.40	1030.00	1210.00	1346.00	1394.00	1754.00	2270.00	2900.00	3388.00	3592.00	4004.00	4520.00	6206.00	7336.00	7354.00		
295501090190400	0426	20030426	20130426	10	3235.40	2551.93	118.00	7290.00			197.80	636.70	1008.80	1264.00	1380.00	1380.00	1688.00	2111.50	2710.00	3298.50	3612.00	3972.00	4456.00	5362.50	6776.00	7290.00	7290.00		
295501090190400	0427	20030427	20130427	10	3270.30	2640.82	147.00	7710.00			230.90	692.35	1054.80	1244.00	1357.00	1406.50	1612.00	1876.00	2590.00	3304.50	3574.00	3933.50	4533.00	5470.00	6812.00	7443.50	7669.00		
295501090190400	0428	20030428	20130428	10	3465.50	2627.98	295.00	7960.00			377.50	831.25	1148.00	1225.00	1281.00	1319.50	2062.00	3068.50	3260.00	3390.50	3726.00	4114.00	4642.00	5515.00	6802.00	7511.50	7891.00		
295501090190400	0429	20030429	20140429	11	3313.45	2690.79	264.00	7910.00			270.00	288.00	636.40	1150.00	1252.00	1328.00	1352.00	2168.00	3380.00	3860.00	4192.00	4228.00	4576.00	5080.00	6394.00	7398.00	7782.00		
295501090190400	0430	20030430	20140430	11	3255.36	2633.17	343.00	7880.00			353.60	385.40	677.60	1100.00	1208.00	1302.00	1368.00	2210.00	3440.00	3698.00	3930.00	4110.00	4378.00	4690.00	6226.00	7376.00	7754.00		
295501090190400	0501	20030501	20140501	11	2878.82	2655.80	375.00	7830.00			387.20	423.80	592.00	826.00	1026.40	1172.00	1208.00	1312.00	1450.00	2440.00	3184.00	3436.00	3940.00	4570.00	6136.00	7310.00	7700.00		
295501090190400	0502	20030502	20140502	11	2898.91	2613.02	289.00	7790.00			317.00	401.00	661.40	1010.00	1148.00	1292.00	1448.00	1504.00	1510.00	2338.00	3014.00	3386.00	3934.00	4570.00	6118.00	7278.00	7662.00		
295501090190400	0503	20030503	20140503	10	3082.00	2695.49	207.00	7770.00			223.40	313.60	495.20	836.75	1048.40	1151.80	1580.00	2130.00	2550.00	2948.00	3256.00	3642.00	4236.00	5210.00	6640.00	7373.50	7709.00		
295501090190400	0504	20030504	20140504	10	2912.40	2385.62	331.00	7050.00			331.90	336.85	464.60	807.25	1004.10	1079.45	1548.00	2164.00	2580.00	2964.00	3228.00	3618.00	4344.00	5060.00	5764.00	6380.50	6947.00		
295501090190400	0505	20030505	20140505	10	3133.30	2731.19	263.00	7950.00			270.70	313.05	478.00	857.50	1048.00	1081.00	1550.00	2182.50	2605.00	2996.50	3288.00	3714.50	4501.00	5452.50	6602.00	7345.50	7857.00		
295501090190400	0506	20030506	20140506	10	3133.40	2718.45	253.00	7960.00			261.80	310.20	474.80	842.75	1055.00	1137.50	1608.00	2224.00	2660.00	3061.00	3292.00	3664.00	4412.00	5367.50	6572.00	7342.50	7865.00		
295501090190400	0507	20030507	20140507	10	3198.60	2845.84	302.00	8010.00			303.90	314.35	419.40	690.00	878.10	997.45	1530.00	2217.50	2625.00	2985.50	3156.00	3727.00	5366.00	6375.00	6628.00	7171.50	7881.00		
295501090190400	0508	20030508	20140508	10	3197.60	3107.00	62.00	8370.00			84.30	206.95	291.80	310.50	532.30	923.35	1546.00	2255.50	2665.00	3021.00	3142.00	3539.00	4672.00	5982.50	7506.00	8168.50	8339.00		
295501090190400	0509	20030509	20140509	10	3456.60	3355.53	130.00	8520.00			146.20	235.30	304.40	338.50	550.80	911.60	1538.00	2264.00	2755.00	3181.00	3192.00	3828.50	6133.00	7582.50	8006.00	8286.00	8484.00		
295501090190400	0510	20040510	20140510	9	3991.56	3637.23	144.00	9450.00			144.00	162.00	180.00	680.00	1180.00	1755.00	2330.00	2745.00	3160.00	3165.00	3170.00	5630.00	8090.00	8155.00	8220.00	8835.00	9450.00		
295501090190400	0511	20040511	20140511	8	4154.50	3954.18	88.00	9850.00				175.50	288.00	546.00	920.40	1342.50	1860.00	2359.50	2715.00	3070.50	5034.00	7198.50	8076.00	8310.00	8722.00	9356.50			
295501090190400	0512	20040512	20140512	8	3534.00	3332.19	54.00	9250.00				146.40	265.20	541.00	942.40	1370.50	1852.00	2321.00	2690.00	3059.00	3784.00	4553.50	5542.00	6640.00	7650.00	8550.00			
295501090190400	0513	20040513	20140513	8	3199.12	3181.32	64.00	8730.00				156.75	276.00	544.25	931.70	1355.00	1850.00	2303.00	2420.00	2537.00	2782.00	3043.00	4384.00	6265.00	7594.00	8233.00			
295501090190400	0514	20040514	20140514	7	3517.57	3336.87	43.00	8850.00				106.40	233.20	360.00	1152.00	1944.00	2372.00	2436.00	2500.00	2816.00	3132.00	4080.00	5660.00	7240.00	7884.00	8528.00			
295501090190400	0515	20040515	20140515	6	4307.00	3837.31	70.00	8950.00				87.60	210.80	334.00	611.80	1276.10	1940.40	2989.00	4550.00	6111.00	6884.00	7066.00	7248.00	7712.50	8290.00	8867.50			
295501090190400	0516	20040516	20140516	7	4075.43	3832.72	71.00	9010.00				144.20	290.60	437.00	838.20	1239.40	1630.00	2010.00	2390.00	4426.00	6462.00	7524.00	7612.00	7700.00	8224.00	8748.00			
295501090190400	0517	20040517	20140517	8	3790.12	3381.74	103.00	9060.00				220.25	371.00	678.50	1111.40	1547.00	1988.00	2428.50	2865.00	3301.50	4382.00	5543.00	6449.00	7227.50	7940.00	8570.00			
295501090190400	0518	20060518	20140518	7	3852.29	3297.67	396.00	9180.00				600.80	1010.40	1420.00	1792.00	2164.00	2400.00	2500.00	2600.00	2884.00	3168.00	4190.00	5950.00	7710.00	8298.00	8886.00			
295501090190400	0519	20040519	20140519	9	3137.22	3283.38	60.00	9420.00			60.00	241.00	422.00	697.50	973.00	1216.50	1460.00	1915.00	2370.00	2485.00	2600.00	2875.00	3150.00	5465.00	7780.00	8600.00	9420.00		
295501090190400	0520	20040520	20140520	9	3130.11	3308.74	33.00	9480.00			33.00	233.50	434.00	639.00	844.00	1157.00	1470.00	1945.00	2420.00	2505.00	2590.00	2855.00	3120.00	5450.00	7780.00	8630.00	9480.00		
295501090190400	0521	20040521	20140521	9	2698.44	2828.80	6.00	7800.00			6.00	177.50	349.00	605.00	861.00	1045.50	1230.00	1370.00	1510.00	2035.00	2560.00	2785.00	3010.00	4985.00	6960.00	7380.00	7800.00		
295501090190400	0522	20040522	20140522	9	2417.33	2513.65	82.00	7700.00			82.00	190.50	299.00	472.00	645.00	1042.50	1440.00	1530.00	1620.00	1765.00	1910.00	2410.00	2910.00	4030.00	5150.00	6425.00	7700.00		
295501090190400	0523	20040523	20140523	9	2395.33	2597.04	114.00	7740.00			114.00	154.50	195.00	277.00	359.00	784.50	1210.00	1235.00	1260.00	1815.00	2370.00	2725.00	3080.00	4155.00	5230.00	6485.00	7740.00		
295501090190400	0524	20040524	20140524	9	2415.11	2597.50	192.00	7790.00			192.00	202.50	213.00	292.00	371.00	765.50	1160.00	1265.00	1370.00	1870.00	2370.00	2690.00	3010.00	4135.00	5260.00	6525.00	7790.00		
295501090190400	0525	20040525	20140525	8	2631.88	2650.76	245.00	7800.00				279.30	323.40	491.50	758.80	995.95	1172.80	1383.50	1865.00	2346.50	2536.00	2689.00	3496.00	4630.00	5768.00	6911.00			
295501090190400	0526	20040526	20140526	8	2814.25	2936.32	272.00	7820.00				311.55	362.40	513.00	743.40	961.95	1156.80	1382.00	1850.00	2318.00	2434.00	2506.00	3844.00	5815.00	7092.00	7501.50			
295501090190400	0527	20040527	20140527	8	3079.38	3527.86	216.00	9420.00				273.05	346.40	479.25	659.70	850.50	1062.00	1307.00	1820.00	2333.00	2410.00	2432.50	4036.00	6430.00	8092.00	8839.00			
295501090190400	0528	20040528	20140528	9	2812.78	3289.68	142.00	9160.00			142.00	288.00	434.00	586.50	739.00	974.50	1210.00	1215.00	1220.00	1790.00	2360.00	2365.00	2370.00	5025.00	7680.00	8420.00	9160.00		
295501090190400	0529	20040529	20140529	9	2857.78	3211.83	125.00	9030.00			125.00	255.00	385.00	717.50	1050.00	1050.00	1050.00	1450.00	1850.00	2050.00	2250.00	2305.00	2360.00	4990.00	7620.00	8325.00	9030.00		
295501090190400	0530	20040530	20140530	9	3021.33	3182.23	44.00	9060.00			44.00	216.00	388.00	694.00	1000.00	1110.00	1220.00	1815.00	2410.00	2535.00	2660.00	2740.00	2820.00	5205.00	7590.00	8325.00	9060.00		
295501090190400	0531	20040531	20140531	9	3068.78	3161.69	67.00	9020.00			67.00	194.50	322.00	671.00	1020.00	1085.00	1150.00	1800.00	2450.00	2710.00	2970.00	3040.00	3110.00	5310.00	7510.00	8265.00	9020.00		
295501090190400	0601	20040601	20140601	10	2556.50	2653.26	106.00	7220.00			122.70	214.55	300.20	375.00	576.40	883.30	988.20	1017.35	1720.00	2444.50	2714.00	2949.00	3092.00	4145.00	6290.00	7122.50	7205.00		
295501090190400	0602	20040602	20140602	10	2892.20	3431.42	101.00	10200.00			123.10	244.65	348.60	421.75	532.70	675.15	832.40	995.20	1680.00	2377.50	2680.00	2933.00	3054.00	4277.50	6824.00	8607.50	9955.00		
295501090190400	0603	20040603	20140603	10	2850.20	3403.90	22.00	10100.00			67.90	320.35	515.80	611.50	675.40	712.80	826.20	968.10	1625.50	2273.50	2312.00	2457.00	2886.00	4292.50	6872.00	8611.50	9871.00		
295501090190400	0604	20050604	20140604	9	2903.89	2946.64	408.00	7960.00			408.00	580.50	753.00	813.50	874.00	1017.00	1160.00	1460.00	1760.00	2030.00	2300.00	2700.00	3100.00	5460.00	7820.00	7890.00	7960.00		
295501090190400	0605	20040605	20140605	10	2801.50	3427.86	25.00	10200.00			58.20	240.80	442.40	677.25	800.50	830.75	955.40	1115.45	1430.00	1750.50	1976.00	2270.50	2749.00	4207.50	6842.00	8640.00	9960.00		
295501090190400	0606	20050606	20140606	8	2251.50	3305.74	69.00	10100.00				180.30	323.40	448.50	559.20	645.00	681.00	735.85	941.50	1147.15	1510.00	1892.50	2290.00	2695.00	4356.00	7587.00			
295501090190400	0607	20040607	20140607	9	1935.56	3160.78	12.00	10000.00			12.00	37.00	62.00	203.50	345.00	380.00	415.00	550.50	686.00	893.00	1100.00	1615.00	2130.00	2400.00	2670.00	6335.00	10000.00		
295501090190400	0608	20040608	20140608	9	1939.44	3309.21	97.00	10500.00			97.00	100.00	103.00	221.50	340.00	347.00	354.00	532.50	711.00	870.50	1030.00	1515.00	2000.00	2160.00	2320.00	6410.00	10500.00		
295501090190400	0609	20040609	20140609	8	2233.62	3495.79	53.00	10700.00				70.50	93.00	267.50	563.60	795.65	899.60	1014.40	1216.00	1417.60	1588.00	1754.50	1870.00	1960.00	3748.00	7658.50			
295501090190400	0610	20040610	20140610	9	3413.33	3316.15	41.00	9470.00			41.00	360.00	679.00	994.50	1310.00	1575.00	1840.00	1930.00	2020.00	2230.00	2440.00	3735.00	5030.00	6460.00	7890.00	8680.00	9470.00		
295501090190400	0611	20060611	20140611	8	4034.88	3653.55	290.00	10500.00				415.65	577.20	981.75	1580.70	1992.00	2028.00	2128.50	2745.00	3361.50	4194.00	5053.50	6147.00	7357.50	8524.00	9635.50			
295501090190400	0612	20040612	20140612	9	3134.87	3599.45	8.80	10300.00			8.80	154.90	301.00	442.50	584.00	1017.00	1450.00	1570.00	1690.00	2090.00	2490.00	3000.00	3510.00	5695.00	7880.00	9090.00	10300.00		
295501090190400	0613	20040613	20140613	9	3142.11	3534.40	47.00	10100.00			47.00	160.00	273.00	431.00	589.00	859.50	1130.00	1670.00	2210.00	2415.00	2620.00	3055.00	3490.00	5655.00	7820.00	8960.00	10100.00		
295501090190400	0614	20050614	20140614	9	3181.89	3338.05	302.00	9870.00			302.00	443.50	585.00	732.50	880.00	1030.00	1180.00	1755.00	2330.00	2445.00	2560.00	2980.00	3400.00	5465.00	7530.00	8700.00	9870.00		
295501090190400	0615	20040615	20140615	10	2579.20	2717.65	110.00	7470.00			132.60	256.90	408.40	607.50	740.00	817.00	990.80	1200.90	1575.00	1962.50	2320.00	2694.00	3112.00	4322.50	6484.00	7340.00	7450.00		
295501090190400	0616	20040616	20140616	10	2131.40	2159.57	155.00	7450.00			173.60	275.90	405.00	581.00	752.80	921.10	1044.20	1150.35	1550.00	1969.50	2294.00	2560.00	2670.00	2892.50	3250.00	4804.50	7043.00		
295501090190400	0617	20040617	20140617	10	1972.40	2111.25	70.00	7210.00			96.30	240.95	402.60	594.00	779.70	960.65	1098.00	1219.00	1235.00	1266.50	1558.00	1926.00	2498.00	2950.00	3258.00	4714.00	6826.00		
295501090190400	0618	20050618	20140618	10	2258.40	1988.99	387.00	6940.00			427.20	648.30	820.80	908.25	999.60	1094.20	1168.00	1234.00	1510.00	1798.50	2002.00	2345.00	3060.00	3532.50	3714.00	4886.00	6624.00		
295501090190400	0619	20050619	20140619	9	2288.00	2064.81	856.00	6930.00			856.00	866.00	876.00	953.00	1030.00	1040.00	1050.00	1095.00	1140.00	1325.00	1510.00	2490.00	3470.00	3600.00	3730.00	5330.00	6930.00		
295501090190400	0620	20050620	20140620	9	2297.22	2100.33	386.00	6890.00			386.00	617.00	848.00	890.50	933.00	955.50	978.00	1009.00	1040.00	1755.00	2470.00	2970.00	3470.00	3565.00	3660.00	5275.00	6890.00		
295501090190400	0621	20040621	20140621	10	2107.60	2268.40	151.00	7470.00			165.30	243.95	309.40	351.75	577.70	956.65	1076.00	1098.00	1105.00	1174.50	1884.00	2563.50	3163.00	3525.00	3602.00	4974.00	7086.00		
295501090190400	0622	20040622	20140622	8	2524.38	2358.89	125.00	7240.00				217.75	337.00	565.00	880.00	1099.00	1126.00	1246.50	2115.00	2983.50	3264.00	3471.00	3552.00	3570.00	4312.00	5959.00			
295501090190400	0623	20040623	20140623	8	2728.75	2596.95	120.00	7920.00				225.00	360.00	605.00	938.00	1164.50	1178.00	1291.00	2200.00	3109.00	3334.00	3473.50	3751.00	4097.50	5016.00	6649.50			
295501090190400	0624	20040624	20140624	8	2798.62	2576.14	116.00	7440.00				233.95	385.60	629.75	947.90	1166.00	1184.00	1300.00	2200.00	3100.00	3324.00	3463.50	4050.00	4860.00	5736.00	6694.50			
295501090190400	0625	20040625	20140625	8	3213.88	2412.45	61.00	7440.00				445.65	940.20	1172.50	1195.00	1513.00	2422.00	3241.50	3345.00	3448.50	3632.00	3825.50	4301.00	4917.50	5696.00	6677.00			
295501090190400	0626	20040626	20140626	8	3019.12	2035.27	33.00	5600.00				427.45	934.60	1175.00	1202.00	1520.00	2420.00	3228.50	3305.00	3381.50	3750.00	4155.00	4575.00	5002.50	5312.00	5474.00			
295501090190400	0627	20030627	20140627	9	2243.56	1809.43	125.00	5260.00			125.00	251.00	377.00	783.50	1190.00	1205.00	1220.00	1240.00	1260.00	2220.00	3180.00	3280.00	3380.00	3790.00	4200.00	4730.00	5260.00		
295501090190400	0628	20030628	20140628	9	2184.78	1830.20	86.00	5250.00			86.00	206.50	327.00	668.50	1010.00	1060.00	1110.00	1185.00	1260.00	2200.00	3140.00	3215.00	3290.00	3740.00	4190.00	4720.00	5250.00		
295501090190400	0629	20030629	20140629	9	2401.33	2218.81	29.00	6190.00			29.00	232.50	436.00	616.50	797.00	943.50	1090.00	1150.00	1210.00	2240.00	3270.00	3295.00	3320.00	4295.00	5270.00	5730.00	6190.00		
295501090190400	0630	20040630	20140630	8	2770.75	2610.03	72.00	7490.00				202.20	369.60	590.50	854.20	1048.00	1102.00	1251.50	2165.00	3078.50	3312.00	3460.50	4044.00	4845.00	5730.00	6720.00			
295501090190400	0701	20040701	20140701	7	3063.71	2773.09	72.00	7570.00				122.40	223.20	324.00	650.40	976.80	1544.00	2352.00	3160.00	3448.00	3736.00	4164.00	4732.00	5300.00	6208.00	7116.00			
295501090190400	0702	20040702	20140702	6	2694.67	2853.65	113.00	7610.00				122.10	185.80	249.50	376.50	661.75	947.00	1417.50	2135.00	2852.50	3304.00	3556.00	3808.00	4812.50	6118.00	7423.50			
295501090190400	0703	20040703	20140703	6	2643.67	2856.72	14.00	7560.00				26.70	115.60	204.50	350.20	637.90	925.60	1387.00	2080.00	2773.00	3228.00	3504.50	3781.00	4785.00	6080.00	7375.00			
295501090190400	0704	20040704	20140704	6	2238.83	2064.20	57.00	5110.00				69.45	156.60	243.75	383.40	654.30	925.20	1372.50	2055.00	2737.50	3194.00	3481.00	3768.00	4165.00	4606.00	5047.00			
295501090190400	0705	20040705	20140705	6	1675.50	1630.92	117.00	4290.00				126.45	192.60	258.75	390.40	685.80	981.20	1160.50	1185.00	1209.50	1570.00	2182.50	2795.00	3300.00	3762.00	4224.00			
295501090190400	0706	20040706	20140706	6	2294.50	2258.03	75.00	6070.00				86.85	169.80	252.75	401.80	716.10	1030.40	1459.00	2040.00	2621.00	2942.00	3068.00	3194.00	3940.00	4934.00	5928.00			
295501090190400	0707	20070707	20140707	5	3446.60	2929.36	333.00	7460.00					532.40	831.50	1130.60	1474.00	1906.00	2338.00	2770.00	3541.00	4312.00	5083.00	5764.00	6400.00	7036.00				
295501090190400	0708	20040708	20140708	6	2341.50	2189.56	93.00	5570.00				105.15	190.20	275.25	428.40	751.80	1075.20	1470.00	1960.00	2450.00	2954.00	3468.50	3983.00	4490.00	4994.00	5498.00			
295501090190400	0709	20040709	20140709	6	2012.83	1971.58	163.00	5540.00				170.55	223.40	276.25	420.60	793.70	1166.80	1495.50	1765.00	2034.50	2226.00	2359.00	2492.00	3282.50	4336.00	5389.50			
295501090190400	0710	20040710	20140710	7	2451.29	2183.32	73.00	5560.00				123.60	224.80	326.00	775.60	1225.20	1590.00	1870.00	2150.00	2242.00	2334.00	2948.00	4084.00	5220.00	5356.00	5492.00			
295501090190400	0711	20040711	20140711	7	2415.86	2164.46	95.00	5510.00				137.20	221.60	306.00	775.60	1245.20	1616.00	1888.00	2160.00	2164.00	2168.00	2774.00	3982.00	5190.00	5318.00	5446.00			
295501090190400	0712	20040712	20140712	7	2335.29	2183.58	44.00	5500.00				95.80	199.40	303.00	785.80	1268.60	1580.00	1720.00	1860.00	1892.00	1924.00	2590.00	3890.00	5190.00	5314.00	5438.00			
295501090190400	0713	20070713	20140713	6	2587.00	2160.11	392.00	5450.00				431.40	707.20	983.00	1216.00	1342.00	1468.00	1579.00	1670.00	1761.00	2472.00	3648.00	4824.00	5232.50	5334.00	5435.50			
295501090190400	0714	20040714	20140714	8	2298.12	2549.30	43.00	7100.00				146.95	280.60	495.50	775.40	1006.70	1140.80	1274.50	1405.00	1535.50	1614.00	1686.00	2823.00	4492.50	5756.00	6512.00			
295501090190400	0715	20040715	20140715	8	2777.62	2912.03	213.00	8380.00				238.55	271.40	410.00	633.20	897.20	1242.80	1552.00	1570.00	1588.00	2582.00	3698.00	4454.00	5030.00	5956.00	7319.50			
295501090190400	0716	20040716	20140716	8	2741.00	2649.72	68.00	6540.00				147.80	250.40	443.00	707.60	970.40	1229.60	1470.50	1565.00	1659.50	3126.00	4764.00	5427.00	5602.50	5868.00	6246.00			
295501090190400	0717	20050717	20140717	7	2897.00	2354.89	281.00	6440.00				420.40	699.20	978.00	1194.80	1411.60	1562.00	1646.00	1730.00	2670.00	3610.00	4314.00	4782.00	5250.00	5726.00	6202.00			
295501090190400	0718	20040718	20140718	8	2522.75	2376.41	17.00	6380.00				110.80	231.40	466.25	792.50	1080.50	1292.00	1494.50	1625.00	1755.50	2686.00	3716.50	4396.00	4900.00	5420.00	5960.00			
295501090190400	0719	20070719	20140719	6	3855.50	3045.12	353.00	7230.00				408.35	795.80	1183.25	1491.00	1599.50	1708.00	2278.50	3465.00	4651.50	5560.00	6260.00	6960.00	7177.50	7202.00	7226.50			
295501090190400	0720	20040720	20140720	7	3302.14	3373.47	54.00	8070.00				113.40	232.20	351.00	798.60	1246.20	1516.00	1608.00	1700.00	2488.00	3276.00	4496.00	6148.00	7800.00	7908.00	8016.00			
295501090190400	0721	20040721	20140721	7	3261.00	3878.26	174.00	9870.00				201.80	257.40	313.00	779.80	1246.60	1502.00	1546.00	1590.00	1626.00	1662.00	2888.00	5304.00	7720.00	8580.00	9440.00			
295501090190400	0722	20040722	20140722	7	1675.43	1995.17	23.00	5980.00				90.20	224.60	359.00	529.80	700.60	908.80	1154.40	1400.00	1448.00	1496.00	1548.00	1604.00	1660.00	3388.00	5116.00			
295501090190400	0723	20050723	20140723	5	1115.00	559.27	328.00	1640.00					409.80	532.50	655.20	800.30	990.20	1180.10	1370.00	1409.00	1448.00	1487.00	1528.00	1570.00	1612.00				
295501090190400	0724	20050724	20140724	7	1252.14	1053.68	168.00	3270.00				204.80	278.40	352.00	441.20	530.40	740.00	1070.00	1400.00	1432.00	1464.00	1488.00	1504.00	1520.00	2220.00	2920.00			
295501090190400	0725	20050725	20140725	7	1380.43	1062.76	348.00	3520.00				387.00	465.00	543.00	630.60	718.20	897.60	1168.80	1440.00	1456.00	1472.00	1498.00	1534.00	1570.00	2350.00	3130.00			
295501090190400	0726	20040726	20140726	9	1380.22	1115.65	110.00	3360.00			110.00	233.50	357.00	500.50	644.00	667.50	691.00	1050.50	1410.00	1420.00	1430.00	1470.00	1510.00	2210.00	2910.00	3135.00	3360.00		
295501090190400	0727	20080727	20140727	6	2296.33	2592.14	273.00	7170.00				290.60	413.80	537.00	673.50	843.25	1013.00	1156.50	1265.00	1373.50	1772.00	2388.00	3004.00	4177.50	5574.00	6970.50			
295501090190400	0728	20040728	20140728	6	2195.00	2956.78	139.00	7820.00				144.15	180.20	216.25	268.70	362.15	455.60	651.65	984.50	1317.35	1768.00	2307.00	2846.00	4205.00	5892.00	7579.00			
295501090190400	0729	20040729	20140729	6	2441.33	3260.04	78.00	8480.00				88.75	164.00	239.25	315.40	393.80	472.20	661.45	998.50	1335.55	1944.00	2756.00	3568.00	4970.00	6608.00	8246.00			
295501090190400	0730	20070730	20140730	6	3518.67	3377.76	267.00	8620.00				284.90	410.20	535.50	707.50	996.25	1285.00	1811.50	2655.00	3498.50	4346.00	5196.50	6047.00	6872.50	7688.00	8503.50			
295501090190400	0731	20040731	20140731	7	3313.29	3638.55	48.00	8590.00				64.60	97.80	131.00	264.20	397.40	663.20	1061.60	1460.00	2976.00	4492.00	5650.00	6450.00	7250.00	7786.00	8322.00			
295501090190400	0801	20040801	20140801	8	2930.62	3437.18	35.00	8650.00				104.65	194.20	291.25	394.30	476.50	517.00	599.85	1021.50	1443.15	2946.00	4584.00	5658.00	6450.00	7242.00	8034.00			
295501090190400	0802	20070802	20140802	7	3355.29	3448.46	247.00	9040.00				281.00	349.00	417.00	615.40	813.80	1032.40	1271.20	1510.00	2966.00	4422.00	5362.00	5786.00	6210.00	7342.00	8474.00			
295501090190400	0803	20070803	20120803	6	3633.83	3330.18	479.00	9180.00				498.75	637.00	775.25	945.60	1196.20	1446.80	2058.00	3150.00	4242.00	4762.00	4853.00	4944.00	6022.50	7496.00	8969.50			
295501090190400	0804	20070804	20120804	5	3342.00	3584.24	448.00	9100.00					552.80	710.00	867.20	1040.80	1247.20	1453.60	1660.00	2521.00	3382.00	4243.00	5444.00	6815.00	8186.00				
295501090190400	0805	20070805	20120805	6	2601.50	3426.19	8.00	9040.00				27.45	163.60	299.75	428.70	539.65	650.60	863.40	1212.00	1560.60	2116.00	2826.50	3537.00	5065.00	6920.00	8775.00			
295501090190400	0806	20040806	20140806	8	2100.75	2946.43	70.00	8950.00				101.85	142.80	237.50	375.20	503.15	611.60	755.10	1179.00	1602.90	1670.00	1692.50	2120.00	2750.00	4270.00	6902.50			
295501090190400	0807	20070807	20140807	7	2470.00	2960.78	163.00	8810.00				259.60	452.80	646.00	664.00	682.00	900.80	1320.40	1740.00	2064.00	2388.00	2578.00	2634.00	2690.00	5138.00	7586.00			
295501090190400	0808	20070808	20140808	7	2430.86	2870.61	155.00	8580.00				248.60	435.80	623.00	685.00	747.00	982.40	1391.20	1800.00	2048.00	2296.00	2468.00	2564.00	2660.00	5028.00	7396.00			
295501090190400	0809	20040809	20140809	8	2224.30	2810.56	9.40	8660.00				75.06	159.48	274.75	414.70	595.30	857.20	1129.50	1485.00	1840.50	2192.00	2543.00	2699.00	2757.50	3964.00	6605.50			
295501090190400	0810	20070810	20140810	7	2661.57	3094.79	158.00	9300.00				237.00	395.00	553.00	811.80	1070.60	1354.00	1662.00	1970.00	2202.00	2434.00	2620.00	2760.00	2900.00	5460.00	8020.00			
295501090190400	0811	20040811	20140811	8	1613.75	1286.66	32.00	3050.00				64.90	107.20	222.50	396.20	615.20	924.80	1260.50	1805.00	2349.50	2518.00	2639.50	2746.00	2845.00	2930.00	2997.50			
295501090190400	0812	20040812	20140812	8	1992.66	1928.47	0.25	5430.00				44.26	100.85	223.25	398.30	614.75	914.00	1221.50	1595.00	1968.50	2390.00	2817.50	3188.00	3530.00	4062.00	4831.50			
295501090190400	0813	20040813	20140813	8	2392.12	2918.64	45.00	8830.00				81.40	128.20	245.00	417.80	633.05	933.20	1221.50	1415.00	1608.50	2186.00	2811.50	3233.00	3552.50	4750.00	7045.00			
295501090190400	0814	20030814	20140814	9	2134.22	2665.55	65.00	8300.00			65.00	87.50	110.00	115.00	120.00	541.50	963.00	1061.50	1160.00	1345.00	1530.00	2405.00	3280.00	3480.00	3680.00	5990.00	8300.00		
295501090190400	0815	20030815	20140815	8	2330.12	2633.94	36.00	8010.00				58.05	86.40	320.75	719.90	1015.10	1102.40	1200.00	1380.00	1560.00	2176.00	2846.50	3253.00	3527.50	4546.00	6494.50			
295501090190400	0816	20030816	20140816	8	2114.88	2440.34	98.00	7630.00				114.45	135.60	345.25	705.70	990.10	1122.40	1251.50	1355.00	1458.50	1870.00	2320.00	2605.00	2807.50	3862.00	5981.50			
295501090190400	0817	20030817	20140817	8	2023.00	2396.49	109.00	7550.00				215.75	353.00	557.50	815.80	988.75	991.00	1004.35	1106.50	1208.65	1572.00	1968.00	2313.00	2632.50	3758.00	5891.00			
295501090190400	0818	20030818	20140818	8	2167.38	2489.49	109.00	7480.00				236.40	400.20	496.50	538.80	633.45	832.80	1020.00	1110.00	1200.00	1754.00	2366.00	2975.00	3582.50	4632.00	6234.00			
295501090190400	0819	20030819	20140819	7	2295.86	2775.67	89.00	7790.00				164.00	314.00	464.00	661.60	859.20	1016.40	1133.20	1250.00	1254.00	1258.00	1860.00	3060.00	4260.00	5672.00	7084.00			
295501090190400	0820	20030820	20140820	7	2357.86	2756.65	70.00	7770.00				165.00	355.00	545.00	775.00	1005.00	1136.00	1168.00	1200.00	1292.00	1384.00	2018.00	3194.00	4370.00	5730.00	7090.00			
295501090190400	0821	20030821	20140821	7	2220.43	2512.66	84.00	7130.00				147.00	273.00	399.00	687.40	975.80	1124.00	1132.00	1140.00	1348.00	1556.00	2130.00	3070.00	4010.00	5258.00	6506.00			
295501090190400	0822	20030822	20140822	8	2059.75	2112.21	76.00	6550.00				165.60	280.80	544.00	925.60	1207.00	1288.00	1373.00	1490.00	1607.00	1652.00	1688.00	2288.00	3170.00	4238.00	5538.50			
295501090190400	0823	20030823	20140823	8	2268.12	2221.28	78.00	7060.00				196.65	349.20	610.25	958.10	1223.00	1322.00	1444.50	1755.00	2065.50	2236.00	2389.00	2743.00	3197.50	4172.00	5796.50			
295501090190400	0824	20030824	20140824	8	2260.88	2248.92	103.00	7120.00				215.35	359.80	618.00	967.20	1246.50	1386.00	1524.00	1650.00	1776.00	2002.00	2240.50	2710.00	3295.00	4320.00	5895.00			
295501090190400	0825	20030825	20140825	8	2315.00	2452.57	55.00	7700.00				181.00	343.00	593.75	915.50	1154.00	1226.00	1323.50	1625.00	1926.50	2100.00	2257.50	2715.00	3322.50	4468.00	6286.00			
295501090190400	0826	20030826	20140826	9	2155.33	2382.77	108.00	7730.00			108.00	317.50	527.00	645.00	763.00	881.50	1000.00	1065.00	1130.00	1535.00	1940.00	2110.00	2280.00	3100.00	3920.00	5825.00	7730.00		
295501090190400	0827	20030827	20140827	9	2059.22	2566.23	47.00	8040.00			47.00	170.50	294.00	342.50	391.00	546.00	701.00	895.50	1090.00	1400.00	1710.00	1950.00	2190.00	3130.00	4070.00	6055.00	8040.00		
295501090190400	0828	20040828	20140828	7	2479.00	2858.48	73.00	8180.00				125.40	230.20	335.00	587.00	839.00	1074.00	1292.00	1510.00	1762.00	2014.00	2542.00	3346.00	4150.00	5762.00	7374.00			
295501090190400	0829	20040829	20140829	7	2508.71	2889.61	84.00	8210.00				116.00	180.00	244.00	383.60	523.20	842.40	1341.20	1840.00	2108.00	2376.00	2824.00	3452.00	4080.00	5732.00	7384.00			
295501090190400	0830	20040830	20140830	7	2492.86	3049.53	27.00	8540.00				37.80	59.40	81.00	217.40	353.80	687.60	1218.80	1750.00	2074.00	2398.00	2862.00	3466.00	4070.00	5858.00	7646.00			
295501090190400	0831	20070831	20140831	6	2859.00	3139.55	57.00	8780.00				90.00	321.00	552.00	816.30	1163.85	1511.40	1824.00	2090.00	2356.00	2660.00	2992.50	3325.00	4760.00	6636.00	8512.00			
295501090190400	0901	20040901	20140901	6	2544.17	3479.99	29.00	8930.00				31.30	47.40	63.50	132.60	334.20	535.80	769.35	1045.50	1321.65	1980.00	2925.00	3870.00	5337.50	7014.00	8690.50			
295501090190400	0902	20040902	20140902	6	2657.50	3303.27	72.00	8690.00				98.90	287.20	475.50	642.30	755.35	868.40	997.05	1146.50	1295.95	1944.00	2966.00	3988.00	5382.50	6926.00	8469.50			
295501090190400	0903	20040903	20140903	5	2314.60	3228.06	93.00	8030.00					290.40	586.50	882.60	1086.00	1104.00	1122.00	1140.00	1167.00	1194.00	1221.00	2590.00	4630.00	6670.00				
295501090190400	0904	20040904	20140904	5	2274.40	2982.08	88.00	7520.00					267.20	536.00	804.80	1009.60	1086.40	1163.20	1240.00	1330.00	1420.00	1510.00	2736.00	4530.00	6324.00				
295501090190400	0905	20040905	20140905	5	2322.60	2810.56	94.00	7160.00					245.00	471.50	698.00	894.10	1029.40	1164.70	1300.00	1573.00	1846.00	2119.00	3200.00	4685.00	6170.00				
295501090190400	0906	20040906	20140906	5	2292.40	2660.63	84.00	6790.00					226.80	441.00	655.20	850.20	1006.80	1163.40	1320.00	1665.00	2010.00	2355.00	3334.00	4630.00	5926.00				
295501090190400	0907	20040907	20140907	5	2276.80	2412.31	64.00	6160.00					235.20	492.00	748.80	956.00	1064.00	1172.00	1280.00	1784.00	2288.00	2792.00	3600.00	4560.00	5520.00				
295501090190400	0908	20040908	20140908	5	2273.60	2145.70	128.00	5470.00					336.40	649.00	961.60	1174.00	1186.00	1198.00	1210.00	1864.00	2518.00	3172.00	3806.00	4430.00	5054.00				
295501090190400	0909	20040909	20140909	5	2164.20	1994.97	91.00	5030.00					300.80	615.50	930.20	1146.00	1164.00	1182.00	1200.00	1848.00	2496.00	3144.00	3694.00	4195.00	4696.00				
295501090190400	0910	20040910	20140910	5	1941.20	1648.48	106.00	3720.00					300.80	593.00	885.20	1086.00	1104.00	1122.00	1140.00	1896.00	2652.00	3408.00	3672.00	3690.00	3708.00				
295501090190400	0911	20040911	20140911	6	1864.00	1432.78	94.00	3940.00				141.30	472.40	803.50	1061.00	1134.50	1208.00	1314.50	1465.00	1615.50	1980.00	2505.00	3030.00	3370.00	3636.00	3902.00			
295501090190400	0912	20040912	20140912	6	1978.17	1604.75	79.00	4610.00				131.55	499.40	867.25	1152.00	1229.00	1306.00	1396.50	1505.00	1613.50	1936.00	2419.00	2902.00	3432.50	3982.00	4531.50			
295501090190400	0913	20040913	20140913	7	1572.00	1500.42	115.00	4430.00				203.40	380.20	557.00	691.00	825.00	927.60	998.80	1070.00	1126.00	1182.00	1514.00	2122.00	2730.00	3410.00	4090.00			
295501090190400	0914	20040914	20140914	8	1342.58	1457.38	7.60	4390.00				50.09	104.72	291.75	584.70	791.85	827.40	859.30	862.00	864.70	975.00	1098.75	1569.00	2212.50	2934.00	3753.00			
295501090190400	0915	20040915	20140915	7	1175.60	1301.69	5.20	3560.00				27.36	71.68	116.00	318.00	520.00	648.20	702.60	757.00	782.20	807.40	1126.00	1738.00	2350.00	2834.00	3318.00			
295501090190400	0916	20070916	20140916	6	1390.00	1251.20	100.00	3570.00				127.75	322.00	516.25	677.00	754.00	831.00	901.25	962.50	1023.75	1258.00	1622.00	1986.00	2460.00	2978.00	3496.00			
295501090190400	0917	20070917	20140917	6	1387.67	1184.02	75.00	3370.00				102.00	291.00	480.00	646.10	754.95	863.80	971.60	1078.00	1184.40	1406.00	1714.00	2022.00	2425.00	2866.00	3307.00			
295501090190400	0918	20070918	20140918	6	1406.67	1202.41	84.00	3370.00				109.60	288.80	468.00	637.40	782.30	927.20	1026.50	1065.00	1103.50	1348.00	1747.00	2146.00	2537.50	2926.00	3314.50			
295501090190400	0919	20070919	20140919	6	1305.33	1156.71	92.00	3430.00				113.90	267.20	420.50	578.00	746.00	914.00	1061.00	1180.00	1299.00	1364.00	1388.50	1413.00	1922.50	2626.00	3329.50			
295501090190400	0920	20040920	20140920	6	1011.83	1238.13	131.00	3460.00				136.90	178.20	219.50	279.00	384.00	489.00	571.35	623.50	675.65	755.20	855.30	955.40	1603.00	2469.60	3336.20			
295501090190400	0921	20040921	20140921	6	1175.50	1286.45	133.00	3720.00				150.50	273.00	395.50	516.80	635.10	753.40	832.70	860.00	887.30	918.60	952.90	987.20	1677.75	2630.80	3583.85			
295501090190400	0922	20040922	20140922	6	1293.50	1478.41	165.00	4230.00				179.80	283.40	387.00	501.10	641.45	781.80	878.65	917.50	956.35	992.40	1026.35	1060.30	1860.00	2966.00	4072.00			
295501090190400	0923	20040923	20140923	6	1229.83	1659.27	221.00	4570.00				226.80	267.40	308.00	353.90	413.05	472.20	548.00	646.00	744.00	820.60	881.15	941.70	1861.75	3125.60	4389.45			
295501090190400	0924	20040924	20140924	6	1319.67	1738.92	232.00	4830.00				246.30	346.40	446.50	519.00	522.50	526.00	582.30	709.00	835.70	896.00	906.50	917.00	1897.50	3266.00	4634.50			
295501090190400	0925	20040925	20140925	7	1380.43	1665.86	191.00	5040.00				241.40	342.20	443.00	562.20	681.40	758.20	792.60	827.00	856.60	886.20	1024.80	1272.40	1520.00	2928.00	4336.00			
295501090190400	0926	20040926	20140926	7	1344.86	1633.60	238.00	4980.00				279.00	361.00	443.00	569.40	695.80	775.00	807.00	839.00	897.40	955.80	1022.00	1096.00	1170.00	2694.00	4218.00			
295501090190400	0927	20040927	20140927	8	1167.12	1578.60	163.00	4980.00				200.80	249.40	321.50	412.40	477.05	489.20	517.30	673.00	828.70	873.20	903.80	996.80	1121.00	1948.00	3653.50			
295501090190400	0928	20040928	20140928	8	1333.62	1695.58	38.00	5210.00				91.55	160.40	241.50	332.40	402.45	430.80	480.75	703.50	926.25	1214.60	1511.15	1673.00	1767.50	2498.00	4023.50			
295501090190400	0929	20040929	20140929	10	1333.90	1556.89	132.00	5360.00			148.80	241.20	332.40	421.50	471.00	487.50	538.40	602.20	731.50	874.75	1092.00	1316.00	1558.00	1815.00	2090.00	3299.50	5043.00		
295501090190400	0930	20040930	20140930	9	1407.89	1655.91	247.00	5540.00			247.00	264.00	281.00	392.50	504.00	609.00	714.00	739.50	765.00	907.50	1050.00	1295.00	1540.00	1785.00	2030.00	3785.00	5540.00		
295501090190400	1001	20031001	20141001	11	1251.15	1583.42	2.60	5580.00			47.08	180.52	229.40	236.00	273.20	328.40	419.60	538.40	671.00	982.40	1234.00	1366.00	1518.00	1680.00	1884.00	2732.00	4868.00		
295501090190400	1002	20041002	20141002	9	1401.89	1707.16	219.00	5740.00			219.00	275.00	331.00	389.50	448.00	513.00	578.00	769.50	961.00	1040.50	1120.00	1355.00	1590.00	1610.00	1630.00	3685.00	5740.00		
295501090190400	1003	20041003	20141003	10	1192.10	1649.19	65.00	5670.00			69.90	96.85	148.40	243.00	330.40	411.80	473.20	527.10	766.00	1002.50	1030.00	1081.50	1197.00	1322.50	1460.00	2966.00	5254.00		
295501090190400	1004	20041004	20141004	9	1440.33	1740.93	126.00	5910.00			126.00	314.50	503.00	555.00	607.00	628.00	649.00	788.50	928.00	1109.00	1290.00	1300.00	1310.00	1475.00	1640.00	3775.00	5910.00		
295501090190400	1005	20031005	20141005	9	1437.12	1846.22	8.10	6030.00			8.10	46.05	84.00	309.00	534.00	590.00	646.00	649.00	652.00	1036.00	1420.00	1570.00	1720.00	1780.00	1840.00	3935.00	6030.00		
295501090190400	1006	20041006	20141006	8	1741.00	1961.86	504.00	6330.00				522.20	545.60	558.25	562.30	575.20	605.80	666.85	971.50	1276.15	1578.00	1879.50	2001.00	2032.50	2906.00	4832.00			
295501090190400	1007	20031007	20141007	11	1371.36	1408.40	54.00	5260.00			139.40	395.60	573.40	712.00	747.40	777.60	797.40	847.60	913.00	989.20	1080.00	1200.00	1392.00	1620.00	1962.00	2804.00	4646.00		
295501090190400	1008	20061008	20141008	9	1621.78	2206.45	508.00	7300.00			508.00	516.50	525.00	535.50	546.00	586.00	626.00	697.50	769.00	825.50	882.00	981.00	1080.00	1720.00	2360.00	4830.00	7300.00		
295501090190400	1009	20031009	20141009	10	1530.40	2448.75	60.00	8220.00			95.50	290.75	435.40	491.50	531.10	556.95	566.80	570.65	588.50	617.00	738.00	837.85	881.30	1333.75	2277.00	4580.00	7660.00		
295501090190400	1010	20061010	20141010	9	1583.89	2409.05	268.00	7830.00			268.00	360.50	453.00	499.50	546.00	571.50	597.00	646.50	696.00	756.00	816.00	822.50	829.00	1524.50	2220.00	5025.00	7830.00		
295501090190400	1011	20031011	20141011	9	1493.33	2420.00	84.00	7840.00			84.00	285.50	487.00	495.00	503.00	530.00	557.00	627.50	698.00	733.50	769.00	775.50	782.00	1251.00	1720.00	4780.00	7840.00		
295501090190400	1012	20031012	20141012	9	1130.89	1532.63	41.00	5070.00			41.00	243.00	445.00	483.00	521.00	530.00	539.00	554.50	570.00	575.00	580.00	711.00	842.00	1206.00	1570.00	3320.00	5070.00		
295501090190400	1013	20061013	20141013	8	1115.75	1061.94	352.00	3520.00				385.60	428.80	458.75	478.10	505.10	547.40	589.25	627.50	665.75	938.00	1239.50	1394.00	1475.00	1920.00	2820.00			
295501090190400	1014	20061014	20141014	8	1035.62	696.24	450.00	2500.00				477.65	513.20	532.75	539.50	565.45	629.80	693.90	756.00	818.10	1015.00	1228.75	1345.00	1412.50	1660.00	2132.50			
295501090190400	1015	20031015	20141015	10	772.40	554.19	14.00	1640.00			40.20	184.30	293.40	341.25	363.90	365.55	452.00	570.25	637.50	710.30	889.60	1069.50	1251.00	1367.50	1406.00	1497.00	1618.00		
295501090190400	1016	20031016	20141016	10	875.50	515.00	34.00	1450.00			65.60	239.40	379.80	461.75	520.30	559.35	610.80	666.90	856.00	1055.00	1220.00	1343.00	1354.00	1380.00	1424.00	1443.50	1449.00		
295501090190400	1017	20031017	20141017	10	880.20	615.63	6.00	1810.00			41.70	238.05	365.40	372.00	378.90	386.05	440.80	513.40	825.00	1141.50	1268.00	1366.00	1388.00	1412.50	1440.00	1576.00	1774.00		
295501090190400	1018	20031018	20141018	10	1106.50	909.23	43.00	2840.00			71.20	226.30	344.00	396.25	420.60	421.70	475.20	548.35	862.50	1186.00	1362.00	1530.50	1679.00	1830.00	1984.00	2320.00	2760.00		
295501090190400	1019	20031019	20141019	10	1025.50	834.36	20.00	2520.00			33.60	108.40	205.60	342.00	426.80	468.60	482.00	484.75	877.50	1276.50	1348.00	1443.50	1603.00	1725.00	1802.00	2071.50	2451.00		
295501090190400	1020	20061020	20141020	9	1075.11	734.37	137.00	2490.00			137.00	282.50	428.00	445.00	462.00	550.50	639.00	909.50	1180.00	1265.00	1350.00	1390.00	1430.00	1495.00	1560.00	2025.00	2490.00		
295501090190400	1021	20061021	20141021	9	1308.78	1230.91	225.00	4280.00			225.00	332.50	440.00	488.00	536.00	604.00	672.00	819.00	966.00	1183.00	1400.00	1455.00	1510.00	1630.00	1750.00	3015.00	4280.00		
295501090190400	1022	20041022	20141022	10	1176.80	1031.16	472.00	3940.00			477.90	510.35	536.60	552.00	589.30	644.85	668.40	679.95	833.00	994.25	1096.00	1197.00	1296.00	1367.50	1406.00	2302.00	3688.00		
295501090190400	1023	20031023	20141023	10	1099.90	1001.33	72.00	3780.00			107.90	305.35	490.40	653.75	729.20	731.40	818.80	938.15	958.00	968.65	986.80	1019.50	1091.00	1150.00	1194.00	2109.50	3523.00		
295501090190400	1024	20031024	20141024	9	1033.22	1066.21	11.00	3730.00			11.00	261.50	512.00	575.50	639.00	661.00	683.00	695.00	707.00	727.00	747.00	893.50	1040.00	1135.00	1230.00	2480.00	3730.00		
295501090190400	1025	20031025	20141025	9	974.33	1093.52	11.00	3750.00			11.00	173.50	336.00	426.00	516.00	530.00	544.00	591.00	638.00	772.00	906.00	942.00	978.00	1034.00	1090.00	2420.00	3750.00		
295501090190400	1026	20031026	20141026	9	1208.44	1616.61	36.00	5420.00			36.00	206.00	376.00	472.00	568.00	596.00	624.00	669.50	715.00	816.00	917.00	993.50	1070.00	1110.00	1150.00	3285.00	5420.00		
295501090190400	1027	20041027	20141027	9	1680.33	1912.33	415.00	6660.00			415.00	508.50	602.00	639.00	676.00	948.00	1220.00	1240.00	1260.00	1270.00	1280.00	1295.00	1310.00	1505.00	1700.00	4180.00	6660.00		
295501090190400	1028	20041028	20141028	9	1583.67	1890.48	317.00	6530.00			317.00	438.00	559.00	638.00	717.00	908.50	1100.00	1105.00	1110.00	1145.00	1180.00	1245.00	1310.00	1370.00	1430.00	3980.00	6530.00		
295501090190400	1029	20031029	20141029	10	1215.90	1301.64	23.00	4580.00			46.70	177.05	290.80	375.50	475.50	588.25	644.60	679.80	901.50	1127.00	1204.00	1303.50	1463.00	1575.00	1630.00	2675.50	4287.00		
295501090190400	1030	20031030	20131030	9	1698.22	2031.44	29.00	6530.00			29.00	129.50	230.00	452.50	675.00	746.00	817.00	840.00	863.00	1136.50	1410.00	1495.00	1580.00	2365.00	3150.00	4840.00	6530.00		
295501090190400	1031	20031031	20131031	10	1847.80	1939.39	56.00	6360.00			69.60	144.40	307.60	625.50	824.00	923.00	1098.00	1301.50	1330.00	1342.00	1364.00	1485.00	1870.00	2567.50	3640.00	4845.50	6127.00		
295501090190400	1101	20031101	20131101	10	1864.70	1960.96	50.00	6430.00			72.10	193.65	373.40	655.00	801.30	834.85	858.00	877.25	1219.50	1567.00	1644.00	1764.50	2001.00	2597.50	3626.00	4850.50	6187.00		
295501090190400	1102	20031102	20131102	10	1964.90	1905.91	15.00	6550.00			59.60	304.90	529.40	717.50	838.10	902.45	1108.00	1366.50	1560.00	1734.50	1784.00	1905.50	2219.00	2685.00	3334.00	4613.00	6252.00		
295501090190400	1103	20041103	20131103	9	2055.56	1455.19	439.00	4770.00			439.00	600.00	761.00	965.50	1170.00	1220.00	1270.00	1500.00	1730.00	1950.00	2170.00	2185.00	2200.00	3095.00	3990.00	4380.00	4770.00		
295501090190400	1104	20041104	20131104	9	2190.11	1887.07	371.00	6400.00			371.00	430.50	490.00	895.00	1300.00	1355.00	1410.00	1470.00	1530.00	1705.00	1880.00	2220.00	2560.00	3165.00	3770.00	5085.00	6400.00		
295501090190400	1105	20041105	20131105	9	2144.78	1659.37	507.00	5670.00			507.00	531.50	556.00	968.00	1380.00	1400.00	1420.00	1540.00	1660.00	1875.00	2090.00	2110.00	2130.00	3010.00	3890.00	4780.00	5670.00		
295501090190400	1106	20041106	20131106	9	1987.11	1610.13	502.00	5250.00			502.00	503.00	504.00	661.00	818.00	1189.00	1560.00	1570.00	1580.00	1595.00	1610.00	1865.00	2120.00	3030.00	3940.00	4595.00	5250.00		
295501090190400	1107	20031107	20131107	10	1580.50	1547.46	51.00	5300.00			80.70	244.05	381.40	473.25	588.80	724.10	880.60	1045.05	1230.00	1406.50	1478.00	1602.00	1866.00	2215.00	2666.00	3694.50	5053.00		
295501090190400	1108	20031108	20131108	10	1417.40	1172.31	37.00	3580.00			75.80	289.20	440.40	482.75	529.90	581.05	711.00	870.50	1132.50	1392.00	1524.00	1707.00	2026.00	2387.50	2800.00	3170.50	3517.00		
295501090190400	1109	20031109	20131109	9	1163.00	1071.66	23.00	3380.00			23.00	153.50	284.00	437.00	590.00	626.50	663.00	665.00	667.00	878.50	1090.00	1285.00	1480.00	1885.00	2290.00	2835.00	3380.00		
295501090190400	1110	20041110	20131110	9	1273.00	1019.11	397.00	3470.00			397.00	444.00	491.00	537.00	583.00	592.00	601.00	793.00	985.00	1042.50	1100.00	1335.00	1570.00	1915.00	2260.00	2865.00	3470.00		
295501090190400	1111	20031111	20131111	10	1202.41	944.77	7.10	3320.00			52.09	299.54	473.40	518.50	619.40	766.80	823.00	845.00	922.00	1019.65	1268.80	1486.00	1618.00	1745.00	1866.00	2403.50	3179.00		
295501090190400	1112	20031112	20131112	10	1262.10	926.49	50.00	3320.00			79.40	241.10	374.80	459.50	636.30	889.85	1071.40	1225.95	1255.00	1279.00	1378.00	1492.00	1646.00	1737.50	1754.00	2306.00	3164.00		
295501090190400	1113	20031113	20131113	10	1393.20	1008.89	37.00	3470.00			72.50	267.75	414.20	475.25	679.10	1001.95	1174.00	1289.50	1360.00	1421.50	1438.00	1543.00	1884.00	2102.50	2174.00	2644.50	3343.00		
295501090190400	1114	20041114	20131114	9	1598.11	1030.53	348.00	3610.00			348.00	388.50	429.00	677.50	926.00	1183.00	1440.00	1460.00	1480.00	1600.00	1720.00	1790.00	1860.00	2215.00	2570.00	3090.00	3610.00		
295501090190400	1115	20031115	20131115	10	1421.10	1147.44	15.00	3640.00			45.10	210.65	341.20	410.50	519.70	662.15	803.40	944.20	1223.50	1515.50	1796.00	2022.50	2105.00	2237.50	2430.00	2899.00	3526.00		
295501090190400	1116	20031116	20131116	9	1576.56	1058.89	24.00	2920.00			24.00	266.00	508.00	610.50	713.00	743.50	774.00	1487.00	2200.00	2210.00	2220.00	2275.00	2330.00	2415.00	2500.00	2710.00	2920.00		
295501090190400	1117	20041117	20131117	8	1783.25	1063.48	597.00	3220.00				599.80	603.40	632.25	681.30	888.90	1413.60	1889.00	1970.00	2051.00	2072.00	2085.50	2393.00	2847.50	3124.00	3178.00			
295501090190400	1118	20031118	20131118	9	1447.36	1086.50	9.20	3320.00			9.20	285.10	561.00	615.50	670.00	718.00	766.00	1118.00	1470.00	1495.00	1520.00	1725.00	1930.00	2355.00	2780.00	3050.00	3320.00		
295501090190400	1119	20041119	20131119	9	1474.44	1035.25	368.00	3290.00			368.00	384.50	401.00	474.00	547.00	620.50	694.00	1212.00	1730.00	1760.00	1790.00	1875.00	1960.00	2225.00	2490.00	2890.00	3290.00		
295501090190400	1120	20041120	20131120	8	1437.88	1003.67	396.00	3250.00				411.75	432.00	452.25	472.50	599.10	938.40	1259.50	1435.00	1610.50	1770.00	1927.50	2010.00	2055.00	2314.00	2840.50			
295501090190400	1121	20031121	20131121	10	1251.60	976.43	17.00	3190.00			40.10	167.15	299.00	439.25	507.50	515.75	722.80	1004.40	1245.00	1474.00	1628.00	1755.00	1810.00	1872.50	1944.00	2397.00	3068.00		
295501090190400	1122	20031122	20131122	9	1405.11	1045.29	3.00	3180.00			3.00	226.50	450.00	461.50	473.00	736.50	1000.00	1140.00	1280.00	1525.00	1770.00	1885.00	2000.00	2245.00	2490.00	2835.00	3180.00		
295501090190400	1123	20041123	20131123	8	1554.00	936.48	576.00	3320.00				601.55	634.40	693.50	773.60	902.45	1128.80	1345.00	1480.00	1615.00	1682.00	1740.50	1934.00	2195.00	2536.00	2977.00			
295501090190400	1124	20041124	20131124	8	1847.12	1045.31	476.00	3350.00				512.75	560.00	768.25	1105.30	1373.50	1504.00	1638.50	1805.00	1971.50	2210.00	2457.50	2645.00	2802.50	2982.00	3189.00			
295501090190400	1125	20031125	20131125	9	1769.89	1412.31	11.00	3460.00			11.00	116.00	221.00	408.00	595.00	638.50	682.00	1416.00	2150.00	2175.00	2200.00	2740.00	3280.00	3305.00	3330.00	3395.00	3460.00		
295501090190400	1126	20041126	20131126	9	2105.22	1789.20	93.00	5120.00			93.00	175.50	258.00	481.50	705.00	783.00	861.00	1365.50	1870.00	2305.00	2740.00	2995.00	3250.00	3650.00	4050.00	4585.00	5120.00		
295501090190400	1127	20031127	20131127	10	2039.90	2059.38	18.00	6040.00			28.60	86.90	141.20	188.50	372.90	671.55	801.40	867.95	1562.00	2253.50	2292.00	2453.50	2943.00	3557.50	4322.00	5104.00	5896.00		
295501090190400	1128	20041128	20131128	9	2459.67	2271.15	171.00	6670.00			171.00	240.50	310.00	418.50	527.00	763.00	999.00	1549.50	2100.00	2605.00	3110.00	3155.00	3200.00	4125.00	5050.00	5860.00	6670.00		
295501090190400	1129	20041129	20131129	9	2621.44	2329.50	75.00	7090.00			75.00	285.00	495.00	524.00	553.00	876.50	1200.00	1975.00	2750.00	2980.00	3210.00	3250.00	3290.00	4110.00	4930.00	6010.00	7090.00		
295501090190400	1130	20031130	20131130	10	2932.10	2413.91	98.00	7510.00			128.50	296.25	408.40	423.25	736.00	1297.00	1902.00	2523.50	2885.00	3230.00	3670.00	4093.50	4473.00	4757.50	4928.00	5872.00	7258.00		
295501090190400	1201	20031201	20131201	10	3122.50	3282.42	319.00	9970.00			325.20	359.30	416.00	512.25	580.90	626.55	1067.40	1656.45	2025.00	2421.50	3318.00	3973.00	3984.00	4830.00	6678.00	8267.00	9708.00		
295501090190400	1202	20031202	20131202	10	2780.20	2851.82	194.00	7710.00			213.30	319.45	389.60	396.75	439.30	511.35	966.60	1565.55	1700.00	1882.50	3010.00	3857.00	3956.00	4842.50	6674.00	7469.50	7673.00		
295501090190400	1203	20031203	20131203	10	2464.90	2443.64	90.00	7670.00			122.70	302.55	427.00	454.50	499.40	558.80	913.00	1377.75	1665.00	1991.00	2882.00	3611.00	3908.00	4177.50	4414.00	5609.50	7353.00		
295501090190400	1204	20031204	20131204	10	2117.10	2453.81	18.00	7830.00			23.30	52.45	153.80	381.50	503.30	536.85	604.00	683.75	1085.50	1539.50	2194.00	2784.00	3202.00	3560.00	3846.00	5308.00	7442.00		
295501090190400	1205	20021205	20131205	11	2131.09	2433.19	85.00	8290.00			134.80	284.20	424.40	560.00	587.60	658.20	814.80	924.20	1010.00	1280.00	1764.00	2676.00	3024.00	3090.00	3732.00	4986.00	7464.00		
295501090190400	1206	20021206	20131206	11	2351.55	2388.25	226.00	8480.00			274.40	419.60	559.20	696.00	744.60	901.60	1275.40	1444.00	1510.00	1822.00	2170.00	2590.00	2998.00	3400.00	3850.00	5016.00	7614.00		
295501090190400	1207	20021207	20131207	11	2210.55	2359.23	325.00	8350.00			340.40	386.60	448.40	518.00	525.80	706.80	1234.20	1426.00	1450.00	1768.00	1994.00	2036.00	2658.00	3570.00	3666.00	4654.00	7426.00		
295501090190400	1208	20021208	20131208	11	2061.00	1515.16	400.00	4690.00			407.40	429.60	487.80	564.00	849.60	1088.00	1232.00	1368.00	1500.00	2178.00	2632.00	2638.00	2988.00	3510.00	3792.00	4122.00	4548.00		
295501090190400	1209	20021209	20131209	11	2121.09	1414.88	491.00	4730.00			491.80	494.20	583.40	716.00	1084.40	1340.00	1370.00	1520.00	1730.00	2150.00	2586.00	3054.00	3270.00	3360.00	3420.00	3714.00	4476.00		
295501090190400	1210	20021210	20131210	11	2108.91	1600.76	335.00	5240.00			356.20	419.80	449.40	462.00	916.80	1236.00	1284.00	1340.00	1400.00	2126.00	2758.00	3202.00	3362.00	3380.00	3428.00	3816.00	4884.00		
295501090190400	1211	20021211	20131211	11	2181.09	1841.73	398.00	6030.00			403.80	421.20	460.60	511.00	700.00	874.80	1021.20	1170.00	1320.00	2262.00	2908.00	2962.00	3228.00	3600.00	3804.00	4358.00	5612.00		
295501090190400	1212	20021212	20131212	11	1972.18	1730.82	347.00	6220.00			372.20	447.80	522.60	597.00	687.00	863.60	1213.40	1334.00	1340.00	1712.00	2088.00	2472.00	2668.00	2770.00	3094.00	3892.00	5638.00		
295501090190400	1213	20021213	20131213	11	1886.91	1598.10	262.00	4510.00			276.80	321.20	340.40	347.00	473.60	645.00	906.00	1135.80	1350.00	1908.00	2374.00	2656.00	2838.00	2970.00	3828.00	4422.00	4488.00		
295501090190400	1214	20021214	20131214	10	1962.20	1608.13	186.00	4330.00			192.30	226.95	259.20	287.25	368.10	492.95	848.20	1289.85	1970.00	2641.00	2982.00	3245.00	3300.00	3380.00	3490.00	3810.00	4250.00		
295501090190400	1215	20021215	20131215	10	1777.50	1498.58	372.00	4350.00			375.60	395.40	409.20	412.50	448.50	511.75	622.20	750.35	1236.00	1760.00	2310.00	2776.00	3018.00	3205.00	3326.00	3713.00	4252.00		
295501090190400	1216	20021216	20131216	9	1745.00	1634.45	50.00	4300.00			50.00	221.50	393.00	416.50	440.00	507.50	575.00	591.00	607.00	1728.50	2850.00	2965.00	3080.00	3245.00	3410.00	3855.00	4300.00		
295501090190400	1217	20021217	20131217	9	2006.00	1514.79	279.00	4020.00			279.00	391.00	503.00	527.50	552.00	631.00	710.00	1465.00	2220.00	2530.00	2840.00	2970.00	3100.00	3465.00	3830.00	3925.00	4020.00		
295501090190400	1218	20021218	20131218	9	2024.33	1555.66	389.00	4780.00			389.00	441.00	493.00	575.50	658.00	758.50	859.00	1394.50	1930.00	2310.00	2690.00	2770.00	2850.00	3210.00	3570.00	4175.00	4780.00		
295501090190400	1219	20021219	20131219	9	1904.67	1376.09	437.00	4370.00			437.00	451.50	466.00	630.00	794.00	819.50	845.00	1352.50	1860.00	2215.00	2570.00	2645.00	2720.00	2900.00	3080.00	3725.00	4370.00		
295501090190400	1220	20031220	20131220	9	1946.94	1303.65	4.50	3470.00			4.50	277.75	551.00	714.00	877.00	1043.50	1210.00	1790.00	2370.00	2565.00	2760.00	2800.00	2840.00	3140.00	3440.00	3455.00	3470.00		
295501090190400	1221	20031221	20131221	9	2033.89	1389.37	40.00	3590.00			40.00	284.50	529.00	637.50	746.00	1078.00	1410.00	1895.00	2380.00	2500.00	2620.00	3055.00	3490.00	3495.00	3500.00	3545.00	3590.00		
295501090190400	1222	20031222	20131222	10	2065.60	1486.88	45.00	4480.00			96.60	380.40	616.80	770.25	870.00	925.00	1232.00	1633.50	2065.00	2465.50	2526.00	2706.50	3207.00	3512.50	3584.00	3914.50	4393.00		
295501090190400	1223	20031223	20131223	10	1981.50	1307.84	17.00	3840.00			60.10	297.15	580.40	944.50	1167.00	1271.50	1464.00	1689.50	1960.00	2214.00	2258.00	2461.00	3088.00	3437.50	3454.00	3593.00	3802.00		
295501090190400	1224	20031224	20131224	10	2090.00	1336.79	35.00	4260.00			87.00	373.00	700.00	1098.75	1286.00	1297.00	1524.00	1832.00	2080.00	2317.50	2510.00	2734.00	3042.00	3270.00	3402.00	3733.50	4179.00		
295501090190400	1225	20041225	20131225	8	2257.38	1228.08	509.00	4260.00				729.85	1013.80	1230.00	1392.00	1585.50	1842.00	2092.50	2295.00	2497.50	2552.00	2588.00	2858.00	3245.00	3620.00	3980.00			
295501090190400	1226	20031226	20131226	9	1780.33	1241.17	27.00	3650.00			27.00	241.50	456.00	793.00	1130.00	1195.00	1260.00	1475.00	1690.00	1890.00	2090.00	2145.00	2200.00	2860.00	3520.00	3585.00	3650.00		
295501090190400	1227	20041227	20131227	8	1988.12	1061.67	475.00	3510.00				746.25	1095.00	1270.00	1306.00	1348.00	1402.00	1489.00	1840.00	2191.00	2262.00	2298.00	2622.00	3090.00	3382.00	3454.00			
295501090190400	1228	20031228	20131228	9	1833.68	1234.34	4.10	3550.00			4.10	261.55	519.00	899.50	1280.00	1305.00	1330.00	1425.00	1520.00	1945.00	2370.00	2380.00	2390.00	2965.00	3540.00	3545.00	3550.00		
295501090190400	1229	20041229	20131229	9	2034.11	1046.97	537.00	3570.00			537.00	903.50	1270.00	1340.00	1410.00	1440.00	1470.00	1535.00	1600.00	1950.00	2300.00	2450.00	2600.00	3075.00	3550.00	3560.00	3570.00		
295501090190400	1230	20031230	20131230	10	2102.10	1255.53	58.00	3750.00			99.50	327.75	632.40	1070.75	1345.00	1482.50	1824.00	2242.00	2315.00	2360.50	2476.00	2662.00	3036.00	3310.00	3464.00	3600.50	3727.00		
295501090190400	1231	20041231	20131231	8	2250.88	1104.18	487.00	3840.00				771.55	1137.40	1387.50	1545.00	1750.50	2052.00	2324.50	2365.00	2405.50	2450.00	2495.00	2804.00	3245.00	3560.00	3717.50			
